id_commande,id_client,id_produit,date_commande,quantite,prix_unitaire,statut,ville_livraison,mode_paiement,id_livreur,date_livraison
CMD38801,CL0124,P049,Feb 03 2024,2,4008.42,en_cours,kech,Carte,LIV3,
CMD24320,CL0758,P063,Apr 01 2023,3,4932.73,livré,TNG,Carte,,2023-04-04
CMD10967,CL0272,P013,2023-07-09,3,3524.48,livré,TNG,Carte,LIV8,2023-07-10
CMD36263,CL0378,P019,2023-09-01,4,2989.35,LIVRE,TANGER,Carte,LIV10,2023-09-03
CMD09203,CL0873,P066,2023-06-20,4,2567.97,annulé,Tnja,Carte,LIV9,
CMD08642,CL0642,P062,11/02/2023,3,3272.86,livré,kech,Carte,LIV9,2023-02-13
CMD09274,CL0562,P086,2023-08-19,2,1345.13,KO,RBA,Carte,LIV1,
CMD15727,CL0740,P061,09/10/2023,1,1033.85,OK,RBA,Carte,LIV4,
CMD10883,CL0845,P061,2023-10-23,5,932.91,livré,RBA,Carte,LIV6,2023-10-26
CMD42145,CL0909,P020,01/12/2023,4,2208.99,livré,marrakech,Carte,LIV6,2023-12-05
CMD03244,CL0858,P016,26/08/2023,4,94.82,LIVRE,CASABLANCA,Carte,LIV7,2023-08-30
CMD01722,CL0027,P023,Feb 23 2024,4,341.87,livre,CASABLANCA,Carte,LIV3,
CMD07677,CL0240,P087,30/03/2024,4,4838.33,livré,TNG,Carte,LIV2,2024-04-04
CMD12405,CL0239,P098,2023-05-11,3,1796.5,DONE,kech,Carte,LIV3,2023-05-16
CMD12912,CL0135,P067,03/01/2023,5,3540.27,en_cours,TANGER,Carte,LIV6,
CMD38275,CL0296,P004,2024-03-09,5,4302.66,OK,CASABLANCA,Carte,LIV7,
CMD26816,CL0818,P079,15/09/2023,3,2073.5,livre,tanger,Carte,LIV6,
CMD02295,CL0701,P063,13/04/2023,5,1795.1,en_cours,CASABLANCA,Carte,LIV2,
CMD24719,CL0595,P100,2023-01-07,5,2209.85,DONE,RBA,Carte,LIV6,2023-01-12
CMD21043,CL0432,P099,22/05/2023,2,77.26,retourné,kech,Carte,LIV5,2023-05-23
CMD15291,CL0620,P011,16/06/2023,3,2429.0,LIVRE,Agadir,Carte,LIV4,2023-06-19
CMD19746,CL0073,P014,16/01/2023,4,2745.26,KO,Tnja,Carte,LIV8,
CMD29264,CL0895,P034,30/08/2023,3,3175.54,OK,tanger,Carte,LIV1,
CMD33158,CL0821,P003,05/11/2023,-1,398.07,livré,kech,Carte,,2023-11-09
CMD01008,CL0726,P022,07/11/2023,5,377.67,KO,TNG,Carte,LIV5,
CMD42886,CL0927,P019,Aug 02 2023,3,3396.72,livré,RBA,Carte,LIV8,2023-08-03
CMD20603,CL0033,P095,19/07/2023,2,1850.35,retourné,kech,Carte,LIV10,2023-07-22
CMD36282,CL0070,P005,Nov 18 2023,5,2828.25,LIVRE,tanger,Carte,LIV8,2023-11-19
CMD25708,CL0368,P044,Sep 18 2023,4,1892.41,LIVRE,Tnja,Carte,LIV8,2023-09-22
CMD09660,CL0621,P011,Feb 03 2024,2,2848.39,LIVRE,marrakech,Carte,LIV7,2024-02-04
CMD27657,CL0340,P034,Feb 02 2024,1,4960.06,KO,marrakech,Carte,LIV10,
CMD35562,CL0625,P085,2023-12-23,3,980.77,OK,Tnja,Carte,LIV2,
CMD22609,CL0042,P060,Feb 28 2023,3,504.3,KO,CASABLANCA,Carte,LIV10,
CMD05096,CL0258,P083,2023-03-06,1,2838.74,en_cours,casa,Carte,LIV5,
CMD12981,CL0423,P089,Apr 06 2024,4,3525.32,retourné,CASABLANCA,Carte,LIV7,2024-04-09
CMD13238,CL0776,P029,14/11/2023,3,4722.22,livré,RBA,Carte,LIV10,2023-11-16
CMD10503,CL0289,P091,17/01/2023,3,393.42,livré,tanger,Carte,LIV10,2023-01-22
CMD13392,CL0029,P075,2023-04-20,2,4421.39,KO,TNG,Carte,LIV1,
CMD33098,CL0271,P013,Sep 21 2023,5,0,OK,Tnja,Carte,LIV7,
CMD23372,CL0533,P098,Sep 13 2023,1,3608.27,retourné,TANGER,Carte,LIV5,2023-09-15
CMD44874,CL0335,P098,23/04/2024,2,4051.69,OK,Agadir,Carte,LIV3,
CMD01426,CL0811,P098,Apr 25 2024,3,4125.98,livre,Tnja,Carte,LIV1,
CMD19883,CL0349,P050,24/12/2023,5,1196.33,OK,RBA,Carte,,
CMD46194,CL0078,P063,05/08/2023,4,4600.42,KO,TNG,Carte,LIV7,
CMD34960,CL0819,P080,Jun 12 2023,4,1291.97,livré,TANGER,Carte,LIV9,2023-06-17
CMD14213,CL0169,P066,2023-10-31,3,4850.43,livre,tanger,Carte,LIV10,
CMD39072,CL0356,P027,Apr 10 2023,3,3355.09,annulé,TANGER,Carte,LIV3,
CMD38680,CL0323,P027,17/01/2024,2,4214.62,LIVRE,RBA,Carte,LIV7,2024-01-22
CMD45917,CL0611,P025,06/01/2023,1,4560.3,livré,marrakech,Carte,LIV10,2023-01-10
CMD09994,CL0225,P043,Feb 15 2024,3,2642.28,en_cours,TANGER,Carte,LIV6,
CMD22858,CL0839,P053,Jan 08 2023,2,2308.47,livré,Tnja,Carte,LIV9,2023-01-10
CMD41420,CL0831,P093,2023-06-06,2,940.18,en_cours,Agadir,Carte,LIV5,
CMD33117,CL0089,P045,2023-09-06,3,2684.72,KO,TANGER,Carte,LIV4,
CMD41145,CL0774,P082,May 10 2023,3,2433.1,DONE,CASABLANCA,Carte,LIV9,2023-05-12
CMD15116,CL0083,P010,Sep 18 2023,5,212.48,livré,Tnja,Carte,LIV2,2023-09-19
CMD11856,CL0441,P016,26/03/2023,4,1728.63,en_cours,CASABLANCA,Carte,LIV3,
CMD14197,CL0807,P027,Jan 09 2023,3,935.89,livre,kech,Carte,,
CMD00428,CL0036,P039,Jan 08 2023,4,3881.48,retourné,kech,Carte,LIV1,2023-01-10
CMD39581,CL0326,P059,2023-03-10,2,2368.58,livré,RBA,Carte,LIV7,2023-03-14
CMD46890,CL0452,P047,2023-03-03,4,537.42,OK,Agadir,Carte,LIV7,
CMD46436,CL0577,P099,Mar 28 2023,2,1932.31,retourné,casa,Carte,LIV6,2023-04-02
CMD06644,CL0986,P024,09/03/2023,3,439.0,livré,kech,Carte,LIV7,2023-03-12
CMD10152,CL0770,P091,2024-04-26,3,1071.36,OK,Agadir,Carte,LIV1,
CMD13405,CL0092,P079,Oct 26 2023,3,354.61,DONE,marrakech,Carte,,2023-10-27
CMD31285,CL0827,P033,2023-09-07,4,1886.62,KO,RBA,Carte,LIV6,
CMD23945,CL0621,P077,06/11/2023,3,786.33,KO,Agadir,Carte,LIV3,
CMD38894,CL0694,P041,19/04/2023,5,2554.72,livré,Tnja,Carte,LIV8,2023-04-24
CMD28402,CL0628,P046,2023-05-29,2,3574.25,DONE,TANGER,Carte,LIV4,2023-06-02
CMD06192,CL0282,P095,04/03/2024,5,2343.3,livré,TNG,Carte,LIV3,2024-03-05
CMD16067,CL0319,P015,Mar 29 2024,1,3183.43,livré,TNG,Carte,LIV4,2024-04-02
CMD45805,CL0611,P077,2023-06-15,5,614.86,annulé,Agadir,Carte,LIV9,
CMD08459,CL0537,P076,Apr 28 2023,5,1698.11,LIVRE,tanger,Carte,LIV6,2023-05-01
CMD11346,CL0980,P065,Mar 22 2023,5,2800.0,KO,TANGER,Carte,LIV7,
CMD34191,CL0311,P069,Dec 19 2023,3,4379.29,KO,TANGER,Carte,LIV6,
CMD47203,CL0423,P080,Apr 10 2024,1,3534.61,OK,RBA,Carte,LIV7,
CMD15817,CL0511,P092,07/05/2023,1,904.04,retourné,Agadir,Carte,LIV8,2023-05-12
CMD27345,CL0651,P085,05/04/2024,2,4134.99,annulé,CASABLANCA,Carte,LIV8,
CMD19898,CL0870,P040,11/06/2023,3,4666.14,en_cours,kech,Carte,LIV1,
CMD01684,CL0016,P052,14/09/2023,2,2309.14,DONE,casa,Carte,LIV9,2023-09-16
CMD17664,CL0511,P061,17/11/2023,3,2175.23,OK,Agadir,Carte,LIV9,
CMD29936,CL0284,P025,18/10/2023,5,1947.46,livré,TANGER,Carte,LIV9,2023-10-22
CMD25548,CL0904,P063,05/03/2024,3,3690.38,DONE,casa,Carte,LIV6,2024-03-07
CMD21016,CL0165,P045,Oct 22 2023,2,1077.87,DONE,tanger,Carte,LIV9,2023-10-27
CMD31130,CL0918,P066,Jun 14 2023,5,3513.48,livré,RBA,Carte,LIV4,2023-06-15
CMD18308,CL0076,P062,19/08/2023,1,3618.4,annulé,Agadir,Carte,,
CMD00456,CL0646,P036,28/05/2023,5,818.91,DONE,marrakech,Carte,LIV2,2023-06-02
CMD34597,CL0791,P018,2024-04-29,5,3031.57,livré,marrakech,Carte,LIV6,2024-05-02
CMD24042,CL0272,P041,2024-04-26,5,1091.1,LIVRE,tanger,Carte,LIV2,2024-05-01
CMD23095,CL0998,P043,Sep 10 2023,5,1984.02,retourné,CASABLANCA,Carte,LIV6,2023-09-15
CMD11196,CL0695,P004,Oct 08 2023,5,4127.83,livré,kech,Carte,LIV4,2023-10-11
CMD37689,CL0048,P031,2023-02-13,3,0,livre,kech,Carte,,
CMD12979,CL0289,P063,2023-08-10,4,3860.75,annulé,RBA,Carte,LIV8,
CMD02051,CL0840,P015,Apr 28 2024,1,3959.82,OK,casa,Carte,LIV10,
CMD20874,CL0936,P047,2023-04-26,4,2220.2,annulé,Agadir,Carte,LIV2,
CMD16647,CL0935,P018,06/10/2023,1,3193.4,OK,Tnja,Carte,LIV3,
CMD19616,CL0648,P086,2024-02-11,2,2957.24,en_cours,marrakech,Carte,LIV6,
CMD21094,CL0508,P054,26/07/2023,4,257.4,DONE,casa,Carte,LIV2,2023-07-27
CMD43072,CL0509,P004,Dec 14 2023,2,429.66,LIVRE,TNG,Carte,LIV10,2023-12-19
CMD09004,CL0920,P038,Apr 15 2023,4,3157.23,livré,casa,Carte,LIV7,2023-04-16
CMD45969,CL0058,P064,04/02/2023,3,1282.16,KO,TNG,Carte,LIV1,
CMD02126,CL0706,P032,12/08/2023,4,4338.77,en_cours,Agadir,Carte,LIV2,
CMD36421,CL0404,P001,18/12/2023,4,4472.72,livré,Tnja,Carte,LIV6,2023-12-22
CMD04348,CL0279,P059,Jun 29 2023,1,3111.93,annulé,kech,Carte,LIV5,
CMD36741,CL0896,P058,Apr 02 2024,2,830.0,LIVRE,casa,Carte,LIV6,2024-04-03
CMD28237,CL0227,P009,22/01/2024,5,2300.7,livré,Agadir,Carte,LIV1,2024-01-27
CMD33721,CL0431,P092,Mar 07 2024,4,302.3,annulé,Agadir,Carte,LIV9,
CMD06529,CL0995,P097,24/11/2023,2,2760.35,LIVRE,CASABLANCA,Carte,LIV1,2023-11-25
CMD02480,CL0672,P100,2024-01-18,1,2706.23,retourné,RBA,Carte,LIV8,2024-01-21
CMD17358,CL0715,P090,Dec 01 2023,1,1697.92,livre,RBA,Carte,LIV5,
CMD45318,CL0122,P013,2023-02-17,5,3850.02,livre,tanger,Carte,,
CMD19851,CL0143,P085,25/12/2023,3,428.0,livré,CASABLANCA,Carte,LIV4,2023-12-26
CMD00854,CL0923,P021,2023-03-01,2,3609.49,retourné,TNG,Carte,LIV10,2023-03-02
CMD09340,CL0629,P042,May 10 2023,1,1358.84,LIVRE,casa,Carte,LIV6,2023-05-13
CMD12927,CL0039,P055,2023-08-08,5,4231.91,KO,casa,Carte,LIV7,
CMD16986,CL0980,P022,2023-11-30,1,4237.52,livré,kech,Carte,LIV6,2023-12-05
CMD31536,CL0950,P060,2023-10-08,3,3861.31,livré,Agadir,Carte,LIV2,2023-10-10
CMD03813,CL0998,P075,04/10/2023,1,2915.81,en_cours,tanger,Carte,LIV6,
CMD03116,CL0004,P085,Apr 05 2024,-1,1821.3,livre,Tnja,Carte,LIV3,
CMD47176,CL0552,P084,Apr 24 2024,5,217.36,DONE,Agadir,Carte,,2024-04-28
CMD11906,CL0404,P079,Jan 10 2024,1,3250.86,KO,RBA,Carte,,
CMD03771,CL0583,P068,2024-01-03,1,4609.81,en_cours,TNG,Carte,,
CMD11737,CL0070,P091,28/04/2024,5,3477.16,OK,casa,Carte,LIV1,
CMD17066,CL0723,P019,Mar 31 2023,3,4492.33,en_cours,RBA,Carte,,
CMD12740,CL0707,P018,2024-05-09,1,500.93,annulé,RBA,Carte,LIV7,
CMD06280,CL0678,P003,2024-02-24,2,203.29,en_cours,TNG,Carte,LIV6,
CMD36735,CL0411,P009,22/07/2023,4,2988.68,DONE,marrakech,Carte,,2023-07-23
CMD45173,CL0035,P038,28/12/2023,1,1441.95,livré,Tnja,Carte,LIV6,2023-12-30
CMD30687,CL0508,P027,05/05/2024,5,4381.08,LIVRE,CASABLANCA,Carte,LIV10,2024-05-08
CMD31632,CL0222,P022,2023-05-08,1,3666.13,retourné,casa,Carte,LIV2,2023-05-09
CMD09039,CL0132,P039,Mar 04 2024,-1,1029.98,en_cours,CASABLANCA,Carte,LIV5,
CMD00258,CL0749,P032,2023-07-15,5,271.53,DONE,CASABLANCA,Carte,LIV1,2023-07-16
CMD43206,CL0883,P043,Aug 08 2023,2,2816.62,LIVRE,kech,Carte,LIV3,2023-08-13
CMD47286,CL0739,P003,Apr 26 2024,1,4463.55,LIVRE,CASABLANCA,Carte,LIV4,2024-05-01
CMD21799,CL0490,P027,2023-10-12,3,3779.93,retourné,marrakech,Carte,LIV7,2023-10-14
CMD30166,CL0664,P078,Feb 28 2024,3,1039.71,DONE,marrakech,Carte,LIV8,2024-02-29
CMD05953,CL0119,P095,2024-03-02,2,3141.5,livré,TNG,Carte,LIV5,2024-03-04
CMD13400,CL0870,P003,Aug 05 2023,4,3980.3,livré,TNG,Carte,LIV8,2023-08-08
CMD43048,CL0123,P044,2023-08-11,1,1520.37,livre,CASABLANCA,Carte,LIV6,
CMD31778,CL0038,P068,Feb 13 2023,4,4154.9,OK,RBA,Carte,LIV6,
CMD41302,CL0733,P056,2024-03-28,3,1784.37,livré,TNG,Carte,LIV5,2024-03-30
CMD19216,CL0072,P048,07/07/2023,2,4913.76,en_cours,kech,Carte,LIV7,
CMD43424,CL0683,P023,19/04/2024,4,2703.43,KO,casa,Carte,LIV3,
CMD03400,CL0165,P060,2023-01-11,5,794.54,LIVRE,Tnja,Carte,,2023-01-16
CMD24856,CL0600,P062,2023-11-06,3,3250.75,livre,CASABLANCA,Carte,LIV7,
CMD43162,CL0934,P058,2023-03-06,5,0,KO,Tnja,Carte,LIV4,
CMD44717,CL0724,P078,05/07/2023,4,3448.69,livré,Tnja,Carte,LIV2,2023-07-06
CMD13708,CL0717,P051,2023-12-26,5,3329.46,OK,tanger,Carte,LIV7,
CMD40860,CL0683,P010,2023-05-20,5,3821.32,DONE,casa,Carte,LIV4,2023-05-23
CMD07897,CL0167,P063,2023-01-10,1,4974.78,livre,TANGER,Carte,LIV1,
CMD32605,CL0934,P016,11/04/2024,1,3779.28,livré,tanger,Carte,LIV8,2024-04-12
CMD45924,CL0167,P058,2024-03-20,5,3714.33,livré,kech,Carte,LIV8,2024-03-24
CMD34044,CL0560,P043,Apr 04 2024,2,121.63,retourné,tanger,Carte,LIV9,2024-04-05
CMD14859,CL0862,P013,2023-08-14,1,3049.93,livré,marrakech,Carte,LIV2,2023-08-16
CMD40191,CL0319,P057,19/04/2023,3,271.54,livré,casa,Carte,LIV7,2023-04-24
CMD34672,CL0256,P093,03/04/2023,3,3352.51,en_cours,marrakech,Carte,LIV5,
CMD16971,CL0439,P099,Jul 30 2023,2,2442.42,annulé,tanger,Carte,LIV2,
CMD03885,CL0824,P077,May 04 2023,1,1857.99,KO,TNG,Carte,LIV7,
CMD07155,CL0929,P090,Apr 10 2023,3,4997.85,annulé,Agadir,Carte,LIV7,
CMD43533,CL0363,P034,2023-03-15,5,3999.51,DONE,TANGER,Carte,LIV8,2023-03-16
CMD09033,CL0371,P047,14/02/2023,3,782.16,DONE,RBA,Carte,LIV1,2023-02-18
CMD43922,CL0043,P004,16/12/2023,4,3434.64,retourné,Tnja,Carte,LIV2,2023-12-18
CMD02186,CL0648,P098,27/11/2023,3,4403.72,livré,Tnja,Carte,LIV7,2023-11-28
CMD02913,CL0934,P020,Nov 10 2023,2,2688.84,KO,CASABLANCA,Carte,LIV1,
CMD00613,CL0663,P046,18/02/2023,1,2709.26,OK,marrakech,Carte,LIV2,
CMD14666,CL0274,P070,06/12/2023,4,1241.13,livré,tanger,Carte,LIV6,2023-12-09
CMD15087,CL0503,P009,Jul 02 2023,5,1705.18,annulé,TNG,Carte,LIV9,
CMD39142,CL0567,P067,2023-10-12,2,2752.86,KO,marrakech,Carte,LIV5,
CMD13500,CL0244,P080,18/11/2023,1,2861.73,livré,Agadir,Carte,LIV7,2023-11-22
CMD19889,CL0691,P072,2024-01-01,5,4570.82,DONE,CASABLANCA,Carte,LIV10,2024-01-06
CMD28211,CL0974,P067,Oct 01 2023,3,4016.51,livré,Agadir,Carte,LIV4,2023-10-05
CMD06784,CL0699,P033,2023-06-17,2,2349.31,livré,RBA,Carte,LIV3,2023-06-22
CMD32695,CL0531,P040,2023-09-20,3,2250.14,livré,Agadir,Carte,LIV1,2023-09-21
CMD12799,CL0898,P058,2024-04-21,3,1524.59,retourné,kech,Carte,LIV5,2024-04-22
CMD34358,CL0980,P055,Jan 09 2023,5,1834.45,retourné,TANGER,Carte,LIV2,2023-01-12
CMD32083,CL0114,P094,19/07/2023,4,1593.07,annulé,TNG,Carte,LIV2,
CMD05577,CL0618,P100,Jul 04 2023,3,1191.52,livré,TANGER,Carte,,2023-07-05
CMD26481,CL0798,P008,2023-08-27,5,589.91,annulé,kech,Carte,LIV9,
CMD16247,CL0229,P062,25/12/2023,2,1768.75,retourné,Tnja,Carte,LIV10,2023-12-26
CMD24604,CL0719,P018,05/07/2023,3,0,retourné,Agadir,Carte,LIV6,2023-07-10
CMD18650,CL0484,P096,Mar 02 2023,1,2179.25,livré,kech,Carte,LIV7,2023-03-07
CMD29399,CL0026,P032,2023-07-26,2,4853.19,retourné,Agadir,Carte,LIV8,2023-07-28
CMD13740,CL0262,P060,16/07/2023,5,3183.58,DONE,RBA,Carte,LIV9,2023-07-19
CMD31160,CL0297,P008,Mar 18 2023,5,1069.47,livre,tanger,Carte,LIV4,
CMD40823,CL0735,P005,Aug 22 2023,4,3423.9,DONE,kech,Carte,,2023-08-24
CMD18491,CL0554,P056,26/04/2024,2,285.77,livré,TNG,Carte,LIV6,2024-04-30
CMD16240,CL0417,P044,2023-08-13,4,1764.07,livré,casa,Carte,LIV1,2023-08-17
CMD29247,CL0159,P077,Mar 31 2024,1,3377.27,annulé,tanger,Carte,LIV8,
CMD12146,CL0355,P083,28/08/2023,3,3246.1,OK,tanger,Carte,LIV3,
CMD15793,CL0812,P036,2023-10-03,5,3842.72,annulé,TNG,Carte,LIV8,
CMD30160,CL0963,P002,Apr 06 2023,1,3941.01,annulé,TNG,Carte,LIV6,
CMD18896,CL0044,P046,13/12/2023,3,2051.46,DONE,kech,Carte,LIV1,2023-12-17
CMD02565,CL0340,P034,Mar 09 2024,3,4609.64,livré,Agadir,Carte,LIV10,2024-03-13
CMD29007,CL0718,P003,Mar 23 2023,5,604.71,livré,CASABLANCA,Carte,LIV7,2023-03-27
CMD29573,CL0305,P093,23/04/2023,5,4269.42,OK,RBA,Carte,LIV5,
CMD29408,CL0201,P032,2023-09-23,4,1908.83,livré,tanger,Carte,LIV8,2023-09-26
CMD09692,CL0214,P036,10/06/2023,5,1765.8,livré,kech,Carte,LIV9,2023-06-13
CMD38227,CL0116,P068,Oct 03 2023,1,303.63,retourné,RBA,Carte,LIV6,2023-10-07
CMD41345,CL0661,P099,24/02/2024,1,4992.46,LIVRE,marrakech,Carte,LIV1,2024-02-25
CMD38614,CL0638,P072,May 11 2024,4,2778.36,KO,Agadir,Carte,LIV6,
CMD45468,CL0197,P073,2023-06-29,5,4205.96,DONE,CASABLANCA,Carte,LIV1,2023-07-04
CMD37904,CL0546,P007,2023-07-29,1,3385.71,KO,marrakech,Carte,LIV8,
CMD20621,CL0465,P006,30/07/2023,4,2227.91,retourné,RBA,Carte,LIV6,2023-08-01
CMD25662,CL0741,P100,Jun 11 2023,5,3102.53,LIVRE,tanger,Carte,LIV9,2023-06-14
CMD08864,CL0764,P064,16/02/2024,4,3185.06,livré,CASABLANCA,Carte,LIV9,2024-02-19
CMD14585,CL0911,P052,2024-03-16,1,3001.41,annulé,Tnja,Carte,LIV6,
CMD08968,CL0965,P057,07/04/2023,5,4686.3,en_cours,tanger,Carte,LIV4,
CMD14796,CL0822,P054,Oct 26 2023,3,2172.46,en_cours,TNG,Carte,LIV3,
CMD00328,CL0184,P009,Nov 19 2023,1,803.37,livré,CASABLANCA,Carte,LIV6,2023-11-24
CMD43603,CL0087,P034,Jan 30 2023,4,3502.11,livré,RBA,Carte,LIV6,2023-02-03
CMD34309,CL0210,P025,10/08/2023,3,74.55,livré,RBA,Carte,LIV4,2023-08-11
CMD01437,CL0395,P080,13/05/2023,5,1067.34,annulé,kech,Carte,LIV9,
CMD15438,CL0156,P017,Apr 10 2024,3,1233.34,DONE,TANGER,Carte,LIV6,2024-04-15
CMD05657,CL0938,P040,30/11/2023,5,97.64,en_cours,Agadir,Carte,LIV6,
CMD15404,CL0267,P056,2023-05-13,2,2391.88,annulé,Agadir,Carte,LIV5,
CMD18529,CL0187,P040,2024-05-12,3,1201.58,livré,marrakech,Carte,LIV10,2024-05-14
CMD20278,CL0959,P016,07/01/2024,5,1643.57,annulé,Tnja,Carte,LIV3,
CMD35146,CL0666,P100,28/10/2023,2,4165.88,OK,tanger,Carte,LIV10,
CMD07657,CL0104,P077,09/02/2023,4,3951.58,livré,RBA,Carte,LIV2,2023-02-14
CMD32269,CL0197,P096,2023-10-27,5,4515.35,annulé,marrakech,Carte,LIV2,
CMD13893,CL0468,P028,28/02/2024,4,2006.73,DONE,TNG,Carte,LIV2,2024-03-02
CMD38441,CL0516,P070,19/07/2023,-1,1337.41,livré,TANGER,Carte,LIV2,2023-07-23
CMD12653,CL0828,P018,2023-10-26,2,0,KO,RBA,Carte,LIV9,
CMD18224,CL0513,P081,May 22 2023,3,4813.25,OK,Agadir,Carte,LIV4,
CMD17730,CL0543,P047,14/05/2024,4,122.34,livré,TANGER,Carte,LIV8,2024-05-18
CMD11305,CL0661,P006,10/05/2024,1,3901.68,LIVRE,TNG,Carte,LIV2,2024-05-12
CMD41970,CL0120,P035,19/03/2024,4,3506.85,DONE,CASABLANCA,Carte,LIV9,2024-03-22
CMD30679,CL0093,P055,16/04/2023,3,2426.75,livré,CASABLANCA,Carte,LIV8,2023-04-17
CMD20359,CL0722,P013,04/05/2024,4,1663.18,livré,TNG,Carte,,2024-05-09
CMD26981,CL0124,P097,2023-11-09,-1,2873.16,DONE,CASABLANCA,Carte,LIV8,2023-11-11
CMD02744,CL0412,P039,2024-05-12,1,2927.99,livré,TANGER,Carte,LIV8,2024-05-16
CMD00524,CL0995,P031,2023-09-23,4,4817.07,KO,casa,Carte,LIV9,
CMD10294,CL0263,P005,19/06/2023,5,4002.81,LIVRE,TANGER,Carte,LIV8,2023-06-22
CMD03913,CL0590,P024,04/04/2023,2,447.53,livré,kech,Carte,,2023-04-09
CMD12284,CL0718,P035,2023-05-07,4,2217.57,LIVRE,RBA,Carte,LIV1,2023-05-09
CMD12182,CL0851,P063,27/12/2023,5,4191.01,retourné,CASABLANCA,Carte,LIV8,2024-01-01
CMD10572,CL0823,P058,09/04/2023,3,3611.18,annulé,TANGER,Carte,LIV10,
CMD36545,CL0232,P099,23/03/2023,3,4859.46,en_cours,casa,Carte,LIV4,
CMD01205,CL0642,P093,Aug 05 2023,3,3758.71,livré,CASABLANCA,Carte,LIV7,2023-08-10
CMD33623,CL0456,P018,29/04/2024,2,1562.12,livré,marrakech,Carte,LIV5,2024-05-03
CMD04318,CL0018,P019,2024-03-26,4,2507.56,livré,TNG,Carte,LIV7,2024-03-31
CMD19267,CL0804,P053,Jun 07 2023,5,1036.56,retourné,Tnja,Carte,LIV4,2023-06-10
CMD00671,CL0800,P035,2024-04-29,5,208.59,DONE,TANGER,Carte,LIV8,2024-04-30
CMD22548,CL0690,P073,Mar 21 2024,3,4803.1,livré,Tnja,Carte,LIV5,2024-03-23
CMD06606,CL0215,P031,28/03/2023,5,1301.77,DONE,Tnja,Carte,LIV2,2023-03-31
CMD10722,CL0124,P077,2023-07-11,4,180.03,LIVRE,RBA,Carte,LIV4,2023-07-12
CMD29757,CL0270,P040,01/12/2023,4,3027.86,livre,casa,Carte,LIV8,
CMD43123,CL0705,P015,20/02/2024,3,3745.65,OK,TANGER,Carte,LIV9,
CMD19765,CL0233,P079,2024-01-04,2,2128.09,livré,RBA,Carte,,2024-01-05
CMD39963,CL0153,P100,18/03/2024,3,4621.03,livré,kech,Carte,,2024-03-23
CMD23113,CL0675,P024,Feb 26 2023,2,1138.71,KO,tanger,Carte,LIV10,
CMD38016,CL0592,P012,03/08/2023,3,2281.13,annulé,TNG,Carte,LIV3,
CMD39566,CL0719,P060,22/02/2024,5,2429.94,OK,CASABLANCA,Carte,LIV1,
CMD16749,CL0349,P080,06/03/2023,3,4491.97,livré,CASABLANCA,Carte,LIV5,2023-03-08
CMD38240,CL0130,P067,2023-10-29,4,2988.11,en_cours,tanger,Carte,LIV6,
CMD22484,CL0243,P028,27/06/2023,5,1789.77,OK,tanger,Carte,LIV1,
CMD35902,CL0087,P091,Jan 22 2024,5,1432.75,retourné,TANGER,Carte,LIV10,2024-01-26
CMD21659,CL0419,P058,2023-05-06,3,4891.45,livré,casa,Carte,LIV1,2023-05-08
CMD47490,CL0085,P079,Apr 27 2024,1,4622.67,livre,Agadir,Carte,LIV6,
CMD13695,CL0811,P015,2023-07-26,5,1270.57,OK,Tnja,Carte,LIV2,
CMD32272,CL0963,P008,Mar 22 2024,1,3010.22,DONE,kech,Carte,LIV3,2024-03-24
CMD22481,CL0716,P050,20/06/2023,2,415.99,LIVRE,tanger,Carte,LIV7,2023-06-22
CMD44014,CL0610,P066,Oct 11 2023,1,4822.86,KO,marrakech,Carte,LIV6,
CMD11400,CL0762,P056,Nov 02 2023,1,3080.69,OK,CASABLANCA,Carte,LIV2,
CMD40237,CL0715,P055,2023-07-27,4,2559.74,KO,tanger,Carte,LIV2,
CMD44291,CL0745,P089,29/02/2024,4,0,livre,kech,Carte,LIV10,
CMD44369,CL0465,P057,Mar 09 2023,2,2249.62,annulé,kech,Carte,LIV1,
CMD06871,CL0805,P006,2024-01-19,3,3111.23,KO,CASABLANCA,Carte,LIV2,
CMD32144,CL0568,P064,03/10/2023,4,3743.23,livré,CASABLANCA,Carte,LIV6,2023-10-04
CMD18040,CL0519,P019,Feb 11 2023,5,3504.93,livre,TNG,Carte,LIV8,
CMD11673,CL0325,P093,04/11/2023,2,1559.6,DONE,TANGER,Carte,LIV5,2023-11-09
CMD37193,CL0384,P014,2023-10-11,5,2684.97,retourné,RBA,Carte,LIV7,2023-10-12
CMD03191,CL0335,P041,2023-12-31,4,3064.74,DONE,RBA,Carte,LIV9,2024-01-02
CMD44599,CL0612,P008,2023-05-30,5,3292.58,LIVRE,marrakech,Carte,LIV7,2023-06-01
CMD34929,CL0658,P066,2023-11-26,5,1470.2,en_cours,casa,Carte,LIV8,
CMD46903,CL0082,P037,May 07 2023,2,2003.53,en_cours,tanger,Carte,LIV4,
CMD39469,CL0504,P030,Dec 20 2023,3,2083.38,annulé,marrakech,Carte,LIV5,
CMD41845,CL0716,P024,2023-11-08,1,4128.63,LIVRE,TNG,Carte,LIV8,2023-11-12
CMD15508,CL0923,P078,2023-07-12,1,2133.23,LIVRE,casa,Carte,LIV1,2023-07-17
CMD33792,CL0251,P091,2023-01-08,3,328.06,livré,Tnja,Carte,LIV5,2023-01-13
CMD01346,CL0433,P047,Aug 12 2023,4,3575.3,livré,TNG,Carte,LIV10,2023-08-15
CMD20337,CL0530,P009,2024-01-21,1,4396.91,retourné,TNG,Carte,LIV9,2024-01-25
CMD30911,CL0701,P070,2023-11-27,5,102.02,retourné,Agadir,Carte,,2023-11-30
CMD45740,CL0198,P016,Aug 31 2023,3,1226.24,retourné,Agadir,Carte,LIV9,2023-09-05
CMD45060,CL0287,P048,2024-04-26,5,3129.65,OK,RBA,Carte,LIV9,
CMD30743,CL0837,P075,2023-02-12,1,1109.66,retourné,RBA,Carte,LIV7,2023-02-17
CMD16883,CL0380,P062,2023-03-28,5,1970.48,livré,casa,Carte,LIV5,2023-03-29
CMD40165,CL0412,P056,2024-01-27,1,1527.33,livre,TANGER,Carte,,
CMD07115,CL0402,P062,2024-04-02,2,3529.41,livré,tanger,Carte,LIV8,2024-04-05
CMD33925,CL0010,P074,15/11/2023,4,1655.43,en_cours,casa,Carte,LIV3,
CMD43420,CL0433,P067,Nov 20 2023,4,1380.52,OK,casa,Carte,LIV9,
CMD13340,CL0698,P005,31/05/2023,3,944.31,livré,RBA,Carte,LIV9,2023-06-02
CMD46843,CL0794,P040,24/04/2024,1,1275.54,livré,casa,Carte,LIV8,2024-04-26
CMD08277,CL0797,P035,2023-09-10,1,4297.92,retourné,CASABLANCA,Carte,,2023-09-15
CMD05687,CL0576,P074,Mar 02 2024,4,4202.82,KO,kech,Carte,LIV9,
CMD43553,CL0170,P053,Dec 10 2023,1,2962.24,retourné,Agadir,Carte,LIV9,2023-12-12
CMD20124,CL0702,P038,2023-11-19,3,4093.04,KO,casa,Carte,LIV5,
CMD08504,CL0398,P085,May 02 2024,3,0,livré,kech,Carte,LIV1,2024-05-05
CMD40558,CL0609,P024,Nov 30 2023,-1,2309.06,LIVRE,kech,Carte,LIV5,2023-12-01
CMD41709,CL0259,P010,19/07/2023,4,3618.55,LIVRE,RBA,Carte,LIV5,2023-07-20
CMD06640,CL0965,P005,09/03/2024,3,3420.48,KO,TANGER,Carte,LIV4,
CMD16476,CL0108,P024,Jun 26 2023,4,3999.37,LIVRE,RBA,Carte,LIV5,2023-07-01
CMD42607,CL0127,P067,Mar 16 2023,5,767.16,LIVRE,RBA,Carte,LIV6,2023-03-18
CMD17522,CL0111,P018,27/07/2023,5,2568.31,LIVRE,Agadir,Carte,LIV9,2023-07-28
CMD27560,CL0460,P097,2024-03-08,5,240.25,LIVRE,TANGER,Carte,LIV8,2024-03-10
CMD43335,CL0955,P084,Apr 29 2024,1,4511.43,annulé,TANGER,Carte,LIV7,
CMD01270,CL0619,P045,Oct 04 2023,3,3592.1,livre,Agadir,Carte,LIV5,
CMD31959,CL0029,P057,Mar 10 2024,2,4346.45,livré,Agadir,Carte,LIV10,2024-03-11
CMD22741,CL0576,P022,2024-02-26,4,1417.09,livré,TANGER,Carte,,2024-03-02
CMD00248,CL0532,P080,2023-10-29,2,2323.03,retourné,casa,Carte,,2023-11-01
CMD18695,CL0269,P025,13/11/2023,1,2542.42,en_cours,TNG,Carte,LIV6,
CMD35072,CL0556,P093,Sep 30 2023,1,2041.43,livré,CASABLANCA,Carte,LIV2,2023-10-01
CMD30324,CL0511,P003,Feb 11 2024,5,1587.79,DONE,Tnja,Carte,LIV2,2024-02-12
CMD33341,CL0296,P076,2023-10-25,4,1387.57,livré,CASABLANCA,Carte,LIV5,2023-10-26
CMD41214,CL0245,P080,2023-04-10,5,3804.31,DONE,Agadir,Carte,LIV10,2023-04-11
CMD33715,CL0373,P062,2023-12-03,2,4297.2,DONE,kech,Carte,LIV3,2023-12-04
CMD23860,CL0506,P072,May 30 2023,2,584.86,OK,TANGER,Carte,LIV2,
CMD28579,CL0585,P068,30/11/2023,3,2401.76,KO,CASABLANCA,Carte,LIV10,
CMD18577,CL0783,P080,2024-01-02,1,0,retourné,RBA,Carte,LIV7,2024-01-03
CMD31252,CL0207,P032,2023-05-25,2,2187.2,livré,kech,Carte,LIV10,2023-05-30
CMD33935,CL0332,P015,16/03/2023,1,460.73,KO,RBA,Carte,LIV1,
CMD30340,CL0571,P023,2023-05-24,3,2301.59,DONE,Agadir,Carte,LIV6,2023-05-28
CMD47545,CL0332,P027,Aug 16 2023,1,2959.78,en_cours,marrakech,Carte,LIV10,
CMD00354,CL0591,P010,27/07/2023,-1,3461.01,LIVRE,casa,Carte,LIV8,2023-07-28
CMD34951,CL0896,P086,23/06/2023,1,2415.58,OK,TANGER,Carte,LIV9,
CMD36838,CL0098,P059,12/03/2024,-1,1852.41,livré,tanger,Carte,LIV1,2024-03-15
CMD31490,CL0853,P064,2024-01-16,5,4349.46,livre,kech,Carte,LIV9,
CMD16561,CL0300,P029,Nov 03 2023,4,3149.8,livré,CASABLANCA,Carte,LIV3,2023-11-08
CMD11695,CL0264,P079,Jun 04 2023,3,4712.62,livré,tanger,Carte,LIV2,2023-06-09
CMD32561,CL0672,P001,Nov 28 2023,5,397.67,livre,marrakech,Carte,LIV2,
CMD45046,CL0030,P026,08/02/2024,4,3828.92,livre,Tnja,Carte,LIV8,
CMD04889,CL0485,P017,Feb 02 2023,1,4139.27,livré,casa,Carte,LIV5,2023-02-03
CMD11267,CL0543,P092,2023-02-19,1,2255.99,OK,CASABLANCA,Carte,LIV8,
CMD47327,CL0781,P041,Aug 28 2023,5,1362.74,livré,CASABLANCA,Carte,LIV7,2023-08-31
CMD08673,CL0051,P091,02/07/2023,4,1231.89,retourné,TANGER,Carte,,2023-07-06
CMD44538,CL0562,P048,28/02/2023,1,4903.85,en_cours,TNG,Carte,LIV10,
CMD29876,CL0903,P056,Oct 01 2023,2,4792.89,livré,CASABLANCA,Carte,LIV10,2023-10-04
CMD22913,CL0770,P014,Mar 03 2023,1,3487.4,annulé,Agadir,Carte,LIV1,
CMD29123,CL0950,P100,2023-02-07,3,167.4,livré,marrakech,Carte,LIV9,2023-02-08
CMD35908,CL0161,P081,Jul 12 2023,1,4000.97,KO,Tnja,Carte,LIV4,
CMD38933,CL0518,P036,2023-08-13,5,2808.21,en_cours,Tnja,Carte,,
CMD32845,CL0427,P078,2023-10-24,3,4058.45,livré,Agadir,Carte,LIV9,2023-10-25
CMD45138,CL0101,P041,22/01/2024,2,1549.92,KO,RBA,Carte,LIV2,
CMD17363,CL0659,P093,2023-01-25,1,2052.58,LIVRE,marrakech,Carte,LIV10,2023-01-30
CMD45081,CL0041,P037,2023-02-20,5,4065.88,livré,casa,Carte,LIV4,2023-02-24
CMD07645,CL0372,P047,2023-12-19,4,3065.35,DONE,marrakech,Carte,LIV1,2023-12-22
CMD23776,CL0762,P090,2024-01-27,3,4789.66,KO,Agadir,Carte,LIV7,
CMD07925,CL0134,P053,May 12 2024,1,2398.07,annulé,tanger,Carte,LIV9,
CMD45637,CL0479,P076,15/03/2024,4,2791.81,DONE,kech,Carte,LIV10,2024-03-19
CMD19071,CL0854,P072,2023-07-02,1,4076.61,OK,CASABLANCA,Carte,LIV8,
CMD35542,CL0757,P061,2023-01-30,5,4265.59,livré,RBA,Carte,LIV2,2023-02-03
CMD04461,CL0890,P018,2023-03-07,5,3832.84,OK,tanger,Carte,LIV8,
CMD41316,CL0075,P042,2023-02-08,2,2974.65,retourné,Agadir,Carte,LIV1,2023-02-12
CMD05192,CL0030,P030,Sep 29 2023,3,2070.85,livré,TANGER,Carte,,2023-10-04
CMD14358,CL0579,P048,2023-10-08,1,978.09,retourné,Agadir,Carte,LIV2,2023-10-11
CMD24488,CL0684,P023,06/12/2023,5,399.75,annulé,marrakech,Carte,LIV7,
CMD04162,CL0603,P006,2023-01-16,4,3370.9,en_cours,CASABLANCA,Carte,LIV6,
CMD29422,CL0403,P083,25/12/2023,4,4205.64,OK,casa,Carte,LIV9,
CMD22248,CL0405,P058,2023-12-22,3,3757.86,livré,TNG,Carte,LIV4,2023-12-23
CMD18353,CL0683,P038,2024-03-20,3,3710.22,en_cours,CASABLANCA,Carte,LIV4,
CMD31599,CL0970,P070,2023-08-04,5,1378.88,en_cours,TANGER,Carte,LIV3,
CMD02691,CL0393,P047,2023-03-25,4,1902.73,annulé,tanger,Carte,LIV1,
CMD01483,CL0528,P085,2023-07-12,2,1753.22,livré,tanger,Carte,LIV10,2023-07-16
CMD20332,CL0472,P068,2024-04-16,1,4427.1,livré,RBA,Carte,LIV6,2024-04-21
CMD21147,CL0924,P004,Feb 05 2024,4,3699.93,KO,TANGER,Carte,LIV2,
CMD38911,CL0681,P073,Aug 25 2023,2,1457.34,annulé,Tnja,Carte,LIV6,
CMD09587,CL0376,P084,02/05/2024,4,4332.82,en_cours,kech,Carte,,
CMD34241,CL0234,P017,2023-11-17,1,1755.1,OK,RBA,Carte,LIV3,
CMD23097,CL0133,P019,Jan 23 2024,3,3312.73,en_cours,marrakech,Carte,LIV7,
CMD45407,CL0421,P096,12/01/2023,1,351.13,KO,marrakech,Carte,LIV3,
CMD44386,CL0962,P025,2023-09-07,4,4353.01,livré,Agadir,Carte,LIV10,2023-09-08
CMD43279,CL0907,P015,22/03/2023,2,972.48,DONE,casa,Carte,LIV9,2023-03-27
CMD44122,CL0390,P006,2023-09-16,1,2753.92,livré,tanger,Carte,LIV6,2023-09-17
CMD00857,CL0591,P033,2023-10-07,1,1777.72,en_cours,marrakech,Carte,LIV6,
CMD40386,CL0064,P100,2023-11-28,5,2664.99,OK,Tnja,Carte,LIV9,
CMD05955,CL0975,P016,2023-09-05,1,1500.32,retourné,tanger,Carte,LIV4,2023-09-09
CMD40776,CL0793,P024,05/01/2023,2,2225.23,en_cours,TNG,Carte,LIV5,
CMD03575,CL0076,P035,2024-04-09,1,1157.33,KO,RBA,Carte,LIV4,
CMD01808,CL0796,P005,2024-01-28,3,4978.0,livre,kech,Carte,LIV5,
CMD31828,CL0643,P039,2024-05-02,4,3514.55,livré,Agadir,Carte,LIV2,2024-05-07
CMD27440,CL0601,P020,25/01/2023,1,1424.96,en_cours,tanger,Carte,LIV3,
CMD35410,CL0495,P033,2023-02-18,5,3040.91,OK,CASABLANCA,Carte,LIV10,
CMD09600,CL0098,P040,Jan 22 2023,2,2217.1,OK,marrakech,Carte,LIV10,
CMD16820,CL0804,P063,21/07/2023,5,1522.55,KO,TANGER,Carte,LIV9,
CMD38266,CL0952,P002,2023-08-30,1,1413.1,KO,tanger,Carte,LIV2,
CMD17750,CL0343,P027,08/06/2023,2,2336.87,livré,Tnja,Carte,LIV9,2023-06-10
CMD08540,CL0704,P038,Jul 07 2023,1,2582.85,DONE,TANGER,Carte,LIV5,2023-07-10
CMD37383,CL0919,P044,24/07/2023,2,4314.79,en_cours,Agadir,Carte,LIV6,
CMD05311,CL0504,P011,2024-02-27,4,3886.3,livré,kech,Carte,LIV6,2024-03-02
CMD46985,CL0099,P090,08/02/2024,3,1927.57,livré,TANGER,Carte,LIV5,2024-02-12
CMD33478,CL0383,P065,Dec 15 2023,3,1584.25,en_cours,kech,Carte,LIV5,
CMD28835,CL0338,P068,02/07/2023,3,100.82,livre,Agadir,Carte,LIV1,
CMD35276,CL0278,P042,Mar 02 2024,4,1427.01,livré,tanger,Carte,LIV3,2024-03-06
CMD36204,CL0730,P064,Nov 17 2023,3,140.5,en_cours,tanger,Carte,LIV3,
CMD23526,CL0579,P050,2023-05-10,1,3346.77,en_cours,Agadir,Carte,LIV4,
CMD41817,CL0650,P020,2023-10-28,5,2179.47,DONE,Tnja,Carte,LIV5,2023-10-31
CMD27711,CL0898,P008,02/07/2023,3,1294.49,livré,Agadir,Carte,LIV4,2023-07-05
CMD42982,CL0867,P056,Jul 11 2023,5,971.25,retourné,Tnja,Carte,LIV7,2023-07-14
CMD48335,CL0399,P034,Apr 29 2023,4,2201.51,LIVRE,Tnja,Carte,LIV5,2023-05-01
CMD39296,CL0032,P007,2023-10-31,4,2563.45,livre,CASABLANCA,Carte,LIV1,
CMD10981,CL0224,P030,29/08/2023,1,4121.4,DONE,CASABLANCA,Carte,,2023-09-02
CMD40316,CL0056,P026,2023-02-11,5,4520.92,annulé,TANGER,Carte,LIV5,
CMD35599,CL0441,P009,27/02/2024,3,2201.6,KO,CASABLANCA,Carte,LIV4,
CMD27403,CL0965,P085,Apr 09 2023,5,2106.43,livré,kech,Carte,LIV8,2023-04-14
CMD28683,CL0222,P073,Oct 01 2023,4,4281.14,en_cours,kech,Carte,LIV8,
CMD28469,CL0963,P019,2023-03-03,4,277.98,livré,kech,Carte,LIV5,2023-03-04
CMD42307,CL0741,P043,23/04/2023,3,1843.72,livre,CASABLANCA,Carte,LIV2,
CMD27091,CL0801,P029,2023-12-27,4,4625.07,KO,tanger,Carte,,
CMD39752,CL0739,P074,07/12/2023,4,4647.54,DONE,marrakech,Carte,LIV6,2023-12-12
CMD14432,CL0923,P092,30/03/2024,1,4815.0,livré,Tnja,Carte,LIV9,2024-03-31
CMD11948,CL0397,P095,03/02/2023,5,241.21,OK,Agadir,Carte,LIV3,
CMD41480,CL0291,P066,07/09/2023,5,3539.92,DONE,marrakech,Carte,LIV8,2023-09-09
CMD13808,CL0903,P004,12/01/2023,1,1702.42,livré,CASABLANCA,Carte,LIV5,2023-01-17
CMD17813,CL0836,P022,01/01/2024,3,4176.46,livré,marrakech,Carte,LIV4,2024-01-03
CMD35822,CL0363,P083,2023-12-01,3,3526.82,annulé,TNG,Carte,LIV10,
CMD44564,CL0867,P076,Mar 09 2024,3,744.39,livré,Tnja,Carte,,2024-03-11
CMD23339,CL0118,P059,Jan 24 2023,5,1082.58,en_cours,marrakech,Carte,LIV9,
CMD33348,CL0699,P076,2024-04-30,3,3758.83,livré,kech,Carte,LIV2,2024-05-01
CMD08645,CL0840,P027,2023-09-19,3,543.32,LIVRE,tanger,Carte,LIV5,2023-09-24
CMD03059,CL0923,P091,May 04 2023,1,497.46,KO,kech,Carte,LIV4,
CMD42860,CL0642,P064,2024-01-26,4,2928.64,annulé,RBA,Carte,LIV5,
CMD36865,CL0299,P095,Feb 24 2024,5,3605.82,livré,kech,Carte,LIV3,2024-02-26
CMD08352,CL0739,P055,2023-10-20,5,3901.54,livré,Tnja,Carte,LIV1,2023-10-22
CMD25300,CL0092,P074,Apr 26 2024,4,2638.12,en_cours,CASABLANCA,Carte,LIV5,
CMD22661,CL0892,P070,Dec 16 2023,3,2741.17,en_cours,kech,Carte,LIV7,
CMD47422,CL0023,P011,Nov 27 2023,5,4135.29,livré,CASABLANCA,Carte,LIV7,2023-11-30
CMD44692,CL0218,P094,Nov 09 2023,2,3141.54,annulé,TNG,Carte,LIV10,
CMD32286,CL0445,P092,2023-01-01,-1,152.11,livre,TANGER,Carte,LIV7,
CMD20700,CL0496,P007,2023-09-09,1,123.57,DONE,marrakech,Carte,LIV5,2023-09-14
CMD43086,CL0693,P093,Sep 21 2023,4,1321.98,KO,Tnja,Carte,LIV9,
CMD07623,CL0692,P065,22/01/2023,2,1016.68,en_cours,CASABLANCA,Carte,LIV9,
CMD28944,CL0572,P018,30/03/2024,5,1984.72,retourné,TANGER,Carte,LIV4,2024-04-02
CMD28397,CL0875,P077,2024-04-14,1,2635.05,retourné,Tnja,Carte,LIV4,2024-04-18
CMD29127,CL0407,P036,15/05/2024,4,4282.45,livre,casa,Carte,,
CMD43331,CL0832,P037,14/08/2023,2,847.76,en_cours,TNG,Carte,LIV1,
CMD10158,CL0303,P059,21/11/2023,4,1427.92,LIVRE,TANGER,Carte,LIV6,2023-11-23
CMD14904,CL0053,P043,09/03/2024,3,1647.87,livre,casa,Carte,,
CMD26913,CL0101,P093,2023-04-24,1,1166.43,en_cours,CASABLANCA,Carte,LIV5,
CMD21948,CL0057,P078,Aug 13 2023,2,3308.98,livre,marrakech,Carte,LIV6,
CMD24156,CL0698,P004,26/04/2023,3,3781.44,OK,RBA,Carte,LIV9,
CMD09020,CL0962,P005,May 12 2023,4,3085.83,LIVRE,tanger,Carte,,2023-05-15
CMD41470,CL0280,P026,Jan 27 2023,5,919.81,livré,RBA,Carte,LIV6,2023-02-01
CMD16456,CL0757,P018,Nov 10 2023,1,4904.81,LIVRE,marrakech,Carte,LIV8,2023-11-15
CMD13684,CL0695,P036,Nov 24 2023,1,1252.81,livré,TNG,Carte,LIV6,2023-11-27
CMD14446,CL0518,P052,06/04/2023,1,4571.57,DONE,RBA,Carte,LIV5,2023-04-07
CMD13158,CL0822,P092,06/03/2023,4,2533.48,KO,tanger,Carte,LIV10,
CMD03421,CL0156,P074,Sep 01 2023,5,2894.93,livre,marrakech,Carte,LIV6,
CMD01472,CL0043,P042,27/03/2023,5,2535.59,retourné,marrakech,Carte,LIV10,2023-04-01
CMD08080,CL0284,P079,Jan 17 2023,1,3619.54,KO,TNG,Carte,LIV8,
CMD38222,CL0360,P050,2023-11-03,5,279.6,retourné,kech,Carte,LIV7,2023-11-06
CMD24383,CL0564,P060,23/11/2023,1,1649.23,retourné,Tnja,Carte,LIV3,2023-11-28
CMD33617,CL0022,P084,06/01/2023,5,1936.45,KO,Tnja,Carte,LIV9,
CMD28829,CL0655,P098,Mar 14 2024,3,4095.11,retourné,tanger,Carte,LIV7,2024-03-15
CMD32170,CL0995,P099,2023-05-15,2,1505.64,livré,Agadir,Carte,LIV8,2023-05-17
CMD20196,CL0089,P031,02/08/2023,5,1109.81,en_cours,tanger,Carte,LIV8,
CMD34983,CL0574,P081,Jan 03 2023,2,4936.96,livré,tanger,Carte,LIV10,2023-01-06
CMD16419,CL0810,P004,2023-06-17,2,3275.61,LIVRE,CASABLANCA,Carte,LIV5,2023-06-22
CMD19627,CL0008,P039,Aug 25 2023,2,4514.67,OK,CASABLANCA,Carte,LIV7,
CMD35832,CL0593,P066,25/03/2024,4,1751.02,annulé,tanger,Carte,LIV6,
CMD02547,CL0202,P082,2023-10-06,4,1379.5,KO,tanger,Carte,LIV9,
CMD28891,CL0163,P071,Mar 02 2024,2,3865.45,livré,TNG,Carte,LIV5,2024-03-04
CMD21711,CL0798,P073,2023-05-11,1,1073.56,retourné,CASABLANCA,Carte,LIV5,2023-05-15
CMD36817,CL0756,P061,2023-09-06,2,1072.06,LIVRE,marrakech,Carte,LIV2,2023-09-07
CMD10297,CL0473,P077,04/01/2024,2,1913.08,retourné,CASABLANCA,Carte,LIV10,2024-01-06
CMD24430,CL0898,P098,2024-02-20,2,0,LIVRE,casa,Carte,LIV4,2024-02-23
CMD43380,CL0675,P061,Apr 01 2024,2,1527.11,DONE,TNG,Carte,LIV8,2024-04-06
CMD46096,CL0151,P040,2023-04-30,3,4858.49,DONE,RBA,Carte,LIV9,2023-05-05
CMD38939,CL0119,P002,Apr 03 2023,1,643.34,en_cours,CASABLANCA,Carte,LIV2,
CMD11896,CL0063,P059,2024-04-29,5,164.19,DONE,tanger,Carte,LIV9,2024-04-30
CMD48107,CL0681,P058,Jan 26 2023,1,4424.35,livré,TANGER,Carte,LIV4,2023-01-28
CMD37667,CL0242,P050,May 01 2024,4,2388.94,livré,TANGER,Carte,LIV9,2024-05-06
CMD28793,CL0164,P059,05/02/2023,3,0,OK,Tnja,Carte,LIV6,
CMD26490,CL0527,P032,2023-06-22,3,231.56,livré,TNG,Carte,LIV8,2023-06-23
CMD08382,CL0280,P012,2024-01-13,4,2707.72,DONE,TANGER,Carte,LIV7,2024-01-16
CMD19899,CL0792,P039,24/04/2023,2,185.25,livre,TANGER,Carte,LIV10,
CMD40290,CL0181,P052,Mar 25 2024,3,4785.09,retourné,TNG,Carte,LIV2,2024-03-27
CMD22421,CL0802,P099,19/09/2023,3,1811.95,livré,Agadir,Carte,LIV9,2023-09-22
CMD38644,CL0807,P053,16/08/2023,3,287.74,livré,marrakech,Carte,LIV2,2023-08-21
CMD36751,CL0084,P047,2023-12-19,2,1714.5,livré,RBA,Carte,LIV1,2023-12-20
CMD48448,CL0052,P075,27/03/2024,4,852.48,livré,TNG,Carte,LIV4,2024-03-30
CMD07517,CL0509,P098,2023-05-14,4,2638.41,DONE,RBA,Carte,LIV3,2023-05-15
CMD46181,CL0172,P071,Jun 12 2023,4,3223.68,LIVRE,marrakech,Carte,LIV10,2023-06-14
CMD02102,CL0126,P097,2023-12-12,2,2107.38,livré,marrakech,Carte,LIV6,2023-12-17
CMD46291,CL0438,P061,Oct 27 2023,1,1160.79,DONE,kech,Carte,LIV6,2023-10-29
CMD01421,CL0465,P035,Apr 29 2023,3,367.4,livré,tanger,Carte,LIV8,2023-05-03
CMD00596,CL0835,P029,01/01/2023,3,2900.44,LIVRE,TNG,Carte,LIV4,2023-01-04
CMD06242,CL0123,P066,2023-06-29,5,2611.48,KO,tanger,Carte,LIV2,
CMD04393,CL0151,P068,Oct 09 2023,4,3122.4,KO,tanger,Carte,LIV6,
CMD10172,CL0961,P083,24/03/2024,2,2887.83,livré,TANGER,Carte,LIV7,2024-03-26
CMD10342,CL0641,P045,25/05/2023,1,1708.41,OK,TANGER,Carte,LIV9,
CMD20563,CL0674,P007,2023-11-04,4,2462.28,LIVRE,TNG,Carte,LIV7,2023-11-09
CMD05707,CL0063,P094,2023-11-09,1,187.77,livré,CASABLANCA,Carte,LIV5,2023-11-12
CMD32671,CL0599,P089,2024-03-25,1,714.8,livré,kech,Carte,LIV10,2024-03-28
CMD37765,CL0035,P069,2024-04-04,2,2855.49,LIVRE,Agadir,Carte,LIV3,2024-04-08
CMD10026,CL0627,P098,2023-01-13,2,4817.59,livré,casa,Carte,LIV2,2023-01-14
CMD46341,CL0450,P090,2023-09-06,3,1098.38,retourné,Tnja,Carte,LIV3,2023-09-08
CMD36794,CL0074,P024,20/04/2023,4,1511.62,livré,TNG,Carte,LIV8,2023-04-21
CMD04498,CL0851,P030,31/08/2023,2,4576.51,LIVRE,marrakech,Carte,LIV2,2023-09-05
CMD45643,CL0598,P099,28/01/2024,1,1744.12,annulé,CASABLANCA,Carte,LIV10,
CMD14613,CL0554,P043,2023-03-23,2,3832.35,KO,TANGER,Carte,LIV8,
CMD06203,CL0978,P074,2024-01-25,1,390.47,OK,Agadir,Carte,LIV1,
CMD28120,CL0013,P026,2024-05-14,4,4192.57,DONE,TANGER,Carte,LIV9,2024-05-16
CMD25599,CL0895,P054,03/05/2023,2,1770.55,OK,TANGER,Carte,LIV2,
CMD39214,CL0916,P022,Jan 10 2023,3,2018.02,LIVRE,Tnja,Carte,LIV6,2023-01-15
CMD29675,CL0330,P025,2023-07-07,1,3716.28,livré,kech,Carte,LIV2,2023-07-08
CMD40572,CL0388,P077,Nov 17 2023,3,4847.51,livré,Agadir,Carte,LIV6,2023-11-18
CMD41675,CL0565,P041,2024-04-14,4,2662.87,DONE,tanger,Carte,,2024-04-18
CMD47640,CL0981,P079,May 14 2023,4,142.35,LIVRE,RBA,Carte,LIV1,2023-05-19
CMD17215,CL0152,P064,11/04/2023,2,3934.14,en_cours,Agadir,Carte,LIV10,
CMD00239,CL0908,P025,2023-07-31,5,4372.63,retourné,TNG,Carte,LIV10,2023-08-03
CMD21279,CL0476,P082,2023-07-27,1,1747.84,KO,tanger,Carte,LIV8,
CMD07716,CL0748,P028,19/04/2023,4,2730.41,livré,Tnja,Carte,LIV2,2023-04-23
CMD19395,CL0633,P055,21/06/2023,4,106.6,livré,casa,Carte,LIV6,2023-06-24
CMD27496,CL0644,P004,2024-05-02,2,1012.71,livré,CASABLANCA,Carte,LIV1,2024-05-04
CMD40851,CL0658,P100,20/01/2023,4,4360.71,livré,casa,Carte,LIV6,2023-01-23
CMD48319,CL0646,P062,2023-08-25,1,3477.71,livre,TANGER,Carte,LIV1,
CMD12248,CL0504,P053,14/11/2023,3,270.8,KO,CASABLANCA,Carte,LIV5,
CMD16675,CL0103,P072,13/12/2023,5,3713.61,LIVRE,casa,Carte,LIV5,2023-12-18
CMD38646,CL0893,P078,19/03/2023,5,3248.41,retourné,kech,Carte,LIV1,2023-03-23
CMD13562,CL0558,P052,16/01/2024,2,3660.73,DONE,tanger,Carte,LIV4,2024-01-21
CMD29062,CL0052,P004,2023-12-12,1,4932.13,OK,Agadir,Carte,LIV9,
CMD23676,CL0579,P077,12/03/2023,5,1551.9,en_cours,casa,Carte,LIV7,
CMD42833,CL0076,P080,17/01/2024,3,2213.49,OK,TANGER,Carte,LIV7,
CMD24516,CL0653,P019,21/06/2023,3,1944.23,livré,tanger,Carte,LIV3,2023-06-23
CMD09402,CL0576,P093,Mar 10 2023,4,4470.83,OK,Tnja,Carte,LIV3,
CMD26264,CL0037,P045,30/11/2023,4,347.28,OK,casa,Carte,LIV10,
CMD35750,CL0203,P068,08/02/2024,2,0,en_cours,kech,Carte,LIV6,
CMD18211,CL0301,P057,2023-05-07,4,269.88,livré,RBA,Carte,LIV6,2023-05-11
CMD46933,CL0269,P074,13/06/2023,4,2952.88,LIVRE,Agadir,Carte,LIV10,2023-06-16
CMD15205,CL0630,P020,2024-01-25,5,4326.49,annulé,casa,Carte,LIV9,
CMD16397,CL0772,P086,Mar 19 2024,4,2948.15,LIVRE,tanger,Carte,LIV3,2024-03-23
CMD46941,CL0470,P100,2023-11-10,3,580.6,livré,casa,Carte,LIV6,2023-11-14
CMD17170,CL0534,P091,2023-05-20,3,4609.27,annulé,RBA,Carte,LIV5,
CMD46184,CL0036,P073,Oct 12 2023,2,3759.9,DONE,kech,Carte,LIV8,2023-10-17
CMD34986,CL0509,P081,Dec 31 2023,5,1662.69,annulé,tanger,Carte,LIV5,
CMD32141,CL0161,P027,Oct 09 2023,3,3733.24,en_cours,marrakech,Carte,LIV5,
CMD23760,CL0226,P053,2024-02-16,4,2708.6,livré,CASABLANCA,Carte,LIV10,2024-02-21
CMD29384,CL0181,P064,Dec 12 2023,3,1479.78,livre,TANGER,Carte,LIV4,
CMD45729,CL0496,P087,2023-01-16,3,3623.95,livre,marrakech,Carte,LIV9,
CMD44003,CL0341,P099,2024-02-24,4,1274.23,LIVRE,marrakech,Carte,,2024-02-25
CMD14612,CL0546,P071,17/02/2023,5,800.38,KO,Agadir,Carte,LIV3,
CMD18232,CL0660,P039,2024-04-04,-1,2383.96,LIVRE,TANGER,Carte,LIV8,2024-04-06
CMD08640,CL0697,P067,2023-04-17,4,251.11,OK,TNG,Carte,LIV3,
CMD14327,CL0228,P027,23/10/2023,2,113.66,KO,casa,Carte,LIV1,
CMD38941,CL0617,P040,2023-07-28,1,3582.91,livré,kech,Carte,LIV5,2023-07-29
CMD10364,CL0698,P082,2023-07-10,5,158.28,livré,marrakech,Carte,LIV9,2023-07-14
CMD47164,CL0729,P036,2023-10-02,1,3429.19,livré,casa,Carte,LIV5,2023-10-06
CMD41011,CL0618,P034,2023-04-10,5,939.86,en_cours,TNG,Carte,,
CMD26089,CL0133,P009,28/03/2024,5,698.11,annulé,RBA,Carte,LIV1,
CMD15147,CL0659,P008,Dec 10 2023,5,4045.62,annulé,tanger,Carte,LIV4,
CMD14288,CL0308,P083,Mar 31 2024,4,0,annulé,CASABLANCA,Carte,LIV6,
CMD46902,CL0093,P043,2023-10-17,3,2608.62,livré,Tnja,Carte,LIV2,2023-10-20
CMD26582,CL0344,P043,May 13 2024,1,926.16,retourné,kech,Carte,LIV8,2024-05-14
CMD36156,CL0217,P061,2024-04-15,3,4189.69,livré,TNG,Carte,LIV7,2024-04-20
CMD48247,CL0228,P090,2023-07-25,5,3934.66,annulé,kech,Carte,LIV2,
CMD37085,CL0335,P079,Dec 21 2023,2,0,KO,kech,Carte,LIV3,
CMD39774,CL0931,P047,2024-01-08,2,3376.97,en_cours,CASABLANCA,Carte,LIV10,
CMD05701,CL0023,P030,Dec 23 2023,3,1020.37,livré,RBA,Carte,LIV7,2023-12-24
CMD46413,CL0118,P001,Jul 26 2023,1,556.62,DONE,marrakech,Carte,,2023-07-31
CMD10646,CL0312,P010,13/09/2023,4,650.39,OK,kech,Carte,LIV2,
CMD01785,CL0511,P089,2023-04-22,1,3949.62,livre,casa,Carte,LIV3,
CMD11371,CL0049,P070,2023-11-05,3,2943.94,OK,Agadir,Carte,LIV6,
CMD44954,CL0310,P093,Mar 15 2023,2,4705.01,livre,RBA,Carte,LIV1,
CMD12752,CL0555,P013,14/12/2023,3,3589.68,livré,tanger,Carte,LIV9,2023-12-17
CMD10576,CL0720,P001,May 04 2024,3,856.78,livré,kech,Carte,LIV8,2024-05-05
CMD28634,CL0703,P071,2023-10-29,4,4240.97,LIVRE,Tnja,Carte,LIV9,2023-11-02
CMD13374,CL0933,P018,Feb 05 2024,1,4392.66,en_cours,marrakech,Carte,LIV6,
CMD16836,CL0480,P069,Feb 13 2024,5,545.58,en_cours,marrakech,Carte,LIV5,
CMD07213,CL0673,P056,2024-02-26,2,4717.06,livré,tanger,Carte,,2024-03-01
CMD43425,CL0741,P072,28/11/2023,1,659.56,DONE,TANGER,Carte,LIV9,2023-12-01
CMD21383,CL0180,P093,2024-02-26,3,4822.93,livré,RBA,Carte,,2024-02-29
CMD02473,CL0320,P079,Apr 06 2024,1,3395.95,retourné,CASABLANCA,Carte,LIV1,2024-04-08
CMD03338,CL0807,P079,Jan 16 2023,1,3076.28,DONE,casa,Carte,LIV10,2023-01-18
CMD01593,CL0497,P051,2023-09-01,1,1116.64,OK,RBA,Carte,LIV8,
CMD18625,CL0580,P004,2023-11-10,1,3400.06,retourné,Agadir,Carte,LIV1,2023-11-11
CMD19460,CL0832,P046,Apr 16 2023,4,4801.17,retourné,Tnja,Carte,LIV2,2023-04-21
CMD07250,CL0289,P094,04/02/2023,4,513.54,OK,TANGER,Carte,LIV4,
CMD07912,CL0472,P060,2023-03-18,3,1900.5,KO,casa,Carte,LIV5,
CMD48065,CL0914,P093,2023-02-17,4,2811.0,livré,casa,Carte,LIV6,2023-02-18
CMD22732,CL0720,P037,2023-02-13,5,2665.52,annulé,marrakech,Carte,LIV4,
CMD30697,CL0502,P003,Dec 31 2023,-1,3302.26,livré,tanger,Carte,LIV5,2024-01-03
CMD20227,CL0984,P066,16/03/2023,1,2552.27,OK,CASABLANCA,Carte,LIV2,
CMD30689,CL0865,P055,2023-09-02,5,2920.03,en_cours,Agadir,Carte,LIV2,
CMD09396,CL0892,P085,Nov 20 2023,2,2350.82,OK,marrakech,Carte,LIV8,
CMD17948,CL0291,P024,13/04/2023,4,95.36,livré,casa,Carte,LIV9,2023-04-15
CMD14688,CL0102,P071,16/03/2024,2,253.25,retourné,tanger,Carte,LIV10,2024-03-18
CMD45260,CL0259,P010,15/01/2023,1,767.17,retourné,Tnja,Carte,LIV10,2023-01-20
CMD43557,CL0781,P085,Dec 04 2023,1,4265.49,retourné,marrakech,Carte,LIV1,2023-12-07
CMD41785,CL0465,P020,18/01/2024,4,2294.39,en_cours,Agadir,Carte,,
CMD28205,CL0976,P013,2023-04-02,1,4095.29,DONE,tanger,Carte,LIV3,2023-04-03
CMD38110,CL0623,P073,17/04/2023,5,4110.26,livré,marrakech,Carte,LIV8,2023-04-20
CMD24056,CL0623,P015,2024-02-11,3,2764.35,annulé,tanger,Carte,LIV7,
CMD16434,CL0558,P055,15/06/2023,3,2117.22,OK,TNG,Carte,LIV6,
CMD34520,CL0894,P031,Jul 16 2023,5,639.06,OK,Agadir,Carte,LIV8,
CMD19800,CL0571,P016,2024-02-08,1,4547.06,en_cours,casa,Carte,LIV7,
CMD20862,CL0308,P098,2023-05-31,2,928.43,DONE,marrakech,Carte,LIV8,2023-06-02
CMD11171,CL0245,P094,10/01/2023,4,3247.38,livré,kech,Carte,LIV10,2023-01-15
CMD16466,CL0723,P036,23/04/2023,1,691.0,livré,casa,Carte,LIV7,2023-04-28
CMD05335,CL0045,P016,12/06/2023,1,2206.49,LIVRE,tanger,Carte,LIV9,2023-06-14
CMD09321,CL0852,P093,May 30 2023,3,0,livre,CASABLANCA,Carte,LIV4,
CMD12072,CL0325,P100,Jan 10 2024,4,4128.02,KO,TANGER,Carte,LIV4,
CMD35145,CL0834,P022,2024-05-02,5,1988.97,livré,CASABLANCA,Carte,LIV2,2024-05-04
CMD27776,CL0100,P056,28/12/2023,4,4692.21,retourné,kech,Carte,,2023-12-30
CMD29603,CL0250,P080,2024-02-03,1,778.4,OK,casa,Carte,LIV8,
CMD01214,CL0457,P074,2023-11-06,1,4163.62,livré,TANGER,Carte,LIV5,2023-11-09
CMD30799,CL0878,P067,2023-10-06,4,2097.47,livré,RBA,Carte,LIV3,2023-10-07
CMD48189,CL0043,P055,03/01/2024,3,3385.44,livré,CASABLANCA,Carte,LIV4,2024-01-07
CMD30171,CL0310,P014,02/01/2023,4,4317.81,retourné,TNG,Carte,LIV3,2023-01-04
CMD03369,CL0800,P039,17/12/2023,2,4492.85,KO,marrakech,Carte,LIV3,
CMD11057,CL0624,P055,2023-10-04,2,3670.12,livré,tanger,Carte,LIV9,2023-10-09
CMD23352,CL0012,P032,23/03/2023,2,3011.25,OK,CASABLANCA,Carte,LIV7,
CMD23717,CL0679,P090,04/04/2023,5,4076.86,en_cours,marrakech,Carte,LIV9,
CMD10831,CL0252,P045,08/10/2023,2,4348.51,DONE,casa,Carte,LIV3,2023-10-11
CMD39594,CL0519,P063,Jun 09 2023,4,4199.47,annulé,marrakech,Carte,,
CMD25692,CL0289,P005,02/07/2023,1,4233.42,KO,Agadir,Carte,LIV9,
CMD33064,CL0065,P006,16/09/2023,3,4896.51,DONE,TANGER,Carte,LIV6,2023-09-18
CMD21664,CL0833,P040,27/01/2024,3,946.05,annulé,CASABLANCA,Carte,LIV9,
CMD32660,CL0315,P004,21/09/2023,4,1817.2,LIVRE,marrakech,Carte,LIV8,2023-09-22
CMD42486,CL0551,P034,Jun 01 2023,4,3617.25,KO,Tnja,Carte,,
CMD40749,CL0877,P084,Nov 08 2023,2,4454.44,livre,Tnja,Carte,LIV7,
CMD41344,CL0937,P034,Jan 06 2023,2,2877.73,LIVRE,casa,Carte,LIV5,2023-01-11
CMD34876,CL0549,P091,2023-08-20,4,4752.14,annulé,TNG,Carte,LIV7,
CMD11272,CL0308,P051,Apr 09 2023,5,2009.22,KO,Tnja,Carte,LIV7,
CMD29686,CL0208,P040,24/01/2024,2,888.27,DONE,casa,Carte,LIV4,2024-01-28
CMD30000,CL0501,P043,24/03/2023,4,3298.45,retourné,Agadir,Carte,,2023-03-26
CMD22404,CL0245,P051,Mar 30 2023,5,763.04,OK,marrakech,Carte,,
CMD16020,CL0944,P036,Dec 05 2023,1,631.65,OK,Tnja,Carte,LIV4,
CMD41878,CL0011,P071,2024-01-13,1,4274.43,OK,Agadir,Carte,LIV2,
CMD09484,CL0379,P087,Sep 07 2023,2,0,LIVRE,kech,Carte,LIV6,2023-09-08
CMD27218,CL0305,P044,2023-12-27,4,694.94,en_cours,RBA,Carte,LIV2,
CMD43780,CL0512,P075,Aug 19 2023,1,1707.88,KO,CASABLANCA,Carte,LIV4,
CMD28157,CL0994,P037,Jul 20 2023,4,1762.36,livré,Tnja,Carte,LIV8,2023-07-25
CMD20978,CL0198,P084,Sep 02 2023,4,1914.69,livré,kech,Carte,LIV3,2023-09-03
CMD11711,CL0231,P093,Mar 26 2023,4,594.41,annulé,TNG,Carte,,
CMD30480,CL0668,P065,2024-02-15,1,3774.91,livré,casa,Carte,LIV1,2024-02-20
CMD42668,CL0472,P049,17/01/2023,3,2196.6,DONE,tanger,Carte,LIV2,2023-01-21
CMD04917,CL0099,P009,23/03/2024,2,2415.0,en_cours,Tnja,Carte,LIV4,
CMD46244,CL0496,P069,Jul 16 2023,5,0,DONE,casa,Carte,LIV4,2023-07-19
CMD01165,CL0827,P074,2023-09-26,5,3814.37,en_cours,Tnja,Carte,LIV7,
CMD22714,CL0616,P045,14/03/2024,1,2654.5,LIVRE,Agadir,Carte,LIV9,2024-03-17
CMD26047,CL0986,P100,2023-06-09,5,301.75,en_cours,RBA,Carte,,
CMD02618,CL0503,P058,31/08/2023,1,498.82,KO,marrakech,Carte,LIV9,
CMD08966,CL0590,P071,May 03 2023,3,1760.09,KO,RBA,Carte,LIV6,
CMD09283,CL0687,P046,14/06/2023,2,1990.79,annulé,casa,Carte,LIV7,
CMD25449,CL0292,P014,05/03/2023,5,2307.9,KO,kech,Carte,LIV8,
CMD24753,CL0121,P061,2023-09-07,3,4638.6,annulé,tanger,Carte,LIV10,
CMD07758,CL0148,P026,2023-09-17,1,4750.56,livre,kech,Carte,,
CMD06563,CL0202,P044,Jan 20 2024,3,943.08,livre,marrakech,Carte,LIV8,
CMD07664,CL0977,P100,2024-01-25,3,494.79,OK,RBA,Carte,LIV5,
CMD31240,CL0209,P040,2023-05-28,5,2824.82,KO,TNG,Carte,LIV9,
CMD41368,CL0788,P036,03/02/2024,1,4894.11,KO,Tnja,Carte,LIV2,
CMD37284,CL0867,P024,18/02/2023,4,2992.94,annulé,CASABLANCA,Carte,LIV9,
CMD29392,CL0553,P064,2024-04-24,2,3503.54,DONE,Tnja,Carte,,2024-04-25
CMD13380,CL0115,P057,2024-01-27,1,2117.7,livré,TANGER,Carte,LIV4,2024-01-30
CMD20644,CL0425,P055,Apr 23 2024,1,311.44,retourné,marrakech,Carte,LIV6,2024-04-28
CMD13001,CL0257,P065,24/12/2023,3,3327.02,retourné,RBA,Carte,LIV7,2023-12-28
CMD38404,CL0756,P045,07/05/2023,4,4792.83,en_cours,CASABLANCA,Carte,,
CMD12675,CL0736,P055,2023-05-22,3,2837.64,annulé,tanger,Carte,LIV7,
CMD47798,CL0434,P013,22/02/2024,3,4234.85,annulé,TANGER,Carte,LIV6,
CMD37470,CL0727,P097,Apr 12 2024,4,90.07,en_cours,TANGER,Carte,LIV1,
CMD06578,CL0854,P025,Mar 05 2024,3,2317.19,DONE,Tnja,Carte,LIV8,2024-03-10
CMD23779,CL0588,P053,2023-10-23,1,1942.42,livré,kech,Carte,LIV3,2023-10-28
CMD31009,CL0862,P093,Oct 01 2023,5,2400.02,livré,RBA,Carte,LIV8,2023-10-02
CMD37928,CL0965,P003,20/08/2023,1,4111.66,DONE,kech,Carte,LIV9,2023-08-22
CMD22800,CL0242,P045,20/01/2023,3,3178.21,livré,RBA,Carte,LIV9,2023-01-24
CMD18100,CL0298,P025,Jun 25 2023,1,3928.09,annulé,kech,Carte,LIV4,
CMD29693,CL0333,P044,2023-01-16,4,2708.43,livré,TNG,Carte,LIV7,2023-01-18
CMD28009,CL0565,P022,2024-03-12,3,1494.49,annulé,TANGER,Carte,LIV1,
CMD33008,CL0346,P047,11/11/2023,4,2359.02,OK,TANGER,Carte,LIV9,
CMD02537,CL0133,P099,27/12/2023,5,732.25,en_cours,Agadir,Carte,LIV9,
CMD42289,CL0104,P028,Dec 22 2023,4,3345.8,OK,CASABLANCA,Carte,LIV9,
CMD41130,CL0271,P054,12/02/2024,1,1530.65,LIVRE,kech,Carte,LIV4,2024-02-15
CMD13170,CL0540,P081,Apr 12 2024,2,1253.17,KO,TANGER,Carte,LIV4,
CMD22001,CL0640,P038,Nov 13 2023,2,1980.22,retourné,marrakech,Carte,LIV9,2023-11-18
CMD29837,CL0338,P056,Feb 22 2023,4,1753.5,livré,tanger,Carte,LIV2,2023-02-27
CMD25425,CL0761,P046,May 07 2023,2,141.33,KO,casa,Carte,LIV5,
CMD40765,CL0625,P029,2023-01-20,2,3528.02,KO,kech,Carte,LIV2,
CMD47016,CL0115,P006,Aug 23 2023,1,4918.14,OK,Tnja,Carte,LIV5,
CMD43851,CL0493,P100,Sep 28 2023,2,318.82,livré,kech,Carte,LIV7,2023-09-29
CMD07282,CL0947,P075,Jun 29 2023,1,4167.85,livré,TNG,Carte,LIV5,2023-06-30
CMD14097,CL0309,P083,27/01/2024,5,2834.02,retourné,Tnja,Carte,,2024-01-31
CMD26379,CL0900,P091,Aug 16 2023,2,1274.32,OK,marrakech,Carte,LIV1,
CMD47228,CL0701,P055,2023-09-17,4,419.45,livre,TNG,Carte,LIV8,
CMD23886,CL0714,P020,Apr 06 2024,5,1127.66,livre,Tnja,Carte,,
CMD13582,CL0834,P058,2023-04-15,2,1155.79,livré,tanger,Carte,LIV6,2023-04-18
CMD19018,CL0702,P014,2023-03-01,5,3997.69,KO,casa,Carte,LIV8,
CMD17018,CL0246,P004,23/12/2023,5,1835.17,livré,marrakech,Carte,LIV10,2023-12-28
CMD01170,CL0387,P071,Oct 01 2023,5,4087.06,annulé,TNG,Carte,LIV2,
CMD05501,CL0958,P037,2023-05-29,2,2346.26,livré,kech,Carte,LIV9,2023-06-01
CMD11276,CL0421,P055,2023-06-04,4,2784.05,KO,TNG,Carte,LIV5,
CMD02504,CL0917,P061,25/01/2023,5,625.09,LIVRE,kech,Carte,,2023-01-27
CMD33874,CL0945,P088,2023-11-16,4,442.94,en_cours,Tnja,Carte,LIV8,
CMD35991,CL0851,P089,Dec 29 2023,1,1357.8,annulé,tanger,Carte,LIV3,
CMD33824,CL0167,P048,Jul 07 2023,1,1861.46,en_cours,casa,Carte,LIV3,
CMD37523,CL0875,P053,08/05/2024,2,2849.6,DONE,RBA,Carte,LIV10,2024-05-12
CMD29935,CL0841,P060,2023-09-27,1,2011.33,livré,RBA,Carte,LIV4,2023-09-30
CMD16452,CL0802,P069,22/11/2023,2,4495.44,DONE,RBA,Carte,LIV7,2023-11-26
CMD38279,CL0869,P010,03/05/2023,2,2176.47,OK,casa,Carte,LIV5,
CMD46444,CL0239,P062,2024-01-01,4,1307.24,retourné,Agadir,Carte,LIV3,2024-01-06
CMD08319,CL0580,P059,2024-01-21,2,4900.66,retourné,kech,Carte,LIV3,2024-01-26
CMD02634,CL0506,P011,05/04/2024,5,2051.04,livré,TNG,Carte,LIV7,2024-04-10
CMD32721,CL0005,P007,Jul 15 2023,3,547.19,annulé,TANGER,Carte,LIV4,
CMD02656,CL0365,P086,2023-04-17,4,2655.88,livré,Agadir,Carte,LIV10,2023-04-22
CMD09310,CL0988,P010,04/06/2023,2,361.0,retourné,tanger,Carte,LIV8,2023-06-08
CMD38611,CL0699,P022,09/03/2024,4,4820.28,livre,kech,Carte,LIV3,
CMD22372,CL0484,P087,2024-02-03,4,1995.91,OK,marrakech,Carte,LIV4,
CMD11971,CL0039,P004,09/03/2023,1,2889.25,retourné,kech,Carte,LIV6,2023-03-12
CMD29767,CL0962,P009,12/02/2023,4,3158.69,livré,kech,Carte,LIV4,2023-02-15
CMD46197,CL0327,P064,12/04/2023,4,4313.64,OK,Tnja,Carte,LIV1,
CMD42739,CL0205,P019,02/10/2023,5,321.2,OK,tanger,Carte,LIV2,
CMD25855,CL0429,P096,19/08/2023,1,698.75,livré,Tnja,Carte,LIV2,2023-08-23
CMD28133,CL0032,P058,2023-09-03,3,0,OK,Agadir,Carte,LIV10,
CMD35417,CL0501,P016,Dec 22 2023,5,814.0,OK,casa,Carte,LIV6,
CMD01665,CL0031,P082,2023-09-13,2,2174.46,annulé,casa,Carte,LIV5,
CMD11401,CL0876,P064,2023-04-25,4,2772.79,KO,Agadir,Carte,LIV9,
CMD30330,CL0174,P078,2023-02-18,4,1499.86,retourné,TNG,Carte,,2023-02-19
CMD16592,CL0499,P019,May 25 2023,2,4637.26,KO,RBA,Carte,LIV7,
CMD14120,CL0901,P002,May 13 2024,3,3100.44,retourné,RBA,Carte,LIV3,2024-05-16
CMD30319,CL0110,P040,Apr 09 2024,2,1643.39,annulé,TANGER,Carte,LIV7,
CMD00072,CL0727,P033,Oct 19 2023,2,3424.15,livre,TANGER,Carte,LIV5,
CMD01558,CL0527,P065,2023-12-07,2,3871.62,retourné,tanger,Carte,LIV7,2023-12-09
CMD33310,CL0889,P036,2024-04-18,4,944.86,retourné,marrakech,Carte,LIV6,2024-04-21
CMD00047,CL0813,P078,26/10/2023,1,952.64,annulé,casa,Carte,LIV8,
CMD14753,CL0991,P045,25/08/2023,1,2631.18,livre,marrakech,Carte,LIV6,
CMD10112,CL0913,P096,2023-07-28,3,3578.21,annulé,tanger,Carte,LIV3,
CMD26107,CL0412,P067,27/12/2023,1,73.67,livré,casa,Carte,LIV1,2024-01-01
CMD05068,CL0925,P015,Jul 28 2023,1,2810.51,livré,TANGER,Carte,LIV4,2023-07-30
CMD44377,CL0165,P068,18/10/2023,4,2624.85,en_cours,tanger,Carte,LIV1,
CMD34333,CL0784,P016,25/07/2023,3,3779.07,OK,kech,Carte,LIV7,
CMD45472,CL0220,P088,25/04/2023,1,1903.47,KO,TANGER,Carte,LIV9,
CMD37641,CL0266,P019,2023-07-22,3,220.48,livre,marrakech,Carte,LIV6,
CMD32753,CL0621,P090,Mar 21 2023,2,4730.63,retourné,kech,Carte,LIV1,2023-03-22
CMD28556,CL0661,P043,Apr 27 2024,4,3615.16,livré,kech,Carte,LIV3,2024-04-28
CMD38447,CL0012,P062,13/03/2024,4,4171.12,DONE,RBA,Carte,LIV8,2024-03-16
CMD06996,CL0354,P031,Dec 25 2023,5,3321.95,OK,CASABLANCA,Carte,,
CMD10085,CL0702,P016,2023-12-12,1,4441.89,livre,TNG,Carte,LIV8,
CMD01996,CL0951,P080,Dec 20 2023,5,320.49,KO,Agadir,Carte,LIV10,
CMD24092,CL0971,P019,2023-11-03,5,2090.87,livré,kech,Carte,LIV1,2023-11-07
CMD36643,CL0810,P068,Sep 09 2023,4,3477.41,LIVRE,CASABLANCA,Carte,LIV10,2023-09-10
CMD28626,CL0540,P100,10/09/2023,5,3544.25,livre,TNG,Carte,LIV10,
CMD10571,CL0996,P075,2023-07-08,3,708.27,en_cours,marrakech,Carte,LIV8,
CMD00724,CL0123,P098,06/02/2023,4,321.45,en_cours,CASABLANCA,Carte,LIV2,
CMD15308,CL0027,P019,Dec 02 2023,5,1219.5,KO,RBA,Carte,LIV10,
CMD37681,CL0513,P060,Jun 10 2023,3,1208.51,LIVRE,CASABLANCA,Carte,LIV9,2023-06-12
CMD14598,CL0540,P061,02/08/2023,1,682.66,KO,CASABLANCA,Carte,,
CMD37024,CL0207,P004,02/12/2023,5,3844.94,annulé,TNG,Carte,LIV4,
CMD04637,CL0574,P017,2023-02-22,4,1577.97,DONE,tanger,Carte,LIV8,2023-02-25
CMD12411,CL0539,P098,15/04/2024,1,3658.86,DONE,kech,Carte,LIV5,2024-04-19
CMD06216,CL0284,P039,2023-04-04,2,2029.07,LIVRE,Tnja,Carte,LIV3,2023-04-07
CMD45433,CL0494,P086,Nov 06 2023,4,4237.54,livre,marrakech,Carte,,
CMD09584,CL0123,P058,04/01/2024,2,2489.11,DONE,casa,Carte,LIV10,2024-01-06
CMD38378,CL0159,P019,Mar 23 2024,3,2617.92,livré,Tnja,Carte,LIV10,2024-03-26
CMD30414,CL0655,P055,Aug 05 2023,4,4916.43,OK,RBA,Carte,LIV5,
CMD31169,CL0199,P001,2023-05-10,3,2567.22,DONE,TNG,Carte,LIV2,2023-05-13
CMD01801,CL1000,P019,30/07/2023,3,322.41,livré,casa,Carte,LIV6,2023-08-02
CMD39828,CL0891,P057,Mar 05 2024,4,764.39,KO,Agadir,Carte,LIV9,
CMD20378,CL0265,P016,Mar 11 2024,1,3826.38,livre,kech,Carte,LIV8,
CMD48342,CL0088,P026,2024-01-07,2,3369.47,retourné,Agadir,Carte,LIV6,2024-01-12
CMD35844,CL0745,P058,Jul 01 2023,2,2907.04,annulé,marrakech,Carte,,
CMD21922,CL0055,P015,Aug 28 2023,2,641.11,KO,TANGER,Carte,LIV10,
CMD16003,CL0231,P021,Dec 25 2023,1,406.99,LIVRE,TANGER,Carte,LIV1,2023-12-28
CMD17898,CL0164,P035,Nov 03 2023,3,1555.87,retourné,casa,Carte,LIV10,2023-11-06
CMD02597,CL0136,P071,28/05/2023,2,2902.31,DONE,Agadir,Carte,LIV8,2023-06-02
CMD14723,CL0139,P002,Sep 04 2023,3,4811.22,annulé,tanger,Carte,LIV6,
CMD25341,CL0473,P060,03/04/2024,5,1507.34,KO,marrakech,Carte,LIV8,
CMD36897,CL0648,P078,2024-02-19,4,2942.67,en_cours,marrakech,Carte,LIV3,
CMD41085,CL0131,P008,05/03/2023,1,1330.34,livré,tanger,Carte,LIV4,2023-03-08
CMD45254,CL0854,P057,Jan 11 2024,1,3412.99,LIVRE,tanger,Carte,LIV1,2024-01-14
CMD06100,CL0220,P087,Apr 10 2024,3,796.53,livré,TANGER,Carte,LIV8,2024-04-12
CMD32183,CL0439,P028,2023-12-30,5,4365.47,livré,Agadir,Carte,LIV5,2024-01-01
CMD33210,CL0423,P081,23/09/2023,2,2040.37,LIVRE,Tnja,Carte,LIV9,2023-09-24
CMD39495,CL0859,P038,Apr 16 2024,5,2811.4,KO,marrakech,Carte,LIV8,
CMD30003,CL0005,P022,2024-01-11,4,2028.91,en_cours,kech,Carte,LIV5,
CMD40136,CL0064,P054,Jan 02 2023,4,4366.88,livré,Tnja,Carte,LIV7,2023-01-05
CMD08102,CL0583,P017,2023-01-05,4,3074.97,annulé,CASABLANCA,Carte,LIV4,
CMD12418,CL0256,P029,Dec 31 2023,3,3707.38,livre,Tnja,Carte,LIV2,
CMD37299,CL0026,P009,21/02/2024,3,1427.16,livré,kech,Carte,LIV3,2024-02-22
CMD37035,CL0625,P007,Aug 10 2023,3,183.02,livré,TNG,Carte,LIV7,2023-08-12
CMD10811,CL0333,P004,2023-02-18,3,402.59,livre,Tnja,Carte,LIV9,
CMD44502,CL0553,P048,13/03/2024,2,2228.34,LIVRE,casa,Carte,LIV7,2024-03-14
CMD39723,CL0329,P047,2023-10-12,5,4873.61,livré,kech,Carte,LIV10,2023-10-14
CMD27974,CL0953,P067,May 26 2023,1,807.96,KO,TANGER,Carte,LIV6,
CMD19556,CL0427,P059,Oct 06 2023,3,4383.33,livré,RBA,Carte,LIV9,2023-10-08
CMD08041,CL0627,P028,03/03/2023,1,4576.76,retourné,kech,Carte,LIV5,2023-03-08
CMD10004,CL0102,P010,26/03/2024,3,1677.58,en_cours,Agadir,Carte,,
CMD13474,CL0338,P059,2023-02-27,3,298.15,OK,casa,Carte,LIV4,
CMD22594,CL0868,P004,Nov 29 2023,2,811.93,livré,TNG,Carte,LIV8,2023-12-03
CMD45105,CL0913,P068,2023-12-26,2,1308.65,LIVRE,RBA,Carte,LIV1,2023-12-29
CMD46684,CL0600,P022,Aug 01 2023,2,157.71,retourné,marrakech,Carte,LIV5,2023-08-02
CMD20876,CL0375,P025,2023-02-09,2,349.16,retourné,casa,Carte,LIV10,2023-02-12
CMD05829,CL0904,P005,2024-03-29,2,1548.96,LIVRE,casa,Carte,LIV6,2024-04-03
CMD11990,CL0917,P085,29/08/2023,4,1335.31,DONE,CASABLANCA,Carte,LIV4,2023-09-01
CMD16876,CL0803,P038,04/03/2024,1,2336.83,retourné,RBA,Carte,LIV10,2024-03-07
CMD04113,CL0611,P092,2023-12-25,2,1788.81,livré,kech,Carte,LIV5,2023-12-27
CMD14810,CL0503,P077,13/04/2024,2,299.44,livre,marrakech,Carte,LIV2,
CMD32630,CL0163,P029,Oct 25 2023,1,215.67,livré,kech,Carte,LIV2,2023-10-29
CMD37130,CL0745,P032,Apr 02 2024,3,2229.59,LIVRE,tanger,Carte,LIV7,2024-04-05
CMD48443,CL0202,P079,18/04/2023,2,2961.7,en_cours,casa,Carte,LIV9,
CMD28098,CL0781,P007,2024-03-13,5,3933.24,livré,TANGER,Carte,LIV6,2024-03-18
CMD30746,CL0798,P078,Oct 30 2023,2,4310.74,livré,tanger,Carte,LIV5,2023-11-01
CMD33966,CL0145,P094,09/01/2023,4,3665.03,KO,TNG,Carte,LIV10,
CMD17326,CL0573,P051,Feb 07 2024,4,3444.62,en_cours,tanger,Carte,LIV1,
CMD18707,CL0778,P081,Nov 28 2023,1,443.69,livre,tanger,Carte,LIV7,
CMD47397,CL0763,P098,Mar 15 2023,5,1492.54,en_cours,Tnja,Carte,LIV7,
CMD01552,CL0015,P058,27/08/2023,1,645.25,KO,kech,Carte,LIV10,
CMD03608,CL0149,P008,Jun 12 2023,3,428.88,livre,casa,Carte,LIV9,
CMD37436,CL0269,P004,May 16 2023,1,1968.76,livré,tanger,Carte,LIV10,2023-05-18
CMD07362,CL0323,P043,16/03/2024,4,1133.68,livre,CASABLANCA,Carte,LIV2,
CMD01201,CL0858,P034,2023-02-17,2,3148.74,LIVRE,RBA,Carte,,2023-02-18
CMD36264,CL0318,P071,Jun 08 2023,1,1963.93,DONE,Agadir,Carte,LIV4,2023-06-09
CMD13471,CL0874,P019,08/03/2023,2,2117.37,livré,RBA,Carte,LIV6,2023-03-11
CMD32556,CL0494,P009,13/05/2023,2,4929.66,retourné,TNG,Carte,LIV2,2023-05-17
CMD15434,CL0123,P099,Apr 07 2024,5,1038.74,livré,tanger,Carte,LIV6,2024-04-09
CMD35319,CL0470,P046,Jun 04 2023,5,4719.36,annulé,CASABLANCA,Carte,LIV5,
CMD11497,CL0825,P008,2024-04-18,2,507.43,en_cours,TNG,Carte,LIV3,
CMD40026,CL0555,P093,12/03/2023,2,4052.46,en_cours,kech,Carte,LIV7,
CMD44011,CL0643,P058,Jan 12 2023,4,3132.81,KO,CASABLANCA,Carte,LIV3,
CMD14296,CL0027,P002,2023-06-23,1,3116.61,DONE,casa,Carte,LIV8,2023-06-28
CMD11989,CL0227,P077,Apr 19 2024,2,2059.01,livré,casa,Carte,LIV3,2024-04-24
CMD29998,CL0170,P097,Dec 01 2023,5,70.17,OK,CASABLANCA,Carte,LIV8,
CMD18254,CL0103,P040,2024-01-24,5,1916.19,LIVRE,marrakech,Carte,LIV5,2024-01-27
CMD34928,CL0154,P078,Jan 20 2023,4,2345.02,livré,RBA,Carte,LIV1,2023-01-21
CMD21929,CL0409,P078,12/01/2024,5,2917.25,KO,Agadir,Carte,LIV8,
CMD42701,CL0604,P076,Jan 28 2023,3,3000.98,en_cours,casa,Carte,LIV3,
CMD15855,CL0602,P081,06/06/2023,4,1064.37,OK,TNG,Carte,LIV2,
CMD18126,CL0912,P001,01/12/2023,4,3887.53,livré,RBA,Carte,LIV2,2023-12-02
CMD04645,CL0594,P030,2024-03-11,3,1638.41,OK,kech,Carte,LIV3,
CMD25610,CL0042,P014,Mar 16 2023,3,4105.27,livré,Tnja,Carte,LIV9,2023-03-17
CMD03431,CL0619,P009,2023-01-29,4,884.56,OK,CASABLANCA,Carte,,
CMD39663,CL0282,P089,2023-08-29,1,145.99,KO,kech,Carte,LIV8,
CMD19298,CL0026,P087,08/09/2023,5,2863.14,LIVRE,TNG,Carte,LIV4,2023-09-09
CMD45985,CL0668,P086,2024-03-13,1,1702.88,retourné,Tnja,Carte,LIV9,2024-03-18
CMD37494,CL0108,P041,Dec 04 2023,5,3176.07,retourné,TANGER,Carte,LIV6,2023-12-09
CMD26950,CL0434,P054,12/10/2023,4,711.53,livré,TANGER,Carte,LIV9,2023-10-13
CMD05597,CL0822,P018,2023-02-26,4,2894.53,livré,TANGER,Carte,,2023-03-03
CMD20805,CL0164,P089,Sep 17 2023,5,1743.23,livré,RBA,Carte,LIV2,2023-09-20
CMD08659,CL0685,P080,Aug 30 2023,4,1132.59,KO,RBA,Carte,LIV5,
CMD29817,CL0891,P054,2023-10-27,5,2308.35,livré,Tnja,Carte,LIV1,2023-10-28
CMD20179,CL0895,P059,Feb 01 2023,3,1164.19,OK,TNG,Carte,LIV5,
CMD46336,CL0637,P057,Apr 23 2023,2,3368.43,KO,tanger,Carte,LIV7,
CMD20864,CL0692,P082,2023-03-13,5,3433.78,livré,TNG,Carte,LIV5,2023-03-14
CMD20178,CL0964,P027,25/04/2024,1,3255.92,livré,kech,Carte,LIV7,2024-04-27
CMD19234,CL0672,P072,2024-02-15,5,0,annulé,Tnja,Carte,LIV4,
CMD46659,CL0570,P016,2023-09-01,4,2688.45,annulé,Tnja,Carte,LIV6,
CMD34617,CL0012,P099,15/10/2023,5,1902.17,livre,casa,Carte,,
CMD42450,CL0443,P001,2024-02-07,2,604.42,livré,RBA,Carte,LIV2,2024-02-09
CMD29320,CL0394,P033,Sep 07 2023,2,3989.77,DONE,marrakech,Carte,LIV2,2023-09-08
CMD03774,CL0913,P065,2023-11-29,3,572.89,annulé,RBA,Carte,LIV9,
CMD24260,CL0999,P096,Nov 28 2023,2,4106.58,annulé,tanger,Carte,LIV5,
CMD34603,CL0890,P017,04/02/2023,1,4906.11,annulé,CASABLANCA,Carte,LIV5,
CMD03697,CL0426,P012,2024-05-06,4,3922.55,retourné,RBA,Carte,,2024-05-09
CMD21926,CL0987,P036,15/11/2023,5,2379.45,annulé,tanger,Carte,LIV7,
CMD45764,CL0254,P059,23/10/2023,1,1640.34,DONE,casa,Carte,,2023-10-24
CMD44779,CL0810,P036,16/04/2023,1,2307.76,retourné,TANGER,Carte,LIV9,2023-04-17
CMD37571,CL0360,P079,2023-04-23,1,3705.48,LIVRE,Agadir,Carte,LIV8,2023-04-24
CMD25671,CL0103,P090,Jul 11 2023,4,3766.61,livré,tanger,Carte,LIV2,2023-07-12
CMD39113,CL0434,P040,2023-03-27,5,1460.21,LIVRE,CASABLANCA,Carte,LIV10,2023-03-29
CMD17253,CL0727,P062,11/08/2023,3,3688.94,retourné,marrakech,Carte,LIV8,2023-08-13
CMD12954,CL0167,P021,Jul 15 2023,2,3387.51,livre,RBA,Carte,LIV4,
CMD17199,CL0653,P015,2023-01-23,1,2143.39,livré,marrakech,Carte,LIV10,2023-01-27
CMD36354,CL0195,P062,03/02/2023,1,1024.07,LIVRE,casa,Carte,LIV6,2023-02-05
CMD13466,CL0848,P066,22/01/2023,4,4470.58,en_cours,TANGER,Carte,LIV1,
CMD46618,CL0686,P053,15/08/2023,5,3931.7,en_cours,Agadir,Carte,LIV5,
CMD46780,CL0341,P037,07/10/2023,5,4548.88,DONE,TANGER,Carte,,2023-10-09
CMD46882,CL0205,P016,29/05/2023,1,2609.78,livré,Tnja,Carte,LIV4,2023-05-30
CMD44177,CL0399,P032,2023-08-27,3,4175.2,annulé,kech,Carte,LIV7,
CMD35585,CL0836,P010,2023-11-23,3,2102.8,livre,TNG,Carte,LIV3,
CMD19297,CL0326,P081,Feb 18 2023,4,1626.05,livré,kech,Carte,LIV5,2023-02-20
CMD38156,CL0669,P080,2023-07-04,3,2541.73,livré,kech,Carte,LIV7,2023-07-05
CMD40215,CL0860,P079,01/07/2023,5,4968.06,LIVRE,kech,Carte,LIV2,2023-07-06
CMD27735,CL0621,P073,23/08/2023,5,1109.27,OK,marrakech,Carte,,
CMD19008,CL0688,P078,20/01/2023,4,2336.62,DONE,casa,Carte,LIV6,2023-01-22
CMD35600,CL0831,P061,Jan 10 2023,2,4840.1,livré,Agadir,Carte,,2023-01-11
CMD40695,CL0866,P100,15/06/2023,3,1186.29,livré,CASABLANCA,Carte,LIV7,2023-06-18
CMD18719,CL0769,P094,2024-04-04,2,4000.06,en_cours,TANGER,Carte,LIV3,
CMD33803,CL0115,P004,12/07/2023,4,2326.81,livre,Agadir,Carte,,
CMD41598,CL0274,P058,18/03/2024,3,4781.5,en_cours,TANGER,Carte,LIV6,
CMD34248,CL0157,P064,14/03/2024,1,3422.42,livre,TNG,Carte,LIV2,
CMD31978,CL0989,P066,2023-10-14,1,3979.5,livré,casa,Carte,LIV6,2023-10-15
CMD38097,CL0464,P010,2023-02-03,4,4064.95,KO,Agadir,Carte,LIV1,
CMD08156,CL0051,P095,2023-06-04,4,3329.64,LIVRE,CASABLANCA,Carte,LIV9,2023-06-06
CMD27171,CL0572,P010,08/12/2023,4,2533.84,livré,kech,Carte,LIV6,2023-12-10
CMD10754,CL0611,P056,2023-08-02,1,2598.03,OK,marrakech,Carte,LIV9,
CMD02654,CL0344,P015,2023-11-09,4,3441.7,livré,casa,Carte,LIV8,2023-11-11
CMD34111,CL0062,P079,2023-04-08,-1,93.45,DONE,marrakech,Carte,LIV1,2023-04-13
CMD01898,CL0161,P041,30/11/2023,-1,1930.13,DONE,RBA,Carte,LIV1,2023-12-05
CMD10250,CL0062,P034,Oct 29 2023,4,560.77,en_cours,casa,Carte,LIV8,
CMD01093,CL0368,P025,26/09/2023,2,3414.67,LIVRE,TANGER,Carte,LIV10,2023-09-27
CMD01217,CL0956,P029,Jan 02 2023,2,173.11,livré,TANGER,Carte,LIV8,2023-01-04
CMD18785,CL0702,P013,Dec 18 2023,1,4298.94,KO,TNG,Carte,LIV3,
CMD10659,CL0370,P070,Mar 24 2023,5,4375.97,KO,CASABLANCA,Carte,LIV3,
CMD24250,CL0189,P096,27/07/2023,4,2853.93,retourné,TNG,Carte,LIV10,2023-08-01
CMD08731,CL0802,P006,07/02/2023,5,2566.76,en_cours,tanger,Carte,,
CMD28695,CL0075,P085,Jul 25 2023,1,2514.82,LIVRE,RBA,Carte,,2023-07-27
CMD02670,CL0137,P012,25/02/2023,5,4599.86,DONE,CASABLANCA,Carte,,2023-03-02
CMD10234,CL0904,P068,2023-09-09,5,3273.36,en_cours,casa,Carte,LIV3,
CMD12621,CL0539,P066,29/12/2023,3,3300.7,retourné,marrakech,Carte,LIV2,2024-01-01
CMD20267,CL0317,P073,02/05/2024,1,609.4,livre,kech,Carte,LIV4,
CMD27886,CL0811,P086,01/12/2023,3,340.97,livré,casa,Carte,LIV4,2023-12-03
CMD25187,CL0735,P046,2024-04-30,3,3341.46,en_cours,marrakech,Carte,LIV8,
CMD12081,CL0265,P061,Feb 16 2024,1,4669.94,DONE,marrakech,Carte,LIV7,2024-02-21
CMD03027,CL0192,P080,2023-10-04,2,3241.42,livré,RBA,Carte,,2023-10-08
CMD39442,CL0275,P011,Feb 02 2023,5,3441.26,en_cours,TNG,Carte,LIV5,
CMD14569,CL0402,P034,Oct 31 2023,4,4763.38,livré,marrakech,Carte,LIV4,2023-11-04
CMD33702,CL0141,P049,2023-03-14,2,806.52,KO,tanger,Carte,LIV8,
CMD33680,CL0438,P089,18/05/2023,3,2777.56,livré,Tnja,Carte,LIV4,2023-05-20
CMD08634,CL0866,P041,25/08/2023,3,2852.04,annulé,Agadir,Carte,LIV1,
CMD47166,CL0424,P071,2024-04-08,1,1318.01,en_cours,tanger,Carte,,
CMD23520,CL0294,P049,15/05/2024,3,2163.93,DONE,tanger,Carte,LIV10,2024-05-20
CMD35071,CL0491,P027,28/09/2023,3,3293.54,livré,TNG,Carte,LIV5,2023-10-02
CMD08672,CL0857,P013,2024-04-14,3,472.26,DONE,Agadir,Carte,LIV2,2024-04-16
CMD37783,CL0809,P034,25/10/2023,3,4725.02,retourné,Agadir,Carte,LIV7,2023-10-30
CMD21829,CL0580,P097,14/06/2023,4,3962.05,livré,casa,Carte,LIV1,2023-06-15
CMD48347,CL0556,P087,May 11 2024,3,4690.34,KO,tanger,Carte,LIV4,
CMD46884,CL0857,P001,19/12/2023,5,3570.0,OK,CASABLANCA,Carte,LIV9,
CMD36136,CL0814,P095,18/03/2023,2,4702.89,livré,TANGER,Carte,,2023-03-21
CMD43949,CL0098,P093,2023-03-01,4,2341.13,annulé,Agadir,Carte,LIV3,
CMD12312,CL0121,P034,20/01/2024,3,538.7,livré,Tnja,Carte,LIV1,2024-01-21
CMD09046,CL0819,P033,Aug 16 2023,4,3485.66,retourné,Agadir,Carte,LIV3,2023-08-20
CMD03161,CL0599,P075,09/02/2023,4,2454.3,KO,Agadir,Carte,LIV7,
CMD32312,CL0110,P058,21/09/2023,5,81.75,livre,tanger,Carte,LIV1,
CMD40715,CL0804,P085,2023-03-27,3,2521.66,annulé,CASABLANCA,Carte,LIV1,
CMD07071,CL0312,P006,Jan 22 2024,4,4598.8,livré,kech,Carte,LIV2,2024-01-24
CMD25792,CL0843,P010,2023-02-03,3,2561.51,livré,CASABLANCA,Carte,LIV5,2023-02-05
CMD36336,CL0997,P085,18/06/2023,3,4372.78,KO,kech,Carte,LIV8,
CMD48085,CL0676,P029,Jun 25 2023,5,3949.61,livré,kech,Carte,LIV9,2023-06-28
CMD48472,CL0436,P095,Dec 30 2023,1,2082.86,OK,marrakech,Carte,LIV4,
CMD26643,CL0002,P011,2023-05-10,5,0,LIVRE,marrakech,Carte,LIV7,2023-05-14
CMD05360,CL0521,P090,08/06/2023,4,1395.06,livre,kech,Carte,LIV8,
CMD45432,CL0574,P035,2023-06-21,4,527.08,en_cours,casa,Carte,LIV4,
CMD34651,CL0388,P058,2024-01-12,1,3873.11,annulé,TNG,Carte,,
CMD14632,CL0532,P040,12/02/2024,2,4234.06,livré,TANGER,Carte,LIV4,2024-02-16
CMD46729,CL0828,P022,2023-12-26,1,1082.36,LIVRE,CASABLANCA,Carte,LIV8,2023-12-29
CMD35372,CL0174,P053,27/02/2024,2,1399.89,en_cours,TANGER,Carte,LIV7,
CMD33316,CL0136,P033,2023-02-25,5,1746.56,DONE,CASABLANCA,Carte,,2023-02-28
CMD43023,CL0597,P058,Mar 29 2024,4,3177.02,retourné,tanger,Carte,LIV3,2024-03-30
CMD31305,CL0544,P067,Apr 24 2024,1,2107.28,livré,tanger,Carte,LIV6,2024-04-26
CMD40061,CL0774,P068,May 08 2023,4,1451.81,LIVRE,CASABLANCA,Carte,,2023-05-11
CMD38839,CL0675,P021,Jan 24 2024,3,142.53,OK,TANGER,Carte,LIV4,
CMD48155,CL0456,P092,Jul 21 2023,2,3769.8,livré,Tnja,Carte,LIV10,2023-07-22
CMD07333,CL0162,P068,23/06/2023,4,2052.34,livré,TANGER,Carte,LIV8,2023-06-26
CMD42509,CL0174,P069,2023-07-07,4,2238.35,livre,TNG,Carte,LIV9,
CMD08516,CL0919,P063,2023-12-24,5,3790.85,KO,CASABLANCA,Carte,LIV4,
CMD15753,CL0314,P087,Sep 24 2023,3,4927.23,LIVRE,tanger,Carte,LIV3,2023-09-29
CMD23775,CL0725,P008,Sep 20 2023,4,3864.07,DONE,TNG,Carte,LIV8,2023-09-24
CMD19217,CL0344,P094,2023-06-24,1,2362.85,OK,tanger,Carte,LIV3,
CMD07950,CL0434,P091,08/08/2023,1,2696.15,KO,Agadir,Carte,LIV6,
CMD10644,CL0865,P100,06/06/2023,3,4264.3,OK,casa,Carte,LIV4,
CMD03432,CL0993,P089,Jul 29 2023,1,3040.76,LIVRE,kech,Carte,LIV5,2023-08-03
CMD23014,CL0524,P053,20/03/2023,2,3570.57,livre,TANGER,Carte,LIV2,
CMD46714,CL0546,P033,09/04/2024,5,4962.5,KO,Tnja,Carte,LIV2,
CMD14244,CL0476,P010,25/11/2023,4,1932.32,en_cours,Agadir,Carte,LIV3,
CMD35839,CL0243,P017,Jan 20 2024,2,3666.14,OK,Tnja,Carte,LIV3,
CMD46510,CL0367,P006,2024-02-16,5,4089.3,KO,TANGER,Carte,LIV9,
CMD37344,CL0759,P051,07/01/2023,3,152.27,LIVRE,Tnja,Carte,LIV10,2023-01-08
CMD16927,CL0420,P032,2023-12-06,3,4199.84,livré,tanger,Carte,LIV6,2023-12-09
CMD46351,CL0035,P009,Jan 11 2023,2,1893.17,livre,TANGER,Carte,LIV3,
CMD29466,CL0830,P056,2024-03-09,3,3848.02,en_cours,RBA,Carte,LIV5,
CMD14907,CL0033,P046,2023-05-18,1,382.61,livre,RBA,Carte,LIV6,
CMD04252,CL0706,P006,01/01/2024,2,4984.7,livré,casa,Carte,LIV3,2024-01-05
CMD01706,CL0481,P035,2024-03-29,3,125.64,en_cours,TNG,Carte,LIV8,
CMD30944,CL0302,P046,Aug 11 2023,1,1741.98,retourné,TANGER,Carte,LIV9,2023-08-13
CMD05048,CL0460,P072,2023-10-31,3,2416.78,retourné,RBA,Carte,LIV2,2023-11-01
CMD05139,CL0191,P092,Aug 06 2023,4,870.7,livré,RBA,Carte,LIV3,2023-08-11
CMD20982,CL0253,P037,Jul 02 2023,3,4498.64,LIVRE,marrakech,Carte,LIV7,2023-07-04
CMD20669,CL0244,P070,2023-01-24,3,606.71,retourné,tanger,Carte,LIV4,2023-01-26
CMD03650,CL0213,P060,12/03/2024,5,2174.63,LIVRE,TANGER,Carte,LIV5,2024-03-16
CMD44019,CL0146,P025,Mar 21 2024,4,3246.74,livré,TNG,Carte,LIV1,2024-03-24
CMD40497,CL0500,P054,11/04/2024,4,3071.85,livré,RBA,Carte,LIV8,2024-04-12
CMD30403,CL0586,P029,11/01/2023,3,1806.22,DONE,kech,Carte,,2023-01-13
CMD16252,CL0593,P036,Nov 26 2023,4,3407.89,LIVRE,tanger,Carte,LIV6,2023-11-30
CMD04962,CL0456,P073,Apr 09 2023,5,1996.73,livré,TANGER,Carte,LIV8,2023-04-14
CMD09225,CL0061,P076,01/09/2023,1,4849.52,KO,tanger,Carte,LIV7,
CMD39052,CL0176,P027,2023-08-13,1,4482.1,OK,Agadir,Carte,LIV3,
CMD24665,CL0413,P032,27/10/2023,5,1093.32,LIVRE,Agadir,Carte,LIV7,2023-11-01
CMD28745,CL0775,P077,01/03/2024,4,4864.49,annulé,tanger,Carte,LIV3,
CMD05156,CL0823,P089,Sep 11 2023,4,1352.59,annulé,tanger,Carte,LIV9,
CMD36619,CL0026,P017,Aug 28 2023,2,2396.56,KO,Tnja,Carte,LIV9,
CMD14560,CL0893,P005,2023-08-13,2,4797.18,DONE,CASABLANCA,Carte,LIV2,2023-08-18
CMD31113,CL0914,P058,2024-04-02,3,2582.54,livré,tanger,Carte,LIV5,2024-04-07
CMD10191,CL0975,P083,2023-12-16,1,4971.91,OK,casa,Carte,LIV7,
CMD47243,CL0680,P076,14/07/2023,2,3995.64,DONE,marrakech,Carte,LIV5,2023-07-19
CMD43828,CL0253,P042,27/07/2023,4,3289.71,annulé,TANGER,Carte,LIV10,
CMD19218,CL0517,P040,12/12/2023,5,2974.63,KO,Tnja,Carte,LIV5,
CMD04158,CL0176,P022,2023-12-07,3,2621.59,livré,CASABLANCA,Carte,LIV7,2023-12-08
CMD30260,CL0021,P074,2023-11-28,2,2045.64,livré,kech,Carte,LIV5,2023-12-01
CMD29277,CL0202,P079,03/10/2023,4,2501.94,OK,Tnja,Carte,LIV7,
CMD40563,CL0029,P019,Feb 19 2024,1,3537.59,livre,CASABLANCA,Carte,LIV9,
CMD27173,CL0975,P024,Jan 09 2023,2,1978.28,DONE,casa,Carte,LIV1,2023-01-13
CMD08079,CL0645,P075,Jan 20 2024,5,4677.55,livré,RBA,Carte,LIV1,2024-01-24
CMD14629,CL0271,P052,05/02/2023,2,2805.17,LIVRE,TNG,Carte,LIV3,2023-02-07
CMD09841,CL0051,P027,02/05/2023,1,2276.73,DONE,tanger,Carte,LIV3,2023-05-05
CMD45456,CL0943,P038,Apr 18 2024,1,1536.44,LIVRE,Agadir,Carte,LIV7,2024-04-23
CMD26242,CL0174,P060,2023-03-25,3,1659.31,livré,Agadir,Carte,LIV7,2023-03-27
CMD06066,CL0352,P009,19/03/2024,2,2153.36,annulé,CASABLANCA,Carte,LIV8,
CMD17638,CL0799,P033,Jan 14 2024,3,4998.42,DONE,TANGER,Carte,LIV9,2024-01-15
CMD46826,CL0228,P022,Aug 27 2023,5,4247.48,annulé,tanger,Carte,LIV5,
CMD17933,CL0854,P017,Nov 13 2023,1,4168.16,en_cours,tanger,Carte,LIV4,
CMD39812,CL0126,P090,08/05/2024,1,1449.68,livré,TNG,Carte,LIV5,2024-05-10
CMD35223,CL0628,P047,2024-02-26,1,1808.68,LIVRE,Agadir,Carte,LIV7,2024-03-01
CMD30427,CL0944,P001,26/10/2023,1,1982.4,livré,marrakech,Carte,LIV4,2023-10-27
CMD31030,CL0307,P050,27/01/2024,3,4903.21,livre,marrakech,Carte,LIV8,
CMD27379,CL0905,P055,2023-11-09,4,1933.47,annulé,Tnja,Carte,LIV10,
CMD39102,CL0289,P034,27/03/2023,1,297.29,en_cours,marrakech,Carte,,
CMD12221,CL0693,P085,Jun 26 2023,5,868.93,KO,TNG,Carte,LIV6,
CMD38569,CL0178,P021,13/05/2023,4,3607.66,OK,kech,Carte,LIV4,
CMD44706,CL0214,P032,Mar 09 2023,4,766.68,livré,Agadir,Carte,LIV8,2023-03-10
CMD07356,CL0319,P016,Jan 18 2023,5,2546.49,livré,tanger,Carte,LIV4,2023-01-19
CMD05240,CL0556,P026,Sep 15 2023,2,4665.34,en_cours,RBA,Carte,LIV9,
CMD44583,CL0353,P084,2023-03-16,1,912.87,OK,tanger,Carte,LIV8,
CMD41635,CL0356,P095,02/01/2023,4,1437.74,livré,TNG,Carte,,2023-01-06
CMD12453,CL0600,P032,2023-06-26,1,3576.5,livré,TANGER,Carte,LIV6,2023-07-01
CMD09356,CL0291,P043,19/11/2023,4,4914.15,retourné,TANGER,Carte,LIV1,2023-11-20
CMD31892,CL0702,P085,Apr 01 2024,3,1503.8,OK,TNG,Carte,LIV3,
CMD03823,CL0642,P088,Jan 12 2024,1,3850.82,LIVRE,tanger,Carte,LIV5,2024-01-17
CMD27683,CL0218,P023,18/01/2023,2,1679.69,annulé,casa,Carte,LIV4,
CMD01022,CL0663,P031,Mar 19 2024,2,2973.74,livré,Agadir,Carte,LIV6,2024-03-23
CMD03170,CL0227,P068,2024-03-03,3,4417.69,DONE,Agadir,Carte,LIV6,2024-03-05
CMD07540,CL0743,P040,2024-02-21,4,4918.24,en_cours,RBA,Carte,LIV7,
CMD13648,CL0680,P020,2023-06-27,4,58.25,livre,TANGER,Carte,LIV2,
CMD05548,CL0268,P061,2023-02-21,2,4098.77,annulé,Agadir,Carte,LIV6,
CMD30901,CL0326,P085,Oct 07 2023,5,1113.58,livre,tanger,Carte,LIV2,
CMD41212,CL0103,P037,12/01/2023,1,3843.2,DONE,Agadir,Carte,LIV3,2023-01-15
CMD23536,CL0823,P092,Apr 08 2023,2,505.9,livré,marrakech,Carte,LIV2,2023-04-10
CMD20260,CL0965,P029,2023-04-28,2,3829.89,KO,casa,Carte,LIV8,
CMD32364,CL0759,P048,15/08/2023,4,1791.32,livré,casa,Carte,LIV9,2023-08-16
CMD21330,CL0386,P005,Nov 19 2023,3,3265.42,KO,CASABLANCA,Carte,LIV9,
CMD16504,CL0300,P050,Apr 29 2023,4,384.29,retourné,TANGER,Carte,LIV5,2023-05-04
CMD19478,CL0011,P040,20/02/2023,2,4755.59,annulé,marrakech,Carte,LIV1,
CMD43492,CL0050,P034,01/07/2023,3,4531.26,OK,Tnja,Carte,LIV6,
CMD43654,CL0321,P057,24/06/2023,4,2862.18,en_cours,kech,Carte,,
CMD31895,CL0002,P050,03/03/2023,3,4732.57,annulé,TANGER,Carte,LIV4,
CMD28581,CL0935,P017,Sep 16 2023,2,3326.37,KO,marrakech,Carte,LIV2,
CMD29318,CL0848,P006,2024-01-25,2,4770.31,KO,kech,Carte,LIV6,
CMD13305,CL0510,P001,Mar 21 2023,2,123.61,OK,Tnja,Carte,LIV2,
CMD17300,CL0172,P016,22/09/2023,3,4666.37,DONE,tanger,Carte,LIV1,2023-09-25
CMD19606,CL0884,P073,12/03/2023,4,2437.25,retourné,tanger,Carte,LIV8,2023-03-13
CMD06158,CL0287,P010,2023-11-30,3,3051.45,LIVRE,TANGER,Carte,LIV7,2023-12-02
CMD11079,CL0558,P029,Dec 11 2023,5,1870.44,retourné,tanger,Carte,LIV3,2023-12-14
CMD01192,CL0125,P056,23/07/2023,3,3761.98,DONE,TANGER,Carte,LIV4,2023-07-28
CMD04922,CL0304,P072,2023-05-17,3,514.79,en_cours,marrakech,Carte,LIV1,
CMD32322,CL0366,P100,Apr 30 2024,2,3788.68,DONE,casa,Carte,LIV7,2024-05-03
CMD13372,CL0547,P027,2023-03-30,1,4665.71,livré,kech,Carte,LIV5,2023-04-02
CMD41220,CL0715,P008,19/02/2023,2,243.52,annulé,tanger,Carte,LIV2,
CMD33610,CL0297,P004,28/01/2024,3,4421.41,livré,CASABLANCA,Carte,LIV2,2024-01-29
CMD13107,CL0058,P068,13/01/2023,2,2741.41,livré,CASABLANCA,Carte,LIV3,2023-01-16
CMD18924,CL0155,P016,2024-03-10,4,483.45,livré,TANGER,Carte,LIV5,2024-03-11
CMD33497,CL0011,P044,Dec 13 2023,1,2921.72,livré,marrakech,Carte,LIV1,2023-12-14
CMD23612,CL0932,P055,Jul 07 2023,4,2181.03,OK,kech,Carte,LIV2,
CMD37044,CL0084,P085,08/12/2023,4,3481.87,retourné,TNG,Carte,LIV3,2023-12-11
CMD13682,CL0457,P061,2023-10-19,1,1127.31,annulé,Agadir,Carte,LIV6,
CMD06547,CL0643,P076,May 25 2023,4,1720.61,livré,casa,Carte,LIV6,2023-05-30
CMD42730,CL0556,P002,2024-01-10,5,745.83,livre,Agadir,Carte,LIV8,
CMD42605,CL0004,P018,Mar 15 2023,2,1871.28,livré,CASABLANCA,Carte,LIV9,2023-03-16
CMD03840,CL0636,P046,2023-11-30,3,1901.38,livré,TNG,Carte,LIV10,2023-12-05
CMD36179,CL0266,P012,01/01/2023,3,2284.86,DONE,casa,Carte,LIV5,2023-01-02
CMD33890,CL0762,P074,Apr 23 2024,5,2888.42,livré,kech,Carte,LIV8,2024-04-25
CMD25636,CL0300,P009,14/01/2023,4,0,livre,CASABLANCA,Carte,LIV3,
CMD35865,CL0633,P088,17/04/2024,5,629.53,LIVRE,TNG,Carte,LIV5,2024-04-18
CMD34665,CL0574,P001,2023-08-27,5,2528.67,DONE,tanger,Carte,LIV6,2023-08-31
CMD17289,CL0102,P094,Apr 27 2024,5,1919.38,LIVRE,casa,Carte,LIV5,2024-04-28
CMD19158,CL0824,P046,2023-05-26,1,4313.35,livre,casa,Carte,LIV5,
CMD00547,CL0801,P072,2023-07-15,1,3954.91,en_cours,Tnja,Carte,LIV5,
CMD19406,CL0823,P081,May 11 2023,4,4468.4,annulé,CASABLANCA,Carte,LIV8,
CMD14967,CL0251,P094,06/12/2023,2,3879.36,livre,Agadir,Carte,LIV3,
CMD33232,CL0656,P069,Oct 20 2023,3,3808.65,livré,Agadir,Carte,LIV7,2023-10-24
CMD07249,CL0631,P050,06/01/2024,4,2773.43,en_cours,CASABLANCA,Carte,LIV8,
CMD15195,CL0936,P096,Jun 08 2023,2,4405.47,livré,TANGER,Carte,LIV8,2023-06-13
CMD23008,CL0630,P086,Jun 19 2023,1,3021.04,KO,tanger,Carte,LIV1,
CMD40649,CL0745,P019,24/03/2023,1,1913.14,KO,tanger,Carte,LIV6,
CMD27331,CL0659,P076,Jan 21 2024,4,2626.3,OK,Tnja,Carte,LIV9,
CMD09888,CL0704,P054,Nov 29 2023,3,4682.06,DONE,Tnja,Carte,LIV6,2023-11-30
CMD04975,CL0987,P054,2023-10-30,5,1457.31,livré,marrakech,Carte,LIV5,2023-10-31
CMD37257,CL0956,P018,Mar 28 2024,-1,4376.53,livré,TNG,Carte,LIV1,2024-04-01
CMD45939,CL0285,P072,2023-09-14,4,3075.01,en_cours,tanger,Carte,LIV9,
CMD22702,CL0662,P063,11/09/2023,3,3905.8,LIVRE,RBA,Carte,,2023-09-15
CMD11072,CL0796,P018,Jun 27 2023,2,2885.38,DONE,TNG,Carte,LIV5,2023-06-28
CMD30181,CL0036,P097,Sep 16 2023,3,2611.84,annulé,RBA,Carte,LIV4,
CMD22817,CL0099,P084,2023-01-13,4,3360.26,retourné,TNG,Carte,LIV6,2023-01-15
CMD07802,CL0371,P054,2023-10-21,1,3774.21,livre,CASABLANCA,Carte,LIV2,
CMD27972,CL0181,P016,2023-09-08,3,1308.69,annulé,kech,Carte,LIV2,
CMD41953,CL0028,P018,Dec 17 2023,5,4779.16,OK,marrakech,Carte,LIV1,
CMD09169,CL0330,P004,Jul 06 2023,1,1764.39,KO,TNG,Carte,LIV2,
CMD20148,CL0626,P021,Jan 25 2024,4,2792.83,livre,marrakech,Carte,LIV10,
CMD16850,CL0067,P001,2023-09-22,4,2133.97,livré,Tnja,Carte,LIV9,2023-09-24
CMD13332,CL0852,P048,2023-09-07,5,4239.67,LIVRE,TNG,Carte,LIV10,2023-09-08
CMD30056,CL0348,P059,25/08/2023,2,1966.73,livré,tanger,Carte,LIV4,2023-08-26
CMD09349,CL0844,P076,03/01/2024,2,304.73,livré,Agadir,Carte,LIV10,2024-01-06
CMD32295,CL0963,P015,09/06/2023,3,577.33,LIVRE,CASABLANCA,Carte,LIV3,2023-06-13
CMD25626,CL0460,P023,Jan 21 2023,4,1728.32,en_cours,Agadir,Carte,LIV10,
CMD11146,CL0039,P096,2023-06-06,2,4456.93,en_cours,Tnja,Carte,LIV1,
CMD11172,CL0380,P040,Feb 08 2023,1,796.89,livre,Tnja,Carte,LIV8,
CMD43719,CL0512,P060,27/03/2023,1,4581.28,livré,CASABLANCA,Carte,LIV10,2023-03-31
CMD25719,CL0783,P039,07/02/2023,2,3080.62,OK,TANGER,Carte,LIV6,
CMD34726,CL0304,P018,2023-12-05,3,4520.73,KO,casa,Carte,LIV1,
CMD15239,CL0884,P097,2023-09-24,1,1670.46,KO,tanger,Carte,LIV9,
CMD11016,CL0292,P051,26/01/2024,1,481.43,livré,Tnja,Carte,LIV4,2024-01-29
CMD24588,CL0535,P012,Sep 25 2023,4,1370.69,livré,kech,Carte,LIV6,2023-09-30
CMD11268,CL0962,P068,26/04/2024,1,445.04,livré,casa,Carte,LIV5,2024-04-30
CMD07574,CL0555,P069,2023-06-24,1,2568.12,KO,marrakech,Carte,LIV5,
CMD05327,CL0038,P088,Sep 06 2023,2,4255.31,en_cours,RBA,Carte,LIV9,
CMD09586,CL0866,P065,2023-05-07,5,89.21,LIVRE,tanger,Carte,LIV5,2023-05-11
CMD40346,CL0597,P052,Feb 07 2023,1,4254.63,KO,kech,Carte,,
CMD32030,CL0823,P086,22/06/2023,4,3805.56,livré,marrakech,Carte,LIV6,2023-06-26
CMD20381,CL0514,P010,May 16 2023,4,4236.46,livre,Tnja,Carte,LIV1,
CMD12222,CL0539,P046,22/04/2024,2,1514.75,annulé,Tnja,Carte,,
CMD31878,CL0922,P068,2023-07-22,3,3195.45,DONE,kech,Carte,,2023-07-23
CMD44872,CL0467,P075,28/11/2023,1,1367.28,livré,Tnja,Carte,LIV2,2023-11-29
CMD45265,CL0716,P083,03/08/2023,4,1196.27,livre,tanger,Carte,LIV4,
CMD38592,CL0139,P043,Jan 13 2023,3,2688.7,livré,RBA,Carte,LIV9,2023-01-14
CMD45775,CL0926,P041,24/04/2023,3,3582.14,retourné,Agadir,Carte,LIV4,2023-04-27
CMD17175,CL0156,P087,03/05/2023,4,801.48,livré,kech,Carte,LIV3,2023-05-05
CMD25619,CL0893,P013,2023-01-28,3,4482.55,retourné,CASABLANCA,Carte,LIV3,2023-01-31
CMD47942,CL0724,P009,17/07/2023,5,1837.75,livré,Tnja,Carte,LIV8,2023-07-18
CMD23198,CL0407,P045,2023-10-03,2,2376.76,annulé,TANGER,Carte,LIV4,
CMD12767,CL0963,P013,2024-03-22,-1,3918.12,retourné,Agadir,Carte,LIV6,2024-03-26
CMD28083,CL0523,P057,Aug 15 2023,5,2415.56,en_cours,tanger,Carte,LIV2,
CMD11266,CL0747,P006,04/12/2023,5,315.79,retourné,TANGER,Carte,LIV1,2023-12-05
CMD05444,CL0741,P041,Sep 11 2023,4,3758.94,livré,Tnja,Carte,LIV4,2023-09-15
CMD41927,CL0356,P050,02/01/2023,2,4167.88,LIVRE,CASABLANCA,Carte,,2023-01-07
CMD32038,CL0261,P004,2024-02-15,3,3917.51,livré,kech,Carte,LIV5,2024-02-19
CMD35518,CL0113,P044,2023-06-30,2,1827.54,livré,RBA,Carte,LIV10,2023-07-04
CMD38040,CL0179,P030,Apr 29 2023,1,2461.16,OK,tanger,Carte,LIV10,
CMD20910,CL0746,P005,2024-02-02,1,160.02,KO,tanger,Carte,LIV8,
CMD16440,CL0346,P002,27/04/2023,1,1389.65,livré,CASABLANCA,Carte,LIV2,2023-05-01
CMD30672,CL0164,P074,08/04/2024,4,3418.4,KO,marrakech,Carte,LIV8,
CMD34730,CL0432,P032,2024-01-28,3,472.38,KO,kech,Carte,LIV6,
CMD25775,CL0558,P090,Aug 31 2023,2,2173.22,retourné,TANGER,Carte,,2023-09-02
CMD47526,CL0888,P073,Jan 27 2023,1,2757.66,livré,kech,Carte,LIV7,2023-01-28
CMD16735,CL0897,P071,2024-04-22,3,2856.04,retourné,Agadir,Carte,LIV1,2024-04-25
CMD43689,CL0121,P075,2023-10-16,3,3341.94,OK,tanger,Carte,LIV5,
CMD43637,CL0550,P001,Dec 14 2023,3,1553.1,DONE,RBA,Carte,LIV6,2023-12-16
CMD16657,CL0487,P086,Aug 26 2023,3,868.43,LIVRE,tanger,Carte,LIV2,2023-08-27
CMD10275,CL0212,P058,2023-11-24,5,661.41,annulé,kech,Carte,,
CMD33119,CL0389,P060,30/11/2023,2,1162.73,livré,casa,Carte,LIV8,2023-12-03
CMD17696,CL0350,P024,08/11/2023,4,1950.19,LIVRE,CASABLANCA,Carte,LIV9,2023-11-13
CMD30174,CL0994,P032,07/01/2024,-1,443.65,LIVRE,tanger,Carte,LIV9,2024-01-10
CMD29223,CL0948,P057,Mar 24 2024,3,4029.18,livré,marrakech,Carte,LIV10,2024-03-29
CMD42964,CL0738,P062,03/07/2023,5,173.84,DONE,RBA,Carte,LIV1,2023-07-08
CMD24811,CL0297,P043,2024-04-15,5,2946.07,livré,Agadir,Carte,LIV6,2024-04-19
CMD14851,CL0423,P069,2023-09-28,5,87.36,livré,CASABLANCA,Carte,LIV7,2023-09-29
CMD18176,CL0601,P015,2023-11-08,2,2720.67,en_cours,TNG,Carte,LIV10,
CMD28892,CL0795,P056,14/10/2023,3,4678.4,DONE,CASABLANCA,Carte,LIV5,2023-10-19
CMD09142,CL0160,P036,03/02/2023,5,3122.01,livré,RBA,Carte,LIV4,2023-02-05
CMD28534,CL0490,P013,25/04/2023,2,3999.66,OK,Agadir,Carte,LIV2,
CMD39327,CL0421,P069,06/10/2023,1,3429.49,DONE,TNG,Carte,LIV7,2023-10-09
CMD44746,CL0039,P063,06/01/2024,4,2752.74,annulé,casa,Carte,LIV4,
CMD38035,CL0944,P064,2023-03-10,1,2669.06,livré,marrakech,Carte,LIV9,2023-03-14
CMD01444,CL0414,P072,28/08/2023,5,3210.03,livre,casa,Carte,LIV1,
CMD19333,CL0457,P028,07/08/2023,4,3330.88,livré,TNG,Carte,LIV6,2023-08-11
CMD27392,CL0547,P030,Oct 25 2023,5,4745.04,en_cours,casa,Carte,LIV7,
CMD05056,CL0749,P043,Feb 17 2023,3,0,livré,Agadir,Carte,LIV8,2023-02-18
CMD20188,CL0137,P058,Oct 07 2023,1,916.85,livré,TNG,Carte,LIV2,2023-10-11
CMD33646,CL0008,P081,Aug 28 2023,4,1131.24,livré,TNG,Carte,LIV7,2023-08-31
CMD27489,CL0734,P030,May 05 2024,5,4705.75,annulé,CASABLANCA,Carte,LIV9,
CMD01231,CL0875,P035,Mar 12 2024,5,4165.7,LIVRE,tanger,Carte,LIV1,2024-03-13
CMD06223,CL0964,P018,24/10/2023,3,3567.61,annulé,tanger,Carte,LIV1,
CMD39078,CL0203,P070,2024-05-14,3,3800.61,LIVRE,RBA,Carte,LIV4,2024-05-16
CMD28770,CL0718,P092,22/02/2024,2,2543.21,annulé,tanger,Carte,LIV2,
CMD47642,CL0076,P058,Mar 12 2023,1,699.38,retourné,kech,Carte,LIV3,2023-03-13
CMD12390,CL0972,P037,2023-11-14,2,2885.22,retourné,TANGER,Carte,LIV5,2023-11-17
CMD37579,CL0615,P018,Mar 24 2023,5,0,annulé,kech,Carte,LIV5,
CMD33265,CL0318,P071,Feb 20 2023,3,2742.94,en_cours,TANGER,Carte,LIV2,
CMD03453,CL0623,P055,Jun 08 2023,4,3674.5,retourné,kech,Carte,LIV3,2023-06-11
CMD09224,CL0100,P009,03/03/2023,2,3351.18,DONE,marrakech,Carte,LIV7,2023-03-04
CMD42139,CL0644,P013,Aug 18 2023,1,1086.03,livre,tanger,Carte,LIV6,
CMD05340,CL0284,P083,30/04/2023,1,1924.24,KO,marrakech,Carte,LIV8,
CMD04347,CL0339,P051,2024-01-27,1,1170.33,OK,TNG,Carte,LIV8,
CMD24576,CL0294,P013,06/06/2023,3,4851.76,LIVRE,CASABLANCA,Carte,LIV3,2023-06-07
CMD17997,CL0077,P094,10/05/2023,5,3313.72,DONE,TANGER,Carte,LIV4,2023-05-11
CMD18821,CL0466,P095,22/05/2023,5,4193.84,DONE,kech,Carte,LIV5,2023-05-25
CMD23513,CL0173,P009,Sep 12 2023,5,3510.86,LIVRE,tanger,Carte,LIV10,2023-09-15
CMD19636,CL0193,P044,Jan 23 2024,1,4534.92,LIVRE,CASABLANCA,Carte,LIV8,2024-01-26
CMD21002,CL0547,P035,04/07/2023,3,3224.83,KO,casa,Carte,LIV2,
CMD44844,CL0007,P004,Apr 11 2023,2,898.06,KO,casa,Carte,LIV7,
CMD04774,CL0469,P037,23/04/2024,4,928.84,livré,TANGER,Carte,LIV8,2024-04-28
CMD14036,CL0428,P012,2023-05-18,4,81.85,annulé,TNG,Carte,,
CMD24867,CL0096,P071,2024-01-14,5,4082.86,livré,TNG,Carte,LIV3,2024-01-15
CMD36319,CL0991,P020,2023-09-30,5,419.15,livré,RBA,Carte,LIV6,2023-10-02
CMD32390,CL0297,P069,2023-07-04,2,1095.01,DONE,Tnja,Carte,LIV1,2023-07-07
CMD09446,CL0057,P078,Apr 06 2024,-1,2409.2,OK,casa,Carte,LIV8,
CMD12791,CL0483,P053,May 16 2023,1,3001.68,annulé,RBA,Carte,LIV10,
CMD22230,CL0580,P050,2023-12-12,4,4542.11,DONE,RBA,Carte,LIV5,2023-12-13
CMD41993,CL0409,P016,2023-11-30,1,657.81,livré,casa,Carte,LIV1,2023-12-02
CMD10059,CL0448,P050,12/04/2024,2,1520.18,annulé,CASABLANCA,Carte,LIV7,
CMD41751,CL0273,P035,25/06/2023,3,1428.25,livré,casa,Carte,LIV8,2023-06-30
CMD00984,CL0379,P076,23/06/2023,2,3947.96,KO,CASABLANCA,Carte,LIV1,
CMD00650,CL0817,P034,07/09/2023,4,1645.47,retourné,marrakech,Carte,LIV3,2023-09-09
CMD46863,CL0839,P021,Mar 06 2023,3,3605.55,KO,CASABLANCA,Carte,LIV1,
CMD33965,CL0343,P035,Apr 25 2024,3,4060.57,livre,Tnja,Carte,,
CMD20885,CL0925,P033,04/01/2024,3,4417.86,OK,Tnja,Carte,LIV5,
CMD47920,CL0174,P081,07/01/2023,3,578.05,DONE,Agadir,Carte,LIV5,2023-01-10
CMD22532,CL0040,P077,27/12/2023,1,3165.35,livré,marrakech,Carte,LIV1,2023-12-29
CMD44575,CL0684,P063,28/12/2023,1,2496.5,KO,marrakech,Carte,LIV2,
CMD03901,CL0207,P076,2024-04-24,1,824.8,KO,RBA,Carte,LIV4,
CMD13288,CL0423,P079,2024-03-30,4,3364.5,livré,casa,Carte,LIV4,2024-04-04
CMD00700,CL0373,P086,Jul 01 2023,1,1940.83,livré,casa,Carte,LIV4,2023-07-05
CMD32608,CL0379,P039,Feb 14 2023,3,1440.52,livre,tanger,Carte,,
CMD27117,CL0368,P072,Oct 26 2023,5,3259.63,livre,tanger,Carte,LIV1,
CMD32792,CL0032,P032,Jan 05 2023,1,2934.19,en_cours,kech,Carte,,
CMD18560,CL0708,P086,19/05/2023,1,1922.34,OK,RBA,Carte,LIV7,
CMD22108,CL0167,P067,07/11/2023,1,1192.99,retourné,kech,Carte,LIV2,2023-11-10
CMD29594,CL0392,P015,2023-10-19,5,719.54,LIVRE,TANGER,Carte,LIV2,2023-10-24
CMD12832,CL0817,P060,Apr 13 2024,4,3819.28,livré,CASABLANCA,Carte,LIV3,2024-04-17
CMD20248,CL0295,P037,Jul 04 2023,1,485.37,livré,TANGER,Carte,LIV9,2023-07-09
CMD27221,CL0503,P046,Dec 25 2023,4,1167.18,LIVRE,TANGER,Carte,LIV6,2023-12-27
CMD14607,CL0037,P080,Jan 01 2023,1,2839.94,livre,Tnja,Carte,LIV7,
CMD16869,CL0664,P096,Mar 27 2023,2,3296.89,livré,kech,Carte,LIV5,2023-04-01
CMD07254,CL0724,P010,2023-07-18,5,2442.61,livré,casa,Carte,LIV4,2023-07-21
CMD28704,CL0150,P092,29/07/2023,2,2944.45,DONE,Tnja,Carte,LIV3,2023-07-30
CMD27011,CL0266,P059,2023-02-22,1,3830.81,OK,kech,Carte,LIV9,
CMD14420,CL0041,P048,Sep 03 2023,3,1080.31,LIVRE,TNG,Carte,LIV10,2023-09-07
CMD02673,CL0684,P029,11/04/2023,2,4009.22,KO,Agadir,Carte,,
CMD47234,CL0090,P011,21/04/2023,3,3796.33,KO,RBA,Carte,LIV7,
CMD05710,CL0995,P040,28/08/2023,1,2670.01,annulé,kech,Carte,LIV1,
CMD32544,CL0750,P035,16/04/2024,4,197.63,OK,kech,Carte,LIV5,
CMD44310,CL0092,P072,24/11/2023,3,875.91,livré,RBA,Carte,LIV4,2023-11-25
CMD16189,CL0870,P008,Feb 03 2024,4,1024.32,KO,kech,Carte,LIV7,
CMD04019,CL0094,P053,2023-05-16,3,3804.78,annulé,casa,Carte,,
CMD30355,CL0296,P049,Sep 19 2023,5,3988.78,LIVRE,Tnja,Carte,LIV4,2023-09-22
CMD05122,CL0247,P050,Jan 08 2024,2,4792.59,en_cours,Agadir,Carte,LIV5,
CMD29269,CL0696,P065,04/02/2023,1,1524.98,DONE,TANGER,Carte,LIV8,2023-02-09
CMD47227,CL0687,P096,May 01 2024,2,1607.11,DONE,kech,Carte,LIV6,2024-05-03
CMD22169,CL0837,P099,07/09/2023,2,3538.97,annulé,kech,Carte,LIV6,
CMD26829,CL0448,P008,Jun 02 2023,2,2957.3,KO,marrakech,Carte,LIV3,
CMD48323,CL0417,P067,26/10/2023,5,3033.38,livre,CASABLANCA,Carte,LIV6,
CMD30109,CL0176,P092,16/04/2023,1,1956.02,OK,RBA,Carte,LIV6,
CMD17660,CL0203,P090,May 20 2023,3,4964.26,livré,kech,Carte,LIV2,2023-05-22
CMD45841,CL0709,P017,28/04/2024,4,3971.1,annulé,tanger,Carte,LIV3,
CMD10403,CL0709,P078,01/12/2023,2,188.78,livré,casa,Carte,LIV6,2023-12-03
CMD41563,CL0691,P083,Jun 08 2023,2,0,retourné,Tnja,Carte,LIV5,2023-06-10
CMD16134,CL0314,P047,2023-11-08,4,905.99,annulé,TNG,Carte,LIV9,
CMD12040,CL0072,P013,21/04/2024,1,101.14,en_cours,casa,Carte,LIV2,
CMD18059,CL0585,P004,2023-01-28,4,4519.16,OK,tanger,Carte,LIV2,
CMD35396,CL0157,P061,25/07/2023,1,4270.08,LIVRE,marrakech,Carte,,2023-07-29
CMD17140,CL0258,P063,Nov 03 2023,1,2033.05,livre,TNG,Carte,LIV2,
CMD43148,CL0742,P015,Feb 08 2023,5,1956.34,LIVRE,Agadir,Carte,LIV4,2023-02-09
CMD44839,CL0499,P010,2023-04-05,4,631.1,livre,casa,Carte,LIV8,
CMD17534,CL0605,P080,04/01/2023,-1,4680.98,OK,Tnja,Carte,LIV8,
CMD35618,CL0193,P041,Jan 01 2024,2,4141.11,OK,tanger,Carte,LIV9,
CMD32294,CL0996,P080,Feb 10 2024,1,2845.31,KO,marrakech,Carte,LIV10,
CMD01890,CL0691,P027,Oct 28 2023,1,2630.2,retourné,Agadir,Carte,LIV4,2023-10-30
CMD04300,CL0509,P028,10/02/2023,5,4369.42,retourné,tanger,Carte,LIV5,2023-02-13
CMD27184,CL0021,P070,May 12 2023,5,2398.25,OK,RBA,Carte,LIV10,
CMD35464,CL0881,P043,2023-09-02,1,4024.93,retourné,RBA,Carte,LIV1,2023-09-07
CMD32201,CL0946,P008,Jan 11 2024,3,1035.74,en_cours,RBA,Carte,LIV6,
CMD13604,CL0173,P005,29/12/2023,5,2000.79,annulé,CASABLANCA,Carte,LIV5,
CMD29444,CL0816,P055,Jan 05 2024,1,2624.26,LIVRE,Agadir,Carte,LIV1,2024-01-06
CMD13997,CL0704,P055,Jul 14 2023,4,2106.42,DONE,CASABLANCA,Carte,LIV1,2023-07-18
CMD02410,CL0767,P049,Jan 17 2024,1,3232.32,livre,kech,Carte,LIV7,
CMD36292,CL0259,P010,Jun 12 2023,5,1869.7,livré,Agadir,Carte,LIV7,2023-06-17
CMD40926,CL0620,P020,29/04/2023,4,710.66,DONE,TNG,Carte,LIV6,2023-04-30
CMD13192,CL0190,P067,27/01/2023,5,1543.35,LIVRE,TNG,Carte,LIV9,2023-01-29
CMD27616,CL0331,P034,08/02/2023,2,3200.99,annulé,RBA,Carte,LIV10,
CMD00412,CL0927,P100,11/04/2023,1,869.36,annulé,Agadir,Carte,LIV9,
CMD04908,CL0107,P020,2024-01-31,1,1352.93,annulé,CASABLANCA,Carte,LIV4,
CMD34891,CL0407,P012,Jan 07 2024,3,2602.48,OK,tanger,Carte,LIV6,
CMD30514,CL0925,P086,14/01/2023,1,2465.71,OK,Tnja,Carte,,
CMD25139,CL0119,P068,2023-02-21,4,4086.53,livré,TANGER,Carte,LIV9,2023-02-26
CMD06753,CL0666,P092,2023-01-08,1,1767.79,KO,casa,Carte,LIV5,
CMD16691,CL0104,P089,Dec 24 2023,4,4085.95,DONE,TNG,Carte,LIV7,2023-12-29
CMD07277,CL0754,P042,2024-02-07,5,976.76,KO,tanger,Carte,LIV10,
CMD48274,CL0412,P084,2023-12-02,2,1688.36,OK,kech,Carte,LIV9,
CMD42981,CL0789,P012,2023-12-05,1,3319.27,OK,kech,Carte,LIV3,
CMD25521,CL0953,P046,26/08/2023,5,3260.21,livré,CASABLANCA,Carte,LIV9,2023-08-29
CMD45524,CL0348,P024,26/07/2023,4,758.14,annulé,CASABLANCA,Carte,LIV9,
CMD25740,CL0232,P025,27/07/2023,1,1803.29,retourné,casa,Carte,LIV8,2023-08-01
CMD29787,CL0581,P085,2023-09-19,1,3357.08,livré,RBA,Carte,LIV6,2023-09-22
CMD37931,CL0783,P089,2023-08-24,5,1152.59,DONE,casa,Carte,LIV5,2023-08-27
CMD46656,CL0517,P061,2024-02-22,4,4943.86,KO,RBA,Carte,LIV2,
CMD23419,CL0443,P025,Nov 10 2023,5,1539.92,livré,marrakech,Carte,LIV9,2023-11-12
CMD44070,CL0259,P088,2024-01-28,5,3584.62,livré,tanger,Carte,LIV6,2024-01-31
CMD03806,CL0981,P079,2023-04-30,2,4328.89,DONE,TANGER,Carte,,2023-05-05
CMD11922,CL0996,P080,Aug 28 2023,4,680.26,LIVRE,marrakech,Carte,LIV3,2023-08-29
CMD31562,CL0207,P068,09/06/2023,3,800.28,livré,casa,Carte,LIV3,2023-06-10
CMD03212,CL0886,P100,11/05/2024,2,2852.72,retourné,RBA,Carte,LIV6,2024-05-14
CMD13972,CL0948,P095,Sep 20 2023,5,2090.78,livre,TNG,Carte,LIV6,
CMD21511,CL0545,P001,Sep 03 2023,5,3981.6,annulé,CASABLANCA,Carte,LIV5,
CMD20981,CL0703,P022,Jun 18 2023,4,1402.57,KO,casa,Carte,LIV6,
CMD18416,CL0592,P076,07/10/2023,3,1726.28,annulé,kech,Carte,LIV8,
CMD41288,CL0330,P046,Aug 19 2023,1,3614.0,OK,TNG,Carte,LIV6,
CMD44444,CL0334,P055,Mar 13 2024,1,751.84,annulé,CASABLANCA,Carte,LIV1,
CMD37614,CL0001,P017,12/06/2023,1,778.42,KO,CASABLANCA,Carte,LIV4,
CMD22283,CL0895,P048,03/05/2023,4,125.17,retourné,RBA,Carte,LIV4,2023-05-05
CMD47947,CL0270,P004,21/02/2023,2,2352.0,livré,CASABLANCA,Carte,LIV8,2023-02-25
CMD41231,CL0170,P053,22/03/2023,1,4774.12,OK,marrakech,Carte,LIV8,
CMD41239,CL0782,P078,2023-10-21,2,1295.88,livre,Tnja,Carte,LIV10,
CMD41821,CL0773,P061,Jan 19 2023,4,4749.04,livre,casa,Carte,,
CMD35870,CL0851,P045,01/01/2024,2,387.08,retourné,TNG,Carte,LIV10,2024-01-03
CMD12041,CL0028,P009,Aug 26 2023,5,4277.91,annulé,TANGER,Carte,LIV3,
CMD36737,CL0050,P014,19/03/2023,5,3145.07,annulé,tanger,Carte,LIV4,
CMD26929,CL0987,P008,Oct 29 2023,1,510.47,livre,TANGER,Carte,LIV4,
CMD25900,CL0153,P016,2024-01-22,5,893.17,livré,Agadir,Carte,LIV2,2024-01-25
CMD21526,CL0906,P070,2023-03-16,2,4618.27,KO,CASABLANCA,Carte,LIV2,
CMD13467,CL0671,P052,Jun 27 2023,2,4026.15,livré,kech,Carte,LIV10,2023-06-29
CMD30366,CL0526,P074,2024-04-09,3,2788.92,livré,marrakech,Carte,LIV8,2024-04-10
CMD30967,CL0900,P039,Mar 04 2023,1,1921.31,en_cours,tanger,Carte,LIV1,
CMD08252,CL0849,P068,2024-01-19,2,2565.24,annulé,TNG,Carte,LIV10,
CMD40683,CL0693,P023,2023-01-13,1,4336.22,livre,CASABLANCA,Carte,LIV9,
CMD44894,CL0746,P093,Jul 06 2023,4,662.53,retourné,Tnja,Carte,,2023-07-08
CMD35950,CL0513,P002,29/06/2023,3,3985.05,livré,RBA,Carte,LIV2,2023-06-30
CMD12899,CL0987,P006,2023-04-25,4,1380.15,livre,kech,Carte,LIV3,
CMD24767,CL0859,P023,2023-04-24,2,382.84,livré,kech,Carte,LIV2,2023-04-29
CMD24697,CL0761,P066,2023-12-27,2,1389.16,LIVRE,Tnja,Carte,LIV7,2023-12-28
CMD12607,CL0818,P088,Sep 18 2023,4,877.61,OK,marrakech,Carte,LIV9,
CMD38318,CL0522,P029,Nov 16 2023,3,2836.02,LIVRE,TANGER,Carte,LIV10,2023-11-17
CMD08865,CL0294,P012,2023-08-28,1,3432.34,livre,Agadir,Carte,LIV4,
CMD33809,CL0143,P003,23/03/2023,2,1519.0,livré,Agadir,Carte,LIV4,2023-03-26
CMD32963,CL0637,P055,2024-01-02,3,275.97,annulé,tanger,Carte,LIV7,
CMD36944,CL0239,P036,Feb 01 2023,1,4831.83,livré,casa,Carte,,2023-02-06
CMD27057,CL0379,P076,16/08/2023,3,4537.53,KO,casa,Carte,LIV10,
CMD15907,CL0902,P090,29/08/2023,4,355.81,en_cours,TANGER,Carte,LIV7,
CMD46094,CL0681,P093,Apr 25 2023,5,2637.66,DONE,TANGER,Carte,LIV6,2023-04-26
CMD05562,CL0279,P062,16/10/2023,2,1519.88,DONE,Tnja,Carte,LIV3,2023-10-21
CMD12088,CL0290,P096,Jul 14 2023,3,4772.28,livré,kech,Carte,LIV10,2023-07-18
CMD29689,CL0467,P095,06/06/2023,5,2554.37,livré,CASABLANCA,Carte,LIV10,2023-06-10
CMD28981,CL0403,P052,04/11/2023,4,4630.77,DONE,tanger,Carte,LIV10,2023-11-06
CMD19064,CL0284,P074,Mar 08 2024,1,145.18,DONE,kech,Carte,LIV9,2024-03-11
CMD16436,CL0937,P071,Feb 04 2023,4,1291.08,livré,kech,Carte,LIV10,2023-02-05
CMD33992,CL0047,P068,01/04/2024,3,898.55,en_cours,TANGER,Carte,LIV8,
CMD24235,CL0218,P047,2023-12-05,1,4834.91,en_cours,Agadir,Carte,LIV2,
CMD42350,CL0342,P072,09/02/2024,4,4669.0,OK,kech,Carte,LIV9,
CMD33114,CL0593,P020,Feb 08 2024,3,3269.31,annulé,TNG,Carte,LIV2,
CMD20846,CL0607,P075,25/07/2023,2,1005.88,livré,marrakech,Carte,LIV10,2023-07-28
CMD44910,CL0431,P055,2023-12-19,3,925.15,retourné,casa,Carte,LIV5,2023-12-22
CMD32034,CL0467,P014,Nov 16 2023,5,1437.31,LIVRE,casa,Carte,LIV9,2023-11-20
CMD31259,CL0549,P100,2023-03-20,5,306.69,livré,CASABLANCA,Carte,LIV1,2023-03-23
CMD32731,CL0428,P024,2023-02-06,2,274.82,en_cours,Tnja,Carte,LIV1,
CMD39843,CL0925,P009,2023-01-13,4,4386.38,OK,marrakech,Carte,LIV1,
CMD01363,CL0102,P095,2024-04-22,5,570.46,LIVRE,tanger,Carte,LIV3,2024-04-23
CMD25957,CL0845,P095,17/05/2023,5,4957.78,livre,CASABLANCA,Carte,LIV4,
CMD31510,CL0938,P019,Sep 04 2023,4,433.8,DONE,Agadir,Carte,LIV2,2023-09-06
CMD41634,CL0699,P087,28/08/2023,5,2736.9,livré,RBA,Carte,LIV2,2023-08-29
CMD16116,CL0785,P056,Apr 21 2024,1,3663.36,livré,kech,Carte,LIV1,2024-04-24
CMD09301,CL0390,P078,22/08/2023,4,1414.27,livre,CASABLANCA,Carte,LIV5,
CMD01804,CL0176,P062,2023-04-02,1,805.25,livré,RBA,Carte,,2023-04-06
CMD41158,CL0210,P034,2024-01-26,1,3879.67,livre,tanger,Carte,LIV6,
CMD06361,CL0056,P018,Jun 22 2023,4,1399.49,KO,tanger,Carte,LIV7,
CMD12668,CL0962,P005,09/03/2023,5,824.88,annulé,TNG,Carte,LIV1,
CMD22450,CL0771,P002,01/08/2023,2,1960.54,DONE,TNG,Carte,LIV8,2023-08-03
CMD29395,CL0777,P027,19/10/2023,5,4588.62,en_cours,TNG,Carte,LIV3,
CMD10047,CL0250,P066,Nov 19 2023,4,4897.93,annulé,kech,Carte,LIV2,
CMD18421,CL0926,P065,21/02/2024,5,1991.15,KO,kech,Carte,LIV6,
CMD22172,CL0256,P094,2023-05-02,2,384.85,livré,casa,Carte,LIV7,2023-05-03
CMD11592,CL0883,P024,2023-12-15,5,4058.32,LIVRE,TNG,Carte,LIV2,2023-12-18
CMD15631,CL0258,P074,2024-01-27,5,3948.05,livré,RBA,Carte,LIV1,2024-01-31
CMD02729,CL0671,P017,2024-01-26,4,1421.2,retourné,CASABLANCA,Carte,,2024-01-28
CMD03570,CL0525,P084,17/12/2023,5,2815.85,annulé,tanger,Carte,LIV8,
CMD29531,CL0991,P079,2023-03-01,5,2028.66,LIVRE,marrakech,Carte,LIV5,2023-03-05
CMD14274,CL0198,P024,2023-10-29,3,4316.56,annulé,kech,Carte,LIV6,
CMD34628,CL0097,P048,2023-11-28,3,2778.23,livré,CASABLANCA,Carte,LIV6,2023-12-02
CMD07995,CL0395,P011,2023-04-04,3,2099.85,livré,TNG,Carte,LIV7,2023-04-06
CMD24701,CL0895,P037,May 16 2023,4,368.56,retourné,TANGER,Carte,LIV10,2023-05-18
CMD35211,CL0548,P039,23/01/2024,2,1087.21,LIVRE,TNG,Carte,LIV6,2024-01-24
CMD10641,CL0318,P069,19/03/2023,1,498.65,livré,casa,Carte,LIV2,2023-03-22
CMD42257,CL0701,P063,26/02/2024,4,225.3,KO,Agadir,Carte,LIV1,
CMD12742,CL0532,P049,2023-12-08,3,1902.83,livre,TNG,Carte,,
CMD26349,CL0958,P072,2023-06-01,3,4275.62,en_cours,CASABLANCA,Carte,LIV4,
CMD29653,CL0311,P080,Mar 01 2024,3,1959.75,KO,RBA,Carte,LIV8,
CMD43765,CL0263,P006,2023-08-04,3,4024.48,DONE,casa,Carte,LIV9,2023-08-05
CMD39475,CL0195,P049,Mar 11 2024,5,4109.13,en_cours,TNG,Carte,LIV3,
CMD29812,CL0794,P040,24/01/2023,3,4685.87,livré,TANGER,Carte,LIV2,2023-01-28
CMD03768,CL0235,P050,Jun 01 2023,2,1841.52,en_cours,RBA,Carte,LIV7,
CMD11652,CL0119,P096,2023-02-19,3,4033.68,DONE,TANGER,Carte,LIV8,2023-02-23
CMD37239,CL0858,P001,2024-02-12,1,2271.1,livre,TNG,Carte,LIV10,
CMD04651,CL0097,P061,Aug 23 2023,2,2190.51,retourné,RBA,Carte,LIV5,2023-08-27
CMD45064,CL0337,P076,Jul 28 2023,5,3854.17,livré,TNG,Carte,LIV5,2023-07-29
CMD31053,CL0029,P054,2024-03-03,4,4932.76,livré,CASABLANCA,Carte,LIV2,2024-03-04
CMD03020,CL0003,P035,19/06/2023,5,4417.1,livre,RBA,Carte,LIV3,
CMD39206,CL0179,P044,18/01/2023,4,988.73,LIVRE,kech,Carte,LIV6,2023-01-23
CMD03082,CL0358,P009,20/04/2023,4,4326.1,livré,Tnja,Carte,LIV1,2023-04-22
CMD14353,CL0657,P083,Oct 13 2023,4,2472.85,livré,Agadir,Carte,LIV8,2023-10-14
CMD16194,CL0750,P033,2023-08-07,1,3870.22,livré,Tnja,Carte,LIV6,2023-08-12
CMD06516,CL0434,P052,Feb 13 2024,2,811.06,en_cours,kech,Carte,LIV4,
CMD02119,CL0392,P034,2023-09-10,2,2120.47,retourné,kech,Carte,LIV3,2023-09-14
CMD20575,CL0992,P060,Mar 15 2024,1,4728.07,livre,Tnja,Carte,LIV5,
CMD43449,CL0578,P053,14/04/2023,3,3676.88,annulé,tanger,Carte,LIV9,
CMD34377,CL0188,P054,25/03/2023,4,3900.72,retourné,marrakech,Carte,LIV3,2023-03-30
CMD21776,CL0564,P048,Apr 14 2023,4,4924.95,livré,Agadir,Carte,LIV2,2023-04-16
CMD38804,CL0661,P010,2023-12-31,3,1768.4,KO,TNG,Carte,LIV3,
CMD46391,CL0599,P096,15/12/2023,2,54.82,livré,TANGER,Carte,LIV2,2023-12-16
CMD30472,CL0934,P062,2023-10-16,3,3273.08,en_cours,TANGER,Carte,LIV8,
CMD20596,CL0567,P083,Jan 25 2024,1,907.72,livré,kech,Carte,LIV1,2024-01-27
CMD40821,CL0316,P023,Apr 01 2024,5,3438.08,livré,casa,Carte,LIV1,2024-04-05
CMD16995,CL0751,P041,16/03/2024,5,4749.52,annulé,Agadir,Carte,LIV7,
CMD47081,CL0581,P050,Apr 17 2023,4,4982.12,DONE,Tnja,Carte,LIV4,2023-04-19
CMD15038,CL0962,P057,09/05/2024,4,3870.63,LIVRE,tanger,Carte,LIV9,2024-05-14
CMD24889,CL0356,P016,2023-08-25,2,2134.09,DONE,casa,Carte,LIV6,2023-08-28
CMD39523,CL0134,P078,24/04/2024,2,3873.42,livré,TANGER,Carte,LIV1,2024-04-25
CMD08124,CL0646,P054,27/02/2023,4,1852.25,livré,Agadir,Carte,LIV4,2023-03-04
CMD38606,CL0404,P088,May 03 2024,3,3506.12,livré,TNG,Carte,LIV8,2024-05-08
CMD11722,CL0714,P071,Jan 16 2024,1,886.56,livré,RBA,Carte,LIV7,2024-01-18
CMD45274,CL0405,P032,Jun 16 2023,5,777.54,DONE,CASABLANCA,Carte,LIV6,2023-06-21
CMD44198,CL0771,P017,2023-05-21,2,145.65,LIVRE,Agadir,Carte,LIV9,2023-05-24
CMD39563,CL0382,P083,2024-03-16,3,2141.72,OK,tanger,Carte,LIV8,
CMD11804,CL0906,P004,15/11/2023,2,350.86,livré,CASABLANCA,Carte,LIV1,2023-11-17
CMD23028,CL0168,P092,29/02/2024,5,56.7,livré,Tnja,Carte,,2024-03-02
CMD23338,CL0483,P089,2024-01-17,1,677.97,en_cours,Tnja,Carte,LIV7,
CMD31439,CL0185,P043,17/03/2024,2,3348.31,retourné,RBA,Carte,LIV6,2024-03-20
CMD45905,CL0223,P080,2023-05-11,1,3577.98,livré,Agadir,Carte,LIV4,2023-05-15
CMD06259,CL0824,P058,2024-03-21,4,2627.63,en_cours,marrakech,Carte,LIV1,
CMD45281,CL0867,P079,Jan 11 2024,3,1404.26,livré,TANGER,Carte,LIV10,2024-01-16
CMD08096,CL0113,P086,May 30 2023,5,968.1,livre,marrakech,Carte,LIV10,
CMD20496,CL0522,P042,2023-12-30,4,3762.46,DONE,TNG,Carte,LIV3,2024-01-03
CMD41333,CL0126,P064,2023-08-28,2,2518.08,annulé,Agadir,Carte,LIV4,
CMD19007,CL0043,P010,16/09/2023,-1,4961.73,livré,kech,Carte,LIV8,2023-09-21
CMD20713,CL0418,P087,2024-03-27,3,916.0,KO,RBA,Carte,LIV5,
CMD40906,CL0902,P001,2023-08-09,5,3276.66,annulé,marrakech,Carte,LIV7,
CMD00747,CL0634,P099,2023-09-09,5,3478.14,en_cours,TNG,Carte,,
CMD32957,CL0995,P066,26/06/2023,1,3971.42,annulé,Tnja,Carte,LIV8,
CMD00763,CL0888,P034,23/06/2023,4,3934.36,KO,Agadir,Carte,LIV2,
CMD43882,CL0960,P054,Oct 10 2023,-1,3458.39,livré,casa,Carte,LIV5,2023-10-14
CMD13246,CL0910,P048,Jan 18 2024,3,866.64,DONE,TANGER,Carte,LIV2,2024-01-20
CMD32429,CL0179,P058,Apr 25 2024,5,4361.42,annulé,TANGER,Carte,LIV9,
CMD35753,CL0808,P079,2023-05-03,5,2635.51,LIVRE,CASABLANCA,Carte,,2023-05-05
CMD06797,CL0403,P015,Aug 05 2023,3,931.57,OK,Agadir,Carte,LIV5,
CMD35481,CL0825,P046,2023-08-29,1,1561.21,retourné,CASABLANCA,Carte,LIV3,2023-09-02
CMD03050,CL0044,P038,Mar 18 2024,1,1154.29,DONE,kech,Carte,LIV9,2024-03-19
CMD20291,CL0176,P008,Sep 24 2023,3,4262.52,LIVRE,RBA,Carte,LIV9,2023-09-27
CMD08963,CL0054,P081,16/06/2023,5,1181.48,livré,marrakech,Carte,LIV3,2023-06-21
CMD00193,CL0633,P022,Feb 28 2024,2,339.14,annulé,kech,Carte,LIV9,
CMD14755,CL0055,P006,19/10/2023,2,4504.07,OK,Agadir,Carte,LIV1,
CMD28475,CL0691,P060,2023-12-24,4,851.58,DONE,Agadir,Carte,LIV6,2023-12-29
CMD37626,CL0968,P023,Mar 08 2023,1,3643.25,annulé,RBA,Carte,LIV3,
CMD41811,CL0317,P033,13/05/2024,2,1456.04,retourné,TANGER,Carte,LIV5,2024-05-17
CMD13086,CL0153,P092,2024-05-04,3,651.82,livre,TNG,Carte,LIV10,
CMD07811,CL0439,P025,2023-06-28,1,3846.23,livré,Tnja,Carte,LIV9,2023-07-03
CMD07737,CL0031,P043,Nov 26 2023,5,3697.62,livré,TNG,Carte,LIV3,2023-11-29
CMD36322,CL0455,P076,2023-08-16,2,3527.58,livre,RBA,Carte,LIV10,
CMD15322,CL0812,P016,17/02/2023,3,2740.95,retourné,tanger,Carte,LIV3,2023-02-20
CMD39361,CL0821,P049,Mar 10 2023,2,4973.16,OK,TNG,Carte,LIV4,
CMD37684,CL0889,P012,2024-01-22,4,4725.32,LIVRE,Tnja,Carte,LIV6,2024-01-23
CMD14518,CL0747,P075,2023-08-30,1,4558.51,livre,Tnja,Carte,LIV6,
CMD22591,CL0178,P001,Jun 14 2023,5,1869.22,livre,Agadir,Carte,LIV7,
CMD04632,CL0493,P083,2023-04-03,3,1553.47,livré,RBA,Carte,LIV9,2023-04-07
CMD46031,CL0931,P055,2023-12-05,5,1748.52,annulé,marrakech,Carte,LIV3,
CMD36580,CL0644,P050,01/02/2023,2,3840.47,livré,Tnja,Carte,LIV5,2023-02-05
CMD21577,CL0723,P093,2023-04-12,2,2644.76,en_cours,RBA,Carte,LIV7,
CMD08680,CL0804,P068,2023-09-13,3,1417.1,KO,tanger,Carte,LIV10,
CMD06880,CL0609,P083,19/05/2023,1,3524.16,livre,RBA,Carte,LIV8,
CMD01829,CL0122,P035,2024-03-17,1,2063.38,livré,kech,Carte,LIV10,2024-03-22
CMD42136,CL0110,P041,Apr 29 2024,3,3181.84,DONE,tanger,Carte,LIV4,2024-05-01
CMD41162,CL0065,P060,06/03/2023,2,273.05,retourné,Tnja,Carte,,2023-03-10
CMD15364,CL0107,P070,31/08/2023,5,3159.05,KO,TANGER,Carte,,
CMD21576,CL0923,P063,Mar 29 2024,3,2996.44,livre,Agadir,Carte,LIV2,
CMD44519,CL0826,P027,May 10 2024,4,2833.36,livré,CASABLANCA,Carte,LIV9,2024-05-15
CMD39418,CL0808,P066,Apr 14 2024,4,506.64,LIVRE,CASABLANCA,Carte,LIV5,2024-04-18
CMD04273,CL0195,P007,2023-04-26,3,3382.66,OK,Agadir,Carte,LIV2,
CMD05163,CL0475,P047,01/05/2024,2,547.26,livré,CASABLANCA,Carte,LIV1,2024-05-02
CMD45489,CL0153,P082,Feb 06 2023,5,4891.44,en_cours,casa,Carte,LIV3,
CMD17025,CL0896,P070,15/04/2024,1,718.16,livré,CASABLANCA,Carte,LIV3,2024-04-16
CMD32948,CL0623,P097,Sep 06 2023,3,2398.53,DONE,TNG,Carte,LIV5,2023-09-11
CMD20127,CL0222,P019,Feb 04 2024,5,2695.35,livré,marrakech,Carte,LIV3,2024-02-05
CMD18767,CL0208,P056,19/03/2023,4,2836.91,DONE,CASABLANCA,Carte,LIV3,2023-03-23
CMD36320,CL0269,P014,08/10/2023,3,1884.14,retourné,Tnja,Carte,LIV1,2023-10-13
CMD34740,CL0466,P077,2023-10-02,1,3000.29,annulé,TNG,Carte,LIV5,
CMD23786,CL0785,P015,02/09/2023,2,2173.81,LIVRE,kech,Carte,LIV3,2023-09-04
CMD44376,CL0088,P100,26/02/2023,1,407.0,livre,tanger,Carte,LIV4,
CMD41859,CL0240,P008,13/03/2024,1,1928.65,livre,tanger,Carte,LIV7,
CMD48153,CL0808,P045,26/02/2024,3,1295.84,livré,TNG,Carte,LIV3,2024-02-27
CMD38999,CL0570,P034,Nov 03 2023,4,3331.87,en_cours,marrakech,Carte,LIV5,
CMD39229,CL0013,P058,21/12/2023,3,0,livré,TNG,Carte,LIV9,2023-12-24
CMD42174,CL0885,P041,Apr 29 2023,4,2461.51,DONE,marrakech,Carte,LIV2,2023-04-30
CMD23366,CL0109,P008,27/06/2023,1,1630.62,annulé,tanger,Carte,LIV8,
CMD11086,CL0232,P058,2023-02-03,5,212.25,en_cours,marrakech,Carte,LIV1,
CMD17348,CL0533,P025,2023-05-20,5,2038.88,annulé,TANGER,Carte,LIV9,
CMD25460,CL0902,P010,22/01/2023,2,318.07,retourné,marrakech,Carte,LIV2,2023-01-26
CMD42274,CL0628,P014,2023-03-27,4,3161.73,livré,RBA,Carte,LIV8,2023-03-30
CMD19842,CL0659,P093,11/01/2024,5,1420.97,livré,tanger,Carte,LIV10,2024-01-13
CMD18130,CL0500,P065,20/02/2024,3,1878.31,KO,CASABLANCA,Carte,LIV3,
CMD17342,CL0785,P042,Dec 08 2023,1,3926.35,annulé,TANGER,Carte,LIV9,
CMD27643,CL0558,P091,2024-04-28,5,1510.99,KO,CASABLANCA,Carte,LIV5,
CMD06583,CL0186,P048,2023-10-11,1,4555.53,livré,Agadir,Carte,LIV2,2023-10-14
CMD42449,CL0239,P068,2024-04-29,1,4422.26,livré,Tnja,Carte,LIV10,2024-05-02
CMD42687,CL0697,P053,01/08/2023,1,965.35,livré,CASABLANCA,Carte,,2023-08-05
CMD44973,CL0893,P060,18/04/2023,1,2031.66,livré,Agadir,Carte,LIV10,2023-04-19
CMD23293,CL0569,P013,Feb 28 2023,2,4698.19,DONE,Tnja,Carte,LIV6,2023-03-05
CMD40184,CL0825,P088,14/04/2024,2,0,annulé,Tnja,Carte,LIV1,
CMD02124,CL0133,P096,2023-08-30,2,1265.26,retourné,kech,Carte,LIV2,2023-09-04
CMD45010,CL0779,P033,Nov 27 2023,4,4823.67,OK,TNG,Carte,LIV7,
CMD20792,CL0304,P071,18/02/2023,2,3082.91,en_cours,tanger,Carte,LIV7,
CMD04621,CL0083,P005,2023-08-15,2,655.07,annulé,Agadir,Carte,LIV4,
CMD18912,CL0206,P059,2023-02-03,3,2474.92,annulé,TANGER,Carte,LIV9,
CMD41833,CL0091,P046,2024-02-03,3,1323.28,retourné,TANGER,Carte,LIV3,2024-02-05
CMD47585,CL0981,P057,20/06/2023,1,2778.4,KO,Agadir,Carte,LIV4,
CMD41982,CL0416,P017,Dec 03 2023,5,3702.91,OK,kech,Carte,LIV3,
CMD33222,CL0281,P057,23/08/2023,4,0,livré,Agadir,Carte,LIV4,2023-08-24
CMD26382,CL0976,P065,2024-05-10,3,1130.3,livre,kech,Carte,,
CMD24116,CL0861,P082,2023-08-15,2,4673.98,LIVRE,kech,Carte,LIV1,2023-08-20
CMD06736,CL0607,P077,13/05/2024,4,1759.21,en_cours,TANGER,Carte,LIV5,
CMD19950,CL0434,P041,2024-01-08,4,1732.16,DONE,RBA,Carte,LIV10,2024-01-11
CMD18581,CL0146,P018,Sep 03 2023,5,3614.74,livre,Tnja,Carte,LIV8,
CMD39253,CL0365,P053,21/04/2023,4,4114.76,en_cours,tanger,Carte,LIV5,
CMD38766,CL0755,P084,06/01/2024,3,504.56,livré,TANGER,Carte,LIV8,2024-01-08
CMD23895,CL0198,P065,02/06/2023,4,4436.15,retourné,TNG,Carte,LIV9,2023-06-05
CMD23174,CL0247,P074,22/07/2023,2,1179.96,livré,casa,Carte,LIV6,2023-07-27
CMD06408,CL0222,P055,28/07/2023,3,1920.18,retourné,TNG,Carte,LIV1,2023-07-31
CMD08276,CL0472,P038,Jul 12 2023,4,1883.7,livré,TNG,Carte,LIV1,2023-07-14
CMD10727,CL0791,P037,2023-05-27,2,4328.4,en_cours,kech,Carte,LIV4,
CMD00220,CL0669,P062,Jan 14 2023,4,1550.62,retourné,CASABLANCA,Carte,LIV2,2023-01-18
CMD43560,CL0439,P017,27/04/2023,1,4243.59,retourné,tanger,Carte,LIV7,2023-04-28
CMD10588,CL0593,P012,Apr 19 2023,2,3142.4,en_cours,Agadir,Carte,,
CMD08515,CL0427,P001,2023-10-16,4,1686.53,retourné,RBA,Carte,LIV2,2023-10-19
CMD37823,CL0903,P074,2023-10-14,4,59.69,annulé,Agadir,Carte,LIV7,
CMD18840,CL0113,P052,25/01/2023,1,275.1,livre,tanger,Carte,LIV3,
CMD15373,CL0902,P095,Apr 23 2024,4,1573.57,OK,Agadir,Carte,LIV8,
CMD00539,CL0422,P081,2024-04-15,3,1595.48,livré,CASABLANCA,Carte,LIV6,2024-04-17
CMD39809,CL0923,P056,Jul 21 2023,5,648.17,KO,kech,Carte,LIV7,
CMD38289,CL0555,P072,2023-03-08,4,2863.96,livré,CASABLANCA,Carte,LIV10,2023-03-11
CMD28731,CL0806,P058,10/06/2023,1,2679.62,DONE,tanger,Carte,LIV1,2023-06-13
CMD01341,CL0565,P056,2023-06-06,3,50.45,livré,casa,Carte,LIV5,2023-06-11
CMD47351,CL0465,P082,2023-01-24,2,2143.32,livré,kech,Carte,LIV1,2023-01-27
CMD40209,CL0096,P018,21/01/2024,4,1057.31,DONE,TNG,Carte,LIV9,2024-01-23
CMD43671,CL0521,P036,2023-07-08,4,1469.3,LIVRE,tanger,Carte,LIV6,2023-07-13
CMD26782,CL0757,P003,Mar 06 2024,5,3858.65,DONE,Agadir,Carte,LIV7,2024-03-10
CMD46607,CL0811,P077,26/05/2023,1,121.67,DONE,TANGER,Carte,LIV6,2023-05-29
CMD44004,CL0470,P006,Jan 07 2024,5,283.35,DONE,TNG,Carte,LIV1,2024-01-12
CMD37007,CL0391,P045,Jul 22 2023,4,4910.23,livre,TANGER,Carte,LIV4,
CMD18152,CL0672,P092,Nov 18 2023,1,1750.36,OK,casa,Carte,LIV2,
CMD28759,CL0026,P061,Jun 05 2023,2,98.19,livré,TNG,Carte,LIV9,2023-06-10
CMD26429,CL0914,P023,11/05/2023,3,2448.83,DONE,kech,Carte,,2023-05-15
CMD37004,CL0387,P018,2023-04-03,2,1387.05,OK,marrakech,Carte,LIV9,
CMD13064,CL0210,P020,2023-06-08,1,1102.32,DONE,CASABLANCA,Carte,LIV10,2023-06-13
CMD27311,CL0936,P089,2024-03-02,3,2047.57,livré,Agadir,Carte,LIV3,2024-03-04
CMD08922,CL0839,P046,2023-02-15,3,547.25,KO,CASABLANCA,Carte,LIV4,
CMD14153,CL0389,P009,04/01/2023,3,3902.34,livré,marrakech,Carte,LIV2,2023-01-05
CMD35153,CL0206,P089,21/01/2023,3,490.96,livré,tanger,Carte,LIV7,2023-01-25
CMD28596,CL0129,P011,06/08/2023,5,2521.43,livré,kech,Carte,LIV6,2023-08-08
CMD19699,CL0525,P017,2023-08-11,4,3239.58,livré,Tnja,Carte,LIV5,2023-08-12
CMD36349,CL0843,P099,Jan 11 2024,4,1160.83,annulé,RBA,Carte,LIV3,
CMD43029,CL0355,P094,Mar 14 2023,1,4955.5,livré,TNG,Carte,,2023-03-18
CMD05823,CL0272,P066,Feb 13 2024,1,3008.12,en_cours,kech,Carte,LIV10,
CMD30936,CL0711,P028,Feb 08 2024,1,498.28,OK,Tnja,Carte,LIV4,
CMD06745,CL0106,P027,10/03/2024,1,1752.47,annulé,RBA,Carte,LIV3,
CMD07743,CL0159,P037,Oct 17 2023,1,2370.91,livré,CASABLANCA,Carte,LIV2,2023-10-22
CMD14882,CL0982,P093,25/08/2023,5,780.48,KO,RBA,Carte,LIV6,
CMD16351,CL0633,P037,Mar 21 2023,5,654.41,DONE,kech,Carte,LIV3,2023-03-23
CMD30361,CL0273,P098,07/11/2023,2,2798.01,OK,kech,Carte,LIV2,
CMD13692,CL0067,P008,Feb 21 2024,2,1605.53,LIVRE,casa,Carte,LIV9,2024-02-23
CMD35149,CL0137,P088,2023-09-07,2,165.08,en_cours,CASABLANCA,Carte,LIV9,
CMD38262,CL0606,P080,28/10/2023,2,4808.68,LIVRE,Tnja,Carte,LIV6,2023-10-30
CMD14224,CL0460,P025,2023-06-21,4,2305.91,LIVRE,casa,Carte,LIV1,2023-06-25
CMD41431,CL0920,P031,Jan 06 2024,2,377.46,OK,RBA,Carte,LIV4,
CMD06693,CL0867,P063,2024-04-21,1,2733.24,retourné,Tnja,Carte,LIV3,2024-04-26
CMD04788,CL0297,P056,2023-05-23,4,3454.94,KO,TNG,Carte,LIV3,
CMD17047,CL0114,P017,Jun 02 2023,2,735.29,KO,kech,Carte,LIV8,
CMD33463,CL0193,P012,2024-04-12,5,1175.55,annulé,marrakech,Carte,LIV4,
CMD20198,CL0328,P096,15/08/2023,1,1744.54,OK,kech,Carte,LIV8,
CMD02600,CL0832,P089,May 14 2024,2,2905.44,livré,RBA,Carte,LIV3,2024-05-15
CMD33466,CL0033,P069,29/01/2023,3,517.6,OK,tanger,Carte,LIV8,
CMD26376,CL0418,P030,28/05/2023,2,4503.99,annulé,marrakech,Carte,LIV6,
CMD36159,CL0430,P017,Mar 29 2024,2,3893.48,annulé,TANGER,Carte,LIV8,
CMD18640,CL0048,P005,2023-08-30,4,197.95,LIVRE,tanger,Carte,LIV4,2023-09-02
CMD13559,CL0520,P042,Dec 22 2023,5,877.5,livre,Agadir,Carte,LIV6,
CMD34329,CL0683,P062,15/02/2023,5,3803.06,livre,marrakech,Carte,LIV1,
CMD09158,CL0075,P080,24/04/2023,2,1264.77,livré,kech,Carte,LIV7,2023-04-28
CMD47238,CL0854,P042,2023-05-29,2,3156.27,livré,RBA,Carte,LIV10,2023-05-30
CMD13239,CL0942,P078,2023-04-29,5,1052.54,LIVRE,tanger,Carte,LIV2,2023-04-30
CMD42685,CL0620,P081,23/01/2023,3,3150.47,livre,TANGER,Carte,LIV10,
CMD10151,CL0906,P064,Jan 10 2023,5,1821.05,LIVRE,RBA,Carte,LIV7,2023-01-15
CMD04350,CL0005,P077,Mar 30 2023,3,1501.61,OK,casa,Carte,LIV9,
CMD19784,CL0364,P027,Aug 22 2023,1,916.29,KO,CASABLANCA,Carte,LIV1,
CMD17216,CL0011,P048,01/04/2023,3,4895.4,retourné,Tnja,Carte,LIV1,2023-04-03
CMD03960,CL0669,P036,2024-02-14,2,3919.3,OK,TANGER,Carte,LIV4,
CMD14272,CL0015,P054,2023-03-06,1,2076.45,livré,TNG,Carte,LIV2,2023-03-11
CMD20551,CL0141,P084,2023-06-23,5,2357.91,livré,kech,Carte,LIV2,2023-06-27
CMD31927,CL0721,P067,Apr 21 2024,1,3218.16,annulé,CASABLANCA,Carte,LIV1,
CMD22771,CL0361,P023,Jan 23 2023,-1,2935.79,en_cours,Tnja,Carte,LIV3,
CMD21352,CL0476,P081,29/08/2023,2,4284.7,retourné,CASABLANCA,Carte,LIV8,2023-08-31
CMD22764,CL0713,P095,2023-09-29,5,3647.8,livré,TNG,Carte,LIV6,2023-09-30
CMD27681,CL0745,P009,Jan 07 2024,5,967.68,en_cours,TANGER,Carte,LIV10,
CMD46958,CL0747,P049,25/03/2024,5,3910.99,DONE,CASABLANCA,Carte,LIV1,2024-03-28
CMD24436,CL0567,P084,2023-03-13,4,2731.36,en_cours,TANGER,Carte,LIV3,
CMD12928,CL0011,P033,Mar 17 2023,2,0,livré,kech,Carte,LIV6,2023-03-19
CMD22256,CL0811,P021,2023-07-05,4,1573.31,livré,marrakech,Carte,LIV5,2023-07-06
CMD13798,CL0219,P055,2023-12-15,5,3522.67,livré,RBA,Carte,LIV3,2023-12-16
CMD46129,CL0221,P087,2023-06-08,4,1815.26,KO,TANGER,Carte,LIV4,
CMD02573,CL0388,P100,31/12/2023,4,3379.8,KO,Tnja,Carte,LIV9,
CMD44651,CL0175,P077,Mar 10 2023,4,3223.69,annulé,CASABLANCA,Carte,LIV10,
CMD35173,CL0149,P085,25/04/2024,4,4596.92,OK,marrakech,Carte,LIV4,
CMD48332,CL0385,P089,Nov 23 2023,3,2349.71,annulé,marrakech,Carte,LIV8,
CMD00969,CL0995,P074,24/04/2023,2,393.33,retourné,casa,Carte,LIV8,2023-04-27
CMD16089,CL0906,P033,Jun 14 2023,1,4170.72,livré,marrakech,Carte,LIV3,2023-06-19
CMD11501,CL0976,P066,14/11/2023,1,2809.39,livre,tanger,Carte,LIV3,
CMD29784,CL0492,P048,23/10/2023,4,2757.42,en_cours,Tnja,Carte,LIV9,
CMD43100,CL0644,P068,Feb 15 2024,1,1988.27,annulé,TNG,Carte,,
CMD00452,CL0641,P035,08/03/2024,4,770.27,retourné,RBA,Carte,LIV10,2024-03-09
CMD02030,CL0292,P014,2023-06-07,5,565.14,annulé,TNG,Carte,LIV3,
CMD21817,CL0861,P078,Mar 15 2024,1,1127.91,en_cours,TNG,Carte,LIV1,
CMD14926,CL0120,P027,Apr 15 2023,5,515.67,livré,TNG,Carte,LIV4,2023-04-19
CMD14657,CL0061,P028,18/03/2024,5,2004.96,annulé,kech,Carte,LIV10,
CMD41806,CL0237,P018,2024-05-01,3,462.31,DONE,tanger,Carte,LIV7,2024-05-03
CMD41059,CL0036,P015,2024-03-26,5,4704.11,livré,TANGER,Carte,LIV10,2024-03-31
CMD15506,CL0872,P064,15/03/2024,1,3917.92,livré,RBA,Carte,LIV10,2024-03-16
CMD39085,CL0319,P092,Apr 19 2023,5,2883.16,livre,TANGER,Carte,LIV3,
CMD21270,CL0935,P020,03/03/2024,1,2250.67,KO,RBA,Carte,LIV5,
CMD36400,CL0989,P043,Apr 21 2023,2,782.9,retourné,CASABLANCA,Carte,LIV5,2023-04-24
CMD41451,CL0558,P051,28/02/2023,5,3547.02,annulé,TANGER,Carte,LIV10,
CMD24369,CL0899,P027,15/01/2024,1,3045.43,en_cours,Tnja,Carte,LIV6,
CMD22128,CL0976,P005,Feb 19 2023,5,3885.25,livré,tanger,Carte,LIV1,2023-02-21
CMD19320,CL0723,P002,Apr 07 2023,2,654.21,LIVRE,tanger,Carte,LIV9,2023-04-08
CMD21452,CL0845,P017,16/01/2023,4,3271.14,livre,Agadir,Carte,LIV3,
CMD12880,CL0017,P083,13/01/2024,3,4093.43,livré,CASABLANCA,Carte,,2024-01-18
CMD25220,CL0960,P099,2024-04-26,4,3038.87,livré,CASABLANCA,Carte,LIV10,2024-04-27
CMD33846,CL0774,P035,2023-06-25,4,4676.27,livre,casa,Carte,LIV8,
CMD44450,CL0634,P071,2023-11-10,2,154.04,OK,tanger,Carte,LIV7,
CMD05590,CL0678,P039,10/02/2024,1,3184.53,retourné,TNG,Carte,LIV1,2024-02-13
CMD01508,CL0333,P056,28/08/2023,5,2821.75,LIVRE,Agadir,Carte,LIV9,2023-08-30
CMD20192,CL0125,P060,2023-06-05,1,675.55,KO,RBA,Carte,LIV8,
CMD27741,CL0684,P039,Apr 28 2024,5,1100.52,KO,CASABLANCA,Carte,LIV6,
CMD11469,CL0924,P089,Sep 06 2023,2,1948.69,livre,kech,Carte,LIV5,
CMD12417,CL0271,P019,2023-07-31,1,3127.83,retourné,TANGER,Carte,LIV10,2023-08-02
CMD27350,CL0647,P063,11/06/2023,3,528.54,OK,Tnja,Carte,LIV9,
CMD23754,CL0005,P046,17/05/2023,5,2159.36,DONE,marrakech,Carte,LIV1,2023-05-18
CMD32612,CL0703,P073,Jan 22 2023,5,4695.28,livré,RBA,Carte,LIV2,2023-01-23
CMD04668,CL0081,P027,2023-06-29,3,1254.47,livré,Agadir,Carte,LIV3,2023-07-01
CMD12779,CL0679,P036,02/03/2024,2,936.89,annulé,tanger,Carte,LIV7,
CMD32878,CL0817,P048,2023-02-27,3,1013.03,KO,tanger,Carte,LIV6,
CMD38863,CL0358,P082,2023-09-06,2,1840.87,livré,marrakech,Carte,LIV10,2023-09-11
CMD35010,CL0982,P057,27/02/2024,1,1605.01,OK,RBA,Carte,LIV3,
CMD06575,CL0572,P045,Sep 12 2023,2,4565.54,livré,tanger,Carte,LIV2,2023-09-16
CMD30991,CL0672,P009,Nov 18 2023,5,3702.16,retourné,TANGER,Carte,LIV6,2023-11-20
CMD15528,CL0255,P078,2023-10-02,3,1566.0,DONE,Agadir,Carte,LIV8,2023-10-04
CMD44601,CL0537,P091,18/09/2023,3,101.15,annulé,marrakech,Carte,LIV3,
CMD14674,CL0275,P067,Oct 16 2023,2,4005.72,OK,RBA,Carte,LIV6,
CMD36579,CL0663,P042,Feb 05 2024,2,2158.84,retourné,Tnja,Carte,LIV1,2024-02-07
CMD24458,CL0333,P031,Aug 14 2023,4,4998.3,livré,marrakech,Carte,LIV3,2023-08-16
CMD28340,CL0445,P018,14/06/2023,3,3684.34,livré,kech,Carte,,2023-06-17
CMD01522,CL0689,P010,06/04/2023,3,4454.46,livré,kech,Carte,LIV7,2023-04-10
CMD14658,CL0121,P002,2023-11-16,1,4932.17,retourné,CASABLANCA,Carte,LIV7,2023-11-20
CMD06502,CL0182,P079,Sep 28 2023,1,4292.9,DONE,tanger,Carte,LIV7,2023-10-01
CMD25826,CL0518,P085,May 08 2023,4,0,livré,casa,Carte,LIV4,2023-05-10
CMD47093,CL0302,P055,2023-03-28,3,896.04,livré,casa,Carte,LIV7,2023-04-01
CMD32502,CL0593,P005,20/01/2024,5,1085.5,retourné,Agadir,Carte,LIV6,2024-01-23
CMD28791,CL0518,P013,Jun 11 2023,3,1626.67,OK,casa,Carte,LIV8,
CMD03343,CL0682,P058,30/01/2024,2,1277.93,en_cours,casa,Carte,LIV5,
CMD01776,CL0564,P028,Mar 04 2023,4,1752.67,livré,CASABLANCA,Carte,LIV3,2023-03-08
CMD05576,CL0822,P066,Nov 01 2023,2,1969.78,OK,Agadir,Carte,LIV5,
CMD06037,CL0942,P027,10/12/2023,1,450.76,livre,Tnja,Carte,LIV5,
CMD26210,CL0822,P077,2024-01-20,4,1518.51,OK,TANGER,Carte,LIV4,
CMD04710,CL0049,P015,17/04/2024,2,0,en_cours,kech,Carte,LIV1,
CMD39462,CL0634,P019,2023-05-09,4,4771.49,annulé,Agadir,Carte,,
CMD41075,CL0843,P049,Apr 28 2023,1,3803.71,annulé,casa,Carte,LIV2,
CMD05794,CL0583,P008,Jan 28 2024,3,4736.56,KO,casa,Carte,LIV3,
CMD03785,CL0051,P035,Oct 02 2023,1,2253.3,livré,TANGER,Carte,LIV10,2023-10-07
CMD23418,CL0143,P087,Jun 12 2023,1,2493.92,livre,RBA,Carte,LIV6,
CMD13043,CL0160,P053,15/08/2023,5,1289.89,KO,casa,Carte,LIV8,
CMD00737,CL0659,P026,Jul 21 2023,2,3858.66,DONE,tanger,Carte,LIV8,2023-07-25
CMD35249,CL0329,P064,Mar 11 2024,1,1634.27,OK,tanger,Carte,LIV8,
CMD31407,CL0580,P098,Apr 01 2024,-1,3141.23,LIVRE,casa,Carte,LIV4,2024-04-05
CMD19162,CL0616,P021,Jun 27 2023,4,73.17,DONE,tanger,Carte,LIV3,2023-06-30
CMD16775,CL0232,P075,Apr 09 2023,5,4897.54,annulé,marrakech,Carte,LIV7,
CMD36792,CL0888,P007,02/08/2023,1,3699.82,annulé,kech,Carte,LIV7,
CMD13115,CL0563,P037,05/06/2023,3,263.8,LIVRE,tanger,Carte,LIV6,2023-06-07
CMD31323,CL0345,P068,10/12/2023,-1,317.12,annulé,casa,Carte,LIV1,
CMD33487,CL0711,P076,2023-06-06,4,2378.85,livre,Agadir,Carte,LIV9,
CMD34142,CL0035,P024,Nov 01 2023,1,4355.84,annulé,casa,Carte,LIV1,
CMD28074,CL0373,P089,Jun 01 2023,4,3583.87,annulé,kech,Carte,LIV9,
CMD18398,CL0648,P097,2023-05-16,3,3864.82,livré,marrakech,Carte,LIV5,2023-05-19
CMD01866,CL0946,P012,10/10/2023,5,1108.05,OK,marrakech,Carte,LIV1,
CMD46518,CL0967,P041,21/12/2023,-1,1927.01,livré,casa,Carte,LIV3,2023-12-25
CMD27332,CL0431,P007,Feb 27 2023,2,1625.28,retourné,tanger,Carte,LIV9,2023-03-03
CMD01419,CL0821,P071,17/01/2024,5,4460.1,DONE,tanger,Carte,LIV6,2024-01-21
CMD09751,CL0757,P031,Feb 25 2024,4,2206.18,retourné,tanger,Carte,LIV3,2024-02-27
CMD10620,CL0716,P085,May 31 2023,5,2707.85,livré,Agadir,Carte,LIV1,2023-06-05
CMD13049,CL0067,P003,07/11/2023,4,4908.07,livré,marrakech,Carte,,2023-11-09
CMD09337,CL0808,P066,Oct 02 2023,4,4682.64,KO,CASABLANCA,Carte,LIV2,
CMD23062,CL0275,P050,15/06/2023,2,3207.13,OK,casa,Carte,LIV10,
CMD39265,CL0538,P049,Apr 28 2024,5,3138.32,retourné,marrakech,Carte,LIV9,2024-04-30
CMD37944,CL0706,P050,11/05/2023,5,1922.98,retourné,CASABLANCA,Carte,LIV10,2023-05-14
CMD04889,CL0485,P017,Feb 02 2023,1,4139.27,livré,casa,Carte,LIV5,2023-02-03
CMD19080,CL0779,P039,Apr 04 2024,3,858.56,OK,RBA,Carte,LIV5,
CMD25918,CL0140,P092,2023-04-07,1,3808.95,annulé,Tnja,Carte,LIV3,
CMD06542,CL0585,P095,Feb 21 2023,2,3022.9,annulé,kech,Carte,LIV1,
CMD01342,CL0682,P076,Feb 27 2023,1,2617.88,livré,RBA,Carte,LIV1,2023-03-03
CMD27849,CL0200,P092,24/11/2023,2,565.44,KO,kech,Carte,LIV6,
CMD28243,CL0114,P072,13/03/2023,2,4978.68,OK,TNG,Carte,,
CMD03459,CL0910,P090,2023-07-16,1,4962.8,livre,CASABLANCA,Carte,LIV3,
CMD16019,CL0619,P023,2023-08-20,4,2892.44,livré,RBA,Carte,LIV2,2023-08-21
CMD35383,CL0657,P078,2023-04-23,2,1026.78,livré,TANGER,Carte,LIV8,2023-04-28
CMD35471,CL0045,P095,2023-03-31,5,1714.15,livré,tanger,Carte,LIV4,2023-04-05
CMD26174,CL0657,P092,2023-09-01,1,956.8,livré,casa,Carte,LIV6,2023-09-06
CMD42264,CL0268,P007,2023-02-02,5,1405.48,OK,marrakech,Carte,LIV1,
CMD20553,CL0073,P062,10/07/2023,3,4785.37,retourné,CASABLANCA,Carte,LIV8,2023-07-11
CMD42031,CL0330,P054,14/10/2023,5,2888.77,livré,kech,Carte,LIV6,2023-10-15
CMD11968,CL0649,P001,11/03/2024,4,3063.57,livré,casa,Carte,LIV7,2024-03-15
CMD31798,CL0929,P016,23/06/2023,2,1234.69,livre,marrakech,Carte,LIV1,
CMD00518,CL0161,P056,23/01/2023,3,3145.99,annulé,tanger,Carte,LIV2,
CMD42752,CL0253,P033,Apr 26 2024,5,4567.58,livré,RBA,Carte,LIV1,2024-04-30
CMD09632,CL0926,P029,10/09/2023,3,3384.97,OK,Agadir,Carte,LIV2,
CMD03166,CL0387,P056,2023-05-26,1,1253.38,OK,TNG,Carte,LIV1,
CMD04981,CL0387,P057,Jun 20 2023,3,4993.25,livré,TANGER,Carte,LIV8,2023-06-22
CMD16783,CL0888,P045,2024-03-28,4,2174.71,KO,CASABLANCA,Carte,LIV5,
CMD12502,CL0284,P022,Oct 23 2023,2,2929.57,KO,Tnja,Carte,LIV6,
CMD38248,CL0699,P003,Mar 25 2024,5,2674.7,en_cours,Tnja,Carte,LIV7,
CMD21259,CL0520,P082,Sep 03 2023,4,4933.45,DONE,marrakech,Carte,,2023-09-08
CMD47065,CL0294,P054,23/03/2023,5,4338.21,KO,kech,Carte,LIV7,
CMD47398,CL0646,P029,2024-02-01,4,1305.09,KO,CASABLANCA,Carte,LIV3,
CMD43931,CL0708,P063,Jun 20 2023,4,2089.7,livré,TANGER,Carte,LIV3,2023-06-22
CMD26790,CL0841,P011,2023-07-06,4,1991.19,retourné,marrakech,Carte,LIV4,2023-07-11
CMD31472,CL0183,P024,Jun 22 2023,2,2560.69,livré,RBA,Carte,LIV3,2023-06-23
CMD06225,CL0453,P012,2023-02-21,5,2677.65,retourné,TNG,Carte,LIV6,2023-02-22
CMD02231,CL0224,P003,2023-11-12,2,4939.1,DONE,tanger,Carte,LIV3,2023-11-16
CMD13878,CL0194,P033,Mar 15 2023,4,3386.01,OK,RBA,Carte,LIV4,
CMD47031,CL0606,P075,2023-12-06,3,2460.42,DONE,Tnja,Carte,LIV2,2023-12-08
CMD15933,CL0785,P015,2024-04-09,2,1748.78,livré,TNG,Carte,LIV3,2024-04-10
CMD15509,CL0809,P040,2023-02-06,4,1267.08,DONE,TNG,Carte,LIV10,2023-02-10
CMD21084,CL0061,P055,Apr 17 2024,3,3254.63,annulé,CASABLANCA,Carte,LIV10,
CMD23569,CL0713,P006,Aug 27 2023,2,1093.25,LIVRE,Agadir,Carte,LIV2,2023-09-01
CMD09671,CL0268,P097,Apr 06 2023,2,1090.39,retourné,TNG,Carte,LIV10,2023-04-09
CMD10638,CL0531,P001,2023-02-07,5,1969.18,KO,tanger,Carte,LIV9,
CMD13100,CL0643,P079,04/06/2023,4,2581.32,retourné,marrakech,Carte,LIV10,2023-06-08
CMD42630,CL0844,P058,12/11/2023,3,1570.88,OK,TANGER,Carte,LIV6,
CMD24137,CL0732,P042,Sep 30 2023,2,4177.73,annulé,kech,Carte,LIV8,
CMD31418,CL0934,P001,Mar 22 2023,4,1041.95,LIVRE,TNG,Carte,,2023-03-25
CMD05455,CL0552,P051,Feb 16 2024,5,874.64,livre,TANGER,Carte,LIV3,
CMD10600,CL0329,P010,Jul 12 2023,5,4443.2,KO,Agadir,Carte,LIV10,
CMD11664,CL0660,P099,2023-12-22,3,3375.52,livre,TNG,Carte,LIV4,
CMD07609,CL0688,P017,2023-06-26,4,1630.11,retourné,CASABLANCA,Carte,LIV5,2023-07-01
CMD36700,CL0314,P081,Nov 08 2023,3,3646.16,KO,kech,Carte,,
CMD40045,CL0755,P018,07/01/2023,2,1644.85,KO,casa,Carte,LIV6,
CMD28380,CL0428,P040,2023-07-04,4,4482.48,DONE,Agadir,Carte,LIV2,2023-07-09
CMD01909,CL0569,P041,Jan 25 2024,2,2765.63,KO,casa,Carte,LIV8,
CMD25490,CL0748,P002,Jun 20 2023,4,4980.0,OK,marrakech,Carte,,
CMD08365,CL0695,P017,02/03/2024,5,1155.48,en_cours,casa,Carte,LIV7,
CMD39280,CL0921,P055,2023-02-18,4,4533.03,retourné,Tnja,Carte,LIV9,2023-02-23
CMD19718,CL0332,P070,2023-09-10,5,4275.55,DONE,casa,Carte,LIV4,2023-09-12
CMD10998,CL0286,P063,25/10/2023,4,4839.03,DONE,CASABLANCA,Carte,LIV4,2023-10-29
CMD10515,CL0567,P056,Nov 09 2023,2,1992.84,livré,kech,Carte,LIV5,2023-11-14
CMD26435,CL0745,P036,2023-06-16,1,3972.71,DONE,tanger,Carte,LIV5,2023-06-20
CMD10530,CL0349,P086,Nov 08 2023,5,2783.32,retourné,RBA,Carte,LIV7,2023-11-10
CMD07123,CL0840,P079,2023-09-04,3,626.61,livré,casa,Carte,LIV10,2023-09-06
CMD37075,CL0939,P002,2023-04-03,2,1945.12,OK,Agadir,Carte,LIV2,
CMD38617,CL0622,P084,29/02/2024,1,1629.94,LIVRE,CASABLANCA,Carte,LIV2,2024-03-01
CMD39826,CL0970,P035,2023-04-13,5,3740.4,livré,tanger,Carte,LIV7,2023-04-16
CMD18792,CL0033,P064,Jan 30 2023,4,303.25,LIVRE,CASABLANCA,Carte,,2023-01-31
CMD01163,CL0318,P003,2023-03-19,4,2643.19,annulé,tanger,Carte,LIV2,
CMD24284,CL0099,P061,2024-04-26,4,1101.54,en_cours,tanger,Carte,LIV4,
CMD14669,CL0122,P046,2023-12-28,2,2030.79,retourné,TNG,Carte,LIV6,2023-12-29
CMD32310,CL0526,P098,Jun 09 2023,1,3718.96,OK,marrakech,Carte,LIV1,
CMD25429,CL0214,P082,02/04/2024,2,611.68,DONE,Agadir,Carte,LIV10,2024-04-04
CMD24662,CL0670,P099,23/02/2024,2,1919.82,KO,TNG,Carte,LIV5,
CMD10559,CL0172,P044,May 17 2023,3,2877.84,livré,casa,Carte,,2023-05-21
CMD40557,CL0368,P085,13/11/2023,1,0,KO,CASABLANCA,Carte,LIV2,
CMD33722,CL0791,P001,2024-02-07,3,2504.87,DONE,TNG,Carte,LIV10,2024-02-11
CMD02531,CL0022,P097,08/04/2023,4,1564.26,livré,marrakech,Carte,LIV9,2023-04-10
CMD16587,CL0318,P042,Mar 11 2024,1,1922.1,livré,Tnja,Carte,LIV2,2024-03-15
CMD11877,CL0088,P066,01/11/2023,4,962.85,retourné,TNG,Carte,LIV7,2023-11-06
CMD25194,CL0700,P040,Aug 23 2023,2,0,OK,marrakech,Carte,LIV1,
CMD09533,CL0027,P055,Mar 30 2023,2,1101.38,annulé,RBA,Carte,LIV3,
CMD08535,CL0903,P012,02/01/2023,4,2709.39,LIVRE,CASABLANCA,Carte,LIV9,2023-01-04
CMD30913,CL0391,P012,Mar 07 2023,4,2188.28,KO,Agadir,Carte,LIV5,
CMD20821,CL0736,P073,2023-08-11,1,3126.82,DONE,Agadir,Carte,LIV6,2023-08-15
CMD42117,CL0088,P053,2023-01-27,4,785.34,livre,Agadir,Carte,LIV6,
CMD14909,CL0682,P015,30/07/2023,5,2013.31,LIVRE,casa,Carte,LIV3,2023-08-03
CMD43215,CL0701,P082,2024-05-13,3,2858.24,livré,TNG,Carte,LIV7,2024-05-14
CMD14216,CL0626,P085,Jul 14 2023,2,1057.51,LIVRE,TANGER,Carte,LIV8,2023-07-17
CMD47668,CL0085,P051,Feb 10 2023,1,2811.62,livré,TANGER,Carte,LIV5,2023-02-11
CMD05114,CL0335,P062,16/08/2023,3,4552.34,KO,kech,Carte,,
CMD29978,CL0157,P041,Apr 23 2023,4,379.51,en_cours,casa,Carte,LIV7,
CMD17042,CL0793,P016,20/03/2023,1,2743.81,DONE,RBA,Carte,LIV6,2023-03-21
CMD30127,CL0244,P032,08/02/2023,2,3341.69,livre,tanger,Carte,LIV10,
CMD20459,CL0500,P092,2024-01-06,3,761.5,LIVRE,Agadir,Carte,LIV4,2024-01-08
CMD30025,CL0088,P030,2023-09-25,5,451.42,retourné,casa,Carte,LIV1,2023-09-28
CMD02318,CL0351,P018,Dec 23 2023,4,1969.9,livré,kech,Carte,LIV5,2023-12-28
CMD35826,CL0901,P049,2023-02-04,4,4954.95,en_cours,TNG,Carte,LIV8,
CMD08761,CL0684,P047,2023-10-13,2,1624.65,annulé,Agadir,Carte,LIV2,
CMD36283,CL0975,P002,Jun 04 2023,5,0,livré,TNG,Carte,LIV5,2023-06-05
CMD45926,CL0366,P095,2023-04-26,5,1438.97,livré,tanger,Carte,LIV7,2023-04-29
CMD09624,CL0610,P051,04/03/2024,2,4651.85,DONE,CASABLANCA,Carte,LIV3,2024-03-05
CMD35810,CL0052,P009,2023-03-09,1,1996.3,OK,TANGER,Carte,,
CMD29066,CL0371,P039,20/05/2023,2,755.22,livre,Tnja,Carte,LIV10,
CMD04275,CL0545,P054,May 29 2023,4,3785.8,DONE,Agadir,Carte,LIV8,2023-05-31
CMD27611,CL0826,P077,13/01/2023,5,2029.5,KO,kech,Carte,LIV1,
CMD11459,CL0502,P062,Sep 27 2023,2,4079.89,OK,RBA,Carte,LIV10,
CMD24362,CL0844,P076,2023-11-13,2,1163.56,retourné,TANGER,Carte,LIV10,2023-11-18
CMD46999,CL0004,P033,05/04/2024,5,1833.45,retourné,tanger,Carte,LIV2,2024-04-10
CMD17922,CL0546,P050,2023-03-14,4,2630.16,livre,TNG,Carte,LIV10,
CMD39178,CL0572,P026,Aug 16 2023,5,4505.85,livre,Agadir,Carte,LIV7,
CMD02111,CL0461,P003,16/03/2023,5,397.53,en_cours,Tnja,Carte,LIV10,
CMD26030,CL0007,P038,Mar 24 2023,2,3572.74,LIVRE,casa,Carte,LIV7,2023-03-28
CMD38130,CL0569,P031,2024-04-03,1,3040.31,DONE,RBA,Carte,LIV10,2024-04-08
CMD03989,CL0786,P045,Mar 15 2023,5,4456.59,livré,tanger,Carte,LIV5,2023-03-19
CMD26353,CL0232,P100,28/07/2023,3,2894.67,retourné,CASABLANCA,Carte,,2023-08-01
CMD16164,CL0110,P080,2023-04-02,3,3154.82,DONE,Agadir,Carte,LIV8,2023-04-03
CMD11707,CL0790,P068,06/02/2024,5,1459.98,en_cours,Agadir,Carte,LIV9,
CMD40869,CL0505,P041,15/06/2023,5,1599.75,livré,Agadir,Carte,LIV10,2023-06-20
CMD14422,CL0462,P035,Jun 28 2023,3,3240.78,LIVRE,RBA,Carte,LIV5,2023-07-03
CMD39705,CL0170,P002,Jul 15 2023,3,1661.64,retourné,TNG,Carte,,2023-07-20
CMD37047,CL0787,P057,2023-02-12,4,1066.4,LIVRE,TNG,Carte,LIV8,2023-02-16
CMD02494,CL0057,P063,Apr 22 2023,2,4082.11,livré,CASABLANCA,Carte,LIV3,2023-04-23
CMD22617,CL0045,P041,May 01 2024,5,112.71,livré,marrakech,Carte,LIV1,2024-05-06
CMD32917,CL0127,P081,23/01/2024,4,3097.72,livré,CASABLANCA,Carte,,2024-01-28
CMD29064,CL0567,P054,10/05/2024,3,231.33,retourné,casa,Carte,LIV6,2024-05-14
CMD19544,CL0068,P075,Aug 08 2023,2,3024.07,en_cours,TNG,Carte,LIV1,
CMD24657,CL0977,P043,Oct 03 2023,3,3778.19,annulé,TANGER,Carte,LIV4,
CMD39087,CL0787,P036,30/06/2023,2,2149.35,retourné,TANGER,Carte,LIV6,2023-07-05
CMD46601,CL0184,P037,Apr 19 2023,2,2644.89,livré,TNG,Carte,LIV9,2023-04-24
CMD12057,CL0320,P049,2023-01-26,3,4990.24,livré,marrakech,Carte,LIV2,2023-01-28
CMD01505,CL0672,P006,02/08/2023,3,4998.61,retourné,marrakech,Carte,LIV4,2023-08-06
CMD35517,CL0983,P092,Mar 18 2024,3,2191.38,OK,RBA,Carte,,
CMD39481,CL0787,P055,Feb 05 2024,4,4512.35,LIVRE,Tnja,Carte,,2024-02-10
CMD24669,CL0056,P087,Apr 10 2024,3,4729.27,en_cours,Tnja,Carte,LIV5,
CMD11907,CL0846,P040,Jun 30 2023,3,4443.37,OK,TANGER,Carte,LIV3,
CMD44352,CL0198,P090,Jan 28 2024,5,2144.33,OK,TANGER,Carte,LIV4,
CMD41268,CL0533,P087,07/11/2023,3,3341.92,en_cours,kech,Carte,LIV5,
CMD24176,CL0687,P047,Jul 06 2023,1,3063.93,livre,Agadir,Carte,LIV4,
CMD47252,CL0692,P070,26/12/2023,4,2623.77,DONE,Tnja,Carte,LIV9,2023-12-30
CMD27330,CL0464,P055,Jan 26 2023,3,4016.93,retourné,kech,Carte,LIV10,2023-01-27
CMD00401,CL0902,P021,Mar 05 2024,4,2234.67,KO,TANGER,Carte,LIV2,
CMD22883,CL0415,P015,05/12/2023,4,563.58,livre,RBA,Carte,LIV7,
CMD33981,CL0693,P017,12/01/2024,2,1551.35,KO,TNG,Carte,LIV2,
CMD08246,CL0398,P064,09/02/2024,2,1312.1,livré,Agadir,Carte,LIV3,2024-02-11
CMD31915,CL0477,P086,23/11/2023,1,543.8,DONE,CASABLANCA,Carte,LIV4,2023-11-28
CMD45470,CL0739,P052,2023-08-23,4,2808.56,livré,CASABLANCA,Carte,LIV2,2023-08-28
CMD11899,CL0847,P007,2024-04-04,4,1889.85,LIVRE,tanger,Carte,LIV5,2024-04-09
CMD07970,CL0291,P038,19/01/2023,3,2299.39,LIVRE,RBA,Carte,LIV6,2023-01-23
CMD38864,CL0032,P040,2023-01-10,4,4698.65,annulé,casa,Carte,LIV10,
CMD45418,CL0445,P055,08/04/2024,5,2865.51,retourné,casa,Carte,LIV10,2024-04-10
CMD48326,CL0699,P073,May 06 2023,1,2671.46,LIVRE,kech,Carte,LIV3,2023-05-10
CMD13700,CL0012,P049,30/06/2023,5,2823.9,livre,tanger,Carte,LIV9,
CMD17176,CL0165,P010,Sep 04 2023,5,1442.12,annulé,Agadir,Carte,LIV6,
CMD12715,CL0651,P013,2023-09-05,5,1522.98,DONE,kech,Carte,LIV1,2023-09-07
CMD02635,CL0509,P025,10/09/2023,3,2147.53,en_cours,CASABLANCA,Carte,LIV2,
CMD05885,CL0086,P051,14/01/2023,5,4453.46,en_cours,Tnja,Carte,LIV6,
CMD10296,CL0677,P024,15/04/2023,4,1062.46,livré,casa,Carte,LIV4,2023-04-17
CMD10984,CL0547,P067,Mar 24 2023,4,54.68,KO,TNG,Carte,LIV2,
CMD24689,CL0082,P022,2024-02-14,2,291.97,livré,Agadir,Carte,LIV10,2024-02-17
CMD30633,CL0381,P007,04/04/2023,1,0,OK,CASABLANCA,Carte,LIV5,
CMD13896,CL0195,P024,29/11/2023,5,1199.9,retourné,casa,Carte,,2023-12-04
CMD18233,CL0022,P007,16/09/2023,5,4384.53,en_cours,kech,Carte,LIV10,
CMD14709,CL0853,P056,2023-08-04,3,4955.85,livré,TANGER,Carte,LIV1,2023-08-06
CMD38759,CL0094,P075,Feb 04 2024,4,4598.71,annulé,casa,Carte,LIV7,
CMD08172,CL0297,P075,2023-11-05,4,2810.42,LIVRE,tanger,Carte,LIV6,2023-11-07
CMD09910,CL0588,P017,09/07/2023,5,4404.51,OK,TANGER,Carte,LIV10,
CMD11555,CL0340,P094,2023-07-05,5,3054.16,en_cours,Tnja,Carte,LIV4,
CMD42277,CL0555,P026,2024-02-29,2,192.48,livre,casa,Carte,LIV8,
CMD09640,CL0561,P055,08/08/2023,4,3000.87,retourné,casa,Carte,LIV3,2023-08-11
CMD43266,CL0278,P042,07/11/2023,2,2692.79,annulé,RBA,Carte,LIV4,
CMD21807,CL0220,P090,Nov 16 2023,4,1838.14,annulé,CASABLANCA,Carte,LIV6,
CMD47919,CL0708,P053,2024-01-30,1,3776.52,annulé,kech,Carte,LIV6,
CMD04664,CL0295,P007,Nov 13 2023,3,4130.27,DONE,TANGER,Carte,LIV7,2023-11-15
CMD15114,CL0812,P004,Mar 05 2024,5,3581.16,annulé,CASABLANCA,Carte,LIV2,
CMD10240,CL0385,P092,Mar 20 2023,3,672.3,annulé,CASABLANCA,Carte,LIV5,
CMD39246,CL0754,P043,23/11/2023,2,1200.0,annulé,TNG,Carte,LIV6,
CMD25964,CL0240,P092,28/05/2023,4,3025.51,OK,casa,Carte,LIV1,
CMD44883,CL0489,P089,2024-05-05,5,566.7,livré,tanger,Carte,LIV5,2024-05-10
CMD45603,CL0345,P093,Apr 03 2023,5,2791.04,KO,Tnja,Carte,LIV10,
CMD27133,CL0062,P042,Apr 05 2023,1,0,livré,marrakech,Carte,,2023-04-07
CMD08775,CL0870,P036,11/05/2024,1,2281.57,DONE,TNG,Carte,LIV9,2024-05-13
CMD01431,CL0586,P069,15/01/2024,1,2620.46,livré,casa,Carte,LIV7,2024-01-18
CMD07151,CL0421,P046,Mar 30 2024,3,3781.81,OK,TNG,Carte,LIV9,
CMD12654,CL0848,P019,Jun 10 2023,1,3583.25,retourné,casa,Carte,LIV9,2023-06-14
CMD23473,CL0259,P041,2023-09-15,3,2793.55,livré,Agadir,Carte,LIV9,2023-09-18
CMD15403,CL0602,P014,23/04/2023,3,3886.97,livré,kech,Carte,LIV8,2023-04-27
CMD41003,CL0084,P094,Nov 06 2023,4,4585.17,OK,Tnja,Carte,LIV1,
CMD21143,CL0983,P029,2023-05-04,1,4604.21,KO,tanger,Carte,LIV1,
CMD29891,CL0475,P070,2024-01-30,3,2377.29,DONE,Agadir,Carte,LIV4,2024-02-03
CMD28609,CL0114,P030,2023-06-23,2,3041.26,LIVRE,kech,Carte,LIV10,2023-06-26
CMD06064,CL0280,P076,13/11/2023,3,4628.72,livré,Agadir,Carte,LIV4,2023-11-14
CMD22308,CL0227,P030,2024-04-26,3,2246.84,livre,Tnja,Carte,LIV3,
CMD24226,CL0046,P048,2023-03-30,3,1013.62,livre,Agadir,Carte,LIV9,
CMD19145,CL0259,P028,2023-11-02,2,94.91,en_cours,casa,Carte,LIV3,
CMD46123,CL0260,P004,10/07/2023,2,1466.26,OK,Tnja,Carte,LIV7,
CMD07033,CL0674,P010,28/01/2024,1,2025.01,livré,Agadir,Carte,LIV3,2024-01-30
CMD10477,CL0656,P009,Apr 16 2023,2,1690.3,en_cours,CASABLANCA,Carte,LIV4,
CMD10233,CL0452,P017,10/07/2023,3,2877.7,OK,RBA,Carte,LIV4,
CMD18377,CL0892,P043,06/01/2023,3,582.91,OK,Tnja,Carte,LIV8,
CMD23367,CL0556,P017,06/05/2024,5,300.92,DONE,CASABLANCA,Carte,LIV4,2024-05-09
CMD33416,CL0893,P024,2023-02-14,2,4267.3,retourné,marrakech,Carte,LIV3,2023-02-17
CMD24324,CL0675,P087,Feb 08 2024,2,1899.55,annulé,TNG,Carte,LIV3,
CMD37621,CL0482,P055,2023-12-09,2,3450.74,LIVRE,kech,Carte,LIV7,2023-12-13
CMD09378,CL0598,P050,Oct 09 2023,4,3736.75,KO,TANGER,Carte,LIV7,
CMD28281,CL0005,P005,Jan 24 2024,4,427.51,livré,Tnja,Carte,LIV8,2024-01-26
CMD33144,CL0008,P083,11/02/2024,1,4948.03,retourné,RBA,Carte,LIV7,2024-02-14
CMD48270,CL0446,P053,2023-09-06,1,528.5,retourné,TNG,Carte,LIV3,2023-09-09
CMD30422,CL0897,P037,2023-07-28,5,770.03,retourné,marrakech,Carte,LIV4,2023-07-29
CMD29565,CL0983,P090,2024-01-26,3,1985.97,livré,TANGER,Carte,LIV3,2024-01-30
CMD01418,CL0293,P088,15/10/2023,4,1809.8,annulé,kech,Carte,LIV4,
CMD00571,CL0939,P029,2023-07-21,5,3363.03,retourné,RBA,Carte,LIV7,2023-07-23
CMD01026,CL0012,P091,Sep 08 2023,1,3155.59,annulé,casa,Carte,LIV2,
CMD27389,CL0947,P064,28/02/2023,3,3248.45,livré,Agadir,Carte,LIV7,2023-03-05
CMD25112,CL0291,P086,Dec 13 2023,3,2813.55,annulé,Tnja,Carte,LIV3,
CMD33462,CL0052,P075,03/07/2023,3,2188.88,LIVRE,TNG,Carte,LIV9,2023-07-04
CMD09260,CL0336,P040,12/03/2023,2,1040.03,livré,RBA,Carte,LIV6,2023-03-16
CMD07712,CL0391,P088,Mar 27 2024,1,4332.54,livré,TANGER,Carte,LIV5,2024-03-28
CMD29912,CL0376,P006,Nov 10 2023,1,831.57,KO,TANGER,Carte,,
CMD39122,CL0867,P030,Sep 13 2023,5,936.89,livré,RBA,Carte,LIV3,2023-09-18
CMD39926,CL0587,P048,2024-03-19,3,4592.06,livré,CASABLANCA,Carte,,2024-03-24
CMD37012,CL0422,P067,Apr 25 2024,4,1906.39,livré,marrakech,Carte,LIV10,2024-04-28
CMD10130,CL0608,P071,16/09/2023,4,612.54,annulé,kech,Carte,LIV6,
CMD21157,CL0594,P008,Sep 30 2023,4,4378.44,DONE,CASABLANCA,Carte,LIV1,2023-10-01
CMD03167,CL0473,P003,2023-08-21,2,1688.53,OK,CASABLANCA,Carte,LIV4,
CMD09686,CL0911,P019,23/05/2023,2,1885.57,DONE,Tnja,Carte,LIV8,2023-05-27
CMD37359,CL0898,P066,May 03 2023,3,2475.64,livré,tanger,Carte,LIV7,2023-05-06
CMD17732,CL0164,P055,Feb 21 2024,5,4324.36,en_cours,RBA,Carte,,
CMD01213,CL0110,P029,Apr 12 2023,2,1593.79,KO,CASABLANCA,Carte,LIV1,
CMD17296,CL0289,P099,2024-01-10,1,1962.96,KO,TANGER,Carte,LIV9,
CMD26487,CL0729,P071,09/10/2023,2,839.09,KO,Tnja,Carte,LIV9,
CMD15241,CL0880,P036,23/02/2024,1,3336.3,annulé,tanger,Carte,LIV5,
CMD04867,CL0204,P029,2023-08-31,3,4070.33,livré,TNG,Carte,LIV6,2023-09-01
CMD08734,CL0137,P064,05/03/2024,1,1916.99,retourné,Tnja,Carte,LIV3,2024-03-06
CMD42316,CL0025,P059,Jan 16 2023,5,3206.37,en_cours,casa,Carte,LIV10,
CMD28994,CL0522,P058,Jun 16 2023,2,278.61,KO,TNG,Carte,LIV8,
CMD19277,CL0412,P100,Jan 12 2024,1,4746.41,retourné,CASABLANCA,Carte,LIV8,2024-01-16
CMD42641,CL0188,P075,16/07/2023,5,4602.01,livré,Tnja,Carte,,2023-07-17
CMD31465,CL0330,P091,09/07/2023,1,3394.76,OK,RBA,Carte,LIV8,
CMD02478,CL0224,P027,Mar 23 2023,4,316.0,en_cours,TANGER,Carte,,
CMD32362,CL0504,P003,2023-01-17,4,3521.3,livré,marrakech,Carte,LIV9,2023-01-21
CMD39644,CL0326,P084,2024-02-21,1,3228.47,KO,Agadir,Carte,LIV9,
CMD46962,CL0671,P062,21/03/2024,5,377.69,KO,marrakech,Carte,LIV5,
CMD23689,CL0213,P085,2023-05-25,3,2439.15,en_cours,RBA,Carte,LIV9,
CMD41157,CL0368,P047,15/05/2023,3,3326.22,LIVRE,CASABLANCA,Carte,LIV3,2023-05-20
CMD40548,CL0047,P012,May 01 2024,4,4349.21,DONE,kech,Carte,LIV7,2024-05-05
CMD12047,CL0839,P061,2023-02-27,3,2797.82,en_cours,TNG,Carte,LIV6,
CMD38231,CL0243,P089,Apr 22 2023,2,1295.43,livré,RBA,Carte,LIV8,2023-04-25
CMD40532,CL0315,P095,15/06/2023,1,4860.19,DONE,tanger,Carte,,2023-06-18
CMD37655,CL0400,P088,19/05/2023,3,2120.52,livre,marrakech,Carte,LIV5,
CMD39290,CL0393,P069,2023-03-11,3,4579.32,DONE,TNG,Carte,LIV3,2023-03-14
CMD07076,CL0670,P074,02/12/2023,3,2339.98,livré,TANGER,Carte,LIV1,2023-12-07
CMD07583,CL0432,P015,2023-05-28,1,3383.31,en_cours,tanger,Carte,LIV8,
CMD45563,CL0321,P087,2023-12-26,2,757.8,livre,RBA,Carte,LIV6,
CMD00177,CL0001,P036,2024-01-15,2,1067.45,livré,kech,Carte,LIV7,2024-01-16
CMD17279,CL0207,P029,05/09/2023,5,1034.16,DONE,Agadir,Carte,LIV5,2023-09-07
CMD01747,CL0794,P048,25/03/2023,5,1706.61,livré,Agadir,Carte,LIV7,2023-03-28
CMD22662,CL0154,P073,2023-09-29,1,750.98,OK,Agadir,Carte,LIV4,
CMD37623,CL0041,P077,2023-05-19,5,2403.24,livré,tanger,Carte,LIV5,2023-05-21
CMD16537,CL0525,P069,May 20 2023,1,555.12,OK,tanger,Carte,LIV1,
CMD36565,CL0622,P036,Jan 11 2024,4,562.62,KO,marrakech,Carte,LIV6,
CMD47324,CL0838,P015,10/02/2023,2,0,retourné,TNG,Carte,LIV2,2023-02-14
CMD40087,CL0539,P085,26/04/2023,1,2865.67,livré,RBA,Carte,LIV8,2023-04-28
CMD18622,CL0023,P001,02/03/2023,1,3429.59,annulé,Tnja,Carte,LIV3,
CMD48135,CL0867,P093,14/10/2023,4,256.62,retourné,marrakech,Carte,LIV5,2023-10-18
CMD37924,CL0769,P064,2024-02-12,1,2602.81,livré,CASABLANCA,Carte,LIV5,2024-02-14
CMD41760,CL0061,P084,2023-03-05,5,3900.14,annulé,casa,Carte,LIV2,
CMD02307,CL0268,P074,20/03/2023,4,2806.3,OK,Agadir,Carte,LIV6,
CMD38774,CL0796,P023,26/01/2023,1,940.37,retourné,Agadir,Carte,LIV6,2023-01-27
CMD06849,CL0583,P054,Jan 11 2024,5,3708.72,retourné,marrakech,Carte,LIV7,2024-01-16
CMD37502,CL0131,P027,11/01/2024,2,1863.66,livré,TANGER,Carte,LIV5,2024-01-15
CMD34435,CL0851,P078,Apr 05 2024,1,4833.19,OK,RBA,Carte,LIV7,
CMD20581,CL0693,P043,2023-12-29,4,1558.2,OK,casa,Carte,LIV5,
CMD27366,CL0504,P084,Apr 24 2023,3,4875.72,LIVRE,casa,Carte,LIV9,2023-04-29
CMD45769,CL0691,P002,06/04/2023,5,135.7,livré,marrakech,Carte,,2023-04-07
CMD04312,CL0556,P074,Feb 23 2024,3,2611.88,LIVRE,RBA,Carte,LIV6,2024-02-26
CMD20354,CL0846,P058,Apr 20 2024,5,3850.53,livre,CASABLANCA,Carte,,
CMD01714,CL0278,P057,Jul 05 2023,4,3023.43,livre,Tnja,Carte,LIV4,
CMD16460,CL0249,P009,Mar 12 2024,2,2073.25,livré,kech,Carte,LIV6,2024-03-14
CMD27795,CL0147,P067,2024-03-25,3,4221.58,livré,CASABLANCA,Carte,LIV7,2024-03-29
CMD13068,CL0449,P056,Jan 25 2023,2,4717.69,OK,marrakech,Carte,,
CMD42456,CL0201,P095,2023-03-06,3,2449.24,livre,RBA,Carte,LIV3,
CMD43517,CL0129,P081,03/11/2023,2,4339.12,livré,marrakech,Carte,LIV5,2023-11-05
CMD10653,CL0185,P017,2024-02-28,2,4213.94,livré,tanger,Carte,LIV4,2024-03-01
CMD27721,CL0728,P073,2023-08-26,3,0,OK,RBA,Carte,LIV3,
CMD01436,CL0644,P010,Apr 02 2023,1,3561.03,livré,marrakech,Carte,LIV8,2023-04-06
CMD32648,CL0648,P003,2023-05-18,4,455.7,KO,Tnja,Carte,LIV8,
CMD25260,CL0028,P073,2023-10-12,2,3626.75,LIVRE,marrakech,Carte,LIV4,2023-10-13
CMD39067,CL0074,P008,04/02/2023,2,459.41,OK,kech,Carte,LIV8,
CMD15501,CL0640,P016,2024-02-29,4,2748.91,livré,marrakech,Carte,LIV10,2024-03-04
CMD40782,CL0140,P072,25/02/2024,1,302.53,LIVRE,CASABLANCA,Carte,LIV7,2024-02-28
CMD47157,CL0205,P055,2023-10-01,4,2444.08,KO,RBA,Carte,LIV8,
CMD17540,CL0354,P027,2023-04-22,4,2321.23,retourné,TNG,Carte,LIV4,2023-04-27
CMD01102,CL0611,P010,Apr 10 2023,2,4989.26,retourné,kech,Carte,LIV4,2023-04-14
CMD31658,CL0067,P028,20/03/2023,3,3292.22,OK,kech,Carte,LIV8,
CMD28979,CL0137,P083,14/01/2023,4,2201.95,en_cours,RBA,Carte,LIV7,
CMD12270,CL0617,P035,10/02/2024,3,3299.62,KO,TNG,Carte,LIV7,
CMD42804,CL0964,P016,2024-01-13,1,4540.21,en_cours,tanger,Carte,,
CMD04619,CL0722,P086,2024-02-01,1,1021.97,DONE,CASABLANCA,Carte,LIV1,2024-02-02
CMD22386,CL0743,P078,15/03/2024,3,3992.86,KO,casa,Carte,LIV8,
CMD41319,CL0716,P014,2024-01-17,2,1389.87,OK,Tnja,Carte,,
CMD17989,CL0315,P032,03/09/2023,4,3166.43,LIVRE,CASABLANCA,Carte,LIV4,2023-09-04
CMD20275,CL0436,P083,2023-12-03,1,1800.33,LIVRE,TNG,Carte,LIV10,2023-12-04
CMD46888,CL0869,P055,Jul 13 2023,4,202.7,annulé,Agadir,Carte,LIV5,
CMD21272,CL0997,P031,2024-03-15,1,3651.86,livré,RBA,Carte,LIV5,2024-03-20
CMD27182,CL0082,P028,Apr 24 2024,3,1756.82,livré,casa,Carte,LIV1,2024-04-29
CMD05859,CL0004,P033,Oct 01 2023,2,4351.24,OK,RBA,Carte,LIV8,
CMD46874,CL0760,P035,2024-04-02,3,4771.58,DONE,Tnja,Carte,LIV8,2024-04-04
CMD35224,CL0809,P087,2024-04-19,5,3691.16,OK,Agadir,Carte,LIV4,
CMD42032,CL0692,P093,2023-06-20,2,4839.78,retourné,CASABLANCA,Carte,LIV5,2023-06-21
CMD27814,CL0719,P099,20/04/2023,2,3289.1,livré,tanger,Carte,LIV4,2023-04-23
CMD12388,CL0474,P067,Apr 12 2023,5,1493.55,DONE,Agadir,Carte,,2023-04-14
CMD19727,CL0554,P026,2023-09-15,1,2927.01,annulé,kech,Carte,LIV5,
CMD13853,CL0799,P067,Feb 18 2024,2,1502.49,OK,kech,Carte,,
CMD18702,CL0988,P063,13/03/2023,2,1121.45,livré,TNG,Carte,LIV7,2023-03-18
CMD48382,CL0107,P027,02/12/2023,5,2020.52,KO,RBA,Carte,LIV8,
CMD47200,CL0393,P011,17/08/2023,2,1593.82,KO,kech,Carte,LIV3,
CMD12304,CL0181,P056,Jun 27 2023,2,2116.29,livre,Tnja,Carte,LIV4,
CMD46046,CL0547,P046,01/06/2023,4,4514.33,annulé,marrakech,Carte,LIV5,
CMD14988,CL0161,P048,15/10/2023,2,1261.7,livré,marrakech,Carte,LIV2,2023-10-17
CMD37160,CL0483,P043,Apr 07 2024,1,1487.9,livre,kech,Carte,LIV3,
CMD02264,CL0686,P063,Jun 04 2023,1,0,livre,CASABLANCA,Carte,,
CMD36567,CL0856,P085,Jul 02 2023,2,410.48,DONE,Tnja,Carte,LIV2,2023-07-06
CMD12206,CL0469,P033,Jul 06 2023,4,3000.73,OK,TANGER,Carte,LIV7,
CMD15605,CL0114,P074,2023-10-30,5,1924.34,livré,Tnja,Carte,LIV9,2023-11-04
CMD33873,CL0117,P095,2024-02-04,3,805.34,retourné,Agadir,Carte,LIV3,2024-02-05
CMD48176,CL0038,P011,27/07/2023,3,4509.76,retourné,TANGER,Carte,LIV3,2023-08-01
CMD15738,CL0743,P080,Jul 26 2023,2,4692.68,annulé,tanger,Carte,LIV5,
CMD21208,CL0335,P071,Mar 13 2024,5,1015.67,livre,Tnja,Carte,LIV7,
CMD45959,CL0355,P084,2023-08-18,3,3937.82,OK,marrakech,Carte,LIV1,
CMD02311,CL0074,P023,2023-04-30,1,2729.79,annulé,casa,Carte,LIV3,
CMD14979,CL0211,P016,12/09/2023,1,4156.07,livre,CASABLANCA,Carte,LIV4,
CMD03061,CL0018,P085,Apr 30 2024,3,4511.49,annulé,TANGER,Carte,LIV8,
CMD45366,CL0198,P099,16/02/2024,5,2668.77,KO,kech,Carte,LIV4,
CMD20768,CL0598,P009,Dec 21 2023,5,1912.61,livré,kech,Carte,LIV4,2023-12-24
CMD22699,CL0576,P046,28/10/2023,5,3725.64,livré,TNG,Carte,LIV6,2023-11-01
CMD32315,CL0303,P020,Feb 17 2023,2,91.77,en_cours,TNG,Carte,LIV3,
CMD29719,CL0861,P051,18/09/2023,4,2311.38,livré,Tnja,Carte,LIV3,2023-09-19
CMD32386,CL0876,P053,May 05 2024,4,410.29,livré,Agadir,Carte,LIV6,2024-05-08
CMD23353,CL0833,P096,2024-04-30,4,245.2,livré,Agadir,Carte,LIV8,2024-05-05
CMD32438,CL0854,P082,2023-11-27,4,504.83,livré,Tnja,Carte,LIV1,2023-11-29
CMD16545,CL0674,P065,01/03/2023,5,1687.93,livré,Tnja,Carte,LIV8,2023-03-02
CMD07653,CL0909,P018,2023-11-24,5,3289.96,livré,Agadir,Carte,LIV2,2023-11-26
CMD22409,CL0173,P002,2023-12-28,2,1897.66,en_cours,CASABLANCA,Carte,LIV1,
CMD01940,CL0807,P024,2024-02-28,2,1663.17,livre,casa,Carte,LIV4,
CMD44325,CL0384,P061,Jan 26 2023,4,2143.87,retourné,marrakech,Carte,LIV10,2023-01-30
CMD40568,CL0117,P011,2023-10-11,5,1864.83,OK,marrakech,Carte,LIV1,
CMD42152,CL0579,P062,2023-08-22,1,2250.89,en_cours,kech,Carte,LIV4,
CMD45017,CL0759,P087,15/01/2023,4,4509.38,livre,RBA,Carte,,
CMD38582,CL0186,P083,Mar 21 2023,2,1713.39,LIVRE,tanger,Carte,LIV7,2023-03-23
CMD26507,CL0040,P099,Sep 07 2023,4,1903.46,LIVRE,CASABLANCA,Carte,LIV4,2023-09-10
CMD38551,CL0194,P028,Jul 07 2023,5,588.08,DONE,TANGER,Carte,LIV3,2023-07-10
CMD06247,CL0574,P024,2024-03-13,1,2619.97,livre,kech,Carte,LIV3,
CMD20879,CL0937,P051,16/08/2023,2,4705.59,annulé,TNG,Carte,LIV2,
CMD45473,CL0986,P011,2023-09-13,3,3739.37,LIVRE,kech,Carte,,2023-09-16
CMD02648,CL0521,P079,24/05/2023,2,3499.04,en_cours,CASABLANCA,Carte,LIV5,
CMD04394,CL0837,P007,14/01/2023,1,1345.91,OK,Tnja,Carte,LIV5,
CMD15493,CL0133,P007,2023-01-24,1,1757.95,LIVRE,tanger,Carte,,2023-01-28
CMD46403,CL0218,P044,2024-03-28,4,4081.57,en_cours,TANGER,Carte,LIV8,
CMD47482,CL0105,P036,08/04/2023,4,3570.21,annulé,TANGER,Carte,LIV8,
CMD33332,CL0572,P036,2023-09-26,2,3611.46,livré,TNG,Carte,LIV10,2023-10-01
CMD18712,CL0396,P051,28/09/2023,3,4216.49,KO,Agadir,Carte,LIV8,
CMD08046,CL0946,P093,2023-12-11,3,3887.97,en_cours,tanger,Carte,LIV7,
CMD47566,CL0762,P083,Feb 24 2023,5,4443.11,livré,Agadir,Carte,,2023-02-28
CMD44083,CL0009,P027,2023-03-22,3,1203.01,OK,TNG,Carte,LIV5,
CMD35713,CL0166,P048,03/01/2024,4,4918.48,livré,TNG,Carte,LIV3,2024-01-05
CMD35435,CL0127,P090,19/02/2023,3,2732.71,OK,tanger,Carte,LIV3,
CMD10402,CL0398,P012,16/02/2023,5,2422.88,en_cours,tanger,Carte,LIV5,
CMD17583,CL0902,P005,2023-02-18,5,4702.84,LIVRE,marrakech,Carte,LIV9,2023-02-21
CMD01825,CL0267,P039,Apr 17 2024,5,3389.26,annulé,Tnja,Carte,LIV6,
CMD35386,CL0113,P045,19/02/2024,3,3734.98,livré,TANGER,Carte,LIV10,2024-02-24
CMD26847,CL0340,P003,Jun 14 2023,3,671.41,livré,CASABLANCA,Carte,LIV6,2023-06-18
CMD28443,CL0745,P016,Apr 05 2023,1,2980.25,OK,Agadir,Carte,LIV1,
CMD33537,CL0877,P024,11/04/2023,1,4288.8,LIVRE,tanger,Carte,LIV3,2023-04-13
CMD02673,CL0684,P029,11/04/2023,2,4009.22,KO,Agadir,Carte,,
CMD06768,CL0920,P095,2023-07-19,1,3392.77,annulé,kech,Carte,LIV6,
CMD04836,CL0532,P037,03/11/2023,1,4263.32,DONE,marrakech,Carte,LIV2,2023-11-05
CMD41022,CL0337,P064,2023-02-23,3,1732.6,OK,casa,Carte,LIV1,
CMD34117,CL0244,P032,2023-06-03,3,3624.59,KO,TANGER,Carte,LIV7,
CMD30778,CL0477,P056,Nov 02 2023,1,1049.11,livre,CASABLANCA,Carte,LIV4,
CMD34035,CL0752,P072,2023-04-27,3,3971.49,livre,TNG,Carte,LIV4,
CMD34269,CL0835,P017,28/07/2023,1,538.02,DONE,Agadir,Carte,LIV1,2023-07-31
CMD21561,CL0839,P001,Apr 08 2024,3,3234.98,annulé,RBA,Carte,,
CMD28638,CL0765,P009,2024-01-25,4,1005.9,OK,CASABLANCA,Carte,LIV4,
CMD46678,CL0359,P041,May 11 2024,2,172.01,livré,Tnja,Carte,LIV5,2024-05-12
CMD12129,CL0180,P055,10/05/2024,1,2123.36,OK,Tnja,Carte,LIV9,
CMD30279,CL0301,P064,Sep 11 2023,2,1111.97,annulé,Tnja,Carte,LIV7,
CMD19060,CL0082,P045,2023-05-15,1,4123.72,livré,Agadir,Carte,LIV8,2023-05-16
CMD07614,CL0295,P009,2023-07-15,4,4997.73,livré,RBA,Carte,LIV6,2023-07-18
CMD12997,CL0180,P052,14/05/2023,2,3358.71,livré,Tnja,Carte,LIV10,2023-05-15
CMD32817,CL0515,P003,2023-03-12,2,4396.84,livré,TNG,Carte,LIV3,2023-03-13
CMD04345,CL0329,P032,2023-06-21,2,1734.89,en_cours,Tnja,Carte,LIV9,
CMD11994,CL0422,P094,2023-10-31,3,4264.23,en_cours,RBA,Carte,LIV4,
CMD25601,CL0040,P053,23/07/2023,3,509.16,retourné,TANGER,Carte,LIV4,2023-07-25
CMD12950,CL0818,P010,2024-01-07,1,1941.23,en_cours,marrakech,Carte,LIV1,
CMD15287,CL0939,P017,2023-05-15,5,4680.73,livré,marrakech,Carte,LIV5,2023-05-20
CMD20153,CL0843,P099,Jun 14 2023,1,2882.93,annulé,CASABLANCA,Carte,LIV7,
CMD43184,CL0074,P003,Apr 29 2023,1,4636.32,en_cours,RBA,Carte,LIV1,
CMD26620,CL0679,P006,04/08/2023,3,470.21,livre,TANGER,Carte,LIV8,
CMD46026,CL0095,P094,19/09/2023,3,2581.68,annulé,RBA,Carte,LIV4,
CMD28278,CL0735,P026,2023-12-13,2,2441.71,livré,casa,Carte,LIV10,2023-12-18
CMD34152,CL0624,P022,Jan 29 2023,4,3284.0,en_cours,TNG,Carte,LIV3,
CMD29140,CL0042,P010,Jul 18 2023,2,754.23,en_cours,Agadir,Carte,LIV5,
CMD19581,CL0118,P013,Jan 19 2024,4,2842.04,OK,kech,Carte,LIV4,
CMD23388,CL0966,P002,31/12/2023,2,3248.94,DONE,Agadir,Carte,LIV1,2024-01-05
CMD41938,CL0183,P077,2023-02-05,2,3615.02,livré,RBA,Carte,LIV1,2023-02-07
CMD33252,CL0132,P008,11/07/2023,3,4440.21,annulé,CASABLANCA,Carte,LIV10,
CMD19638,CL0146,P047,21/04/2023,4,4732.68,retourné,TNG,Carte,LIV1,2023-04-25
CMD23788,CL0816,P031,2024-04-21,1,4203.41,LIVRE,Agadir,Carte,LIV9,2024-04-24
CMD38812,CL0477,P028,19/04/2024,2,2227.21,OK,Agadir,Carte,LIV7,
CMD19960,CL0778,P052,28/02/2023,5,2948.46,en_cours,CASABLANCA,Carte,LIV4,
CMD21888,CL0459,P068,2023-11-18,4,1074.84,OK,kech,Carte,LIV6,
CMD35565,CL0638,P024,2024-02-05,5,4767.08,livré,CASABLANCA,Carte,LIV2,2024-02-07
CMD02881,CL0812,P003,Aug 21 2023,5,3526.37,livré,TNG,Carte,LIV10,2023-08-26
CMD22513,CL0208,P001,2024-04-20,1,3667.22,annulé,TNG,Carte,LIV4,
CMD00067,CL0167,P051,2023-04-10,-1,396.6,livre,TANGER,Carte,LIV10,
CMD25717,CL0272,P069,May 12 2024,3,3828.71,livré,TNG,Carte,LIV5,2024-05-15
CMD20663,CL0283,P050,2023-04-23,2,3113.26,retourné,kech,Carte,LIV7,2023-04-28
CMD23863,CL0183,P018,2023-03-12,4,1850.78,OK,Agadir,Carte,LIV1,
CMD31234,CL0557,P047,Apr 12 2023,5,1472.91,retourné,casa,Carte,LIV9,2023-04-16
CMD43879,CL0474,P067,03/06/2023,1,4853.01,LIVRE,TANGER,Carte,,2023-06-07
CMD33526,CL0865,P010,Jan 18 2023,3,3969.51,en_cours,Agadir,Carte,LIV9,
CMD34768,CL0807,P048,2023-08-17,4,4382.96,DONE,RBA,Carte,LIV3,2023-08-21
CMD25504,CL0260,P019,02/04/2023,1,4483.12,DONE,Tnja,Carte,LIV3,2023-04-04
CMD36315,CL0513,P049,11/01/2024,3,1718.02,livré,TNG,Carte,LIV7,2024-01-13
CMD07126,CL0634,P014,05/03/2023,5,68.09,livre,casa,Carte,LIV9,
CMD43340,CL0896,P055,Apr 05 2024,2,1418.61,annulé,Tnja,Carte,LIV9,
CMD20892,CL0071,P048,Oct 30 2023,5,1053.29,en_cours,kech,Carte,,
CMD24094,CL0016,P081,16/02/2024,2,1555.9,livré,tanger,Carte,LIV8,2024-02-18
CMD39368,CL0064,P090,28/08/2023,5,4561.84,livre,tanger,Carte,LIV9,
CMD09186,CL0576,P089,Jul 23 2023,4,939.47,OK,marrakech,Carte,LIV8,
CMD35229,CL0365,P006,2023-02-17,1,0,retourné,Agadir,Carte,LIV4,2023-02-21
CMD10871,CL0380,P086,06/06/2023,4,0,livré,marrakech,Carte,LIV3,2023-06-10
CMD25919,CL0569,P045,2023-04-01,1,4171.87,livré,marrakech,Carte,LIV8,2023-04-02
CMD34545,CL0452,P095,Feb 10 2024,3,979.39,OK,casa,Carte,LIV10,
CMD13498,CL0306,P043,20/06/2023,3,2157.32,en_cours,RBA,Carte,LIV9,
CMD45172,CL0627,P090,31/03/2024,5,4379.36,livré,tanger,Carte,LIV5,2024-04-02
CMD36433,CL0725,P092,2023-01-16,3,856.73,KO,casa,Carte,LIV7,
CMD23592,CL0961,P016,2023-02-25,3,2785.19,LIVRE,TNG,Carte,LIV6,2023-02-26
CMD33127,CL0602,P069,2024-03-19,2,1377.64,livré,casa,Carte,,2024-03-22
CMD11161,CL0471,P025,Jan 20 2024,2,4267.28,retourné,CASABLANCA,Carte,,2024-01-25
CMD40870,CL0555,P029,Feb 07 2023,1,3488.9,en_cours,RBA,Carte,LIV4,
CMD42142,CL0661,P038,2023-05-27,4,3097.0,livré,Tnja,Carte,LIV1,2023-05-30
CMD33477,CL0906,P068,19/01/2023,4,3589.25,livre,Agadir,Carte,,
CMD32580,CL0961,P057,2024-03-05,3,1563.07,DONE,Tnja,Carte,LIV10,2024-03-10
CMD13129,CL0703,P076,Dec 30 2023,2,99.31,en_cours,casa,Carte,LIV4,
CMD29562,CL0903,P039,Sep 14 2023,4,1759.33,LIVRE,casa,Carte,LIV4,2023-09-15
CMD17541,CL0678,P076,Nov 14 2023,3,3727.53,livré,kech,Carte,,2023-11-18
CMD37679,CL0004,P039,06/03/2023,2,3261.41,livré,marrakech,Carte,LIV10,2023-03-07
CMD03763,CL0446,P088,18/07/2023,1,484.06,livré,Agadir,Carte,LIV7,2023-07-19
CMD38525,CL0608,P067,Mar 24 2023,3,826.71,livre,RBA,Carte,LIV8,
CMD44818,CL0754,P016,Aug 01 2023,4,3920.55,LIVRE,marrakech,Carte,LIV8,2023-08-02
CMD32665,CL0713,P088,Jan 10 2024,5,2349.58,livré,TNG,Carte,LIV5,2024-01-13
CMD38573,CL0867,P004,Mar 16 2023,3,4097.72,KO,TANGER,Carte,,
CMD43995,CL0251,P076,2024-02-20,2,1832.7,en_cours,TANGER,Carte,LIV7,
CMD07943,CL0775,P010,Jan 11 2024,4,1193.01,livré,TANGER,Carte,LIV2,2024-01-16
CMD40481,CL0343,P068,2023-11-15,1,2564.65,annulé,casa,Carte,LIV1,
CMD37752,CL0484,P010,Apr 06 2024,1,1584.48,en_cours,Tnja,Carte,LIV2,
CMD38638,CL0684,P014,Nov 05 2023,4,3106.97,annulé,CASABLANCA,Carte,LIV9,
CMD32284,CL0973,P048,2023-09-27,4,897.35,DONE,kech,Carte,,2023-09-29
CMD21533,CL0543,P078,Sep 25 2023,2,2166.34,livré,TANGER,Carte,LIV5,2023-09-30
CMD33614,CL0985,P047,2023-07-16,2,479.96,annulé,marrakech,Carte,LIV8,
CMD15451,CL0498,P029,2024-04-19,4,458.37,KO,casa,Carte,LIV5,
CMD27928,CL0490,P080,2023-08-18,3,883.26,livré,kech,Carte,LIV3,2023-08-22
CMD16235,CL0086,P071,2024-04-04,5,1541.95,livré,RBA,Carte,LIV9,2024-04-07
CMD13030,CL0602,P023,05/11/2023,4,2400.84,livré,marrakech,Carte,LIV6,2023-11-09
CMD09648,CL0264,P098,Dec 28 2023,3,1007.2,en_cours,TANGER,Carte,LIV5,
CMD18734,CL0146,P090,08/01/2024,4,2759.23,annulé,RBA,Carte,LIV10,
CMD05626,CL0579,P050,2023-11-27,1,2204.32,livré,TANGER,Carte,LIV5,2023-12-02
CMD27859,CL0981,P040,Sep 30 2023,1,2222.75,annulé,tanger,Carte,LIV1,
CMD31211,CL0485,P060,2023-08-10,5,2122.41,DONE,Tnja,Carte,LIV10,2023-08-11
CMD26928,CL0384,P010,Apr 20 2023,2,4131.21,LIVRE,RBA,Carte,LIV5,2023-04-25
CMD19424,CL0079,P071,24/01/2023,1,2874.06,livré,marrakech,Carte,LIV7,2023-01-29
CMD21176,CL0189,P089,26/07/2023,1,1850.32,KO,kech,Carte,LIV5,
CMD03740,CL0965,P037,19/06/2023,3,675.01,annulé,marrakech,Carte,LIV5,
CMD04676,CL0973,P089,Apr 03 2024,2,239.05,en_cours,CASABLANCA,Carte,LIV9,
CMD33613,CL0960,P074,Apr 19 2023,5,368.9,en_cours,casa,Carte,LIV9,
CMD24816,CL0901,P072,2023-09-07,3,2790.52,OK,TNG,Carte,LIV10,
CMD22940,CL0083,P059,12/04/2023,5,821.26,DONE,TNG,Carte,LIV5,2023-04-15
CMD14150,CL0939,P077,13/03/2024,3,4009.33,OK,tanger,Carte,LIV5,
CMD47151,CL0912,P052,2023-01-06,4,1508.73,livré,Tnja,Carte,LIV8,2023-01-07
CMD14818,CL0861,P033,08/09/2023,4,4519.14,KO,TANGER,Carte,LIV4,
CMD02579,CL0137,P016,2023-05-19,1,4021.53,LIVRE,kech,Carte,LIV5,2023-05-22
CMD28883,CL0103,P031,14/02/2023,4,4996.56,livré,TNG,Carte,LIV9,2023-02-17
CMD47137,CL0260,P098,2023-01-08,5,2523.67,livre,Tnja,Carte,LIV7,
CMD40326,CL0134,P063,Jan 07 2023,2,4019.36,retourné,TNG,Carte,LIV2,2023-01-09
CMD32065,CL0446,P007,12/09/2023,2,4102.22,LIVRE,marrakech,Carte,LIV9,2023-09-15
CMD06978,CL0450,P093,09/09/2023,4,2585.35,en_cours,TNG,Carte,LIV6,
CMD20523,CL0828,P028,25/02/2023,2,4982.4,OK,RBA,Carte,LIV1,
CMD27315,CL0180,P081,29/01/2024,2,1538.34,LIVRE,casa,Carte,LIV10,2024-01-31
CMD26225,CL0470,P036,2023-04-02,1,4498.54,livré,RBA,Carte,LIV4,2023-04-05
CMD34355,CL0735,P073,Oct 31 2023,5,0,livre,casa,Carte,LIV1,
CMD42864,CL0541,P072,2023-08-30,4,2505.78,OK,tanger,Carte,LIV8,
CMD34559,CL0662,P021,Mar 12 2023,4,4046.5,livré,RBA,Carte,LIV1,2023-03-16
CMD23225,CL0852,P011,Jul 31 2023,4,4046.77,KO,TANGER,Carte,LIV8,
CMD43074,CL0462,P021,2023-08-02,2,2538.85,livre,Tnja,Carte,LIV5,
CMD10848,CL0299,P068,2023-01-31,3,1137.17,retourné,tanger,Carte,LIV7,2023-02-02
CMD07823,CL0089,P035,2023-09-16,5,3363.52,livré,marrakech,Carte,LIV8,2023-09-18
CMD46212,CL0390,P094,2024-05-05,1,4079.68,livre,tanger,Carte,LIV5,
CMD39281,CL0106,P059,06/07/2023,2,3683.26,KO,RBA,Carte,LIV7,
CMD35708,CL0668,P035,15/04/2024,3,4047.26,en_cours,tanger,Carte,LIV3,
CMD12152,CL0349,P011,06/01/2023,5,85.98,livré,TANGER,Carte,,2023-01-09
CMD16934,CL0360,P001,2023-09-08,1,1260.58,LIVRE,marrakech,Carte,LIV6,2023-09-12
CMD32890,CL0821,P013,May 31 2023,5,506.98,livre,TNG,Carte,LIV6,
CMD01767,CL0134,P006,2024-02-19,3,835.03,en_cours,Agadir,Carte,LIV9,
CMD39609,CL0841,P071,Mar 29 2023,4,4654.52,livré,casa,Carte,LIV3,2023-03-31
CMD07948,CL0435,P077,2024-01-03,5,1857.25,KO,CASABLANCA,Carte,LIV6,
CMD39749,CL0975,P079,01/05/2024,-1,4088.26,LIVRE,tanger,Carte,LIV7,2024-05-03
CMD26892,CL0145,P007,Jan 22 2023,3,3949.02,livré,casa,Carte,LIV2,2023-01-27
CMD04923,CL0054,P020,08/02/2023,3,4448.76,OK,tanger,Carte,LIV4,
CMD32560,CL0966,P050,09/03/2023,3,786.76,en_cours,CASABLANCA,Carte,LIV6,
CMD05811,CL0312,P063,2023-08-08,5,1291.2,livré,TANGER,Carte,LIV7,2023-08-11
CMD27680,CL0122,P039,2023-08-06,4,3285.5,OK,kech,Carte,LIV4,
CMD40006,CL0140,P007,Jul 03 2023,1,4779.97,OK,Agadir,Carte,LIV9,
CMD06892,CL0127,P011,Feb 23 2023,1,3200.12,livré,TNG,Carte,LIV10,2023-02-24
CMD02264,CL0686,P063,Jun 04 2023,1,0,livre,CASABLANCA,Carte,,
CMD40617,CL0712,P020,24/01/2024,5,3212.15,retourné,TANGER,Carte,LIV6,2024-01-29
CMD14348,CL0590,P070,2024-03-29,5,496.17,en_cours,marrakech,Carte,LIV3,
CMD01379,CL0778,P011,Jan 04 2024,4,588.16,livré,RBA,Carte,LIV3,2024-01-05
CMD43843,CL0680,P009,29/03/2023,1,0,livré,marrakech,Carte,LIV8,2023-04-03
CMD11758,CL0920,P012,Jan 12 2024,4,4167.52,KO,Agadir,Carte,LIV9,
CMD29642,CL0046,P052,Apr 23 2024,5,935.77,livré,casa,Carte,LIV3,2024-04-28
CMD27183,CL0682,P095,30/01/2024,5,2686.02,livré,casa,Carte,LIV4,2024-02-04
CMD20880,CL0843,P040,18/09/2023,3,1974.26,DONE,TNG,Carte,LIV2,2023-09-23
CMD01941,CL0328,P064,06/10/2023,5,2161.6,en_cours,TANGER,Carte,LIV4,
CMD02536,CL0331,P022,2024-04-11,3,3501.64,KO,kech,Carte,LIV4,
CMD02123,CL0282,P091,2023-09-23,5,3185.02,KO,TNG,Carte,LIV6,
CMD07420,CL0096,P081,2023-05-19,2,669.46,en_cours,TANGER,Carte,LIV9,
CMD48352,CL0762,P051,Feb 06 2024,4,1677.64,KO,kech,Carte,LIV8,
CMD27356,CL0879,P078,2023-08-10,1,876.08,LIVRE,CASABLANCA,Carte,LIV8,2023-08-14
CMD39716,CL0350,P062,Mar 09 2024,3,182.06,KO,Agadir,Carte,LIV5,
CMD24909,CL0725,P095,Dec 09 2023,4,4751.27,livré,CASABLANCA,Carte,LIV7,2023-12-11
CMD06933,CL0509,P008,2023-04-07,1,3766.22,livré,RBA,Carte,LIV7,2023-04-12
CMD10214,CL0948,P002,Dec 28 2023,4,3692.43,KO,TNG,Carte,LIV2,
CMD22364,CL0362,P040,2024-01-29,2,4953.97,livré,CASABLANCA,Carte,LIV4,2024-01-31
CMD35885,CL0198,P031,03/11/2023,2,1261.32,OK,Agadir,Carte,LIV1,
CMD12183,CL0900,P099,2023-11-07,1,4420.28,OK,kech,Carte,LIV10,
CMD15949,CL0082,P098,19/09/2023,5,3540.82,livré,Agadir,Carte,LIV8,2023-09-22
CMD03907,CL0359,P097,2023-04-05,3,4542.92,OK,marrakech,Carte,LIV1,
CMD32048,CL0692,P080,Jul 10 2023,4,3592.3,livré,Agadir,Carte,LIV6,2023-07-12
CMD20850,CL0205,P043,Mar 13 2023,3,692.79,livré,CASABLANCA,Carte,LIV5,2023-03-15
CMD37025,CL0495,P061,2024-01-08,4,3199.99,livré,casa,Carte,LIV7,2024-01-11
CMD14238,CL0855,P013,18/10/2023,3,2588.38,annulé,RBA,Carte,LIV7,
CMD19397,CL0708,P062,May 14 2024,2,259.63,OK,RBA,Carte,LIV8,
CMD28885,CL0022,P085,2024-04-05,5,309.9,retourné,TANGER,Carte,LIV4,2024-04-10
CMD46914,CL0830,P031,2023-12-20,2,1432.77,en_cours,casa,Carte,LIV1,
CMD20714,CL0204,P100,27/02/2024,1,3011.62,en_cours,kech,Carte,LIV10,
CMD33943,CL0230,P012,22/10/2023,4,4914.62,DONE,Agadir,Carte,LIV3,2023-10-25
CMD43292,CL0246,P019,Dec 31 2023,1,581.72,OK,CASABLANCA,Carte,LIV8,
CMD45763,CL0382,P035,13/09/2023,4,583.94,OK,CASABLANCA,Carte,LIV8,
CMD18428,CL0100,P076,23/03/2023,2,3637.72,KO,kech,Carte,LIV1,
CMD35486,CL0274,P039,2023-03-01,1,3906.39,KO,Agadir,Carte,LIV9,
CMD11205,CL0615,P058,2023-05-24,4,2351.34,livre,tanger,Carte,LIV9,
CMD26973,CL0466,P074,14/02/2024,1,93.7,KO,TNG,Carte,LIV3,
CMD36308,CL0855,P016,Apr 04 2024,3,2452.79,DONE,RBA,Carte,LIV7,2024-04-08
CMD30907,CL0312,P091,15/05/2023,4,2235.16,KO,casa,Carte,LIV1,
CMD10514,CL0451,P003,12/04/2024,3,3387.64,annulé,Agadir,Carte,LIV1,
CMD37221,CL0791,P005,Mar 09 2023,4,1521.63,livré,RBA,Carte,LIV5,2023-03-14
CMD19344,CL0050,P071,2023-08-29,5,791.41,OK,RBA,Carte,LIV3,
CMD02940,CL0759,P001,2023-11-27,5,183.7,livré,CASABLANCA,Carte,LIV8,2023-11-29
CMD43485,CL0129,P010,2024-03-14,3,485.86,DONE,RBA,Carte,LIV5,2024-03-16
CMD43830,CL0574,P087,04/02/2024,5,493.2,livre,Agadir,Carte,LIV4,
CMD31773,CL0037,P035,16/02/2023,2,136.69,livré,marrakech,Carte,LIV4,2023-02-20
CMD15446,CL0898,P064,2023-09-04,4,1322.93,LIVRE,kech,Carte,LIV9,2023-09-08
CMD06975,CL0138,P024,23/12/2023,3,890.0,KO,marrakech,Carte,LIV2,
CMD28297,CL0679,P030,04/05/2023,5,1062.52,livre,CASABLANCA,Carte,LIV2,
CMD26445,CL0369,P063,29/03/2023,2,2950.16,annulé,RBA,Carte,LIV6,
CMD44298,CL0960,P064,2023-03-27,2,211.89,livré,CASABLANCA,Carte,LIV2,2023-03-28
CMD32300,CL0440,P096,14/01/2023,4,4490.97,livré,tanger,Carte,LIV5,2023-01-17
CMD00420,CL0314,P037,2024-03-18,4,506.17,KO,TNG,Carte,,
CMD37294,CL0307,P040,Feb 17 2024,5,4381.58,livré,kech,Carte,LIV8,2024-02-18
CMD44099,CL0975,P039,25/01/2023,1,1882.01,LIVRE,kech,Carte,LIV9,2023-01-29
CMD07820,CL0313,P023,04/02/2023,4,1727.25,retourné,Tnja,Carte,LIV8,2023-02-09
CMD35381,CL0023,P060,Sep 28 2023,5,228.87,livré,RBA,Carte,LIV6,2023-10-02
CMD23601,CL0038,P095,May 07 2023,4,828.13,en_cours,casa,Carte,LIV7,
CMD10159,CL0179,P053,06/11/2023,3,714.81,OK,tanger,Carte,,
CMD37969,CL0073,P075,Apr 06 2023,2,3009.84,DONE,Agadir,Carte,LIV3,2023-04-07
CMD36443,CL0554,P048,18/09/2023,3,1779.3,KO,Tnja,Carte,LIV3,
CMD33216,CL0669,P095,2023-11-14,2,484.56,livré,TNG,Carte,LIV7,2023-11-15
CMD32964,CL0955,P077,25/03/2023,2,3975.78,LIVRE,casa,Carte,LIV10,2023-03-28
CMD38533,CL0230,P003,May 27 2023,1,1472.12,livré,Agadir,Carte,LIV9,2023-05-30
CMD48400,CL0623,P032,09/05/2024,5,3439.25,livré,TNG,Carte,LIV7,2024-05-12
CMD01004,CL0023,P019,Feb 04 2023,2,1473.86,retourné,TNG,Carte,LIV9,2023-02-07
CMD13088,CL0530,P003,03/02/2023,5,0,OK,CASABLANCA,Carte,LIV3,
CMD45863,CL0334,P076,Sep 19 2023,1,1011.96,livré,CASABLANCA,Carte,LIV6,2023-09-24
CMD10227,CL0587,P018,Jan 02 2023,4,734.6,livré,Tnja,Carte,LIV7,2023-01-06
CMD05677,CL0055,P013,Feb 05 2024,4,3472.65,DONE,tanger,Carte,LIV1,2024-02-07
CMD10460,CL0435,P006,Jan 23 2024,1,2705.46,livré,TANGER,Carte,LIV7,2024-01-25
CMD07501,CL0579,P059,2023-03-01,5,4467.08,livré,tanger,Carte,LIV5,2023-03-03
CMD20548,CL0588,P052,2023-12-13,2,4021.7,livré,marrakech,Carte,LIV3,2023-12-18
CMD04488,CL0201,P092,2023-09-13,3,1897.86,livre,casa,Carte,LIV1,
CMD05182,CL0015,P066,Mar 22 2024,5,1563.25,KO,Tnja,Carte,LIV8,
CMD22765,CL0759,P004,25/12/2023,3,4412.95,annulé,tanger,Carte,LIV10,
CMD27471,CL0283,P028,2023-06-30,4,936.97,LIVRE,TANGER,Carte,LIV8,2023-07-02
CMD12590,CL0639,P017,22/10/2023,3,3910.14,livré,TANGER,Carte,LIV8,2023-10-27
CMD21158,CL0941,P032,23/11/2023,1,4509.08,OK,tanger,Carte,LIV10,
CMD43337,CL0417,P081,Nov 05 2023,2,1100.48,livré,Agadir,Carte,LIV5,2023-11-06
CMD31140,CL0218,P072,2023-02-19,1,2777.25,LIVRE,Agadir,Carte,LIV4,2023-02-23
CMD27003,CL0553,P044,2024-03-26,2,190.64,DONE,RBA,Carte,LIV5,2024-03-28
CMD46151,CL0134,P077,Nov 11 2023,2,914.63,retourné,TNG,Carte,LIV8,2023-11-12
CMD17817,CL0158,P071,06/01/2024,-1,830.9,annulé,CASABLANCA,Carte,LIV6,
CMD30240,CL0785,P071,Apr 05 2024,4,1907.69,livre,Tnja,Carte,LIV1,
CMD03505,CL0994,P039,2024-05-04,5,3641.72,retourné,RBA,Carte,,2024-05-07
CMD11220,CL0769,P082,Apr 08 2023,4,2753.93,annulé,casa,Carte,LIV10,
CMD18825,CL0815,P037,2023-07-07,2,1495.42,annulé,casa,Carte,LIV8,
CMD15621,CL0608,P075,10/04/2024,1,173.54,KO,kech,Carte,LIV2,
CMD31519,CL0901,P015,14/05/2023,1,343.64,livré,Tnja,Carte,LIV3,2023-05-16
CMD27262,CL0222,P056,May 14 2024,2,883.44,livré,TANGER,Carte,LIV8,2024-05-19
CMD01559,CL0991,P087,23/11/2023,1,500.45,en_cours,TNG,Carte,LIV7,
CMD29421,CL0187,P089,2024-02-15,5,4429.24,livre,TANGER,Carte,LIV5,
CMD48417,CL0054,P095,2023-02-08,2,2550.71,en_cours,tanger,Carte,LIV4,
CMD26713,CL0408,P051,2024-03-22,2,679.74,livré,Agadir,Carte,LIV5,2024-03-26
CMD17325,CL0160,P086,Feb 22 2024,2,2574.46,OK,Agadir,Carte,LIV7,
CMD11684,CL0333,P022,Jul 23 2023,2,2179.87,OK,Tnja,Carte,LIV6,
CMD31341,CL0184,P093,Apr 16 2023,2,3639.58,LIVRE,CASABLANCA,Carte,LIV10,2023-04-17
CMD47156,CL0625,P075,2023-11-23,5,2204.97,livré,casa,Carte,LIV2,2023-11-24
CMD05951,CL0237,P010,23/04/2023,1,3115.75,annulé,Tnja,Carte,LIV9,
CMD05436,CL0275,P044,Jun 16 2023,2,1285.21,livré,kech,Carte,LIV9,2023-06-21
CMD22344,CL0262,P021,21/04/2024,3,2334.26,DONE,Tnja,Carte,LIV10,2024-04-24
CMD08070,CL0033,P062,2023-02-17,3,1488.95,en_cours,casa,Carte,LIV2,
CMD27951,CL0543,P089,01/10/2023,2,1365.44,LIVRE,CASABLANCA,Carte,LIV6,2023-10-04
CMD20112,CL0363,P025,2024-01-03,4,2586.18,KO,TNG,Carte,LIV4,
CMD12016,CL0147,P087,2023-06-17,2,2916.67,livré,marrakech,Carte,LIV4,2023-06-21
CMD24262,CL0388,P002,03/10/2023,2,594.88,livré,TNG,Carte,LIV10,2023-10-05
CMD28797,CL0172,P029,2023-12-22,5,3671.63,LIVRE,RBA,Carte,LIV7,2023-12-27
CMD21142,CL0858,P022,2023-06-18,4,3654.1,annulé,CASABLANCA,Carte,LIV1,
CMD16903,CL0459,P014,2023-12-07,5,3330.34,annulé,TNG,Carte,LIV2,
CMD44194,CL0056,P069,2024-04-10,2,826.28,retourné,marrakech,Carte,,2024-04-12
CMD42926,CL0034,P032,29/07/2023,5,346.82,retourné,casa,Carte,LIV8,2023-08-03
CMD37764,CL0014,P003,2023-09-10,1,3175.48,KO,TNG,Carte,LIV10,
CMD18986,CL0572,P036,Jul 26 2023,2,2926.27,annulé,CASABLANCA,Carte,LIV4,
CMD20635,CL0054,P100,Oct 12 2023,1,752.3,retourné,RBA,Carte,LIV2,2023-10-14
CMD02146,CL0133,P066,02/08/2023,5,2959.37,retourné,kech,Carte,LIV9,2023-08-04
CMD20321,CL0996,P060,Oct 31 2023,3,4398.96,livré,TNG,Carte,LIV7,2023-11-02
CMD01318,CL0384,P070,Jun 08 2023,5,4524.01,livré,CASABLANCA,Carte,,2023-06-09
CMD03088,CL0184,P070,2023-12-30,2,3525.97,livre,TNG,Carte,LIV10,
CMD08817,CL0849,P033,Aug 02 2023,5,786.63,livre,tanger,Carte,LIV3,
CMD26158,CL0556,P025,Jan 13 2024,4,1673.01,livré,kech,Carte,LIV4,2024-01-15
CMD15607,CL0386,P073,2023-11-21,5,4571.04,annulé,Tnja,Carte,LIV10,
CMD42808,CL0945,P007,04/01/2023,2,1510.98,DONE,TANGER,Carte,,2023-01-09
CMD25760,CL0513,P002,2023-03-23,4,1160.07,livre,marrakech,Carte,LIV8,
CMD46752,CL0993,P041,25/02/2023,1,1549.41,DONE,kech,Carte,LIV7,2023-02-28
CMD46318,CL0249,P079,Jan 02 2024,2,3263.69,livré,RBA,Carte,LIV7,2024-01-04
CMD05551,CL0973,P071,Mar 10 2024,3,3401.87,livré,RBA,Carte,LIV3,2024-03-15
CMD10807,CL0643,P026,May 06 2023,1,4268.09,livré,kech,Carte,LIV2,2023-05-08
CMD24305,CL0927,P014,09/05/2023,4,3802.26,OK,tanger,Carte,LIV7,
CMD45396,CL0560,P083,03/03/2024,5,4543.84,OK,tanger,Carte,LIV2,
CMD21410,CL0633,P019,Dec 13 2023,4,4237.49,KO,TANGER,Carte,LIV4,
CMD04718,CL0678,P044,11/02/2023,4,3068.74,annulé,Agadir,Carte,LIV9,
CMD04204,CL0240,P035,2024-03-12,5,4546.59,en_cours,kech,Carte,LIV10,
CMD35510,CL0779,P074,2023-03-25,3,896.36,livré,CASABLANCA,Carte,LIV9,2023-03-26
CMD36581,CL0833,P027,25/06/2023,5,2801.62,livré,TNG,Carte,LIV10,2023-06-30
CMD18632,CL0968,P026,2024-01-22,2,448.44,OK,marrakech,Carte,,
CMD20884,CL0752,P072,Jul 17 2023,3,3968.7,annulé,Tnja,Carte,LIV3,
CMD33697,CL0054,P001,Mar 24 2023,2,598.94,OK,tanger,Carte,LIV7,
CMD25001,CL0691,P070,Aug 05 2023,4,1575.91,livré,TANGER,Carte,LIV2,2023-08-09
CMD30839,CL0386,P098,May 22 2023,2,1832.67,OK,Agadir,Carte,LIV5,
CMD23064,CL0782,P100,2023-05-03,-1,1576.57,livré,kech,Carte,LIV7,2023-05-07
CMD18593,CL0196,P002,Nov 15 2023,3,2806.12,livré,marrakech,Carte,LIV5,2023-11-16
CMD21300,CL0753,P087,Jan 19 2024,5,535.94,livré,TANGER,Carte,LIV1,2024-01-21
CMD18657,CL0713,P022,2023-08-08,3,2373.75,livré,Tnja,Carte,LIV3,2023-08-10
CMD39776,CL0688,P047,2023-08-22,1,3302.36,livre,marrakech,Carte,LIV4,
CMD43447,CL0476,P014,2023-04-10,4,4037.81,livre,TANGER,Carte,LIV1,
CMD00828,CL0096,P038,Apr 28 2024,1,2881.24,KO,Tnja,Carte,LIV9,
CMD12134,CL0014,P020,08/12/2023,5,3624.46,KO,kech,Carte,LIV9,
CMD16490,CL0963,P035,13/11/2023,2,4243.51,OK,kech,Carte,LIV9,
CMD27274,CL0329,P051,19/06/2023,5,114.75,OK,casa,Carte,LIV3,
CMD05432,CL0564,P018,2024-03-29,3,3890.55,DONE,marrakech,Carte,LIV3,2024-04-02
CMD47567,CL0548,P063,Apr 01 2023,4,4289.0,KO,casa,Carte,LIV5,
CMD29366,CL0753,P045,2023-12-22,4,1239.62,livré,Agadir,Carte,LIV2,2023-12-27
CMD15494,CL0884,P060,Mar 01 2024,1,1778.6,livré,TANGER,Carte,LIV9,2024-03-06
CMD01474,CL0932,P025,29/04/2023,5,969.57,en_cours,kech,Carte,LIV3,
CMD11049,CL0770,P080,Aug 30 2023,2,4369.87,livré,CASABLANCA,Carte,LIV2,2023-08-31
CMD08219,CL0692,P009,12/05/2023,2,950.7,livre,kech,Carte,LIV4,
CMD26759,CL0864,P008,10/04/2024,2,1266.8,DONE,kech,Carte,LIV10,2024-04-11
CMD15479,CL0720,P090,2023-12-11,5,1606.85,OK,CASABLANCA,Carte,LIV2,
CMD11840,CL0523,P022,Dec 23 2023,3,1785.49,livré,tanger,Carte,LIV7,2023-12-26
CMD02116,CL0157,P008,2023-07-13,4,2470.5,livré,casa,Carte,LIV9,2023-07-16
CMD13925,CL0434,P047,Feb 21 2024,2,2540.86,KO,Agadir,Carte,LIV4,
CMD22712,CL0014,P028,02/07/2023,1,1615.68,en_cours,kech,Carte,LIV5,
CMD33866,CL0836,P006,Dec 15 2023,4,1949.65,livré,kech,Carte,LIV3,2023-12-19
CMD25365,CL0842,P023,02/06/2023,3,433.95,KO,TNG,Carte,LIV8,
CMD32607,CL0351,P002,Feb 02 2024,3,68.99,en_cours,Tnja,Carte,LIV3,
CMD16682,CL0631,P039,2023-11-08,5,1112.59,OK,Tnja,Carte,LIV4,
CMD35671,CL0383,P030,Apr 12 2023,1,4798.35,livré,Tnja,Carte,LIV2,2023-04-15
CMD33396,CL0872,P090,15/08/2023,3,4923.59,retourné,TANGER,Carte,LIV8,2023-08-18
CMD01330,CL0776,P049,Apr 07 2023,4,1724.53,annulé,Agadir,Carte,LIV1,
CMD17663,CL0001,P019,29/04/2023,5,2083.2,en_cours,Tnja,Carte,LIV2,
CMD02240,CL0936,P005,Jun 04 2023,3,4216.5,livre,tanger,Carte,LIV8,
CMD14534,CL0845,P084,2023-01-30,3,4587.38,LIVRE,casa,Carte,LIV3,2023-02-04
CMD45023,CL0395,P018,27/06/2023,3,3630.16,OK,TNG,Carte,LIV6,
CMD43710,CL0440,P089,06/07/2023,2,1150.78,livré,Tnja,Carte,LIV10,2023-07-09
CMD01249,CL0930,P025,2023-11-18,5,3761.23,livré,marrakech,Carte,LIV8,2023-11-19
CMD08779,CL0063,P057,2024-03-30,1,2922.58,livré,Agadir,Carte,LIV7,2024-03-31
CMD02289,CL0321,P051,Nov 01 2023,4,2272.16,livré,casa,Carte,LIV5,2023-11-05
CMD18916,CL0851,P025,16/04/2023,2,2543.57,OK,tanger,Carte,LIV4,
CMD17273,CL0721,P044,27/05/2023,4,1913.14,livré,TNG,Carte,LIV4,2023-05-28
CMD20725,CL0295,P019,Mar 05 2024,5,1231.43,livré,kech,Carte,LIV7,2024-03-09
CMD07339,CL0728,P081,13/11/2023,1,4999.62,OK,Agadir,Carte,LIV3,
CMD34032,CL0428,P006,Sep 07 2023,2,2427.38,en_cours,Agadir,Carte,LIV3,
CMD22065,CL0714,P058,29/04/2023,3,1330.01,en_cours,Tnja,Carte,LIV6,
CMD15126,CL0629,P095,Mar 27 2023,4,346.83,livré,TNG,Carte,LIV8,2023-04-01
CMD41086,CL0366,P025,Jan 29 2024,1,1791.52,en_cours,casa,Carte,LIV8,
CMD06136,CL0049,P009,2023-05-30,2,4728.64,retourné,TNG,Carte,LIV3,2023-06-03
CMD07407,CL0410,P047,26/10/2023,4,4315.31,livré,Agadir,Carte,LIV2,2023-10-28
CMD22877,CL0526,P032,Aug 19 2023,2,4591.68,DONE,kech,Carte,LIV7,2023-08-23
CMD26477,CL0604,P063,21/04/2024,5,3488.39,retourné,TANGER,Carte,,2024-04-26
CMD04537,CL0383,P089,2023-09-29,1,524.38,retourné,Agadir,Carte,,2023-10-04
CMD04161,CL0226,P090,2023-05-27,3,206.99,DONE,TANGER,Carte,LIV8,2023-05-29
CMD34579,CL0261,P066,Sep 11 2023,2,2799.54,livré,kech,Carte,LIV5,2023-09-12
CMD07673,CL0190,P047,2023-11-10,1,939.74,retourné,Tnja,Carte,LIV4,2023-11-12
CMD04176,CL0348,P046,2024-03-03,1,576.98,KO,TANGER,Carte,LIV2,
CMD31503,CL0433,P019,2023-05-30,4,3274.34,livré,kech,Carte,LIV6,2023-06-03
CMD02206,CL0846,P025,Apr 14 2023,5,3976.14,KO,marrakech,Carte,LIV4,
CMD38910,CL0971,P039,Mar 03 2023,2,3550.86,KO,RBA,Carte,LIV10,
CMD33128,CL0770,P052,24/08/2023,2,882.24,retourné,marrakech,Carte,LIV10,2023-08-29
CMD20764,CL0400,P087,Jan 06 2024,3,2042.8,LIVRE,casa,Carte,LIV5,2024-01-11
CMD37091,CL0729,P094,2023-04-26,2,2219.53,livré,kech,Carte,LIV1,2023-05-01
CMD02808,CL0064,P054,04/05/2024,3,3410.37,DONE,CASABLANCA,Carte,LIV9,2024-05-06
CMD20767,CL0735,P080,09/05/2023,3,2370.32,LIVRE,casa,Carte,LIV4,2023-05-14
CMD36991,CL0187,P014,14/03/2023,1,766.02,annulé,tanger,Carte,LIV5,
CMD23235,CL0235,P003,Sep 09 2023,2,1301.84,livre,TNG,Carte,LIV1,
CMD23459,CL0267,P090,18/04/2023,1,2552.56,DONE,RBA,Carte,LIV10,2023-04-22
CMD26975,CL0655,P053,2023-03-20,4,1951.14,LIVRE,Tnja,Carte,LIV6,2023-03-22
CMD08268,CL0585,P040,Jul 28 2023,1,3045.1,OK,marrakech,Carte,LIV1,
CMD07285,CL0304,P024,Mar 13 2024,2,4876.49,DONE,tanger,Carte,LIV8,2024-03-17
CMD40940,CL0108,P014,Oct 04 2023,5,1869.3,livre,casa,Carte,LIV3,
CMD36419,CL0943,P056,2023-09-22,4,3367.0,livré,tanger,Carte,LIV5,2023-09-23
CMD01172,CL0689,P064,01/12/2023,2,811.6,DONE,kech,Carte,LIV4,2023-12-03
CMD38146,CL0551,P018,2024-03-05,2,2684.98,DONE,CASABLANCA,Carte,,2024-03-10
CMD21492,CL0256,P020,22/08/2023,4,1233.4,retourné,tanger,Carte,LIV4,2023-08-23
CMD34348,CL0427,P029,Mar 26 2024,4,1557.87,OK,Tnja,Carte,LIV4,
CMD22048,CL0122,P054,Jun 14 2023,2,2767.44,OK,Tnja,Carte,LIV7,
CMD32200,CL0284,P070,2023-06-12,5,788.19,en_cours,marrakech,Carte,,
CMD04224,CL0303,P038,May 13 2024,3,1432.8,LIVRE,CASABLANCA,Carte,LIV2,2024-05-15
CMD22815,CL0779,P055,23/02/2023,2,4054.63,KO,casa,Carte,LIV7,
CMD36113,CL0778,P037,Jan 31 2024,5,1739.44,LIVRE,TANGER,Carte,LIV6,2024-02-05
CMD35862,CL0263,P004,2024-03-10,4,1288.31,livré,Agadir,Carte,LIV3,2024-03-15
CMD34869,CL0058,P041,2023-11-14,3,2457.76,livré,CASABLANCA,Carte,LIV10,2023-11-17
CMD44422,CL0266,P010,2024-01-06,1,2828.62,LIVRE,CASABLANCA,Carte,LIV4,2024-01-09
CMD28690,CL0840,P071,May 27 2023,5,2577.99,annulé,Agadir,Carte,LIV10,
CMD36976,CL0512,P066,Apr 30 2023,1,1538.51,retourné,RBA,Carte,LIV5,2023-05-03
CMD48288,CL0956,P004,2023-08-31,5,3877.67,LIVRE,Tnja,Carte,,2023-09-05
CMD31552,CL0283,P034,Oct 03 2023,5,2848.66,en_cours,marrakech,Carte,LIV10,
CMD06853,CL0209,P083,2023-06-15,1,4899.45,livré,tanger,Carte,LIV2,2023-06-20
CMD48205,CL0966,P009,Dec 08 2023,4,1770.56,KO,tanger,Carte,LIV3,
CMD34169,CL0512,P049,01/05/2024,1,1369.53,DONE,tanger,Carte,LIV8,2024-05-02
CMD10758,CL0635,P047,2023-08-09,3,2894.86,annulé,kech,Carte,LIV5,
CMD21437,CL0618,P060,16/05/2023,3,0,en_cours,marrakech,Carte,LIV7,
CMD40111,CL0939,P047,2023-05-14,5,4731.18,livre,casa,Carte,,
CMD19036,CL0738,P065,2023-07-16,3,2228.2,OK,kech,Carte,LIV5,
CMD13731,CL0104,P028,12/07/2023,-1,1017.43,KO,RBA,Carte,LIV7,
CMD19132,CL0859,P031,27/03/2024,2,2351.16,livré,casa,Carte,LIV6,2024-03-29
CMD35182,CL0536,P099,Jul 21 2023,5,2543.04,livre,Tnja,Carte,LIV8,
CMD35617,CL0847,P077,10/09/2023,1,3724.99,KO,marrakech,Carte,LIV3,
CMD11026,CL0688,P080,2024-02-06,4,822.44,livré,TNG,Carte,LIV7,2024-02-10
CMD10050,CL0479,P061,11/09/2023,5,401.76,livré,tanger,Carte,LIV8,2023-09-13
CMD38393,CL0082,P051,11/01/2024,1,0,en_cours,RBA,Carte,LIV6,
CMD32351,CL0906,P021,09/07/2023,1,2497.89,DONE,marrakech,Carte,LIV6,2023-07-13
CMD34654,CL0060,P030,02/02/2024,5,1409.39,retourné,marrakech,Carte,LIV2,2024-02-05
CMD29360,CL0463,P014,Jan 12 2024,4,3330.3,livré,marrakech,Carte,LIV7,2024-01-16
CMD24453,CL0168,P004,06/11/2023,5,3335.16,retourné,TANGER,Carte,LIV1,2023-11-07
CMD29835,CL0753,P078,09/07/2023,2,4222.88,livre,marrakech,Carte,,
CMD36875,CL0709,P034,2023-04-26,4,1711.53,KO,TANGER,Carte,LIV3,
CMD03498,CL0878,P095,03/04/2024,5,0,livré,kech,Carte,LIV5,2024-04-05
CMD09294,CL0784,P097,Jan 11 2023,3,60.25,livré,TANGER,Carte,LIV5,2023-01-14
CMD40781,CL0264,P045,2023-05-05,5,3146.31,livré,TNG,Carte,LIV10,2023-05-10
CMD30635,CL0952,P031,Apr 06 2024,1,2213.02,DONE,Agadir,Carte,LIV8,2024-04-09
CMD20875,CL0565,P082,2023-08-28,2,266.06,LIVRE,TANGER,Carte,LIV2,2023-08-29
CMD29535,CL0601,P024,2024-02-04,4,1645.47,en_cours,Agadir,Carte,,
CMD02151,CL0304,P058,Mar 02 2024,1,4338.51,livré,Tnja,Carte,LIV4,2024-03-03
CMD29744,CL0167,P058,2024-03-02,2,3997.95,livre,Tnja,Carte,LIV6,
CMD22391,CL0859,P023,Nov 18 2023,3,1978.96,en_cours,kech,Carte,LIV5,
CMD47128,CL0425,P053,29/07/2023,4,675.81,livre,kech,Carte,LIV4,
CMD16941,CL0468,P011,24/07/2023,3,781.7,en_cours,casa,Carte,LIV3,
CMD17125,CL0213,P098,Oct 14 2023,5,1869.23,livre,TNG,Carte,LIV5,
CMD19147,CL0119,P074,Oct 23 2023,4,1508.64,en_cours,CASABLANCA,Carte,LIV4,
CMD41264,CL0194,P004,2023-05-01,1,4260.64,livre,RBA,Carte,LIV9,
CMD37151,CL0722,P027,Oct 04 2023,5,2594.32,livre,kech,Carte,LIV9,
CMD46383,CL0110,P035,Apr 07 2023,2,2826.48,KO,TNG,Carte,LIV10,
CMD24234,CL0158,P034,2023-01-31,1,3607.98,DONE,casa,Carte,LIV8,2023-02-02
CMD43118,CL0574,P064,07/05/2023,1,88.08,retourné,Agadir,Carte,LIV3,2023-05-11
CMD09419,CL0223,P094,2023-12-09,3,1234.81,en_cours,tanger,Carte,LIV10,
CMD15726,CL0196,P031,Nov 19 2023,1,4162.77,annulé,tanger,Carte,LIV9,
CMD45884,CL0289,P072,2023-01-11,4,2185.46,livré,Tnja,Carte,LIV1,2023-01-13
CMD16827,CL0906,P035,Aug 14 2023,2,1759.23,en_cours,Agadir,Carte,,
CMD42754,CL0699,P054,2023-02-01,4,455.63,livré,TANGER,Carte,LIV8,2023-02-06
CMD39939,CL0245,P045,Apr 18 2023,4,343.81,annulé,tanger,Carte,LIV2,
CMD44540,CL0146,P087,03/07/2023,1,4178.32,KO,TANGER,Carte,LIV8,
CMD39261,CL0334,P069,13/04/2023,4,4450.98,livré,tanger,Carte,LIV2,2023-04-18
CMD21406,CL0930,P030,2023-01-15,2,2634.02,livré,kech,Carte,LIV6,2023-01-17
CMD13344,CL0957,P011,05/03/2024,3,559.6,livre,TNG,Carte,LIV3,
CMD39996,CL0899,P073,2024-03-10,3,2003.97,retourné,Tnja,Carte,LIV6,2024-03-11
CMD03306,CL0181,P066,Feb 08 2024,2,3200.2,DONE,TNG,Carte,LIV7,2024-02-10
CMD32567,CL0477,P085,Apr 07 2023,1,2594.15,livré,CASABLANCA,Carte,LIV10,2023-04-12
CMD44992,CL0223,P099,Apr 27 2023,4,835.24,livré,TNG,Carte,LIV7,2023-04-30
CMD45557,CL0110,P002,Mar 06 2023,2,4209.28,retourné,CASABLANCA,Carte,LIV5,2023-03-08
CMD34780,CL0412,P054,08/09/2023,1,2771.2,livre,CASABLANCA,Carte,,
CMD09153,CL0163,P033,2023-01-20,2,3338.24,retourné,casa,Carte,LIV6,2023-01-22
CMD48060,CL0285,P008,May 30 2023,5,4946.45,retourné,casa,Carte,,2023-06-02
CMD24503,CL0525,P100,01/12/2023,3,51.0,livré,Agadir,Carte,LIV8,2023-12-03
CMD22238,CL0429,P023,Oct 14 2023,5,1330.11,OK,CASABLANCA,Carte,LIV4,
CMD34631,CL0355,P042,28/06/2023,4,231.79,OK,Agadir,Carte,LIV10,
CMD25595,CL0493,P008,2024-01-09,3,57.78,annulé,kech,Carte,LIV2,
CMD47486,CL0602,P089,31/08/2023,3,272.09,annulé,kech,Carte,LIV9,
CMD17526,CL0017,P011,Jan 21 2024,1,4482.81,retourné,kech,Carte,LIV8,2024-01-25
CMD34209,CL0270,P005,15/08/2023,5,2766.59,DONE,CASABLANCA,Carte,LIV3,2023-08-17
CMD37686,CL0705,P019,2023-10-23,4,3585.69,livré,CASABLANCA,Carte,LIV1,2023-10-27
CMD45216,CL0105,P043,22/03/2024,5,985.32,KO,Agadir,Carte,LIV5,
CMD21678,CL0002,P016,27/11/2023,3,3126.96,retourné,TANGER,Carte,LIV1,2023-11-30
CMD00517,CL0495,P039,2023-10-08,2,4599.77,OK,kech,Carte,LIV3,
CMD18939,CL0018,P058,12/12/2023,5,4063.12,livré,TANGER,Carte,LIV7,2023-12-17
CMD09261,CL0257,P048,Sep 21 2023,1,2711.88,DONE,TANGER,Carte,,2023-09-24
CMD22104,CL0169,P093,15/08/2023,1,3331.55,livre,Agadir,Carte,LIV6,
CMD44346,CL0139,P013,2024-03-29,2,1425.91,en_cours,Tnja,Carte,LIV10,
CMD39154,CL0786,P068,2023-10-12,4,4677.22,OK,kech,Carte,LIV8,
CMD00065,CL0754,P023,Mar 26 2023,3,618.57,LIVRE,Agadir,Carte,,2023-03-29
CMD02314,CL0887,P068,08/08/2023,2,780.69,OK,Agadir,Carte,LIV5,
CMD02776,CL0467,P033,2023-12-12,5,4638.02,LIVRE,Agadir,Carte,LIV3,2023-12-15
CMD09688,CL0487,P057,20/01/2024,2,1369.76,KO,TANGER,Carte,LIV4,
CMD20037,CL0625,P072,12/09/2023,3,1900.21,livre,kech,Carte,LIV2,
CMD16023,CL0920,P051,2023-01-11,3,1854.94,en_cours,casa,Carte,LIV6,
CMD01031,CL0172,P049,2023-09-26,3,753.31,en_cours,Agadir,Carte,,
CMD44625,CL0368,P055,Mar 12 2024,1,2267.82,DONE,kech,Carte,LIV9,2024-03-15
CMD15617,CL0462,P002,2024-04-24,3,2504.19,livré,Tnja,Carte,LIV6,2024-04-25
CMD07130,CL0013,P025,Feb 01 2024,5,4474.14,livré,kech,Carte,LIV5,2024-02-03
CMD00476,CL0100,P001,16/02/2023,1,3675.8,annulé,TNG,Carte,LIV6,
CMD18061,CL0553,P096,2023-01-27,3,2643.58,retourné,kech,Carte,LIV8,2023-01-28
CMD08500,CL0177,P048,2023-09-18,2,1901.52,en_cours,TNG,Carte,LIV8,
CMD06038,CL0812,P014,2024-03-31,1,1215.1,livré,kech,Carte,LIV8,2024-04-03
CMD27652,CL0871,P020,24/01/2024,4,4112.89,KO,marrakech,Carte,LIV5,
CMD26443,CL0235,P008,30/10/2023,1,1968.35,OK,TANGER,Carte,LIV2,
CMD45605,CL0001,P089,02/06/2023,5,602.56,LIVRE,tanger,Carte,LIV1,2023-06-07
CMD05869,CL0096,P008,27/03/2024,3,1335.11,annulé,tanger,Carte,LIV4,
CMD04511,CL0562,P056,2023-02-15,2,1987.99,DONE,TNG,Carte,LIV3,2023-02-19
CMD28743,CL0579,P062,13/05/2023,3,2379.23,retourné,TANGER,Carte,LIV2,2023-05-16
CMD39695,CL0445,P013,2023-05-02,4,4385.66,en_cours,Agadir,Carte,LIV6,
CMD07443,CL0372,P039,2023-07-12,2,1198.06,livre,casa,Carte,LIV10,
CMD40538,CL0486,P018,15/06/2023,2,4580.92,livré,kech,Carte,LIV9,2023-06-16
CMD18611,CL0722,P013,Apr 01 2023,5,4212.62,KO,tanger,Carte,LIV5,
CMD24836,CL0193,P092,2023-12-10,1,4776.21,livre,TNG,Carte,LIV6,
CMD29073,CL0190,P032,Feb 15 2023,2,2246.29,LIVRE,Agadir,Carte,LIV7,2023-02-16
CMD25839,CL0719,P012,Nov 25 2023,2,1199.75,livré,casa,Carte,LIV8,2023-11-30
CMD22161,CL0669,P006,2023-04-10,5,1413.89,en_cours,TNG,Carte,LIV8,
CMD46277,CL0236,P016,2023-10-03,4,4626.85,livré,TNG,Carte,LIV3,2023-10-05
CMD34375,CL0217,P023,21/12/2023,1,4199.1,livre,CASABLANCA,Carte,LIV4,
CMD32973,CL0761,P094,2023-11-26,5,2882.98,retourné,tanger,Carte,LIV5,2023-12-01
CMD15345,CL0515,P070,2023-09-18,5,242.17,OK,casa,Carte,LIV1,
CMD10213,CL0331,P033,Apr 11 2024,3,3142.28,annulé,TANGER,Carte,LIV10,
CMD24668,CL0682,P013,Apr 16 2023,4,3901.73,OK,TNG,Carte,LIV3,
CMD23557,CL0521,P089,Apr 11 2024,1,3892.29,OK,TANGER,Carte,LIV8,
CMD19655,CL0506,P073,19/10/2023,4,4709.68,annulé,TNG,Carte,LIV2,
CMD34746,CL0921,P075,2023-09-30,3,1607.56,livré,casa,Carte,LIV7,2023-10-01
CMD06450,CL0148,P049,16/01/2024,3,1962.78,livre,casa,Carte,LIV5,
CMD24941,CL0564,P004,Aug 29 2023,3,4981.21,livré,TNG,Carte,LIV7,2023-09-02
CMD13073,CL0735,P043,Sep 11 2023,3,1448.2,OK,casa,Carte,LIV9,
CMD26506,CL0572,P054,Oct 18 2023,1,4683.37,annulé,Tnja,Carte,LIV7,
CMD11930,CL0628,P096,2023-11-04,5,3664.88,livré,tanger,Carte,LIV6,2023-11-08
CMD17593,CL0698,P041,2023-03-29,4,957.73,LIVRE,tanger,Carte,LIV7,2023-03-31
CMD20055,CL0773,P096,2024-05-02,2,1661.52,livré,Tnja,Carte,LIV2,2024-05-05
CMD13325,CL0608,P047,Nov 19 2023,4,1262.07,LIVRE,tanger,Carte,LIV7,2023-11-21
CMD31294,CL0113,P082,11/05/2023,1,4285.55,OK,RBA,Carte,LIV7,
CMD09404,CL0133,P024,2023-11-06,1,677.08,DONE,marrakech,Carte,LIV8,2023-11-11
CMD44404,CL0739,P058,Mar 01 2024,4,2222.46,retourné,marrakech,Carte,LIV5,2024-03-02
CMD16218,CL0145,P006,2023-12-13,1,3705.3,KO,Tnja,Carte,LIV3,
CMD11947,CL0587,P023,2023-08-27,4,3145.11,livré,kech,Carte,LIV9,2023-08-28
CMD48313,CL0856,P072,Oct 15 2023,2,3615.33,en_cours,kech,Carte,LIV3,
CMD20869,CL0533,P039,2024-02-03,5,4231.37,annulé,CASABLANCA,Carte,LIV6,
CMD20678,CL0829,P011,12/01/2023,4,2769.33,KO,tanger,Carte,LIV8,
CMD43334,CL0442,P087,2024-02-12,4,1857.12,LIVRE,kech,Carte,LIV2,2024-02-16
CMD46532,CL0091,P063,Jul 22 2023,5,3594.1,OK,kech,Carte,LIV8,
CMD41898,CL0211,P085,2023-12-26,3,1358.65,DONE,Agadir,Carte,LIV9,2023-12-28
CMD46034,CL0322,P047,Oct 24 2023,5,4974.74,en_cours,tanger,Carte,LIV8,
CMD12169,CL0888,P026,20/04/2024,3,2640.97,en_cours,casa,Carte,LIV4,
CMD31293,CL0538,P029,16/01/2024,2,2647.59,DONE,RBA,Carte,LIV3,2024-01-20
CMD45119,CL0723,P003,2024-04-04,1,4002.45,livré,TANGER,Carte,,2024-04-06
CMD30938,CL0491,P041,2024-01-10,2,1769.12,livre,Agadir,Carte,LIV4,
CMD29326,CL0616,P063,14/08/2023,4,0,retourné,Agadir,Carte,LIV4,2023-08-17
CMD37651,CL0976,P009,27/04/2023,3,2520.71,retourné,TANGER,Carte,LIV2,2023-04-28
CMD21800,CL0074,P005,Jan 14 2024,2,4992.45,DONE,tanger,Carte,LIV10,2024-01-18
CMD27769,CL0751,P035,02/01/2024,2,4699.23,LIVRE,kech,Carte,LIV10,2024-01-07
CMD03153,CL0007,P038,27/11/2023,5,4623.0,DONE,casa,Carte,LIV9,2023-11-30
CMD08466,CL0757,P011,2023-02-12,4,1312.71,DONE,Agadir,Carte,LIV9,2023-02-13
CMD14922,CL0383,P010,2023-05-14,5,183.91,annulé,kech,Carte,LIV7,
CMD29425,CL0699,P051,Jul 17 2023,5,2958.03,en_cours,Agadir,Carte,LIV2,
CMD06788,CL0775,P087,Jan 31 2023,4,4062.11,OK,TNG,Carte,LIV10,
CMD39718,CL0354,P092,27/03/2024,2,1452.01,livré,tanger,Carte,LIV4,2024-03-31
CMD21107,CL0845,P076,2023-08-28,5,150.84,en_cours,Agadir,Carte,LIV6,
CMD05994,CL0074,P078,2023-11-11,2,3782.15,annulé,CASABLANCA,Carte,,
CMD33457,CL0361,P100,2023-02-15,2,3276.07,en_cours,Tnja,Carte,LIV9,
CMD07930,CL0357,P080,02/08/2023,1,4257.33,livré,RBA,Carte,LIV10,2023-08-06
CMD33788,CL0859,P094,Mar 19 2023,5,4471.37,livre,Tnja,Carte,LIV7,
CMD34813,CL0835,P016,2023-12-11,3,2357.34,livré,kech,Carte,LIV10,2023-12-15
CMD39263,CL0910,P026,06/07/2023,5,4875.39,DONE,TANGER,Carte,LIV7,2023-07-08
CMD15800,CL0057,P040,Dec 16 2023,5,3906.39,livre,casa,Carte,LIV5,
CMD33647,CL0595,P029,Oct 21 2023,3,1761.88,DONE,TNG,Carte,LIV4,2023-10-25
CMD37134,CL0137,P085,15/04/2024,2,1091.31,livré,TANGER,Carte,LIV2,2024-04-19
CMD35193,CL0603,P038,Jul 10 2023,5,4986.1,livré,Agadir,Carte,LIV3,2023-07-11
CMD28918,CL0772,P069,26/06/2023,4,1615.62,livre,marrakech,Carte,LIV9,
CMD18423,CL0782,P011,12/02/2023,1,0,LIVRE,TNG,Carte,LIV4,2023-02-17
CMD04811,CL0875,P016,2023-09-07,1,4257.0,livre,kech,Carte,LIV3,
CMD24672,CL0955,P053,19/01/2023,3,3986.2,KO,marrakech,Carte,LIV3,
CMD46657,CL0433,P023,2024-03-29,5,596.77,livré,tanger,Carte,LIV5,2024-04-01
CMD20118,CL0269,P081,Feb 11 2024,3,1745.1,KO,Agadir,Carte,LIV1,
CMD44337,CL0123,P081,2023-10-07,2,4872.32,OK,casa,Carte,LIV9,
CMD22740,CL0722,P030,Jan 31 2023,1,4856.69,livre,Agadir,Carte,LIV1,
CMD29946,CL0665,P063,13/06/2023,5,2751.68,OK,casa,Carte,LIV9,
CMD10057,CL0169,P055,Sep 04 2023,4,3283.35,KO,RBA,Carte,,
CMD09583,CL0231,P009,2023-03-17,1,1615.21,livré,Tnja,Carte,LIV1,2023-03-20
CMD22163,CL0117,P028,Mar 14 2024,5,3944.18,livré,casa,Carte,LIV3,2024-03-17
CMD20964,CL0280,P037,2023-02-04,2,1767.81,livré,marrakech,Carte,LIV1,2023-02-09
CMD09798,CL0843,P064,2024-02-19,4,841.58,annulé,TNG,Carte,LIV10,
CMD19519,CL0743,P080,2024-01-14,2,4178.68,livré,TANGER,Carte,LIV5,2024-01-18
CMD30594,CL0727,P060,Dec 16 2023,2,358.4,OK,kech,Carte,LIV10,
CMD00272,CL0378,P079,Apr 14 2023,2,1106.22,en_cours,tanger,Carte,LIV10,
CMD26902,CL0455,P065,2024-03-07,2,1185.19,livré,CASABLANCA,Carte,LIV5,2024-03-12
CMD24709,CL0070,P016,Feb 15 2024,3,622.13,livré,tanger,Carte,LIV5,2024-02-19
CMD19866,CL0477,P083,13/09/2023,2,3300.59,livre,tanger,Carte,LIV8,
CMD47040,CL0344,P020,2023-04-23,1,232.46,livre,RBA,Carte,LIV6,
CMD29417,CL0467,P069,2023-10-06,5,2048.1,LIVRE,RBA,Carte,LIV10,2023-10-09
CMD46070,CL0420,P046,22/10/2023,5,1278.32,livré,marrakech,Carte,LIV10,2023-10-23
CMD40324,CL0465,P069,2023-04-19,2,4118.4,livré,casa,Carte,LIV5,2023-04-20
CMD46101,CL0143,P061,2023-02-23,3,1852.62,livré,Tnja,Carte,LIV3,2023-02-24
CMD26267,CL0692,P010,May 02 2023,4,1981.84,livré,kech,Carte,LIV5,2023-05-03
CMD37565,CL0172,P096,17/03/2023,2,1509.14,DONE,Tnja,Carte,LIV4,2023-03-20
CMD03177,CL0475,P081,20/08/2023,5,3149.37,retourné,tanger,Carte,LIV5,2023-08-24
CMD01296,CL0106,P031,Apr 12 2024,5,939.39,en_cours,RBA,Carte,LIV6,
CMD42462,CL0082,P093,May 26 2023,3,542.3,KO,marrakech,Carte,LIV2,
CMD39742,CL0866,P037,2023-12-13,3,100.69,LIVRE,Tnja,Carte,LIV7,2023-12-14
CMD23187,CL0200,P080,23/05/2023,1,3689.84,retourné,kech,Carte,LIV10,2023-05-26
CMD20638,CL0907,P082,2023-11-27,2,2876.24,DONE,Tnja,Carte,LIV2,2023-12-02
CMD39534,CL0023,P095,2024-01-30,3,520.57,LIVRE,marrakech,Carte,LIV5,2024-02-01
CMD23672,CL0417,P076,2023-10-08,1,503.22,OK,RBA,Carte,LIV1,
CMD13387,CL0222,P097,Jun 07 2023,1,3776.38,livré,Agadir,Carte,LIV1,2023-06-12
CMD18032,CL0693,P089,Mar 22 2024,4,2184.53,en_cours,tanger,Carte,LIV6,
CMD43930,CL0947,P057,2023-06-03,1,3086.8,livré,casa,Carte,LIV7,2023-06-07
CMD39484,CL0701,P012,Aug 15 2023,2,2372.97,OK,kech,Carte,,
CMD24078,CL0061,P050,2023-06-04,5,2389.71,OK,Tnja,Carte,LIV6,
CMD42169,CL0806,P027,02/01/2024,1,2225.45,LIVRE,casa,Carte,LIV8,2024-01-03
CMD25574,CL0682,P006,Sep 20 2023,3,0,LIVRE,Tnja,Carte,LIV4,2023-09-24
CMD42086,CL0367,P074,Mar 26 2023,5,2468.84,livre,Tnja,Carte,LIV6,
CMD45518,CL0722,P071,2023-11-14,3,1798.38,livre,TNG,Carte,LIV8,
CMD00285,CL0634,P027,2023-06-06,5,2304.78,livré,CASABLANCA,Carte,LIV9,2023-06-07
CMD12342,CL0631,P098,14/01/2023,4,2838.24,OK,marrakech,Carte,LIV5,
CMD23531,CL0738,P096,03/08/2023,1,3334.77,OK,TNG,Carte,LIV5,
CMD17993,CL0072,P050,Jan 21 2024,3,1149.38,DONE,TNG,Carte,LIV10,2024-01-23
CMD30397,CL0271,P052,06/03/2024,4,2855.04,livré,Agadir,Carte,LIV5,2024-03-10
CMD44237,CL0312,P028,Mar 20 2024,5,3589.54,livré,RBA,Carte,LIV1,2024-03-25
CMD22931,CL0683,P026,2023-01-07,2,1014.46,livre,kech,Carte,LIV8,
CMD31810,CL0586,P082,Nov 24 2023,3,2764.45,livré,casa,Carte,LIV3,2023-11-28
CMD10380,CL0806,P035,2024-04-12,3,265.81,annulé,casa,Carte,LIV6,
CMD19205,CL0411,P090,05/01/2024,3,427.18,en_cours,casa,Carte,LIV10,
CMD38773,CL0388,P086,2023-11-20,2,3299.68,DONE,marrakech,Carte,LIV10,2023-11-22
CMD37166,CL0076,P012,11/03/2024,2,4673.95,livré,tanger,Carte,LIV1,2024-03-12
CMD32547,CL0941,P043,2024-02-26,5,2546.66,retourné,CASABLANCA,Carte,LIV3,2024-03-01
CMD09380,CL0738,P042,12/09/2023,3,1789.76,LIVRE,RBA,Carte,LIV7,2023-09-14
CMD10881,CL0360,P049,2023-11-11,4,1731.92,LIVRE,TANGER,Carte,LIV10,2023-11-13
CMD26788,CL0209,P046,Mar 11 2024,5,3095.88,livre,Agadir,Carte,LIV2,
CMD44673,CL0208,P048,Nov 26 2023,3,606.1,livré,tanger,Carte,LIV1,2023-12-01
CMD11133,CL0803,P026,28/06/2023,-1,718.02,annulé,casa,Carte,LIV2,
CMD05785,CL0303,P073,2024-05-15,5,2094.52,retourné,Tnja,Carte,LIV1,2024-05-17
CMD43216,CL0070,P077,Mar 02 2024,5,1563.97,livré,kech,Carte,LIV4,2024-03-05
CMD15728,CL0574,P100,Jan 30 2023,4,1187.69,DONE,tanger,Carte,,2023-02-02
CMD01554,CL0910,P054,09/02/2024,5,2286.91,livré,TNG,Carte,LIV7,2024-02-12
CMD43659,CL0730,P038,2023-07-14,2,1429.04,en_cours,TNG,Carte,LIV9,
CMD40864,CL0307,P047,2024-02-20,4,4910.32,OK,casa,Carte,LIV5,
CMD13254,CL0258,P034,Nov 12 2023,2,68.34,OK,kech,Carte,LIV2,
CMD25497,CL0325,P036,07/04/2024,1,1745.96,LIVRE,marrakech,Carte,LIV1,2024-04-08
CMD20376,CL0616,P041,27/02/2024,1,1988.68,en_cours,kech,Carte,LIV5,
CMD14791,CL0405,P065,16/07/2023,4,350.89,livré,TANGER,Carte,LIV9,2023-07-19
CMD38445,CL0646,P002,19/04/2023,3,4222.76,livre,RBA,Carte,LIV4,
CMD23790,CL0173,P070,Mar 10 2024,5,1442.15,KO,TNG,Carte,,
CMD28571,CL0487,P040,Apr 22 2024,2,1896.03,OK,Tnja,Carte,LIV9,
CMD37940,CL0620,P013,27/03/2023,1,2788.33,KO,casa,Carte,,
CMD02570,CL0832,P100,24/03/2023,3,2369.07,OK,TANGER,Carte,LIV7,
CMD00323,CL0518,P001,16/04/2023,3,2057.52,retourné,TANGER,Carte,LIV7,2023-04-19
CMD21304,CL0799,P069,2023-07-13,2,598.69,annulé,TNG,Carte,LIV6,
CMD28390,CL0919,P026,16/01/2024,4,503.06,LIVRE,Agadir,Carte,LIV4,2024-01-18
CMD03384,CL0734,P039,16/04/2024,1,3546.7,OK,Tnja,Carte,LIV10,
CMD47948,CL0916,P079,2023-10-14,5,4256.74,retourné,kech,Carte,LIV1,2023-10-15
CMD16717,CL0610,P081,09/03/2023,3,3592.68,DONE,kech,Carte,LIV10,2023-03-13
CMD43524,CL0486,P044,Aug 31 2023,5,531.95,livré,RBA,Carte,LIV3,2023-09-03
CMD22625,CL0286,P097,2023-10-16,2,789.83,DONE,Tnja,Carte,LIV8,2023-10-17
CMD44020,CL0312,P001,2023-04-14,3,401.61,livre,TNG,Carte,LIV2,
CMD41487,CL0816,P031,Sep 08 2023,5,598.6,LIVRE,TANGER,Carte,LIV2,2023-09-12
CMD00395,CL0128,P037,28/02/2023,4,3016.67,livré,TANGER,Carte,LIV7,2023-03-01
CMD19117,CL0366,P060,2023-02-04,3,66.92,livré,Tnja,Carte,LIV1,2023-02-07
CMD25471,CL0478,P031,Feb 24 2024,1,3465.44,livré,RBA,Carte,LIV5,2024-02-26
CMD19419,CL0086,P016,22/02/2023,1,2634.75,OK,marrakech,Carte,LIV3,
CMD30830,CL0493,P026,14/05/2023,1,4111.05,annulé,tanger,Carte,LIV8,
CMD44497,CL0332,P047,06/06/2023,5,3040.57,livré,TANGER,Carte,,2023-06-08
CMD19962,CL0563,P064,Oct 08 2023,1,4179.29,annulé,RBA,Carte,LIV8,
CMD14372,CL0859,P053,2023-04-30,3,2534.46,annulé,tanger,Carte,LIV2,
CMD34758,CL0911,P010,Dec 29 2023,3,3738.87,en_cours,CASABLANCA,Carte,LIV6,
CMD13353,CL0908,P045,2023-12-28,5,1801.53,OK,tanger,Carte,LIV6,
CMD41432,CL0736,P065,2023-12-13,4,4289.07,en_cours,Agadir,Carte,LIV8,
CMD00119,CL0950,P080,Jan 15 2023,4,1943.72,OK,marrakech,Carte,LIV8,
CMD17086,CL0956,P091,22/01/2024,5,571.35,LIVRE,Tnja,Carte,LIV3,2024-01-24
CMD41907,CL0533,P010,2023-01-19,4,398.08,livré,TNG,Carte,LIV3,2023-01-20
CMD05191,CL0735,P025,2023-03-16,4,3709.09,OK,TNG,Carte,LIV6,
CMD00640,CL0701,P038,16/10/2023,2,3939.26,en_cours,Agadir,Carte,LIV8,
CMD32941,CL0010,P030,20/02/2023,4,1320.47,KO,casa,Carte,LIV5,
CMD46364,CL0726,P084,2023-04-12,4,1036.22,KO,marrakech,Carte,LIV4,
CMD02739,CL0594,P067,07/05/2024,5,2787.67,livré,Tnja,Carte,LIV10,2024-05-10
CMD12563,CL0167,P037,2023-07-07,2,2773.98,DONE,CASABLANCA,Carte,LIV7,2023-07-08
CMD08048,CL0600,P100,21/05/2023,4,3887.61,retourné,casa,Carte,LIV5,2023-05-26
CMD36289,CL0031,P090,11/06/2023,5,682.0,LIVRE,TANGER,Carte,LIV8,2023-06-13
CMD36835,CL0012,P052,08/09/2023,5,2184.46,en_cours,CASABLANCA,Carte,LIV4,
CMD14574,CL0741,P053,2024-04-18,4,3315.26,livré,TNG,Carte,,2024-04-20
CMD44423,CL0939,P100,Sep 17 2023,3,2081.94,retourné,CASABLANCA,Carte,LIV7,2023-09-20
CMD43303,CL0245,P075,Aug 02 2023,2,2723.53,OK,CASABLANCA,Carte,LIV4,
CMD09599,CL0257,P055,2024-04-12,5,3936.15,livré,Tnja,Carte,LIV1,2024-04-14
CMD22370,CL0904,P021,09/04/2024,5,4511.41,KO,marrakech,Carte,LIV10,
CMD08325,CL0910,P060,2023-06-21,1,1353.66,annulé,casa,Carte,LIV1,
CMD07536,CL0113,P074,May 26 2023,4,2332.66,livré,marrakech,Carte,LIV2,2023-05-31
CMD01340,CL0076,P026,Sep 06 2023,4,3851.45,en_cours,marrakech,Carte,LIV10,
CMD07309,CL0369,P081,21/05/2023,1,2878.07,DONE,tanger,Carte,LIV7,2023-05-26
CMD30338,CL0457,P078,Apr 25 2024,4,511.35,DONE,Agadir,Carte,LIV6,2024-04-26
CMD30341,CL0174,P069,10/12/2023,5,1050.71,livré,CASABLANCA,Carte,LIV8,2023-12-12
CMD31669,CL0958,P047,2023-11-04,1,1318.94,en_cours,TNG,Carte,LIV7,
CMD15976,CL0341,P030,15/02/2023,3,3738.27,DONE,tanger,Carte,LIV4,2023-02-17
CMD10695,CL0696,P033,2023-01-30,4,3155.68,livré,CASABLANCA,Carte,LIV1,2023-02-04
CMD06913,CL0018,P061,2023-05-16,1,3452.6,KO,tanger,Carte,,
CMD28072,CL0752,P051,2024-03-18,2,2661.87,KO,TNG,Carte,LIV9,
CMD09264,CL0732,P062,17/06/2023,2,2125.26,livre,kech,Carte,LIV1,
CMD09312,CL0463,P017,13/06/2023,3,459.65,livre,TANGER,Carte,LIV1,
CMD19510,CL0244,P041,Feb 15 2023,2,1303.13,livré,CASABLANCA,Carte,LIV6,2023-02-20
CMD30763,CL0008,P074,Jun 20 2023,2,2508.75,annulé,RBA,Carte,LIV3,
CMD48210,CL0153,P007,2024-03-12,5,1894.25,KO,Tnja,Carte,LIV9,
CMD29684,CL0435,P066,Dec 10 2023,4,2311.37,OK,Agadir,Carte,LIV8,
CMD37842,CL0192,P010,Dec 29 2023,5,2644.8,DONE,Tnja,Carte,LIV9,2024-01-02
CMD05294,CL0245,P057,Nov 14 2023,5,4908.01,annulé,casa,Carte,LIV5,
CMD44851,CL0377,P005,Oct 21 2023,1,416.38,livré,casa,Carte,LIV7,2023-10-22
CMD23297,CL0913,P066,2023-08-05,1,2174.36,livre,casa,Carte,LIV8,
CMD24352,CL0104,P076,Jul 25 2023,2,4904.6,en_cours,casa,Carte,LIV8,
CMD44936,CL0013,P031,07/01/2024,5,3229.12,KO,RBA,Carte,LIV2,
CMD22323,CL0612,P064,06/05/2023,4,1557.52,LIVRE,TANGER,Carte,,2023-05-09
CMD33508,CL0408,P003,Apr 05 2023,2,3754.45,retourné,kech,Carte,LIV3,2023-04-09
CMD38273,CL0439,P084,25/07/2023,2,0,annulé,RBA,Carte,LIV6,
CMD05870,CL0036,P062,2023-12-17,2,4474.2,DONE,TANGER,Carte,LIV9,2023-12-19
CMD43663,CL0292,P080,2023-02-08,3,3166.01,annulé,tanger,Carte,LIV2,
CMD12574,CL0162,P055,Aug 10 2023,2,899.15,OK,tanger,Carte,LIV5,
CMD21852,CL0218,P060,Oct 03 2023,5,2880.15,livré,RBA,Carte,LIV2,2023-10-08
CMD23667,CL0720,P049,2023-09-11,4,1662.25,KO,kech,Carte,LIV1,
CMD30372,CL0198,P100,Mar 19 2023,2,2884.2,annulé,marrakech,Carte,LIV2,
CMD41016,CL0927,P084,31/12/2023,2,290.26,livre,tanger,Carte,LIV10,
CMD43965,CL0391,P036,Jun 25 2023,1,4051.34,DONE,kech,Carte,LIV4,2023-06-26
CMD21303,CL0110,P072,2023-01-19,1,4847.13,LIVRE,TANGER,Carte,LIV8,2023-01-21
CMD09774,CL0894,P070,03/09/2023,5,2892.19,livré,Agadir,Carte,LIV5,2023-09-05
CMD43479,CL0398,P036,2023-02-04,5,4712.39,livré,TANGER,Carte,LIV2,2023-02-09
CMD32901,CL0174,P033,Aug 29 2023,4,1310.56,livré,TNG,Carte,LIV4,2023-09-01
CMD41387,CL0214,P065,Jun 13 2023,4,198.6,livré,CASABLANCA,Carte,LIV1,2023-06-18
CMD16054,CL0399,P004,2024-01-04,3,3296.43,annulé,Agadir,Carte,LIV10,
CMD36304,CL0497,P036,23/07/2023,3,2673.43,LIVRE,tanger,Carte,LIV4,2023-07-25
CMD04335,CL0099,P001,26/12/2023,4,2933.3,KO,kech,Carte,LIV9,
CMD23217,CL1000,P061,Mar 24 2023,3,520.01,livré,kech,Carte,LIV5,2023-03-29
CMD12087,CL0971,P067,2023-07-03,5,2064.91,en_cours,casa,Carte,LIV4,
CMD38163,CL0831,P047,Jun 16 2023,2,153.62,KO,CASABLANCA,Carte,LIV10,
CMD34202,CL0872,P003,2023-06-02,1,4451.71,KO,Agadir,Carte,LIV4,
CMD15085,CL0823,P041,2023-10-22,4,3328.21,livre,tanger,Carte,LIV5,
CMD15247,CL0845,P032,30/04/2024,3,1460.88,retourné,Tnja,Carte,LIV1,2024-05-03
CMD07216,CL0172,P028,Dec 13 2023,1,362.67,en_cours,marrakech,Carte,LIV2,
CMD39536,CL0152,P076,May 31 2023,5,121.79,OK,kech,Carte,LIV4,
CMD46273,CL0765,P056,Oct 09 2023,3,1070.3,annulé,kech,Carte,LIV5,
CMD40496,CL0143,P045,Mar 07 2024,3,1397.9,livré,Agadir,Carte,LIV8,2024-03-10
CMD22234,CL0266,P010,Dec 21 2023,2,4719.45,KO,tanger,Carte,LIV3,
CMD34655,CL0734,P014,Sep 27 2023,5,3873.11,en_cours,CASABLANCA,Carte,LIV3,
CMD39003,CL0110,P058,Aug 01 2023,1,2340.66,OK,TNG,Carte,LIV7,
CMD06590,CL0062,P087,Jun 13 2023,4,2419.81,livré,TANGER,Carte,LIV6,2023-06-14
CMD34135,CL0043,P085,2024-02-09,1,2723.67,OK,TNG,Carte,LIV2,
CMD07975,CL0215,P034,2023-05-02,2,3310.75,livré,TNG,Carte,LIV2,2023-05-04
CMD27451,CL0261,P007,01/06/2023,4,3799.18,livré,CASABLANCA,Carte,LIV6,2023-06-06
CMD00589,CL0266,P064,2023-06-16,4,4788.44,OK,Agadir,Carte,LIV6,
CMD27347,CL0275,P072,Oct 04 2023,2,3427.39,LIVRE,marrakech,Carte,LIV5,2023-10-06
CMD38543,CL0337,P079,2023-11-01,4,2572.17,livré,Tnja,Carte,LIV8,2023-11-03
CMD08965,CL0236,P054,2024-02-10,3,4095.1,livre,tanger,Carte,,
CMD27731,CL0224,P033,19/04/2023,3,3496.83,DONE,casa,Carte,LIV8,2023-04-22
CMD19797,CL0576,P053,19/12/2023,2,1572.2,DONE,marrakech,Carte,LIV1,2023-12-21
CMD09174,CL0531,P020,Feb 06 2024,2,2930.74,en_cours,Tnja,Carte,LIV6,
CMD00186,CL0469,P013,2024-05-07,3,3826.53,DONE,RBA,Carte,LIV6,2024-05-08
CMD46711,CL0047,P034,Dec 07 2023,5,3152.85,livré,CASABLANCA,Carte,LIV5,2023-12-11
CMD36919,CL0224,P079,03/09/2023,1,2101.31,KO,marrakech,Carte,LIV9,
CMD02128,CL0634,P030,Mar 21 2023,2,4607.74,DONE,Tnja,Carte,LIV5,2023-03-24
CMD34484,CL0705,P035,01/02/2024,5,3850.47,livre,TNG,Carte,LIV9,
CMD35941,CL0544,P088,2023-05-20,3,1235.4,OK,TANGER,Carte,LIV4,
CMD43556,CL0778,P047,2023-01-27,3,2648.89,KO,Tnja,Carte,LIV1,
CMD05431,CL0601,P079,01/04/2023,2,1642.11,livré,TNG,Carte,LIV6,2023-04-02
CMD01982,CL0689,P025,10/11/2023,3,4289.26,OK,tanger,Carte,LIV5,
CMD18515,CL0781,P091,08/03/2023,5,172.41,LIVRE,Tnja,Carte,LIV4,2023-03-11
CMD08072,CL0832,P051,2024-03-09,5,4203.71,KO,TNG,Carte,LIV8,
CMD24083,CL0410,P086,14/03/2023,2,4390.09,livré,CASABLANCA,Carte,LIV8,2023-03-15
CMD32574,CL0904,P082,Nov 12 2023,2,4058.31,livré,Agadir,Carte,LIV5,2023-11-15
CMD20608,CL0077,P071,18/05/2023,1,4930.65,LIVRE,kech,Carte,LIV7,2023-05-20
CMD33830,CL0302,P017,Mar 15 2023,4,1468.92,livre,tanger,Carte,LIV2,
CMD41678,CL0417,P005,24/04/2024,1,4670.92,OK,TANGER,Carte,LIV3,
CMD34445,CL0801,P072,12/07/2023,1,4525.06,livre,Agadir,Carte,LIV1,
CMD01113,CL0695,P051,2023-09-25,5,580.61,livré,marrakech,Carte,LIV5,2023-09-26
CMD21132,CL0209,P042,2023-10-13,2,2411.07,KO,CASABLANCA,Carte,LIV1,
CMD31344,CL0973,P021,Nov 11 2023,2,2834.75,livré,RBA,Carte,LIV7,2023-11-12
CMD44613,CL0064,P021,Jun 26 2023,1,2588.46,DONE,TNG,Carte,,2023-06-28
CMD44433,CL0187,P080,Dec 17 2023,5,2525.42,annulé,tanger,Carte,LIV10,
CMD24442,CL0058,P087,Jan 01 2024,4,4109.77,livré,marrakech,Carte,,2024-01-05
CMD45158,CL0516,P091,11/03/2023,4,1617.66,retourné,marrakech,Carte,LIV9,2023-03-14
CMD34662,CL0292,P002,Dec 08 2023,1,489.58,livré,marrakech,Carte,LIV8,2023-12-11
CMD36824,CL0063,P049,2024-04-20,4,1547.25,retourné,tanger,Carte,LIV7,2024-04-22
CMD15381,CL0807,P032,2024-04-04,1,885.11,DONE,TNG,Carte,LIV2,2024-04-06
CMD37695,CL0791,P032,24/01/2024,1,2930.95,retourné,kech,Carte,LIV1,2024-01-29
CMD07255,CL0954,P009,Mar 26 2024,4,2774.65,KO,TNG,Carte,LIV4,
CMD34918,CL0809,P035,Jan 01 2023,3,2160.0,LIVRE,tanger,Carte,LIV1,2023-01-06
CMD18329,CL0411,P065,May 09 2023,5,1084.38,livre,TANGER,Carte,LIV3,
CMD04696,CL0466,P069,2023-03-18,3,367.55,DONE,casa,Carte,LIV4,2023-03-23
CMD33822,CL0278,P036,15/08/2023,3,1986.04,DONE,kech,Carte,LIV6,2023-08-17
CMD14626,CL0346,P064,10/04/2023,3,4659.75,LIVRE,TANGER,Carte,LIV3,2023-04-11
CMD31131,CL0895,P054,Jan 02 2024,2,3268.02,livré,Agadir,Carte,LIV10,2024-01-03
CMD30536,CL0849,P020,Feb 06 2023,2,1757.23,retourné,kech,Carte,LIV4,2023-02-11
CMD47931,CL0732,P015,01/05/2024,1,572.55,annulé,TNG,Carte,LIV9,
CMD10222,CL0921,P042,2023-08-03,3,2295.96,retourné,tanger,Carte,LIV7,2023-08-08
CMD32784,CL0325,P015,Jul 04 2023,3,457.32,livré,kech,Carte,LIV8,2023-07-05
CMD35705,CL0016,P091,08/01/2023,3,2628.12,annulé,casa,Carte,LIV5,
CMD32289,CL0039,P098,20/10/2023,4,3724.11,en_cours,CASABLANCA,Carte,LIV4,
CMD30961,CL0444,P041,13/05/2023,5,3554.32,livré,kech,Carte,LIV2,2023-05-16
CMD04904,CL0352,P018,02/11/2023,4,676.38,livré,RBA,Carte,LIV4,2023-11-03
CMD15410,CL0711,P055,2024-02-02,4,2427.05,LIVRE,Tnja,Carte,LIV10,2024-02-05
CMD40924,CL0234,P055,2023-05-17,1,1946.91,KO,CASABLANCA,Carte,LIV7,
CMD13670,CL0882,P090,15/12/2023,1,136.58,livré,casa,Carte,LIV5,2023-12-19
CMD40060,CL0994,P075,Dec 08 2023,5,3671.86,livré,TANGER,Carte,LIV9,2023-12-13
CMD20816,CL0784,P085,Jun 30 2023,3,589.59,DONE,casa,Carte,LIV6,2023-07-05
CMD45083,CL0602,P034,2024-04-08,2,1760.11,livre,TANGER,Carte,LIV2,
CMD02470,CL0138,P083,20/06/2023,5,3144.69,livré,CASABLANCA,Carte,LIV8,2023-06-23
CMD31200,CL0834,P075,2024-04-25,5,1013.23,livré,casa,Carte,LIV7,2024-04-27
CMD47975,CL0885,P029,17/04/2023,5,4394.28,OK,marrakech,Carte,LIV5,
CMD42740,CL0801,P080,31/05/2023,1,4029.82,livré,Tnja,Carte,LIV9,2023-06-05
CMD10730,CL0820,P093,Feb 08 2024,1,3077.34,OK,TANGER,Carte,LIV3,
CMD07607,CL0109,P050,2024-01-05,4,3654.86,livre,TANGER,Carte,LIV4,
CMD34611,CL0084,P002,Nov 08 2023,4,4647.09,livré,Agadir,Carte,LIV6,2023-11-10
CMD48302,CL0360,P050,20/12/2023,1,3066.54,KO,casa,Carte,LIV9,
CMD47014,CL0215,P010,2023-05-07,2,1013.92,livre,CASABLANCA,Carte,LIV10,
CMD21267,CL0663,P084,Nov 11 2023,1,4890.09,KO,marrakech,Carte,LIV8,
CMD07957,CL0029,P086,2023-03-23,2,3457.54,en_cours,CASABLANCA,Carte,LIV5,
CMD26392,CL0779,P009,2023-04-11,5,3190.41,retourné,Tnja,Carte,LIV5,2023-04-16
CMD47108,CL0480,P097,2024-03-11,1,3657.59,livre,casa,Carte,LIV7,
CMD17337,CL0510,P008,10/08/2023,2,1105.58,DONE,casa,Carte,LIV10,2023-08-11
CMD21035,CL0387,P020,2024-04-13,3,1007.18,livré,TNG,Carte,LIV6,2024-04-15
CMD37824,CL0740,P012,Dec 13 2023,3,1886.4,livré,CASABLANCA,Carte,LIV6,2023-12-15
CMD34051,CL0202,P015,Apr 24 2024,1,2402.04,retourné,CASABLANCA,Carte,LIV1,2024-04-27
CMD04763,CL0910,P020,2023-12-07,5,2070.69,en_cours,marrakech,Carte,LIV3,
CMD42813,CL0979,P061,04/01/2024,4,4207.25,en_cours,TANGER,Carte,LIV10,
CMD23213,CL0676,P060,Jan 21 2023,2,1911.13,LIVRE,TNG,Carte,LIV4,2023-01-25
CMD00561,CL0695,P041,2023-01-15,2,591.1,livré,kech,Carte,,2023-01-19
CMD26989,CL0525,P048,2024-02-10,4,880.47,livré,marrakech,Carte,LIV3,2024-02-14
CMD08228,CL0655,P088,08/04/2023,5,2480.44,livré,Agadir,Carte,LIV9,2023-04-09
CMD32740,CL0606,P090,2023-05-01,5,4260.34,DONE,TANGER,Carte,LIV3,2023-05-02
CMD26621,CL0465,P071,2023-03-01,3,643.33,livré,TANGER,Carte,LIV9,2023-03-04
CMD25282,CL0522,P032,04/02/2023,3,718.22,livré,TANGER,Carte,LIV8,2023-02-05
CMD27639,CL0718,P003,2024-01-15,3,3398.29,KO,casa,Carte,LIV7,
CMD12245,CL0739,P035,2023-07-11,5,1316.47,livré,TNG,Carte,LIV5,2023-07-13
CMD46506,CL0081,P013,May 13 2023,4,4978.39,en_cours,marrakech,Carte,LIV3,
CMD11412,CL0667,P077,12/11/2023,5,1682.91,livré,TNG,Carte,LIV5,2023-11-13
CMD47129,CL0495,P049,30/01/2024,4,1804.61,livré,CASABLANCA,Carte,LIV1,2024-02-04
CMD41422,CL0453,P039,Oct 17 2023,3,2386.13,livré,TANGER,Carte,LIV3,2023-10-20
CMD25487,CL0291,P027,Apr 25 2024,4,1816.11,DONE,TNG,Carte,LIV4,2024-04-28
CMD27921,CL0126,P069,Dec 21 2023,5,3329.91,livré,Agadir,Carte,LIV10,2023-12-22
CMD35756,CL0811,P056,Nov 01 2023,4,3618.12,livré,TANGER,Carte,LIV2,2023-11-06
CMD39374,CL0216,P075,19/03/2024,3,1932.22,KO,TNG,Carte,LIV8,
CMD12682,CL0652,P098,13/02/2024,4,3391.29,OK,Agadir,Carte,LIV10,
CMD13302,CL0729,P076,Nov 25 2023,1,1817.27,DONE,casa,Carte,LIV7,2023-11-26
CMD42904,CL0621,P017,2024-04-20,2,3097.11,livre,CASABLANCA,Carte,LIV3,
CMD31266,CL0821,P005,16/06/2023,5,2627.65,KO,Tnja,Carte,LIV6,
CMD10954,CL0200,P079,Jan 01 2023,1,2249.82,livre,kech,Carte,LIV3,
CMD12056,CL0479,P062,26/12/2023,4,709.46,DONE,CASABLANCA,Carte,LIV9,2023-12-29
CMD31544,CL0771,P100,Jun 15 2023,1,3831.7,DONE,Agadir,Carte,LIV5,2023-06-16
CMD37224,CL0192,P004,Oct 28 2023,2,4704.8,livré,CASABLANCA,Carte,LIV1,2023-10-31
CMD34155,CL0163,P008,Jan 19 2023,4,1542.06,KO,marrakech,Carte,LIV1,
CMD01734,CL0637,P042,16/03/2023,4,0,en_cours,CASABLANCA,Carte,LIV9,
CMD19934,CL0315,P063,11/11/2023,2,4533.89,KO,TANGER,Carte,LIV2,
CMD47338,CL0692,P008,28/07/2023,3,4137.23,retourné,marrakech,Carte,LIV3,2023-07-30
CMD42928,CL0377,P088,2023-01-13,2,3420.34,livré,casa,Carte,LIV10,2023-01-16
CMD16404,CL0039,P038,Oct 15 2023,1,385.68,OK,marrakech,Carte,LIV3,
CMD33918,CL0889,P070,31/03/2023,1,3667.11,KO,tanger,Carte,LIV6,
CMD21298,CL0287,P031,2023-08-02,5,3353.87,livré,kech,Carte,LIV4,2023-08-03
CMD45922,CL0057,P065,16/02/2023,1,3676.75,DONE,casa,Carte,LIV4,2023-02-17
CMD09250,CL0067,P083,2023-05-13,2,3650.39,OK,CASABLANCA,Carte,LIV9,
CMD05593,CL0415,P022,01/12/2023,1,4396.24,en_cours,TNG,Carte,LIV7,
CMD30086,CL0703,P066,2023-10-06,1,2970.62,retourné,Agadir,Carte,LIV3,2023-10-10
CMD15445,CL0291,P045,2023-09-15,4,3444.53,livré,tanger,Carte,LIV9,2023-09-18
CMD16100,CL0674,P050,Nov 21 2023,1,3258.32,livre,casa,Carte,,
CMD07986,CL0697,P080,2023-05-29,1,1015.8,livré,Agadir,Carte,LIV10,2023-06-03
CMD12726,CL0743,P096,2024-05-01,1,3681.4,livré,casa,Carte,LIV7,2024-05-06
CMD17815,CL0007,P041,Jan 24 2024,4,517.12,livré,casa,Carte,LIV2,2024-01-29
CMD30221,CL0242,P029,2023-02-05,2,2698.07,livré,Tnja,Carte,LIV6,2023-02-07
CMD09579,CL0781,P097,08/02/2023,2,1377.74,en_cours,CASABLANCA,Carte,,
CMD00757,CL0521,P012,2023-03-03,2,3176.26,en_cours,CASABLANCA,Carte,LIV5,
CMD10685,CL0428,P013,2023-05-05,4,58.3,livré,Agadir,Carte,LIV7,2023-05-06
CMD12977,CL0912,P071,2023-05-06,5,2696.54,en_cours,marrakech,Carte,LIV3,
CMD26985,CL0209,P012,2024-01-18,1,2780.44,KO,TNG,Carte,LIV3,
CMD17681,CL0014,P036,18/09/2023,2,1293.91,livré,tanger,Carte,LIV10,2023-09-22
CMD12002,CL0533,P052,19/02/2023,2,2030.54,OK,Agadir,Carte,LIV7,
CMD32755,CL0166,P083,Apr 18 2024,5,482.56,KO,tanger,Carte,,
CMD32239,CL0491,P029,Jul 31 2023,4,1227.05,livré,TNG,Carte,LIV6,2023-08-01
CMD44953,CL0956,P090,06/01/2024,5,1446.32,OK,tanger,Carte,LIV2,
CMD44055,CL0417,P029,Jun 17 2023,5,3940.17,livre,TNG,Carte,LIV6,
CMD03736,CL0271,P030,May 13 2024,1,4448.01,LIVRE,kech,Carte,LIV2,2024-05-15
CMD01187,CL0228,P100,29/12/2023,5,4610.45,LIVRE,CASABLANCA,Carte,LIV6,2024-01-03
CMD05991,CL0784,P047,Apr 22 2024,4,3109.86,livré,tanger,Carte,LIV3,2024-04-26
CMD39402,CL0173,P099,28/04/2024,2,4905.56,annulé,Agadir,Carte,LIV4,
CMD05568,CL0275,P060,2024-03-30,5,2018.78,retourné,Agadir,Carte,LIV10,2024-03-31
CMD07051,CL0115,P052,2024-04-13,3,2253.92,livré,marrakech,Carte,LIV3,2024-04-18
CMD05292,CL0487,P044,2023-08-03,5,4222.01,livré,Tnja,Carte,LIV8,2023-08-07
CMD48173,CL0393,P034,11/10/2023,4,3506.67,livre,casa,Carte,LIV8,
CMD40348,CL0169,P092,Sep 14 2023,3,4204.75,livré,TANGER,Carte,LIV2,2023-09-16
CMD46525,CL0432,P047,Mar 25 2023,1,940.38,DONE,TNG,Carte,LIV6,2023-03-28
CMD19387,CL0056,P006,29/03/2023,2,2046.53,KO,Tnja,Carte,,
CMD27749,CL0717,P100,2024-01-17,5,4109.23,livre,tanger,Carte,LIV7,
CMD31582,CL0597,P091,2023-04-07,1,2643.15,KO,tanger,Carte,LIV5,
CMD29542,CL0474,P065,03/03/2023,2,2295.5,annulé,CASABLANCA,Carte,LIV7,
CMD43082,CL0958,P082,2023-03-24,2,2684.11,KO,marrakech,Carte,LIV3,
CMD42387,CL0589,P080,28/05/2023,5,470.75,en_cours,casa,Carte,LIV4,
CMD31687,CL0259,P018,2023-08-08,2,3028.17,LIVRE,Agadir,Carte,LIV7,2023-08-13
CMD20162,CL0399,P082,Apr 29 2023,2,4065.93,LIVRE,tanger,Carte,LIV2,2023-04-30
CMD03415,CL0875,P013,19/03/2023,3,934.57,livre,marrakech,Carte,LIV6,
CMD30998,CL0194,P015,2023-02-01,2,4861.41,DONE,TNG,Carte,LIV8,2023-02-03
CMD02306,CL0281,P029,09/02/2023,4,4026.3,en_cours,casa,Carte,LIV5,
CMD34731,CL0934,P097,Jun 04 2023,4,3149.62,OK,tanger,Carte,LIV9,
CMD25726,CL0378,P068,2023-08-20,5,4031.51,KO,TNG,Carte,LIV5,
CMD33704,CL0810,P100,Sep 28 2023,4,1251.07,livre,tanger,Carte,LIV5,
CMD22943,CL0538,P080,Oct 01 2023,5,1317.26,livre,casa,Carte,LIV7,
CMD02283,CL0976,P007,Oct 04 2023,1,822.44,OK,TANGER,Carte,LIV1,
CMD37081,CL0543,P022,Jan 27 2023,3,1398.21,LIVRE,marrakech,Carte,LIV3,2023-01-29
CMD35952,CL0541,P008,09/02/2024,4,4339.75,KO,RBA,Carte,LIV4,
CMD25744,CL0085,P053,21/02/2024,2,1999.75,KO,Tnja,Carte,LIV10,
CMD15671,CL0833,P056,08/04/2023,4,3018.54,livre,Agadir,Carte,LIV9,
CMD11806,CL0071,P022,2023-01-28,2,650.93,retourné,marrakech,Carte,LIV4,2023-01-30
CMD48251,CL0688,P093,2023-04-07,4,2489.47,retourné,Tnja,Carte,LIV8,2023-04-08
CMD16766,CL0558,P082,May 11 2023,5,3596.28,annulé,Tnja,Carte,LIV2,
CMD43619,CL0767,P003,17/03/2023,4,4113.49,en_cours,RBA,Carte,LIV1,
CMD07354,CL0844,P084,15/04/2024,5,134.98,en_cours,Tnja,Carte,LIV1,
CMD20240,CL0124,P002,2023-06-13,3,2653.91,livré,tanger,Carte,LIV10,2023-06-14
CMD33921,CL0709,P016,Aug 31 2023,2,4349.9,OK,Agadir,Carte,LIV7,
CMD47924,CL0462,P034,10/05/2024,5,199.31,livré,casa,Carte,LIV6,2024-05-11
CMD21599,CL0356,P096,Apr 13 2023,3,4456.67,retourné,Tnja,Carte,LIV10,2023-04-14
CMD38193,CL0782,P010,Nov 18 2023,5,2036.31,livré,TANGER,Carte,LIV6,2023-11-20
CMD04567,CL0398,P068,08/06/2023,3,1771.47,DONE,TANGER,Carte,LIV7,2023-06-09
CMD29845,CL0470,P062,2024-04-28,2,2350.62,en_cours,Agadir,Carte,LIV3,
CMD37703,CL0274,P017,Dec 04 2023,1,540.44,annulé,CASABLANCA,Carte,LIV2,
CMD39756,CL0683,P003,Mar 01 2024,2,1617.08,livré,kech,Carte,LIV7,2024-03-03
CMD39940,CL0959,P001,13/06/2023,5,322.35,livré,Agadir,Carte,,2023-06-15
CMD13401,CL0646,P044,06/03/2024,4,3437.17,retourné,TANGER,Carte,LIV2,2024-03-10
CMD16646,CL0481,P037,2023-03-21,5,2534.51,livré,Tnja,Carte,LIV6,2023-03-25
CMD00651,CL0022,P011,Jan 10 2024,1,2731.65,livré,CASABLANCA,Carte,LIV7,2024-01-11
CMD29457,CL0754,P083,07/05/2024,4,624.84,en_cours,tanger,Carte,LIV5,
CMD06708,CL0661,P094,2024-04-27,4,52.56,en_cours,CASABLANCA,Carte,LIV7,
CMD25485,CL0106,P068,Mar 19 2024,3,4778.61,KO,TNG,Carte,LIV10,
CMD42500,CL0373,P075,29/04/2024,1,0,LIVRE,Agadir,Carte,LIV7,2024-04-30
CMD32993,CL0469,P055,Jun 19 2023,1,1880.57,livré,marrakech,Carte,LIV4,2023-06-22
CMD46473,CL0269,P083,01/05/2024,2,3317.88,livré,CASABLANCA,Carte,LIV4,2024-05-03
CMD16278,CL0887,P073,2024-02-10,2,582.9,annulé,Tnja,Carte,LIV10,
CMD23702,CL0871,P060,21/02/2024,1,3712.57,livré,CASABLANCA,Carte,LIV1,2024-02-24
CMD02985,CL0516,P038,Dec 15 2023,4,2830.42,livré,Agadir,Carte,,2023-12-20
CMD12809,CL0843,P065,04/04/2024,5,3166.54,KO,tanger,Carte,LIV3,
CMD12201,CL0555,P030,2024-03-25,4,2924.95,KO,tanger,Carte,LIV7,
CMD44396,CL0847,P012,2023-10-03,5,4452.5,livre,kech,Carte,LIV8,
CMD03314,CL0649,P066,2023-04-06,1,1542.41,KO,kech,Carte,LIV1,
CMD09381,CL0718,P081,2023-07-20,3,0,livré,kech,Carte,LIV9,2023-07-21
CMD15333,CL0845,P024,27/02/2024,1,597.81,retourné,Tnja,Carte,LIV2,2024-02-28
CMD48459,CL0031,P057,17/03/2024,5,1018.32,retourné,TNG,Carte,LIV9,2024-03-21
CMD15882,CL0942,P062,Apr 24 2023,4,792.24,DONE,Tnja,Carte,LIV9,2023-04-25
CMD15040,CL0882,P026,2023-06-13,5,922.59,OK,TANGER,Carte,LIV1,
CMD19930,CL0963,P069,Jan 24 2024,2,1739.32,livré,TNG,Carte,LIV3,2024-01-25
CMD31792,CL0444,P034,2024-03-03,3,3867.52,DONE,casa,Carte,LIV9,2024-03-07
CMD42420,CL0094,P002,29/10/2023,2,2318.27,KO,tanger,Carte,LIV5,
CMD19756,CL0961,P067,2023-03-17,3,1117.17,livre,CASABLANCA,Carte,LIV8,
CMD08617,CL0684,P081,01/02/2023,3,389.0,livre,kech,Carte,,
CMD28754,CL0384,P015,2023-04-26,2,926.92,livré,CASABLANCA,Carte,LIV8,2023-04-27
CMD15574,CL0710,P027,Aug 07 2023,1,4629.96,livré,kech,Carte,,2023-08-11
CMD15049,CL0036,P004,2024-03-31,2,1277.09,OK,Tnja,Carte,LIV10,
CMD04702,CL0618,P011,27/02/2023,5,1199.56,LIVRE,kech,Carte,LIV5,2023-03-04
CMD15236,CL0226,P076,09/02/2023,3,3998.86,livre,TANGER,Carte,LIV8,
CMD17068,CL0384,P018,Jan 23 2023,4,4210.02,annulé,kech,Carte,,
CMD30717,CL0384,P066,2023-11-02,1,435.58,DONE,TANGER,Carte,LIV8,2023-11-03
CMD00374,CL0853,P017,06/09/2023,3,3822.18,KO,TANGER,Carte,LIV1,
CMD36672,CL0851,P029,25/07/2023,1,4854.87,livré,casa,Carte,LIV4,2023-07-27
CMD17833,CL0978,P085,2023-07-04,2,4326.54,OK,RBA,Carte,LIV5,
CMD21628,CL0807,P045,Sep 01 2023,5,388.17,livré,marrakech,Carte,LIV2,2023-09-04
CMD12147,CL0035,P051,Nov 28 2023,5,4509.44,livré,RBA,Carte,LIV6,2023-12-03
CMD38632,CL0160,P072,22/02/2023,2,3175.47,livré,casa,Carte,LIV9,2023-02-23
CMD39114,CL0215,P097,27/05/2023,2,1215.16,LIVRE,Agadir,Carte,LIV10,2023-05-29
CMD29307,CL0938,P042,2023-05-02,3,1726.15,en_cours,Tnja,Carte,LIV5,
CMD14511,CL0322,P096,2023-07-30,1,4994.92,livré,CASABLANCA,Carte,LIV10,2023-08-01
CMD41911,CL0796,P030,2024-04-23,1,457.76,retourné,RBA,Carte,LIV8,2024-04-27
CMD09112,CL0970,P028,27/02/2023,4,2097.83,annulé,RBA,Carte,LIV1,
CMD00545,CL0595,P100,22/03/2024,4,2984.95,OK,casa,Carte,LIV3,
CMD36066,CL0958,P031,19/01/2024,1,3642.84,livré,casa,Carte,LIV10,2024-01-24
CMD02169,CL0597,P046,09/03/2023,1,2794.84,KO,CASABLANCA,Carte,LIV1,
CMD32704,CL0903,P096,2023-09-28,2,3320.61,en_cours,TANGER,Carte,LIV9,
CMD24587,CL0863,P100,17/10/2023,3,4289.87,livré,TNG,Carte,LIV6,2023-10-21
CMD12107,CL0460,P085,2024-02-13,3,1243.91,retourné,casa,Carte,LIV1,2024-02-14
CMD01930,CL0443,P055,22/04/2024,4,4902.37,en_cours,marrakech,Carte,LIV3,
CMD16689,CL0127,P055,11/07/2023,4,3483.37,KO,tanger,Carte,LIV4,
CMD27048,CL0154,P007,2023-05-13,4,2068.4,OK,Tnja,Carte,LIV5,
CMD05828,CL0510,P019,26/09/2023,1,3845.05,livré,marrakech,Carte,LIV5,2023-10-01
CMD02522,CL0765,P087,Mar 15 2024,1,4622.42,livre,RBA,Carte,LIV6,
CMD42504,CL0842,P003,Aug 31 2023,1,561.91,DONE,tanger,Carte,LIV8,2023-09-04
CMD32591,CL0134,P036,2023-11-02,3,1829.82,OK,marrakech,Carte,LIV7,
CMD24327,CL0252,P067,May 31 2023,4,1797.45,DONE,RBA,Carte,,2023-06-03
CMD37462,CL0307,P080,Apr 22 2023,5,852.28,livré,kech,Carte,LIV8,2023-04-24
CMD06401,CL0058,P080,Mar 04 2024,3,1870.63,livre,RBA,Carte,LIV7,
CMD01605,CL0983,P050,04/04/2024,1,3772.82,OK,Tnja,Carte,LIV10,
CMD43008,CL0930,P058,2023-08-18,3,3151.21,LIVRE,kech,Carte,LIV8,2023-08-19
CMD07176,CL0159,P044,09/08/2023,2,2505.47,livré,TNG,Carte,,2023-08-13
CMD03625,CL0943,P020,02/01/2023,2,1555.78,annulé,RBA,Carte,LIV8,
CMD00778,CL0493,P009,Mar 11 2024,2,4573.4,KO,RBA,Carte,LIV2,
CMD46584,CL0124,P015,2023-02-16,1,1298.69,livré,casa,Carte,LIV10,2023-02-19
CMD33726,CL0878,P088,2023-07-11,1,4625.24,livré,CASABLANCA,Carte,LIV2,2023-07-12
CMD37323,CL0546,P044,Jan 01 2024,3,2400.25,LIVRE,Tnja,Carte,LIV4,2024-01-06
CMD27675,CL0021,P054,05/03/2024,4,1336.41,OK,kech,Carte,,
CMD09676,CL0392,P037,Apr 14 2024,4,4714.86,livré,Tnja,Carte,LIV8,2024-04-15
CMD37925,CL0960,P077,2023-01-27,5,4358.99,retourné,casa,Carte,LIV2,2023-01-31
CMD47612,CL0257,P089,24/01/2023,5,1843.42,livré,kech,Carte,LIV9,2023-01-26
CMD12013,CL0850,P076,26/11/2023,3,4177.89,LIVRE,Agadir,Carte,LIV6,2023-11-27
CMD30219,CL0311,P079,10/01/2024,4,1223.74,retourné,tanger,Carte,LIV10,2024-01-13
CMD00380,CL0304,P011,06/03/2023,5,1593.69,en_cours,casa,Carte,LIV9,
CMD16348,CL0724,P100,05/01/2024,3,3929.3,KO,tanger,Carte,LIV1,
CMD12971,CL0980,P001,2024-02-23,2,616.48,livré,Tnja,Carte,LIV7,2024-02-25
CMD07356,CL0319,P016,Jan 18 2023,5,2546.49,livré,tanger,Carte,LIV4,2023-01-19
CMD32015,CL0756,P095,29/04/2024,3,3948.6,en_cours,marrakech,Carte,LIV9,
CMD08524,CL0364,P010,May 27 2023,3,1791.82,livré,TANGER,Carte,,2023-05-30
CMD24921,CL0705,P049,2023-06-29,5,4019.15,LIVRE,marrakech,Carte,LIV4,2023-07-02
CMD01844,CL0525,P014,2023-06-14,4,465.35,retourné,TANGER,Carte,LIV4,2023-06-15
CMD08269,CL0613,P013,2023-11-07,5,3361.57,KO,TANGER,Carte,LIV7,
CMD01701,CL0213,P048,2024-04-09,5,369.44,annulé,Agadir,Carte,LIV9,
CMD02817,CL0392,P038,2023-12-18,4,543.41,livré,casa,Carte,LIV7,2023-12-22
CMD47485,CL0003,P029,2023-06-07,4,0,retourné,kech,Carte,LIV2,2023-06-09
CMD48269,CL0844,P100,23/07/2023,1,3746.17,DONE,Agadir,Carte,LIV4,2023-07-27
CMD04711,CL0532,P047,23/03/2023,3,3741.67,LIVRE,RBA,Carte,LIV9,2023-03-26
CMD19612,CL0249,P082,2024-01-05,2,108.79,livré,casa,Carte,LIV8,2024-01-07
CMD17094,CL0303,P079,2023-11-18,1,2697.48,livré,CASABLANCA,Carte,LIV5,2023-11-19
CMD05478,CL0236,P037,07/05/2023,5,4512.64,LIVRE,TANGER,Carte,LIV7,2023-05-08
CMD13066,CL0174,P022,30/04/2023,1,2205.99,livré,RBA,Carte,LIV1,2023-05-05
CMD24970,CL0615,P080,07/04/2024,4,3539.45,livré,TNG,Carte,LIV8,2024-04-08
CMD11669,CL0413,P077,Jan 12 2023,1,968.41,livré,casa,Carte,LIV5,2023-01-13
CMD12067,CL0723,P016,17/05/2023,3,2559.86,DONE,Tnja,Carte,LIV8,2023-05-20
CMD04530,CL0693,P015,11/05/2023,4,4508.25,retourné,tanger,Carte,LIV5,2023-05-15
CMD27473,CL0331,P098,Jan 14 2023,2,1073.76,OK,kech,Carte,LIV1,
CMD24195,CL0364,P023,2023-03-22,1,1949.58,livré,RBA,Carte,LIV8,2023-03-23
CMD38979,CL0796,P063,Feb 20 2023,2,4381.32,LIVRE,tanger,Carte,LIV6,2023-02-22
CMD30004,CL0301,P042,09/04/2024,4,275.53,en_cours,Tnja,Carte,LIV2,
CMD25114,CL0166,P032,12/01/2024,1,3107.41,livré,Agadir,Carte,LIV10,2024-01-16
CMD24559,CL0123,P070,Apr 21 2024,3,456.11,livré,CASABLANCA,Carte,LIV7,2024-04-26
CMD08051,CL0074,P088,May 04 2023,2,650.01,LIVRE,CASABLANCA,Carte,LIV5,2023-05-05
CMD00287,CL0372,P032,25/01/2024,3,2152.88,livré,Tnja,Carte,LIV4,2024-01-30
CMD15304,CL0070,P091,20/08/2023,4,982.16,livré,Agadir,Carte,LIV2,2023-08-24
CMD19309,CL0446,P054,27/04/2024,2,2425.49,retourné,TANGER,Carte,LIV2,2024-05-02
CMD37782,CL0167,P080,16/05/2023,5,2858.1,en_cours,TNG,Carte,LIV2,
CMD43679,CL0881,P059,31/10/2023,5,3306.54,DONE,Tnja,Carte,LIV4,2023-11-05
CMD43304,CL0186,P026,2023-11-20,4,2022.88,en_cours,tanger,Carte,,
CMD21543,CL0435,P095,Jan 06 2023,1,339.82,livré,TNG,Carte,LIV5,2023-01-11
CMD46612,CL0095,P038,2023-01-21,3,4381.2,KO,kech,Carte,LIV2,
CMD01700,CL0441,P011,21/03/2024,1,4164.28,en_cours,kech,Carte,LIV3,
CMD21388,CL0818,P008,2023-04-02,2,2925.46,retourné,tanger,Carte,LIV1,2023-04-06
CMD20051,CL0374,P041,29/06/2023,4,1311.78,en_cours,marrakech,Carte,LIV8,
CMD47940,CL0387,P005,2024-02-25,1,4542.52,livre,RBA,Carte,LIV1,
CMD34587,CL0286,P100,31/05/2023,1,566.74,livré,Agadir,Carte,LIV1,2023-06-01
CMD34469,CL0271,P088,2023-05-02,5,3467.29,DONE,Agadir,Carte,,2023-05-03
CMD31777,CL0306,P041,Mar 28 2024,4,1918.9,LIVRE,kech,Carte,LIV1,2024-04-01
CMD13592,CL0372,P039,Sep 27 2023,1,2550.76,livré,Agadir,Carte,LIV2,2023-09-28
CMD26787,CL0316,P097,2023-06-12,3,3262.56,OK,TANGER,Carte,LIV3,
CMD13879,CL0766,P017,2023-08-31,3,421.8,OK,casa,Carte,LIV2,
CMD06084,CL0897,P082,20/03/2023,4,2431.92,DONE,Tnja,Carte,LIV6,2023-03-25
CMD08044,CL0411,P090,2023-01-13,1,1113.3,livré,tanger,Carte,LIV9,2023-01-18
CMD39519,CL0103,P038,2023-03-31,1,3690.95,annulé,Agadir,Carte,LIV3,
CMD08345,CL0115,P074,Jul 09 2023,3,4251.82,livré,RBA,Carte,LIV4,2023-07-14
CMD11326,CL0344,P098,24/06/2023,4,4243.12,livré,Agadir,Carte,LIV2,2023-06-25
CMD01316,CL0917,P001,31/01/2023,5,3121.15,LIVRE,marrakech,Carte,LIV4,2023-02-03
CMD21971,CL0991,P018,2023-03-09,1,1867.54,LIVRE,CASABLANCA,Carte,LIV9,2023-03-13
CMD13575,CL0118,P014,May 15 2023,3,3625.3,livre,marrakech,Carte,LIV8,
CMD11672,CL0468,P085,24/05/2023,2,790.49,livré,Tnja,Carte,LIV5,2023-05-25
CMD29343,CL0553,P061,Feb 01 2023,2,2348.43,livré,RBA,Carte,LIV7,2023-02-05
CMD18633,CL0521,P054,18/08/2023,4,89.74,livré,marrakech,Carte,LIV7,2023-08-19
CMD20559,CL0325,P041,Jan 22 2023,5,4588.08,KO,marrakech,Carte,LIV2,
CMD31276,CL0922,P090,29/08/2023,4,2497.91,livré,tanger,Carte,LIV4,2023-08-31
CMD22553,CL0854,P039,01/09/2023,2,1980.44,KO,marrakech,Carte,LIV3,
CMD39839,CL0175,P083,2024-03-01,2,785.59,retourné,marrakech,Carte,LIV9,2024-03-05
CMD06675,CL0534,P033,2024-01-03,1,3214.69,livre,casa,Carte,LIV1,
CMD47025,CL0396,P038,19/07/2023,5,1764.12,retourné,marrakech,Carte,LIV3,2023-07-24
CMD28756,CL0755,P070,2023-03-13,3,1735.15,livré,RBA,Carte,LIV1,2023-03-15
CMD26577,CL0536,P072,15/08/2023,3,2391.23,en_cours,TANGER,Carte,LIV9,
CMD05944,CL0482,P073,2023-05-21,1,1206.75,retourné,tanger,Carte,,2023-05-24
CMD08170,CL0957,P025,2024-03-21,4,692.03,KO,kech,Carte,LIV3,
CMD11674,CL0022,P031,2023-11-03,3,3005.94,livre,casa,Carte,LIV10,
CMD34748,CL0017,P014,12/04/2023,2,4527.31,livré,RBA,Carte,LIV2,2023-04-13
CMD44563,CL0213,P074,2023-11-03,2,4714.72,livré,RBA,Carte,,2023-11-06
CMD27962,CL0167,P011,2023-05-19,1,1435.65,en_cours,marrakech,Carte,LIV8,
CMD46652,CL0742,P006,Feb 23 2023,5,3528.83,livre,CASABLANCA,Carte,LIV1,
CMD20942,CL0650,P077,Jan 11 2023,1,2763.12,DONE,CASABLANCA,Carte,LIV7,2023-01-13
CMD05341,CL0077,P086,May 08 2024,5,3237.2,livré,RBA,Carte,LIV3,2024-05-09
CMD45829,CL0965,P047,2023-10-27,2,3088.33,retourné,Agadir,Carte,LIV2,2023-10-28
CMD20791,CL0629,P018,Feb 04 2023,1,4300.74,retourné,CASABLANCA,Carte,LIV8,2023-02-06
CMD27753,CL0138,P083,2023-04-16,3,1143.29,OK,TNG,Carte,LIV7,
CMD04782,CL0641,P057,31/03/2023,5,1251.99,retourné,Agadir,Carte,LIV4,2023-04-02
CMD37540,CL0900,P013,Feb 19 2024,2,2637.12,en_cours,casa,Carte,LIV2,
CMD00133,CL0115,P006,31/07/2023,3,2128.23,OK,marrakech,Carte,LIV3,
CMD42856,CL0419,P088,21/08/2023,5,2165.55,OK,TANGER,Carte,LIV10,
CMD12486,CL0380,P086,Jan 02 2024,3,3915.2,annulé,CASABLANCA,Carte,LIV5,
CMD43567,CL0011,P007,Dec 28 2023,3,822.64,retourné,kech,Carte,LIV3,2024-01-02
CMD09111,CL0522,P054,2023-05-07,3,4740.76,livre,TNG,Carte,LIV5,
CMD25975,CL0668,P005,May 21 2023,3,4036.57,en_cours,TANGER,Carte,LIV7,
CMD27400,CL0797,P009,Sep 19 2023,1,4528.16,en_cours,marrakech,Carte,LIV3,
CMD32211,CL0046,P012,2023-12-31,2,3060.07,LIVRE,marrakech,Carte,LIV10,2024-01-03
CMD18953,CL0373,P063,Oct 05 2023,4,759.64,livré,TNG,Carte,LIV4,2023-10-10
CMD31475,CL0248,P017,28/02/2023,1,4472.5,retourné,Tnja,Carte,LIV10,2023-03-05
CMD31201,CL0164,P094,24/03/2024,4,2445.53,en_cours,Tnja,Carte,LIV8,
CMD38612,CL0175,P042,2023-01-09,4,4754.01,livré,casa,Carte,LIV3,2023-01-12
CMD44550,CL0419,P009,Apr 25 2023,1,3964.34,retourné,TANGER,Carte,LIV1,2023-04-28
CMD00046,CL0645,P025,2023-02-18,5,3713.96,livré,CASABLANCA,Carte,LIV5,2023-02-21
CMD31218,CL0452,P075,2023-12-03,4,2266.35,livre,RBA,Carte,LIV8,
CMD11485,CL0753,P058,05/04/2024,4,159.95,DONE,casa,Carte,LIV1,2024-04-08
CMD25427,CL0749,P084,2024-02-17,5,2722.56,livré,TANGER,Carte,LIV1,2024-02-20
CMD38711,CL0411,P020,Feb 23 2024,3,3796.87,OK,Agadir,Carte,,
CMD10556,CL0757,P078,12/01/2023,3,547.83,livré,casa,Carte,LIV6,2023-01-15
CMD29490,CL0989,P029,2023-09-08,2,4896.12,OK,casa,Carte,LIV1,
CMD17854,CL0669,P049,Nov 06 2023,3,3665.2,KO,kech,Carte,LIV3,
CMD00811,CL0639,P039,Oct 04 2023,4,355.64,DONE,marrakech,Carte,LIV8,2023-10-07
CMD44780,CL0646,P097,2023-10-05,5,1927.56,OK,TANGER,Carte,LIV10,
CMD14099,CL0661,P023,Mar 07 2024,3,345.22,OK,RBA,Carte,LIV2,
CMD28354,CL0948,P081,25/10/2023,5,3474.93,livré,casa,Carte,LIV8,2023-10-27
CMD36773,CL0704,P051,22/04/2024,3,4779.38,livré,TNG,Carte,LIV4,2024-04-25
CMD22403,CL0450,P054,Mar 23 2023,1,535.19,livré,TANGER,Carte,LIV8,2023-03-24
CMD33342,CL0604,P078,17/08/2023,1,3184.18,LIVRE,CASABLANCA,Carte,,2023-08-22
CMD19393,CL0817,P078,01/05/2023,4,1730.37,KO,tanger,Carte,LIV1,
CMD07504,CL0026,P086,2023-06-26,1,3539.13,livre,marrakech,Carte,LIV7,
CMD17721,CL0800,P037,26/03/2023,2,0,livré,CASABLANCA,Carte,LIV4,2023-03-30
CMD41054,CL0800,P059,2024-01-26,4,201.35,livre,Tnja,Carte,LIV2,
CMD27428,CL0286,P013,Jul 28 2023,2,3041.56,KO,CASABLANCA,Carte,LIV9,
CMD13707,CL0176,P070,10/04/2023,2,285.28,DONE,TNG,Carte,LIV5,2023-04-11
CMD08022,CL0556,P013,2024-05-13,3,191.77,DONE,marrakech,Carte,LIV3,2024-05-14
CMD07741,CL0633,P069,2024-02-17,3,4987.02,en_cours,RBA,Carte,LIV6,
CMD42626,CL0638,P033,May 04 2024,2,4301.08,KO,Agadir,Carte,LIV4,
CMD01208,CL0849,P041,2023-11-02,4,3218.99,LIVRE,marrakech,Carte,,2023-11-03
CMD28842,CL0551,P085,Apr 09 2023,-1,558.8,retourné,TNG,Carte,LIV2,2023-04-12
CMD40200,CL0306,P004,May 01 2024,4,2934.78,livré,TNG,Carte,LIV10,2024-05-06
CMD41499,CL0369,P002,2023-09-21,5,2537.61,livré,RBA,Carte,,2023-09-23
CMD33402,CL0646,P061,2023-10-20,1,343.91,annulé,Agadir,Carte,LIV7,
CMD12758,CL0915,P002,2023-12-13,4,1203.77,OK,casa,Carte,,
CMD38126,CL0722,P064,2023-05-21,4,2595.34,annulé,TNG,Carte,LIV7,
CMD01343,CL0472,P007,2023-12-07,3,732.29,LIVRE,kech,Carte,LIV2,2023-12-12
CMD32411,CL0977,P096,24/08/2023,5,286.17,livre,marrakech,Carte,LIV8,
CMD06457,CL0218,P087,Apr 30 2023,2,3160.34,livré,casa,Carte,LIV8,2023-05-03
CMD23891,CL0999,P082,Nov 26 2023,1,4658.77,OK,RBA,Carte,LIV10,
CMD28372,CL0127,P005,Jul 19 2023,2,4457.4,livre,marrakech,Carte,,
CMD31612,CL0620,P084,Jan 29 2023,5,2125.27,livre,Agadir,Carte,LIV9,
CMD20615,CL0752,P100,Aug 06 2023,1,2339.06,KO,tanger,Carte,LIV5,
CMD31726,CL0813,P039,May 18 2023,1,3535.31,retourné,kech,Carte,LIV5,2023-05-20
CMD06034,CL0166,P059,Aug 20 2023,4,4388.55,livré,TANGER,Carte,LIV9,2023-08-24
CMD03223,CL0045,P047,Jul 02 2023,3,4259.37,DONE,RBA,Carte,LIV6,2023-07-07
CMD14525,CL0735,P008,29/07/2023,5,3293.08,KO,Agadir,Carte,LIV4,
CMD45240,CL0270,P008,2023-04-03,1,859.12,livré,tanger,Carte,LIV6,2023-04-08
CMD36176,CL0573,P080,06/02/2024,3,4599.55,DONE,Agadir,Carte,LIV8,2024-02-10
CMD07670,CL0924,P065,2024-04-19,3,703.88,DONE,Agadir,Carte,LIV9,2024-04-24
CMD03584,CL0254,P049,2024-04-13,3,2889.47,livré,TANGER,Carte,LIV5,2024-04-15
CMD14668,CL0414,P083,01/02/2023,2,2536.66,KO,Agadir,Carte,LIV2,
CMD03922,CL0089,P035,25/04/2023,5,3786.96,retourné,Agadir,Carte,LIV2,2023-04-29
CMD27441,CL0426,P028,2023-11-17,4,1103.51,DONE,kech,Carte,LIV1,2023-11-22
CMD25539,CL0257,P064,Jan 08 2024,4,4818.71,livré,CASABLANCA,Carte,LIV8,2024-01-11
CMD06368,CL0566,P048,12/04/2024,1,3100.12,LIVRE,TANGER,Carte,LIV5,2024-04-14
CMD27716,CL0829,P058,Mar 24 2024,3,3681.48,livre,tanger,Carte,LIV4,
CMD29533,CL0999,P046,Jan 09 2023,2,3605.66,OK,tanger,Carte,LIV4,
CMD11733,CL0555,P096,2023-09-18,2,712.83,OK,Agadir,Carte,LIV1,
CMD05217,CL0261,P063,Aug 29 2023,1,73.14,livré,TNG,Carte,LIV1,2023-09-03
CMD25705,CL0759,P033,02/03/2024,-1,1253.92,annulé,tanger,Carte,LIV5,
CMD13777,CL0709,P048,Apr 17 2024,5,2029.09,KO,tanger,Carte,LIV10,
CMD32077,CL0742,P059,Oct 06 2023,4,2861.83,LIVRE,CASABLANCA,Carte,LIV8,2023-10-10
CMD29323,CL0840,P006,28/01/2024,1,2336.4,KO,Agadir,Carte,LIV7,
CMD12941,CL0088,P045,01/10/2023,1,2723.54,KO,TANGER,Carte,LIV1,
CMD35527,CL0281,P018,Jun 21 2023,1,619.09,LIVRE,Agadir,Carte,LIV3,2023-06-22
CMD36699,CL0748,P022,2024-04-30,1,644.72,en_cours,Tnja,Carte,,
CMD07642,CL0841,P068,23/01/2023,5,2543.25,retourné,Tnja,Carte,LIV4,2023-01-27
CMD42968,CL0310,P021,Nov 14 2023,5,564.05,livré,casa,Carte,LIV5,2023-11-19
CMD02005,CL0451,P067,Jun 22 2023,-1,3544.36,en_cours,RBA,Carte,,
CMD14750,CL0883,P030,Nov 03 2023,1,157.85,livré,RBA,Carte,LIV8,2023-11-07
CMD29599,CL0836,P078,2024-02-02,5,3538.03,annulé,TNG,Carte,LIV3,
CMD16057,CL0446,P002,10/04/2024,3,4103.98,livre,kech,Carte,,
CMD19148,CL0757,P011,2023-11-12,1,1175.12,DONE,RBA,Carte,LIV1,2023-11-15
CMD36000,CL0764,P067,2023-08-25,4,3291.66,annulé,Agadir,Carte,LIV3,
CMD41457,CL0828,P078,29/06/2023,1,300.29,LIVRE,TNG,Carte,LIV9,2023-07-04
CMD45696,CL0341,P048,May 27 2023,3,1770.04,LIVRE,Agadir,Carte,LIV6,2023-05-28
CMD28478,CL0778,P096,Jan 03 2023,4,2543.29,livré,CASABLANCA,Carte,LIV6,2023-01-04
CMD12972,CL0550,P037,2024-01-17,5,736.05,en_cours,tanger,Carte,LIV8,
CMD26345,CL0551,P065,Dec 27 2023,4,651.93,livré,Agadir,Carte,LIV5,2023-12-31
CMD06363,CL0195,P018,2023-11-07,1,137.75,KO,Tnja,Carte,LIV6,
CMD42315,CL0323,P088,17/04/2023,4,1772.6,livre,Tnja,Carte,LIV10,
CMD11224,CL0651,P074,2023-07-27,1,1811.02,LIVRE,Agadir,Carte,LIV10,2023-07-31
CMD39988,CL0266,P040,May 14 2023,2,464.81,livre,Tnja,Carte,LIV5,
CMD12138,CL0444,P023,Jun 06 2023,5,3461.61,livré,tanger,Carte,,2023-06-09
CMD25337,CL0600,P049,14/02/2023,4,3255.24,livre,Tnja,Carte,LIV8,
CMD03786,CL0235,P022,22/09/2023,5,2432.77,OK,casa,Carte,LIV9,
CMD14575,CL0483,P047,02/09/2023,2,4211.38,LIVRE,CASABLANCA,Carte,LIV5,2023-09-04
CMD05241,CL0883,P088,May 02 2023,5,3786.2,LIVRE,CASABLANCA,Carte,LIV9,2023-05-06
CMD20119,CL0119,P083,2023-07-21,5,2167.5,livré,kech,Carte,LIV9,2023-07-25
CMD12161,CL0176,P077,22/02/2023,1,634.32,LIVRE,RBA,Carte,LIV10,2023-02-23
CMD00867,CL0194,P041,2023-02-09,1,781.02,DONE,TNG,Carte,LIV9,2023-02-11
CMD03831,CL0858,P032,2024-05-04,5,2938.64,LIVRE,casa,Carte,LIV8,2024-05-09
CMD04480,CL0413,P074,2023-10-27,3,2949.68,annulé,TNG,Carte,LIV8,
CMD20710,CL0748,P034,22/11/2023,1,0,livré,tanger,Carte,LIV2,2023-11-26
CMD26916,CL0680,P006,14/05/2023,3,255.08,livre,CASABLANCA,Carte,LIV8,
CMD29866,CL0041,P043,26/11/2023,5,4166.68,DONE,CASABLANCA,Carte,,2023-11-30
CMD46541,CL0119,P042,13/12/2023,5,3646.82,livré,marrakech,Carte,LIV2,2023-12-17
CMD21928,CL0851,P047,Feb 03 2024,1,2842.32,LIVRE,CASABLANCA,Carte,LIV4,2024-02-05
CMD05238,CL0430,P020,2023-08-30,3,1260.78,retourné,Agadir,Carte,LIV2,2023-08-31
CMD27205,CL0376,P006,Jul 13 2023,3,4104.74,KO,Tnja,Carte,LIV6,
CMD25150,CL0708,P074,05/08/2023,4,959.72,retourné,CASABLANCA,Carte,LIV4,2023-08-06
CMD21742,CL0046,P065,Jan 27 2024,2,3368.35,livré,TANGER,Carte,LIV3,2024-01-30
CMD02153,CL0541,P062,07/02/2023,5,3445.25,livré,tanger,Carte,LIV2,2023-02-09
CMD40097,CL0610,P019,12/05/2023,1,1280.82,livré,marrakech,Carte,LIV3,2023-05-14
CMD02426,CL0911,P074,18/10/2023,4,2739.56,livre,TANGER,Carte,LIV3,
CMD35004,CL0467,P057,2023-08-31,5,4777.82,OK,tanger,Carte,LIV2,
CMD13556,CL0909,P022,Mar 27 2024,1,3039.08,livre,tanger,Carte,LIV3,
CMD04939,CL0863,P059,2023-03-17,5,176.54,livré,tanger,Carte,LIV10,2023-03-20
CMD45589,CL0375,P095,2024-03-13,3,2719.35,livre,CASABLANCA,Carte,LIV1,
CMD39932,CL0628,P064,01/10/2023,1,4560.2,DONE,RBA,Carte,LIV10,2023-10-04
CMD44314,CL0951,P024,Feb 05 2024,2,2518.14,LIVRE,marrakech,Carte,LIV10,2024-02-09
CMD20731,CL0951,P061,2023-04-26,1,421.56,en_cours,RBA,Carte,LIV1,
CMD31620,CL0217,P028,2023-03-14,3,2254.75,annulé,marrakech,Carte,LIV3,
CMD21091,CL0118,P030,Aug 31 2023,4,3257.12,livré,casa,Carte,LIV2,2023-09-04
CMD33099,CL0326,P031,Sep 02 2023,3,1129.46,livré,TNG,Carte,LIV10,2023-09-07
CMD07646,CL0249,P062,2023-09-21,4,2249.93,en_cours,kech,Carte,LIV8,
CMD40387,CL0874,P027,2023-07-24,5,4148.43,DONE,casa,Carte,LIV3,2023-07-26
CMD44750,CL0581,P068,Mar 01 2024,4,3598.07,retourné,tanger,Carte,LIV1,2024-03-03
CMD39065,CL0881,P076,2023-10-08,4,2061.33,DONE,Agadir,Carte,LIV10,2023-10-13
CMD47951,CL0237,P082,25/04/2024,3,0,KO,kech,Carte,LIV6,
CMD16518,CL0972,P048,03/01/2023,3,562.31,LIVRE,CASABLANCA,Carte,LIV7,2023-01-05
CMD17184,CL0048,P027,18/10/2023,1,1883.49,DONE,Tnja,Carte,LIV3,2023-10-21
CMD03591,CL0045,P025,2023-01-08,5,2276.8,KO,CASABLANCA,Carte,,
CMD45794,CL0861,P009,Jan 07 2024,2,363.42,KO,TNG,Carte,LIV10,
CMD36715,CL0568,P098,Dec 02 2023,3,670.91,LIVRE,CASABLANCA,Carte,LIV5,2023-12-07
CMD43354,CL0219,P081,2023-11-10,4,1653.19,LIVRE,kech,Carte,LIV2,2023-11-11
CMD42583,CL0983,P008,08/05/2024,1,4218.4,DONE,TANGER,Carte,LIV3,2024-05-10
CMD31965,CL0018,P084,2023-10-30,4,147.42,livre,TNG,Carte,LIV3,
CMD21101,CL0497,P083,Jun 25 2023,1,1897.72,livré,kech,Carte,LIV9,2023-06-28
CMD18675,CL0852,P059,04/07/2023,4,592.72,livré,kech,Carte,LIV8,2023-07-05
CMD20777,CL0617,P097,2023-04-10,4,541.57,DONE,Agadir,Carte,LIV3,2023-04-13
CMD13650,CL0451,P038,2023-12-03,3,957.55,annulé,marrakech,Carte,LIV10,
CMD32583,CL0331,P055,2024-02-20,3,4351.49,livre,Agadir,Carte,LIV4,
CMD31253,CL0204,P076,2023-05-09,2,390.33,retourné,casa,Carte,LIV8,2023-05-11
CMD23812,CL0612,P063,24/04/2024,5,4909.05,KO,TNG,Carte,LIV7,
CMD04810,CL0411,P099,2024-04-01,5,1382.01,retourné,tanger,Carte,LIV10,2024-04-04
CMD28922,CL0536,P066,Aug 19 2023,2,971.83,OK,Tnja,Carte,LIV6,
CMD00032,CL0873,P005,Dec 11 2023,5,810.2,LIVRE,RBA,Carte,LIV4,2023-12-12
CMD23581,CL0877,P008,02/04/2023,2,2843.31,OK,TNG,Carte,LIV5,
CMD31826,CL0742,P045,16/09/2023,5,349.22,retourné,kech,Carte,LIV1,2023-09-17
CMD18069,CL0624,P069,2024-02-27,5,1082.69,retourné,RBA,Carte,LIV1,2024-02-28
CMD45209,CL0513,P091,Mar 10 2024,3,3418.54,annulé,Tnja,Carte,LIV3,
CMD17523,CL0252,P055,Dec 15 2023,5,1897.19,retourné,kech,Carte,LIV8,2023-12-18
CMD41896,CL0429,P042,2024-01-01,4,2988.31,OK,kech,Carte,LIV4,
CMD19795,CL0230,P085,22/02/2023,1,2270.17,KO,tanger,Carte,LIV10,
CMD10315,CL0081,P095,2024-04-14,3,3830.67,livré,Tnja,Carte,LIV7,2024-04-19
CMD14971,CL0761,P033,2023-12-31,3,3834.46,livre,kech,Carte,LIV5,
CMD07085,CL0298,P086,2023-12-12,4,4371.06,annulé,TNG,Carte,LIV5,
CMD21764,CL0631,P051,2023-11-13,3,4283.87,KO,RBA,Carte,,
CMD11648,CL0258,P015,May 07 2024,5,4862.99,livré,CASABLANCA,Carte,LIV5,2024-05-09
CMD15362,CL0599,P096,10/04/2023,1,2710.51,en_cours,casa,Carte,LIV10,
CMD11335,CL0564,P078,Oct 03 2023,4,1499.42,livre,tanger,Carte,LIV7,
CMD15312,CL0138,P099,Oct 13 2023,4,562.8,en_cours,casa,Carte,LIV10,
CMD34974,CL0311,P007,04/01/2024,1,1064.52,en_cours,tanger,Carte,LIV10,
CMD04330,CL0094,P027,19/11/2023,5,1890.87,livré,casa,Carte,LIV3,2023-11-22
CMD40382,CL0501,P088,2023-07-29,5,0,KO,tanger,Carte,LIV3,
CMD45508,CL0741,P032,28/02/2024,1,2459.1,KO,Tnja,Carte,LIV10,
CMD02847,CL0120,P026,2023-05-14,3,1884.06,livré,RBA,Carte,,2023-05-17
CMD39365,CL0533,P081,04/03/2023,4,4515.04,livré,kech,Carte,LIV7,2023-03-06
CMD17851,CL0592,P033,20/04/2024,1,580.54,livré,CASABLANCA,Carte,LIV10,2024-04-21
CMD05821,CL0215,P075,27/07/2023,1,85.47,livré,TANGER,Carte,LIV2,2023-08-01
CMD14129,CL0315,P017,2023-07-31,1,3387.24,retourné,RBA,Carte,LIV2,2023-08-04
CMD43938,CL0843,P044,2023-04-24,5,2955.48,DONE,marrakech,Carte,LIV2,2023-04-28
CMD12534,CL0295,P011,Dec 31 2023,4,4535.64,livre,tanger,Carte,LIV1,
CMD42664,CL0507,P088,Nov 23 2023,5,1877.23,annulé,RBA,Carte,LIV1,
CMD21480,CL0128,P015,2023-07-20,4,4354.98,DONE,TNG,Carte,LIV1,2023-07-21
CMD42280,CL0333,P027,2023-08-17,5,1074.31,en_cours,CASABLANCA,Carte,LIV9,
CMD46386,CL0906,P066,2023-01-11,2,905.23,retourné,tanger,Carte,LIV3,2023-01-13
CMD26511,CL0793,P033,Dec 11 2023,2,2313.2,livré,marrakech,Carte,LIV3,2023-12-14
CMD38384,CL0172,P032,30/04/2024,2,4616.72,KO,TNG,Carte,LIV6,
CMD33023,CL0404,P090,Apr 25 2023,5,1884.68,retourné,TNG,Carte,LIV4,2023-04-29
CMD00717,CL0514,P068,May 05 2024,1,2575.57,en_cours,Tnja,Carte,LIV2,
CMD09649,CL0097,P033,Jul 25 2023,2,1764.77,KO,CASABLANCA,Carte,LIV9,
CMD47326,CL0183,P089,02/09/2023,3,3771.66,livré,marrakech,Carte,LIV5,2023-09-04
CMD04717,CL0691,P057,Apr 10 2023,4,1856.77,en_cours,CASABLANCA,Carte,LIV7,
CMD19712,CL0511,P002,Sep 23 2023,3,0,livre,kech,Carte,LIV3,
CMD46973,CL0526,P074,2023-03-11,5,681.5,en_cours,tanger,Carte,LIV7,
CMD06782,CL0694,P002,2023-11-24,2,1594.79,livre,marrakech,Carte,LIV5,
CMD36816,CL0989,P055,2023-06-13,3,2186.96,LIVRE,CASABLANCA,Carte,LIV3,2023-06-14
CMD21689,CL0030,P088,2023-05-10,1,3657.58,livré,tanger,Carte,LIV10,2023-05-15
CMD23933,CL0760,P045,04/05/2024,5,1987.06,livré,Tnja,Carte,LIV8,2024-05-09
CMD00460,CL0267,P074,05/01/2023,2,2467.86,livré,RBA,Carte,LIV4,2023-01-08
CMD41923,CL0898,P017,05/05/2024,3,3858.88,livré,TANGER,Carte,,2024-05-07
CMD06165,CL0363,P035,Nov 07 2023,2,1716.61,livré,kech,Carte,LIV6,2023-11-11
CMD15562,CL0803,P039,29/10/2023,4,4666.35,retourné,RBA,Carte,LIV8,2023-11-01
CMD16156,CL0527,P057,01/02/2024,5,125.08,livré,Tnja,Carte,,2024-02-03
CMD31318,CL0109,P095,Jan 17 2023,1,4361.76,livré,kech,Carte,LIV3,2023-01-18
CMD46651,CL0345,P066,16/01/2024,4,323.33,KO,RBA,Carte,LIV5,
CMD47934,CL0407,P018,Aug 15 2023,2,3310.35,retourné,tanger,Carte,LIV7,2023-08-16
CMD35152,CL0523,P047,Feb 04 2024,2,4673.62,livré,kech,Carte,LIV6,2024-02-09
CMD24283,CL0888,P017,29/11/2023,2,4109.31,en_cours,TANGER,Carte,LIV7,
CMD12519,CL0176,P094,Jun 09 2023,2,4496.61,retourné,RBA,Carte,LIV8,2023-06-10
CMD06071,CL0770,P096,23/01/2023,4,1866.02,KO,Agadir,Carte,LIV4,
CMD20151,CL0580,P009,16/05/2023,5,2824.8,en_cours,tanger,Carte,LIV9,
CMD36641,CL0536,P031,Jun 15 2023,3,4956.21,en_cours,Agadir,Carte,LIV9,
CMD38377,CL0143,P068,2024-04-26,3,1495.6,livré,marrakech,Carte,LIV4,2024-04-27
CMD35239,CL0681,P028,2023-02-01,4,1144.95,annulé,kech,Carte,LIV2,
CMD13326,CL0051,P010,2023-07-31,1,3573.5,livré,TANGER,Carte,LIV2,2023-08-01
CMD44105,CL0483,P051,2023-07-25,3,2919.34,livré,tanger,Carte,LIV10,2023-07-26
CMD16828,CL0417,P063,Apr 10 2024,4,4951.49,livré,RBA,Carte,LIV5,2024-04-12
CMD29317,CL0057,P008,26/07/2023,4,0,OK,kech,Carte,LIV9,
CMD23226,CL0662,P029,Nov 15 2023,4,75.18,livré,TNG,Carte,LIV8,2023-11-16
CMD25143,CL0848,P087,Jun 03 2023,3,1632.88,KO,CASABLANCA,Carte,LIV8,
CMD12295,CL0146,P002,2024-01-20,1,363.85,livré,marrakech,Carte,LIV9,2024-01-21
CMD18383,CL0559,P072,May 26 2023,3,4691.39,DONE,casa,Carte,LIV10,2023-05-30
CMD06673,CL0811,P030,Jan 25 2023,1,2588.84,livré,marrakech,Carte,,2023-01-29
CMD32355,CL0891,P069,13/11/2023,5,829.45,OK,casa,Carte,LIV7,
CMD13120,CL0092,P032,2023-06-25,4,693.46,retourné,Tnja,Carte,LIV6,2023-06-29
CMD47953,CL0741,P053,20/01/2024,4,909.65,annulé,TNG,Carte,LIV10,
CMD34677,CL0385,P044,Mar 14 2023,2,1432.28,en_cours,Tnja,Carte,LIV1,
CMD01490,CL0229,P031,Nov 23 2023,3,4444.05,LIVRE,RBA,Carte,LIV5,2023-11-26
CMD21953,CL0681,P068,Apr 13 2023,5,2221.75,livré,RBA,Carte,LIV9,2023-04-16
CMD17657,CL0431,P032,2024-03-14,4,4297.18,DONE,Tnja,Carte,LIV5,2024-03-15
CMD21140,CL0116,P056,16/03/2023,2,89.56,livré,Tnja,Carte,LIV5,2023-03-21
CMD45084,CL0198,P006,2023-03-22,3,729.58,DONE,Tnja,Carte,LIV7,2023-03-27
CMD21421,CL0793,P007,17/08/2023,5,4680.16,livré,TANGER,Carte,,2023-08-18
CMD05660,CL0484,P005,2023-03-08,5,4964.3,en_cours,Agadir,Carte,LIV2,
CMD36967,CL0755,P001,Feb 16 2024,5,1832.09,KO,Agadir,Carte,LIV3,
CMD18756,CL0429,P065,Dec 16 2023,4,870.15,livré,Tnja,Carte,LIV9,2023-12-20
CMD24873,CL0716,P033,20/03/2023,2,4265.5,livré,TNG,Carte,LIV4,2023-03-22
CMD24120,CL0681,P099,2023-07-20,3,4316.11,annulé,kech,Carte,LIV5,
CMD14966,CL0288,P012,2023-07-31,4,3223.73,retourné,tanger,Carte,LIV7,2023-08-03
CMD46572,CL0644,P064,31/08/2023,4,645.1,livre,casa,Carte,LIV6,
CMD21495,CL0594,P060,Apr 02 2023,1,3548.05,livré,CASABLANCA,Carte,LIV1,2023-04-03
CMD09581,CL0838,P028,Jan 17 2023,3,2966.02,livré,Tnja,Carte,LIV4,2023-01-18
CMD30385,CL0106,P018,Dec 26 2023,3,0,DONE,CASABLANCA,Carte,LIV1,2023-12-31
CMD13976,CL0448,P009,Dec 20 2023,3,1552.09,en_cours,TNG,Carte,LIV5,
CMD24956,CL0296,P008,Mar 13 2024,3,4913.39,KO,CASABLANCA,Carte,LIV8,
CMD10201,CL0294,P049,01/02/2024,2,1117.72,livré,kech,Carte,LIV1,2024-02-02
CMD13588,CL0272,P051,2024-03-13,1,2994.87,retourné,marrakech,Carte,LIV6,2024-03-16
CMD39880,CL0125,P077,Apr 30 2024,4,4689.81,en_cours,Agadir,Carte,LIV4,
CMD32814,CL0643,P086,Jan 27 2024,1,1695.26,annulé,CASABLANCA,Carte,LIV6,
CMD01094,CL0621,P085,2024-05-05,5,1375.4,annulé,TNG,Carte,LIV6,
CMD25780,CL0319,P055,Feb 05 2023,2,3655.87,annulé,Agadir,Carte,LIV2,
CMD45618,CL0881,P081,Oct 10 2023,3,3893.8,KO,TANGER,Carte,LIV3,
CMD44615,CL0662,P051,22/12/2023,1,2276.52,livré,TANGER,Carte,LIV4,2023-12-25
CMD44787,CL0325,P100,24/06/2023,2,1889.93,livré,Agadir,Carte,LIV2,2023-06-26
CMD32603,CL0185,P024,09/04/2024,3,1804.66,en_cours,Agadir,Carte,LIV3,
CMD22517,CL0912,P023,2023-01-17,3,4347.18,livré,kech,Carte,LIV1,2023-01-21
CMD16469,CL0942,P037,Oct 01 2023,5,4538.34,retourné,RBA,Carte,LIV1,2023-10-03
CMD00510,CL0858,P088,Sep 11 2023,5,1964.74,KO,TNG,Carte,LIV4,
CMD03478,CL0231,P075,Dec 28 2023,5,574.32,livré,TNG,Carte,LIV3,2023-12-31
CMD24389,CL0004,P098,24/11/2023,1,1371.07,KO,kech,Carte,LIV4,
CMD21277,CL0046,P095,2024-04-22,3,580.95,OK,tanger,Carte,LIV9,
CMD04647,CL0042,P074,27/03/2023,3,438.81,livré,casa,Carte,LIV3,2023-03-29
CMD03171,CL0084,P073,2023-04-15,1,4969.6,LIVRE,CASABLANCA,Carte,LIV5,2023-04-16
CMD42780,CL0193,P096,29/12/2023,4,375.28,KO,CASABLANCA,Carte,LIV8,
CMD30742,CL0676,P089,18/05/2023,4,3203.62,en_cours,Tnja,Carte,LIV1,
CMD27667,CL0462,P027,15/02/2024,2,3777.79,LIVRE,CASABLANCA,Carte,LIV10,2024-02-17
CMD39389,CL0719,P090,01/05/2024,2,130.94,KO,marrakech,Carte,LIV10,
CMD38014,CL0334,P067,2023-05-02,3,3815.71,LIVRE,Agadir,Carte,LIV10,2023-05-05
CMD32944,CL0860,P091,12/07/2023,5,1239.36,LIVRE,CASABLANCA,Carte,LIV1,2023-07-16
CMD32249,CL0535,P025,Jun 12 2023,1,3755.37,livré,casa,Carte,LIV8,2023-06-13
CMD11622,CL0703,P028,2024-02-19,3,259.95,LIVRE,Tnja,Carte,LIV1,2024-02-24
CMD09468,CL0295,P090,2024-03-10,1,3263.25,annulé,Tnja,Carte,LIV1,
CMD03761,CL0886,P050,Jan 06 2023,3,3785.02,DONE,TNG,Carte,LIV1,2023-01-08
CMD44471,CL0333,P029,05/08/2023,2,479.45,annulé,RBA,Carte,LIV7,
CMD46274,CL0449,P040,07/05/2024,2,4557.42,annulé,marrakech,Carte,LIV7,
CMD32860,CL0956,P081,05/08/2023,3,1845.32,livre,RBA,Carte,LIV8,
CMD03540,CL0985,P038,Jul 03 2023,5,2294.57,livré,tanger,Carte,LIV10,2023-07-08
CMD30235,CL0520,P005,10/03/2023,4,3041.56,livre,Tnja,Carte,LIV4,
CMD48233,CL0389,P099,Jun 16 2023,2,1681.78,livré,Agadir,Carte,LIV2,2023-06-17
CMD32250,CL0184,P017,Apr 18 2024,4,2111.7,livré,Tnja,Carte,LIV4,2024-04-23
CMD27696,CL0155,P040,Apr 20 2024,2,4828.14,KO,CASABLANCA,Carte,LIV5,
CMD37994,CL0919,P078,2024-04-27,1,775.8,livré,kech,Carte,LIV7,2024-04-28
CMD05416,CL0530,P099,Mar 16 2023,2,3716.99,annulé,Agadir,Carte,LIV10,
CMD28223,CL0796,P018,15/10/2023,1,270.54,DONE,RBA,Carte,LIV3,2023-10-18
CMD43975,CL0331,P050,14/06/2023,3,1561.9,en_cours,TANGER,Carte,LIV2,
CMD10677,CL0419,P021,2024-04-19,5,3407.71,annulé,TANGER,Carte,LIV5,
CMD19776,CL0015,P025,2023-10-20,4,1802.47,en_cours,tanger,Carte,LIV9,
CMD01309,CL0074,P028,13/03/2023,1,897.31,LIVRE,tanger,Carte,LIV9,2023-03-18
CMD27208,CL0859,P053,13/01/2024,3,2525.29,livré,Tnja,Carte,LIV3,2024-01-15
CMD28090,CL0715,P044,2023-10-11,5,2528.84,livré,RBA,Carte,LIV1,2023-10-13
CMD25531,CL0459,P069,13/02/2024,2,1784.88,annulé,Agadir,Carte,LIV8,
CMD41778,CL0387,P064,2023-07-23,1,3748.25,DONE,tanger,Carte,LIV7,2023-07-27
CMD33854,CL0990,P078,03/08/2023,4,3896.89,retourné,tanger,Carte,LIV6,2023-08-05
CMD42963,CL0484,P083,12/04/2023,4,3532.15,livré,RBA,Carte,LIV4,2023-04-14
CMD47776,CL0515,P009,07/02/2023,-1,4451.96,livre,casa,Carte,LIV6,
CMD06221,CL0240,P085,18/02/2024,2,1946.35,livré,marrakech,Carte,LIV3,2024-02-20
CMD18436,CL0223,P016,2023-01-03,3,1735.54,retourné,Tnja,Carte,LIV5,2023-01-07
CMD21421,CL0793,P007,17/08/2023,5,4680.16,livré,TANGER,Carte,,2023-08-18
CMD38440,CL0614,P063,Jul 16 2023,5,637.4,annulé,tanger,Carte,,
CMD33499,CL0380,P078,2023-07-09,3,2967.25,LIVRE,TANGER,Carte,LIV4,2023-07-13
CMD15348,CL0232,P098,Apr 12 2024,3,388.18,livré,TNG,Carte,LIV6,2024-04-16
CMD46393,CL0221,P051,Sep 22 2023,1,1956.23,annulé,casa,Carte,LIV6,
CMD16759,CL0996,P100,2023-05-28,5,3836.88,DONE,casa,Carte,LIV4,2023-05-30
CMD07223,CL0612,P095,10/07/2023,3,1365.33,en_cours,TNG,Carte,LIV4,
CMD39741,CL0869,P071,03/03/2023,4,832.85,retourné,RBA,Carte,LIV7,2023-03-07
CMD23370,CL0301,P024,Jan 20 2024,4,4261.25,livré,CASABLANCA,Carte,LIV4,2024-01-25
CMD44097,CL0026,P082,Feb 11 2023,4,1426.8,retourné,RBA,Carte,LIV6,2023-02-12
CMD40876,CL0064,P093,28/11/2023,4,4071.31,retourné,tanger,Carte,LIV5,2023-11-30
CMD22501,CL0116,P021,2023-07-09,4,3627.6,livré,TANGER,Carte,LIV3,2023-07-14
CMD37540,CL0900,P013,Feb 19 2024,2,2637.12,en_cours,casa,Carte,LIV2,
CMD38827,CL0139,P093,08/04/2024,1,3205.55,KO,TNG,Carte,LIV10,
CMD43476,CL0443,P030,2024-04-18,5,3982.08,annulé,kech,Carte,LIV7,
CMD33565,CL0026,P089,Jun 14 2023,5,831.75,livré,casa,Carte,LIV10,2023-06-17
CMD14471,CL0162,P018,May 09 2023,2,1580.69,livre,Tnja,Carte,LIV7,
CMD07306,CL0416,P065,04/03/2023,3,1687.58,en_cours,TNG,Carte,LIV6,
CMD34908,CL0333,P012,Apr 24 2023,4,1921.15,livre,CASABLANCA,Carte,LIV10,
CMD15262,CL0663,P026,2023-12-29,3,2133.56,OK,TANGER,Carte,LIV10,
CMD26432,CL0027,P015,Feb 16 2023,5,3735.15,LIVRE,Tnja,Carte,LIV3,2023-02-21
CMD12650,CL0329,P029,13/06/2023,2,4247.49,livré,marrakech,Carte,LIV5,2023-06-15
CMD00629,CL0183,P084,Mar 02 2023,2,2684.66,KO,RBA,Carte,LIV8,
CMD16787,CL0213,P020,2023-12-18,1,4710.55,annulé,Agadir,Carte,LIV10,
CMD02012,CL0664,P070,2024-04-19,3,3644.88,livré,kech,Carte,,2024-04-23
CMD21871,CL0127,P077,2024-02-12,4,3469.55,OK,marrakech,Carte,LIV4,
CMD02905,CL0537,P082,May 03 2023,2,4986.92,livré,casa,Carte,LIV3,2023-05-05
CMD36222,CL0732,P047,Nov 10 2023,3,1458.02,livré,RBA,Carte,LIV6,2023-11-15
CMD23432,CL0612,P080,2024-04-04,4,2799.81,livré,Agadir,Carte,LIV1,2024-04-09
CMD33962,CL0849,P074,08/04/2024,4,892.38,LIVRE,casa,Carte,,2024-04-12
CMD44922,CL0665,P022,Dec 15 2023,5,1714.09,livré,TNG,Carte,LIV8,2023-12-16
CMD39527,CL0728,P072,Jul 17 2023,1,185.58,livré,Tnja,Carte,LIV8,2023-07-18
CMD24298,CL0928,P043,2023-01-05,4,3453.71,annulé,TNG,Carte,LIV3,
CMD28323,CL0249,P018,11/08/2023,2,1486.21,livré,RBA,Carte,LIV7,2023-08-15
CMD01121,CL0649,P067,2023-05-17,4,0,DONE,RBA,Carte,LIV3,2023-05-22
CMD14095,CL0857,P051,Jun 09 2023,5,4627.09,en_cours,casa,Carte,LIV2,
CMD39948,CL0898,P057,Apr 28 2023,3,1968.32,retourné,Agadir,Carte,LIV3,2023-04-29
CMD06277,CL0800,P085,2024-01-03,3,2255.69,livré,RBA,Carte,LIV9,2024-01-07
CMD41643,CL0245,P043,2023-07-22,1,1035.49,retourné,Agadir,Carte,LIV10,2023-07-23
CMD48045,CL0105,P079,Jul 18 2023,1,1620.21,livre,tanger,Carte,LIV7,
CMD03396,CL0401,P001,16/05/2023,2,4231.89,OK,Agadir,Carte,LIV3,
CMD21720,CL0117,P058,25/03/2023,5,4299.21,LIVRE,RBA,Carte,LIV7,2023-03-29
CMD42352,CL0558,P052,2023-12-07,2,1745.64,annulé,marrakech,Carte,LIV4,
CMD13849,CL0148,P050,Nov 03 2023,2,3711.86,livré,kech,Carte,LIV7,2023-11-05
CMD24884,CL0320,P009,May 11 2023,5,3489.59,retourné,CASABLANCA,Carte,LIV1,2023-05-16
CMD35779,CL0496,P099,2023-06-19,5,1335.79,OK,casa,Carte,LIV5,
CMD08177,CL0908,P015,2023-02-02,2,849.6,DONE,CASABLANCA,Carte,,2023-02-05
CMD25136,CL0481,P025,06/09/2023,3,2680.47,livré,RBA,Carte,LIV9,2023-09-09
CMD25902,CL0737,P058,21/03/2023,4,4928.18,en_cours,TNG,Carte,LIV3,
CMD32412,CL0324,P039,09/08/2023,5,2929.03,OK,marrakech,Carte,,
CMD07635,CL0291,P072,27/07/2023,2,2576.7,annulé,TNG,Carte,LIV7,
CMD01521,CL0400,P064,18/11/2023,3,2665.89,livré,kech,Carte,LIV5,2023-11-22
CMD41630,CL0250,P062,2023-02-03,1,4387.19,LIVRE,TNG,Carte,LIV2,2023-02-06
CMD38731,CL0084,P037,2023-10-01,3,2900.61,livré,CASABLANCA,Carte,LIV9,2023-10-03
CMD20843,CL0240,P026,2023-12-01,4,1808.53,LIVRE,RBA,Carte,LIV1,2023-12-04
CMD24561,CL0645,P089,11/12/2023,4,535.7,en_cours,Agadir,Carte,,
CMD23478,CL0027,P031,2024-03-16,5,4784.56,livré,kech,Carte,LIV3,2024-03-18
CMD26961,CL0619,P013,2023-01-12,3,0,livré,TANGER,Carte,LIV1,2023-01-14
CMD10235,CL0191,P060,2023-07-30,4,2011.28,annulé,casa,Carte,LIV1,
CMD42033,CL0228,P023,29/04/2023,5,3482.7,retourné,kech,Carte,LIV7,2023-05-02
CMD14790,CL0883,P011,26/04/2023,2,1464.05,KO,casa,Carte,LIV7,
CMD19238,CL0104,P060,Apr 18 2024,2,1668.08,annulé,casa,Carte,LIV10,
CMD02015,CL0244,P052,24/03/2023,4,135.06,retourné,marrakech,Carte,LIV2,2023-03-27
CMD34917,CL0827,P009,Oct 22 2023,1,292.67,KO,RBA,Carte,LIV8,
CMD17795,CL0773,P049,10/10/2023,1,0,retourné,tanger,Carte,LIV1,2023-10-13
CMD03693,CL0284,P081,Nov 04 2023,4,2526.65,livré,marrakech,Carte,LIV8,2023-11-06
CMD28872,CL0188,P019,2023-07-15,2,4552.91,annulé,CASABLANCA,Carte,LIV6,
CMD23326,CL0795,P047,May 17 2023,1,4824.13,en_cours,tanger,Carte,LIV4,
CMD43536,CL0374,P020,Feb 28 2024,4,1483.15,livre,casa,Carte,LIV3,
CMD08429,CL0719,P076,Jan 15 2024,5,0,annulé,TNG,Carte,LIV6,
CMD26848,CL0322,P052,Mar 05 2024,5,2321.9,annulé,Agadir,Carte,LIV3,
CMD42002,CL0804,P033,2023-10-02,2,2870.77,livré,tanger,Carte,LIV9,2023-10-07
CMD48293,CL0703,P039,2023-07-16,5,722.76,DONE,marrakech,Carte,LIV1,2023-07-19
CMD46875,CL0404,P013,Mar 15 2024,3,4416.71,livré,Agadir,Carte,LIV1,2024-03-17
CMD04611,CL0811,P042,Apr 04 2023,3,1106.87,livré,tanger,Carte,LIV3,2023-04-07
CMD27967,CL0008,P047,2023-01-30,5,2883.95,OK,RBA,Carte,LIV2,
CMD46517,CL0133,P100,2023-03-05,1,964.19,en_cours,TANGER,Carte,LIV6,
CMD25452,CL0500,P001,18/03/2023,3,2201.13,DONE,Agadir,Carte,LIV9,2023-03-21
CMD23852,CL0926,P026,Jan 04 2024,2,669.43,livré,Tnja,Carte,LIV6,2024-01-08
CMD04925,CL0181,P084,Sep 18 2023,1,4381.76,livré,tanger,Carte,,2023-09-19
CMD20590,CL0505,P082,2023-05-17,5,0,livré,TNG,Carte,LIV8,2023-05-22
CMD34289,CL0762,P050,2024-04-03,5,4724.59,DONE,CASABLANCA,Carte,LIV5,2024-04-04
CMD31258,CL0730,P064,01/04/2024,3,3832.55,livre,Tnja,Carte,LIV6,
CMD36988,CL0461,P078,04/12/2023,1,1409.08,OK,kech,Carte,LIV5,
CMD24316,CL0755,P076,Jan 23 2024,5,3692.59,KO,Agadir,Carte,LIV2,
CMD15989,CL0227,P037,07/03/2024,5,1103.85,annulé,TNG,Carte,LIV6,
CMD08136,CL0106,P028,Apr 15 2024,1,3715.76,KO,CASABLANCA,Carte,LIV9,
CMD17535,CL0683,P095,10/10/2023,4,886.32,KO,tanger,Carte,LIV4,
CMD04284,CL0471,P087,2024-05-05,2,1920.59,KO,CASABLANCA,Carte,,
CMD29148,CL0287,P068,2023-10-18,4,3995.31,KO,marrakech,Carte,LIV1,
CMD00546,CL0742,P021,Jun 30 2023,4,3587.25,DONE,kech,Carte,LIV8,2023-07-03
CMD32384,CL0699,P095,18/03/2023,1,278.14,livré,kech,Carte,LIV8,2023-03-20
CMD48262,CL0049,P042,23/02/2024,3,4995.11,OK,casa,Carte,LIV1,
CMD09615,CL0067,P020,Feb 19 2023,4,3595.35,KO,TANGER,Carte,LIV8,
CMD14293,CL0240,P033,Aug 18 2023,5,2931.89,OK,kech,Carte,LIV8,
CMD35227,CL0736,P004,Dec 15 2023,4,690.99,livré,TNG,Carte,LIV5,2023-12-20
CMD24724,CL0296,P095,09/07/2023,4,603.46,en_cours,RBA,Carte,LIV2,
CMD27671,CL0669,P010,Aug 01 2023,5,4224.61,LIVRE,Tnja,Carte,,2023-08-03
CMD45486,CL0006,P054,2023-08-21,1,0,livré,casa,Carte,LIV10,2023-08-22
CMD14286,CL0926,P082,15/10/2023,2,355.34,LIVRE,Tnja,Carte,LIV2,2023-10-19
CMD18262,CL0426,P021,2023-10-11,3,4381.67,livre,Tnja,Carte,LIV7,
CMD23031,CL0888,P002,Feb 09 2023,3,4505.77,LIVRE,kech,Carte,LIV1,2023-02-10
CMD00548,CL0605,P018,2023-08-29,1,2960.47,livré,kech,Carte,LIV3,2023-09-01
CMD19102,CL0737,P092,2023-01-06,5,3876.43,LIVRE,RBA,Carte,LIV7,2023-01-08
CMD29238,CL0645,P076,Feb 17 2024,4,540.57,annulé,TANGER,Carte,LIV4,
CMD07029,CL0681,P080,2024-02-09,5,2448.32,livré,TANGER,Carte,LIV9,2024-02-14
CMD19728,CL0165,P046,Jan 14 2023,2,4457.7,retourné,TANGER,Carte,LIV8,2023-01-19
CMD24034,CL0878,P099,2024-02-16,3,3635.58,KO,TANGER,Carte,LIV3,
CMD32947,CL0115,P025,2023-12-07,3,1282.37,en_cours,Tnja,Carte,LIV9,
CMD05171,CL0859,P047,Feb 16 2023,1,4976.3,annulé,kech,Carte,LIV5,
CMD01377,CL0234,P011,Jul 15 2023,4,1669.47,livré,Tnja,Carte,LIV8,2023-07-18
CMD17210,CL0931,P044,2024-03-26,1,433.5,livre,kech,Carte,LIV2,
CMD16032,CL0549,P009,27/08/2023,1,558.54,annulé,Agadir,Carte,LIV10,
CMD29972,CL0439,P036,2023-05-17,3,1391.87,annulé,casa,Carte,LIV6,
CMD21987,CL0570,P038,29/04/2024,2,4345.55,livré,casa,Carte,LIV5,2024-05-03
CMD29100,CL0534,P072,11/10/2023,4,3680.52,retourné,Agadir,Carte,LIV9,2023-10-13
CMD43508,CL0627,P002,2024-01-28,3,1715.73,LIVRE,Agadir,Carte,LIV4,2024-02-01
CMD04405,CL0087,P077,2023-05-29,3,2995.06,OK,marrakech,Carte,,
CMD12747,CL0179,P031,Mar 31 2023,3,1324.27,DONE,Agadir,Carte,LIV8,2023-04-01
CMD24592,CL0691,P043,04/03/2024,1,1525.77,OK,Tnja,Carte,LIV10,
CMD39390,CL0745,P010,2023-10-11,4,3611.24,livré,Agadir,Carte,LIV1,2023-10-13
CMD26600,CL0993,P071,Feb 20 2023,5,1282.03,DONE,TANGER,Carte,LIV4,2023-02-22
CMD33095,CL0660,P065,26/03/2024,3,927.34,retourné,kech,Carte,LIV7,2024-03-27
CMD33091,CL0469,P077,2024-01-29,2,3979.18,DONE,TNG,Carte,LIV10,2024-01-31
CMD16342,CL0383,P011,24/08/2023,5,4076.12,livré,TNG,Carte,LIV8,2023-08-29
CMD46068,CL0912,P026,Jan 05 2024,4,4486.96,livré,casa,Carte,LIV6,2024-01-10
CMD12809,CL0843,P065,04/04/2024,5,3166.54,KO,tanger,Carte,LIV3,
CMD02400,CL0764,P050,Feb 20 2023,3,3706.58,OK,Tnja,Carte,LIV10,
CMD35584,CL0758,P061,25/03/2024,4,3603.63,en_cours,TANGER,Carte,LIV10,
CMD00562,CL0597,P064,2023-02-10,3,3771.61,OK,TNG,Carte,LIV2,
CMD11093,CL0407,P092,22/03/2023,3,3761.9,LIVRE,tanger,Carte,LIV9,2023-03-26
CMD40213,CL0369,P070,10/05/2024,5,4718.81,OK,tanger,Carte,LIV9,
CMD10837,CL0128,P058,2023-01-09,1,2282.19,KO,casa,Carte,LIV7,
CMD15499,CL0003,P009,2024-01-23,1,4740.38,en_cours,Tnja,Carte,LIV1,
CMD11261,CL0298,P099,Jan 23 2023,2,4342.95,en_cours,TANGER,Carte,LIV10,
CMD37794,CL0177,P012,Jun 19 2023,2,3754.77,livré,CASABLANCA,Carte,LIV2,2023-06-24
CMD00816,CL0012,P045,Sep 04 2023,3,3776.07,retourné,Agadir,Carte,LIV1,2023-09-05
CMD39708,CL0375,P058,2023-01-14,5,1299.59,livré,Tnja,Carte,,2023-01-19
CMD07106,CL0771,P057,29/03/2024,3,1048.84,KO,tanger,Carte,LIV8,
CMD30548,CL0923,P027,2024-03-09,4,2361.93,retourné,casa,Carte,,2024-03-13
CMD20995,CL0097,P012,Apr 09 2024,1,2646.62,retourné,RBA,Carte,LIV3,2024-04-10
CMD26378,CL0753,P083,2023-06-28,4,4691.11,livré,Agadir,Carte,LIV7,2023-06-30
CMD37208,CL0101,P038,11/03/2024,4,598.97,OK,TNG,Carte,LIV6,
CMD37281,CL0005,P095,03/05/2023,1,1711.85,livre,CASABLANCA,Carte,LIV6,
CMD17853,CL0526,P026,11/12/2023,3,3103.37,en_cours,casa,Carte,LIV9,
CMD25776,CL0488,P046,12/01/2024,2,3024.84,DONE,marrakech,Carte,LIV3,2024-01-15
CMD37063,CL0076,P014,15/01/2023,3,4930.78,livré,TNG,Carte,LIV5,2023-01-18
CMD38861,CL0908,P067,Apr 30 2024,2,364.42,livré,CASABLANCA,Carte,LIV9,2024-05-05
CMD15705,CL0462,P048,2023-01-15,1,4358.02,KO,Agadir,Carte,LIV2,
CMD30615,CL0527,P092,07/01/2024,2,4745.56,DONE,CASABLANCA,Carte,LIV4,2024-01-08
CMD14339,CL0516,P033,24/07/2023,4,673.81,OK,casa,Carte,LIV10,
CMD42935,CL0702,P085,01/05/2023,2,3193.55,DONE,Tnja,Carte,,2023-05-03
CMD05088,CL0944,P018,2023-11-29,3,1121.1,OK,casa,Carte,,
CMD07202,CL0256,P097,2023-04-18,1,2004.07,OK,kech,Carte,LIV10,
CMD15270,CL0793,P005,30/01/2024,1,1616.87,livré,Tnja,Carte,LIV1,2024-02-03
CMD08270,CL0849,P022,2023-06-29,3,2633.43,livre,RBA,Carte,LIV3,
CMD31367,CL0837,P064,01/12/2023,5,4075.3,retourné,casa,Carte,LIV9,2023-12-06
CMD46049,CL0214,P029,2024-01-08,2,181.91,retourné,RBA,Carte,LIV6,2024-01-13
CMD01625,CL0998,P029,20/11/2023,3,3762.35,retourné,RBA,Carte,LIV2,2023-11-24
CMD04459,CL0185,P070,2024-04-24,4,4019.18,DONE,kech,Carte,LIV9,2024-04-27
CMD45100,CL0871,P098,2023-08-22,4,2684.01,OK,RBA,Carte,LIV3,
CMD13507,CL0943,P047,Aug 09 2023,2,2475.23,OK,tanger,Carte,LIV1,
CMD44666,CL0549,P064,Feb 08 2024,4,1464.39,livré,kech,Carte,LIV7,2024-02-13
CMD16017,CL0357,P062,2024-04-05,4,1027.42,livre,TNG,Carte,,
CMD15398,CL0903,P030,2023-01-22,2,2332.92,LIVRE,Tnja,Carte,LIV2,2023-01-25
CMD04608,CL0506,P076,19/04/2023,4,1268.32,DONE,kech,Carte,LIV3,2023-04-20
CMD18781,CL0932,P028,26/07/2023,2,4491.23,livré,marrakech,Carte,LIV7,2023-07-30
CMD19956,CL0597,P001,07/01/2023,5,3314.05,livré,casa,Carte,LIV4,2023-01-11
CMD23464,CL0139,P081,2024-05-01,4,2301.54,KO,CASABLANCA,Carte,LIV5,
CMD47393,CL0950,P079,25/05/2023,1,4985.09,livré,tanger,Carte,LIV3,2023-05-29
CMD28789,CL0222,P002,2023-11-29,2,3596.08,livré,casa,Carte,LIV4,2023-12-03
CMD03605,CL0451,P064,2023-10-02,3,2457.85,LIVRE,CASABLANCA,Carte,LIV5,2023-10-03
CMD36629,CL0538,P039,Dec 27 2023,-1,4119.67,livré,kech,Carte,LIV10,2023-12-31
CMD21669,CL0008,P086,18/08/2023,4,2583.88,OK,TANGER,Carte,LIV3,
CMD40024,CL0944,P077,02/01/2023,4,2915.06,livre,RBA,Carte,LIV4,
CMD10857,CL0768,P030,Oct 26 2023,5,307.89,retourné,kech,Carte,LIV6,2023-10-29
CMD01542,CL0820,P063,Jan 07 2023,3,2974.48,livre,TANGER,Carte,LIV1,
CMD20122,CL0523,P029,15/07/2023,2,4320.11,livré,Agadir,Carte,LIV6,2023-07-19
CMD32532,CL0363,P078,2024-03-14,1,1142.02,LIVRE,marrakech,Carte,LIV9,2024-03-16
CMD35693,CL0436,P075,29/04/2024,5,1210.22,livré,tanger,Carte,LIV8,2024-05-02
CMD26621,CL0465,P071,2023-03-01,3,643.33,livré,TANGER,Carte,LIV9,2023-03-04
CMD06703,CL0225,P017,24/03/2024,4,2676.23,DONE,casa,Carte,LIV7,2024-03-27
CMD36040,CL0212,P029,Mar 05 2023,4,1746.65,livré,RBA,Carte,LIV3,2023-03-08
CMD20944,CL0883,P038,Nov 06 2023,2,1218.94,en_cours,TNG,Carte,LIV4,
CMD04494,CL0218,P068,2023-09-25,2,3024.35,livré,Agadir,Carte,LIV8,2023-09-29
CMD05589,CL0480,P068,14/02/2024,1,2353.09,livré,tanger,Carte,LIV1,2024-02-18
CMD36507,CL0846,P075,17/04/2023,3,3372.09,annulé,kech,Carte,LIV7,
CMD37375,CL0912,P079,Feb 19 2023,1,1242.67,DONE,TANGER,Carte,LIV4,2023-02-23
CMD47198,CL0910,P075,03/03/2024,5,2421.04,DONE,kech,Carte,LIV6,2024-03-05
CMD02900,CL0852,P050,09/11/2023,2,2969.28,KO,CASABLANCA,Carte,LIV6,
CMD03952,CL0021,P050,18/05/2023,5,2365.62,LIVRE,Agadir,Carte,LIV4,2023-05-22
CMD33744,CL0064,P066,2023-04-05,1,3542.39,annulé,TANGER,Carte,LIV8,
CMD02646,CL0845,P001,2023-01-29,5,2608.72,livré,Agadir,Carte,LIV10,2023-02-03
CMD16338,CL0097,P038,2023-03-06,2,2708.04,LIVRE,RBA,Carte,LIV5,2023-03-10
CMD48218,CL0331,P016,2023-04-03,4,3372.64,retourné,marrakech,Carte,LIV7,2023-04-08
CMD21931,CL0208,P064,20/08/2023,5,196.87,en_cours,TANGER,Carte,LIV2,
CMD43974,CL0976,P027,27/11/2023,4,1458.93,annulé,CASABLANCA,Carte,LIV9,
CMD19171,CL0021,P020,2023-02-24,1,3717.91,livré,CASABLANCA,Carte,LIV6,2023-02-27
CMD45061,CL0391,P041,May 18 2023,1,868.42,livré,kech,Carte,LIV2,2023-05-20
CMD28024,CL0392,P046,Apr 17 2023,3,1378.93,livré,tanger,Carte,LIV8,2023-04-20
CMD11929,CL0548,P069,08/04/2024,1,3420.83,retourné,marrakech,Carte,LIV9,2024-04-09
CMD14458,CL0141,P025,2024-01-12,4,4761.81,livré,RBA,Carte,LIV5,2024-01-15
CMD36061,CL0450,P005,22/02/2024,4,3143.76,OK,tanger,Carte,LIV7,
CMD29391,CL0771,P085,26/12/2023,5,4181.57,livré,Tnja,Carte,LIV9,2023-12-30
CMD31529,CL0761,P075,07/02/2023,1,401.46,livré,RBA,Carte,,2023-02-12
CMD47916,CL0396,P070,2023-04-29,2,2159.43,DONE,kech,Carte,LIV10,2023-05-03
CMD30987,CL0684,P046,2023-08-26,1,1744.71,KO,TNG,Carte,LIV7,
CMD17482,CL0946,P078,2024-01-14,3,3382.89,livré,TNG,Carte,,2024-01-19
CMD43192,CL0435,P003,14/01/2024,5,3793.96,livré,Tnja,Carte,LIV1,2024-01-16
CMD06318,CL0950,P006,Mar 19 2024,-1,917.33,annulé,TANGER,Carte,LIV2,
CMD15366,CL0458,P071,Mar 10 2023,4,2558.01,OK,CASABLANCA,Carte,LIV9,
CMD31014,CL0349,P065,28/05/2023,2,804.9,DONE,Tnja,Carte,LIV5,2023-05-29
CMD35994,CL0680,P083,2023-03-01,4,3664.63,livré,RBA,Carte,LIV7,2023-03-02
CMD09090,CL0505,P037,2023-07-27,3,2085.57,retourné,CASABLANCA,Carte,LIV2,2023-07-29
CMD40369,CL0757,P015,Oct 05 2023,3,4015.53,LIVRE,RBA,Carte,LIV5,2023-10-09
CMD15477,CL0477,P055,Apr 02 2023,5,3060.73,livré,Agadir,Carte,LIV5,2023-04-04
CMD37982,CL0742,P039,21/05/2023,4,574.74,LIVRE,marrakech,Carte,LIV7,2023-05-25
CMD05462,CL0149,P011,19/11/2023,5,4189.3,OK,TANGER,Carte,LIV10,
CMD04884,CL0806,P015,2023-10-19,1,857.26,livré,TNG,Carte,LIV9,2023-10-20
CMD30773,CL0503,P010,12/11/2023,4,1551.44,KO,TNG,Carte,LIV6,
CMD35117,CL0533,P049,15/02/2023,2,1492.36,DONE,Agadir,Carte,,2023-02-19
CMD22060,CL0276,P050,04/04/2023,3,3372.39,OK,Tnja,Carte,LIV2,
CMD13448,CL0257,P096,Mar 01 2023,4,2682.33,OK,Agadir,Carte,LIV6,
CMD01732,CL0830,P025,Oct 31 2023,3,4894.43,retourné,RBA,Carte,LIV2,2023-11-02
CMD25730,CL0557,P093,24/03/2024,1,4013.35,retourné,casa,Carte,LIV1,2024-03-26
CMD41493,CL0267,P016,Jan 16 2024,4,1830.67,livré,marrakech,Carte,LIV2,2024-01-21
CMD47710,CL0494,P050,Nov 28 2023,1,1266.85,KO,TANGER,Carte,LIV1,
CMD41609,CL0537,P049,Mar 15 2023,4,3399.91,annulé,marrakech,Carte,LIV6,
CMD35001,CL0732,P035,12/03/2024,1,2639.05,livré,TNG,Carte,LIV6,2024-03-14
CMD05998,CL0698,P021,2024-04-05,5,3359.27,DONE,CASABLANCA,Carte,,2024-04-10
CMD10630,CL0700,P042,23/03/2023,4,1447.72,livre,casa,Carte,LIV6,
CMD15913,CL0472,P022,03/07/2023,2,1848.01,OK,marrakech,Carte,LIV5,
CMD00494,CL0740,P097,18/04/2023,2,2947.26,OK,Tnja,Carte,LIV8,
CMD25560,CL0738,P051,Feb 28 2024,2,292.27,annulé,Tnja,Carte,LIV4,
CMD02884,CL0511,P074,2023-08-08,4,3840.7,livré,marrakech,Carte,LIV2,2023-08-10
CMD37406,CL0286,P042,2024-01-31,3,707.06,annulé,kech,Carte,LIV10,
CMD30836,CL0730,P033,May 08 2023,5,2521.45,LIVRE,Agadir,Carte,LIV8,2023-05-13
CMD00281,CL0381,P042,01/03/2023,2,1653.21,livré,TANGER,Carte,LIV8,2023-03-03
CMD17929,CL0996,P040,Apr 19 2024,2,2157.44,livré,casa,Carte,LIV6,2024-04-23
CMD10408,CL0961,P076,Jun 04 2023,1,140.29,annulé,Agadir,Carte,LIV8,
CMD00424,CL0457,P034,Jan 12 2024,1,0,livré,Agadir,Carte,LIV1,2024-01-16
CMD20755,CL0653,P006,Aug 19 2023,2,2828.68,OK,kech,Carte,LIV7,
CMD00644,CL0945,P055,19/07/2023,4,2059.09,DONE,Tnja,Carte,LIV9,2023-07-21
CMD34925,CL0275,P080,Oct 12 2023,3,4015.47,OK,Tnja,Carte,LIV10,
CMD13642,CL0104,P095,09/04/2024,4,1851.47,livré,RBA,Carte,LIV5,2024-04-12
CMD31584,CL0388,P063,09/12/2023,1,3205.6,KO,Agadir,Carte,LIV7,
CMD48090,CL0404,P057,Jan 29 2023,5,1134.17,OK,tanger,Carte,LIV3,
CMD42001,CL0523,P030,2023-01-10,3,92.72,OK,TNG,Carte,LIV5,
CMD37831,CL0302,P037,01/01/2023,5,3612.84,livré,Agadir,Carte,LIV5,2023-01-06
CMD40330,CL0161,P003,2023-11-03,5,3063.07,livre,tanger,Carte,LIV10,
CMD13953,CL0970,P045,Feb 24 2023,1,3812.22,DONE,tanger,Carte,LIV2,2023-03-01
CMD39738,CL0636,P050,08/09/2023,4,2201.63,en_cours,Agadir,Carte,LIV10,
CMD12016,CL0147,P087,2023-06-17,2,2916.67,livré,marrakech,Carte,LIV4,2023-06-21
CMD33162,CL0220,P041,May 17 2023,2,4734.73,livré,casa,Carte,LIV4,2023-05-22
CMD18728,CL0253,P021,18/03/2023,4,2257.87,retourné,casa,Carte,LIV1,2023-03-19
CMD45219,CL0412,P048,10/02/2023,1,2971.71,OK,CASABLANCA,Carte,LIV7,
CMD09109,CL0110,P059,2023-12-29,1,2486.81,livre,TNG,Carte,LIV1,
CMD20894,CL0159,P089,2024-05-10,3,3629.46,livré,Agadir,Carte,LIV1,2024-05-13
CMD23919,CL0720,P030,20/10/2023,4,4438.81,livré,Agadir,Carte,LIV3,2023-10-21
CMD17029,CL0815,P037,24/03/2023,4,1991.23,retourné,TNG,Carte,LIV9,2023-03-27
CMD07302,CL0822,P057,03/04/2024,4,526.53,OK,kech,Carte,LIV8,
CMD24368,CL0406,P093,2023-01-30,5,3288.82,LIVRE,TANGER,Carte,LIV3,2023-02-04
CMD19675,CL0458,P060,2023-01-09,3,3106.49,annulé,TANGER,Carte,LIV3,
CMD41235,CL0557,P075,Oct 01 2023,3,63.32,livré,tanger,Carte,LIV6,2023-10-02
CMD39393,CL0358,P091,26/03/2024,3,3784.35,OK,TANGER,Carte,LIV7,
CMD26142,CL0740,P021,2023-08-30,4,3273.85,DONE,kech,Carte,LIV1,2023-09-01
CMD43683,CL0075,P061,2023-04-28,3,4261.77,livré,TNG,Carte,LIV5,2023-05-02
CMD04015,CL0502,P049,18/04/2024,1,3899.31,livré,Tnja,Carte,LIV5,2024-04-19
CMD05764,CL0373,P010,12/02/2024,2,4715.37,KO,Tnja,Carte,LIV8,
CMD28169,CL0556,P067,18/09/2023,5,2607.8,en_cours,CASABLANCA,Carte,,
CMD22747,CL0999,P028,Jul 27 2023,1,3905.95,LIVRE,marrakech,Carte,LIV3,2023-07-30
CMD11464,CL0319,P023,2024-01-18,4,3825.64,OK,TNG,Carte,,
CMD39279,CL0721,P034,16/12/2023,5,3495.08,DONE,tanger,Carte,LIV9,2023-12-18
CMD46848,CL0939,P086,2023-09-20,2,1367.32,DONE,Tnja,Carte,LIV8,2023-09-21
CMD42559,CL0745,P045,2023-12-17,4,2294.53,KO,CASABLANCA,Carte,LIV6,
CMD14622,CL0146,P034,2023-07-22,5,399.09,KO,TANGER,Carte,LIV5,
CMD16539,CL0780,P095,2024-04-13,4,2741.3,livré,tanger,Carte,LIV8,2024-04-14
CMD06700,CL0736,P083,2024-01-02,2,822.71,livré,kech,Carte,LIV1,2024-01-05
CMD31506,CL0851,P004,2024-05-01,3,87.29,annulé,RBA,Carte,LIV2,
CMD01375,CL0542,P031,2023-03-24,5,679.94,LIVRE,tanger,Carte,LIV4,2023-03-25
CMD35066,CL0739,P003,2023-03-21,5,160.97,retourné,kech,Carte,LIV1,2023-03-26
CMD47740,CL0654,P095,Mar 30 2024,3,409.33,annulé,TNG,Carte,LIV3,
CMD07299,CL0731,P001,2024-01-31,4,3802.81,livré,casa,Carte,LIV6,2024-02-04
CMD31331,CL0470,P050,08/01/2023,3,3169.57,livré,Tnja,Carte,LIV3,2023-01-09
CMD11582,CL0501,P100,01/05/2024,4,2125.04,livré,casa,Carte,LIV9,2024-05-04
CMD09982,CL0666,P075,03/03/2024,2,1325.24,annulé,TANGER,Carte,LIV6,
CMD05451,CL0085,P085,09/11/2023,1,1003.17,LIVRE,Tnja,Carte,LIV10,2023-11-13
CMD14199,CL0635,P058,Nov 10 2023,3,2460.18,OK,CASABLANCA,Carte,LIV4,
CMD25929,CL0790,P069,Feb 14 2023,2,3772.87,DONE,CASABLANCA,Carte,,2023-02-15
CMD39154,CL0786,P068,2023-10-12,4,4677.22,OK,kech,Carte,LIV8,
CMD18919,CL0741,P094,Aug 07 2023,4,4982.38,livré,Tnja,Carte,LIV9,2023-08-09
CMD35185,CL0103,P090,30/12/2023,2,2182.41,DONE,marrakech,Carte,LIV2,2024-01-02
CMD48425,CL0257,P094,Jan 17 2024,3,2869.4,retourné,RBA,Carte,LIV6,2024-01-20
CMD46144,CL0674,P035,2023-01-24,2,4308.82,DONE,marrakech,Carte,LIV2,2023-01-28
CMD30396,CL0359,P041,06/10/2023,5,4109.02,livré,Agadir,Carte,LIV2,2023-10-08
CMD07885,CL0741,P081,2023-03-14,2,2235.51,en_cours,kech,Carte,LIV6,
CMD39635,CL0915,P022,2023-06-04,2,4394.73,KO,RBA,Carte,,
CMD48032,CL0495,P076,Jan 05 2024,5,1318.25,KO,TANGER,Carte,LIV2,
CMD38424,CL0648,P056,2024-02-21,3,2147.46,LIVRE,Tnja,Carte,LIV3,2024-02-25
CMD18776,CL0355,P039,2023-09-01,3,2480.58,livré,RBA,Carte,LIV10,2023-09-02
CMD41728,CL0039,P090,26/04/2023,4,1049.89,en_cours,RBA,Carte,LIV2,
CMD25089,CL0002,P021,2023-04-02,5,3681.9,livré,TNG,Carte,LIV2,2023-04-05
CMD32842,CL0103,P026,13/09/2023,5,2708.95,livré,tanger,Carte,LIV6,2023-09-17
CMD16267,CL0106,P073,Apr 22 2023,5,4826.68,livré,Agadir,Carte,LIV6,2023-04-25
CMD44200,CL0240,P024,Dec 11 2023,5,3665.71,annulé,marrakech,Carte,,
CMD12885,CL0245,P078,2023-09-06,4,2862.4,livré,marrakech,Carte,LIV9,2023-09-09
CMD19144,CL0752,P010,Feb 25 2023,5,4293.22,livré,Agadir,Carte,LIV5,2023-03-01
CMD08707,CL0155,P008,Feb 06 2023,1,2640.38,livré,RBA,Carte,LIV1,2023-02-08
CMD11691,CL0686,P032,2023-05-26,2,1955.09,LIVRE,kech,Carte,LIV8,2023-05-31
CMD12298,CL0309,P099,Aug 13 2023,2,864.15,LIVRE,Tnja,Carte,LIV9,2023-08-18
CMD18213,CL0547,P014,Feb 27 2023,4,1909.69,livré,CASABLANCA,Carte,LIV7,2023-03-03
CMD43075,CL0075,P088,Oct 07 2023,4,4693.56,retourné,RBA,Carte,LIV9,2023-10-09
CMD44392,CL0764,P013,2023-08-20,2,2119.98,livré,TANGER,Carte,LIV8,2023-08-22
CMD10388,CL0297,P079,14/01/2024,4,2875.08,annulé,CASABLANCA,Carte,LIV6,
CMD18513,CL0883,P033,29/06/2023,3,0,livré,casa,Carte,LIV6,2023-06-30
CMD05736,CL0752,P078,2023-09-15,3,2595.51,KO,marrakech,Carte,LIV4,
CMD36546,CL0963,P076,14/01/2024,1,795.02,KO,marrakech,Carte,,
CMD18275,CL0779,P009,Apr 29 2023,5,4989.5,KO,Agadir,Carte,LIV3,
CMD00563,CL0759,P056,Feb 03 2024,3,281.77,annulé,TANGER,Carte,LIV7,
CMD26431,CL0091,P098,14/03/2023,3,677.53,DONE,casa,Carte,LIV8,2023-03-16
CMD21329,CL0992,P020,Oct 20 2023,5,4296.05,KO,RBA,Carte,LIV9,
CMD16165,CL0177,P023,06/01/2023,4,576.68,en_cours,TANGER,Carte,LIV7,
CMD08851,CL0459,P089,28/04/2023,4,2488.69,livre,tanger,Carte,LIV4,
CMD15184,CL0024,P082,31/03/2023,1,173.03,LIVRE,Agadir,Carte,LIV2,2023-04-02
CMD11813,CL0289,P059,Feb 04 2024,5,4666.92,livré,casa,Carte,LIV9,2024-02-05
CMD32708,CL0114,P077,24/10/2023,4,1247.82,livré,TANGER,Carte,LIV6,2023-10-29
CMD29359,CL0600,P097,2024-01-09,2,3913.63,annulé,kech,Carte,,
CMD05541,CL0904,P067,2024-01-24,3,2167.19,livré,kech,Carte,LIV5,2024-01-27
CMD30583,CL0043,P031,Apr 07 2023,4,3895.77,livre,casa,Carte,LIV2,
CMD48116,CL0876,P022,12/01/2024,4,402.91,livré,kech,Carte,LIV1,2024-01-17
CMD24760,CL0416,P019,19/09/2023,5,501.61,DONE,casa,Carte,LIV8,2023-09-22
CMD39131,CL0758,P049,2023-06-23,1,3319.33,livré,casa,Carte,LIV3,2023-06-27
CMD47847,CL0968,P064,2023-11-05,2,603.69,livré,marrakech,Carte,LIV9,2023-11-10
CMD08234,CL0629,P006,Jul 20 2023,1,354.07,en_cours,TNG,Carte,LIV2,
CMD36656,CL0504,P081,2023-07-04,1,2216.27,DONE,marrakech,Carte,LIV9,2023-07-09
CMD16733,CL0750,P019,02/03/2024,5,4943.56,KO,TANGER,Carte,LIV9,
CMD16859,CL0111,P085,Oct 18 2023,1,2958.82,LIVRE,TANGER,Carte,LIV3,2023-10-20
CMD06146,CL0968,P099,2023-03-01,2,1042.36,livré,kech,Carte,LIV3,2023-03-04
CMD46441,CL0777,P065,2023-07-10,3,3077.55,KO,CASABLANCA,Carte,LIV10,
CMD25943,CL0266,P087,20/02/2023,4,1136.37,LIVRE,tanger,Carte,LIV9,2023-02-25
CMD11065,CL0612,P079,Apr 17 2024,4,196.21,KO,TNG,Carte,,
CMD01302,CL0776,P059,16/03/2024,5,369.26,en_cours,tanger,Carte,LIV10,
CMD23798,CL0814,P014,Aug 13 2023,5,2412.44,KO,RBA,Carte,LIV3,
CMD47996,CL0391,P027,Jan 24 2024,1,2925.68,livré,TANGER,Carte,LIV1,2024-01-27
CMD46592,CL0722,P033,28/04/2024,2,1655.63,retourné,casa,Carte,LIV5,2024-05-01
CMD35910,CL0197,P056,20/08/2023,1,2032.23,annulé,TNG,Carte,LIV3,
CMD21547,CL0189,P003,2023-02-04,5,1130.45,DONE,kech,Carte,LIV7,2023-02-05
CMD15688,CL0197,P066,Nov 10 2023,2,1798.46,en_cours,TANGER,Carte,LIV10,
CMD41741,CL0014,P069,2024-05-02,-1,3099.88,DONE,Agadir,Carte,LIV9,2024-05-07
CMD40483,CL0797,P100,Nov 11 2023,4,687.41,KO,TNG,Carte,LIV3,
CMD30655,CL0086,P013,30/04/2024,4,3443.1,en_cours,TANGER,Carte,LIV7,
CMD41424,CL0381,P063,17/12/2023,5,2021.09,KO,TANGER,Carte,LIV6,
CMD47614,CL0524,P058,14/12/2023,3,420.81,LIVRE,TNG,Carte,LIV4,2023-12-16
CMD20641,CL0972,P039,19/04/2023,2,764.0,en_cours,Agadir,Carte,LIV6,
CMD16030,CL0185,P023,Oct 19 2023,5,3130.46,KO,Tnja,Carte,LIV5,
CMD29252,CL0950,P065,01/04/2024,5,4726.51,annulé,Tnja,Carte,LIV7,
CMD02607,CL0854,P069,2023-04-29,2,3605.43,en_cours,tanger,Carte,LIV4,
CMD32197,CL0274,P001,2023-03-29,2,493.6,KO,TANGER,Carte,LIV10,
CMD32408,CL0385,P041,24/01/2023,1,1328.81,LIVRE,marrakech,Carte,LIV8,2023-01-28
CMD33712,CL0442,P089,18/07/2023,4,3094.34,livré,CASABLANCA,Carte,LIV7,2023-07-21
CMD48497,CL0059,P059,01/02/2023,3,4246.51,livré,CASABLANCA,Carte,,2023-02-04
CMD14506,CL0448,P019,2023-01-29,4,3275.84,LIVRE,casa,Carte,LIV8,2023-01-30
CMD42953,CL0670,P048,Mar 07 2024,2,1671.04,livré,TNG,Carte,LIV1,2024-03-08
CMD42328,CL0884,P019,Apr 14 2023,5,1930.17,DONE,Agadir,Carte,,2023-04-15
CMD36495,CL0558,P042,2023-08-14,4,737.54,en_cours,kech,Carte,,
CMD30525,CL0593,P006,2023-05-05,4,1178.95,DONE,Agadir,Carte,LIV10,2023-05-06
CMD07389,CL0235,P024,2023-09-01,1,4593.38,DONE,kech,Carte,LIV9,2023-09-04
CMD28932,CL0472,P099,14/04/2023,3,172.95,livré,kech,Carte,LIV6,2023-04-16
CMD25937,CL0409,P015,Aug 25 2023,2,1163.65,retourné,Tnja,Carte,LIV6,2023-08-30
CMD05308,CL0074,P078,08/08/2023,1,70.49,livre,casa,Carte,LIV3,
CMD41902,CL0431,P083,Mar 01 2024,2,4769.86,LIVRE,casa,Carte,LIV5,2024-03-04
CMD18158,CL0171,P082,Sep 27 2023,2,540.26,livré,Agadir,Carte,,2023-09-28
CMD19336,CL0095,P001,2024-01-16,2,4718.28,livre,TANGER,Carte,LIV7,
CMD42832,CL0889,P060,2023-01-23,2,1420.97,KO,TNG,Carte,LIV2,
CMD36262,CL0294,P095,2023-11-08,3,3750.63,DONE,RBA,Carte,LIV9,2023-11-13
CMD24773,CL0261,P045,Jan 22 2023,5,110.38,LIVRE,casa,Carte,LIV4,2023-01-26
CMD21238,CL0015,P023,Apr 22 2023,3,0,retourné,marrakech,Carte,LIV2,2023-04-23
CMD43073,CL0901,P071,Apr 11 2024,2,3905.17,LIVRE,kech,Carte,LIV4,2024-04-13
CMD33586,CL0564,P054,Jan 29 2024,4,2777.34,livré,TNG,Carte,LIV7,2024-01-31
CMD30436,CL0729,P092,26/04/2024,3,4112.85,LIVRE,Tnja,Carte,LIV8,2024-04-29
CMD42275,CL0008,P033,2023-02-08,1,3087.7,LIVRE,tanger,Carte,LIV3,2023-02-13
CMD21785,CL0940,P057,Feb 21 2024,2,485.23,livré,TNG,Carte,LIV9,2024-02-24
CMD32231,CL0514,P026,28/01/2023,5,2016.02,livré,Agadir,Carte,LIV7,2023-01-31
CMD23188,CL0119,P049,May 05 2024,4,2444.66,livré,kech,Carte,LIV1,2024-05-07
CMD19444,CL0836,P059,Feb 01 2024,1,4829.87,KO,CASABLANCA,Carte,LIV8,
CMD13415,CL0930,P097,Feb 16 2024,1,3451.43,DONE,Tnja,Carte,LIV7,2024-02-19
CMD17913,CL0927,P021,Mar 14 2023,3,2383.64,livré,tanger,Carte,LIV9,2023-03-15
CMD47237,CL0246,P042,2023-11-16,2,1080.57,retourné,Tnja,Carte,LIV5,2023-11-18
CMD27656,CL0729,P005,Dec 21 2023,2,4391.2,LIVRE,kech,Carte,LIV2,2023-12-24
CMD21163,CL0711,P060,03/06/2023,1,4260.98,livre,kech,Carte,LIV8,
CMD29240,CL0440,P079,Oct 18 2023,5,3799.71,DONE,Agadir,Carte,LIV1,2023-10-20
CMD08286,CL0062,P046,Apr 02 2024,4,2372.67,KO,marrakech,Carte,LIV5,
CMD09442,CL0417,P012,28/03/2023,5,2972.07,livré,marrakech,Carte,LIV5,2023-04-02
CMD38199,CL0580,P090,29/10/2023,1,4759.91,KO,CASABLANCA,Carte,LIV6,
CMD17273,CL0721,P044,27/05/2023,4,1913.14,livré,TNG,Carte,LIV4,2023-05-28
CMD04076,CL0229,P088,2024-03-15,1,617.84,LIVRE,Agadir,Carte,LIV2,2024-03-16
CMD09496,CL0059,P045,27/10/2023,4,4657.93,OK,RBA,Carte,LIV9,
CMD37701,CL0909,P080,08/02/2024,1,3009.94,livré,TNG,Carte,LIV8,2024-02-10
CMD04170,CL0166,P060,16/01/2023,5,3783.87,KO,Agadir,Carte,LIV8,
CMD03438,CL0961,P085,2023-01-22,3,1145.84,retourné,Tnja,Carte,LIV3,2023-01-27
CMD36943,CL0880,P051,17/03/2024,2,1865.49,en_cours,tanger,Carte,LIV8,
CMD18866,CL0176,P031,2023-03-30,1,0,livre,Agadir,Carte,LIV8,
CMD23024,CL0689,P041,19/07/2023,3,2060.29,livre,kech,Carte,LIV7,
CMD46747,CL0416,P057,04/08/2023,3,195.71,livre,TANGER,Carte,LIV3,
CMD32450,CL0166,P095,27/11/2023,4,4478.44,livré,TNG,Carte,,2023-12-02
CMD10346,CL0592,P092,Apr 13 2024,4,2768.23,retourné,Tnja,Carte,LIV9,2024-04-16
CMD11934,CL0671,P030,2023-06-19,4,313.51,OK,RBA,Carte,LIV6,
CMD32956,CL0488,P036,Feb 14 2024,4,1455.6,LIVRE,TANGER,Carte,LIV9,2024-02-17
CMD17794,CL0772,P085,2023-08-24,3,3504.69,OK,casa,Carte,LIV4,
CMD22380,CL0468,P080,Jun 08 2023,4,2782.52,retourné,kech,Carte,LIV9,2023-06-12
CMD27698,CL0158,P002,2024-02-27,5,265.57,DONE,Tnja,Carte,LIV1,2024-02-29
CMD34693,CL0079,P026,Jan 08 2023,3,833.35,retourné,RBA,Carte,LIV8,2023-01-10
CMD46330,CL0613,P029,2024-02-13,5,4489.6,livré,marrakech,Carte,LIV4,2024-02-18
CMD00266,CL0787,P042,Mar 25 2024,5,828.43,livre,kech,Carte,LIV4,
CMD45506,CL0837,P063,08/01/2023,3,2532.48,KO,RBA,Carte,LIV6,
CMD18523,CL0745,P058,Dec 15 2023,3,3466.1,LIVRE,CASABLANCA,Carte,LIV6,2023-12-20
CMD21009,CL0084,P008,2023-11-02,2,4524.51,OK,CASABLANCA,Carte,LIV10,
CMD25899,CL0597,P071,Sep 23 2023,4,4045.85,LIVRE,kech,Carte,LIV5,2023-09-28
CMD25466,CL0794,P015,Feb 14 2024,1,2365.92,retourné,RBA,Carte,LIV10,2024-02-18
CMD48456,CL0634,P025,2023-05-12,2,724.28,LIVRE,marrakech,Carte,LIV5,2023-05-16
CMD30983,CL0056,P015,27/04/2024,2,2750.44,livré,TANGER,Carte,LIV1,2024-04-28
CMD33593,CL0988,P043,17/04/2023,5,1613.49,en_cours,kech,Carte,LIV1,
CMD27970,CL0653,P004,Jul 01 2023,3,1821.69,KO,kech,Carte,LIV6,
CMD30598,CL0028,P063,2023-09-19,5,1052.77,annulé,casa,Carte,LIV5,
CMD02652,CL0704,P048,Mar 21 2023,3,2839.74,KO,TNG,Carte,LIV2,
CMD32941,CL0010,P030,20/02/2023,4,1320.47,KO,casa,Carte,LIV5,
CMD10341,CL0446,P023,2023-09-04,1,1983.02,DONE,CASABLANCA,Carte,LIV1,2023-09-05
CMD16112,CL0487,P087,31/01/2024,4,4527.84,KO,kech,Carte,LIV2,
CMD23030,CL0925,P045,Mar 24 2024,3,3151.18,livré,marrakech,Carte,LIV5,2024-03-28
CMD10586,CL0284,P052,2023-02-21,4,1146.16,LIVRE,tanger,Carte,LIV8,2023-02-25
CMD24603,CL0753,P081,2023-12-29,5,1222.3,livre,marrakech,Carte,LIV6,
CMD46697,CL0434,P079,May 02 2023,5,3542.57,livré,kech,Carte,LIV1,2023-05-03
CMD29520,CL0786,P075,Aug 26 2023,5,778.35,livré,marrakech,Carte,LIV1,2023-08-31
CMD36902,CL0196,P008,16/06/2023,1,642.69,retourné,marrakech,Carte,LIV3,2023-06-20
CMD33179,CL0146,P027,11/03/2024,4,4986.3,LIVRE,TNG,Carte,LIV5,2024-03-12
CMD13941,CL0285,P055,Feb 10 2023,5,1789.82,DONE,RBA,Carte,LIV2,2023-02-15
CMD41041,CL0693,P065,Mar 30 2024,2,557.25,DONE,RBA,Carte,LIV2,2024-04-01
CMD10706,CL0977,P005,Mar 06 2024,4,499.01,livre,CASABLANCA,Carte,LIV9,
CMD03500,CL0411,P007,2023-04-21,5,94.44,en_cours,RBA,Carte,LIV4,
CMD08687,CL0131,P047,Sep 19 2023,1,1021.89,retourné,TNG,Carte,LIV6,2023-09-24
CMD13676,CL0359,P088,2024-01-13,1,810.25,livre,kech,Carte,LIV3,
CMD18210,CL0562,P050,13/10/2023,-1,4788.45,en_cours,tanger,Carte,LIV1,
CMD08469,CL0580,P039,22/11/2023,3,2793.07,livre,marrakech,Carte,LIV9,
CMD26739,CL0746,P077,05/04/2024,4,4033.28,OK,Tnja,Carte,LIV5,
CMD27490,CL0197,P099,2024-04-25,4,3195.19,en_cours,TANGER,Carte,LIV7,
CMD22157,CL0810,P020,Aug 24 2023,1,1883.21,KO,RBA,Carte,LIV10,
CMD31425,CL0962,P072,2023-03-23,1,1115.11,en_cours,RBA,Carte,LIV6,
CMD16629,CL0085,P044,Jul 09 2023,2,2986.16,livré,TANGER,Carte,LIV3,2023-07-11
CMD10891,CL0147,P009,09/01/2024,1,3351.04,livre,tanger,Carte,LIV2,
CMD33804,CL0903,P084,Nov 01 2023,5,4296.69,retourné,RBA,Carte,LIV5,2023-11-03
CMD40947,CL0631,P017,2024-03-08,4,4502.32,DONE,tanger,Carte,LIV5,2024-03-10
CMD34708,CL0675,P020,2023-05-06,3,3127.85,livre,Tnja,Carte,LIV8,
CMD21517,CL0448,P092,28/02/2023,4,243.94,livré,casa,Carte,LIV8,2023-03-01
CMD12178,CL0743,P080,2023-04-24,2,3461.98,en_cours,Tnja,Carte,LIV1,
CMD14633,CL0351,P045,19/11/2023,3,146.48,livré,tanger,Carte,LIV2,2023-11-21
CMD37032,CL0014,P095,2023-10-09,2,51.05,annulé,TANGER,Carte,LIV8,
CMD40230,CL0994,P005,26/09/2023,2,3455.71,retourné,tanger,Carte,LIV10,2023-10-01
CMD19319,CL0394,P055,2024-02-10,5,2097.86,livré,TANGER,Carte,LIV5,2024-02-15
CMD16129,CL0114,P026,17/04/2023,3,2285.05,en_cours,TNG,Carte,LIV1,
CMD21700,CL0005,P031,Oct 02 2023,5,2483.5,retourné,TANGER,Carte,LIV4,2023-10-06
CMD10344,CL0393,P081,15/02/2024,1,2439.27,livré,marrakech,Carte,LIV7,2024-02-16
CMD08051,CL0074,P088,May 04 2023,2,650.01,LIVRE,CASABLANCA,Carte,LIV5,2023-05-05
CMD36903,CL0023,P060,22/01/2023,2,0,livre,kech,Carte,LIV1,
CMD48413,CL0418,P054,21/01/2023,5,1346.47,KO,casa,Carte,LIV5,
CMD12231,CL0589,P085,May 02 2023,2,3162.63,livré,CASABLANCA,Carte,LIV2,2023-05-05
CMD22312,CL0038,P054,2024-02-08,1,2000.63,livre,TNG,Carte,LIV1,
CMD22962,CL0192,P036,2023-09-28,1,1455.98,OK,tanger,Carte,LIV6,
CMD01539,CL0221,P075,30/12/2023,4,4652.54,annulé,RBA,Carte,LIV5,
CMD42862,CL0889,P010,24/02/2024,1,523.44,livré,marrakech,Carte,LIV6,2024-02-29
CMD20661,CL0744,P068,07/05/2024,4,4649.26,KO,Agadir,Carte,LIV7,
CMD31564,CL0129,P039,13/03/2024,1,3946.47,DONE,marrakech,Carte,LIV1,2024-03-15
CMD17544,CL0199,P078,Apr 20 2024,5,2591.33,DONE,RBA,Carte,LIV6,2024-04-23
CMD38558,CL0197,P058,Jan 20 2024,4,739.0,livré,kech,Carte,LIV10,2024-01-23
CMD18481,CL0692,P010,2023-10-21,1,4845.31,OK,TANGER,Carte,LIV2,
CMD35830,CL0013,P056,2023-03-19,5,862.1,livré,TANGER,Carte,LIV10,2023-03-23
CMD11287,CL0385,P024,Jun 22 2023,2,1285.97,annulé,TANGER,Carte,LIV9,
CMD18028,CL0304,P078,2023-08-14,2,842.69,livré,tanger,Carte,LIV2,2023-08-16
CMD42869,CL0262,P096,Mar 19 2024,2,4095.46,annulé,tanger,Carte,LIV2,
CMD11811,CL0568,P031,Nov 26 2023,2,3573.73,livré,kech,Carte,LIV10,2023-11-27
CMD31762,CL0305,P002,2023-09-05,1,3794.01,en_cours,kech,Carte,LIV6,
CMD32391,CL0837,P062,28/01/2024,2,3495.8,KO,Tnja,Carte,LIV8,
CMD31034,CL0546,P084,2023-03-20,3,2003.49,LIVRE,Agadir,Carte,LIV8,2023-03-23
CMD45895,CL0093,P024,Oct 11 2023,4,2924.28,en_cours,tanger,Carte,LIV5,
CMD22008,CL0281,P004,27/02/2024,5,339.17,livré,marrakech,Carte,LIV2,2024-02-29
CMD44841,CL0961,P018,2023-03-01,1,179.86,livré,RBA,Carte,LIV9,2023-03-05
CMD08233,CL0084,P049,Oct 15 2023,1,4223.73,LIVRE,TNG,Carte,LIV1,2023-10-17
CMD16403,CL0878,P068,19/03/2024,1,3560.88,LIVRE,TANGER,Carte,LIV7,2024-03-21
CMD44375,CL0676,P022,Jan 25 2024,2,3492.04,DONE,CASABLANCA,Carte,LIV3,2024-01-29
CMD42493,CL0649,P052,19/04/2024,3,3394.44,OK,CASABLANCA,Carte,LIV9,
CMD12440,CL0268,P051,20/04/2023,2,4988.65,livré,kech,Carte,LIV6,2023-04-25
CMD39639,CL0059,P050,24/05/2023,2,316.03,livré,kech,Carte,LIV1,2023-05-27
CMD47037,CL0553,P043,15/05/2023,4,3196.47,en_cours,RBA,Carte,LIV2,
CMD35111,CL0863,P084,Jan 27 2023,1,2295.02,livré,RBA,Carte,LIV3,2023-02-01
CMD26941,CL0913,P030,Jan 26 2024,4,3002.93,OK,TANGER,Carte,LIV1,
CMD42201,CL0137,P022,23/09/2023,4,1184.03,livré,marrakech,Carte,LIV1,2023-09-27
CMD09179,CL0528,P049,Jul 09 2023,1,1445.83,KO,CASABLANCA,Carte,LIV5,
CMD33935,CL0332,P015,16/03/2023,1,460.73,KO,RBA,Carte,LIV1,
CMD27846,CL0003,P074,18/01/2024,3,0,DONE,Tnja,Carte,LIV4,2024-01-20
CMD35353,CL0135,P088,Sep 03 2023,5,567.66,livre,Agadir,Carte,LIV8,
CMD42121,CL0194,P020,Aug 29 2023,5,3129.45,DONE,kech,Carte,LIV7,2023-08-31
CMD01482,CL0072,P092,May 30 2023,2,3486.66,KO,Agadir,Carte,LIV7,
CMD12084,CL0256,P015,Feb 16 2023,2,3611.47,LIVRE,CASABLANCA,Carte,LIV6,2023-02-20
CMD17334,CL0109,P088,07/04/2024,4,3763.99,LIVRE,CASABLANCA,Carte,LIV9,2024-04-11
CMD04955,CL0070,P062,2023-11-02,2,1318.36,LIVRE,TNG,Carte,LIV8,2023-11-04
CMD41382,CL0622,P100,Jun 02 2023,4,3720.11,OK,tanger,Carte,LIV3,
CMD27777,CL0698,P060,2023-02-02,4,4630.18,livré,marrakech,Carte,,2023-02-04
CMD46475,CL0943,P005,27/09/2023,4,1637.35,livré,RBA,Carte,LIV6,2023-09-28
CMD08100,CL0291,P048,2023-05-28,2,2693.54,retourné,tanger,Carte,LIV6,2023-05-30
CMD47250,CL0986,P031,2024-01-19,1,1956.79,KO,casa,Carte,LIV7,
CMD13625,CL0033,P008,03/11/2023,4,395.78,annulé,kech,Carte,LIV2,
CMD13833,CL0758,P066,Sep 12 2023,4,3200.99,DONE,Tnja,Carte,LIV7,2023-09-16
CMD28996,CL0105,P065,Apr 17 2024,2,169.45,LIVRE,CASABLANCA,Carte,LIV9,2024-04-19
CMD31459,CL0769,P036,21/03/2023,1,1355.22,livré,Tnja,Carte,,2023-03-26
CMD25534,CL0415,P044,10/01/2023,1,3884.83,en_cours,Agadir,Carte,LIV8,
CMD26836,CL0173,P040,2023-09-20,2,2066.44,KO,Tnja,Carte,LIV7,
CMD39446,CL0913,P032,2023-10-10,4,4953.42,DONE,TANGER,Carte,LIV8,2023-10-14
CMD21010,CL0937,P021,2023-03-28,1,0,livre,tanger,Carte,LIV7,
CMD06091,CL0813,P026,10/03/2024,5,719.27,livré,RBA,Carte,LIV8,2024-03-12
CMD12812,CL0894,P041,2023-04-07,5,4405.23,livré,casa,Carte,LIV1,2023-04-12
CMD25586,CL0597,P029,12/02/2024,4,101.97,retourné,TNG,Carte,LIV6,2024-02-13
CMD02175,CL0187,P088,10/01/2024,2,0,livré,casa,Carte,LIV6,2024-01-12
CMD24896,CL0834,P089,30/08/2023,2,1725.58,annulé,kech,Carte,LIV8,
CMD20815,CL0003,P016,Jul 07 2023,2,4500.49,OK,tanger,Carte,LIV8,
CMD12627,CL0092,P021,06/01/2023,3,2183.12,livre,marrakech,Carte,LIV9,
CMD05526,CL0396,P019,27/09/2023,4,3872.28,KO,RBA,Carte,LIV6,
CMD20844,CL0209,P011,19/04/2023,4,1540.66,KO,casa,Carte,LIV8,
CMD37996,CL0814,P003,Jan 26 2024,1,650.44,LIVRE,TANGER,Carte,LIV1,2024-01-29
CMD07087,CL0981,P056,2024-03-16,5,2199.96,KO,marrakech,Carte,,
CMD08697,CL0766,P044,2024-03-03,5,105.88,annulé,Agadir,Carte,LIV2,
CMD17061,CL0396,P045,Apr 30 2023,1,4471.38,retourné,tanger,Carte,LIV8,2023-05-01
CMD46478,CL0687,P006,May 29 2023,2,4797.45,annulé,RBA,Carte,LIV10,
CMD11301,CL0146,P081,15/04/2023,4,3526.58,KO,CASABLANCA,Carte,LIV7,
CMD18111,CL0388,P063,22/08/2023,1,110.2,KO,Agadir,Carte,LIV6,
CMD20303,CL0160,P057,22/04/2023,1,2296.11,livré,RBA,Carte,LIV4,2023-04-26
CMD23851,CL0922,P089,26/02/2024,1,3034.76,retourné,casa,Carte,LIV7,2024-03-01
CMD23611,CL0083,P015,Apr 21 2024,4,4216.54,livré,TNG,Carte,LIV3,2024-04-22
CMD37774,CL0017,P082,Dec 23 2023,3,2821.46,livre,CASABLANCA,Carte,LIV9,
CMD33796,CL0574,P047,Jun 14 2023,1,0,annulé,CASABLANCA,Carte,LIV8,
CMD46616,CL0338,P068,2023-12-10,1,4532.19,KO,RBA,Carte,LIV6,
CMD31368,CL0014,P073,Feb 28 2023,5,415.57,LIVRE,tanger,Carte,LIV4,2023-03-04
CMD40351,CL0165,P072,2024-05-03,1,71.83,KO,tanger,Carte,LIV4,
CMD18435,CL0665,P046,May 06 2023,3,2525.74,retourné,CASABLANCA,Carte,LIV5,2023-05-09
CMD26279,CL0842,P056,2023-03-01,4,2815.3,livre,Tnja,Carte,LIV4,
CMD36072,CL0150,P032,28/06/2023,4,2430.46,livre,casa,Carte,LIV9,
CMD43630,CL0171,P004,Apr 08 2024,2,3440.24,OK,RBA,Carte,LIV4,
CMD26090,CL0936,P049,13/02/2023,3,2276.51,DONE,TANGER,Carte,LIV1,2023-02-16
CMD21186,CL0712,P056,2023-07-16,2,3346.96,en_cours,kech,Carte,LIV7,
CMD37455,CL0697,P087,07/06/2023,3,2903.8,livré,TANGER,Carte,LIV2,2023-06-09
CMD38073,CL0798,P074,Apr 04 2023,2,3770.91,LIVRE,CASABLANCA,Carte,LIV3,2023-04-08
CMD03883,CL0044,P045,May 02 2024,4,2758.15,LIVRE,Tnja,Carte,LIV6,2024-05-03
CMD42873,CL0510,P073,2024-03-25,2,190.65,KO,casa,Carte,LIV4,
CMD00092,CL0672,P055,Aug 20 2023,4,2814.11,annulé,tanger,Carte,LIV2,
CMD03055,CL0257,P009,20/02/2023,1,2394.61,annulé,Tnja,Carte,LIV3,
CMD46816,CL0639,P041,Apr 11 2024,1,3825.42,livré,RBA,Carte,LIV7,2024-04-12
CMD33638,CL0251,P096,Dec 02 2023,3,4998.27,annulé,tanger,Carte,LIV9,
CMD04102,CL0867,P056,2024-01-09,3,1124.2,retourné,marrakech,Carte,LIV8,2024-01-10
CMD20104,CL0055,P098,10/03/2024,2,4749.14,livre,Agadir,Carte,LIV1,
CMD40980,CL0393,P091,08/03/2023,3,2402.99,retourné,TNG,Carte,,2023-03-13
CMD06036,CL0823,P042,Jun 18 2023,3,4830.91,livré,TANGER,Carte,LIV6,2023-06-21
CMD38370,CL0634,P039,Oct 07 2023,5,4160.93,livré,RBA,Carte,LIV5,2023-10-12
CMD35912,CL0058,P043,2023-10-18,3,4668.65,annulé,TANGER,Carte,LIV7,
CMD46132,CL0946,P017,2024-03-16,3,2833.3,livré,TNG,Carte,LIV4,2024-03-20
CMD41822,CL0821,P070,2024-01-20,1,1297.64,livre,RBA,Carte,LIV3,
CMD34972,CL0866,P069,May 02 2024,2,115.99,livré,CASABLANCA,Carte,LIV6,2024-05-06
CMD03675,CL0577,P087,19/01/2024,3,1607.32,annulé,TNG,Carte,LIV5,
CMD25659,CL0642,P001,2023-11-30,-1,4873.03,livré,RBA,Carte,LIV9,2023-12-05
CMD13417,CL0744,P055,2023-12-15,2,4185.28,en_cours,RBA,Carte,,
CMD18456,CL0334,P031,19/11/2023,5,65.67,OK,RBA,Carte,LIV7,
CMD31180,CL0984,P090,Mar 21 2023,5,4890.53,annulé,casa,Carte,LIV4,
CMD12521,CL0948,P088,Mar 07 2024,4,1736.61,DONE,kech,Carte,LIV8,2024-03-11
CMD42371,CL0394,P021,Aug 02 2023,3,3419.08,DONE,casa,Carte,LIV4,2023-08-03
CMD04819,CL0449,P090,Mar 21 2023,2,2546.58,LIVRE,Agadir,Carte,LIV5,2023-03-23
CMD25312,CL0648,P020,Jan 19 2024,2,4976.01,en_cours,marrakech,Carte,LIV7,
CMD40945,CL0273,P096,09/09/2023,3,3165.71,livré,TANGER,Carte,LIV3,2023-09-12
CMD00427,CL0375,P085,28/02/2023,-1,2732.81,retourné,Tnja,Carte,LIV9,2023-03-02
CMD46404,CL0439,P014,13/03/2023,3,257.41,livré,RBA,Carte,LIV7,2023-03-17
CMD17893,CL0948,P018,14/03/2024,3,0,annulé,marrakech,Carte,LIV10,
CMD10827,CL0730,P099,28/01/2023,5,810.53,LIVRE,Tnja,Carte,LIV4,2023-01-31
CMD41623,CL0472,P030,Feb 16 2024,4,3265.05,OK,CASABLANCA,Carte,LIV8,
CMD43714,CL0456,P011,07/05/2024,2,1559.32,LIVRE,marrakech,Carte,LIV2,2024-05-11
CMD32477,CL0525,P001,2023-09-22,5,1186.53,OK,RBA,Carte,LIV3,
CMD23515,CL0042,P097,2023-01-09,2,4418.98,annulé,TANGER,Carte,LIV3,
CMD43526,CL0137,P081,04/01/2024,4,3848.69,OK,TNG,Carte,LIV1,
CMD39883,CL0883,P093,Mar 31 2023,5,434.82,LIVRE,tanger,Carte,LIV8,2023-04-03
CMD28329,CL0406,P082,09/01/2023,2,302.25,livré,TNG,Carte,LIV2,2023-01-10
CMD29887,CL0576,P098,Aug 09 2023,3,4723.7,OK,RBA,Carte,LIV9,
CMD15754,CL0841,P033,20/06/2023,2,4980.63,KO,RBA,Carte,LIV5,
CMD44729,CL0628,P080,12/01/2023,1,1905.4,retourné,Tnja,Carte,LIV3,2023-01-15
CMD35081,CL0028,P078,2023-11-15,3,2659.94,en_cours,Agadir,Carte,LIV2,
CMD16293,CL0496,P053,2023-04-16,3,2410.76,OK,Agadir,Carte,LIV9,
CMD46469,CL0161,P075,2023-09-07,1,3117.7,annulé,tanger,Carte,LIV2,
CMD25318,CL0426,P017,Feb 06 2024,3,4646.22,LIVRE,TNG,Carte,LIV5,2024-02-10
CMD27342,CL0655,P095,04/01/2024,4,3986.25,livré,TNG,Carte,,2024-01-07
CMD42454,CL0635,P023,Jun 23 2023,2,4417.7,OK,Agadir,Carte,LIV2,
CMD11790,CL0112,P081,08/03/2023,1,1517.2,retourné,casa,Carte,LIV5,2023-03-09
CMD29968,CL0346,P007,10/06/2023,3,734.98,en_cours,tanger,Carte,LIV9,
CMD00400,CL0142,P011,27/01/2023,4,607.69,LIVRE,Agadir,Carte,LIV10,2023-01-30
CMD48256,CL0347,P025,2024-01-31,3,3895.98,LIVRE,CASABLANCA,Carte,LIV9,2024-02-05
CMD35163,CL0370,P038,Mar 12 2023,2,3669.92,retourné,RBA,Carte,LIV1,2023-03-15
CMD33806,CL0700,P098,09/05/2023,4,3553.71,KO,CASABLANCA,Carte,LIV3,
CMD22189,CL0473,P052,Aug 11 2023,4,653.83,livré,tanger,Carte,LIV10,2023-08-16
CMD34111,CL0062,P079,2023-04-08,-1,93.45,DONE,marrakech,Carte,LIV1,2023-04-13
CMD15970,CL0529,P022,2024-02-10,4,1192.17,DONE,Agadir,Carte,LIV9,2024-02-15
CMD11333,CL0202,P053,14/06/2023,5,4137.96,livré,Tnja,Carte,LIV5,2023-06-19
CMD28869,CL0530,P082,2024-02-01,1,3325.34,OK,marrakech,Carte,LIV1,
CMD12020,CL0856,P049,2023-05-19,5,1456.34,LIVRE,kech,Carte,LIV4,2023-05-21
CMD15722,CL0583,P022,May 08 2023,4,1209.38,DONE,RBA,Carte,LIV5,2023-05-12
CMD05073,CL0146,P060,2023-05-13,1,84.92,annulé,marrakech,Carte,LIV1,
CMD26636,CL0945,P009,02/08/2023,1,1036.36,livré,TNG,Carte,LIV3,2023-08-07
CMD42590,CL0305,P036,Sep 14 2023,2,3440.38,en_cours,casa,Carte,LIV10,
CMD18362,CL0547,P074,Mar 08 2024,4,2868.33,en_cours,TNG,Carte,LIV8,
CMD35341,CL0593,P053,14/04/2024,1,2016.68,LIVRE,casa,Carte,LIV4,2024-04-19
CMD33159,CL0927,P024,Feb 18 2023,2,3315.97,KO,TANGER,Carte,,
CMD12815,CL0705,P015,Apr 03 2024,3,3792.94,retourné,TANGER,Carte,LIV5,2024-04-04
CMD38096,CL0207,P087,2023-08-08,5,300.37,en_cours,CASABLANCA,Carte,LIV4,
CMD31040,CL0777,P042,Sep 20 2023,5,1308.76,livré,tanger,Carte,LIV4,2023-09-21
CMD09324,CL0038,P040,Nov 10 2023,2,2018.97,LIVRE,RBA,Carte,LIV9,2023-11-11
CMD45290,CL0204,P005,2023-12-15,3,3510.72,KO,TANGER,Carte,LIV2,
CMD20657,CL0829,P040,Jul 18 2023,3,3277.93,retourné,TANGER,Carte,LIV4,2023-07-22
CMD37318,CL0792,P075,2023-04-13,3,4887.75,livré,marrakech,Carte,LIV5,2023-04-17
CMD00849,CL0524,P100,2023-03-02,3,4953.71,livré,CASABLANCA,Carte,LIV8,2023-03-06
CMD23212,CL0488,P038,Mar 22 2024,2,1873.62,KO,CASABLANCA,Carte,LIV7,
CMD22928,CL0803,P077,2023-02-23,4,0,livré,TNG,Carte,LIV5,2023-02-27
CMD23746,CL0279,P023,Feb 14 2024,4,494.05,KO,marrakech,Carte,LIV5,
CMD20932,CL0280,P001,06/01/2023,1,4368.7,en_cours,TANGER,Carte,LIV9,
CMD02863,CL0208,P016,2024-04-23,1,441.07,en_cours,Tnja,Carte,LIV8,
CMD13756,CL0453,P069,22/04/2024,5,343.28,LIVRE,CASABLANCA,Carte,LIV10,2024-04-27
CMD00615,CL0923,P067,24/07/2023,5,2971.43,livré,Tnja,Carte,LIV2,2023-07-27
CMD40082,CL0424,P067,Mar 23 2023,4,3854.7,retourné,Agadir,Carte,LIV10,2023-03-28
CMD39605,CL0825,P090,Apr 17 2024,2,1712.53,livré,Tnja,Carte,LIV1,2024-04-21
CMD26585,CL0466,P014,2023-07-29,2,482.07,livré,RBA,Carte,LIV7,2023-07-31
CMD30597,CL0275,P016,Feb 24 2024,1,3365.15,livre,RBA,Carte,LIV1,
CMD35028,CL0048,P044,23/03/2024,1,4932.1,en_cours,marrakech,Carte,LIV4,
CMD21879,CL0772,P090,2023-09-21,2,1158.37,livré,Agadir,Carte,LIV1,2023-09-24
CMD16128,CL0305,P051,2024-03-26,5,4813.49,retourné,tanger,Carte,LIV2,2024-03-31
CMD15962,CL0656,P066,Feb 28 2023,4,4033.51,DONE,kech,Carte,LIV6,2023-03-04
CMD42841,CL0472,P009,2023-05-29,4,1739.41,livré,marrakech,Carte,LIV8,2023-06-02
CMD01973,CL0281,P023,27/04/2024,1,2693.75,livré,CASABLANCA,Carte,,2024-04-28
CMD36736,CL0899,P054,20/04/2024,4,1547.27,livré,TANGER,Carte,LIV4,2024-04-23
CMD13636,CL0335,P027,29/06/2023,3,3130.49,livré,TANGER,Carte,LIV1,2023-06-30
CMD05623,CL0268,P067,Feb 11 2024,1,3721.54,retourné,CASABLANCA,Carte,LIV4,2024-02-15
CMD38735,CL0600,P092,2023-02-08,1,2319.63,annulé,Agadir,Carte,LIV9,
CMD00839,CL0372,P048,2023-08-15,4,3999.4,livré,casa,Carte,LIV8,2023-08-20
CMD27467,CL0786,P012,2023-02-20,1,4785.99,livré,TNG,Carte,LIV2,2023-02-24
CMD34517,CL0717,P001,2023-03-10,3,2455.11,retourné,Agadir,Carte,LIV6,2023-03-12
CMD43707,CL0764,P037,02/02/2024,2,1264.11,livré,TANGER,Carte,LIV9,2024-02-03
CMD22879,CL0373,P096,2023-04-23,2,1765.54,DONE,CASABLANCA,Carte,LIV9,2023-04-27
CMD18751,CL0226,P021,22/05/2023,5,1109.47,retourné,Agadir,Carte,LIV7,2023-05-27
CMD24594,CL0822,P098,02/01/2023,5,1596.8,annulé,TANGER,Carte,LIV10,
CMD09426,CL0116,P014,10/04/2023,5,633.55,KO,Agadir,Carte,LIV7,
CMD48034,CL0792,P073,Apr 12 2024,5,617.65,livré,TANGER,Carte,LIV7,2024-04-17
CMD43837,CL0233,P063,Feb 01 2024,1,3603.33,KO,casa,Carte,LIV3,
CMD30320,CL0005,P033,05/04/2024,4,3575.31,livre,tanger,Carte,LIV4,
CMD02061,CL0191,P051,2023-09-14,4,1733.13,DONE,marrakech,Carte,LIV2,2023-09-18
CMD27232,CL0221,P082,2024-04-29,4,186.58,livre,CASABLANCA,Carte,LIV5,
CMD38506,CL0527,P037,May 07 2024,5,4549.27,livré,Agadir,Carte,LIV10,2024-05-08
CMD30383,CL0986,P043,2023-08-22,2,3658.83,livre,Agadir,Carte,LIV8,
CMD06811,CL0885,P045,Apr 03 2024,4,4769.02,LIVRE,Agadir,Carte,LIV10,2024-04-07
CMD45983,CL0210,P025,2024-02-28,4,4978.63,DONE,marrakech,Carte,LIV8,2024-03-01
CMD09557,CL0420,P082,21/04/2023,3,3888.32,livre,kech,Carte,LIV5,
CMD09635,CL0344,P018,Oct 25 2023,1,1964.01,LIVRE,TNG,Carte,,2023-10-26
CMD20998,CL0796,P089,21/08/2023,2,215.29,livre,CASABLANCA,Carte,LIV8,
CMD17685,CL0205,P018,2024-03-16,1,4672.55,DONE,Agadir,Carte,LIV7,2024-03-18
CMD10040,CL0563,P016,Jan 29 2023,2,4422.51,DONE,marrakech,Carte,LIV3,2023-02-01
CMD05971,CL0490,P044,Jul 05 2023,5,3610.82,retourné,TNG,Carte,LIV10,2023-07-09
CMD23073,CL0372,P059,Feb 15 2024,4,3843.75,DONE,Agadir,Carte,LIV6,2024-02-19
CMD34942,CL0431,P071,Jan 26 2023,1,1622.57,livré,RBA,Carte,LIV2,2023-01-30
CMD48404,CL0431,P031,2023-11-26,3,601.21,livré,RBA,Carte,,2023-11-28
CMD33911,CL0084,P009,17/04/2024,2,1143.67,livré,RBA,Carte,LIV9,2024-04-18
CMD00890,CL0633,P035,2024-01-31,4,635.02,OK,CASABLANCA,Carte,LIV3,
CMD00125,CL0506,P014,Apr 21 2024,-1,3864.98,livré,RBA,Carte,LIV2,2024-04-23
CMD25639,CL0176,P063,29/04/2023,3,2349.15,OK,Tnja,Carte,LIV4,
CMD02158,CL0632,P022,10/03/2024,5,846.29,LIVRE,TNG,Carte,LIV7,2024-03-15
CMD17156,CL0688,P061,01/02/2024,5,1818.22,KO,tanger,Carte,LIV6,
CMD13656,CL0225,P063,06/01/2023,4,4135.21,livré,Agadir,Carte,LIV3,2023-01-08
CMD32691,CL0391,P010,2023-06-20,5,2653.84,livré,TANGER,Carte,LIV4,2023-06-25
CMD13691,CL0049,P001,01/02/2023,4,4005.66,KO,casa,Carte,LIV4,
CMD36677,CL0238,P099,02/12/2023,3,4757.91,DONE,RBA,Carte,LIV4,2023-12-03
CMD31443,CL0096,P046,Apr 05 2024,3,1086.62,en_cours,casa,Carte,LIV4,
CMD36840,CL0320,P059,17/04/2023,3,4201.69,livré,marrakech,Carte,LIV8,2023-04-21
CMD31399,CL0970,P029,Aug 12 2023,2,3605.18,livré,CASABLANCA,Carte,LIV2,2023-08-13
CMD17666,CL0361,P045,2024-04-20,1,897.83,OK,Tnja,Carte,LIV1,
CMD23131,CL0658,P012,12/02/2024,3,830.19,livre,Agadir,Carte,LIV10,
CMD32771,CL0763,P093,2024-04-12,3,0,LIVRE,tanger,Carte,LIV4,2024-04-15
CMD44340,CL0168,P015,02/01/2023,1,4473.16,livré,tanger,Carte,LIV8,2023-01-04
CMD20159,CL0359,P081,16/06/2023,4,4345.48,retourné,TANGER,Carte,LIV7,2023-06-17
CMD26235,CL0792,P007,Nov 30 2023,4,2844.56,livré,RBA,Carte,LIV4,2023-12-02
CMD34138,CL0581,P037,Jan 12 2024,4,4341.02,en_cours,TNG,Carte,LIV8,
CMD08919,CL0986,P062,2023-01-18,3,3609.96,KO,CASABLANCA,Carte,LIV5,
CMD46215,CL0305,P036,2024-01-02,4,2556.32,annulé,kech,Carte,LIV9,
CMD00011,CL0464,P100,Mar 30 2024,2,3724.95,livré,TANGER,Carte,LIV7,2024-04-01
CMD30404,CL0136,P055,2024-01-09,2,2202.71,retourné,kech,Carte,LIV6,2024-01-11
CMD07656,CL0123,P031,22/06/2023,5,3177.39,OK,Tnja,Carte,LIV6,
CMD20377,CL0394,P005,11/04/2023,2,3964.69,retourné,TANGER,Carte,LIV9,2023-04-12
CMD16848,CL0078,P045,May 09 2023,5,1760.34,en_cours,kech,Carte,LIV4,
CMD35568,CL0709,P054,05/01/2024,5,3046.18,livré,tanger,Carte,LIV3,2024-01-06
CMD23483,CL0723,P091,2023-02-08,4,2026.43,livré,CASABLANCA,Carte,LIV1,2023-02-12
CMD04560,CL0109,P099,15/07/2023,4,652.59,DONE,casa,Carte,LIV1,2023-07-16
CMD05772,CL0075,P091,15/04/2023,5,2251.1,en_cours,kech,Carte,LIV6,
CMD40963,CL0014,P022,Feb 06 2024,2,296.38,livre,CASABLANCA,Carte,LIV7,
CMD00081,CL0441,P064,2023-12-18,4,4200.92,OK,RBA,Carte,LIV9,
CMD15113,CL0409,P065,2023-12-15,3,3903.12,DONE,tanger,Carte,LIV4,2023-12-17
CMD34486,CL0367,P086,25/08/2023,1,559.09,livré,RBA,Carte,LIV8,2023-08-26
CMD35177,CL0933,P032,2024-02-28,1,3283.2,DONE,CASABLANCA,Carte,LIV2,2024-02-29
CMD26036,CL0107,P018,Apr 18 2024,2,2726.22,LIVRE,casa,Carte,LIV7,2024-04-19
CMD42585,CL0706,P093,2023-01-03,2,3399.68,en_cours,kech,Carte,LIV6,
CMD13760,CL0830,P088,2024-05-12,5,1505.75,annulé,kech,Carte,LIV1,
CMD08398,CL0474,P089,2024-03-12,2,3400.4,OK,TANGER,Carte,LIV1,
CMD03916,CL0611,P040,Nov 22 2023,5,1494.0,LIVRE,tanger,Carte,LIV4,2023-11-25
CMD45579,CL0623,P050,Nov 15 2023,4,0,livré,marrakech,Carte,,2023-11-16
CMD40701,CL0507,P095,04/10/2023,4,2796.96,livré,marrakech,Carte,LIV5,2023-10-09
CMD25891,CL0829,P057,16/06/2023,1,4418.61,retourné,kech,Carte,LIV4,2023-06-17
CMD40717,CL0575,P039,23/02/2023,1,2639.15,livre,CASABLANCA,Carte,LIV8,
CMD15570,CL0720,P094,2024-03-20,4,1797.89,retourné,casa,Carte,LIV4,2024-03-23
CMD26186,CL0066,P092,03/07/2023,2,209.52,KO,TNG,Carte,LIV6,
CMD03071,CL0094,P087,Apr 04 2024,1,235.76,annulé,Agadir,Carte,LIV7,
CMD38183,CL0538,P077,2023-03-16,5,2634.91,livré,TANGER,Carte,LIV3,2023-03-20
CMD10134,CL0542,P003,Feb 03 2023,4,1239.55,livré,CASABLANCA,Carte,LIV5,2023-02-04
CMD03227,CL0921,P036,02/03/2023,5,1675.56,livre,kech,Carte,LIV4,
CMD04785,CL0422,P054,Jul 11 2023,3,1309.87,retourné,casa,Carte,LIV6,2023-07-12
CMD43360,CL0747,P014,2023-11-17,3,2245.77,retourné,tanger,Carte,LIV3,2023-11-18
CMD32067,CL0361,P004,May 29 2023,2,681.09,DONE,Tnja,Carte,LIV1,2023-05-30
CMD06183,CL0421,P031,2023-01-14,4,3246.28,DONE,CASABLANCA,Carte,LIV2,2023-01-17
CMD15815,CL0524,P030,06/11/2023,2,4933.11,livré,CASABLANCA,Carte,LIV10,2023-11-11
CMD44682,CL0390,P098,Apr 06 2024,3,1101.9,livre,TANGER,Carte,LIV9,
CMD28584,CL0855,P098,27/08/2023,3,2703.95,DONE,CASABLANCA,Carte,LIV3,2023-08-28
CMD05208,CL0890,P034,2023-06-15,5,989.94,livre,CASABLANCA,Carte,LIV2,
CMD05724,CL0736,P017,Apr 11 2024,1,2761.28,livré,CASABLANCA,Carte,LIV1,2024-04-12
CMD07018,CL0701,P036,Jun 09 2023,5,4929.82,LIVRE,marrakech,Carte,LIV1,2023-06-10
CMD06001,CL0257,P090,2023-01-23,4,1621.97,retourné,tanger,Carte,LIV8,2023-01-26
CMD06340,CL0712,P037,Jan 10 2024,5,165.57,DONE,casa,Carte,LIV6,2024-01-13
CMD25677,CL0919,P058,2023-03-22,2,2196.45,livré,CASABLANCA,Carte,LIV4,2023-03-26
CMD11447,CL0557,P036,2023-08-14,1,1248.11,en_cours,tanger,Carte,LIV7,
CMD28406,CL0204,P060,25/02/2023,1,1165.82,retourné,casa,Carte,LIV3,2023-02-28
CMD10582,CL0550,P091,Jan 29 2024,4,4595.45,annulé,CASABLANCA,Carte,LIV2,
CMD10714,CL0794,P017,2023-10-28,2,573.82,DONE,casa,Carte,LIV6,2023-10-31
CMD20532,CL0545,P012,17/11/2023,5,1846.49,livré,RBA,Carte,LIV4,2023-11-22
CMD27539,CL0702,P024,2023-06-28,1,4465.51,annulé,marrakech,Carte,LIV10,
CMD26224,CL0867,P033,15/06/2023,3,2753.02,livre,RBA,Carte,LIV8,
CMD47287,CL0173,P065,Sep 15 2023,2,4336.54,en_cours,CASABLANCA,Carte,LIV10,
CMD10282,CL0343,P068,19/06/2023,4,0,OK,CASABLANCA,Carte,LIV1,
CMD47554,CL0962,P071,20/11/2023,2,1286.42,retourné,kech,Carte,LIV6,2023-11-25
CMD04236,CL0208,P010,23/04/2024,1,4904.41,DONE,Agadir,Carte,LIV2,2024-04-27
CMD37345,CL0579,P044,31/07/2023,-1,4377.79,DONE,Tnja,Carte,LIV1,2023-08-02
CMD33235,CL0131,P022,Sep 28 2023,5,2686.89,livré,tanger,Carte,LIV8,2023-09-30
CMD08418,CL0125,P043,2023-06-13,1,3128.97,retourné,TNG,Carte,LIV8,2023-06-16
CMD31042,CL0348,P052,Nov 24 2023,1,2431.48,livré,tanger,Carte,LIV2,2023-11-26
CMD00904,CL0485,P075,09/05/2024,1,4080.62,en_cours,RBA,Carte,LIV10,
CMD32143,CL0108,P020,2023-05-20,2,1955.7,livré,CASABLANCA,Carte,LIV1,2023-05-24
CMD37845,CL0068,P035,2023-11-30,3,222.47,en_cours,casa,Carte,LIV6,
CMD03837,CL0347,P081,09/01/2024,5,1750.67,livré,Agadir,Carte,LIV7,2024-01-11
CMD23453,CL0473,P046,May 14 2024,2,1970.56,OK,Tnja,Carte,LIV4,
CMD00769,CL0153,P021,2023-03-08,1,419.28,DONE,Tnja,Carte,LIV9,2023-03-11
CMD23385,CL0603,P011,13/01/2024,3,4764.85,annulé,TANGER,Carte,LIV5,
CMD05745,CL0154,P042,2024-04-10,3,3549.44,KO,Agadir,Carte,LIV5,
CMD42733,CL0994,P009,Jul 10 2023,2,440.66,livre,TNG,Carte,LIV9,
CMD43628,CL0791,P032,2023-09-21,1,0,en_cours,TNG,Carte,LIV3,
CMD29265,CL0850,P044,2024-03-06,3,2026.76,livré,TNG,Carte,LIV6,2024-03-10
CMD16126,CL0642,P019,Jul 24 2023,1,2201.52,OK,TNG,Carte,LIV7,
CMD05906,CL0213,P074,2023-12-17,1,1765.73,livré,Agadir,Carte,LIV6,2023-12-19
CMD08027,CL0174,P014,07/05/2023,5,2633.59,OK,TNG,Carte,LIV4,
CMD35109,CL0954,P063,Jan 30 2024,5,2538.9,OK,Tnja,Carte,LIV2,
CMD08850,CL0458,P100,Apr 13 2023,2,2035.65,livré,marrakech,Carte,LIV1,2023-04-17
CMD12707,CL0691,P048,20/02/2023,2,1966.37,KO,Agadir,Carte,LIV6,
CMD39630,CL0354,P039,19/04/2024,3,363.68,DONE,casa,Carte,LIV2,2024-04-20
CMD34455,CL0797,P071,Oct 29 2023,2,2757.21,DONE,tanger,Carte,LIV8,2023-11-03
CMD20298,CL0996,P027,Apr 10 2023,3,525.35,DONE,casa,Carte,LIV3,2023-04-13
CMD12852,CL0658,P083,20/09/2023,5,182.68,OK,Tnja,Carte,LIV8,
CMD19653,CL0866,P073,Nov 21 2023,5,4903.84,KO,Tnja,Carte,LIV10,
CMD28949,CL0351,P074,2023-09-02,2,3764.42,livré,marrakech,Carte,LIV4,2023-09-05
CMD09085,CL0899,P041,13/03/2024,2,816.13,livré,CASABLANCA,Carte,LIV9,2024-03-14
CMD38488,CL0545,P087,29/03/2023,5,2406.94,retourné,Agadir,Carte,,2023-04-01
CMD39140,CL0906,P039,Feb 10 2023,2,796.72,en_cours,Tnja,Carte,LIV9,
CMD13901,CL0943,P090,2023-11-22,5,3403.09,retourné,kech,Carte,LIV3,2023-11-25
CMD21820,CL0176,P079,2023-12-24,5,646.49,DONE,RBA,Carte,LIV7,2023-12-25
CMD17995,CL0537,P052,2023-09-23,3,51.21,LIVRE,Agadir,Carte,LIV9,2023-09-25
CMD42331,CL0148,P024,Aug 02 2023,2,908.03,livré,TNG,Carte,LIV10,2023-08-04
CMD13229,CL0086,P087,07/02/2024,4,2157.3,KO,kech,Carte,LIV6,
CMD30122,CL0732,P092,04/09/2023,1,2589.14,en_cours,TNG,Carte,LIV7,
CMD38209,CL0813,P024,Aug 06 2023,5,4536.92,DONE,TNG,Carte,LIV3,2023-08-07
CMD39851,CL0878,P028,Apr 27 2024,5,2583.0,livré,TNG,Carte,LIV4,2024-05-01
CMD08443,CL0932,P056,2023-10-13,3,73.44,livré,marrakech,Carte,,2023-10-17
CMD31705,CL0692,P096,08/12/2023,5,4887.3,livré,Tnja,Carte,,2023-12-10
CMD45360,CL0857,P044,2023-02-23,4,3097.16,LIVRE,Tnja,Carte,LIV9,2023-02-26
CMD03603,CL0648,P043,2023-11-01,3,2074.64,LIVRE,CASABLANCA,Carte,LIV1,2023-11-04
CMD04053,CL0824,P023,14/02/2024,4,3542.42,en_cours,RBA,Carte,LIV5,
CMD25311,CL0312,P051,2023-03-20,4,3305.61,retourné,RBA,Carte,LIV8,2023-03-24
CMD16957,CL0336,P094,Mar 29 2023,1,4896.87,livré,casa,Carte,,2023-04-03
CMD44579,CL0586,P067,2023-10-26,5,4686.78,LIVRE,TANGER,Carte,LIV3,2023-10-28
CMD02814,CL0513,P093,25/12/2023,5,4413.01,annulé,kech,Carte,LIV7,
CMD01014,CL0549,P066,Dec 20 2023,2,3946.95,annulé,Agadir,Carte,LIV9,
CMD19565,CL0062,P043,11/02/2024,4,1839.29,livré,Tnja,Carte,LIV2,2024-02-16
CMD03655,CL0734,P018,Mar 12 2023,1,3430.18,retourné,Tnja,Carte,LIV6,2023-03-16
CMD17463,CL0768,P100,Jan 09 2023,2,4566.06,retourné,RBA,Carte,LIV1,2023-01-14
CMD30967,CL0900,P039,Mar 04 2023,1,1921.31,en_cours,tanger,Carte,LIV1,
CMD04698,CL0707,P042,05/06/2023,1,750.41,livré,kech,Carte,LIV4,2023-06-09
CMD14812,CL0333,P007,2023-04-25,5,3828.97,KO,CASABLANCA,Carte,,
CMD22636,CL0522,P047,10/01/2024,5,1531.74,en_cours,Tnja,Carte,LIV10,
CMD39578,CL0340,P100,13/02/2023,2,2741.32,livre,tanger,Carte,LIV2,
CMD15228,CL0286,P046,2024-05-02,1,4827.12,KO,casa,Carte,LIV10,
CMD41889,CL0741,P084,01/11/2023,1,1672.54,livré,TNG,Carte,LIV9,2023-11-04
CMD05627,CL0517,P091,2023-10-11,4,424.13,OK,CASABLANCA,Carte,LIV8,
CMD23966,CL0168,P049,26/09/2023,4,1349.83,livre,CASABLANCA,Carte,LIV9,
CMD43122,CL0816,P042,2023-01-11,5,4256.05,livré,Agadir,Carte,LIV9,2023-01-13
CMD11638,CL0611,P001,2023-03-01,5,708.21,livré,TNG,Carte,LIV6,2023-03-05
CMD24906,CL0906,P010,Mar 25 2024,5,4419.13,LIVRE,TNG,Carte,LIV10,2024-03-28
CMD09273,CL0578,P035,Mar 07 2023,5,3329.93,livré,casa,Carte,LIV6,2023-03-11
CMD47801,CL0805,P082,2024-04-02,4,1781.98,DONE,Agadir,Carte,,2024-04-07
CMD32922,CL0152,P076,May 27 2023,2,3874.71,livré,RBA,Carte,LIV10,2023-05-30
CMD17693,CL0307,P090,Aug 12 2023,3,1716.64,en_cours,kech,Carte,LIV3,
CMD08388,CL0022,P052,09/11/2023,2,4530.35,KO,Agadir,Carte,LIV6,
CMD00575,CL0244,P023,Nov 13 2023,3,4087.19,annulé,Tnja,Carte,LIV2,
CMD30668,CL0147,P072,Mar 28 2023,2,2254.91,annulé,kech,Carte,LIV7,
CMD07340,CL0892,P072,18/02/2023,5,2004.32,livre,casa,Carte,LIV5,
CMD46896,CL0717,P023,27/08/2023,3,4337.97,DONE,CASABLANCA,Carte,LIV4,2023-08-30
CMD28837,CL0658,P051,13/04/2023,3,3023.36,livré,Agadir,Carte,LIV10,2023-04-18
CMD05467,CL0824,P018,Sep 24 2023,1,2614.86,livre,RBA,Carte,LIV8,
CMD13489,CL0840,P097,2023-03-05,1,2160.46,livré,CASABLANCA,Carte,LIV8,2023-03-08
CMD06154,CL0972,P100,01/03/2024,4,4990.97,LIVRE,marrakech,Carte,LIV9,2024-03-05
CMD41440,CL0563,P042,04/04/2024,2,2395.0,livré,Tnja,Carte,LIV2,2024-04-09
CMD15104,CL0058,P100,Jun 16 2023,-1,4263.91,KO,Tnja,Carte,LIV7,
CMD43312,CL0257,P051,Feb 13 2023,3,3968.88,KO,Tnja,Carte,LIV10,
CMD42003,CL0048,P066,2023-05-03,3,4469.09,livré,casa,Carte,LIV5,2023-05-08
CMD10478,CL0330,P084,30/07/2023,4,4274.82,livre,marrakech,Carte,LIV3,
CMD36155,CL0177,P029,2024-01-09,2,3370.21,LIVRE,CASABLANCA,Carte,LIV1,2024-01-12
CMD26189,CL0975,P029,2023-03-29,1,4162.1,retourné,kech,Carte,LIV4,2023-04-03
CMD06410,CL0484,P061,2023-01-05,3,4076.34,KO,RBA,Carte,LIV4,
CMD37919,CL0862,P085,2023-11-11,2,1085.53,livré,TNG,Carte,LIV7,2023-11-14
CMD17951,CL0342,P080,09/06/2023,5,1718.15,OK,casa,Carte,LIV4,
CMD42517,CL0948,P061,Feb 18 2024,5,142.76,DONE,TANGER,Carte,LIV6,2024-02-22
CMD13437,CL0291,P058,Mar 04 2023,1,2809.91,annulé,Tnja,Carte,LIV3,
CMD19015,CL1000,P016,2023-08-25,4,2572.68,LIVRE,marrakech,Carte,LIV9,2023-08-30
CMD36799,CL0675,P099,2023-06-10,1,2093.5,LIVRE,Tnja,Carte,LIV4,2023-06-11
CMD21028,CL0083,P080,27/12/2023,5,3166.02,livre,CASABLANCA,Carte,LIV3,
CMD22332,CL0005,P014,10/08/2023,1,884.19,retourné,Agadir,Carte,LIV9,2023-08-11
CMD08729,CL0982,P018,03/09/2023,3,3496.09,livre,Agadir,Carte,LIV10,
CMD16589,CL0591,P078,Sep 04 2023,4,4274.72,LIVRE,RBA,Carte,LIV2,2023-09-06
CMD32571,CL0011,P078,2023-08-16,1,1006.62,retourné,TNG,Carte,LIV9,2023-08-20
CMD05485,CL0773,P084,2023-11-01,1,1763.68,en_cours,Agadir,Carte,LIV3,
CMD06138,CL0376,P024,Apr 11 2024,1,116.09,en_cours,TANGER,Carte,LIV9,
CMD08566,CL0686,P065,2024-04-17,3,2680.56,KO,Tnja,Carte,LIV5,
CMD42647,CL0517,P064,01/11/2023,1,282.09,en_cours,Agadir,Carte,LIV8,
CMD00508,CL0353,P009,19/12/2023,3,1208.59,OK,casa,Carte,LIV9,
CMD08831,CL0004,P100,09/01/2024,3,4718.35,livré,CASABLANCA,Carte,LIV4,2024-01-12
CMD09052,CL0537,P072,04/01/2024,5,692.25,livré,kech,Carte,LIV10,2024-01-08
CMD21701,CL0309,P083,Jan 02 2024,2,2047.07,livre,RBA,Carte,LIV6,
CMD13270,CL0723,P026,Oct 12 2023,4,4404.88,retourné,kech,Carte,LIV8,2023-10-15
CMD45160,CL0965,P001,2023-05-24,5,269.29,KO,Tnja,Carte,LIV1,
CMD46552,CL0263,P020,2024-04-11,2,1985.38,en_cours,TANGER,Carte,LIV6,
CMD01828,CL0544,P006,22/01/2024,4,2803.28,annulé,casa,Carte,LIV9,
CMD00179,CL0011,P010,22/03/2023,2,2953.09,retourné,marrakech,Carte,LIV10,2023-03-26
CMD30814,CL0920,P091,Oct 08 2023,3,4067.39,livré,tanger,Carte,LIV7,2023-10-11
CMD31790,CL0940,P100,2023-07-31,2,3759.35,livre,Tnja,Carte,LIV3,
CMD13419,CL0499,P046,Jul 26 2023,3,1996.55,en_cours,RBA,Carte,LIV7,
CMD18602,CL0435,P023,30/08/2023,3,1070.45,annulé,tanger,Carte,LIV5,
CMD15741,CL0585,P097,2024-04-11,5,1349.36,KO,tanger,Carte,LIV8,
CMD10966,CL0023,P099,2023-12-26,1,915.09,livre,casa,Carte,LIV1,
CMD31590,CL0243,P077,May 04 2024,4,1501.64,en_cours,Agadir,Carte,LIV8,
CMD03981,CL0279,P089,Jan 17 2024,1,4347.9,LIVRE,tanger,Carte,,2024-01-21
CMD28116,CL0817,P037,19/04/2024,5,805.69,KO,kech,Carte,LIV10,
CMD48187,CL0204,P008,Sep 18 2023,4,4392.9,OK,Tnja,Carte,LIV1,
CMD07516,CL0736,P010,2023-08-15,5,978.59,livré,casa,Carte,LIV2,2023-08-20
CMD02879,CL0375,P063,Jan 28 2023,1,2166.49,livre,Tnja,Carte,LIV7,
CMD07466,CL0798,P071,2023-05-01,3,2054.56,livré,CASABLANCA,Carte,LIV9,2023-05-04
CMD04928,CL0459,P063,Nov 15 2023,1,3924.4,annulé,TANGER,Carte,LIV9,
CMD27870,CL0256,P100,Feb 09 2023,4,3731.87,DONE,TNG,Carte,LIV4,2023-02-10
CMD44118,CL0366,P086,2024-03-01,3,0,DONE,kech,Carte,LIV1,2024-03-02
CMD00106,CL0692,P056,Mar 11 2024,5,747.81,KO,TNG,Carte,,
CMD33814,CL0510,P065,28/01/2023,2,2506.29,LIVRE,RBA,Carte,LIV5,2023-01-29
CMD22819,CL0909,P086,10/05/2023,4,1859.27,retourné,TANGER,Carte,LIV10,2023-05-14
CMD31513,CL0138,P047,2024-02-23,3,3720.36,KO,Agadir,Carte,LIV3,
CMD16769,CL0821,P086,2023-10-16,3,1276.09,livré,tanger,Carte,,2023-10-21
CMD18526,CL0380,P016,Dec 30 2023,4,2685.87,livré,TANGER,Carte,LIV3,2024-01-03
CMD27083,CL0505,P001,21/06/2023,2,3750.04,LIVRE,TANGER,Carte,LIV5,2023-06-25
CMD10379,CL0204,P008,2023-06-05,4,3641.4,OK,Agadir,Carte,LIV9,
CMD42384,CL0670,P097,31/03/2024,1,636.38,livré,RBA,Carte,LIV9,2024-04-03
CMD25553,CL0243,P075,2024-04-28,5,2062.24,livré,casa,Carte,LIV7,2024-05-02
CMD16118,CL0280,P005,2024-04-23,5,1617.83,annulé,Tnja,Carte,LIV7,
CMD35583,CL0008,P033,May 06 2023,5,1098.88,en_cours,TNG,Carte,LIV1,
CMD07630,CL0885,P093,13/06/2023,2,136.69,livré,Tnja,Carte,LIV10,2023-06-17
CMD13296,CL0711,P006,22/01/2023,3,2389.06,en_cours,Tnja,Carte,LIV4,
CMD10279,CL0055,P049,Aug 30 2023,5,3906.17,DONE,tanger,Carte,LIV10,2023-08-31
CMD15150,CL0385,P072,16/01/2023,1,2827.65,annulé,CASABLANCA,Carte,LIV2,
CMD11813,CL0289,P059,Feb 04 2024,5,4666.92,livré,casa,Carte,LIV9,2024-02-05
CMD24376,CL0498,P012,16/04/2024,3,4451.89,annulé,tanger,Carte,LIV7,
CMD23867,CL0954,P015,16/12/2023,4,4759.01,KO,casa,Carte,LIV10,
CMD22735,CL0511,P082,Oct 06 2023,1,457.91,KO,Agadir,Carte,LIV8,
CMD00057,CL0216,P066,Jan 09 2023,4,908.18,LIVRE,tanger,Carte,LIV1,2023-01-12
CMD22158,CL0945,P051,2023-06-12,4,4291.2,en_cours,CASABLANCA,Carte,LIV8,
CMD11815,CL0468,P076,31/12/2023,3,3480.12,livré,tanger,Carte,LIV3,2024-01-03
CMD23498,CL0914,P097,Oct 21 2023,3,3036.84,livré,Tnja,Carte,LIV10,2023-10-24
CMD18827,CL0314,P096,2023-07-27,1,520.06,OK,kech,Carte,LIV8,
CMD23527,CL0813,P012,Apr 19 2024,4,3335.93,DONE,marrakech,Carte,LIV1,2024-04-24
CMD15074,CL0426,P069,14/05/2024,4,440.39,livre,CASABLANCA,Carte,LIV3,
CMD09458,CL0603,P066,Jul 27 2023,1,878.89,livré,tanger,Carte,LIV10,2023-07-30
CMD18674,CL0807,P073,Mar 27 2023,3,2149.22,livre,Agadir,Carte,LIV9,
CMD07007,CL0659,P037,2024-03-13,3,4259.1,livré,RBA,Carte,LIV4,2024-03-14
CMD14950,CL0128,P095,21/02/2024,1,3259.16,retourné,Agadir,Carte,LIV1,2024-02-25
CMD09115,CL0556,P095,2023-03-30,5,2611.95,retourné,TNG,Carte,LIV2,2023-04-04
CMD12553,CL0892,P082,18/11/2023,1,3707.62,retourné,Tnja,Carte,,2023-11-22
CMD18771,CL0366,P088,Jan 08 2024,2,2073.23,annulé,TANGER,Carte,LIV4,
CMD47371,CL0297,P043,10/06/2023,5,60.15,livre,marrakech,Carte,LIV9,
CMD38241,CL0714,P003,Jul 19 2023,4,2248.25,LIVRE,tanger,Carte,LIV9,2023-07-23
CMD14801,CL0013,P090,12/12/2023,3,1925.33,OK,TANGER,Carte,LIV2,
CMD29231,CL0178,P076,Dec 13 2023,2,521.18,DONE,kech,Carte,LIV5,2023-12-18
CMD13844,CL0983,P074,May 23 2023,1,1762.79,retourné,kech,Carte,LIV1,2023-05-28
CMD04744,CL0302,P060,10/02/2024,3,572.93,en_cours,kech,Carte,LIV1,
CMD37006,CL0087,P033,24/02/2024,2,3305.98,en_cours,marrakech,Carte,LIV4,
CMD36188,CL0117,P013,May 11 2024,2,4869.23,livré,marrakech,Carte,LIV1,2024-05-12
CMD07500,CL0949,P018,Apr 06 2024,1,3293.76,livré,TANGER,Carte,LIV5,2024-04-08
CMD44255,CL0248,P051,2024-01-27,5,2356.3,OK,Tnja,Carte,LIV4,
CMD08715,CL0615,P033,2023-03-24,2,215.97,en_cours,Agadir,Carte,LIV7,
CMD29174,CL0717,P092,19/04/2024,3,1855.81,livré,tanger,Carte,LIV7,2024-04-20
CMD14944,CL0815,P030,2024-01-22,4,2037.3,livré,CASABLANCA,Carte,LIV1,2024-01-24
CMD46209,CL0317,P080,Apr 14 2024,4,4107.88,LIVRE,TNG,Carte,LIV3,2024-04-15
CMD12413,CL0556,P036,19/12/2023,-1,4571.27,retourné,RBA,Carte,LIV3,2023-12-21
CMD26159,CL0652,P033,2023-02-04,5,949.89,KO,Tnja,Carte,LIV8,
CMD15734,CL0227,P030,2023-12-20,5,3277.36,livré,TNG,Carte,LIV6,2023-12-21
CMD07197,CL0677,P012,Dec 08 2023,3,1472.5,retourné,RBA,Carte,LIV4,2023-12-11
CMD42567,CL0388,P095,2024-03-06,2,1163.18,annulé,CASABLANCA,Carte,LIV10,
CMD22820,CL0618,P023,2024-01-07,5,274.16,OK,kech,Carte,LIV2,
CMD38277,CL0465,P099,Oct 20 2023,3,254.85,livre,kech,Carte,,
CMD23580,CL0125,P082,24/01/2023,5,4249.17,livré,Agadir,Carte,LIV4,2023-01-25
CMD07812,CL0912,P056,2024-04-01,5,1231.35,LIVRE,marrakech,Carte,LIV8,2024-04-05
CMD22971,CL0914,P034,2024-04-13,3,1635.39,retourné,TANGER,Carte,LIV7,2024-04-18
CMD27564,CL0028,P053,Mar 26 2023,-1,3875.09,retourné,kech,Carte,LIV1,2023-03-27
CMD15613,CL0569,P029,2023-11-04,4,4025.4,KO,tanger,Carte,LIV3,
CMD24822,CL0495,P074,2023-09-20,5,4392.79,livré,tanger,Carte,LIV9,2023-09-21
CMD19834,CL0644,P011,2023-09-05,4,2820.32,en_cours,TANGER,Carte,LIV3,
CMD13560,CL0320,P073,2023-05-02,4,2216.19,KO,RBA,Carte,LIV1,
CMD18417,CL0250,P028,27/04/2024,1,4752.44,KO,TANGER,Carte,LIV1,
CMD18664,CL0382,P043,09/05/2024,5,3776.29,en_cours,Agadir,Carte,LIV9,
CMD32035,CL0877,P019,02/03/2024,2,3333.63,livre,Agadir,Carte,LIV10,
CMD43212,CL0256,P069,May 20 2023,4,4767.86,DONE,marrakech,Carte,LIV9,2023-05-22
CMD40041,CL0720,P090,2024-03-31,1,1784.82,KO,Tnja,Carte,,
CMD42259,CL0166,P027,Nov 20 2023,3,3126.96,livré,CASABLANCA,Carte,LIV7,2023-11-23
CMD37616,CL0018,P031,Dec 31 2023,3,203.49,livré,RBA,Carte,LIV4,2024-01-05
CMD08508,CL0182,P029,2023-02-08,5,1820.92,DONE,casa,Carte,LIV5,2023-02-12
CMD23077,CL0160,P035,06/03/2024,2,3861.06,DONE,kech,Carte,,2024-03-08
CMD08829,CL0884,P053,21/05/2023,3,1664.99,en_cours,Agadir,Carte,LIV3,
CMD09334,CL0771,P078,13/05/2024,5,4964.91,OK,marrakech,Carte,LIV2,
CMD24939,CL0743,P037,2023-10-28,3,4845.63,retourné,TANGER,Carte,LIV2,2023-10-31
CMD20240,CL0124,P002,2023-06-13,3,2653.91,livré,tanger,Carte,LIV10,2023-06-14
CMD19341,CL0400,P073,07/03/2024,3,3947.07,retourné,TANGER,Carte,LIV4,2024-03-10
CMD43945,CL0093,P016,Mar 20 2023,3,451.17,OK,RBA,Carte,LIV6,
CMD21508,CL0906,P054,08/05/2023,3,2443.52,retourné,kech,Carte,LIV10,2023-05-09
CMD09007,CL0099,P025,Feb 14 2024,4,2745.89,LIVRE,Tnja,Carte,LIV2,2024-02-16
CMD13243,CL0282,P034,Oct 16 2023,4,2764.86,livre,casa,Carte,LIV6,
CMD05829,CL0904,P005,2024-03-29,2,1548.96,LIVRE,casa,Carte,LIV6,2024-04-03
CMD07796,CL0713,P054,2024-01-29,3,99.0,KO,tanger,Carte,LIV4,
CMD47901,CL0763,P021,May 01 2024,3,1887.04,LIVRE,kech,Carte,LIV8,2024-05-04
CMD47259,CL0117,P010,Dec 27 2023,1,973.49,DONE,RBA,Carte,LIV1,2024-01-01
CMD01967,CL0638,P039,Dec 30 2023,5,2727.23,OK,RBA,Carte,LIV10,
CMD38342,CL0864,P082,30/03/2023,1,1420.61,OK,RBA,Carte,LIV2,
CMD02057,CL0528,P064,Mar 21 2024,3,2302.12,annulé,RBA,Carte,LIV4,
CMD28824,CL0842,P062,2023-09-02,3,852.87,OK,TANGER,Carte,LIV10,
CMD47824,CL0638,P057,12/10/2023,4,3508.51,OK,Tnja,Carte,LIV7,
CMD01123,CL0563,P014,04/01/2023,3,130.03,retourné,kech,Carte,LIV9,2023-01-08
CMD28446,CL0351,P054,2023-06-27,2,190.03,livre,TANGER,Carte,LIV4,
CMD18134,CL0067,P022,Jan 12 2024,2,3423.36,en_cours,RBA,Carte,LIV5,
CMD03072,CL0555,P013,2023-07-19,5,3226.98,livré,Tnja,Carte,LIV1,2023-07-22
CMD39642,CL0192,P033,21/09/2023,2,112.43,livre,RBA,Carte,LIV7,
CMD15878,CL0864,P036,2023-01-18,3,328.39,OK,RBA,Carte,LIV8,
CMD08404,CL0511,P040,Nov 17 2023,3,4576.01,livré,Agadir,Carte,LIV6,2023-11-22
CMD43866,CL0598,P006,22/08/2023,2,4705.31,livre,marrakech,Carte,LIV10,
CMD39381,CL0512,P025,2023-05-13,3,1653.21,retourné,marrakech,Carte,LIV8,2023-05-18
CMD25404,CL0543,P096,2023-12-29,4,2713.72,LIVRE,TNG,Carte,LIV8,2024-01-01
CMD14439,CL0060,P026,03/10/2023,2,4562.39,KO,Agadir,Carte,LIV3,
CMD29038,CL0941,P052,2023-12-14,3,2615.39,en_cours,RBA,Carte,LIV4,
CMD12478,CL0562,P006,25/09/2023,3,3825.64,en_cours,RBA,Carte,LIV9,
CMD15081,CL0645,P070,2023-10-02,5,668.95,livré,Tnja,Carte,LIV8,2023-10-06
CMD03060,CL0782,P015,Apr 30 2024,2,3154.58,en_cours,Tnja,Carte,LIV7,
CMD43254,CL0764,P063,2023-09-28,5,1465.1,KO,RBA,Carte,LIV10,
CMD26572,CL0676,P071,2023-07-05,1,4353.21,annulé,TNG,Carte,LIV7,
CMD18430,CL0558,P016,26/05/2023,4,4891.52,retourné,TNG,Carte,LIV2,2023-05-28
CMD14581,CL0840,P034,17/04/2024,1,2768.92,livré,kech,Carte,LIV4,2024-04-19
CMD05836,CL0834,P005,May 10 2023,3,4205.87,annulé,Agadir,Carte,LIV8,
CMD07545,CL0684,P006,15/02/2024,2,1794.05,livré,casa,Carte,LIV6,2024-02-19
CMD37124,CL0384,P085,2024-03-25,1,2477.14,KO,TANGER,Carte,LIV8,
CMD07222,CL0794,P074,Jan 14 2024,3,1761.41,KO,Agadir,Carte,LIV5,
CMD16910,CL0302,P039,2023-04-26,3,4801.04,LIVRE,marrakech,Carte,LIV6,2023-04-28
CMD10205,CL0030,P080,2023-07-03,3,788.2,livré,tanger,Carte,LIV5,2023-07-05
CMD03601,CL0250,P098,18/04/2023,4,4319.87,DONE,RBA,Carte,LIV8,2023-04-21
CMD25228,CL0258,P057,Apr 30 2023,4,2849.42,annulé,CASABLANCA,Carte,LIV2,
CMD21225,CL0031,P029,2023-03-31,5,1283.31,DONE,Agadir,Carte,LIV5,2023-04-02
CMD08644,CL0698,P062,2023-05-15,4,4136.75,LIVRE,casa,Carte,LIV8,2023-05-17
CMD46099,CL0708,P074,07/02/2024,5,501.49,DONE,Agadir,Carte,LIV10,2024-02-09
CMD46644,CL0706,P008,29/04/2024,3,894.23,livré,Agadir,Carte,LIV3,2024-05-04
CMD20289,CL0956,P056,2023-12-12,1,3490.59,livré,casa,Carte,LIV10,2023-12-14
CMD28909,CL0696,P049,27/10/2023,5,1851.42,en_cours,marrakech,Carte,LIV4,
CMD47056,CL0497,P079,30/09/2023,4,2125.92,livré,tanger,Carte,LIV8,2023-10-02
CMD12165,CL0589,P034,03/04/2023,4,4113.93,DONE,tanger,Carte,LIV3,2023-04-08
CMD02235,CL0168,P048,28/07/2023,1,0,LIVRE,Tnja,Carte,LIV8,2023-08-01
CMD45658,CL0054,P077,14/02/2024,3,1256.7,retourné,kech,Carte,LIV9,2024-02-17
CMD12069,CL0832,P055,Jun 26 2023,1,1964.89,livré,Agadir,Carte,LIV6,2023-06-27
CMD30168,CL0997,P006,2024-03-18,2,2725.14,KO,TANGER,Carte,LIV3,
CMD11270,CL0829,P019,Feb 21 2023,1,1327.5,en_cours,TANGER,Carte,LIV4,
CMD29186,CL0261,P034,30/03/2024,5,2907.89,OK,kech,Carte,LIV8,
CMD01284,CL0466,P075,20/06/2023,4,226.59,livré,kech,Carte,LIV10,2023-06-25
CMD08560,CL0304,P059,Nov 16 2023,2,4567.83,livre,marrakech,Carte,,
CMD08921,CL0337,P033,18/03/2023,4,4473.21,livre,tanger,Carte,,
CMD16418,CL0343,P025,Mar 21 2024,4,1205.76,livré,marrakech,Carte,LIV6,2024-03-22
CMD11643,CL0174,P005,20/04/2024,5,4868.07,livré,TANGER,Carte,,2024-04-24
CMD00178,CL0191,P017,02/08/2023,3,188.92,livre,RBA,Carte,LIV10,
CMD37132,CL0581,P077,2023-03-18,2,2493.28,livre,RBA,Carte,LIV8,
CMD22944,CL0411,P069,2023-11-18,2,1835.19,retourné,marrakech,Carte,,2023-11-19
CMD00559,CL0658,P048,Jan 22 2023,2,3829.71,KO,kech,Carte,LIV10,
CMD36776,CL0599,P098,2024-02-03,5,671.75,livré,kech,Carte,LIV5,2024-02-05
CMD39391,CL0888,P014,2024-01-20,2,598.22,en_cours,marrakech,Carte,LIV9,
CMD44968,CL0675,P059,Dec 20 2023,4,1804.3,en_cours,Tnja,Carte,,
CMD26569,CL0025,P033,2023-05-16,2,1344.53,en_cours,Tnja,Carte,LIV2,
CMD22791,CL0729,P020,Apr 19 2023,3,4697.06,en_cours,Agadir,Carte,LIV6,
CMD29763,CL0385,P062,2023-05-15,2,4605.38,livré,casa,Carte,LIV7,2023-05-16
CMD24053,CL0411,P001,2023-02-23,2,477.83,LIVRE,casa,Carte,LIV10,2023-02-26
CMD21041,CL0208,P074,2023-02-25,4,4408.86,LIVRE,Agadir,Carte,LIV5,2023-03-01
CMD04992,CL0474,P092,2023-11-20,5,1122.01,en_cours,kech,Carte,LIV6,
CMD21679,CL0922,P023,Oct 23 2023,3,1810.77,livré,kech,Carte,LIV6,2023-10-25
CMD07480,CL0425,P040,12/02/2024,4,4893.15,DONE,CASABLANCA,Carte,LIV5,2024-02-16
CMD00701,CL0133,P006,2023-11-04,2,3576.13,KO,RBA,Carte,,
CMD04094,CL0029,P043,2023-04-15,5,669.67,annulé,casa,Carte,,
CMD42704,CL0652,P037,Aug 24 2023,4,4648.26,livre,casa,Carte,LIV2,
CMD30529,CL0811,P087,Jan 03 2024,1,275.28,livré,marrakech,Carte,LIV10,2024-01-06
CMD38756,CL0211,P050,Nov 15 2023,1,3244.11,OK,Tnja,Carte,LIV7,
CMD42117,CL0088,P053,2023-01-27,4,785.34,livre,Agadir,Carte,LIV6,
CMD13223,CL0055,P100,Jul 11 2023,1,1135.97,annulé,RBA,Carte,LIV9,
CMD30064,CL0560,P007,Feb 20 2024,5,3201.2,retourné,TANGER,Carte,LIV3,2024-02-23
CMD33598,CL0323,P092,30/09/2023,4,4237.59,en_cours,casa,Carte,LIV6,
CMD41559,CL0544,P048,Mar 11 2023,3,2556.33,annulé,tanger,Carte,LIV3,
CMD41925,CL0213,P053,04/04/2023,4,2925.23,livré,RBA,Carte,LIV5,2023-04-06
CMD26219,CL0179,P067,Jan 13 2023,3,4904.9,en_cours,kech,Carte,LIV7,
CMD15936,CL0598,P073,29/11/2023,3,3999.08,retourné,casa,Carte,LIV10,2023-12-02
CMD20231,CL0921,P021,11/06/2023,4,1177.17,DONE,TNG,Carte,LIV9,2023-06-13
CMD02465,CL0008,P016,Jan 31 2023,3,2102.94,retourné,RBA,Carte,LIV5,2023-02-05
CMD47559,CL0032,P091,30/10/2023,1,292.58,OK,TANGER,Carte,LIV10,
CMD23614,CL0080,P078,15/04/2024,4,4300.68,OK,marrakech,Carte,LIV2,
CMD05629,CL0327,P074,2023-07-09,2,2407.43,OK,Agadir,Carte,LIV6,
CMD46909,CL0667,P004,03/07/2023,1,4473.15,annulé,kech,Carte,LIV9,
CMD06327,CL0254,P041,2023-07-05,4,335.25,KO,kech,Carte,LIV7,
CMD37884,CL0241,P018,2023-11-19,3,3017.11,LIVRE,TANGER,Carte,LIV3,2023-11-23
CMD46813,CL0800,P039,2023-02-12,1,0,livre,TANGER,Carte,LIV8,
CMD15368,CL0788,P077,Mar 14 2024,2,83.04,LIVRE,CASABLANCA,Carte,LIV1,2024-03-16
CMD18256,CL0915,P087,06/02/2023,5,1506.88,livre,Agadir,Carte,LIV9,
CMD27556,CL0963,P053,11/03/2023,2,3537.94,KO,RBA,Carte,LIV1,
CMD29586,CL0790,P088,2024-02-27,2,4081.31,livré,Agadir,Carte,LIV5,2024-03-03
CMD32615,CL0867,P071,2023-10-24,4,214.03,livré,TANGER,Carte,LIV2,2023-10-28
CMD42999,CL0282,P060,Aug 27 2023,3,1336.15,livre,Agadir,Carte,LIV2,
CMD11446,CL0651,P096,May 07 2023,1,1089.52,livré,tanger,Carte,LIV5,2023-05-10
CMD40554,CL0568,P065,Dec 22 2023,2,1649.08,livre,kech,Carte,LIV5,
CMD27577,CL0065,P074,24/11/2023,4,3009.87,annulé,marrakech,Carte,LIV1,
CMD15584,CL0275,P057,02/02/2024,2,1423.89,KO,RBA,Carte,LIV9,
CMD03937,CL0350,P003,2023-01-22,5,3703.71,DONE,Agadir,Carte,LIV10,2023-01-26
CMD00726,CL0970,P032,2023-02-06,2,3750.25,OK,TNG,Carte,LIV3,
CMD41257,CL0924,P060,Jun 23 2023,1,4796.45,livré,tanger,Carte,LIV7,2023-06-25
CMD42837,CL0870,P036,08/08/2023,4,268.33,DONE,tanger,Carte,LIV6,2023-08-10
CMD17303,CL0785,P018,27/04/2023,3,185.85,OK,tanger,Carte,LIV6,
CMD16136,CL0842,P006,2024-03-05,2,1251.3,annulé,Agadir,Carte,LIV1,
CMD05155,CL0537,P028,May 09 2023,1,4693.53,livré,Tnja,Carte,LIV8,2023-05-12
CMD13431,CL0314,P064,2023-12-12,4,4568.03,KO,TANGER,Carte,LIV4,
CMD21562,CL0101,P047,2023-02-10,1,4823.37,livré,TNG,Carte,LIV1,2023-02-15
CMD23191,CL0094,P027,03/01/2024,5,4244.0,DONE,TANGER,Carte,LIV8,2024-01-06
CMD45751,CL0756,P016,Apr 15 2023,4,3379.25,LIVRE,kech,Carte,LIV4,2023-04-17
CMD32588,CL0450,P011,Oct 31 2023,3,4294.89,livre,Tnja,Carte,LIV8,
CMD07896,CL0628,P069,Feb 13 2024,2,181.78,OK,CASABLANCA,Carte,LIV7,
CMD02725,CL0693,P039,Oct 18 2023,5,3601.66,en_cours,TANGER,Carte,LIV1,
CMD46299,CL0576,P098,Feb 10 2024,1,512.95,retourné,TNG,Carte,LIV9,2024-02-13
CMD20201,CL0207,P069,Sep 14 2023,4,0,annulé,Tnja,Carte,LIV1,
CMD30470,CL0624,P084,Jan 03 2023,2,1011.4,DONE,TNG,Carte,,2023-01-05
CMD37852,CL0516,P070,09/03/2023,3,904.21,KO,TNG,Carte,LIV3,
CMD30123,CL0177,P079,Jan 04 2023,5,812.82,LIVRE,marrakech,Carte,LIV4,2023-01-07
CMD04618,CL0554,P024,31/08/2023,5,2785.21,KO,kech,Carte,LIV10,
CMD41354,CL0936,P069,2023-07-27,3,3867.26,livré,marrakech,Carte,,2023-07-30
CMD10005,CL0844,P012,Apr 02 2023,4,428.6,annulé,tanger,Carte,,
CMD38627,CL0302,P028,Jan 20 2024,1,2159.11,retourné,kech,Carte,LIV10,2024-01-22
CMD10670,CL0617,P060,Jul 29 2023,5,3791.34,livré,TNG,Carte,LIV2,2023-08-02
CMD25649,CL0340,P015,2023-04-21,2,598.57,livré,Agadir,Carte,LIV8,2023-04-26
CMD35357,CL0131,P088,2023-12-18,4,3247.64,livré,Tnja,Carte,LIV1,2023-12-21
CMD25040,CL0112,P005,2023-05-05,5,540.58,livre,casa,Carte,LIV9,
CMD25811,CL0694,P045,2023-09-06,5,4999.17,retourné,CASABLANCA,Carte,LIV10,2023-09-08
CMD02671,CL0464,P031,21/10/2023,2,3940.95,annulé,casa,Carte,LIV9,
CMD30846,CL0216,P097,2023-12-05,4,1051.17,retourné,kech,Carte,LIV6,2023-12-09
CMD34937,CL0076,P050,Dec 23 2023,1,4458.12,retourné,kech,Carte,LIV4,2023-12-24
CMD37021,CL0011,P038,22/12/2023,1,1922.7,livre,casa,Carte,LIV6,
CMD03638,CL0947,P033,2023-02-16,1,3208.65,livré,tanger,Carte,LIV1,2023-02-19
CMD30731,CL0882,P054,Sep 18 2023,4,454.2,livré,tanger,Carte,LIV10,2023-09-23
CMD19348,CL0046,P022,Jan 24 2024,2,2580.49,LIVRE,Agadir,Carte,LIV3,2024-01-25
CMD11797,CL0379,P038,2024-01-30,2,201.83,livré,tanger,Carte,,2024-02-03
CMD46056,CL0592,P035,01/05/2023,5,1124.08,livré,Tnja,Carte,LIV6,2023-05-04
CMD43002,CL0783,P090,03/05/2023,4,979.24,OK,Tnja,Carte,LIV6,
CMD22756,CL0904,P046,2024-01-07,1,4532.14,annulé,tanger,Carte,LIV4,
CMD12508,CL0246,P089,2023-08-07,1,3957.99,LIVRE,TANGER,Carte,LIV1,2023-08-12
CMD43433,CL0051,P026,Sep 16 2023,1,3860.94,livré,CASABLANCA,Carte,,2023-09-21
CMD20486,CL0703,P056,Mar 26 2024,5,3599.89,livré,Tnja,Carte,LIV8,2024-03-27
CMD29765,CL0641,P099,Jun 10 2023,4,4048.61,livré,tanger,Carte,LIV4,2023-06-11
CMD37191,CL0650,P045,2023-06-14,4,2694.9,livre,marrakech,Carte,LIV6,
CMD09191,CL0011,P049,16/03/2024,1,142.36,en_cours,RBA,Carte,LIV10,
CMD04274,CL0160,P099,10/04/2024,1,4427.29,KO,CASABLANCA,Carte,LIV1,
CMD37768,CL0871,P010,Apr 09 2024,4,448.93,KO,casa,Carte,LIV10,
CMD13681,CL0664,P055,Sep 15 2023,5,1623.54,retourné,Tnja,Carte,LIV4,2023-09-19
CMD06856,CL0026,P069,2024-01-10,4,4829.82,KO,tanger,Carte,LIV8,
CMD10809,CL0179,P040,18/05/2023,5,2163.28,livré,marrakech,Carte,LIV4,2023-05-23
CMD40946,CL0373,P013,10/02/2024,2,1507.33,livré,kech,Carte,LIV4,2024-02-13
CMD23456,CL0289,P027,2024-05-14,3,2986.22,LIVRE,RBA,Carte,LIV5,2024-05-15
CMD30085,CL0618,P057,15/01/2024,5,1125.65,retourné,CASABLANCA,Carte,LIV9,2024-01-16
CMD15218,CL0466,P009,Sep 28 2023,3,1697.46,LIVRE,casa,Carte,,2023-10-01
CMD16120,CL0666,P012,Nov 27 2023,2,1718.76,annulé,Agadir,Carte,LIV2,
CMD47573,CL0993,P049,Dec 19 2023,5,2732.17,retourné,casa,Carte,LIV6,2023-12-24
CMD32516,CL0634,P072,2024-01-25,2,4100.87,en_cours,Tnja,Carte,LIV10,
CMD14875,CL0694,P029,2023-06-14,1,4777.93,LIVRE,TANGER,Carte,LIV10,2023-06-15
CMD28834,CL0007,P026,2023-05-10,1,3540.32,livré,RBA,Carte,LIV9,2023-05-14
CMD16582,CL0275,P009,May 08 2023,3,1421.25,livré,TNG,Carte,LIV4,2023-05-10
CMD26094,CL0694,P045,May 15 2024,1,2073.62,KO,Agadir,Carte,LIV4,
CMD26050,CL0192,P053,2024-04-03,-1,3938.04,retourné,RBA,Carte,LIV9,2024-04-05
CMD05413,CL0569,P074,2023-12-07,5,4211.95,livré,tanger,Carte,LIV7,2023-12-11
CMD41613,CL0666,P082,2023-05-06,5,2708.18,retourné,CASABLANCA,Carte,LIV1,2023-05-07
CMD14467,CL0771,P018,03/11/2023,4,988.62,LIVRE,Agadir,Carte,LIV8,2023-11-05
CMD01189,CL0559,P033,20/01/2024,4,1428.91,livre,tanger,Carte,LIV1,
CMD14776,CL0660,P005,2023-02-24,2,3303.48,retourné,kech,Carte,LIV1,2023-02-27
CMD29979,CL0453,P068,04/01/2023,5,4166.33,OK,Agadir,Carte,LIV3,
CMD12841,CL0982,P080,Jan 28 2024,2,2934.47,livré,Agadir,Carte,LIV3,2024-02-02
CMD30190,CL0777,P071,15/10/2023,4,4790.11,retourné,TNG,Carte,LIV10,2023-10-16
CMD43718,CL0997,P072,2024-02-05,2,721.81,LIVRE,RBA,Carte,LIV6,2024-02-07
CMD37385,CL0751,P072,May 18 2023,5,3483.89,LIVRE,CASABLANCA,Carte,LIV5,2023-05-23
CMD39927,CL0431,P072,11/04/2023,1,3754.59,livré,Agadir,Carte,LIV3,2023-04-12
CMD14946,CL0519,P039,2023-10-27,3,3629.61,en_cours,Tnja,Carte,LIV6,
CMD26333,CL0196,P060,02/07/2023,4,197.88,livré,kech,Carte,LIV7,2023-07-07
CMD03932,CL0822,P041,Feb 21 2023,3,2567.82,retourné,TNG,Carte,LIV9,2023-02-23
CMD42927,CL0881,P033,2023-09-13,4,3630.54,DONE,RBA,Carte,LIV8,2023-09-16
CMD06093,CL0581,P055,2024-01-22,4,383.48,livre,tanger,Carte,LIV7,
CMD01869,CL0491,P029,Dec 22 2023,4,3324.74,livré,RBA,Carte,LIV5,2023-12-26
CMD20428,CL0469,P013,2023-03-08,4,573.94,KO,tanger,Carte,LIV7,
CMD02401,CL0358,P031,Jul 06 2023,3,1145.49,annulé,TANGER,Carte,LIV8,
CMD44905,CL0783,P036,09/02/2024,4,2719.31,LIVRE,Tnja,Carte,LIV1,2024-02-11
CMD11614,CL0182,P059,21/06/2023,4,1762.69,annulé,Agadir,Carte,LIV10,
CMD01337,CL0502,P096,2024-01-25,1,3804.2,livré,tanger,Carte,LIV3,2024-01-29
CMD36621,CL0708,P040,2023-11-08,5,4936.09,retourné,TANGER,Carte,LIV1,2023-11-11
CMD13242,CL0671,P036,2024-03-23,1,2793.84,OK,TNG,Carte,LIV9,
CMD07892,CL0474,P092,01/04/2023,5,2719.03,DONE,kech,Carte,LIV9,2023-04-05
CMD17602,CL0021,P068,Nov 21 2023,5,3268.25,retourné,marrakech,Carte,LIV5,2023-11-25
CMD26042,CL0721,P029,May 25 2023,2,1044.81,annulé,casa,Carte,,
CMD00426,CL0964,P009,Dec 10 2023,1,1512.55,OK,TANGER,Carte,LIV3,
CMD46611,CL0295,P062,Oct 13 2023,2,2110.88,LIVRE,TANGER,Carte,,2023-10-14
CMD24786,CL0882,P090,2023-07-28,1,543.73,livré,RBA,Carte,LIV7,2023-07-30
CMD21594,CL0623,P019,18/09/2023,5,1536.1,livre,RBA,Carte,LIV2,
CMD03664,CL0573,P043,Mar 26 2024,4,1997.94,retourné,TANGER,Carte,LIV8,2024-03-27
CMD19273,CL0664,P070,2024-05-04,5,3832.18,DONE,casa,Carte,LIV10,2024-05-07
CMD32971,CL0791,P096,09/03/2024,1,111.15,annulé,CASABLANCA,Carte,LIV6,
CMD33291,CL0178,P079,31/03/2024,4,287.55,OK,casa,Carte,LIV9,
CMD26311,CL0380,P076,2024-05-08,1,4007.16,livre,TANGER,Carte,,
CMD12446,CL0275,P082,2024-03-01,4,1514.63,livré,TNG,Carte,LIV2,2024-03-06
CMD35958,CL0882,P068,Feb 19 2023,3,2013.66,livré,CASABLANCA,Carte,LIV7,2023-02-21
CMD30222,CL0361,P061,13/02/2023,5,486.78,DONE,Tnja,Carte,LIV6,2023-02-14
CMD45270,CL0245,P096,28/01/2023,1,4611.05,LIVRE,kech,Carte,LIV1,2023-01-31
CMD44697,CL0492,P036,2024-03-29,4,3886.38,DONE,TANGER,Carte,LIV3,2024-04-01
CMD48462,CL0019,P089,09/07/2023,1,2183.77,LIVRE,marrakech,Carte,LIV4,2023-07-11
CMD12063,CL0617,P075,Feb 20 2023,5,3700.07,retourné,Tnja,Carte,LIV5,2023-02-21
CMD42040,CL0326,P061,Mar 19 2024,3,67.36,livré,Agadir,Carte,,2024-03-22
CMD34019,CL0223,P069,Jan 28 2023,1,1174.07,DONE,Tnja,Carte,LIV5,2023-01-29
CMD45097,CL0411,P087,Feb 03 2023,1,2883.39,livre,kech,Carte,LIV9,
CMD43185,CL0374,P060,2024-02-08,1,969.09,OK,marrakech,Carte,LIV4,
CMD34319,CL0836,P031,28/09/2023,2,2337.33,en_cours,marrakech,Carte,LIV7,
CMD03648,CL0091,P068,2023-01-17,3,3092.28,annulé,Agadir,Carte,LIV1,
CMD42296,CL0994,P017,2024-01-24,3,138.66,LIVRE,RBA,Carte,LIV4,2024-01-29
CMD30895,CL0078,P019,14/02/2023,5,989.42,livré,Tnja,Carte,LIV9,2023-02-16
CMD16215,CL0209,P099,2023-01-29,3,2536.56,livre,Tnja,Carte,LIV9,
CMD48418,CL0068,P030,2024-02-12,4,1243.02,LIVRE,marrakech,Carte,LIV5,2024-02-15
CMD03339,CL0504,P076,Dec 11 2023,4,2851.44,livré,marrakech,Carte,LIV3,2023-12-16
CMD48423,CL0173,P003,2023-06-14,4,1383.85,livre,TANGER,Carte,LIV9,
CMD20404,CL0609,P084,07/04/2024,2,762.19,KO,Agadir,Carte,LIV1,
CMD17212,CL0316,P002,05/03/2024,5,1061.62,annulé,marrakech,Carte,LIV9,
CMD11354,CL0700,P088,2024-03-16,1,3189.12,livré,kech,Carte,LIV7,2024-03-19
CMD04561,CL0015,P092,20/04/2023,3,4661.35,DONE,TNG,Carte,LIV7,2023-04-25
CMD43106,CL0264,P067,2023-06-30,5,4521.69,en_cours,Tnja,Carte,LIV2,
CMD38012,CL0027,P066,18/02/2023,5,4179.52,annulé,Tnja,Carte,LIV2,
CMD27363,CL0846,P022,2024-01-27,2,4750.86,livré,casa,Carte,,2024-01-28
CMD45862,CL0207,P031,2023-08-31,3,3306.27,en_cours,tanger,Carte,LIV7,
CMD20304,CL0328,P069,Aug 15 2023,3,95.88,livré,TANGER,Carte,LIV4,2023-08-20
CMD37829,CL0895,P036,2024-02-13,4,1857.12,KO,RBA,Carte,LIV4,
CMD21392,CL0206,P051,2023-04-05,4,57.03,KO,Agadir,Carte,LIV4,
CMD38517,CL0169,P009,30/08/2023,1,3947.84,retourné,tanger,Carte,LIV1,2023-09-02
CMD22328,CL0965,P063,15/10/2023,4,4600.23,LIVRE,TNG,Carte,LIV9,2023-10-19
CMD33138,CL0272,P055,Nov 22 2023,2,848.16,KO,CASABLANCA,Carte,LIV7,
CMD07993,CL0096,P008,23/02/2024,4,3879.9,annulé,Tnja,Carte,LIV6,
CMD11847,CL0185,P064,May 27 2023,2,3217.35,LIVRE,TNG,Carte,LIV8,2023-06-01
CMD19629,CL0344,P003,2023-11-23,2,4096.07,livré,Tnja,Carte,LIV4,2023-11-24
CMD30431,CL0228,P008,30/03/2023,4,3365.46,livre,Tnja,Carte,LIV1,
CMD11153,CL0424,P071,15/03/2023,3,751.08,livré,Tnja,Carte,LIV9,2023-03-18
CMD26720,CL0167,P059,29/03/2024,1,1431.49,KO,tanger,Carte,LIV2,
CMD13235,CL0031,P097,31/08/2023,4,3352.03,livré,marrakech,Carte,LIV7,2023-09-04
CMD40995,CL0118,P007,11/02/2023,4,2824.32,OK,casa,Carte,LIV1,
CMD06265,CL0867,P087,07/02/2023,5,3457.53,KO,kech,Carte,,
CMD37532,CL0685,P021,Sep 24 2023,3,4066.01,LIVRE,RBA,Carte,LIV9,2023-09-25
CMD37567,CL0441,P086,Dec 09 2023,3,953.43,LIVRE,Agadir,Carte,LIV8,2023-12-13
CMD33579,CL0217,P010,23/06/2023,3,1500.51,livré,Tnja,Carte,LIV8,2023-06-25
CMD14427,CL0774,P026,May 07 2023,1,4225.63,LIVRE,RBA,Carte,LIV8,2023-05-10
CMD05286,CL0904,P055,2023-09-11,3,1161.29,LIVRE,Tnja,Carte,LIV7,2023-09-16
CMD03726,CL0895,P076,30/09/2023,5,3398.53,LIVRE,Agadir,Carte,LIV10,2023-10-02
CMD35277,CL0590,P062,17/03/2024,2,2558.89,livre,casa,Carte,LIV1,
CMD10090,CL0839,P064,Sep 29 2023,2,2257.79,DONE,marrakech,Carte,LIV1,2023-09-30
CMD18487,CL0730,P053,Jan 15 2023,3,4902.37,KO,RBA,Carte,LIV6,
CMD29987,CL0119,P002,Jan 12 2023,1,4479.23,OK,CASABLANCA,Carte,LIV1,
CMD05703,CL0833,P046,Apr 22 2023,3,445.38,livré,tanger,Carte,LIV10,2023-04-26
CMD02841,CL0470,P004,Feb 07 2024,1,2332.84,livré,TANGER,Carte,LIV5,2024-02-11
CMD00260,CL0672,P082,2023-08-03,1,4714.5,livré,CASABLANCA,Carte,LIV6,2023-08-04
CMD04071,CL0196,P031,2023-05-11,4,2708.89,livré,RBA,Carte,LIV10,2023-05-16
CMD30512,CL0837,P045,2023-10-01,4,1524.55,en_cours,CASABLANCA,Carte,LIV10,
CMD43948,CL0708,P023,2023-08-31,5,951.24,en_cours,kech,Carte,LIV5,
CMD14253,CL0755,P067,Nov 02 2023,4,774.62,annulé,Tnja,Carte,LIV6,
CMD36470,CL0721,P003,Oct 09 2023,5,4830.11,livre,kech,Carte,LIV2,
CMD20481,CL0211,P085,2023-11-10,4,403.36,retourné,Agadir,Carte,LIV3,2023-11-12
CMD01469,CL0827,P072,08/03/2023,3,1977.71,LIVRE,CASABLANCA,Carte,LIV10,2023-03-13
CMD34308,CL0461,P073,16/05/2023,1,2428.47,annulé,CASABLANCA,Carte,LIV3,
CMD06897,CL0648,P077,2023-10-13,3,899.17,livre,RBA,Carte,LIV5,
CMD13175,CL0061,P072,2023-07-16,2,290.07,DONE,casa,Carte,LIV8,2023-07-21
CMD24971,CL0656,P043,2023-07-23,3,4500.48,en_cours,CASABLANCA,Carte,LIV6,
CMD36932,CL0233,P039,18/12/2023,1,1718.87,livré,TANGER,Carte,LIV4,2023-12-21
CMD19996,CL0398,P064,Jul 15 2023,1,1383.65,DONE,TANGER,Carte,LIV5,2023-07-16
CMD00010,CL0200,P051,Apr 06 2023,1,1835.54,en_cours,casa,Carte,LIV5,
CMD36457,CL0671,P070,Apr 01 2023,5,84.6,livré,CASABLANCA,Carte,LIV4,2023-04-02
CMD47811,CL0266,P041,2024-01-06,2,3962.69,livré,RBA,Carte,LIV4,2024-01-09
CMD36482,CL0443,P009,03/02/2023,2,0,livré,CASABLANCA,Carte,LIV1,2023-02-06
CMD21034,CL0223,P082,Jan 11 2023,4,832.53,DONE,RBA,Carte,LIV3,2023-01-13
CMD24543,CL0737,P082,Nov 24 2023,1,818.57,DONE,marrakech,Carte,LIV4,2023-11-28
CMD32361,CL0431,P045,Aug 04 2023,3,868.97,livre,marrakech,Carte,LIV1,
CMD38522,CL0881,P077,Apr 14 2023,4,4925.99,livré,CASABLANCA,Carte,LIV5,2023-04-18
CMD00469,CL0625,P093,2023-01-29,1,723.62,DONE,CASABLANCA,Carte,LIV2,2023-02-01
CMD29581,CL0301,P033,2023-05-15,5,2016.73,DONE,kech,Carte,LIV10,2023-05-17
CMD26261,CL0727,P074,2024-05-08,1,973.8,livré,kech,Carte,LIV10,2024-05-10
CMD09229,CL0687,P034,2023-10-13,3,3816.82,livré,TNG,Carte,LIV8,2023-10-14
CMD24237,CL0452,P089,Feb 27 2024,3,2064.91,KO,Agadir,Carte,LIV2,
CMD27524,CL0334,P055,Dec 14 2023,2,3115.53,DONE,Agadir,Carte,LIV7,2023-12-16
CMD07568,CL0859,P071,11/01/2024,2,4075.49,en_cours,casa,Carte,LIV10,
CMD19714,CL0457,P017,30/01/2023,2,2945.21,en_cours,kech,Carte,LIV1,
CMD23555,CL0202,P001,29/04/2024,3,1499.27,livre,kech,Carte,LIV8,
CMD44573,CL0935,P043,03/03/2023,2,2454.19,retourné,Tnja,Carte,LIV2,2023-03-07
CMD03490,CL0302,P100,06/01/2023,3,3152.1,retourné,RBA,Carte,LIV8,2023-01-08
CMD14788,CL0164,P027,2023-05-16,3,4215.48,livré,casa,Carte,,2023-05-19
CMD44040,CL0021,P054,2023-10-10,4,4507.26,DONE,RBA,Carte,LIV3,2023-10-11
CMD34453,CL0160,P072,2023-05-11,4,4167.02,livré,Tnja,Carte,LIV9,2023-05-15
CMD01914,CL0540,P062,2023-04-02,4,3999.33,OK,TNG,Carte,LIV5,
CMD47076,CL0412,P059,Mar 07 2023,2,1775.8,OK,Agadir,Carte,,
CMD17655,CL0057,P003,Feb 10 2023,4,2157.42,DONE,marrakech,Carte,LIV9,2023-02-14
CMD09838,CL0856,P048,Mar 09 2023,2,692.49,annulé,Tnja,Carte,LIV1,
CMD01066,CL0679,P023,Aug 31 2023,4,1083.14,livré,kech,Carte,LIV1,2023-09-05
CMD36071,CL0512,P089,2024-01-17,1,2523.43,livré,RBA,Carte,LIV10,2024-01-18
CMD40242,CL0630,P036,Nov 04 2023,2,4717.87,livré,Tnja,Carte,,2023-11-08
CMD37468,CL0872,P079,10/10/2023,1,3620.1,retourné,Agadir,Carte,LIV9,2023-10-14
CMD20853,CL0729,P008,Mar 24 2024,3,2482.49,LIVRE,marrakech,Carte,LIV10,2024-03-29
CMD17290,CL0004,P064,30/08/2023,3,0,retourné,RBA,Carte,LIV5,2023-09-02
CMD15782,CL0484,P062,Oct 24 2023,4,2323.38,livre,CASABLANCA,Carte,LIV3,
CMD23270,CL0789,P060,30/03/2024,5,2087.21,KO,Tnja,Carte,LIV10,
CMD25624,CL0728,P034,01/03/2024,2,1872.06,annulé,marrakech,Carte,LIV3,
CMD44822,CL0034,P037,2024-02-28,5,1861.31,livre,marrakech,Carte,LIV3,
CMD19680,CL0462,P027,2024-03-10,-1,327.21,livré,tanger,Carte,LIV5,2024-03-14
CMD04893,CL0257,P084,Mar 31 2024,3,1933.85,retourné,tanger,Carte,LIV10,2024-04-01
CMD10303,CL0892,P046,15/08/2023,5,1940.85,OK,marrakech,Carte,LIV5,
CMD23642,CL0908,P057,2023-01-09,2,56.93,livre,Agadir,Carte,LIV6,
CMD35005,CL0046,P075,Jul 18 2023,3,1786.09,KO,casa,Carte,LIV1,
CMD37364,CL0051,P082,03/01/2023,1,818.85,livré,RBA,Carte,LIV6,2023-01-04
CMD35964,CL0144,P056,07/10/2023,2,1693.09,retourné,TNG,Carte,LIV4,2023-10-10
CMD28135,CL0660,P100,May 02 2024,5,4710.98,livré,Agadir,Carte,LIV2,2024-05-05
CMD17550,CL0311,P065,2023-03-04,2,1566.13,annulé,TNG,Carte,LIV5,
CMD48103,CL0547,P012,14/12/2023,4,529.08,DONE,RBA,Carte,LIV9,2023-12-15
CMD15648,CL0359,P072,2024-03-11,5,1448.95,livré,CASABLANCA,Carte,LIV8,2024-03-13
CMD02626,CL0020,P002,2023-07-21,5,1536.73,en_cours,kech,Carte,LIV2,
CMD46425,CL0757,P075,2024-05-15,1,4871.19,retourné,Agadir,Carte,LIV3,2024-05-19
CMD19512,CL0739,P048,20/11/2023,1,2575.51,livré,Agadir,Carte,LIV9,2023-11-24
CMD33308,CL0709,P057,2023-01-20,5,3358.83,livre,RBA,Carte,LIV3,
CMD43207,CL0516,P079,Sep 09 2023,4,400.98,livré,RBA,Carte,LIV1,2023-09-12
CMD10204,CL0376,P073,Jan 12 2024,5,81.44,OK,kech,Carte,LIV8,
CMD33480,CL0604,P031,2024-01-07,3,4842.36,livré,tanger,Carte,LIV9,2024-01-10
CMD37057,CL0488,P054,14/03/2023,5,1827.73,retourné,marrakech,Carte,,2023-03-15
CMD11686,CL0875,P004,Nov 09 2023,4,2214.1,annulé,TNG,Carte,LIV9,
CMD05279,CL0739,P080,21/04/2024,1,3144.51,en_cours,RBA,Carte,LIV7,
CMD33663,CL0600,P069,2023-03-17,2,4216.91,OK,TANGER,Carte,LIV1,
CMD35314,CL0757,P081,2024-02-08,2,4427.73,retourné,Agadir,Carte,LIV4,2024-02-13
CMD11787,CL0070,P079,17/08/2023,1,1470.47,livré,TANGER,Carte,LIV10,2023-08-19
CMD06993,CL0144,P003,Aug 02 2023,3,180.68,retourné,casa,Carte,LIV10,2023-08-05
CMD03470,CL0100,P042,Jun 16 2023,4,263.49,LIVRE,TANGER,Carte,,2023-06-18
CMD08692,CL0455,P099,2023-08-25,4,2877.0,en_cours,Agadir,Carte,LIV1,
CMD24820,CL0033,P098,18/01/2024,5,3236.42,en_cours,RBA,Carte,LIV7,
CMD41399,CL0710,P037,19/02/2023,4,1171.51,DONE,Agadir,Carte,LIV6,2023-02-24
CMD16372,CL0955,P028,Oct 25 2023,2,3257.12,DONE,CASABLANCA,Carte,,2023-10-27
CMD33749,CL0250,P083,Jan 11 2023,5,3731.89,LIVRE,tanger,Carte,LIV4,2023-01-12
CMD04995,CL0911,P044,2024-04-27,2,3918.61,livré,TNG,Carte,LIV9,2024-04-29
CMD32729,CL0863,P029,01/05/2023,2,1642.3,LIVRE,Tnja,Carte,,2023-05-03
CMD15372,CL0728,P059,May 19 2023,2,1181.34,livre,TANGER,Carte,LIV9,
CMD05201,CL0421,P016,2023-08-06,3,1463.21,DONE,TNG,Carte,LIV4,2023-08-08
CMD38086,CL0196,P061,May 11 2024,3,3941.11,annulé,RBA,Carte,LIV1,
CMD03580,CL1000,P002,Feb 27 2023,2,1134.88,DONE,casa,Carte,,2023-02-28
CMD15851,CL0563,P096,2023-06-04,3,2758.21,OK,tanger,Carte,LIV4,
CMD07967,CL0087,P044,21/05/2023,1,2589.67,livre,TANGER,Carte,LIV1,
CMD22433,CL0323,P035,2024-04-30,3,1599.2,livré,tanger,Carte,LIV8,2024-05-01
CMD33026,CL0813,P077,Aug 12 2023,2,1413.64,livré,RBA,Carte,,2023-08-16
CMD07363,CL0916,P040,Apr 08 2023,5,532.12,retourné,marrakech,Carte,LIV3,2023-04-13
CMD09506,CL0675,P085,2024-02-26,3,4003.03,livre,TNG,Carte,LIV9,
CMD30125,CL0992,P063,2023-03-24,1,52.83,LIVRE,TANGER,Carte,LIV3,2023-03-29
CMD32696,CL0368,P076,Mar 21 2023,2,2424.44,livré,CASABLANCA,Carte,,2023-03-24
CMD08528,CL0917,P026,Sep 03 2023,1,1931.12,en_cours,CASABLANCA,Carte,LIV10,
CMD34219,CL0548,P009,04/10/2023,1,2052.34,livré,tanger,Carte,LIV10,2023-10-06
CMD02475,CL0096,P017,Jan 29 2023,2,4875.53,annulé,Tnja,Carte,LIV9,
CMD41452,CL0497,P008,2023-01-17,3,4104.42,retourné,tanger,Carte,LIV7,2023-01-18
CMD15512,CL0317,P095,Feb 27 2023,1,2856.1,en_cours,tanger,Carte,LIV5,
CMD36372,CL0129,P009,02/01/2023,4,4130.65,LIVRE,TNG,Carte,LIV9,2023-01-07
CMD10927,CL0497,P004,Feb 07 2023,2,649.5,KO,casa,Carte,LIV3,
CMD05586,CL0643,P077,10/07/2023,5,3720.27,OK,marrakech,Carte,LIV4,
CMD31381,CL0789,P033,01/05/2024,4,4615.36,en_cours,TNG,Carte,LIV7,
CMD27290,CL0437,P047,19/01/2024,2,381.45,annulé,marrakech,Carte,LIV10,
CMD25272,CL0929,P001,2023-03-14,5,3218.28,LIVRE,TANGER,Carte,LIV5,2023-03-18
CMD31585,CL0673,P051,Mar 12 2023,1,3222.5,livré,RBA,Carte,LIV6,2023-03-13
CMD35204,CL0678,P063,2024-02-04,-1,2529.07,retourné,Agadir,Carte,LIV6,2024-02-05
CMD30079,CL0631,P082,Nov 29 2023,2,1503.72,LIVRE,casa,Carte,LIV9,2023-12-04
CMD05871,CL0685,P038,19/01/2024,4,183.57,LIVRE,TANGER,Carte,LIV4,2024-01-24
CMD36023,CL0311,P004,Dec 15 2023,2,2697.67,OK,casa,Carte,LIV8,
CMD46015,CL0758,P084,Mar 15 2023,4,3348.9,annulé,marrakech,Carte,LIV3,
CMD32891,CL0802,P061,20/03/2023,2,1416.15,OK,CASABLANCA,Carte,LIV1,
CMD37125,CL0113,P047,2024-04-08,2,3723.3,KO,CASABLANCA,Carte,LIV3,
CMD04661,CL0123,P073,26/08/2023,1,1674.41,en_cours,TANGER,Carte,LIV4,
CMD18357,CL0652,P013,Mar 17 2024,4,4546.17,LIVRE,CASABLANCA,Carte,LIV5,2024-03-18
CMD23140,CL0103,P082,Jan 10 2023,3,2330.1,livre,Tnja,Carte,LIV2,
CMD35037,CL0244,P022,10/03/2024,2,4773.82,livré,tanger,Carte,LIV8,2024-03-13
CMD13475,CL0544,P009,20/09/2023,2,1393.98,KO,CASABLANCA,Carte,,
CMD25930,CL0147,P056,Apr 27 2024,2,1781.23,livre,CASABLANCA,Carte,LIV3,
CMD01609,CL0104,P032,07/06/2023,5,2947.98,KO,Tnja,Carte,LIV2,
CMD44541,CL0493,P064,Dec 01 2023,3,2412.16,OK,kech,Carte,LIV6,
CMD01667,CL0845,P083,Aug 06 2023,3,3055.73,livre,marrakech,Carte,LIV10,
CMD36472,CL0943,P081,2023-11-20,2,4523.84,retourné,CASABLANCA,Carte,LIV7,2023-11-24
CMD47747,CL0904,P006,12/10/2023,1,2846.53,livré,TANGER,Carte,LIV3,2023-10-13
CMD09553,CL0977,P072,2023-03-11,1,2853.21,retourné,Agadir,Carte,LIV10,2023-03-13
CMD04384,CL0929,P022,10/01/2024,3,2161.85,livré,marrakech,Carte,LIV4,2024-01-13
CMD11299,CL0804,P002,2023-09-05,1,4063.85,DONE,casa,Carte,LIV10,2023-09-07
CMD10192,CL0254,P039,Jan 20 2023,1,3249.93,livré,Agadir,Carte,LIV1,2023-01-23
CMD17439,CL0698,P063,12/08/2023,3,4194.71,DONE,tanger,Carte,LIV7,2023-08-13
CMD47219,CL0022,P091,2023-05-27,5,2123.77,retourné,casa,Carte,LIV4,2023-05-31
CMD25950,CL0943,P035,2024-01-06,4,263.84,annulé,kech,Carte,LIV1,
CMD03754,CL0156,P016,2023-12-19,4,638.51,livre,CASABLANCA,Carte,LIV8,
CMD41203,CL0444,P024,2023-06-17,4,950.81,OK,marrakech,Carte,LIV10,
CMD07682,CL0269,P051,29/05/2023,5,1010.73,LIVRE,TNG,Carte,LIV1,2023-05-31
CMD47539,CL0244,P066,Apr 03 2024,4,973.22,livré,tanger,Carte,LIV6,2024-04-04
CMD17371,CL0804,P066,15/05/2023,3,2861.02,retourné,kech,Carte,,2023-05-20
CMD07483,CL0350,P091,Mar 10 2024,2,1012.92,DONE,RBA,Carte,LIV5,2024-03-14
CMD25809,CL0500,P013,Jan 24 2023,5,2115.74,annulé,marrakech,Carte,LIV10,
CMD37766,CL0984,P075,2023-06-23,3,103.99,DONE,CASABLANCA,Carte,,2023-06-24
CMD01833,CL0465,P016,04/12/2023,2,4530.66,OK,Agadir,Carte,LIV9,
CMD30144,CL0262,P079,May 12 2024,3,4860.8,en_cours,kech,Carte,LIV1,
CMD24344,CL0211,P069,Jan 19 2023,1,1845.8,DONE,Tnja,Carte,LIV1,2023-01-23
CMD40500,CL0522,P020,Apr 07 2023,1,571.52,LIVRE,marrakech,Carte,LIV9,2023-04-12
CMD21629,CL0381,P084,2023-10-27,3,3545.94,livré,kech,Carte,,2023-10-30
CMD15702,CL0303,P032,2023-10-20,2,2916.02,LIVRE,RBA,Carte,LIV5,2023-10-24
CMD00102,CL0226,P096,2023-12-06,1,1228.85,livré,TNG,Carte,LIV5,2023-12-08
CMD33271,CL0934,P032,2024-04-10,1,3989.55,LIVRE,TANGER,Carte,LIV3,2024-04-11
CMD08668,CL0325,P023,Nov 13 2023,3,729.88,livre,CASABLANCA,Carte,LIV9,
CMD37826,CL0853,P005,Jan 22 2023,2,1986.45,annulé,kech,Carte,LIV6,
CMD43139,CL0636,P018,05/11/2023,3,2903.07,en_cours,TNG,Carte,LIV5,
CMD40233,CL0756,P073,2024-03-30,1,3863.98,retourné,tanger,Carte,LIV10,2024-04-02
CMD23015,CL0525,P064,06/12/2023,3,86.22,OK,kech,Carte,LIV9,
CMD03149,CL0028,P098,Apr 02 2024,4,4258.06,LIVRE,casa,Carte,LIV4,2024-04-03
CMD11975,CL0839,P021,2023-09-22,1,3095.71,en_cours,TNG,Carte,LIV2,
CMD11671,CL0353,P039,2023-11-09,5,4633.75,LIVRE,tanger,Carte,LIV9,2023-11-12
CMD27536,CL0886,P068,2023-10-04,5,1574.1,livre,TANGER,Carte,,
CMD34311,CL0348,P100,18/05/2023,2,2607.94,OK,marrakech,Carte,LIV9,
CMD25047,CL0626,P099,2023-03-13,3,2838.49,livre,Agadir,Carte,LIV4,
CMD30708,CL0005,P026,Jan 26 2024,3,3270.73,livré,Tnja,Carte,LIV6,2024-01-29
CMD04736,CL0833,P044,Feb 13 2024,5,4827.99,DONE,marrakech,Carte,,2024-02-18
CMD29017,CL0932,P099,2023-08-31,5,1029.14,DONE,TANGER,Carte,LIV6,2023-09-04
CMD39599,CL0097,P021,12/05/2023,1,1194.43,DONE,casa,Carte,LIV8,2023-05-14
CMD22721,CL0391,P070,02/02/2023,4,4635.99,KO,TNG,Carte,LIV2,
CMD45593,CL0974,P002,2024-01-20,1,2071.64,livré,marrakech,Carte,LIV1,2024-01-25
CMD17237,CL0817,P015,12/01/2023,1,0,en_cours,Agadir,Carte,LIV6,
CMD35287,CL0267,P027,2023-05-26,5,1791.75,annulé,casa,Carte,LIV1,
CMD13156,CL0508,P021,May 15 2024,3,918.69,DONE,Tnja,Carte,LIV8,2024-05-18
CMD07189,CL0798,P012,19/06/2023,3,4578.61,livré,TANGER,Carte,LIV4,2023-06-20
CMD40999,CL0964,P023,Feb 20 2024,5,4495.68,annulé,Agadir,Carte,LIV4,
CMD36920,CL0581,P099,Apr 05 2024,2,3037.07,KO,RBA,Carte,LIV4,
CMD02392,CL0484,P005,06/01/2023,4,1139.99,KO,marrakech,Carte,LIV4,
CMD40142,CL0400,P088,Mar 20 2023,5,604.53,livré,TNG,Carte,LIV2,2023-03-24
CMD10850,CL0360,P041,14/11/2023,3,1531.15,livré,Tnja,Carte,LIV3,2023-11-15
CMD46540,CL0839,P099,18/09/2023,4,2814.22,LIVRE,marrakech,Carte,LIV4,2023-09-23
CMD10781,CL0716,P005,18/02/2024,3,3770.91,livré,Tnja,Carte,LIV5,2024-02-22
CMD29314,CL0302,P069,15/11/2023,5,2544.31,en_cours,casa,Carte,LIV10,
CMD30690,CL0368,P017,May 07 2023,3,3878.96,KO,RBA,Carte,LIV2,
CMD01439,CL0151,P082,21/12/2023,2,3527.81,livré,TNG,Carte,LIV2,2023-12-22
CMD34817,CL0187,P004,2023-02-23,4,4806.87,DONE,Tnja,Carte,LIV4,2023-02-26
CMD13164,CL0990,P062,Aug 03 2023,5,2548.03,retourné,TNG,Carte,LIV1,2023-08-07
CMD12889,CL0882,P051,Oct 01 2023,2,2747.98,LIVRE,CASABLANCA,Carte,LIV3,2023-10-03
CMD34268,CL0383,P002,24/10/2023,2,670.8,annulé,marrakech,Carte,LIV8,
CMD00516,CL0497,P084,Feb 27 2023,4,1250.8,livré,Agadir,Carte,LIV10,2023-03-04
CMD40719,CL0195,P026,Jan 24 2023,3,3306.02,annulé,Tnja,Carte,LIV9,
CMD08076,CL0666,P035,2023-08-03,4,1936.03,livré,marrakech,Carte,LIV9,2023-08-06
CMD17789,CL0018,P098,2023-01-18,3,3875.73,retourné,casa,Carte,LIV4,2023-01-23
CMD01635,CL0816,P085,28/12/2023,2,2964.16,en_cours,TANGER,Carte,LIV9,
CMD27612,CL0323,P008,Feb 02 2024,1,357.58,DONE,TNG,Carte,LIV6,2024-02-05
CMD17787,CL0215,P093,2023-07-06,1,2004.38,livre,casa,Carte,LIV7,
CMD27378,CL0802,P090,10/07/2023,4,2562.55,en_cours,Agadir,Carte,LIV4,
CMD20317,CL0345,P002,08/11/2023,5,257.01,KO,CASABLANCA,Carte,LIV5,
CMD32212,CL0700,P078,Aug 23 2023,1,2544.88,retourné,TANGER,Carte,LIV3,2023-08-25
CMD05711,CL0696,P089,Dec 12 2023,5,4643.17,OK,casa,Carte,LIV3,
CMD13713,CL0092,P009,Jan 08 2023,3,1706.83,retourné,CASABLANCA,Carte,,2023-01-09
CMD18673,CL0036,P059,27/07/2023,5,1180.04,annulé,Agadir,Carte,LIV4,
CMD41931,CL0410,P084,Aug 22 2023,1,848.8,livré,casa,Carte,LIV6,2023-08-26
CMD20184,CL0861,P049,2023-04-10,5,1278.0,livré,RBA,Carte,LIV1,2023-04-11
CMD26759,CL0864,P008,10/04/2024,2,1266.8,DONE,kech,Carte,LIV10,2024-04-11
CMD04892,CL0732,P058,26/06/2023,2,2667.02,livré,RBA,Carte,LIV6,2023-07-01
CMD35392,CL0635,P043,23/01/2023,3,1829.93,retourné,casa,Carte,LIV7,2023-01-27
CMD28280,CL0071,P042,Apr 28 2023,5,558.35,livré,TNG,Carte,LIV9,2023-05-01
CMD07965,CL0108,P016,2023-08-09,2,3455.81,livré,TANGER,Carte,,2023-08-12
CMD25302,CL0008,P015,May 27 2023,2,4540.78,annulé,casa,Carte,,
CMD15939,CL0010,P003,2024-01-06,1,4249.26,DONE,marrakech,Carte,LIV10,2024-01-08
CMD31163,CL0596,P100,27/01/2024,3,412.09,livré,RBA,Carte,LIV9,2024-01-31
CMD16856,CL0584,P027,Oct 14 2023,4,3238.85,DONE,marrakech,Carte,LIV5,2023-10-19
CMD39089,CL0786,P011,09/09/2023,2,822.8,livré,TANGER,Carte,LIV1,2023-09-12
CMD39583,CL0925,P077,Nov 16 2023,5,1132.88,livré,Agadir,Carte,,2023-11-21
CMD17767,CL0121,P076,25/03/2024,3,1037.15,livré,marrakech,Carte,LIV9,2024-03-27
CMD37496,CL0796,P035,Aug 03 2023,4,1288.85,en_cours,tanger,Carte,LIV7,
CMD39399,CL0778,P040,24/01/2024,3,2254.99,livre,tanger,Carte,LIV7,
CMD14367,CL0994,P043,03/12/2023,5,1147.72,en_cours,RBA,Carte,LIV3,
CMD20933,CL0426,P010,31/10/2023,2,2154.84,OK,tanger,Carte,LIV7,
CMD24079,CL0687,P099,Dec 15 2023,3,2857.5,livré,marrakech,Carte,LIV1,2023-12-17
CMD12191,CL0495,P024,Dec 09 2023,1,65.83,annulé,casa,Carte,LIV8,
CMD26901,CL0903,P100,01/12/2023,4,2814.43,annulé,RBA,Carte,LIV6,
CMD25615,CL0692,P084,2023-06-28,3,3369.81,LIVRE,TANGER,Carte,,2023-07-02
CMD17152,CL0219,P082,19/06/2023,4,3084.12,livré,CASABLANCA,Carte,LIV8,2023-06-20
CMD14606,CL0892,P055,May 13 2024,3,77.92,en_cours,Tnja,Carte,LIV1,
CMD30807,CL0155,P069,2024-03-03,5,4683.83,KO,Tnja,Carte,LIV1,
CMD00896,CL0387,P014,2023-03-11,1,991.44,livre,casa,Carte,LIV10,
CMD45986,CL0876,P087,Jun 02 2023,2,3058.29,livré,Tnja,Carte,LIV2,2023-06-05
CMD45108,CL0241,P097,Apr 30 2024,1,4970.03,annulé,RBA,Carte,LIV6,
CMD05314,CL0032,P073,09/07/2023,1,2782.36,livré,RBA,Carte,LIV3,2023-07-14
CMD39098,CL0050,P005,16/08/2023,5,3525.49,livre,kech,Carte,LIV3,
CMD23806,CL0237,P044,20/12/2023,2,2672.67,OK,TNG,Carte,LIV8,
CMD06334,CL0437,P055,Jan 31 2023,1,1409.81,LIVRE,CASABLANCA,Carte,LIV2,2023-02-04
CMD19176,CL0359,P078,Feb 14 2024,5,4603.65,OK,TNG,Carte,LIV10,
CMD46120,CL0667,P004,Sep 13 2023,5,1895.91,retourné,Tnja,Carte,LIV7,2023-09-14
CMD27617,CL0954,P052,2024-04-19,5,2045.64,livré,TNG,Carte,LIV1,2024-04-24
CMD25546,CL0437,P047,Nov 06 2023,4,4276.19,annulé,TNG,Carte,LIV3,
CMD08848,CL0140,P053,2024-02-21,4,733.41,DONE,Tnja,Carte,LIV3,2024-02-22
CMD07829,CL0954,P007,Nov 13 2023,2,2088.84,en_cours,tanger,Carte,LIV1,
CMD10111,CL0110,P015,Nov 12 2023,3,2334.38,livré,kech,Carte,LIV4,2023-11-14
CMD42925,CL0754,P069,2023-09-22,5,3824.07,DONE,TNG,Carte,LIV9,2023-09-26
CMD28295,CL0578,P013,14/06/2023,1,1713.02,livré,marrakech,Carte,LIV9,2023-06-15
CMD04011,CL0304,P063,2023-11-11,1,1605.65,retourné,marrakech,Carte,LIV6,2023-11-13
CMD26845,CL0969,P026,01/03/2024,1,2442.87,livré,Agadir,Carte,LIV8,2024-03-05
CMD21617,CL0731,P055,Sep 21 2023,4,4507.93,livré,RBA,Carte,LIV7,2023-09-26
CMD16950,CL0477,P069,Apr 15 2023,2,3672.86,annulé,Agadir,Carte,LIV8,
CMD10947,CL0775,P013,24/10/2023,1,1466.75,livré,TNG,Carte,LIV5,2023-10-25
CMD42049,CL0762,P096,04/03/2023,5,3840.39,livre,CASABLANCA,Carte,LIV7,
CMD35948,CL0111,P078,Mar 08 2024,5,2943.07,livré,kech,Carte,LIV5,2024-03-13
CMD03321,CL0724,P045,Aug 20 2023,4,1917.18,DONE,casa,Carte,LIV2,2023-08-21
CMD48398,CL0996,P089,2023-12-18,2,3440.53,livré,tanger,Carte,LIV9,2023-12-19
CMD17633,CL0206,P088,2023-03-18,2,2783.78,en_cours,RBA,Carte,LIV10,
CMD03991,CL0616,P006,04/04/2023,4,4324.71,KO,TANGER,Carte,LIV5,
CMD02208,CL0713,P036,2023-04-21,3,2665.86,livre,RBA,Carte,LIV6,
CMD33211,CL0596,P079,2023-02-27,1,1582.43,livré,kech,Carte,LIV4,2023-03-03
CMD41278,CL0327,P063,2023-10-13,4,4066.22,livré,kech,Carte,LIV1,2023-10-17
CMD36130,CL0666,P030,Mar 17 2023,5,2755.85,DONE,TNG,Carte,LIV4,2023-03-20
CMD06173,CL0225,P028,Jan 07 2023,5,1083.79,annulé,marrakech,Carte,LIV1,
CMD18967,CL0672,P029,2024-02-29,5,1987.21,livré,TNG,Carte,LIV7,2024-03-05
CMD16852,CL0987,P002,05/12/2023,3,3619.99,KO,TNG,Carte,LIV9,
CMD10710,CL0121,P070,Nov 13 2023,2,4740.44,KO,tanger,Carte,,
CMD36873,CL0764,P019,18/11/2023,3,152.28,KO,Agadir,Carte,LIV4,
CMD41341,CL0628,P021,2024-05-01,4,186.92,KO,CASABLANCA,Carte,LIV7,
CMD17577,CL0840,P085,Jan 19 2024,3,3529.59,retourné,Tnja,Carte,LIV4,2024-01-24
CMD36011,CL0625,P013,Feb 04 2023,4,1396.43,DONE,tanger,Carte,LIV10,2023-02-07
CMD34340,CL0148,P010,Aug 06 2023,4,4555.56,retourné,RBA,Carte,LIV8,2023-08-09
CMD25963,CL0702,P082,2023-07-20,4,1409.55,retourné,TANGER,Carte,LIV4,2023-07-25
CMD38930,CL0701,P071,2023-01-07,1,4137.76,en_cours,Agadir,Carte,LIV6,
CMD39783,CL0730,P006,2023-01-31,3,304.27,annulé,TANGER,Carte,LIV5,
CMD05639,CL0858,P082,2023-08-26,4,1860.01,annulé,CASABLANCA,Carte,LIV3,
CMD19959,CL0029,P067,Oct 06 2023,4,865.63,livré,marrakech,Carte,LIV7,2023-10-11
CMD35843,CL0036,P051,2023-09-21,4,3412.8,livré,CASABLANCA,Carte,LIV7,2023-09-22
CMD28394,CL0316,P017,Apr 04 2024,1,4285.67,OK,CASABLANCA,Carte,LIV9,
CMD41870,CL0009,P054,23/10/2023,2,3321.83,LIVRE,TANGER,Carte,LIV1,2023-10-28
CMD41746,CL0611,P047,Sep 15 2023,3,3403.22,LIVRE,marrakech,Carte,LIV8,2023-09-18
CMD06287,CL0107,P038,Apr 29 2023,4,2712.76,KO,TNG,Carte,LIV2,
CMD26678,CL0508,P051,2023-12-01,2,3465.29,livré,CASABLANCA,Carte,LIV5,2023-12-04
CMD31681,CL0913,P063,2024-02-13,2,1816.03,KO,RBA,Carte,LIV7,
CMD06338,CL0932,P011,2023-01-21,4,3493.86,annulé,casa,Carte,LIV4,
CMD28516,CL0891,P036,2023-09-01,2,1754.86,DONE,TANGER,Carte,LIV1,2023-09-05
CMD34976,CL0055,P080,21/02/2024,4,4312.88,retourné,kech,Carte,LIV2,2024-02-23
CMD32383,CL0910,P069,2024-03-05,4,1523.58,livré,marrakech,Carte,LIV9,2024-03-06
CMD29551,CL0943,P052,2023-02-15,3,1031.23,livré,casa,Carte,LIV10,2023-02-20
CMD44879,CL0188,P083,19/01/2024,5,2438.86,livré,CASABLANCA,Carte,LIV4,2024-01-20
CMD01827,CL0567,P065,2024-02-10,1,4158.83,livré,Agadir,Carte,LIV1,2024-02-12
CMD01400,CL0763,P078,Sep 27 2023,5,1120.84,annulé,TANGER,Carte,LIV1,
CMD09783,CL0642,P098,Oct 24 2023,2,2391.54,livré,TNG,Carte,LIV8,2023-10-26
CMD20176,CL0520,P003,2023-06-13,1,939.22,livre,TANGER,Carte,LIV5,
CMD24038,CL0594,P001,2024-03-09,1,2922.28,LIVRE,CASABLANCA,Carte,LIV3,2024-03-13
CMD14546,CL0713,P017,15/08/2023,4,2859.99,livre,TNG,Carte,LIV2,
CMD45294,CL0381,P021,23/10/2023,2,2103.83,DONE,tanger,Carte,LIV5,2023-10-27
CMD05935,CL0989,P079,11/04/2023,2,4848.71,retourné,CASABLANCA,Carte,LIV8,2023-04-16
CMD14877,CL0529,P029,09/02/2024,1,546.27,OK,RBA,Carte,LIV5,
CMD01250,CL0605,P036,2024-03-15,2,2973.83,livré,TNG,Carte,LIV3,2024-03-18
CMD02787,CL0571,P015,Apr 04 2023,4,1014.43,livré,tanger,Carte,LIV8,2023-04-05
CMD02746,CL0729,P056,Mar 07 2023,2,1335.92,KO,RBA,Carte,LIV5,
CMD06727,CL0546,P010,Dec 26 2023,5,964.25,annulé,marrakech,Carte,LIV10,
CMD36344,CL0237,P069,08/07/2023,4,4787.76,livre,Agadir,Carte,LIV5,
CMD30331,CL0123,P079,2023-05-20,1,273.21,livre,casa,Carte,LIV4,
CMD23889,CL0730,P051,Apr 12 2023,2,1226.48,en_cours,Tnja,Carte,LIV9,
CMD32972,CL0094,P007,Feb 13 2024,5,2679.05,retourné,kech,Carte,LIV4,2024-02-16
CMD20237,CL0722,P071,2023-03-25,2,760.21,en_cours,kech,Carte,LIV5,
CMD12353,CL0041,P047,Feb 04 2023,1,1841.78,OK,Tnja,Carte,LIV5,
CMD12364,CL0752,P073,Apr 27 2024,4,2297.21,livré,TANGER,Carte,LIV8,2024-05-02
CMD23152,CL0303,P088,12/08/2023,1,2856.98,LIVRE,Agadir,Carte,,2023-08-14
CMD17422,CL0863,P089,28/02/2024,3,2232.11,retourné,marrakech,Carte,LIV5,2024-03-02
CMD01516,CL0043,P021,25/10/2023,3,3871.29,livré,TNG,Carte,LIV4,2023-10-28
CMD05646,CL0725,P100,2023-12-22,2,3851.66,annulé,tanger,Carte,LIV8,
CMD37697,CL0959,P001,2023-11-01,1,1227.49,annulé,kech,Carte,LIV4,
CMD33448,CL0089,P027,25/04/2023,4,829.15,KO,kech,Carte,LIV9,
CMD36047,CL0978,P011,10/07/2023,3,2509.39,livre,CASABLANCA,Carte,LIV2,
CMD14890,CL0748,P075,Apr 03 2023,2,4010.51,KO,TANGER,Carte,LIV5,
CMD21416,CL0698,P090,Jun 09 2023,5,1297.38,DONE,CASABLANCA,Carte,LIV7,2023-06-12
CMD38298,CL0599,P044,Feb 15 2023,1,3513.49,livré,marrakech,Carte,LIV6,2023-02-16
CMD08884,CL0394,P029,Sep 16 2023,4,1230.55,annulé,casa,Carte,LIV10,
CMD30271,CL0840,P029,09/02/2024,1,2343.2,livré,tanger,Carte,LIV10,2024-02-14
CMD02617,CL0062,P026,2023-02-26,4,3428.03,LIVRE,tanger,Carte,LIV7,2023-02-28
CMD36589,CL0884,P054,31/01/2023,2,3045.68,retourné,TANGER,Carte,LIV6,2023-02-03
CMD27045,CL0540,P092,05/09/2023,5,1554.1,livré,RBA,Carte,LIV4,2023-09-10
CMD43746,CL0485,P032,Feb 28 2023,3,1520.49,livré,CASABLANCA,Carte,LIV5,2023-03-03
CMD44212,CL0950,P044,06/01/2024,4,3902.05,OK,casa,Carte,LIV6,
CMD12924,CL0458,P089,08/03/2023,2,52.67,retourné,kech,Carte,LIV8,2023-03-13
CMD47095,CL0225,P016,Apr 07 2024,4,1527.13,annulé,kech,Carte,LIV8,
CMD33875,CL0197,P071,2023-08-09,4,3746.17,OK,RBA,Carte,LIV7,
CMD19127,CL0943,P038,2023-06-08,4,3016.78,retourné,CASABLANCA,Carte,,2023-06-10
CMD01037,CL0616,P003,05/12/2023,4,2894.47,OK,Agadir,Carte,LIV9,
CMD21193,CL0221,P072,04/04/2024,2,2860.03,OK,kech,Carte,LIV5,
CMD43898,CL0538,P003,May 24 2023,3,1626.84,KO,marrakech,Carte,LIV6,
CMD23244,CL0348,P090,12/04/2024,1,1657.17,livré,marrakech,Carte,LIV6,2024-04-17
CMD45681,CL0012,P014,Feb 28 2024,5,1746.66,livre,CASABLANCA,Carte,LIV10,
CMD27857,CL0421,P087,24/03/2023,5,1300.27,annulé,Tnja,Carte,LIV3,
CMD17103,CL0903,P074,Jan 26 2024,4,3356.0,livré,Tnja,Carte,LIV9,2024-01-28
CMD22824,CL0096,P024,2023-12-05,2,1843.51,livre,CASABLANCA,Carte,LIV6,
CMD16481,CL0996,P072,2024-04-12,3,1855.71,LIVRE,TNG,Carte,LIV3,2024-04-16
CMD33777,CL0930,P071,Jan 31 2023,1,723.02,KO,TNG,Carte,LIV9,
CMD10292,CL0884,P094,Apr 10 2023,2,442.93,en_cours,TNG,Carte,LIV3,
CMD03617,CL0103,P072,2024-01-23,1,4581.27,OK,tanger,Carte,LIV7,
CMD30142,CL0442,P078,2023-02-10,5,2278.0,livre,kech,Carte,,
CMD20233,CL0328,P095,27/10/2023,4,3529.75,livre,Agadir,Carte,LIV8,
CMD24803,CL0021,P006,2024-01-05,3,2315.72,KO,tanger,Carte,LIV7,
CMD05098,CL0497,P069,2023-10-11,3,1342.92,en_cours,marrakech,Carte,LIV8,
CMD13988,CL0446,P039,May 04 2023,2,2109.56,OK,Agadir,Carte,LIV9,
CMD32193,CL0656,P098,26/05/2023,4,3569.81,retourné,TNG,Carte,LIV7,2023-05-29
CMD25110,CL0603,P040,Jan 29 2023,3,4017.12,livré,TNG,Carte,LIV10,2023-02-03
CMD33949,CL0435,P097,2023-10-01,5,3101.65,OK,Agadir,Carte,LIV6,
CMD45707,CL0901,P038,Jun 24 2023,4,997.04,livré,tanger,Carte,LIV5,2023-06-26
CMD41154,CL0208,P071,05/04/2023,4,4802.18,OK,TNG,Carte,LIV3,
CMD14663,CL0457,P084,2023-11-23,2,4172.68,livré,RBA,Carte,LIV7,2023-11-26
CMD30346,CL0275,P100,08/03/2024,3,4887.86,en_cours,TANGER,Carte,LIV3,
CMD01392,CL0604,P092,Feb 23 2023,1,1747.25,livré,Agadir,Carte,LIV8,2023-02-25
CMD46387,CL0646,P091,Feb 20 2023,5,4855.02,LIVRE,marrakech,Carte,LIV1,2023-02-21
CMD17387,CL0413,P083,Sep 07 2023,2,402.45,DONE,TNG,Carte,LIV7,2023-09-10
CMD15692,CL0438,P082,22/07/2023,5,4469.96,OK,Agadir,Carte,LIV2,
CMD44991,CL0052,P077,2024-05-13,3,2991.9,OK,Agadir,Carte,,
CMD45935,CL0324,P010,2023-05-19,2,2781.14,livre,CASABLANCA,Carte,LIV3,
CMD34307,CL0057,P002,2023-01-08,5,3713.18,livré,TANGER,Carte,LIV10,2023-01-11
CMD42686,CL0086,P079,2023-01-26,4,1146.36,DONE,casa,Carte,LIV9,2023-01-30
CMD28458,CL0497,P100,2023-05-15,5,4655.51,annulé,tanger,Carte,LIV7,
CMD14805,CL0834,P037,19/09/2023,1,4047.23,KO,CASABLANCA,Carte,LIV3,
CMD35840,CL0086,P051,12/04/2024,2,1473.53,OK,TNG,Carte,LIV4,
CMD02703,CL0644,P085,Mar 21 2024,4,2871.54,OK,marrakech,Carte,,
CMD07467,CL0561,P035,Mar 04 2023,5,493.97,OK,TANGER,Carte,LIV8,
CMD45665,CL0968,P005,Feb 23 2023,5,1139.77,livré,Tnja,Carte,LIV1,2023-02-28
CMD40812,CL0511,P073,2023-08-29,3,1072.64,OK,casa,Carte,LIV3,
CMD20246,CL0207,P011,2023-10-06,3,830.05,en_cours,Agadir,Carte,LIV3,
CMD05243,CL0318,P038,Apr 29 2024,2,4626.12,livre,CASABLANCA,Carte,,
CMD11194,CL0853,P077,2023-09-18,3,4246.27,livré,casa,Carte,LIV8,2023-09-22
CMD26220,CL0485,P049,2023-01-07,5,1272.17,retourné,kech,Carte,LIV10,2023-01-12
CMD17676,CL0418,P093,19/07/2023,2,4964.21,KO,RBA,Carte,LIV9,
CMD30189,CL0486,P084,12/03/2024,4,1438.96,annulé,kech,Carte,LIV9,
CMD16919,CL0371,P010,Jul 09 2023,1,975.34,livré,tanger,Carte,LIV7,2023-07-11
CMD18869,CL0018,P016,2023-06-12,3,4333.36,livré,kech,Carte,LIV10,2023-06-14
CMD07549,CL0221,P098,May 29 2023,3,4516.04,OK,TANGER,Carte,,
CMD12392,CL0221,P085,Jan 06 2024,3,4381.03,KO,TNG,Carte,LIV9,
CMD09515,CL0053,P088,2023-05-07,5,3608.75,livre,tanger,Carte,LIV8,
CMD39182,CL0210,P045,25/02/2024,4,2262.63,DONE,TANGER,Carte,LIV7,2024-02-29
CMD09679,CL0676,P029,03/10/2023,2,630.91,KO,Agadir,Carte,LIV6,
CMD11645,CL0529,P021,2024-04-20,2,941.73,livré,Agadir,Carte,LIV4,2024-04-21
CMD27803,CL0373,P080,Apr 04 2023,5,4483.66,retourné,Agadir,Carte,LIV3,2023-04-06
CMD09816,CL0877,P021,2023-01-13,2,2355.39,livré,tanger,Carte,LIV5,2023-01-17
CMD10237,CL0923,P092,2023-12-20,4,4991.09,KO,CASABLANCA,Carte,LIV4,
CMD38560,CL0060,P044,08/01/2023,1,368.65,livré,RBA,Carte,LIV1,2023-01-09
CMD18390,CL0275,P034,01/01/2024,1,2504.15,livré,Agadir,Carte,LIV10,2024-01-05
CMD03291,CL0960,P011,Apr 11 2023,1,4944.58,livré,TNG,Carte,LIV3,2023-04-16
CMD06178,CL0864,P003,2023-03-17,5,2972.49,livré,kech,Carte,LIV9,2023-03-18
CMD45824,CL0314,P023,Dec 11 2023,2,761.5,en_cours,kech,Carte,,
CMD44276,CL0455,P083,02/10/2023,2,1668.08,annulé,RBA,Carte,LIV2,
CMD03606,CL0715,P031,2023-03-22,4,3463.03,LIVRE,Agadir,Carte,LIV10,2023-03-26
CMD43929,CL0917,P070,08/09/2023,2,203.56,KO,Tnja,Carte,LIV2,
CMD41263,CL0020,P041,May 27 2023,3,2824.74,livré,kech,Carte,LIV5,2023-05-28
CMD05043,CL0195,P082,09/03/2024,5,1655.88,OK,Agadir,Carte,LIV3,
CMD31844,CL0614,P068,19/02/2024,1,4909.86,DONE,Tnja,Carte,LIV4,2024-02-22
CMD05956,CL0657,P075,17/04/2024,-1,4500.75,livre,marrakech,Carte,LIV8,
CMD34031,CL0517,P013,2023-12-29,3,2878.97,annulé,tanger,Carte,LIV9,
CMD38418,CL0586,P084,2024-04-02,5,1335.89,DONE,Agadir,Carte,LIV6,2024-04-07
CMD42783,CL0430,P051,2023-02-13,1,4478.15,retourné,casa,Carte,LIV10,2023-02-17
CMD44034,CL0997,P047,Sep 22 2023,5,1210.67,en_cours,casa,Carte,LIV5,
CMD16560,CL0942,P090,Aug 07 2023,4,2262.22,livré,TANGER,Carte,LIV6,2023-08-11
CMD06133,CL0036,P012,Mar 25 2023,2,1216.2,en_cours,casa,Carte,LIV4,
CMD36934,CL0388,P038,03/02/2023,1,4751.93,annulé,marrakech,Carte,,
CMD40951,CL0435,P021,20/05/2023,5,0,livre,CASABLANCA,Carte,LIV8,
CMD36648,CL0954,P083,Apr 29 2023,2,3628.5,KO,Tnja,Carte,LIV9,
CMD03036,CL0904,P011,Mar 11 2023,3,1372.24,annulé,TANGER,Carte,LIV4,
CMD02893,CL0357,P019,2024-01-14,5,158.38,livré,TANGER,Carte,LIV7,2024-01-19
CMD01118,CL0474,P069,Dec 23 2023,3,714.97,livré,TNG,Carte,LIV2,2023-12-24
CMD44995,CL0473,P036,2023-08-27,1,1128.46,en_cours,TANGER,Carte,LIV4,
CMD40447,CL0907,P061,25/02/2024,5,1325.25,livré,casa,Carte,LIV4,2024-02-29
CMD42302,CL0680,P025,05/01/2024,5,624.59,KO,Agadir,Carte,LIV10,
CMD40492,CL0932,P050,2024-02-07,3,3045.3,en_cours,Tnja,Carte,LIV4,
CMD08889,CL0628,P051,Apr 22 2024,1,3733.61,LIVRE,Agadir,Carte,LIV8,2024-04-24
CMD14983,CL0808,P055,Jan 29 2024,5,2518.04,livré,casa,Carte,LIV8,2024-01-31
CMD43584,CL0595,P017,2023-10-28,2,2731.89,livre,marrakech,Carte,LIV1,
CMD31754,CL0154,P021,2023-10-21,3,4108.57,livre,Tnja,Carte,LIV7,
CMD40657,CL0559,P090,2023-10-21,5,4488.93,OK,casa,Carte,LIV5,
CMD09590,CL0990,P048,May 04 2024,1,1015.42,KO,tanger,Carte,LIV4,
CMD41004,CL0511,P093,24/08/2023,5,1166.28,DONE,TNG,Carte,LIV7,2023-08-28
CMD24983,CL0828,P097,26/02/2023,1,2419.39,livré,Tnja,Carte,LIV10,2023-03-03
CMD00691,CL0673,P018,06/02/2024,3,952.28,livré,casa,Carte,LIV4,2024-02-07
CMD27310,CL0044,P073,Apr 21 2023,5,0,livré,kech,Carte,LIV8,2023-04-26
CMD20721,CL0744,P040,22/02/2023,3,3643.77,livre,Tnja,Carte,,
CMD43545,CL0166,P025,2024-03-26,3,4620.26,DONE,TANGER,Carte,,2024-03-31
CMD33088,CL0539,P018,13/12/2023,5,2458.48,KO,TANGER,Carte,LIV5,
CMD47569,CL0473,P084,2023-11-21,5,3834.83,livre,TANGER,Carte,LIV1,
CMD21653,CL0453,P062,2023-11-26,2,825.24,retourné,CASABLANCA,Carte,LIV10,2023-11-27
CMD06020,CL0271,P027,Jul 24 2023,4,1897.07,OK,TNG,Carte,LIV8,
CMD27586,CL0668,P074,29/01/2023,1,4617.64,DONE,kech,Carte,LIV5,2023-02-03
CMD16323,CL0258,P074,2024-04-30,3,1225.64,livré,TANGER,Carte,LIV8,2024-05-04
CMD26291,CL0963,P063,05/05/2024,2,3419.29,en_cours,marrakech,Carte,LIV1,
CMD37110,CL0328,P078,27/02/2024,4,2029.57,livré,TNG,Carte,LIV6,2024-03-02
CMD23925,CL0878,P100,2023-10-09,5,1764.51,livre,CASABLANCA,Carte,LIV3,
CMD04432,CL0379,P098,28/07/2023,1,4511.46,DONE,Agadir,Carte,LIV6,2023-08-02
CMD30037,CL0307,P005,Jun 22 2023,5,696.16,retourné,kech,Carte,LIV2,2023-06-23
CMD19256,CL0626,P098,2023-02-03,4,3764.79,DONE,TNG,Carte,LIV1,2023-02-07
CMD29116,CL0539,P058,2023-11-10,5,891.15,en_cours,marrakech,Carte,LIV6,
CMD41326,CL0862,P059,Mar 28 2023,3,2682.67,livre,CASABLANCA,Carte,LIV5,
CMD42291,CL0455,P064,2024-04-06,1,2509.18,LIVRE,kech,Carte,LIV4,2024-04-11
CMD08899,CL0994,P048,07/09/2023,5,3358.55,retourné,casa,Carte,LIV4,2023-09-12
CMD43147,CL0174,P052,Feb 02 2024,5,1567.02,livre,Agadir,Carte,LIV3,
CMD23972,CL0448,P035,Feb 08 2023,5,3701.66,KO,tanger,Carte,LIV1,
CMD14932,CL0062,P068,2023-11-30,3,4418.31,OK,TNG,Carte,LIV9,
CMD28044,CL0737,P044,Mar 20 2024,4,1068.23,LIVRE,RBA,Carte,LIV9,2024-03-22
CMD27182,CL0082,P028,Apr 24 2024,3,1756.82,livré,casa,Carte,LIV1,2024-04-29
CMD03381,CL0243,P018,30/05/2023,1,1211.44,OK,Tnja,Carte,LIV5,
CMD24903,CL0284,P048,2023-05-07,2,4981.64,livré,RBA,Carte,LIV5,2023-05-09
CMD40312,CL0709,P061,08/12/2023,5,3892.5,livré,CASABLANCA,Carte,LIV7,2023-12-12
CMD11970,CL0052,P067,11/08/2023,4,1528.91,OK,Agadir,Carte,LIV4,
CMD14908,CL0881,P099,2023-09-17,3,1616.15,annulé,TANGER,Carte,LIV2,
CMD31880,CL0954,P009,17/05/2023,5,2560.86,livré,RBA,Carte,LIV7,2023-05-22
CMD02577,CL0055,P048,10/01/2023,5,1970.83,livre,TANGER,Carte,LIV4,
CMD18427,CL0339,P074,15/12/2023,5,1789.0,livré,casa,Carte,LIV2,2023-12-16
CMD15630,CL0591,P044,May 01 2024,3,3776.92,livre,TNG,Carte,LIV4,
CMD39200,CL0746,P042,19/02/2023,1,3350.76,annulé,TNG,Carte,,
CMD36738,CL0793,P023,Oct 21 2023,4,1540.52,livré,TANGER,Carte,LIV4,2023-10-24
CMD04575,CL0416,P084,May 10 2024,1,3475.05,DONE,RBA,Carte,LIV7,2024-05-13
CMD32273,CL0406,P037,2023-08-03,1,931.56,en_cours,marrakech,Carte,LIV3,
CMD04639,CL0107,P009,2024-02-01,2,1580.73,KO,RBA,Carte,,
CMD02868,CL0253,P074,18/01/2024,3,1891.23,annulé,TNG,Carte,,
CMD26702,CL0023,P092,2023-08-23,4,3230.51,livré,TANGER,Carte,LIV7,2023-08-24
CMD24554,CL0453,P075,Feb 09 2023,4,2832.86,DONE,TANGER,Carte,LIV1,2023-02-10
CMD21135,CL0039,P072,Oct 05 2023,5,584.16,DONE,TNG,Carte,LIV1,2023-10-07
CMD09299,CL0860,P003,2023-08-29,2,435.74,OK,casa,Carte,LIV2,
CMD14610,CL0949,P004,2023-12-14,1,3800.02,livre,CASABLANCA,Carte,LIV6,
CMD16686,CL0936,P005,2023-09-10,1,4246.71,annulé,casa,Carte,LIV10,
CMD38919,CL0206,P066,2023-07-05,1,4256.55,annulé,marrakech,Carte,LIV2,
CMD40078,CL0623,P094,19/01/2023,5,4015.03,DONE,TANGER,Carte,LIV3,2023-01-20
CMD28676,CL0575,P085,2023-07-17,1,4535.54,livre,Agadir,Carte,LIV6,
CMD09892,CL0461,P036,2023-08-01,4,4669.55,DONE,kech,Carte,LIV5,2023-08-06
CMD42967,CL0557,P034,Jul 12 2023,5,3194.54,retourné,Agadir,Carte,LIV3,2023-07-15
CMD09608,CL0262,P072,08/09/2023,3,4524.14,livré,Agadir,Carte,LIV2,2023-09-11
CMD05284,CL0553,P032,2023-09-01,1,3190.66,retourné,kech,Carte,LIV8,2023-09-05
CMD43391,CL0030,P025,Aug 03 2023,2,0,livré,marrakech,Carte,LIV4,2023-08-05
CMD19239,CL0438,P100,29/03/2023,2,2883.79,annulé,TANGER,Carte,LIV7,
CMD00753,CL0127,P028,2023-03-15,4,2780.54,annulé,TANGER,Carte,LIV9,
CMD44749,CL0944,P092,16/07/2023,5,2835.9,DONE,marrakech,Carte,LIV5,2023-07-17
CMD42606,CL0121,P044,Sep 16 2023,3,4109.93,KO,marrakech,Carte,LIV5,
CMD47846,CL0152,P084,Aug 17 2023,5,4293.47,LIVRE,casa,Carte,,2023-08-19
CMD03562,CL0890,P001,16/02/2024,4,3328.63,livré,tanger,Carte,LIV8,2024-02-20
CMD25370,CL0169,P050,02/06/2023,3,797.14,annulé,RBA,Carte,LIV6,
CMD01413,CL0742,P081,15/01/2024,4,2736.64,DONE,TNG,Carte,LIV4,2024-01-18
CMD12651,CL0678,P004,Jan 13 2024,4,3436.59,annulé,marrakech,Carte,LIV1,
CMD12942,CL0819,P055,2023-09-17,3,130.38,OK,Agadir,Carte,LIV7,
CMD30816,CL0033,P008,Nov 02 2023,5,129.55,OK,RBA,Carte,LIV1,
CMD12776,CL0915,P047,03/07/2023,1,0,KO,Agadir,Carte,LIV1,
CMD25951,CL0763,P082,Feb 08 2023,3,1984.5,livré,Tnja,Carte,LIV10,2023-02-09
CMD39571,CL0481,P006,Aug 08 2023,5,293.31,livre,Tnja,Carte,LIV1,
CMD28367,CL0316,P053,2023-09-11,3,2752.88,KO,marrakech,Carte,LIV9,
CMD22798,CL0488,P053,Mar 23 2024,4,4863.04,annulé,casa,Carte,,
CMD13358,CL0625,P088,Feb 02 2024,3,810.26,KO,TNG,Carte,,
CMD04837,CL0536,P064,2023-01-12,1,1199.88,annulé,TNG,Carte,LIV2,
CMD05930,CL0643,P068,14/01/2024,3,2164.07,livré,CASABLANCA,Carte,LIV5,2024-01-17
CMD42024,CL0828,P044,Feb 02 2024,1,4602.57,retourné,kech,Carte,LIV1,2024-02-05
CMD44985,CL0345,P084,Mar 30 2024,4,2873.8,LIVRE,casa,Carte,LIV7,2024-03-31
CMD23930,CL0699,P078,Dec 14 2023,3,1247.1,livré,Agadir,Carte,,2023-12-19
CMD40441,CL0659,P031,Apr 10 2023,2,2107.3,livré,TNG,Carte,LIV6,2023-04-11
CMD24218,CL0983,P099,2024-03-22,4,636.81,KO,RBA,Carte,LIV6,
CMD35751,CL0005,P047,23/06/2023,5,2271.5,livré,kech,Carte,LIV8,2023-06-25
CMD20137,CL0619,P009,13/03/2023,5,1408.52,retourné,marrakech,Carte,LIV8,2023-03-17
CMD29841,CL0866,P010,Apr 17 2023,4,4124.26,livre,kech,Carte,LIV1,
CMD07289,CL0857,P092,17/09/2023,2,3371.78,livre,TANGER,Carte,LIV5,
CMD37987,CL0643,P011,Nov 16 2023,2,892.01,KO,Agadir,Carte,LIV6,
CMD23239,CL0036,P060,15/04/2024,5,697.03,DONE,tanger,Carte,LIV1,2024-04-17
CMD02958,CL0778,P059,Sep 23 2023,5,3341.27,KO,kech,Carte,LIV3,
CMD31528,CL0744,P065,May 05 2023,2,316.01,livré,Agadir,Carte,,2023-05-07
CMD43622,CL0228,P050,Sep 04 2023,4,4757.6,livre,kech,Carte,LIV4,
CMD34904,CL0253,P072,30/06/2023,3,341.88,LIVRE,Tnja,Carte,LIV2,2023-07-03
CMD40279,CL0500,P044,Feb 20 2023,4,2313.28,livré,casa,Carte,LIV10,2023-02-25
CMD27194,CL0333,P032,2023-05-22,5,2345.19,annulé,TANGER,Carte,LIV6,
CMD46625,CL0718,P071,Feb 24 2023,3,1117.34,livré,tanger,Carte,LIV9,2023-02-27
CMD38066,CL0150,P087,2024-03-28,3,1467.36,livre,Agadir,Carte,LIV8,
CMD11772,CL0639,P039,2023-04-18,5,4227.67,livré,Tnja,Carte,LIV6,2023-04-21
CMD44782,CL0072,P092,06/02/2023,4,3093.06,livre,tanger,Carte,LIV1,
CMD35402,CL0182,P006,Oct 02 2023,4,562.99,en_cours,kech,Carte,LIV10,
CMD25638,CL0590,P018,24/07/2023,2,0,livré,tanger,Carte,LIV7,2023-07-29
CMD37806,CL0970,P028,18/03/2023,1,590.51,livré,TNG,Carte,LIV4,2023-03-22
CMD33238,CL0309,P042,25/07/2023,1,4876.86,LIVRE,TANGER,Carte,LIV7,2023-07-29
CMD11281,CL0992,P049,Jun 25 2023,4,744.05,livre,CASABLANCA,Carte,LIV6,
CMD26802,CL0352,P065,2023-07-11,2,3071.47,DONE,CASABLANCA,Carte,,2023-07-13
CMD22772,CL0824,P013,12/02/2023,5,1227.64,LIVRE,TANGER,Carte,LIV1,2023-02-16
CMD15283,CL0790,P036,23/09/2023,3,3378.74,OK,kech,Carte,LIV6,
CMD16417,CL0685,P006,Aug 27 2023,2,1590.69,annulé,Agadir,Carte,,
CMD32471,CL0163,P048,2023-07-16,2,3544.57,LIVRE,tanger,Carte,LIV3,2023-07-18
CMD31791,CL0470,P098,2024-02-19,4,3445.55,livre,CASABLANCA,Carte,,
CMD06735,CL0845,P049,Aug 19 2023,3,2655.78,en_cours,casa,Carte,LIV4,
CMD17678,CL0444,P071,09/02/2024,1,4401.33,DONE,Tnja,Carte,LIV7,2024-02-13
CMD37744,CL0901,P097,Apr 05 2023,3,2408.27,KO,tanger,Carte,LIV4,
CMD16523,CL0478,P006,02/05/2024,5,4939.93,livré,TNG,Carte,LIV6,2024-05-03
CMD14048,CL0383,P013,28/10/2023,3,2677.38,DONE,casa,Carte,,2023-11-01
CMD16873,CL0975,P050,Jul 17 2023,4,1463.63,DONE,TNG,Carte,LIV8,2023-07-20
CMD33445,CL0212,P007,09/03/2024,4,1277.99,LIVRE,TANGER,Carte,LIV5,2024-03-12
CMD43297,CL0408,P025,May 11 2023,5,1973.77,KO,CASABLANCA,Carte,,
CMD31265,CL0879,P090,2024-03-12,1,1702.49,annulé,kech,Carte,LIV4,
CMD27914,CL0242,P010,2023-05-05,3,2977.41,OK,kech,Carte,,
CMD45422,CL0516,P087,2023-10-09,2,3644.61,en_cours,tanger,Carte,LIV5,
CMD36324,CL0030,P043,16/07/2023,4,87.43,KO,TNG,Carte,LIV9,
CMD28962,CL0622,P010,26/06/2023,1,3879.91,LIVRE,TNG,Carte,LIV7,2023-06-30
CMD08019,CL0783,P018,May 14 2024,2,463.06,OK,RBA,Carte,LIV4,
CMD00977,CL0991,P061,2023-06-11,3,0,livré,tanger,Carte,LIV7,2023-06-13
CMD14489,CL0423,P052,Jun 07 2023,4,4106.02,retourné,TANGER,Carte,LIV5,2023-06-11
CMD27161,CL0446,P095,2024-03-20,3,1462.4,retourné,kech,Carte,LIV4,2024-03-22
CMD08227,CL0382,P039,Jan 15 2024,3,1109.12,retourné,kech,Carte,LIV4,2024-01-20
CMD03271,CL0450,P050,04/10/2023,2,2490.88,en_cours,TANGER,Carte,LIV10,
CMD00479,CL0705,P054,10/01/2024,1,2728.92,LIVRE,Agadir,Carte,LIV5,2024-01-15
CMD15744,CL0955,P028,2024-04-05,2,1806.08,en_cours,TNG,Carte,LIV2,
CMD41840,CL0611,P016,Apr 10 2024,5,2087.12,livré,RBA,Carte,LIV4,2024-04-15
CMD23391,CL0244,P088,Mar 21 2024,2,4803.61,DONE,Agadir,Carte,,2024-03-24
CMD02972,CL0123,P066,2023-04-24,4,3527.14,DONE,marrakech,Carte,LIV2,2023-04-25
CMD30281,CL0789,P093,2024-03-03,3,3759.58,livre,marrakech,Carte,LIV7,
CMD33101,CL0282,P039,Apr 15 2024,5,1474.77,OK,Tnja,Carte,LIV3,
CMD06831,CL0189,P085,Dec 13 2023,1,4920.85,livré,marrakech,Carte,LIV4,2023-12-18
CMD10841,CL0042,P068,30/07/2023,4,2363.34,KO,Agadir,Carte,LIV9,
CMD13408,CL0187,P096,20/03/2024,3,3140.62,livre,marrakech,Carte,LIV1,
CMD34782,CL0926,P050,Jun 07 2023,1,3341.93,livre,CASABLANCA,Carte,LIV1,
CMD21398,CL0292,P053,22/08/2023,4,3463.4,LIVRE,TNG,Carte,,2023-08-27
CMD41694,CL0819,P060,2024-03-22,4,3340.96,KO,tanger,Carte,LIV10,
CMD33668,CL0665,P003,Jul 03 2023,2,3348.27,KO,CASABLANCA,Carte,LIV2,
CMD28670,CL0808,P082,12/05/2023,5,4256.78,en_cours,TNG,Carte,LIV7,
CMD26358,CL0981,P044,2024-03-01,1,1721.32,DONE,kech,Carte,LIV3,2024-03-04
CMD28914,CL0990,P053,Mar 08 2024,4,603.86,annulé,casa,Carte,LIV3,
CMD17517,CL0284,P073,26/02/2023,4,2177.44,livre,casa,Carte,LIV5,
CMD27618,CL0346,P030,2023-10-22,5,4438.14,KO,Agadir,Carte,LIV9,
CMD33325,CL0491,P059,04/12/2023,5,2532.86,KO,Tnja,Carte,LIV8,
CMD05845,CL0050,P019,Nov 25 2023,2,0,DONE,TNG,Carte,LIV9,2023-11-28
CMD12604,CL0279,P072,Jan 07 2023,2,1016.78,en_cours,casa,Carte,LIV2,
CMD08795,CL0614,P067,Mar 26 2024,2,1536.41,livré,TANGER,Carte,LIV10,2024-03-28
CMD21904,CL0667,P022,2023-08-03,2,3564.57,LIVRE,TANGER,Carte,LIV10,2023-08-04
CMD08105,CL0446,P020,2023-07-17,3,1847.24,OK,marrakech,Carte,LIV4,
CMD36384,CL0570,P064,May 30 2023,2,4345.97,OK,marrakech,Carte,LIV1,
CMD06835,CL0053,P038,Aug 03 2023,2,0,DONE,marrakech,Carte,LIV6,2023-08-07
CMD35065,CL0507,P052,29/08/2023,2,1117.2,annulé,Agadir,Carte,LIV2,
CMD12724,CL0051,P078,May 08 2024,4,4299.79,livré,marrakech,Carte,LIV1,2024-05-10
CMD13433,CL0227,P010,Apr 03 2023,4,4964.08,livré,Tnja,Carte,LIV1,2023-04-05
CMD30223,CL0048,P095,18/12/2023,3,3554.68,KO,TNG,Carte,LIV2,
CMD42072,CL0256,P034,2023-11-07,3,4146.98,LIVRE,marrakech,Carte,,2023-11-11
CMD03279,CL0142,P056,20/06/2023,5,3256.89,en_cours,kech,Carte,LIV10,
CMD35541,CL0736,P058,2023-03-02,3,2929.86,LIVRE,TANGER,Carte,LIV1,2023-03-05
CMD19771,CL0227,P047,2024-03-02,4,4194.91,livré,kech,Carte,,2024-03-04
CMD07103,CL0264,P032,Dec 14 2023,3,4474.55,annulé,CASABLANCA,Carte,LIV10,
CMD44163,CL0224,P046,23/07/2023,5,4620.15,KO,marrakech,Carte,LIV6,
CMD05412,CL0666,P038,2024-02-08,1,3696.47,livré,kech,Carte,LIV2,2024-02-13
CMD41432,CL0736,P065,2023-12-13,4,4289.07,en_cours,Agadir,Carte,LIV8,
CMD19802,CL0863,P038,15/10/2023,4,0,annulé,tanger,Carte,LIV7,
CMD17465,CL0273,P083,2023-08-12,1,417.44,en_cours,RBA,Carte,LIV2,
CMD22428,CL0611,P067,07/02/2023,2,301.26,KO,Agadir,Carte,LIV4,
CMD41835,CL0335,P088,2024-04-30,1,915.9,livre,TNG,Carte,LIV2,
CMD15079,CL0989,P069,2023-01-21,4,2587.69,retourné,kech,Carte,LIV6,2023-01-24
CMD40773,CL0281,P046,15/01/2024,2,2327.51,LIVRE,TNG,Carte,LIV10,2024-01-20
CMD34911,CL0789,P084,Jan 21 2024,2,3139.24,livré,Tnja,Carte,LIV2,2024-01-25
CMD39805,CL0735,P082,17/06/2023,4,930.29,en_cours,CASABLANCA,Carte,LIV1,
CMD35792,CL0573,P054,29/05/2023,4,243.65,KO,casa,Carte,,
CMD29188,CL0199,P091,21/07/2023,3,1343.39,livré,TNG,Carte,LIV6,2023-07-22
CMD22449,CL0525,P047,20/04/2023,1,3342.84,retourné,TNG,Carte,LIV10,2023-04-21
CMD04116,CL0877,P035,12/12/2023,5,1268.08,livré,RBA,Carte,LIV5,2023-12-13
CMD21047,CL0762,P057,2023-11-25,5,2135.92,livré,RBA,Carte,LIV9,2023-11-29
CMD39189,CL0227,P048,03/09/2023,4,1796.41,KO,Agadir,Carte,LIV10,
CMD01065,CL0390,P065,31/10/2023,5,381.55,DONE,marrakech,Carte,LIV8,2023-11-04
CMD46762,CL0582,P100,2024-03-02,1,1131.55,livré,tanger,Carte,LIV9,2024-03-05
CMD09133,CL0430,P025,2023-10-29,3,3149.27,retourné,Agadir,Carte,LIV8,2023-11-02
CMD23234,CL0338,P014,28/03/2024,1,3263.48,OK,tanger,Carte,LIV10,
CMD22318,CL0748,P046,Jun 29 2023,3,3693.57,livré,Tnja,Carte,LIV8,2023-06-30
CMD17871,CL0609,P017,Jan 04 2023,2,1094.19,retourné,RBA,Carte,LIV6,2023-01-09
CMD04322,CL0388,P082,2023-05-01,3,4690.82,en_cours,marrakech,Carte,LIV4,
CMD26428,CL0941,P073,2023-06-07,5,3225.1,KO,kech,Carte,LIV4,
CMD09979,CL0987,P100,23/02/2023,5,4469.95,livré,CASABLANCA,Carte,LIV3,2023-02-27
CMD28060,CL0088,P077,2023-11-02,1,2087.79,livré,Agadir,Carte,LIV2,2023-11-06
CMD42221,CL0408,P013,2023-05-14,1,215.52,annulé,marrakech,Carte,LIV5,
CMD36029,CL0145,P097,Mar 14 2023,1,3616.74,en_cours,marrakech,Carte,LIV1,
CMD05820,CL0313,P092,01/07/2023,5,901.51,annulé,kech,Carte,LIV8,
CMD39333,CL0567,P031,19/04/2023,2,2035.44,livré,TANGER,Carte,,2023-04-21
CMD24088,CL0771,P039,07/04/2024,2,154.08,en_cours,Tnja,Carte,LIV2,
CMD07770,CL0804,P073,2023-01-27,4,527.33,livré,Agadir,Carte,LIV5,2023-02-01
CMD09493,CL0952,P087,2023-06-18,2,302.32,annulé,kech,Carte,LIV1,
CMD00939,CL0510,P034,Nov 15 2023,2,957.69,livré,marrakech,Carte,LIV10,2023-11-19
CMD17950,CL0395,P085,Jun 29 2023,4,4056.78,LIVRE,marrakech,Carte,LIV2,2023-07-01
CMD30256,CL0005,P091,2024-02-16,3,4444.9,livré,Tnja,Carte,LIV4,2024-02-18
CMD22859,CL0570,P069,2023-04-08,2,3944.93,KO,kech,Carte,LIV7,
CMD48058,CL0584,P015,2023-06-27,2,866.32,livré,tanger,Carte,LIV7,2023-06-29
CMD22982,CL0554,P036,Jan 29 2024,4,3155.39,retourné,casa,Carte,LIV3,2024-02-01
CMD25643,CL0068,P089,2023-11-01,4,100.96,LIVRE,tanger,Carte,LIV1,2023-11-05
CMD09269,CL0897,P053,2023-11-13,4,2220.21,livré,marrakech,Carte,LIV6,2023-11-14
CMD25316,CL0543,P033,2023-08-19,2,4980.37,DONE,marrakech,Carte,LIV2,2023-08-21
CMD02190,CL0637,P064,Jan 22 2023,5,53.25,livré,TANGER,Carte,LIV10,2023-01-25
CMD27004,CL0767,P056,2023-07-05,5,345.01,DONE,TANGER,Carte,LIV9,2023-07-06
CMD46568,CL0140,P031,Feb 16 2024,3,4091.73,livré,Tnja,Carte,LIV10,2024-02-18
CMD24862,CL0203,P092,12/04/2023,3,2032.38,en_cours,TNG,Carte,LIV4,
CMD45894,CL0386,P027,2023-05-01,1,3958.06,retourné,marrakech,Carte,LIV1,2023-05-06
CMD42355,CL0247,P050,30/08/2023,4,1161.86,retourné,tanger,Carte,LIV7,2023-09-01
CMD25044,CL0497,P017,Jun 10 2023,-1,3251.68,annulé,Agadir,Carte,LIV3,
CMD38072,CL0297,P072,27/03/2024,5,857.89,livré,TNG,Carte,LIV2,2024-03-28
CMD26330,CL0118,P007,2023-08-02,5,3860.26,livre,CASABLANCA,Carte,,
CMD01151,CL0796,P087,2023-04-14,4,2863.45,KO,Agadir,Carte,LIV9,
CMD38832,CL0674,P015,2024-04-16,4,1851.55,livré,CASABLANCA,Carte,LIV1,2024-04-20
CMD09718,CL0849,P005,2024-03-06,5,1053.42,livré,kech,Carte,LIV4,2024-03-09
CMD05919,CL0598,P017,03/03/2024,1,637.79,OK,TANGER,Carte,,
CMD03173,CL0836,P098,2023-01-25,4,3205.12,OK,Agadir,Carte,LIV5,
CMD33410,CL0784,P085,2023-12-23,3,3282.16,en_cours,TANGER,Carte,LIV1,
CMD16016,CL0272,P018,19/09/2023,4,3268.5,LIVRE,RBA,Carte,LIV4,2023-09-22
CMD41125,CL0781,P036,2023-03-07,3,3822.94,OK,Agadir,Carte,LIV7,
CMD23183,CL0478,P014,Dec 27 2023,2,2693.99,OK,Agadir,Carte,LIV3,
CMD48087,CL0705,P002,10/04/2024,5,3439.76,en_cours,Agadir,Carte,LIV3,
CMD42912,CL0811,P095,2023-09-14,4,4019.82,livré,TANGER,Carte,LIV3,2023-09-16
CMD17043,CL0483,P063,Apr 12 2023,4,4112.63,en_cours,tanger,Carte,LIV9,
CMD47044,CL0516,P067,2023-03-17,1,52.68,LIVRE,TANGER,Carte,LIV4,2023-03-22
CMD13687,CL0682,P083,Jul 28 2023,1,1740.23,DONE,Agadir,Carte,LIV8,2023-08-01
CMD05252,CL0003,P083,2023-09-25,3,1809.73,livré,RBA,Carte,LIV7,2023-09-30
CMD35194,CL0889,P088,Nov 09 2023,4,4920.68,LIVRE,casa,Carte,,2023-11-13
CMD33871,CL0473,P060,2023-08-21,4,1014.11,livre,RBA,Carte,LIV6,
CMD24616,CL0026,P008,2023-07-25,1,674.54,OK,RBA,Carte,LIV5,
CMD12706,CL0826,P058,12/08/2023,2,4292.79,annulé,TNG,Carte,LIV8,
CMD34957,CL0037,P084,24/04/2023,4,0,LIVRE,casa,Carte,LIV5,2023-04-26
CMD06336,CL0531,P021,Feb 07 2024,2,2777.68,en_cours,kech,Carte,LIV2,
CMD37309,CL0031,P059,20/09/2023,4,4114.53,en_cours,RBA,Carte,LIV7,
CMD25922,CL0046,P082,Jan 07 2023,1,2211.31,KO,TANGER,Carte,LIV5,
CMD00527,CL0197,P085,Apr 24 2024,3,136.99,OK,tanger,Carte,LIV7,
CMD47989,CL0303,P006,Apr 14 2023,2,4455.2,KO,tanger,Carte,LIV8,
CMD08737,CL0151,P001,2024-03-20,2,4818.9,livré,marrakech,Carte,LIV2,2024-03-23
CMD16713,CL0514,P001,Jan 09 2023,4,3362.66,LIVRE,RBA,Carte,LIV10,2023-01-14
CMD43397,CL0588,P001,27/03/2023,5,4419.8,livré,TNG,Carte,LIV3,2023-03-28
CMD46546,CL0156,P001,2024-05-05,5,1645.31,livre,RBA,Carte,LIV4,
CMD10932,CL0385,P005,Feb 29 2024,-1,4550.87,DONE,tanger,Carte,LIV4,2024-03-03
CMD07368,CL0414,P056,Nov 20 2023,1,3104.04,livré,CASABLANCA,Carte,LIV4,2023-11-21
CMD29241,CL0808,P034,03/01/2024,3,4317.35,en_cours,marrakech,Carte,LIV2,
CMD43518,CL0445,P053,Aug 18 2023,5,2514.09,DONE,Agadir,Carte,LIV3,2023-08-21
CMD43895,CL0358,P025,Aug 26 2023,3,2353.56,livré,marrakech,Carte,LIV10,2023-08-28
CMD31358,CL0370,P079,2024-02-06,5,4745.89,livré,Agadir,Carte,LIV10,2024-02-08
CMD47633,CL0806,P005,2023-05-17,4,4304.42,DONE,casa,Carte,LIV1,2023-05-21
CMD06040,CL0581,P035,16/03/2024,1,3752.37,OK,CASABLANCA,Carte,LIV10,
CMD11521,CL0191,P035,2023-03-20,4,4093.5,livré,TNG,Carte,LIV5,2023-03-25
CMD06681,CL0886,P096,Jan 24 2024,2,4628.0,livre,CASABLANCA,Carte,LIV6,
CMD05625,CL0106,P074,2023-04-20,3,1668.59,OK,Tnja,Carte,LIV6,
CMD08405,CL0970,P094,21/01/2024,4,1724.09,OK,RBA,Carte,LIV2,
CMD34713,CL0622,P099,Nov 26 2023,2,3467.86,LIVRE,RBA,Carte,LIV5,2023-11-28
CMD33458,CL0073,P043,2024-03-14,1,1923.84,annulé,TNG,Carte,LIV8,
CMD17491,CL0466,P043,29/08/2023,2,3195.11,retourné,casa,Carte,LIV3,2023-08-31
CMD16621,CL0811,P069,20/03/2024,5,1673.18,OK,tanger,Carte,LIV4,
CMD13085,CL0085,P006,Jun 23 2023,1,3124.92,KO,Tnja,Carte,LIV5,
CMD27054,CL0016,P084,2024-04-15,2,3941.31,DONE,tanger,Carte,LIV5,2024-04-20
CMD31685,CL0989,P100,2024-04-18,3,50.04,OK,kech,Carte,LIV4,
CMD31155,CL0926,P012,2023-05-22,5,4106.07,livré,TANGER,Carte,LIV4,2023-05-25
CMD39403,CL0191,P070,03/02/2023,4,4326.07,LIVRE,Agadir,Carte,LIV1,2023-02-05
CMD17423,CL0897,P085,2023-05-05,2,2896.55,livré,Tnja,Carte,LIV9,2023-05-07
CMD13215,CL0719,P018,08/04/2024,5,2475.98,DONE,TNG,Carte,LIV9,2024-04-13
CMD42041,CL0382,P027,Jun 03 2023,5,3945.16,annulé,TANGER,Carte,LIV10,
CMD46964,CL0781,P023,03/01/2023,4,1877.72,retourné,Agadir,Carte,LIV10,2023-01-07
CMD25530,CL0329,P045,23/01/2024,5,0,LIVRE,kech,Carte,LIV7,2024-01-24
CMD42600,CL0893,P081,Sep 19 2023,5,1009.08,LIVRE,RBA,Carte,LIV9,2023-09-22
CMD36790,CL0279,P025,01/10/2023,4,3095.01,livré,Tnja,Carte,LIV4,2023-10-04
CMD12108,CL0159,P047,20/08/2023,2,880.62,OK,kech,Carte,LIV7,
CMD19381,CL0175,P048,Oct 27 2023,4,3686.2,OK,Tnja,Carte,LIV2,
CMD35311,CL0787,P057,Apr 20 2024,3,2372.26,LIVRE,CASABLANCA,Carte,,2024-04-21
CMD27154,CL0817,P066,2023-08-21,4,993.15,DONE,TNG,Carte,LIV5,2023-08-24
CMD46860,CL0437,P070,31/10/2023,1,2159.95,LIVRE,tanger,Carte,,2023-11-01
CMD01387,CL0699,P050,Jan 03 2024,2,2772.79,livre,Tnja,Carte,LIV1,
CMD01854,CL0037,P057,2023-07-15,4,1295.6,en_cours,tanger,Carte,LIV3,
CMD38928,CL0189,P016,25/01/2024,3,569.15,OK,TNG,Carte,LIV8,
CMD24067,CL0276,P043,2024-03-28,3,156.2,annulé,CASABLANCA,Carte,LIV4,
CMD10195,CL0419,P058,2023-12-01,2,2901.94,DONE,marrakech,Carte,LIV10,2023-12-02
CMD18693,CL0834,P063,2023-09-04,4,3544.47,retourné,CASABLANCA,Carte,LIV9,2023-09-05
CMD04189,CL0727,P048,Jan 18 2023,2,1714.08,livré,marrakech,Carte,LIV2,2023-01-20
CMD21072,CL0937,P004,Dec 19 2023,2,2052.96,OK,TNG,Carte,LIV7,
CMD22563,CL0184,P079,2024-01-24,3,2493.1,OK,TANGER,Carte,LIV8,
CMD27073,CL0150,P088,2023-04-08,2,4899.75,livre,TNG,Carte,,
CMD23901,CL0736,P025,Aug 19 2023,4,4886.49,livré,CASABLANCA,Carte,,2023-08-22
CMD08273,CL0094,P032,Jun 18 2023,3,2632.96,LIVRE,Tnja,Carte,LIV4,2023-06-20
CMD30762,CL0234,P047,2023-11-12,3,4700.35,DONE,kech,Carte,LIV2,2023-11-15
CMD33570,CL0507,P036,Dec 17 2023,1,2125.71,livre,TNG,Carte,LIV6,
CMD28987,CL0462,P009,17/01/2023,4,1060.7,livré,tanger,Carte,LIV5,2023-01-19
CMD11545,CL0847,P098,Mar 31 2024,5,504.33,annulé,CASABLANCA,Carte,LIV1,
CMD20795,CL0074,P064,06/04/2023,3,3944.5,LIVRE,kech,Carte,LIV8,2023-04-09
CMD07311,CL0643,P075,2023-03-27,5,1276.28,annulé,tanger,Carte,,
CMD04871,CL0787,P079,05/05/2023,3,2452.83,KO,CASABLANCA,Carte,LIV5,
CMD39596,CL0272,P012,21/09/2023,4,211.11,OK,TNG,Carte,LIV6,
CMD04024,CL0139,P100,2023-06-11,3,3234.41,retourné,casa,Carte,LIV6,2023-06-13
CMD32699,CL0494,P058,18/02/2023,2,4047.09,livré,TANGER,Carte,LIV8,2023-02-20
CMD10068,CL0540,P088,2024-02-26,3,1985.5,annulé,TANGER,Carte,LIV3,
CMD47088,CL0494,P052,Sep 23 2023,3,985.33,retourné,Tnja,Carte,LIV2,2023-09-27
CMD08812,CL0669,P035,28/11/2023,1,930.89,DONE,TNG,Carte,LIV7,2023-11-29
CMD16150,CL0936,P002,2023-02-07,1,2759.46,OK,marrakech,Carte,LIV4,
CMD20415,CL0099,P089,2023-07-06,5,414.28,OK,kech,Carte,LIV5,
CMD33905,CL0368,P061,Feb 12 2023,2,784.49,OK,RBA,Carte,LIV4,
CMD32237,CL0298,P044,2024-03-13,5,4796.63,livré,casa,Carte,LIV7,2024-03-18
CMD12741,CL0097,P016,2023-06-24,1,3409.34,annulé,kech,Carte,LIV10,
CMD22123,CL0253,P017,2023-07-29,4,450.99,LIVRE,RBA,Carte,LIV7,2023-07-30
CMD47662,CL0694,P061,2023-03-26,2,1998.38,livré,TANGER,Carte,LIV3,2023-03-27
CMD25587,CL0569,P019,11/04/2023,2,1854.56,LIVRE,marrakech,Carte,LIV2,2023-04-13
CMD44960,CL0100,P087,06/08/2023,3,1037.85,LIVRE,tanger,Carte,LIV8,2023-08-09
CMD10450,CL0138,P071,25/04/2023,4,0,livré,marrakech,Carte,LIV9,2023-04-29
CMD20833,CL0116,P018,Mar 08 2024,5,4713.29,en_cours,TANGER,Carte,,
CMD31795,CL0132,P009,Mar 28 2023,4,908.1,livré,casa,Carte,,2023-03-31
CMD16988,CL0984,P057,2023-06-05,5,975.68,livré,TANGER,Carte,LIV2,2023-06-07
CMD37020,CL0865,P042,Oct 20 2023,5,1363.36,livré,casa,Carte,LIV7,2023-10-22
CMD05116,CL0132,P098,Jul 24 2023,2,2999.5,livré,RBA,Carte,LIV9,2023-07-27
CMD40359,CL0348,P054,2023-07-25,5,2489.19,livre,TNG,Carte,LIV4,
CMD46947,CL0602,P088,Feb 12 2024,4,3289.33,LIVRE,marrakech,Carte,LIV3,2024-02-17
CMD24139,CL0172,P007,2023-08-22,1,845.51,KO,casa,Carte,LIV6,
CMD40955,CL0997,P036,2024-01-22,4,618.68,livré,Agadir,Carte,LIV8,2024-01-25
CMD33624,CL0357,P022,Jan 11 2023,3,255.31,KO,kech,Carte,LIV9,
CMD06268,CL0425,P053,Jan 31 2023,2,3419.09,livre,kech,Carte,LIV7,
CMD10940,CL0184,P084,21/08/2023,3,2045.52,livré,Tnja,Carte,LIV8,2023-08-25
CMD23791,CL0709,P036,Sep 05 2023,1,1223.3,annulé,casa,Carte,LIV9,
CMD20835,CL0041,P057,Jan 29 2023,5,2956.72,OK,RBA,Carte,LIV8,
CMD35184,CL0969,P096,Jan 01 2024,1,2872.91,DONE,TNG,Carte,LIV8,2024-01-06
CMD00950,CL0095,P038,Apr 19 2024,4,3937.45,livré,casa,Carte,LIV2,2024-04-21
CMD08850,CL0458,P100,Apr 13 2023,2,2035.65,livré,marrakech,Carte,LIV1,2023-04-17
CMD19945,CL0272,P069,Aug 20 2023,4,3419.79,annulé,casa,Carte,LIV10,
CMD16792,CL0421,P032,Mar 21 2024,2,452.5,en_cours,marrakech,Carte,LIV6,
CMD24285,CL0708,P043,13/12/2023,2,174.51,OK,kech,Carte,LIV6,
CMD02251,CL0172,P090,Dec 12 2023,4,0,livre,TANGER,Carte,LIV1,
CMD01173,CL0083,P066,19/01/2023,4,3599.36,DONE,TANGER,Carte,LIV3,2023-01-20
CMD41791,CL0103,P008,2023-09-27,3,93.26,OK,Tnja,Carte,LIV5,
CMD30786,CL0563,P097,2023-07-22,2,825.19,DONE,Agadir,Carte,LIV2,2023-07-26
CMD32806,CL0653,P065,03/05/2023,5,4420.7,livré,TNG,Carte,LIV6,2023-05-06
CMD27894,CL0391,P095,2024-02-02,5,3276.28,retourné,TANGER,Carte,LIV6,2024-02-06
CMD45840,CL0132,P053,2023-07-19,3,4036.27,LIVRE,TANGER,Carte,LIV8,2023-07-22
CMD14545,CL0435,P012,2024-01-21,1,4939.7,retourné,TNG,Carte,LIV8,2024-01-26
CMD03174,CL0999,P091,26/06/2023,1,1199.98,DONE,TANGER,Carte,LIV9,2023-06-29
CMD31006,CL0961,P033,2023-11-30,3,718.01,livré,TNG,Carte,LIV7,2023-12-03
CMD31523,CL0377,P067,02/07/2023,1,4995.18,livré,TNG,Carte,LIV10,2023-07-05
CMD05100,CL0727,P086,2024-01-24,1,98.29,annulé,TANGER,Carte,LIV6,
CMD43568,CL0502,P017,16/11/2023,5,3003.34,KO,TNG,Carte,LIV3,
CMD12337,CL0819,P013,2023-11-04,2,1210.03,livre,tanger,Carte,LIV2,
CMD13256,CL0772,P057,07/07/2023,5,4087.01,retourné,tanger,Carte,LIV9,2023-07-09
CMD06095,CL0467,P001,Mar 08 2023,2,4885.24,livré,tanger,Carte,LIV8,2023-03-13
CMD27522,CL0551,P010,21/04/2023,1,404.38,livre,casa,Carte,LIV9,
CMD03297,CL0122,P017,22/02/2023,5,3469.76,annulé,marrakech,Carte,LIV9,
CMD05425,CL0151,P097,May 21 2023,5,457.6,LIVRE,CASABLANCA,Carte,LIV3,2023-05-26
CMD33725,CL0934,P090,05/04/2023,2,3452.53,retourné,marrakech,Carte,LIV6,2023-04-06
CMD18065,CL0829,P038,2023-03-26,1,3454.77,KO,TANGER,Carte,LIV10,
CMD37859,CL0269,P053,2023-08-04,4,3470.76,livre,TANGER,Carte,LIV7,
CMD45334,CL0525,P056,2023-08-19,1,3817.24,OK,TNG,Carte,LIV8,
CMD23971,CL0920,P091,Mar 04 2024,4,3974.07,retourné,TANGER,Carte,LIV5,2024-03-06
CMD07789,CL0184,P076,23/07/2023,4,3378.18,DONE,tanger,Carte,LIV3,2023-07-25
CMD04567,CL0398,P068,08/06/2023,3,1771.47,DONE,TANGER,Carte,LIV7,2023-06-09
CMD19825,CL0503,P019,2024-02-11,3,2427.01,livré,TANGER,Carte,LIV8,2024-02-14
CMD21719,CL0873,P077,2024-02-04,1,727.14,annulé,CASABLANCA,Carte,LIV3,
CMD42321,CL0855,P011,19/08/2023,4,576.23,livré,CASABLANCA,Carte,LIV2,2023-08-21
CMD02226,CL0683,P072,26/01/2023,2,2522.52,en_cours,marrakech,Carte,LIV7,
CMD18636,CL0704,P024,2023-11-20,1,4385.97,livre,TNG,Carte,LIV3,
CMD42602,CL0301,P032,03/06/2023,5,2435.91,KO,kech,Carte,LIV4,
CMD38513,CL0561,P039,Jul 15 2023,1,4082.38,LIVRE,tanger,Carte,LIV2,2023-07-16
CMD27542,CL0902,P080,10/06/2023,2,2103.45,livré,TNG,Carte,LIV7,2023-06-15
CMD10985,CL0802,P065,2023-05-18,3,779.73,livré,Agadir,Carte,LIV4,2023-05-23
CMD10686,CL0018,P099,Aug 09 2023,5,4889.38,OK,CASABLANCA,Carte,LIV5,
CMD28343,CL0738,P063,31/01/2023,2,4145.1,livré,marrakech,Carte,LIV1,2023-02-02
CMD10963,CL0029,P075,2023-01-19,2,728.43,livré,CASABLANCA,Carte,LIV1,2023-01-21
CMD09011,CL0595,P027,14/07/2023,2,2225.96,retourné,TNG,Carte,LIV9,2023-07-19
CMD34151,CL0056,P057,2023-05-20,3,4366.63,livré,marrakech,Carte,LIV10,2023-05-21
CMD07860,CL0189,P005,Nov 13 2023,4,2573.07,annulé,Agadir,Carte,LIV2,
CMD14514,CL0770,P001,Apr 06 2024,1,140.07,KO,Tnja,Carte,LIV5,
CMD31152,CL0584,P093,Dec 30 2023,2,256.34,OK,tanger,Carte,LIV2,
CMD16280,CL0913,P055,Mar 13 2024,5,3962.06,livré,tanger,Carte,LIV10,2024-03-18
CMD08181,CL0552,P062,23/07/2023,5,3571.74,DONE,TNG,Carte,LIV6,2023-07-24
CMD16011,CL0775,P021,Feb 15 2024,3,4062.86,livré,TANGER,Carte,LIV3,2024-02-18
CMD31122,CL0310,P083,Nov 27 2023,2,3645.47,annulé,CASABLANCA,Carte,LIV10,
CMD39057,CL0101,P078,Nov 22 2023,4,1529.78,livre,casa,Carte,LIV1,
CMD20335,CL0267,P054,Jul 06 2023,4,3067.35,retourné,kech,Carte,LIV4,2023-07-10
CMD30350,CL0146,P089,Feb 07 2024,5,4778.48,OK,marrakech,Carte,LIV6,
CMD47967,CL0802,P011,2024-05-06,5,2891.61,LIVRE,CASABLANCA,Carte,LIV10,2024-05-10
CMD31421,CL0510,P060,22/02/2023,4,895.08,retourné,casa,Carte,LIV6,2023-02-25
CMD01815,CL0865,P047,Oct 16 2023,5,285.38,KO,tanger,Carte,LIV8,
CMD35320,CL0087,P027,2023-08-18,2,2299.62,retourné,Agadir,Carte,LIV10,2023-08-20
CMD22382,CL0168,P082,Jan 01 2023,2,3269.32,livre,marrakech,Carte,LIV6,
CMD23674,CL0326,P029,Jul 26 2023,2,3096.88,livré,casa,Carte,LIV9,2023-07-30
CMD22267,CL0925,P025,Aug 17 2023,5,4231.14,retourné,tanger,Carte,LIV3,2023-08-19
CMD46445,CL0201,P045,Feb 29 2024,2,4700.65,retourné,CASABLANCA,Carte,LIV3,2024-03-02
CMD18096,CL0199,P100,Oct 15 2023,4,2185.05,livre,CASABLANCA,Carte,,
CMD45636,CL0847,P035,Sep 16 2023,4,4737.52,LIVRE,CASABLANCA,Carte,LIV5,2023-09-20
CMD16615,CL0265,P067,Jun 16 2023,2,4479.63,livré,RBA,Carte,LIV5,2023-06-18
CMD08427,CL0282,P001,2024-04-10,4,4517.78,livré,Tnja,Carte,LIV1,2024-04-13
CMD39112,CL0373,P085,May 09 2024,5,2648.32,OK,casa,Carte,LIV8,
CMD37525,CL0208,P082,Oct 22 2023,5,4653.31,livré,Tnja,Carte,LIV10,2023-10-23
CMD37273,CL0930,P095,14/07/2023,2,1603.15,livre,marrakech,Carte,LIV10,
CMD19392,CL0170,P085,Mar 17 2024,4,2907.29,retourné,Agadir,Carte,LIV1,2024-03-19
CMD15787,CL0017,P087,28/01/2024,4,4977.09,DONE,TNG,Carte,LIV4,2024-02-02
CMD14840,CL0242,P072,12/06/2023,5,434.9,OK,Tnja,Carte,LIV1,
CMD32117,CL0768,P091,17/10/2023,3,2310.0,annulé,RBA,Carte,LIV5,
CMD09413,CL0226,P015,19/03/2023,2,3285.27,livre,marrakech,Carte,LIV10,
CMD26272,CL0209,P008,2023-12-09,5,2999.77,livré,casa,Carte,LIV9,2023-12-12
CMD16377,CL0602,P008,2023-10-22,1,2120.21,livré,marrakech,Carte,,2023-10-23
CMD32761,CL0793,P006,Mar 05 2023,3,889.15,livré,Tnja,Carte,LIV3,2023-03-06
CMD08546,CL0423,P024,24/04/2024,4,352.85,en_cours,CASABLANCA,Carte,LIV10,
CMD35150,CL0784,P069,Jan 18 2024,1,2814.64,en_cours,marrakech,Carte,LIV6,
CMD29821,CL0082,P059,Oct 30 2023,2,2699.17,annulé,tanger,Carte,LIV2,
CMD44383,CL0146,P045,Jan 22 2023,3,1865.55,livré,RBA,Carte,LIV6,2023-01-26
CMD26325,CL0877,P053,2023-12-03,3,1741.7,en_cours,casa,Carte,,
CMD26518,CL0118,P083,05/02/2024,1,4239.3,livré,CASABLANCA,Carte,,2024-02-07
CMD13959,CL0901,P061,Sep 06 2023,4,777.52,livré,Agadir,Carte,LIV6,2023-09-10
CMD33021,CL0916,P056,Aug 22 2023,4,1629.47,livré,Agadir,Carte,LIV6,2023-08-23
CMD35176,CL0523,P050,Feb 07 2023,3,2724.0,LIVRE,tanger,Carte,,2023-02-11
CMD17012,CL0908,P047,2023-03-16,2,4948.84,livré,Agadir,Carte,LIV5,2023-03-21
CMD22362,CL0819,P093,Apr 14 2024,4,1364.64,retourné,CASABLANCA,Carte,,2024-04-19
CMD14684,CL0898,P031,2023-11-12,3,1085.19,livré,CASABLANCA,Carte,LIV10,2023-11-17
CMD17440,CL0961,P080,Apr 25 2023,5,1751.76,OK,tanger,Carte,LIV7,
CMD04999,CL0317,P071,Dec 17 2023,2,4314.74,en_cours,marrakech,Carte,LIV8,
CMD02967,CL0830,P057,Apr 22 2023,5,2551.71,OK,RBA,Carte,LIV3,
CMD37485,CL0445,P066,30/09/2023,2,895.19,livré,CASABLANCA,Carte,LIV6,2023-10-04
CMD10716,CL0921,P030,27/03/2023,1,4208.54,en_cours,CASABLANCA,Carte,LIV5,
CMD03953,CL0763,P098,Oct 14 2023,4,3635.49,livré,kech,Carte,LIV9,2023-10-19
CMD36045,CL0073,P100,23/01/2023,5,3123.28,livré,Agadir,Carte,LIV2,2023-01-26
CMD46150,CL0930,P041,2023-05-19,5,3784.79,livré,casa,Carte,LIV6,2023-05-22
CMD27932,CL0484,P052,2024-03-09,5,1061.85,livré,RBA,Carte,LIV6,2024-03-14
CMD18594,CL0340,P066,Feb 11 2023,4,4965.01,livré,Agadir,Carte,LIV1,2023-02-13
CMD42824,CL0671,P031,Feb 19 2023,2,3237.24,livré,Agadir,Carte,LIV7,2023-02-24
CMD21413,CL0590,P023,2023-02-20,2,895.29,livré,Tnja,Carte,LIV1,2023-02-23
CMD15820,CL0363,P006,2023-12-20,5,2645.4,DONE,CASABLANCA,Carte,LIV3,2023-12-24
CMD19990,CL0645,P028,2024-01-05,1,2914.63,livre,TANGER,Carte,LIV2,
CMD32097,CL0353,P007,29/05/2023,1,4132.47,livré,casa,Carte,LIV2,2023-06-02
CMD32090,CL0920,P091,Mar 16 2024,2,1852.05,livré,Tnja,Carte,LIV7,2024-03-21
CMD04037,CL0740,P016,2024-05-07,1,3580.73,livré,TANGER,Carte,LIV9,2024-05-12
CMD35888,CL0137,P006,2023-01-08,5,2072.93,livré,TNG,Carte,LIV7,2023-01-09
CMD13561,CL0585,P033,Oct 18 2023,1,1283.21,livré,casa,Carte,LIV7,2023-10-21
CMD41325,CL0233,P089,Apr 29 2024,5,3575.81,livre,marrakech,Carte,LIV5,
CMD25528,CL0614,P072,22/02/2024,4,2595.46,KO,tanger,Carte,LIV2,
CMD20316,CL0761,P073,2023-10-08,2,1783.73,retourné,marrakech,Carte,LIV2,2023-10-12
CMD22606,CL0414,P016,20/03/2023,4,4630.32,KO,Agadir,Carte,LIV9,
CMD41293,CL0188,P013,2024-02-02,1,1707.75,LIVRE,TNG,Carte,LIV4,2024-02-05
CMD06602,CL0833,P041,2023-10-31,1,2753.53,livré,TANGER,Carte,LIV1,2023-11-03
CMD13990,CL0303,P006,2023-07-31,4,1844.15,LIVRE,casa,Carte,LIV5,2023-08-02
CMD18682,CL0004,P043,May 25 2023,4,4418.8,livré,RBA,Carte,LIV1,2023-05-27
CMD04187,CL0132,P040,27/10/2023,5,2647.87,DONE,Tnja,Carte,LIV2,2023-11-01
CMD42601,CL0954,P080,Jan 29 2023,3,3571.25,KO,TANGER,Carte,,
CMD26618,CL0387,P076,Apr 23 2023,1,716.97,KO,casa,Carte,LIV10,
CMD32526,CL0231,P087,Jan 12 2023,1,2623.43,en_cours,Tnja,Carte,LIV5,
CMD13934,CL0232,P100,Oct 14 2023,3,4112.49,livré,Agadir,Carte,LIV9,2023-10-18
CMD29293,CL0387,P050,Feb 29 2024,2,4202.23,annulé,RBA,Carte,LIV9,
CMD01407,CL0528,P005,Nov 07 2023,2,3677.38,KO,Agadir,Carte,LIV4,
CMD25905,CL0591,P075,May 04 2023,5,4804.42,livré,Agadir,Carte,LIV2,2023-05-08
CMD43180,CL0760,P098,Dec 12 2023,3,4811.61,livré,tanger,Carte,LIV6,2023-12-13
CMD13815,CL0129,P007,2023-01-18,4,2391.83,OK,TNG,Carte,LIV3,
CMD13519,CL0122,P059,29/05/2023,1,187.84,annulé,TNG,Carte,LIV3,
CMD01116,CL0860,P014,12/07/2023,4,2324.27,LIVRE,Agadir,Carte,LIV2,2023-07-13
CMD32188,CL0963,P075,06/09/2023,5,4413.9,livré,TNG,Carte,LIV5,2023-09-11
CMD07019,CL0843,P097,Mar 05 2024,4,1313.67,livré,kech,Carte,LIV5,2024-03-06
CMD05958,CL0203,P018,2023-04-06,2,3947.61,DONE,kech,Carte,LIV5,2023-04-10
CMD44074,CL0385,P089,2024-02-29,3,3929.18,DONE,TANGER,Carte,LIV4,2024-03-05
CMD01912,CL1000,P051,22/11/2023,5,360.88,livré,casa,Carte,LIV9,2023-11-25
CMD04648,CL0545,P069,Dec 08 2023,5,3487.83,retourné,casa,Carte,LIV9,2023-12-13
CMD36277,CL0845,P072,Apr 19 2023,5,3702.96,livré,CASABLANCA,Carte,LIV8,2023-04-22
CMD10370,CL0240,P086,12/04/2024,4,1578.26,livré,casa,Carte,LIV4,2024-04-17
CMD45735,CL0861,P082,24/01/2024,4,4618.74,KO,RBA,Carte,LIV6,
CMD20604,CL0141,P036,Mar 02 2023,5,570.06,LIVRE,casa,Carte,LIV5,2023-03-04
CMD06666,CL0993,P050,2023-06-27,4,1214.53,OK,marrakech,Carte,LIV8,
CMD05215,CL0377,P010,2023-06-11,2,2516.49,DONE,kech,Carte,LIV4,2023-06-13
CMD36772,CL0753,P080,13/04/2024,5,1528.42,KO,marrakech,Carte,LIV7,
CMD38901,CL0915,P100,Jun 09 2023,3,3780.51,OK,RBA,Carte,LIV2,
CMD33135,CL0846,P044,2023-03-18,1,1603.3,livré,TANGER,Carte,LIV7,2023-03-22
CMD24743,CL0420,P041,2024-01-30,1,138.26,livré,Agadir,Carte,LIV7,2024-02-01
CMD20579,CL0525,P065,2024-02-02,1,160.93,en_cours,Tnja,Carte,LIV2,
CMD41401,CL0427,P024,Mar 12 2024,4,4903.87,livré,kech,Carte,LIV6,2024-03-13
CMD29472,CL0071,P077,20/11/2023,5,2225.35,livré,kech,Carte,LIV8,2023-11-22
CMD34168,CL0324,P037,Jun 28 2023,2,4883.75,livré,casa,Carte,LIV8,2023-07-01
CMD41105,CL0442,P037,02/01/2023,4,2263.7,livré,kech,Carte,LIV4,2023-01-05
CMD11576,CL0386,P028,03/01/2024,5,3658.69,annulé,Agadir,Carte,LIV5,
CMD29102,CL0398,P038,2023-06-05,2,1926.71,DONE,kech,Carte,LIV4,2023-06-07
CMD47751,CL0210,P050,2023-10-23,2,1909.15,livre,RBA,Carte,LIV3,
CMD33730,CL0572,P057,2023-03-12,5,2059.73,en_cours,marrakech,Carte,LIV1,
CMD40664,CL0156,P094,Jan 11 2023,4,2116.23,en_cours,RBA,Carte,LIV6,
CMD10407,CL0640,P091,2023-02-21,2,1821.29,en_cours,casa,Carte,LIV6,
CMD10721,CL0087,P026,19/11/2023,1,3713.69,en_cours,Tnja,Carte,LIV7,
CMD13860,CL0471,P062,19/02/2024,4,1086.16,en_cours,Agadir,Carte,LIV9,
CMD27911,CL0954,P039,Aug 03 2023,2,4485.54,OK,TANGER,Carte,LIV3,
CMD06189,CL0041,P077,23/03/2023,5,3568.03,LIVRE,Agadir,Carte,LIV1,2023-03-24
CMD28420,CL0825,P011,06/01/2024,5,4287.88,livré,TANGER,Carte,LIV5,2024-01-08
CMD28915,CL0771,P076,2023-02-01,3,2426.11,DONE,casa,Carte,LIV1,2023-02-04
CMD16612,CL0368,P008,2023-11-02,2,0,KO,Agadir,Carte,,
CMD27628,CL0713,P047,Sep 04 2023,2,2776.05,DONE,casa,Carte,,2023-09-08
CMD18906,CL0289,P067,2024-02-04,5,1051.53,livré,Tnja,Carte,,2024-02-09
CMD08762,CL0391,P037,25/03/2024,2,1655.23,annulé,Tnja,Carte,LIV4,
CMD09531,CL0399,P048,Mar 10 2023,4,1947.82,livré,tanger,Carte,LIV2,2023-03-12
CMD30738,CL0078,P023,Aug 15 2023,1,187.26,livré,TANGER,Carte,LIV4,2023-08-17
CMD42008,CL0989,P065,Jan 04 2024,5,2880.18,livré,CASABLANCA,Carte,LIV8,2024-01-05
CMD14681,CL0980,P075,09/01/2023,2,763.81,LIVRE,RBA,Carte,LIV3,2023-01-10
CMD05506,CL0497,P072,Oct 29 2023,1,1362.05,annulé,kech,Carte,LIV5,
CMD26862,CL0346,P070,Feb 07 2023,1,3594.77,livré,RBA,Carte,LIV7,2023-02-09
CMD13163,CL0679,P019,2024-03-18,4,1774.72,livré,kech,Carte,LIV6,2024-03-21
CMD15140,CL0233,P025,09/06/2023,4,3352.88,KO,marrakech,Carte,LIV7,
CMD16715,CL0882,P051,2023-04-18,4,882.03,livré,Agadir,Carte,LIV8,2023-04-19
CMD38785,CL0733,P026,11/07/2023,3,4530.72,annulé,Tnja,Carte,LIV9,
CMD00603,CL0028,P038,2023-01-29,4,1677.35,livré,RBA,Carte,LIV10,2023-01-30
CMD38995,CL0196,P070,2023-08-18,3,2801.36,en_cours,CASABLANCA,Carte,LIV3,
CMD18890,CL0946,P082,Mar 31 2024,3,3420.3,livré,Tnja,Carte,LIV3,2024-04-04
CMD10044,CL0467,P063,2024-02-13,4,687.2,livré,Tnja,Carte,LIV9,2024-02-16
CMD40013,CL0384,P045,2023-01-21,2,2733.7,livre,RBA,Carte,LIV7,
CMD00041,CL0715,P087,2023-06-02,2,933.28,annulé,tanger,Carte,LIV5,
CMD32863,CL0269,P028,Jul 13 2023,5,812.69,DONE,TNG,Carte,LIV1,2023-07-15
CMD06046,CL0028,P067,2023-07-09,3,4563.65,KO,Tnja,Carte,LIV5,
CMD13244,CL0282,P008,26/04/2023,2,1227.11,OK,TNG,Carte,LIV4,
CMD09575,CL0329,P072,Jan 24 2023,1,2739.5,KO,CASABLANCA,Carte,LIV10,
CMD36245,CL0964,P021,2024-03-25,3,2517.5,DONE,kech,Carte,LIV1,2024-03-28
CMD36831,CL0668,P057,Jul 14 2023,3,2135.24,retourné,marrakech,Carte,LIV3,2023-07-19
CMD11198,CL0087,P009,Mar 13 2024,5,4998.56,DONE,TANGER,Carte,LIV7,2024-03-14
CMD27238,CL0565,P067,Nov 23 2023,4,1387.71,LIVRE,RBA,Carte,LIV2,2023-11-27
CMD18133,CL0643,P082,2023-06-27,3,2949.05,retourné,RBA,Carte,LIV6,2023-06-30
CMD26574,CL0236,P066,18/11/2023,2,3546.41,LIVRE,marrakech,Carte,LIV2,2023-11-21
CMD43529,CL0704,P052,2023-01-25,5,4810.85,DONE,RBA,Carte,LIV7,2023-01-27
CMD17245,CL0298,P088,Apr 05 2024,5,3287.18,en_cours,TANGER,Carte,LIV2,
CMD39807,CL0386,P096,2024-05-06,5,4084.48,DONE,Agadir,Carte,LIV10,2024-05-09
CMD31581,CL0479,P035,2023-04-11,3,1688.18,en_cours,casa,Carte,LIV3,
CMD08397,CL0023,P037,Apr 22 2024,5,4316.86,en_cours,TANGER,Carte,LIV8,
CMD42234,CL0909,P031,2023-03-11,2,2026.76,OK,RBA,Carte,LIV3,
CMD16294,CL0485,P077,2024-02-11,3,4356.68,livré,CASABLANCA,Carte,LIV7,2024-02-15
CMD03967,CL0754,P022,13/03/2023,3,646.9,OK,TNG,Carte,,
CMD47910,CL0397,P034,2023-02-19,5,3729.51,OK,TANGER,Carte,LIV10,
CMD19188,CL0005,P072,Nov 21 2023,3,3476.16,livre,TANGER,Carte,LIV4,
CMD22846,CL0473,P050,08/01/2024,1,1139.6,annulé,Tnja,Carte,LIV9,
CMD21684,CL0693,P004,21/03/2024,3,2559.05,LIVRE,Agadir,Carte,LIV10,2024-03-23
CMD12269,CL0890,P069,Feb 14 2023,4,1348.79,livré,TNG,Carte,LIV5,2023-02-16
CMD18304,CL0398,P007,16/12/2023,4,2011.07,OK,RBA,Carte,LIV9,
CMD43677,CL0884,P003,2023-01-10,4,2261.26,annulé,RBA,Carte,LIV6,
CMD11892,CL0214,P004,2024-04-20,3,826.15,DONE,tanger,Carte,,2024-04-24
CMD04214,CL0709,P012,2023-02-13,3,2126.96,en_cours,CASABLANCA,Carte,LIV7,
CMD33304,CL0611,P076,Oct 31 2023,2,2987.87,livré,RBA,Carte,LIV10,2023-11-04
CMD17477,CL0755,P027,2023-03-05,3,3740.96,LIVRE,RBA,Carte,LIV6,2023-03-07
CMD34912,CL0224,P011,Jun 02 2023,3,1054.18,LIVRE,Agadir,Carte,LIV2,2023-06-04
CMD43182,CL0648,P016,13/02/2023,1,3113.38,annulé,TANGER,Carte,LIV1,
CMD01381,CL0620,P060,2024-01-03,5,4445.14,livre,casa,Carte,LIV3,
CMD26020,CL0765,P003,18/03/2023,5,0,annulé,RBA,Carte,LIV5,
CMD45177,CL0654,P057,Jan 18 2023,2,1563.98,KO,Tnja,Carte,LIV8,
CMD29365,CL0682,P073,23/11/2023,5,147.75,livré,TANGER,Carte,LIV5,2023-11-28
CMD39901,CL0302,P019,Dec 16 2023,4,4322.94,OK,kech,Carte,LIV6,
CMD02520,CL0348,P042,Nov 29 2023,1,811.69,livré,kech,Carte,,2023-12-04
CMD00238,CL0655,P054,2023-09-18,2,4346.22,en_cours,TANGER,Carte,LIV2,
CMD07767,CL0227,P082,2024-03-18,3,3298.33,livré,Tnja,Carte,LIV4,2024-03-23
CMD16123,CL0314,P036,19/04/2023,5,2638.02,LIVRE,TANGER,Carte,LIV5,2023-04-23
CMD29624,CL0572,P025,May 21 2023,4,1459.69,DONE,kech,Carte,LIV8,2023-05-23
CMD07488,CL0533,P071,02/10/2023,3,1634.13,livré,kech,Carte,LIV2,2023-10-04
CMD28396,CL0607,P058,2024-01-28,3,1424.83,DONE,casa,Carte,LIV10,2024-01-29
CMD04831,CL0968,P048,2023-09-25,2,4549.66,livré,CASABLANCA,Carte,LIV9,2023-09-26
CMD14568,CL0447,P030,23/07/2023,1,1429.05,retourné,Tnja,Carte,LIV7,2023-07-27
CMD30859,CL0081,P003,31/03/2023,2,4841.61,OK,casa,Carte,LIV8,
CMD01168,CL0439,P075,13/01/2023,3,380.69,en_cours,CASABLANCA,Carte,LIV3,
CMD22285,CL0364,P074,Jan 28 2023,1,2195.01,OK,Agadir,Carte,,
CMD18688,CL0329,P030,Oct 24 2023,5,3290.66,retourné,kech,Carte,LIV8,2023-10-29
CMD30727,CL0958,P017,Oct 20 2023,4,95.44,retourné,kech,Carte,,2023-10-23
CMD26227,CL0326,P011,2023-02-24,4,2566.46,DONE,tanger,Carte,LIV10,2023-03-01
CMD15695,CL0187,P062,2024-01-17,3,4515.18,annulé,RBA,Carte,LIV9,
CMD46284,CL0084,P038,2023-12-04,2,657.11,annulé,marrakech,Carte,LIV7,
CMD09449,CL0859,P030,2024-04-26,5,913.76,livre,casa,Carte,LIV9,
CMD15997,CL0865,P049,2024-03-19,1,2104.92,livré,TNG,Carte,LIV6,2024-03-22
CMD46157,CL0788,P057,13/08/2023,2,2783.63,LIVRE,CASABLANCA,Carte,LIV4,2023-08-18
CMD16192,CL0609,P034,2023-12-01,3,3978.84,OK,marrakech,Carte,LIV10,
CMD01962,CL0771,P004,14/07/2023,5,1777.87,livré,TANGER,Carte,,2023-07-18
CMD36362,CL0874,P007,05/03/2024,3,4339.69,KO,kech,Carte,LIV3,
CMD00684,CL0333,P016,Dec 30 2023,4,1621.05,en_cours,Agadir,Carte,LIV5,
CMD00660,CL0671,P005,Apr 26 2024,2,4111.08,livré,marrakech,Carte,LIV3,2024-04-30
CMD42012,CL0994,P086,09/05/2023,5,3043.48,livré,CASABLANCA,Carte,LIV10,2023-05-10
CMD16666,CL0716,P025,Apr 29 2024,5,469.23,DONE,casa,Carte,LIV9,2024-04-30
CMD24110,CL0929,P011,Apr 18 2024,4,2628.1,LIVRE,TANGER,Carte,LIV9,2024-04-21
CMD19725,CL0867,P055,2023-03-25,4,1865.26,livré,CASABLANCA,Carte,,2023-03-29
CMD37401,CL0343,P063,05/02/2024,4,2357.0,livré,Tnja,Carte,,2024-02-07
CMD13072,CL0034,P085,Feb 28 2023,3,2774.92,en_cours,tanger,Carte,LIV2,
CMD25837,CL0952,P029,28/03/2024,2,4698.02,DONE,TNG,Carte,LIV9,2024-04-01
CMD21384,CL0215,P061,Jan 23 2023,5,2397.28,livré,kech,Carte,LIV2,2023-01-28
CMD39156,CL0457,P092,2023-07-29,1,3303.92,livré,Tnja,Carte,LIV3,2023-08-02
CMD01741,CL0434,P032,03/09/2023,5,2037.28,retourné,marrakech,Carte,,2023-09-06
CMD48374,CL0960,P050,05/10/2023,4,3467.25,LIVRE,RBA,Carte,LIV7,2023-10-09
CMD10147,CL0609,P050,2023-02-21,5,1460.66,livre,RBA,Carte,LIV4,
CMD17258,CL0447,P012,Feb 02 2023,3,1795.04,KO,tanger,Carte,LIV4,
CMD12785,CL0734,P082,23/05/2023,2,4064.6,retourné,marrakech,Carte,LIV2,2023-05-28
CMD21978,CL0669,P023,2023-05-26,2,543.61,retourné,marrakech,Carte,,2023-05-31
CMD09373,CL0136,P047,27/01/2023,1,228.42,KO,tanger,Carte,LIV1,
CMD21761,CL0619,P026,2023-09-30,2,2633.39,annulé,marrakech,Carte,LIV2,
CMD08684,CL0115,P047,09/11/2023,1,3968.46,KO,Agadir,Carte,LIV6,
CMD30264,CL0131,P009,2023-11-20,2,548.07,livré,tanger,Carte,LIV7,2023-11-21
CMD02856,CL0070,P018,2023-05-30,5,2724.94,retourné,CASABLANCA,Carte,LIV8,2023-06-01
CMD26144,CL0562,P092,03/01/2023,3,2075.97,livré,CASABLANCA,Carte,LIV8,2023-01-05
CMD26894,CL0316,P060,2023-10-23,-1,3865.95,LIVRE,tanger,Carte,LIV9,2023-10-24
CMD00888,CL0682,P005,04/03/2023,4,2343.09,retourné,TANGER,Carte,LIV6,2023-03-08
CMD38918,CL0687,P054,Feb 02 2024,3,3712.71,LIVRE,TANGER,Carte,LIV7,2024-02-06
CMD16413,CL0787,P001,2024-01-06,5,4220.11,DONE,RBA,Carte,LIV8,2024-01-10
CMD04207,CL0508,P070,2023-08-27,1,3891.84,DONE,casa,Carte,LIV1,2023-09-01
CMD27420,CL0901,P083,Apr 10 2023,4,2271.77,en_cours,Agadir,Carte,LIV5,
CMD40211,CL0018,P065,Sep 09 2023,2,2807.82,livré,casa,Carte,LIV6,2023-09-12
CMD22486,CL0782,P007,Mar 07 2024,5,193.78,livre,RBA,Carte,LIV2,
CMD48082,CL0878,P042,Apr 17 2023,4,1384.34,KO,TNG,Carte,LIV1,
CMD05194,CL0089,P070,15/03/2023,5,3866.48,livré,CASABLANCA,Carte,LIV8,2023-03-19
CMD28760,CL0091,P004,23/12/2023,3,997.8,en_cours,TANGER,Carte,LIV10,
CMD23223,CL0620,P018,Feb 20 2023,2,211.63,en_cours,TNG,Carte,LIV6,
CMD11699,CL1000,P049,20/03/2023,5,4944.78,livre,TANGER,Carte,LIV10,
CMD17435,CL0162,P043,Jan 20 2024,1,1915.03,LIVRE,marrakech,Carte,LIV4,2024-01-24
CMD33248,CL0191,P084,Jun 28 2023,2,2752.92,livré,kech,Carte,LIV9,2023-07-03
CMD10917,CL0124,P028,2024-02-12,4,104.69,OK,TANGER,Carte,LIV1,
CMD20562,CL0648,P043,Sep 26 2023,3,3992.45,livre,TANGER,Carte,LIV10,
CMD30606,CL0179,P039,2023-12-18,4,2851.67,livré,RBA,Carte,LIV5,2023-12-21
CMD04376,CL0121,P035,Aug 28 2023,3,1165.32,livré,kech,Carte,LIV3,2023-08-30
CMD36161,CL0366,P055,2023-03-05,4,3731.25,livré,Agadir,Carte,LIV6,2023-03-06
CMD31623,CL0195,P061,2023-09-08,-1,670.46,LIVRE,tanger,Carte,,2023-09-11
CMD19236,CL0661,P009,2024-05-12,3,2874.02,livré,RBA,Carte,LIV1,2024-05-14
CMD34966,CL0256,P074,Jan 29 2023,4,4059.36,annulé,TNG,Carte,LIV6,
CMD22044,CL0697,P035,Oct 28 2023,2,1850.96,retourné,Tnja,Carte,LIV10,2023-10-30
CMD19574,CL0504,P069,2024-03-04,4,3360.59,KO,kech,Carte,LIV2,
CMD03128,CL0713,P086,17/01/2024,1,2060.46,annulé,RBA,Carte,LIV7,
CMD32920,CL0018,P064,Oct 21 2023,5,2563.63,livré,TNG,Carte,LIV5,2023-10-25
CMD00278,CL0925,P034,May 21 2023,2,388.58,livré,kech,Carte,LIV7,2023-05-23
CMD02493,CL0720,P002,26/02/2024,3,0,livré,RBA,Carte,LIV9,2024-03-01
CMD27043,CL0544,P072,10/08/2023,1,1572.4,livré,kech,Carte,LIV6,2023-08-13
CMD33927,CL0827,P023,31/01/2023,4,2092.35,livré,marrakech,Carte,LIV5,2023-02-04
CMD35608,CL0732,P004,Jun 07 2023,3,678.51,livré,tanger,Carte,LIV8,2023-06-11
CMD45544,CL0777,P081,02/04/2024,3,1548.54,DONE,TANGER,Carte,LIV2,2024-04-03
CMD47230,CL0803,P089,2024-01-07,3,818.41,LIVRE,TNG,Carte,LIV3,2024-01-11
CMD29234,CL0967,P086,16/08/2023,5,1678.35,retourné,kech,Carte,LIV9,2023-08-21
CMD19545,CL0190,P029,2023-05-18,2,457.8,LIVRE,TANGER,Carte,LIV7,2023-05-21
CMD44569,CL0514,P080,24/12/2023,2,4915.28,livre,marrakech,Carte,LIV3,
CMD19760,CL0039,P094,2023-12-05,3,1041.61,KO,marrakech,Carte,LIV7,
CMD23268,CL0895,P097,Apr 08 2023,3,4726.76,livre,Agadir,Carte,LIV1,
CMD15524,CL0111,P058,22/01/2023,1,2669.72,retourné,kech,Carte,,2023-01-24
CMD08390,CL0656,P060,2023-10-05,1,2763.02,en_cours,TNG,Carte,LIV9,
CMD44103,CL0368,P070,2024-03-01,3,106.95,livré,kech,Carte,,2024-03-03
CMD39075,CL0008,P088,Feb 11 2024,4,2227.45,livre,casa,Carte,LIV3,
CMD07809,CL0766,P070,Jan 05 2023,2,1005.91,OK,Agadir,Carte,LIV6,
CMD22341,CL0679,P089,06/09/2023,5,0,DONE,TANGER,Carte,LIV8,2023-09-08
CMD11006,CL0207,P086,15/09/2023,2,4304.76,annulé,TNG,Carte,LIV8,
CMD44233,CL0637,P074,2023-07-03,2,4123.99,OK,Tnja,Carte,LIV7,
CMD31010,CL0534,P061,Jul 21 2023,1,3404.84,retourné,RBA,Carte,LIV9,2023-07-25
CMD43543,CL0547,P002,05/01/2023,3,3879.08,annulé,RBA,Carte,LIV9,
CMD08335,CL0759,P100,2024-03-16,4,3622.77,DONE,Tnja,Carte,LIV1,2024-03-17
CMD39204,CL0229,P049,21/03/2023,3,2440.98,KO,Agadir,Carte,LIV9,
CMD37720,CL0506,P003,2023-02-22,3,2628.35,livre,casa,Carte,LIV5,
CMD06963,CL0514,P041,10/05/2024,3,1738.62,DONE,Agadir,Carte,LIV1,2024-05-15
CMD42744,CL0422,P022,2023-05-27,2,4353.72,en_cours,TANGER,Carte,LIV7,
CMD05824,CL0586,P081,2024-02-06,4,2370.33,livre,kech,Carte,LIV3,
CMD26537,CL0129,P024,2023-02-17,5,1154.5,retourné,Tnja,Carte,LIV3,2023-02-22
CMD10877,CL0561,P083,Apr 05 2023,4,3664.82,KO,Tnja,Carte,LIV1,
CMD18238,CL0180,P026,09/02/2023,1,3198.0,en_cours,TANGER,Carte,LIV6,
CMD24251,CL0643,P044,Jul 10 2023,2,1375.58,livre,marrakech,Carte,LIV3,
CMD40142,CL0400,P088,Mar 20 2023,5,604.53,livré,TNG,Carte,LIV2,2023-03-24
CMD37970,CL0433,P012,2023-12-05,1,883.93,DONE,Agadir,Carte,LIV10,2023-12-08
CMD39492,CL0829,P007,2023-11-12,4,0,livré,kech,Carte,LIV10,2023-11-17
CMD08636,CL0211,P056,Nov 15 2023,3,3315.18,KO,casa,Carte,LIV9,
CMD13233,CL0039,P024,15/01/2023,2,2014.72,livré,CASABLANCA,Carte,LIV5,2023-01-17
CMD23457,CL0378,P022,2023-06-15,5,4719.92,en_cours,TNG,Carte,,
CMD21789,CL0948,P084,07/04/2023,2,1565.11,livré,TNG,Carte,LIV5,2023-04-09
CMD41624,CL0776,P024,23/03/2024,1,2957.05,KO,tanger,Carte,LIV7,
CMD30571,CL0496,P061,22/01/2023,3,2660.51,LIVRE,Tnja,Carte,LIV9,2023-01-27
CMD13947,CL0742,P095,2023-01-06,4,2708.67,retourné,RBA,Carte,LIV9,2023-01-07
CMD37328,CL0043,P047,2023-12-04,2,2116.01,retourné,marrakech,Carte,LIV1,2023-12-08
CMD27324,CL0816,P035,25/08/2023,3,494.01,LIVRE,RBA,Carte,LIV2,2023-08-30
CMD06579,CL0546,P026,May 11 2024,4,1036.36,DONE,TNG,Carte,LIV1,2024-05-14
CMD07720,CL0810,P076,22/06/2023,5,4109.48,livré,RBA,Carte,LIV8,2023-06-23
CMD15881,CL0226,P014,2023-09-14,1,4810.77,KO,tanger,Carte,LIV9,
CMD07369,CL0980,P051,2024-04-15,3,1153.69,retourné,Agadir,Carte,LIV10,2024-04-20
CMD11924,CL0219,P068,Jan 16 2024,2,516.67,retourné,Agadir,Carte,LIV2,2024-01-17
CMD21563,CL0588,P007,26/09/2023,5,3326.99,retourné,TNG,Carte,LIV3,2023-09-30
CMD21575,CL0294,P074,Dec 24 2023,4,4091.04,retourné,RBA,Carte,LIV10,2023-12-26
CMD31120,CL0233,P018,Apr 09 2024,4,4952.58,annulé,tanger,Carte,LIV2,
CMD43782,CL0558,P076,Feb 16 2024,3,2660.18,livré,CASABLANCA,Carte,LIV2,2024-02-21
CMD36535,CL0709,P051,12/04/2023,1,1074.15,OK,Tnja,Carte,LIV8,
CMD41377,CL0296,P062,Mar 21 2023,3,4156.07,KO,casa,Carte,LIV3,
CMD41406,CL0878,P090,2023-06-14,5,4522.9,LIVRE,casa,Carte,LIV10,2023-06-15
CMD16909,CL0635,P020,26/06/2023,1,4946.73,retourné,marrakech,Carte,,2023-06-27
CMD30481,CL0540,P048,31/01/2023,4,2337.62,DONE,TNG,Carte,LIV4,2023-02-04
CMD36624,CL0465,P057,2023-09-10,1,1953.71,livré,RBA,Carte,LIV2,2023-09-14
CMD17931,CL0615,P039,18/04/2024,3,4632.0,LIVRE,TANGER,Carte,LIV2,2024-04-19
CMD43559,CL0659,P084,04/01/2024,1,4287.92,OK,CASABLANCA,Carte,LIV8,
CMD03706,CL0011,P074,Mar 23 2023,5,1721.85,livré,TNG,Carte,LIV10,2023-03-25
CMD24847,CL0887,P094,Aug 06 2023,2,4143.0,livré,CASABLANCA,Carte,LIV7,2023-08-10
CMD19820,CL0804,P048,Jan 11 2023,3,1157.57,annulé,RBA,Carte,LIV7,
CMD03970,CL0449,P031,12/05/2024,2,3701.88,livré,casa,Carte,LIV6,2024-05-16
CMD26192,CL0715,P029,Feb 07 2023,5,347.71,livré,casa,Carte,LIV8,2023-02-12
CMD31882,CL0383,P033,Jun 19 2023,3,1695.72,en_cours,casa,Carte,LIV7,
CMD42219,CL0759,P065,Sep 24 2023,4,0,livré,TANGER,Carte,LIV4,2023-09-29
CMD08253,CL0629,P055,02/08/2023,5,4323.61,en_cours,CASABLANCA,Carte,LIV8,
CMD26817,CL0806,P059,04/02/2024,2,2661.63,livré,tanger,Carte,LIV8,2024-02-07
CMD11458,CL0542,P081,Feb 04 2024,1,1261.96,LIVRE,casa,Carte,LIV4,2024-02-06
CMD40838,CL0556,P005,03/08/2023,1,4077.72,KO,casa,Carte,LIV7,
CMD31508,CL0358,P084,May 11 2023,3,3660.49,OK,RBA,Carte,LIV9,
CMD12395,CL0227,P060,Feb 09 2023,5,4606.29,en_cours,Tnja,Carte,LIV1,
CMD44928,CL0654,P094,01/03/2024,3,854.73,retourné,casa,Carte,,2024-03-05
CMD07963,CL0910,P086,Nov 28 2023,2,960.37,OK,TANGER,Carte,LIV1,
CMD43680,CL0818,P088,25/06/2023,2,2354.01,LIVRE,tanger,Carte,LIV2,2023-06-30
CMD16405,CL0406,P056,Jun 08 2023,4,209.09,en_cours,CASABLANCA,Carte,LIV6,
CMD45380,CL0196,P014,29/11/2023,1,971.55,DONE,marrakech,Carte,LIV4,2023-11-30
CMD03077,CL0830,P034,Dec 24 2023,1,2256.0,livré,TANGER,Carte,LIV3,2023-12-28
CMD06743,CL0071,P084,2024-02-22,3,1729.82,LIVRE,RBA,Carte,LIV8,2024-02-24
CMD32564,CL0951,P009,2023-09-08,2,1489.5,livré,RBA,Carte,LIV10,2023-09-11
CMD40758,CL0325,P077,Nov 28 2023,4,1227.5,OK,TNG,Carte,LIV6,
CMD43005,CL0451,P029,26/12/2023,2,4396.52,livré,casa,Carte,LIV6,2023-12-30
CMD22436,CL0836,P018,28/10/2023,2,1710.75,en_cours,Tnja,Carte,LIV8,
CMD12438,CL0038,P091,07/08/2023,2,4088.21,retourné,Tnja,Carte,LIV6,2023-08-12
CMD37593,CL0436,P019,2023-02-13,2,2386.53,livré,Tnja,Carte,LIV6,2023-02-18
CMD24553,CL0411,P041,Mar 04 2023,2,2354.71,en_cours,TNG,Carte,LIV10,
CMD35699,CL0644,P039,16/02/2024,3,219.71,livré,RBA,Carte,LIV1,2024-02-21
CMD35359,CL0018,P004,15/06/2023,5,1167.43,OK,marrakech,Carte,LIV6,
CMD00633,CL0652,P046,06/11/2023,3,421.42,livré,tanger,Carte,LIV3,2023-11-10
CMD00318,CL0330,P015,Nov 17 2023,5,1249.29,annulé,TNG,Carte,LIV8,
CMD47428,CL0551,P058,21/05/2023,2,1088.61,KO,TANGER,Carte,LIV10,
CMD14701,CL0866,P068,2024-04-17,5,2970.65,retourné,CASABLANCA,Carte,LIV6,2024-04-20
CMD17801,CL0210,P011,2023-04-09,5,3159.96,livre,TNG,Carte,LIV1,
CMD42233,CL0534,P035,2023-07-11,3,1591.61,OK,RBA,Carte,LIV9,
CMD25505,CL0872,P073,26/09/2023,4,4151.12,livré,kech,Carte,LIV10,2023-09-29
CMD25582,CL0691,P073,2023-02-26,1,4213.3,OK,Tnja,Carte,LIV8,
CMD37056,CL0571,P021,2024-01-16,2,958.14,annulé,Agadir,Carte,LIV5,
CMD04320,CL0219,P072,10/01/2023,4,1695.2,livré,RBA,Carte,LIV9,2023-01-14
CMD48012,CL0280,P070,Nov 03 2023,4,1678.57,livré,casa,Carte,,2023-11-04
CMD19012,CL0632,P031,18/06/2023,1,353.16,OK,marrakech,Carte,LIV6,
CMD13268,CL0891,P053,Jul 24 2023,2,396.6,en_cours,TNG,Carte,,
CMD26565,CL0160,P092,Sep 22 2023,3,702.66,livré,kech,Carte,LIV8,2023-09-26
CMD26098,CL0284,P096,2023-02-10,3,4828.41,livre,TANGER,Carte,LIV3,
CMD18561,CL0500,P045,2023-03-14,4,3306.84,livré,CASABLANCA,Carte,LIV10,2023-03-17
CMD22208,CL0941,P045,2023-03-12,3,3384.5,livré,CASABLANCA,Carte,LIV3,2023-03-14
CMD20686,CL0454,P097,Feb 03 2024,4,1250.63,annulé,casa,Carte,LIV10,
CMD29211,CL0407,P084,Apr 25 2023,3,3082.54,KO,casa,Carte,LIV7,
CMD03018,CL0125,P051,22/10/2023,5,4710.17,livré,casa,Carte,,2023-10-27
CMD09974,CL0111,P072,Dec 06 2023,2,4097.48,livre,kech,Carte,LIV6,
CMD48139,CL0962,P016,Apr 04 2023,3,152.78,livré,tanger,Carte,LIV2,2023-04-05
CMD00988,CL0760,P027,04/06/2023,3,2961.49,OK,CASABLANCA,Carte,LIV1,
CMD29008,CL0349,P013,Nov 03 2023,1,4540.4,LIVRE,CASABLANCA,Carte,LIV8,2023-11-08
CMD05583,CL0221,P053,Jul 06 2023,1,608.3,livré,tanger,Carte,LIV8,2023-07-07
CMD07575,CL0461,P036,07/07/2023,3,1445.52,DONE,Tnja,Carte,LIV7,2023-07-09
CMD37628,CL0307,P002,2023-01-06,4,341.48,DONE,TANGER,Carte,,2023-01-08
CMD18323,CL0011,P081,Feb 27 2023,1,278.23,livré,TANGER,Carte,,2023-03-04
CMD23516,CL0462,P008,Mar 27 2023,1,786.7,livré,RBA,Carte,LIV5,2023-03-31
CMD27355,CL0526,P073,2023-11-24,5,365.66,livré,Tnja,Carte,LIV3,2023-11-28
CMD38599,CL0618,P029,Dec 05 2023,4,4404.36,retourné,Agadir,Carte,LIV8,2023-12-07
CMD34097,CL0919,P010,Oct 18 2023,1,3679.75,en_cours,tanger,Carte,LIV4,
CMD40818,CL0758,P093,Jul 12 2023,5,260.89,LIVRE,casa,Carte,LIV10,2023-07-17
CMD38927,CL0513,P022,29/06/2023,2,3127.49,livré,CASABLANCA,Carte,LIV8,2023-07-02
CMD43131,CL0830,P066,2023-12-03,5,1773.41,DONE,TNG,Carte,LIV7,2023-12-04
CMD17144,CL0840,P083,2023-05-24,5,3761.59,annulé,marrakech,Carte,LIV4,
CMD24781,CL0271,P036,21/01/2023,4,4941.99,livré,Agadir,Carte,LIV3,2023-01-23
CMD48493,CL0635,P006,2023-09-02,5,2318.37,KO,Tnja,Carte,LIV1,
CMD17306,CL0187,P058,2023-02-07,2,1525.81,livré,Tnja,Carte,LIV10,2023-02-08
CMD44205,CL0495,P068,2023-04-30,3,1398.14,OK,kech,Carte,LIV8,
CMD48001,CL0221,P087,Mar 14 2023,2,2565.68,livré,TANGER,Carte,LIV7,2023-03-17
CMD35057,CL0618,P087,Mar 25 2023,1,2841.94,en_cours,casa,Carte,LIV7,
CMD19513,CL0023,P099,2023-09-11,1,878.64,annulé,TANGER,Carte,LIV5,
CMD32321,CL0666,P065,Jun 30 2023,5,3510.38,KO,TNG,Carte,LIV6,
CMD02177,CL0842,P085,2024-03-12,4,635.34,livré,kech,Carte,LIV3,2024-03-14
CMD07405,CL0401,P043,2023-06-07,3,986.39,livré,Tnja,Carte,LIV5,2023-06-08
CMD02961,CL0484,P063,10/10/2023,4,1698.11,KO,casa,Carte,LIV7,
CMD44482,CL0239,P027,Jul 27 2023,2,2315.14,livre,TNG,Carte,LIV5,
CMD23730,CL0881,P081,17/07/2023,2,4093.01,livre,Tnja,Carte,LIV4,
CMD29177,CL0097,P017,2024-03-21,3,2546.61,livré,CASABLANCA,Carte,LIV8,2024-03-22
CMD09552,CL0289,P018,Mar 04 2023,3,3149.71,livre,tanger,Carte,LIV3,
CMD13371,CL0621,P001,04/07/2023,3,4191.48,OK,TANGER,Carte,LIV8,
CMD33351,CL0763,P040,02/03/2024,1,1091.31,livre,RBA,Carte,LIV1,
CMD39814,CL0087,P041,30/12/2023,5,794.2,livré,RBA,Carte,,2024-01-01
CMD40616,CL0343,P075,Jan 08 2023,5,4313.67,annulé,TANGER,Carte,,
CMD32994,CL0043,P048,31/01/2024,4,2146.21,OK,CASABLANCA,Carte,LIV6,
CMD45488,CL0959,P065,Sep 06 2023,4,2113.14,LIVRE,Tnja,Carte,LIV8,2023-09-10
CMD35539,CL0438,P036,May 08 2024,4,3836.33,livré,casa,Carte,LIV1,2024-05-12
CMD15256,CL0566,P038,Jul 13 2023,4,4986.09,livré,Agadir,Carte,,2023-07-18
CMD46819,CL0846,P078,Jun 06 2023,3,2433.16,annulé,kech,Carte,LIV8,
CMD31135,CL0244,P008,2024-04-25,1,2321.94,retourné,marrakech,Carte,LIV3,2024-04-29
CMD14421,CL0963,P045,May 01 2024,5,3628.86,retourné,tanger,Carte,LIV5,2024-05-03
CMD21249,CL0349,P006,Apr 19 2024,1,973.8,livre,marrakech,Carte,LIV2,
CMD26801,CL0501,P056,Jan 17 2024,2,3249.4,annulé,Tnja,Carte,LIV9,
CMD43446,CL0880,P027,08/05/2024,1,1728.85,OK,Agadir,Carte,LIV7,
CMD02141,CL0280,P002,30/03/2024,3,3938.12,KO,Agadir,Carte,LIV9,
CMD23010,CL0088,P093,30/07/2023,4,1718.54,OK,Agadir,Carte,LIV9,
CMD34118,CL0389,P035,Nov 12 2023,2,3316.59,livre,TNG,Carte,LIV5,
CMD18056,CL0931,P014,2023-03-05,3,3690.05,livré,kech,Carte,LIV3,2023-03-10
CMD17960,CL0403,P077,Jan 30 2024,4,1961.77,retourné,TNG,Carte,,2024-02-02
CMD01526,CL0815,P010,2023-09-22,2,4561.26,livré,casa,Carte,LIV8,2023-09-25
CMD26088,CL0177,P041,05/03/2023,1,1747.73,livré,CASABLANCA,Carte,LIV7,2023-03-08
CMD37848,CL0950,P079,Jul 16 2023,5,3351.75,livré,casa,Carte,LIV9,2023-07-17
CMD13991,CL0144,P094,Aug 04 2023,3,1943.35,KO,CASABLANCA,Carte,LIV5,
CMD08569,CL0015,P047,2023-05-24,4,1132.68,OK,kech,Carte,LIV10,
CMD32685,CL0739,P031,2023-08-06,4,1304.91,DONE,TNG,Carte,LIV10,2023-08-08
CMD00018,CL0074,P041,04/12/2023,5,842.29,LIVRE,TANGER,Carte,LIV2,2023-12-08
CMD31763,CL0736,P074,13/04/2024,2,657.77,OK,casa,Carte,LIV6,
CMD11087,CL0503,P086,2024-04-21,1,3161.7,retourné,Tnja,Carte,LIV6,2024-04-25
CMD07281,CL0989,P090,2023-09-05,3,2401.66,livré,casa,Carte,LIV7,2023-09-09
CMD07439,CL0455,P099,2023-04-30,1,1692.63,livre,tanger,Carte,LIV1,
CMD37754,CL0106,P026,05/04/2024,4,4032.91,annulé,Agadir,Carte,LIV4,
CMD12784,CL0564,P028,Oct 28 2023,1,2230.78,OK,TANGER,Carte,LIV6,
CMD26203,CL0098,P080,May 10 2023,3,3149.23,annulé,TNG,Carte,LIV1,
CMD36985,CL0907,P042,2023-02-11,3,3495.77,livré,TNG,Carte,LIV2,2023-02-16
CMD23417,CL0310,P096,2023-09-28,2,405.04,livré,Tnja,Carte,LIV10,2023-10-02
CMD20525,CL0010,P083,Jul 23 2023,3,3411.77,annulé,CASABLANCA,Carte,LIV2,
CMD15619,CL0482,P036,2023-03-07,5,4056.99,OK,tanger,Carte,LIV8,
CMD02715,CL0893,P011,21/07/2023,1,1173.95,LIVRE,Agadir,Carte,LIV5,2023-07-22
CMD46286,CL0648,P030,2024-01-12,2,4685.0,en_cours,Agadir,Carte,LIV7,
CMD11957,CL0390,P096,30/08/2023,2,4643.25,retourné,RBA,Carte,LIV7,2023-09-02
CMD34905,CL0127,P084,2023-12-05,1,4111.74,DONE,marrakech,Carte,LIV3,2023-12-06
CMD10863,CL0283,P054,27/01/2024,2,4702.92,KO,marrakech,Carte,LIV1,
CMD27629,CL0319,P047,14/12/2023,1,327.45,en_cours,TNG,Carte,LIV6,
CMD17354,CL0391,P003,Apr 14 2023,5,2922.78,en_cours,RBA,Carte,LIV4,
CMD22865,CL0539,P068,22/04/2023,5,2354.25,KO,RBA,Carte,LIV8,
CMD32618,CL0168,P047,18/12/2023,1,1613.55,OK,RBA,Carte,,
CMD34723,CL0016,P028,2024-03-03,2,3393.66,retourné,Agadir,Carte,LIV2,2024-03-06
CMD30543,CL0085,P100,Apr 01 2024,5,2459.88,annulé,TNG,Carte,LIV9,
CMD06921,CL0859,P003,2024-03-05,2,3268.47,OK,tanger,Carte,LIV9,
CMD11728,CL0451,P034,22/11/2023,1,3436.0,DONE,casa,Carte,LIV3,2023-11-27
CMD35960,CL0105,P019,2023-12-30,4,279.53,retourné,Tnja,Carte,LIV3,2024-01-04
CMD24652,CL0445,P041,2023-11-19,1,3788.71,livré,casa,Carte,LIV7,2023-11-23
CMD45306,CL0268,P088,2023-10-11,4,3337.4,livré,Tnja,Carte,,2023-10-15
CMD24301,CL0266,P016,26/03/2023,2,3737.25,en_cours,marrakech,Carte,LIV3,
CMD35829,CL0120,P073,2023-08-09,1,1740.22,DONE,TANGER,Carte,LIV9,2023-08-13
CMD02613,CL0146,P092,2024-05-01,2,2942.12,retourné,TNG,Carte,LIV2,2024-05-04
CMD22090,CL0559,P014,08/01/2023,5,4725.09,DONE,kech,Carte,LIV9,2023-01-13
CMD22031,CL0664,P063,28/02/2023,5,4663.84,OK,RBA,Carte,LIV10,
CMD07661,CL0725,P086,May 02 2024,1,66.94,livré,Tnja,Carte,LIV4,2024-05-05
CMD22078,CL0413,P084,13/09/2023,2,2573.56,livre,CASABLANCA,Carte,LIV5,
CMD07288,CL0391,P047,Mar 29 2023,5,2911.33,livre,TNG,Carte,LIV4,
CMD46427,CL0312,P039,17/05/2023,2,3981.75,retourné,marrakech,Carte,LIV7,2023-05-21
CMD40179,CL0205,P035,Mar 11 2023,3,2322.32,annulé,Agadir,Carte,LIV2,
CMD37314,CL0256,P080,Dec 28 2023,3,3487.45,livré,RBA,Carte,LIV3,2023-12-31
CMD14900,CL0192,P050,2024-02-03,3,3975.36,livré,CASABLANCA,Carte,LIV2,2024-02-05
CMD14762,CL0474,P050,29/07/2023,3,4342.7,en_cours,tanger,Carte,LIV10,
CMD29371,CL0894,P089,Jun 01 2023,4,4624.15,en_cours,RBA,Carte,LIV4,
CMD16441,CL0522,P036,2023-06-05,5,4399.21,annulé,TANGER,Carte,LIV6,
CMD18777,CL0144,P054,27/07/2023,1,2036.64,en_cours,RBA,Carte,LIV6,
CMD33547,CL0742,P003,Mar 09 2024,-1,4164.39,LIVRE,TNG,Carte,LIV7,2024-03-10
CMD02701,CL0816,P077,Nov 30 2023,3,287.16,LIVRE,Tnja,Carte,LIV2,2023-12-01
CMD14147,CL0443,P085,26/09/2023,3,1845.14,annulé,CASABLANCA,Carte,LIV7,
CMD25443,CL0873,P094,27/02/2024,4,4313.24,retourné,TANGER,Carte,LIV9,2024-03-01
CMD33534,CL0458,P056,13/04/2024,1,2791.05,annulé,RBA,Carte,LIV8,
CMD39791,CL0032,P066,2023-08-23,3,1029.04,OK,Tnja,Carte,LIV4,
CMD28528,CL0707,P030,Jan 12 2024,1,1929.02,KO,kech,Carte,LIV4,
CMD41641,CL0582,P032,2024-03-27,3,2633.22,KO,kech,Carte,LIV3,
CMD44063,CL0275,P016,29/08/2023,3,3332.95,retourné,TANGER,Carte,LIV1,2023-09-03
CMD48221,CL0461,P098,May 04 2023,4,3951.13,livre,TNG,Carte,LIV5,
CMD02773,CL0477,P041,Nov 21 2023,2,2395.45,OK,tanger,Carte,LIV8,
CMD24830,CL0247,P064,23/02/2024,3,4550.93,livre,kech,Carte,,
CMD19160,CL0409,P070,Sep 25 2023,2,993.0,LIVRE,TANGER,Carte,LIV2,2023-09-26
CMD04512,CL0011,P012,Jan 05 2023,1,2657.96,livré,casa,Carte,LIV7,2023-01-10
CMD13742,CL0890,P071,Aug 03 2023,3,1831.59,KO,tanger,Carte,LIV8,
CMD30066,CL0185,P072,2023-11-30,1,1042.78,en_cours,tanger,Carte,LIV2,
CMD16044,CL0512,P082,13/07/2023,4,878.37,annulé,RBA,Carte,LIV6,
CMD17978,CL0209,P010,2023-11-26,4,4651.53,KO,Agadir,Carte,LIV5,
CMD11945,CL0986,P028,12/04/2024,5,292.27,livre,RBA,Carte,LIV4,
CMD27605,CL0837,P080,Jan 29 2024,3,1366.68,livré,RBA,Carte,LIV4,2024-02-01
CMD36683,CL0640,P049,28/04/2023,5,1108.78,livré,Agadir,Carte,LIV3,2023-05-03
CMD36791,CL0052,P010,2023-07-03,1,797.65,livré,RBA,Carte,LIV3,2023-07-06
CMD10359,CL0257,P067,2023-05-12,4,2455.52,livré,CASABLANCA,Carte,LIV5,2023-05-14
CMD38906,CL0390,P087,22/01/2024,5,872.7,OK,TANGER,Carte,LIV5,
CMD03385,CL0211,P089,16/08/2023,3,105.4,annulé,Agadir,Carte,LIV2,
CMD40936,CL0360,P073,21/03/2024,4,541.83,livré,CASABLANCA,Carte,LIV9,2024-03-26
CMD24402,CL0852,P031,2023-11-28,1,2454.39,DONE,marrakech,Carte,LIV6,2023-12-01
CMD47643,CL0146,P032,2024-04-30,5,2708.17,livre,RBA,Carte,LIV3,
CMD45222,CL0020,P008,18/02/2024,4,1377.28,livré,TANGER,Carte,LIV6,2024-02-21
CMD12501,CL0135,P032,2023-03-29,4,4060.82,OK,kech,Carte,LIV4,
CMD24207,CL0263,P042,06/04/2023,1,725.19,livré,Agadir,Carte,LIV3,2023-04-08
CMD04349,CL0173,P062,Jul 22 2023,4,2301.68,annulé,TNG,Carte,LIV8,
CMD16930,CL0985,P088,Feb 26 2023,4,2062.73,DONE,Tnja,Carte,LIV9,2023-03-03
CMD16145,CL0252,P010,2024-04-20,2,1521.56,livre,RBA,Carte,LIV3,
CMD14121,CL0494,P019,Jul 04 2023,1,769.68,OK,kech,Carte,LIV9,
CMD25234,CL0607,P017,09/02/2024,3,4439.96,LIVRE,Tnja,Carte,LIV3,2024-02-10
CMD36485,CL0701,P071,24/04/2023,2,1165.03,retourné,tanger,Carte,LIV3,2023-04-29
CMD06887,CL0071,P027,Aug 28 2023,1,163.87,LIVRE,Tnja,Carte,LIV6,2023-08-29
CMD15706,CL0846,P091,2023-08-06,2,4254.09,retourné,marrakech,Carte,LIV10,2023-08-09
CMD41313,CL0316,P071,2024-05-07,1,2787.1,annulé,RBA,Carte,LIV1,
CMD39679,CL0202,P064,2023-09-20,5,4018.76,OK,Tnja,Carte,LIV1,
CMD09809,CL0732,P034,2023-04-05,5,890.71,livré,TANGER,Carte,LIV1,2023-04-08
CMD45089,CL0250,P024,2024-04-10,4,4118.84,annulé,Agadir,Carte,LIV9,
CMD30289,CL0004,P031,Jul 21 2023,4,930.02,retourné,Tnja,Carte,LIV7,2023-07-22
CMD18805,CL0462,P011,2023-10-31,3,4014.9,retourné,casa,Carte,LIV10,2023-11-02
CMD44512,CL0472,P060,2024-01-22,-1,4572.32,KO,casa,Carte,LIV5,
CMD31949,CL0907,P079,Feb 16 2023,4,232.25,OK,kech,Carte,LIV3,
CMD38924,CL0895,P035,26/01/2024,2,2528.56,en_cours,tanger,Carte,LIV9,
CMD38039,CL0387,P027,2023-02-18,3,3991.75,KO,TNG,Carte,LIV3,
CMD29989,CL0439,P063,24/04/2024,3,4214.4,LIVRE,tanger,Carte,LIV6,2024-04-26
CMD08408,CL0907,P038,2024-03-02,2,1945.52,livré,Agadir,Carte,LIV9,2024-03-06
CMD27253,CL0370,P028,Jul 09 2023,2,1607.75,livré,TANGER,Carte,LIV6,2023-07-13
CMD33262,CL0090,P066,Apr 07 2024,1,922.91,DONE,Agadir,Carte,LIV7,2024-04-09
CMD43103,CL0833,P067,2023-10-07,3,4089.65,annulé,marrakech,Carte,LIV5,
CMD43880,CL0233,P036,2024-04-24,3,1491.94,LIVRE,kech,Carte,LIV10,2024-04-25
CMD22304,CL0249,P055,2023-08-01,1,221.41,livre,TNG,Carte,LIV2,
CMD28790,CL0249,P079,10/04/2023,2,4707.27,annulé,CASABLANCA,Carte,LIV9,
CMD33951,CL0584,P045,14/01/2023,1,1952.89,LIVRE,casa,Carte,LIV1,2023-01-16
CMD40245,CL0474,P087,2023-09-19,4,3849.32,livré,casa,Carte,LIV1,2023-09-21
CMD42778,CL0574,P078,Jan 31 2023,1,58.55,en_cours,RBA,Carte,LIV9,
CMD12953,CL0131,P050,04/09/2023,5,2369.02,KO,kech,Carte,LIV2,
CMD10909,CL0322,P058,10/10/2023,4,4484.57,livre,TNG,Carte,,
CMD27411,CL0080,P093,2023-03-17,5,3553.75,annulé,TNG,Carte,LIV2,
CMD05109,CL0904,P051,Aug 16 2023,4,4774.3,livre,kech,Carte,LIV1,
CMD46041,CL0046,P047,Jun 18 2023,5,1475.81,KO,kech,Carte,LIV9,
CMD23035,CL0702,P067,02/03/2024,2,347.17,en_cours,Tnja,Carte,LIV1,
CMD43402,CL0273,P036,Jan 26 2023,4,2183.32,LIVRE,Tnja,Carte,LIV4,2023-01-30
CMD01441,CL0080,P056,Jan 05 2023,3,236.26,livré,Tnja,Carte,LIV9,2023-01-08
CMD02422,CL0341,P086,09/08/2023,2,2658.2,OK,marrakech,Carte,LIV5,
CMD29756,CL0304,P019,14/04/2024,2,806.21,livré,CASABLANCA,Carte,LIV9,2024-04-18
CMD12116,CL0705,P030,2023-12-17,1,2687.04,livré,CASABLANCA,Carte,LIV2,2023-12-19
CMD34310,CL0136,P036,08/12/2023,5,4861.55,livré,Agadir,Carte,LIV1,2023-12-13
CMD44211,CL0963,P018,29/12/2023,3,2746.1,livré,tanger,Carte,LIV7,2023-12-30
CMD41496,CL0924,P090,Mar 23 2024,5,4812.73,annulé,RBA,Carte,LIV2,
CMD40207,CL0368,P024,13/12/2023,5,3777.49,en_cours,TNG,Carte,LIV8,
CMD11328,CL0312,P019,Aug 30 2023,5,2601.93,livré,TANGER,Carte,LIV7,2023-09-02
CMD35417,CL0501,P016,Dec 22 2023,5,814.0,OK,casa,Carte,LIV6,
CMD23799,CL0700,P085,Nov 16 2023,1,1143.04,livre,RBA,Carte,LIV6,
CMD00486,CL0349,P094,31/03/2024,4,2916.37,livré,marrakech,Carte,LIV3,2024-04-01
CMD36079,CL0040,P090,2023-07-18,1,2788.69,en_cours,TANGER,Carte,LIV10,
CMD05147,CL0010,P039,May 10 2024,3,4752.19,KO,Agadir,Carte,LIV3,
CMD34426,CL0645,P003,2024-04-06,1,4977.24,livré,kech,Carte,LIV8,2024-04-07
CMD23298,CL0138,P080,20/02/2024,4,4246.36,livré,CASABLANCA,Carte,LIV6,2024-02-24
CMD11476,CL0741,P069,14/03/2023,3,3015.8,retourné,Tnja,Carte,LIV8,2023-03-15
CMD20994,CL0308,P003,19/04/2024,1,1502.48,annulé,RBA,Carte,LIV1,
CMD07111,CL0942,P035,2023-12-17,2,3839.49,retourné,TNG,Carte,LIV1,2023-12-21
CMD22089,CL0883,P088,Mar 17 2024,3,490.65,livré,tanger,Carte,LIV7,2024-03-21
CMD30623,CL0375,P077,2024-01-27,3,761.76,livré,CASABLANCA,Carte,LIV8,2024-01-31
CMD17183,CL0246,P100,09/02/2024,4,0,livré,Agadir,Carte,LIV9,2024-02-13
CMD06045,CL0812,P021,07/03/2024,5,3121.57,retourné,casa,Carte,LIV10,2024-03-10
CMD00693,CL0995,P054,2023-12-06,5,272.17,livré,kech,Carte,LIV10,2023-12-11
CMD12876,CL0112,P054,Mar 29 2024,5,776.4,en_cours,Tnja,Carte,LIV8,
CMD23358,CL0535,P062,2023-12-30,1,1753.84,livré,kech,Carte,LIV7,2023-12-31
CMD36406,CL0537,P082,2023-12-11,5,4501.58,livré,Agadir,Carte,LIV4,2023-12-14
CMD22298,CL0836,P005,2023-04-26,1,3062.19,livré,CASABLANCA,Carte,LIV5,2023-04-28
CMD38571,CL0247,P049,Jan 06 2024,2,1071.27,retourné,CASABLANCA,Carte,LIV4,2024-01-11
CMD09248,CL0388,P078,2023-12-06,2,3484.23,livré,TNG,Carte,LIV5,2023-12-10
CMD47070,CL0100,P064,02/04/2023,1,3499.92,livré,kech,Carte,LIV9,2023-04-04
CMD31854,CL0588,P033,Apr 24 2023,2,1387.55,OK,Tnja,Carte,,
CMD27737,CL0904,P012,2023-05-21,2,100.74,en_cours,Tnja,Carte,LIV8,
CMD06503,CL0634,P098,2024-02-15,1,3810.38,livre,Agadir,Carte,LIV4,
CMD35167,CL0087,P084,2023-05-26,2,1673.48,livré,casa,Carte,LIV6,2023-05-29
CMD25134,CL0036,P069,15/01/2024,4,2035.81,en_cours,casa,Carte,LIV8,
CMD15777,CL0595,P058,Jul 23 2023,2,4359.1,livre,marrakech,Carte,LIV7,
CMD46412,CL0822,P020,2023-05-14,1,4283.39,LIVRE,CASABLANCA,Carte,LIV3,2023-05-16
CMD08386,CL0592,P070,2023-05-10,5,3363.28,LIVRE,RBA,Carte,LIV1,2023-05-13
CMD09388,CL0117,P017,2024-04-03,1,235.79,annulé,casa,Carte,LIV6,
CMD13502,CL0464,P006,Jan 24 2023,1,211.38,DONE,TANGER,Carte,LIV5,2023-01-25
CMD07300,CL0317,P083,Nov 25 2023,2,4430.91,livre,tanger,Carte,LIV7,
CMD00157,CL0045,P072,2023-08-18,5,2330.88,en_cours,Tnja,Carte,LIV2,
CMD35931,CL0242,P079,20/02/2023,5,3410.44,annulé,Tnja,Carte,LIV4,
CMD14570,CL0746,P010,2023-08-14,4,2331.07,LIVRE,CASABLANCA,Carte,LIV6,2023-08-15
CMD21291,CL0196,P090,2023-02-10,4,537.82,livré,tanger,Carte,LIV7,2023-02-11
CMD23149,CL0341,P093,21/07/2023,2,298.57,livré,casa,Carte,LIV4,2023-07-23
CMD46252,CL0106,P042,21/03/2023,2,4459.56,livré,TNG,Carte,LIV6,2023-03-22
CMD12409,CL0771,P036,Apr 29 2023,1,191.55,livré,casa,Carte,LIV5,2023-05-04
CMD19075,CL0906,P090,Nov 12 2023,-1,4033.58,OK,tanger,Carte,LIV4,
CMD42075,CL0964,P017,Jun 25 2023,5,4124.83,en_cours,TANGER,Carte,LIV8,
CMD21983,CL0498,P058,2023-06-25,2,131.57,en_cours,TNG,Carte,LIV8,
CMD41881,CL0698,P041,Feb 05 2023,4,1128.66,livré,casa,Carte,LIV1,2023-02-07
CMD14263,CL0752,P093,2024-05-13,1,3244.14,livré,CASABLANCA,Carte,LIV6,2024-05-18
CMD18837,CL0261,P052,Aug 09 2023,5,3635.63,livré,TNG,Carte,LIV5,2023-08-13
CMD46656,CL0517,P061,2024-02-22,4,4943.86,KO,RBA,Carte,LIV2,
CMD34351,CL0640,P004,Jul 15 2023,5,3087.64,DONE,tanger,Carte,LIV6,2023-07-18
CMD15544,CL0820,P017,14/02/2023,4,2329.52,livré,tanger,Carte,LIV6,2023-02-15
CMD08384,CL0113,P062,Mar 02 2024,2,3590.1,OK,Tnja,Carte,LIV7,
CMD12557,CL0835,P080,Nov 20 2023,2,3045.47,annulé,Agadir,Carte,LIV10,
CMD29975,CL0467,P036,May 18 2023,2,337.29,OK,kech,Carte,LIV3,
CMD13024,CL0086,P053,11/07/2023,4,3120.2,livré,RBA,Carte,LIV6,2023-07-16
CMD39860,CL0149,P084,Mar 06 2024,4,2089.95,livré,kech,Carte,LIV8,2024-03-09
CMD26138,CL0257,P054,24/05/2023,5,1822.26,KO,kech,Carte,LIV2,
CMD27090,CL0658,P053,Apr 11 2024,1,1679.18,livré,RBA,Carte,LIV3,2024-04-15
CMD12773,CL0080,P037,Dec 09 2023,4,3821.79,annulé,Tnja,Carte,LIV7,
CMD29315,CL0219,P099,26/09/2023,1,4628.16,annulé,tanger,Carte,LIV7,
CMD34164,CL0353,P042,Jan 04 2023,1,2045.31,en_cours,TNG,Carte,LIV6,
CMD29046,CL0486,P095,Mar 10 2024,5,2657.59,KO,tanger,Carte,LIV5,
CMD37045,CL0148,P068,Jul 04 2023,2,897.02,LIVRE,marrakech,Carte,LIV9,2023-07-09
CMD27152,CL0110,P056,2023-10-20,4,1510.07,KO,kech,Carte,LIV6,
CMD28236,CL0273,P011,Feb 10 2024,2,4350.31,KO,kech,Carte,LIV2,
CMD04505,CL0149,P056,2023-07-23,1,4663.8,retourné,Tnja,Carte,LIV10,2023-07-27
CMD29717,CL0229,P011,Jan 10 2024,3,1047.61,KO,tanger,Carte,LIV3,
CMD16196,CL0658,P085,27/05/2023,5,3744.67,livré,TANGER,Carte,LIV5,2023-05-30
CMD43240,CL0090,P076,Apr 24 2023,3,2967.06,KO,casa,Carte,LIV9,
CMD34099,CL0330,P008,Jul 23 2023,5,940.9,LIVRE,TANGER,Carte,,2023-07-24
CMD31950,CL0241,P082,2024-03-14,5,0,OK,casa,Carte,LIV9,
CMD25034,CL0709,P036,Dec 22 2023,3,4840.35,livré,TNG,Carte,LIV10,2023-12-26
CMD08769,CL0194,P025,2023-11-20,4,4496.11,OK,Agadir,Carte,,
CMD27312,CL0292,P069,Nov 25 2023,2,4167.36,livre,casa,Carte,LIV10,
CMD06264,CL0436,P063,2024-04-07,5,3715.21,DONE,tanger,Carte,LIV4,2024-04-12
CMD37171,CL0956,P026,May 14 2023,1,3875.83,en_cours,TNG,Carte,LIV10,
CMD36303,CL0020,P030,2023-07-08,1,4721.43,livre,RBA,Carte,LIV6,
CMD40799,CL0072,P078,2023-11-02,5,3027.95,livré,Tnja,Carte,LIV6,2023-11-05
CMD21539,CL0623,P036,21/02/2023,2,158.95,KO,casa,Carte,LIV6,
CMD08190,CL0722,P018,2023-07-11,3,4132.03,OK,CASABLANCA,Carte,LIV2,
CMD20675,CL0862,P003,2023-04-16,5,2142.11,livré,casa,Carte,LIV1,2023-04-20
CMD25231,CL0603,P045,29/10/2023,2,4439.47,livré,marrakech,Carte,LIV10,2023-11-03
CMD01590,CL0763,P079,Mar 02 2023,4,4638.13,retourné,kech,Carte,LIV6,2023-03-04
CMD41346,CL0858,P052,23/02/2024,4,4824.01,DONE,tanger,Carte,LIV2,2024-02-27
CMD42584,CL0807,P024,16/06/2023,3,98.44,livré,CASABLANCA,Carte,LIV6,2023-06-21
CMD00464,CL0521,P090,2023-01-24,5,416.57,en_cours,tanger,Carte,LIV10,
CMD33398,CL0822,P098,19/11/2023,2,4828.93,DONE,casa,Carte,LIV7,2023-11-24
CMD15176,CL0170,P083,Jan 13 2023,4,1979.78,LIVRE,Agadir,Carte,LIV3,2023-01-16
CMD05149,CL0592,P088,2023-07-29,3,3294.1,OK,RBA,Carte,LIV8,
CMD21471,CL0037,P068,09/09/2023,3,146.97,LIVRE,CASABLANCA,Carte,,2023-09-14
CMD36607,CL0029,P097,May 12 2023,2,1268.24,livre,CASABLANCA,Carte,LIV7,
CMD22035,CL0693,P078,2023-06-13,2,2683.8,livré,kech,Carte,LIV1,2023-06-14
CMD03468,CL0054,P013,17/03/2024,5,608.42,livré,RBA,Carte,LIV2,2024-03-21
CMD19905,CL0425,P026,2024-02-03,2,2752.73,en_cours,TNG,Carte,LIV3,
CMD14976,CL0563,P050,2024-04-05,1,2637.36,OK,TANGER,Carte,LIV4,
CMD33892,CL0140,P050,2023-10-19,2,3902.21,livré,casa,Carte,LIV10,2023-10-20
CMD03624,CL0118,P036,03/02/2023,4,673.16,retourné,kech,Carte,LIV10,2023-02-08
CMD09645,CL0316,P013,Apr 22 2024,3,4150.31,LIVRE,TANGER,Carte,LIV8,2024-04-24
CMD30985,CL0086,P055,Mar 04 2023,2,1071.31,en_cours,CASABLANCA,Carte,LIV3,
CMD07956,CL0744,P015,29/09/2023,4,3579.38,retourné,marrakech,Carte,LIV10,2023-10-03
CMD13425,CL0717,P064,2023-07-24,2,4896.09,livre,Agadir,Carte,LIV8,
CMD17628,CL0014,P053,2023-01-21,2,4775.6,livre,Agadir,Carte,LIV2,
CMD11023,CL0612,P005,Mar 13 2024,5,3508.01,DONE,casa,Carte,LIV2,2024-03-14
CMD20779,CL0178,P013,2024-04-03,4,998.48,livré,RBA,Carte,LIV10,2024-04-06
CMD42002,CL0804,P033,2023-10-02,2,2870.77,livré,tanger,Carte,LIV9,2023-10-07
CMD44898,CL0653,P081,28/01/2023,1,0,retourné,tanger,Carte,,2023-01-31
CMD27506,CL0303,P008,Jul 02 2023,5,427.83,KO,CASABLANCA,Carte,LIV3,
CMD02507,CL0338,P022,2023-12-19,4,2921.74,LIVRE,marrakech,Carte,LIV4,2023-12-23
CMD43290,CL0229,P040,09/02/2023,3,1361.9,en_cours,tanger,Carte,LIV9,
CMD27993,CL0599,P057,Mar 02 2024,4,4158.45,en_cours,RBA,Carte,LIV6,
CMD32304,CL0025,P013,2023-07-30,5,1481.6,en_cours,CASABLANCA,Carte,LIV6,
CMD41281,CL0196,P026,Apr 29 2023,3,2130.69,LIVRE,tanger,Carte,LIV8,2023-04-30
CMD31337,CL0849,P080,Feb 07 2023,2,3321.45,livre,kech,Carte,LIV5,
CMD21258,CL0055,P062,Jan 26 2024,2,1482.52,livré,tanger,Carte,LIV8,2024-01-28
CMD20828,CL0872,P033,2024-01-12,5,2335.17,livré,TANGER,Carte,LIV2,2024-01-14
CMD30225,CL0736,P100,2023-09-19,-1,1842.17,LIVRE,Agadir,Carte,LIV9,2023-09-23
CMD37690,CL0341,P053,20/05/2023,4,4430.57,livré,TANGER,Carte,LIV8,2023-05-23
CMD33105,CL0306,P074,Sep 18 2023,2,0,DONE,TNG,Carte,LIV4,2023-09-22
CMD25799,CL0863,P030,2024-02-18,3,3448.5,en_cours,Agadir,Carte,LIV4,
CMD33860,CL0243,P006,2023-09-02,1,1239.72,livré,kech,Carte,LIV8,2023-09-05
CMD10049,CL0262,P056,2023-05-01,4,4779.02,DONE,tanger,Carte,LIV5,2023-05-03
CMD34176,CL0270,P027,Feb 20 2024,4,1876.22,KO,TNG,Carte,LIV4,
CMD25375,CL0752,P020,May 22 2023,1,1545.61,retourné,kech,Carte,LIV3,2023-05-25
CMD31920,CL0905,P071,Dec 03 2023,3,4503.39,livré,marrakech,Carte,LIV10,2023-12-04
CMD25022,CL0943,P057,Apr 07 2023,2,1685.58,DONE,TNG,Carte,,2023-04-09
CMD13440,CL0879,P007,06/09/2023,5,2840.27,annulé,Agadir,Carte,,
CMD08662,CL0836,P063,14/02/2024,5,4489.95,OK,casa,Carte,LIV8,
CMD00153,CL0045,P028,11/07/2023,5,4475.31,livre,RBA,Carte,LIV8,
CMD16568,CL0279,P099,Jun 13 2023,3,3335.03,annulé,Tnja,Carte,LIV10,
CMD30299,CL0370,P072,2023-02-05,5,3751.04,KO,casa,Carte,LIV8,
CMD05739,CL0190,P013,13/12/2023,2,149.82,livre,kech,Carte,LIV3,
CMD34558,CL1000,P003,2024-05-11,4,4450.38,LIVRE,TANGER,Carte,LIV6,2024-05-12
CMD36396,CL0705,P020,Mar 11 2024,1,1435.76,DONE,kech,Carte,LIV10,2024-03-16
CMD21833,CL0719,P049,30/08/2023,1,3853.76,OK,Tnja,Carte,LIV4,
CMD12380,CL0697,P097,Jan 06 2023,5,1109.08,livré,TANGER,Carte,LIV6,2023-01-07
CMD47705,CL0919,P084,26/04/2024,4,1619.22,en_cours,TNG,Carte,LIV5,
CMD33374,CL0152,P085,07/01/2023,2,751.17,livré,casa,Carte,LIV9,2023-01-10
CMD01711,CL0180,P072,15/02/2023,2,515.04,en_cours,CASABLANCA,Carte,LIV7,
CMD29077,CL0068,P077,2023-02-09,4,2588.48,OK,TNG,Carte,LIV5,
CMD16936,CL0048,P045,2023-11-17,5,355.12,livré,casa,Carte,LIV9,2023-11-20
CMD19817,CL0417,P013,25/06/2023,2,1149.8,DONE,TNG,Carte,LIV9,2023-06-26
CMD28725,CL0401,P033,Nov 12 2023,1,2181.15,livré,CASABLANCA,Carte,LIV3,2023-11-14
CMD21887,CL0618,P021,Oct 07 2023,5,241.02,livré,TANGER,Carte,LIV5,2023-10-11
CMD07679,CL0020,P018,20/10/2023,5,2444.03,KO,Agadir,Carte,LIV10,
CMD05102,CL0959,P049,2024-02-29,1,474.55,DONE,marrakech,Carte,LIV5,2024-03-02
CMD18351,CL0837,P008,Mar 25 2023,3,3744.94,livre,TNG,Carte,LIV3,
CMD33672,CL0594,P039,Dec 01 2023,4,3967.54,livre,kech,Carte,LIV10,
CMD43963,CL0442,P082,2024-04-03,3,305.17,livré,TANGER,Carte,LIV10,2024-04-06
CMD08208,CL0093,P080,2024-01-10,1,1861.65,OK,RBA,Carte,,
CMD35116,CL0271,P056,2023-08-15,1,692.03,OK,kech,Carte,LIV2,
CMD07228,CL0028,P005,Feb 24 2023,1,263.72,livré,marrakech,Carte,LIV6,2023-02-26
CMD23912,CL0975,P089,Nov 11 2023,2,2530.87,livre,CASABLANCA,Carte,LIV1,
CMD17394,CL0947,P073,Feb 24 2024,4,747.39,retourné,CASABLANCA,Carte,LIV6,2024-02-27
CMD35863,CL0668,P025,Dec 31 2023,2,4445.5,annulé,Tnja,Carte,LIV9,
CMD14509,CL0399,P022,2024-01-30,3,386.81,retourné,Agadir,Carte,,2024-01-31
CMD46795,CL0277,P075,2024-01-15,2,100.63,DONE,TANGER,Carte,LIV4,2024-01-20
CMD40235,CL0779,P067,Feb 10 2024,4,245.8,livré,TANGER,Carte,LIV10,2024-02-14
CMD34160,CL0839,P058,Aug 23 2023,2,1731.71,livre,RBA,Carte,LIV8,
CMD16672,CL0346,P025,04/11/2023,2,935.06,DONE,marrakech,Carte,,2023-11-07
CMD44961,CL0302,P069,Sep 26 2023,2,1679.99,en_cours,CASABLANCA,Carte,LIV5,
CMD10788,CL0695,P075,20/07/2023,5,156.68,livré,RBA,Carte,LIV6,2023-07-24
CMD16945,CL0216,P087,2023-02-04,3,2264.33,OK,kech,Carte,LIV9,
CMD20606,CL0183,P050,30/04/2024,4,1636.42,annulé,marrakech,Carte,LIV9,
CMD29832,CL0129,P099,Feb 04 2023,3,1647.48,LIVRE,kech,Carte,LIV4,2023-02-06
CMD15337,CL0266,P010,Mar 02 2024,2,533.78,OK,casa,Carte,LIV1,
CMD06291,CL0421,P075,Mar 31 2023,4,3673.99,KO,tanger,Carte,LIV3,
CMD01608,CL0189,P058,2023-04-02,3,2894.79,LIVRE,CASABLANCA,Carte,LIV4,2023-04-03
CMD09286,CL0017,P048,Jun 29 2023,4,1081.6,livré,marrakech,Carte,LIV2,2023-06-30
CMD08014,CL0530,P055,Oct 06 2023,1,3199.06,DONE,TANGER,Carte,LIV6,2023-10-07
CMD46098,CL0031,P023,2023-01-30,3,159.71,en_cours,TANGER,Carte,LIV7,
CMD18307,CL0685,P051,Apr 03 2024,4,1446.25,en_cours,Agadir,Carte,,
CMD06058,CL0357,P050,11/06/2023,5,4709.1,livré,TNG,Carte,LIV9,2023-06-16
CMD08527,CL0223,P033,Apr 21 2024,1,1468.46,livré,tanger,Carte,LIV9,2024-04-25
CMD08875,CL0836,P057,01/08/2023,4,1993.91,DONE,casa,Carte,LIV4,2023-08-04
CMD21731,CL0610,P080,08/06/2023,4,1343.28,OK,TANGER,Carte,LIV1,
CMD06209,CL0099,P010,05/03/2023,4,209.87,LIVRE,Tnja,Carte,LIV2,2023-03-07
CMD13132,CL0746,P051,2023-12-03,3,97.86,DONE,Agadir,Carte,LIV8,2023-12-04
CMD29136,CL0846,P058,03/10/2023,4,4196.37,LIVRE,TNG,Carte,LIV6,2023-10-08
CMD07003,CL0093,P024,Nov 05 2023,3,1215.44,en_cours,Agadir,Carte,LIV5,
CMD08359,CL0405,P071,15/05/2024,3,2549.96,livré,Agadir,Carte,LIV10,2024-05-17
CMD07283,CL0346,P059,Mar 14 2024,2,3883.64,retourné,Agadir,Carte,LIV8,2024-03-18
CMD48287,CL0930,P058,May 16 2023,4,1692.12,LIVRE,Tnja,Carte,LIV10,2023-05-17
CMD27937,CL0256,P017,Sep 19 2023,1,2326.71,annulé,CASABLANCA,Carte,LIV9,
CMD23841,CL0780,P003,22/02/2023,2,3935.21,livré,kech,Carte,LIV6,2023-02-24
CMD39647,CL0608,P027,May 13 2023,3,3226.45,annulé,Tnja,Carte,LIV10,
CMD07895,CL0640,P079,2023-08-12,4,4588.27,annulé,casa,Carte,LIV2,
CMD21791,CL0084,P066,Nov 05 2023,4,2690.83,en_cours,marrakech,Carte,LIV7,
CMD48408,CL0072,P042,May 14 2023,5,300.5,OK,tanger,Carte,LIV9,
CMD42934,CL0803,P008,06/11/2023,4,2443.28,livré,Agadir,Carte,LIV6,2023-11-10
CMD11471,CL0516,P056,04/02/2024,3,303.98,OK,marrakech,Carte,LIV9,
CMD07799,CL0240,P070,2023-06-12,1,4355.58,LIVRE,TNG,Carte,LIV3,2023-06-15
CMD38662,CL0055,P089,2024-02-14,2,4092.26,retourné,TNG,Carte,LIV7,2024-02-19
CMD31076,CL0068,P078,06/10/2023,4,1620.57,annulé,casa,Carte,LIV6,
CMD08081,CL0441,P075,20/04/2023,4,255.34,livre,tanger,Carte,LIV3,
CMD28150,CL0512,P048,2023-12-22,5,3930.82,DONE,CASABLANCA,Carte,LIV4,2023-12-23
CMD37542,CL0582,P082,Feb 15 2024,4,2897.88,livre,Agadir,Carte,LIV5,
CMD38272,CL0832,P002,2023-01-06,2,2663.02,annulé,TANGER,Carte,LIV1,
CMD04769,CL0366,P066,Feb 17 2024,2,4314.02,annulé,TANGER,Carte,LIV6,
CMD10545,CL0140,P085,Dec 03 2023,3,710.99,en_cours,Agadir,Carte,,
CMD06451,CL0278,P033,2023-01-01,1,4031.63,en_cours,TANGER,Carte,LIV3,
CMD02938,CL0579,P048,16/01/2024,5,3557.08,DONE,CASABLANCA,Carte,LIV6,2024-01-19
CMD47430,CL0321,P012,Feb 24 2023,2,0,LIVRE,TNG,Carte,LIV6,2023-02-28
CMD22784,CL0304,P010,2023-07-22,5,4978.8,en_cours,casa,Carte,LIV3,
CMD14474,CL0857,P046,2023-10-12,2,3624.62,annulé,tanger,Carte,LIV1,
CMD37433,CL0201,P042,05/06/2023,1,3738.47,livré,casa,Carte,LIV9,2023-06-07
CMD28427,CL0866,P066,31/07/2023,3,4862.37,livré,kech,Carte,LIV3,2023-08-03
CMD20693,CL0677,P043,2024-01-22,2,559.46,LIVRE,CASABLANCA,Carte,LIV4,2024-01-27
CMD24304,CL0144,P099,Feb 23 2023,5,2204.54,KO,Agadir,Carte,,
CMD04307,CL0577,P026,2024-01-12,4,1425.38,LIVRE,RBA,Carte,LIV4,2024-01-13
CMD05200,CL0660,P088,2023-06-07,4,2861.53,livré,kech,Carte,LIV8,2023-06-11
CMD06376,CL0048,P074,Apr 07 2023,4,1294.77,livré,CASABLANCA,Carte,LIV8,2023-04-10
CMD22203,CL0656,P005,Feb 27 2023,1,3989.27,livré,CASABLANCA,Carte,LIV9,2023-03-01
CMD17382,CL0174,P087,2023-04-20,1,3411.82,KO,CASABLANCA,Carte,LIV10,
CMD35099,CL0749,P088,03/09/2023,3,111.87,DONE,TNG,Carte,LIV8,2023-09-04
CMD22327,CL0325,P083,19/04/2023,2,2657.14,annulé,TNG,Carte,LIV7,
CMD10122,CL0507,P032,13/12/2023,4,4846.64,KO,RBA,Carte,LIV2,
CMD46268,CL0710,P042,16/03/2024,1,1405.07,annulé,TANGER,Carte,LIV2,
CMD22533,CL0916,P065,10/01/2024,3,3412.71,KO,RBA,Carte,LIV6,
CMD06290,CL0787,P037,2024-03-24,1,2527.93,DONE,Agadir,Carte,LIV9,2024-03-29
CMD47913,CL0939,P017,Jan 29 2023,1,1164.82,livré,TNG,Carte,LIV8,2023-02-03
CMD37960,CL0400,P030,03/03/2024,1,3280.72,livré,casa,Carte,LIV2,2024-03-08
CMD11518,CL0825,P087,22/02/2024,1,2307.09,livré,tanger,Carte,LIV4,2024-02-26
CMD29718,CL0365,P085,2023-02-13,4,4672.53,livré,TANGER,Carte,LIV5,2023-02-17
CMD34599,CL0239,P027,2023-10-19,3,4025.75,livré,kech,Carte,,2023-10-23
CMD26734,CL0561,P030,15/07/2023,1,4879.45,KO,tanger,Carte,LIV3,
CMD29907,CL0288,P076,Apr 29 2024,2,4378.25,retourné,kech,Carte,LIV8,2024-04-30
CMD02154,CL0143,P083,14/04/2023,1,3029.56,livré,casa,Carte,LIV1,2023-04-18
CMD29797,CL0395,P028,Apr 27 2024,5,2618.59,retourné,casa,Carte,LIV3,2024-04-28
CMD00805,CL0252,P094,01/09/2023,2,1137.98,OK,CASABLANCA,Carte,LIV7,
CMD36368,CL0655,P013,2023-08-11,3,2731.54,livré,TANGER,Carte,LIV7,2023-08-16
CMD30849,CL0729,P049,2023-12-28,3,1098.04,DONE,Agadir,Carte,LIV8,2024-01-02
CMD46921,CL0279,P011,16/02/2023,2,1239.17,OK,Tnja,Carte,LIV6,
CMD28763,CL0156,P017,2024-04-26,5,1387.52,livre,Agadir,Carte,LIV10,
CMD45234,CL0584,P082,2023-04-02,3,4379.23,annulé,Tnja,Carte,LIV2,
CMD31677,CL0124,P022,2024-04-09,3,1135.34,livré,TANGER,Carte,LIV7,2024-04-11
CMD26540,CL0682,P041,10/05/2023,5,1294.65,LIVRE,Tnja,Carte,LIV3,2023-05-15
CMD09076,CL0701,P081,2023-08-19,5,3003.11,KO,CASABLANCA,Carte,LIV1,
CMD02149,CL0576,P009,2023-03-27,5,4641.64,livré,TNG,Carte,LIV8,2023-03-31
CMD03252,CL0873,P040,Dec 24 2023,-1,4180.86,DONE,Agadir,Carte,LIV5,2023-12-28
CMD29881,CL0984,P065,10/09/2023,4,4073.56,KO,Agadir,Carte,LIV8,
CMD39517,CL0677,P069,Jan 10 2024,4,162.31,retourné,TNG,Carte,LIV2,2024-01-14
CMD30155,CL0874,P037,27/10/2023,2,1627.28,OK,kech,Carte,LIV3,
CMD32572,CL0973,P091,2023-06-27,4,2389.69,livré,TNG,Carte,LIV2,2023-06-30
CMD40850,CL0331,P038,Mar 06 2024,5,3607.02,KO,kech,Carte,LIV3,
CMD05914,CL0604,P069,2023-12-09,5,942.45,KO,TANGER,Carte,LIV7,
CMD11117,CL0591,P055,2023-04-19,2,1043.93,livre,Tnja,Carte,LIV8,
CMD02802,CL0990,P073,Feb 26 2024,4,4099.89,livre,RBA,Carte,,
CMD01683,CL0328,P089,2024-05-06,4,3876.77,DONE,marrakech,Carte,LIV9,2024-05-10
CMD41541,CL0771,P051,01/02/2023,4,1535.43,livré,TNG,Carte,LIV7,2023-02-06
CMD37682,CL0026,P091,27/10/2023,1,4612.51,annulé,CASABLANCA,Carte,LIV5,
CMD19605,CL0794,P031,21/04/2024,2,2936.21,annulé,TNG,Carte,LIV6,
CMD07591,CL0362,P029,2023-04-11,2,264.07,DONE,casa,Carte,LIV10,2023-04-12
CMD37851,CL0522,P039,Sep 12 2023,2,3227.35,OK,CASABLANCA,Carte,LIV3,
CMD06667,CL0459,P020,01/01/2024,1,2475.42,annulé,tanger,Carte,LIV10,
CMD22051,CL0358,P034,09/12/2023,2,0,livré,RBA,Carte,LIV7,2023-12-10
CMD46829,CL0795,P095,Apr 29 2024,3,231.56,OK,TNG,Carte,LIV4,
CMD01544,CL0880,P080,Sep 25 2023,2,3904.1,retourné,TANGER,Carte,LIV4,2023-09-29
CMD16779,CL0137,P088,Jul 26 2023,1,1725.73,livré,RBA,Carte,LIV10,2023-07-30
CMD27591,CL0020,P048,Mar 19 2024,1,2878.45,livré,CASABLANCA,Carte,LIV1,2024-03-22
CMD28160,CL0463,P038,Apr 01 2023,2,2910.38,DONE,TANGER,Carte,LIV6,2023-04-02
CMD12798,CL0358,P085,2023-08-19,4,3905.45,KO,CASABLANCA,Carte,LIV2,
CMD36916,CL0914,P086,2023-02-18,5,2303.78,livré,Tnja,Carte,,2023-02-19
CMD18669,CL0857,P039,Apr 21 2024,3,3220.75,retourné,tanger,Carte,LIV6,2024-04-23
CMD44235,CL0317,P029,2023-02-03,4,3466.62,livré,TNG,Carte,LIV5,2023-02-06
CMD44932,CL0494,P034,Feb 23 2023,2,180.37,livré,tanger,Carte,LIV9,2023-02-25
CMD29020,CL0530,P071,Jan 24 2024,3,4025.78,retourné,casa,Carte,LIV3,2024-01-26
CMD41087,CL0118,P077,03/01/2023,5,2220.37,OK,TANGER,Carte,LIV10,
CMD14711,CL0629,P052,28/12/2023,5,1041.03,KO,TANGER,Carte,LIV6,
CMD32479,CL0670,P052,04/03/2023,5,4089.42,KO,Tnja,Carte,LIV6,
CMD38281,CL0091,P018,16/10/2023,3,222.12,DONE,Tnja,Carte,LIV2,2023-10-17
CMD28998,CL0736,P034,20/09/2023,4,3248.44,livré,Agadir,Carte,,2023-09-25
CMD23764,CL0617,P030,May 05 2024,2,2615.03,livré,casa,Carte,LIV9,2024-05-06
CMD30646,CL0649,P053,01/08/2023,1,1275.08,livré,CASABLANCA,Carte,LIV10,2023-08-03
CMD46381,CL0887,P011,Apr 21 2024,3,3323.25,annulé,TNG,Carte,LIV8,
CMD19517,CL0513,P100,07/08/2023,4,4501.95,livré,tanger,Carte,LIV1,2023-08-10
CMD37802,CL0721,P009,Feb 03 2024,5,3463.7,retourné,TNG,Carte,LIV4,2024-02-05
CMD25933,CL0940,P019,May 13 2024,4,3543.72,retourné,Tnja,Carte,LIV9,2024-05-14
CMD38893,CL0404,P072,Mar 20 2024,2,2514.76,KO,RBA,Carte,LIV1,
CMD06599,CL0889,P068,Mar 18 2024,4,2546.9,livre,TANGER,Carte,LIV8,
CMD29533,CL0999,P046,Jan 09 2023,2,3605.66,OK,tanger,Carte,LIV4,
CMD25772,CL0383,P050,2023-01-12,3,2731.74,LIVRE,CASABLANCA,Carte,LIV2,2023-01-17
CMD36247,CL0718,P027,2024-03-09,4,842.75,livre,TANGER,Carte,LIV3,
CMD10182,CL0896,P027,Jun 02 2023,2,1366.45,livré,marrakech,Carte,,2023-06-07
CMD08482,CL0532,P024,2024-05-05,5,420.86,retourné,Agadir,Carte,LIV9,2024-05-09
CMD08125,CL0803,P031,2023-08-31,3,3007.13,livré,TANGER,Carte,LIV8,2023-09-04
CMD34979,CL0926,P081,2024-02-09,2,1338.24,livré,casa,Carte,LIV8,2024-02-10
CMD12608,CL0926,P013,Aug 04 2023,1,1646.79,livre,casa,Carte,LIV5,
CMD39542,CL0540,P094,2024-03-26,2,4672.1,LIVRE,tanger,Carte,LIV4,2024-03-27
CMD05185,CL0838,P047,Dec 26 2023,3,4375.92,OK,TANGER,Carte,LIV3,
CMD46658,CL0534,P057,2023-08-19,5,2884.84,KO,casa,Carte,LIV2,
CMD37031,CL0393,P068,Apr 13 2024,5,2139.76,OK,RBA,Carte,LIV5,
CMD29130,CL0202,P032,Aug 15 2023,2,672.77,en_cours,Agadir,Carte,LIV9,
CMD16206,CL0162,P024,2024-05-09,5,1321.74,LIVRE,casa,Carte,LIV3,2024-05-14
CMD01846,CL0231,P099,2023-05-16,3,2159.38,DONE,Tnja,Carte,LIV2,2023-05-18
CMD34327,CL0405,P083,2023-07-30,2,3282.35,retourné,kech,Carte,LIV6,2023-08-04
CMD29407,CL0563,P027,2023-07-12,2,503.82,KO,casa,Carte,LIV4,
CMD11431,CL0329,P059,22/08/2023,2,3608.3,livré,TNG,Carte,LIV5,2023-08-27
CMD42205,CL0388,P075,11/01/2023,5,283.11,DONE,TNG,Carte,LIV10,2023-01-16
CMD23241,CL0255,P001,05/12/2023,5,999.08,LIVRE,kech,Carte,LIV9,2023-12-07
CMD38559,CL0475,P032,2024-03-18,3,4334.65,retourné,casa,Carte,LIV6,2024-03-23
CMD11152,CL0266,P027,2023-12-26,5,4974.0,livré,Tnja,Carte,LIV8,2023-12-31
CMD24987,CL0205,P010,20/05/2023,1,3424.9,en_cours,TNG,Carte,LIV9,
CMD01164,CL0102,P031,2023-02-08,4,2637.64,DONE,TNG,Carte,LIV3,2023-02-10
CMD45353,CL0321,P088,06/03/2024,4,3936.62,retourné,casa,Carte,LIV6,2024-03-10
CMD01466,CL0450,P067,2023-06-01,3,2648.67,retourné,TANGER,Carte,LIV2,2023-06-04
CMD16432,CL0560,P069,Aug 22 2023,2,1039.65,livré,tanger,Carte,LIV1,2023-08-23
CMD47748,CL0802,P013,31/05/2023,2,737.91,livré,tanger,Carte,LIV10,2023-06-03
CMD14539,CL0951,P025,Jan 04 2023,2,599.02,LIVRE,CASABLANCA,Carte,LIV4,2023-01-08
CMD28491,CL0739,P027,2023-05-13,5,2839.14,livré,casa,Carte,LIV8,2023-05-17
CMD03683,CL0851,P025,2023-02-18,2,4843.13,annulé,RBA,Carte,LIV1,
CMD16842,CL0820,P038,2023-03-30,1,2540.47,livré,TNG,Carte,LIV1,2023-03-31
CMD26357,CL0400,P043,Oct 16 2023,1,3564.19,annulé,TNG,Carte,LIV2,
CMD02962,CL0664,P018,17/01/2024,2,952.98,DONE,kech,Carte,LIV8,2024-01-20
CMD38829,CL0735,P043,Jan 07 2023,2,539.61,en_cours,TANGER,Carte,LIV3,
CMD00276,CL0401,P003,Oct 14 2023,4,2663.06,en_cours,Tnja,Carte,LIV8,
CMD47608,CL0286,P047,2023-06-04,1,2193.65,livre,Tnja,Carte,LIV3,
CMD03206,CL0444,P041,2023-11-14,2,2398.99,en_cours,CASABLANCA,Carte,LIV4,
CMD31342,CL0888,P009,2024-01-26,5,3574.15,livré,casa,Carte,LIV5,2024-01-27
CMD09964,CL0453,P053,13/12/2023,4,4467.69,livré,marrakech,Carte,LIV1,2023-12-14
CMD11092,CL0570,P032,2024-04-07,1,3000.36,livre,casa,Carte,LIV7,
CMD07361,CL0514,P067,Nov 05 2023,4,2999.25,DONE,kech,Carte,LIV2,2023-11-06
CMD10018,CL0722,P006,12/04/2024,2,3978.7,livre,CASABLANCA,Carte,LIV4,
CMD45373,CL0587,P015,2023-09-22,1,0,LIVRE,TNG,Carte,LIV10,2023-09-23
CMD39585,CL0789,P052,Apr 15 2024,5,1995.82,KO,Tnja,Carte,LIV8,
CMD41705,CL0520,P059,06/02/2023,5,2153.34,livré,casa,Carte,LIV8,2023-02-09
CMD05246,CL0987,P014,19/06/2023,2,4442.7,livré,Agadir,Carte,LIV2,2023-06-20
CMD16073,CL0700,P048,2023-10-24,1,968.79,DONE,TANGER,Carte,LIV10,2023-10-26
CMD45742,CL0978,P049,10/03/2024,5,2488.19,KO,CASABLANCA,Carte,LIV3,
CMD47568,CL0443,P075,2024-05-07,5,2720.42,retourné,TANGER,Carte,LIV6,2024-05-12
CMD15290,CL0319,P100,Sep 27 2023,2,4527.21,KO,TNG,Carte,LIV6,
CMD29676,CL0725,P097,01/01/2023,4,2093.92,livré,Agadir,Carte,LIV8,2023-01-04
CMD28887,CL0386,P018,2023-04-17,5,2299.07,livré,CASABLANCA,Carte,LIV5,2023-04-18
CMD28464,CL0651,P026,2023-04-27,5,1417.83,DONE,CASABLANCA,Carte,LIV6,2023-04-28
CMD01503,CL0645,P049,12/05/2023,3,4070.27,livré,kech,Carte,LIV5,2023-05-16
CMD43541,CL0341,P043,Jan 12 2024,2,1337.15,KO,CASABLANCA,Carte,LIV3,
CMD25236,CL0150,P051,Apr 03 2024,5,3767.48,annulé,Tnja,Carte,,
CMD31858,CL0111,P024,19/08/2023,5,657.29,livré,tanger,Carte,LIV1,2023-08-23
CMD36448,CL0882,P065,Feb 14 2024,1,4847.21,livre,CASABLANCA,Carte,LIV8,
CMD05030,CL0635,P024,08/04/2024,4,906.24,livre,Agadir,Carte,LIV1,
CMD12386,CL0859,P098,11/02/2023,2,4102.25,annulé,kech,Carte,LIV2,
CMD25898,CL0557,P062,Aug 30 2023,2,4195.3,livré,casa,Carte,LIV2,2023-09-04
CMD41717,CL0816,P009,Sep 22 2023,4,0,retourné,TNG,Carte,LIV4,2023-09-25
CMD24529,CL0899,P097,27/03/2023,3,535.24,KO,TANGER,Carte,LIV6,
CMD02584,CL0906,P085,Apr 05 2024,4,4635.26,livré,Agadir,Carte,LIV3,2024-04-10
CMD01678,CL0613,P011,20/02/2024,4,4589.5,DONE,kech,Carte,,2024-02-22
CMD16906,CL0470,P039,14/02/2024,4,1142.47,annulé,Tnja,Carte,LIV8,
CMD47320,CL0702,P026,2024-01-11,3,2555.03,OK,Tnja,Carte,LIV10,
CMD39631,CL0312,P062,Jun 07 2023,1,1510.17,DONE,CASABLANCA,Carte,LIV3,2023-06-09
CMD40392,CL0461,P100,2024-01-23,3,4490.7,livre,TANGER,Carte,LIV7,
CMD30664,CL0471,P083,Aug 22 2023,1,3010.19,livre,RBA,Carte,,
CMD22472,CL0980,P023,2024-04-24,4,4142.86,livre,TNG,Carte,LIV4,
CMD44984,CL0501,P040,Jun 30 2023,1,3818.68,LIVRE,tanger,Carte,LIV3,2023-07-05
CMD06054,CL0308,P060,2023-05-15,4,1250.3,annulé,tanger,Carte,,
CMD09932,CL0593,P005,2023-02-10,4,4747.98,livré,casa,Carte,,2023-02-12
CMD14463,CL0266,P074,2024-03-08,1,4971.4,LIVRE,tanger,Carte,LIV2,2024-03-09
CMD20987,CL0772,P092,Feb 11 2023,2,2519.99,livré,marrakech,Carte,LIV8,2023-02-13
CMD29939,CL0046,P040,06/02/2023,3,838.09,livré,CASABLANCA,Carte,LIV1,2023-02-07
CMD21049,CL0698,P100,Jun 30 2023,4,3233.46,KO,Agadir,Carte,LIV6,
CMD29948,CL0050,P073,Dec 15 2023,5,3895.88,OK,marrakech,Carte,LIV9,
CMD12719,CL0971,P016,2023-12-21,2,4507.78,KO,RBA,Carte,LIV7,
CMD32726,CL0666,P024,2023-01-02,5,1728.26,annulé,Tnja,Carte,LIV6,
CMD04090,CL0025,P041,2023-12-28,4,1656.95,livré,CASABLANCA,Carte,LIV1,2023-12-31
CMD10562,CL0720,P087,Jan 29 2024,5,2563.84,livré,kech,Carte,,2024-02-02
CMD07569,CL0387,P021,2023-11-23,2,3914.3,livré,kech,Carte,LIV2,2023-11-27
CMD45112,CL0879,P043,29/10/2023,3,729.65,LIVRE,tanger,Carte,LIV1,2023-10-30
CMD03363,CL0329,P039,May 26 2023,3,2830.45,OK,TANGER,Carte,LIV1,
CMD27919,CL0351,P067,24/03/2023,1,2180.41,retourné,Tnja,Carte,LIV6,2023-03-28
CMD33417,CL0771,P046,2024-02-12,4,4015.66,LIVRE,TANGER,Carte,LIV9,2024-02-14
CMD48357,CL0249,P057,Jul 21 2023,1,597.52,livre,RBA,Carte,LIV7,
CMD07612,CL0351,P014,2023-03-31,4,1486.43,DONE,kech,Carte,LIV6,2023-04-05
CMD45902,CL0720,P045,Jun 19 2023,2,908.42,en_cours,casa,Carte,LIV3,
CMD22102,CL0253,P078,01/04/2023,5,411.71,livre,Agadir,Carte,LIV7,
CMD45444,CL0654,P074,05/01/2023,5,2689.35,OK,TNG,Carte,LIV1,
CMD28352,CL0517,P060,14/07/2023,4,957.34,KO,RBA,Carte,LIV4,
CMD45721,CL0784,P029,24/12/2023,1,831.75,KO,Agadir,Carte,LIV5,
CMD32782,CL0047,P060,May 14 2023,3,4745.74,KO,tanger,Carte,LIV9,
CMD30587,CL0501,P052,2023-03-04,5,3293.04,livré,Agadir,Carte,LIV2,2023-03-08
CMD07626,CL0980,P010,2023-03-11,1,2081.49,retourné,casa,Carte,LIV10,2023-03-13
CMD21434,CL0299,P092,Aug 18 2023,5,2963.25,annulé,marrakech,Carte,LIV1,
CMD31363,CL0197,P054,Sep 26 2023,4,2999.74,LIVRE,kech,Carte,LIV6,2023-10-01
CMD22102,CL0253,P078,01/04/2023,5,411.71,livre,Agadir,Carte,LIV7,
CMD37131,CL0314,P073,07/05/2023,5,3725.24,annulé,kech,Carte,LIV3,
CMD47912,CL0256,P044,2024-01-05,4,3909.61,livré,casa,Carte,LIV10,2024-01-09
CMD15390,CL0510,P094,Mar 31 2024,1,108.38,annulé,RBA,Carte,LIV5,
CMD01013,CL0280,P092,2023-02-05,5,4494.76,livré,TNG,Carte,LIV6,2023-02-10
CMD01412,CL0501,P029,Mar 05 2023,-1,1998.18,livre,marrakech,Carte,LIV2,
CMD15541,CL0537,P033,07/01/2024,2,4894.96,OK,tanger,Carte,LIV3,
CMD43270,CL0693,P067,05/04/2024,1,1929.19,KO,tanger,Carte,LIV1,
CMD28301,CL0887,P066,2023-08-22,3,2775.72,OK,Agadir,Carte,LIV1,
CMD23882,CL0712,P004,2023-05-22,3,4804.54,livré,marrakech,Carte,LIV1,2023-05-25
CMD37933,CL0056,P032,2023-10-16,1,3128.14,en_cours,CASABLANCA,Carte,LIV1,
CMD25935,CL0276,P021,May 22 2023,3,351.54,en_cours,marrakech,Carte,LIV1,
CMD14678,CL0566,P063,Aug 20 2023,2,741.17,livré,marrakech,Carte,LIV4,2023-08-24
CMD15279,CL0035,P004,Jun 30 2023,2,4859.6,DONE,tanger,Carte,LIV8,2023-07-03
CMD46430,CL0128,P096,Aug 20 2023,2,1491.81,DONE,TNG,Carte,LIV2,2023-08-22
CMD06347,CL0754,P074,2023-11-26,5,1078.61,livré,tanger,Carte,LIV3,2023-11-30
CMD20443,CL0085,P081,2023-07-20,1,108.82,en_cours,Agadir,Carte,LIV5,
CMD32297,CL0011,P012,2023-06-11,5,1945.89,livre,kech,Carte,LIV4,
CMD14671,CL0043,P068,2023-12-11,1,2919.87,KO,CASABLANCA,Carte,LIV1,
CMD48304,CL0029,P086,2024-04-06,4,3693.13,DONE,Agadir,Carte,LIV4,2024-04-07
CMD27430,CL0179,P092,Oct 06 2023,5,2501.11,en_cours,casa,Carte,LIV10,
CMD39864,CL0127,P096,2023-01-17,5,677.73,livre,Agadir,Carte,LIV8,
CMD14495,CL0201,P084,Feb 02 2023,1,3746.36,KO,Agadir,Carte,,
CMD39208,CL0583,P074,03/06/2023,5,105.26,DONE,Agadir,Carte,LIV5,2023-06-08
CMD02234,CL0436,P059,2023-01-22,4,247.45,LIVRE,marrakech,Carte,,2023-01-25
CMD03623,CL0482,P051,06/08/2023,3,103.46,livré,TNG,Carte,LIV8,2023-08-11
CMD18356,CL0192,P045,Mar 08 2024,3,2235.78,livré,Agadir,Carte,LIV9,2024-03-12
CMD06946,CL0496,P085,03/01/2024,3,2148.88,livré,CASABLANCA,Carte,LIV9,2024-01-08
CMD31182,CL0575,P017,May 10 2024,3,2766.22,livre,casa,Carte,LIV8,
CMD36762,CL0813,P029,2023-11-02,4,3208.06,en_cours,casa,Carte,LIV2,
CMD28809,CL0404,P092,07/03/2023,3,3975.42,retourné,tanger,Carte,LIV10,2023-03-11
CMD16107,CL0896,P070,31/01/2024,3,3766.87,KO,CASABLANCA,Carte,LIV2,
CMD07013,CL0923,P028,06/04/2023,2,737.94,livré,TNG,Carte,LIV5,2023-04-09
CMD40064,CL0899,P083,Apr 12 2024,1,79.61,LIVRE,marrakech,Carte,LIV10,2024-04-17
CMD11127,CL0367,P021,Sep 24 2023,1,2128.29,DONE,TNG,Carte,LIV1,2023-09-26
CMD10266,CL0422,P068,2023-04-17,3,4887.81,KO,Tnja,Carte,,
CMD08241,CL0227,P092,2023-04-15,3,4516.74,OK,RBA,Carte,LIV3,
CMD30012,CL0300,P059,13/01/2024,5,3124.41,retourné,Tnja,Carte,LIV1,2024-01-15
CMD26383,CL0874,P098,2023-07-30,1,3293.89,LIVRE,CASABLANCA,Carte,LIV9,2023-08-02
CMD24253,CL0357,P027,2023-02-09,5,2377.22,en_cours,kech,Carte,LIV8,
CMD22199,CL0826,P008,15/12/2023,3,1621.42,KO,casa,Carte,LIV7,
CMD07992,CL0234,P052,Jan 17 2023,3,2978.76,OK,RBA,Carte,LIV4,
CMD46307,CL0963,P068,Mar 27 2023,2,1552.64,retourné,casa,Carte,LIV6,2023-03-28
CMD34317,CL0398,P054,2024-03-08,4,1987.76,DONE,marrakech,Carte,LIV1,2024-03-12
CMD41159,CL0533,P023,08/06/2023,1,4475.81,livré,CASABLANCA,Carte,LIV5,2023-06-09
CMD29859,CL0049,P025,2023-11-27,5,3668.97,LIVRE,casa,Carte,LIV2,2023-12-01
CMD38501,CL0547,P096,22/12/2023,3,4580.74,annulé,tanger,Carte,LIV6,
CMD20175,CL0040,P094,12/07/2023,3,4736.96,annulé,Agadir,Carte,LIV10,
CMD25982,CL0490,P074,30/04/2023,4,3690.2,DONE,TANGER,Carte,,2023-05-03
CMD16368,CL0125,P046,Nov 28 2023,5,376.31,DONE,tanger,Carte,LIV1,2023-12-02
CMD24512,CL0009,P015,17/10/2023,3,950.72,DONE,Tnja,Carte,LIV5,2023-10-22
CMD30788,CL0472,P084,25/02/2023,3,724.76,retourné,TNG,Carte,LIV6,2023-02-26
CMD30518,CL0825,P027,May 19 2023,4,3438.32,livré,CASABLANCA,Carte,LIV7,2023-05-23
CMD32949,CL0386,P094,2023-02-12,2,3658.81,en_cours,RBA,Carte,LIV2,
CMD14160,CL0515,P064,17/08/2023,3,2768.41,retourné,casa,Carte,LIV4,2023-08-19
CMD26856,CL0692,P077,Jan 26 2023,1,1849.88,livre,tanger,Carte,LIV2,
CMD32563,CL0134,P094,06/07/2023,2,3663.77,retourné,TNG,Carte,LIV6,2023-07-08
CMD06991,CL0260,P074,2023-09-25,3,1701.72,en_cours,Agadir,Carte,LIV5,
CMD26343,CL0819,P054,09/04/2023,2,2048.21,en_cours,CASABLANCA,Carte,LIV10,
CMD25285,CL0619,P073,2023-06-23,1,1253.21,en_cours,Agadir,Carte,LIV1,
CMD29412,CL0153,P002,28/04/2024,4,1717.11,annulé,TNG,Carte,LIV3,
CMD41508,CL0204,P083,2023-07-31,4,1833.55,annulé,tanger,Carte,LIV6,
CMD07909,CL0492,P100,Sep 17 2023,2,1841.65,KO,CASABLANCA,Carte,LIV10,
CMD22657,CL0324,P038,Jan 18 2024,5,2512.12,retourné,TNG,Carte,LIV10,2024-01-19
CMD40236,CL0543,P071,2023-09-04,3,3488.8,OK,RBA,Carte,LIV7,
CMD28854,CL0742,P033,Oct 13 2023,3,3667.47,livré,CASABLANCA,Carte,LIV8,2023-10-17
CMD28591,CL0961,P055,Apr 10 2023,5,3125.41,DONE,RBA,Carte,LIV1,2023-04-14
CMD40752,CL0434,P007,24/03/2023,5,4764.34,DONE,tanger,Carte,LIV4,2023-03-28
CMD07830,CL0143,P017,Mar 25 2024,4,4590.46,livré,CASABLANCA,Carte,LIV10,2024-03-26
CMD01153,CL0126,P075,30/05/2023,2,1605.03,livre,TANGER,Carte,LIV8,
CMD41366,CL0602,P094,24/01/2023,1,1107.87,livré,TANGER,Carte,LIV6,2023-01-25
CMD29048,CL0057,P009,2023-05-06,4,2199.11,LIVRE,TANGER,Carte,LIV9,2023-05-08
CMD13770,CL0404,P030,2023-01-20,2,4601.33,livré,Agadir,Carte,LIV4,2023-01-24
CMD42364,CL0323,P062,09/03/2024,5,1395.54,retourné,kech,Carte,LIV6,2024-03-10
CMD35338,CL0355,P097,12/07/2023,2,4206.41,KO,marrakech,Carte,LIV6,
CMD35168,CL0729,P026,2024-04-28,3,2896.93,livre,casa,Carte,LIV1,
CMD17689,CL0093,P006,Apr 28 2024,4,688.33,livré,TNG,Carte,LIV2,2024-05-01
CMD15338,CL0660,P041,Feb 11 2024,4,719.07,livré,casa,Carte,LIV6,2024-02-13
CMD04919,CL0099,P036,Jan 26 2024,2,1438.14,KO,TNG,Carte,LIV8,
CMD14885,CL0743,P038,05/03/2024,2,3291.7,LIVRE,marrakech,Carte,LIV7,2024-03-06
CMD26474,CL0847,P002,28/09/2023,2,2317.0,DONE,Tnja,Carte,LIV2,2023-10-03
CMD24994,CL0043,P027,Dec 30 2023,5,4040.36,livré,TANGER,Carte,LIV1,2024-01-03
CMD19786,CL0733,P032,Feb 18 2024,2,3908.75,livre,TNG,Carte,LIV2,
CMD26907,CL0879,P029,2023-01-30,2,3313.11,livre,casa,Carte,LIV7,
CMD31874,CL0101,P017,Jun 20 2023,3,3293.42,livré,tanger,Carte,LIV6,2023-06-25
CMD39247,CL0029,P015,07/02/2023,5,1841.35,DONE,RBA,Carte,LIV2,2023-02-11
CMD44551,CL0653,P072,Dec 06 2023,4,3586.94,en_cours,kech,Carte,LIV2,
CMD05779,CL0942,P048,14/04/2024,3,4115.38,livré,kech,Carte,LIV9,2024-04-19
CMD04222,CL0775,P034,2023-08-12,1,4426.71,livré,tanger,Carte,LIV3,2023-08-15
CMD36833,CL0758,P014,29/05/2023,3,4471.41,OK,kech,Carte,LIV1,
CMD47870,CL0609,P024,2023-04-15,3,2031.32,DONE,TANGER,Carte,LIV3,2023-04-17
CMD15076,CL0657,P097,Mar 25 2023,3,1268.86,en_cours,Agadir,Carte,LIV2,
CMD11741,CL0965,P001,May 31 2023,4,4119.17,LIVRE,CASABLANCA,Carte,LIV2,2023-06-02
CMD31595,CL0972,P029,2023-09-08,4,2046.56,KO,tanger,Carte,LIV6,
CMD44029,CL0919,P087,Aug 21 2023,3,3791.61,annulé,casa,Carte,LIV6,
CMD14579,CL0776,P067,Apr 04 2023,5,923.52,LIVRE,TANGER,Carte,,2023-04-07
CMD11442,CL0707,P040,Nov 18 2023,5,4842.19,OK,kech,Carte,LIV5,
CMD25645,CL0306,P021,Sep 07 2023,4,4580.91,livré,casa,Carte,LIV6,2023-09-12
CMD39345,CL0169,P089,31/03/2023,3,2597.99,OK,RBA,Carte,LIV2,
CMD03039,CL0754,P052,Nov 17 2023,1,1881.68,livre,CASABLANCA,Carte,LIV1,
CMD46852,CL0954,P077,2023-03-01,2,2913.36,LIVRE,TANGER,Carte,LIV4,2023-03-05
CMD36192,CL0694,P037,2024-04-02,1,4805.93,livre,TNG,Carte,LIV4,
CMD30867,CL0316,P099,Jul 15 2023,4,2633.89,livré,TNG,Carte,LIV8,2023-07-16
CMD09476,CL0168,P076,18/03/2024,1,2424.46,livré,TANGER,Carte,LIV7,2024-03-23
CMD40668,CL0101,P066,2023-04-22,1,2627.47,KO,kech,Carte,,
CMD11701,CL0677,P098,05/02/2023,3,180.69,KO,tanger,Carte,LIV2,
CMD42651,CL0162,P074,25/03/2023,3,687.14,DONE,CASABLANCA,Carte,LIV8,2023-03-30
CMD47564,CL0848,P071,20/02/2024,1,95.63,OK,Tnja,Carte,LIV4,
CMD02983,CL0901,P012,25/10/2023,4,1280.1,retourné,TNG,Carte,LIV9,2023-10-28
CMD01627,CL0174,P065,04/02/2023,1,2804.99,OK,marrakech,Carte,LIV5,
CMD03441,CL0666,P034,01/02/2023,4,1902.88,livre,kech,Carte,LIV10,
CMD30787,CL0611,P082,06/12/2023,5,2482.21,en_cours,tanger,Carte,LIV7,
CMD01519,CL0482,P004,30/03/2024,4,1653.73,LIVRE,marrakech,Carte,LIV9,2024-03-31
CMD42167,CL0308,P049,Jul 16 2023,4,1482.02,livré,RBA,Carte,LIV5,2023-07-19
CMD14189,CL0572,P021,2024-05-01,3,2049.35,KO,TNG,Carte,LIV5,
CMD03654,CL0597,P093,2023-06-14,5,2115.05,DONE,kech,Carte,LIV6,2023-06-17
CMD36186,CL0659,P096,2023-12-11,1,616.33,livre,CASABLANCA,Carte,LIV7,
CMD12465,CL0768,P077,07/05/2023,3,3453.5,retourné,TANGER,Carte,LIV7,2023-05-12
CMD34075,CL0721,P013,May 10 2024,2,2846.51,livré,RBA,Carte,LIV4,2024-05-12
CMD00396,CL0260,P077,Jan 20 2023,5,4072.12,retourné,kech,Carte,LIV10,2023-01-25
CMD38253,CL0744,P019,2023-08-03,4,4542.56,DONE,CASABLANCA,Carte,LIV4,2023-08-07
CMD29176,CL0292,P085,30/11/2023,2,2871.97,livré,TANGER,Carte,LIV4,2023-12-04
CMD00052,CL0482,P015,08/02/2023,3,606.8,livré,TANGER,Carte,LIV5,2023-02-11
CMD33484,CL0064,P086,24/03/2023,5,4082.83,livre,casa,Carte,LIV8,
CMD00211,CL0586,P026,Sep 20 2023,5,0,retourné,CASABLANCA,Carte,LIV8,2023-09-22
CMD27088,CL0866,P004,20/09/2023,1,414.46,retourné,kech,Carte,,2023-09-23
CMD16784,CL0171,P010,2023-12-22,4,2021.04,livré,tanger,Carte,LIV8,2023-12-26
CMD01525,CL0098,P057,20/03/2024,3,3396.11,livré,casa,Carte,LIV1,2024-03-25
CMD20487,CL0964,P088,03/06/2023,2,3601.73,OK,RBA,Carte,LIV8,
CMD39465,CL0302,P018,2023-11-04,5,4894.07,LIVRE,CASABLANCA,Carte,LIV6,2023-11-08
CMD20909,CL0678,P045,May 12 2024,4,376.04,livré,RBA,Carte,LIV4,2024-05-17
CMD45597,CL0808,P097,2023-10-21,4,4731.8,KO,casa,Carte,LIV5,
CMD29704,CL0572,P064,Sep 19 2023,5,284.02,en_cours,CASABLANCA,Carte,LIV6,
CMD07225,CL0324,P068,28/01/2023,5,377.51,KO,Tnja,Carte,LIV5,
CMD05410,CL0355,P017,2023-07-20,2,0,livré,CASABLANCA,Carte,LIV1,2023-07-21
CMD41695,CL0278,P025,Aug 10 2023,4,486.35,livré,Tnja,Carte,LIV9,2023-08-12
CMD05126,CL0996,P056,2023-05-13,1,2349.76,livré,kech,Carte,,2023-05-17
CMD31919,CL0641,P033,21/01/2023,5,2196.22,en_cours,Agadir,Carte,LIV1,
CMD16808,CL0188,P031,25/11/2023,3,2751.4,annulé,TANGER,Carte,LIV4,
CMD41119,CL0908,P019,2023-01-10,1,209.32,livre,TNG,Carte,LIV6,
CMD46024,CL0823,P058,21/11/2023,2,4451.97,KO,Agadir,Carte,LIV6,
CMD14236,CL0219,P012,27/03/2024,5,2545.65,en_cours,TANGER,Carte,LIV5,
CMD25492,CL0481,P036,02/01/2024,1,2359.83,livré,casa,Carte,LIV1,2024-01-03
CMD37796,CL0930,P037,Jan 25 2024,1,3631.65,LIVRE,marrakech,Carte,LIV6,2024-01-30
CMD23654,CL0881,P037,Mar 07 2023,2,450.05,livre,casa,Carte,LIV7,
CMD21373,CL0971,P044,07/05/2023,1,0,DONE,kech,Carte,LIV7,2023-05-12
CMD13177,CL0332,P019,2023-05-08,5,1302.65,en_cours,tanger,Carte,LIV1,
CMD29816,CL0385,P086,02/03/2023,3,1950.55,retourné,casa,Carte,LIV9,2023-03-03
CMD36189,CL0838,P004,2024-01-29,3,2157.08,OK,tanger,Carte,LIV10,
CMD24093,CL0399,P094,24/04/2023,2,3893.67,livré,TNG,Carte,LIV8,2023-04-29
CMD11324,CL0858,P046,2023-12-22,5,2830.4,annulé,RBA,Carte,LIV2,
CMD21097,CL0525,P027,19/04/2024,4,1917.53,annulé,Agadir,Carte,LIV2,
CMD33708,CL0539,P050,2023-10-11,4,132.16,KO,tanger,Carte,LIV6,
CMD38768,CL0647,P063,Nov 19 2023,5,1053.14,DONE,kech,Carte,,2023-11-23
CMD19882,CL0808,P046,2023-05-18,1,4215.95,annulé,Agadir,Carte,LIV9,
CMD09555,CL0981,P029,Aug 25 2023,4,1061.43,retourné,TNG,Carte,LIV7,2023-08-27
CMD06237,CL0427,P005,Mar 07 2024,3,2777.15,livré,Tnja,Carte,LIV3,2024-03-09
CMD42989,CL0027,P002,2023-07-31,5,0,DONE,CASABLANCA,Carte,LIV2,2023-08-03
CMD45968,CL0294,P070,2023-03-09,2,1466.98,KO,casa,Carte,LIV7,
CMD46358,CL0336,P091,2023-08-06,2,2794.62,DONE,Tnja,Carte,LIV5,2023-08-10
CMD47509,CL0771,P039,2024-04-02,4,1180.25,en_cours,kech,Carte,LIV10,
CMD29762,CL0569,P082,2023-04-30,4,3815.1,DONE,casa,Carte,LIV8,2023-05-05
CMD24032,CL0362,P077,18/12/2023,1,1020.71,KO,marrakech,Carte,,
CMD33020,CL0043,P059,May 25 2023,-1,1201.43,livre,casa,Carte,LIV5,
CMD04007,CL0072,P005,2023-04-27,-1,1204.7,OK,Tnja,Carte,LIV3,
CMD27665,CL0815,P023,Nov 07 2023,5,254.0,DONE,TNG,Carte,LIV2,2023-11-09
CMD37396,CL0313,P066,Apr 15 2023,3,1154.18,KO,marrakech,Carte,LIV3,
CMD44618,CL0440,P094,2023-12-06,3,1268.13,livre,Agadir,Carte,LIV1,
CMD01534,CL0878,P065,2023-09-30,2,2777.5,livre,RBA,Carte,LIV9,
CMD33552,CL0338,P050,2024-03-13,2,3504.29,DONE,marrakech,Carte,LIV4,2024-03-14
CMD32655,CL0811,P081,24/06/2023,5,2879.85,KO,RBA,Carte,LIV4,
CMD35203,CL0319,P065,26/04/2023,3,4010.79,KO,TNG,Carte,LIV10,
CMD31953,CL0653,P001,2023-11-22,1,3903.82,retourné,Tnja,Carte,LIV10,2023-11-25
CMD37911,CL0143,P089,Feb 23 2024,3,3494.0,livré,RBA,Carte,LIV3,2024-02-26
CMD09520,CL0588,P001,2024-01-21,5,3614.46,livré,tanger,Carte,,2024-01-24
CMD18580,CL0989,P059,21/04/2023,5,1097.02,livré,marrakech,Carte,LIV8,2023-04-25
CMD43640,CL0085,P082,Apr 10 2023,5,2800.29,en_cours,Tnja,Carte,LIV4,
CMD29476,CL0215,P021,20/11/2023,4,4775.19,en_cours,Tnja,Carte,,
CMD44278,CL0122,P067,2023-02-18,2,2570.91,DONE,CASABLANCA,Carte,LIV3,2023-02-22
CMD37391,CL0420,P007,Jul 02 2023,1,2671.44,DONE,casa,Carte,LIV3,2023-07-07
CMD07495,CL0188,P004,2023-06-28,2,3843.06,livre,tanger,Carte,LIV5,
CMD35900,CL0609,P024,2023-03-03,5,3328.05,livré,Tnja,Carte,LIV8,2023-03-04
CMD14306,CL0170,P056,2023-08-18,3,1901.33,livré,TNG,Carte,LIV8,2023-08-20
CMD36562,CL0703,P064,15/10/2023,2,1313.7,OK,Agadir,Carte,LIV5,
CMD08745,CL0885,P055,22/07/2023,3,260.68,livre,RBA,Carte,LIV5,
CMD26120,CL0623,P035,Mar 05 2024,2,1780.62,retourné,TNG,Carte,LIV10,2024-03-09
CMD08723,CL0378,P046,09/05/2024,2,3779.96,livre,Tnja,Carte,LIV7,
CMD34742,CL0092,P009,May 09 2024,4,1820.35,OK,RBA,Carte,LIV4,
CMD40734,CL0460,P087,04/08/2023,2,4488.85,livre,TANGER,Carte,LIV4,
CMD21824,CL0848,P020,Jun 13 2023,5,3560.35,livré,kech,Carte,LIV1,2023-06-18
CMD11805,CL0055,P024,Feb 09 2023,1,1097.31,en_cours,CASABLANCA,Carte,,
CMD21644,CL0681,P075,Apr 07 2024,4,2398.24,retourné,Tnja,Carte,LIV1,2024-04-10
CMD40426,CL0902,P003,Sep 06 2023,3,1994.11,livré,TANGER,Carte,LIV8,2023-09-10
CMD35651,CL0315,P063,Aug 13 2023,2,3454.08,livré,RBA,Carte,LIV7,2023-08-17
CMD46029,CL0530,P032,2023-12-22,4,383.66,KO,casa,Carte,LIV6,
CMD02431,CL0463,P045,Mar 25 2024,2,0,en_cours,casa,Carte,,
CMD36242,CL0953,P039,2023-08-26,1,2003.39,KO,tanger,Carte,LIV7,
CMD33389,CL0960,P090,Nov 21 2023,3,2084.13,OK,marrakech,Carte,LIV9,
CMD04202,CL0921,P021,15/01/2023,5,2859.34,en_cours,TANGER,Carte,LIV3,
CMD45789,CL0833,P004,2023-03-27,4,4177.82,en_cours,Agadir,Carte,LIV9,
CMD02429,CL0636,P047,2023-06-18,5,3176.23,LIVRE,TANGER,Carte,LIV4,2023-06-20
CMD39788,CL0761,P077,Dec 29 2023,5,1602.01,retourné,TANGER,Carte,LIV9,2024-01-03
CMD11164,CL0174,P054,Aug 22 2023,5,3516.42,DONE,CASABLANCA,Carte,LIV1,2023-08-24
CMD46062,CL0809,P099,2023-02-05,3,730.07,retourné,Agadir,Carte,LIV3,2023-02-10
CMD26476,CL0709,P076,22/03/2024,2,4920.46,livre,CASABLANCA,Carte,LIV3,
CMD06105,CL0604,P049,Jul 31 2023,3,1034.08,retourné,kech,Carte,,2023-08-01
CMD45251,CL0404,P054,23/09/2023,4,3883.58,DONE,Agadir,Carte,,2023-09-26
CMD28735,CL0470,P008,2023-06-09,1,4605.51,en_cours,marrakech,Carte,LIV2,
CMD43593,CL0234,P027,Apr 06 2024,1,3365.85,livré,TANGER,Carte,LIV1,2024-04-10
CMD07158,CL0328,P044,2023-09-01,4,3173.04,DONE,kech,Carte,LIV2,2023-09-02
CMD11457,CL0337,P007,27/10/2023,3,2713.64,DONE,RBA,Carte,LIV5,2023-10-30
CMD11480,CL0283,P082,15/08/2023,4,4666.71,livré,RBA,Carte,LIV1,2023-08-19
CMD21144,CL0271,P090,05/03/2023,1,3804.23,LIVRE,Agadir,Carte,LIV9,2023-03-09
CMD12059,CL0963,P047,23/01/2024,5,1425.3,annulé,RBA,Carte,LIV7,
CMD47159,CL0401,P005,28/03/2023,4,4697.39,annulé,RBA,Carte,LIV3,
CMD06517,CL0329,P046,2023-12-31,2,1545.39,livré,Tnja,Carte,LIV7,2024-01-04
CMD16380,CL0255,P009,2024-01-14,3,4531.49,livré,kech,Carte,LIV6,2024-01-18
CMD38840,CL0005,P061,22/09/2023,4,460.34,retourné,marrakech,Carte,LIV9,2023-09-25
CMD38081,CL0555,P040,14/05/2024,5,1282.06,OK,kech,Carte,LIV9,
CMD45448,CL0915,P036,21/07/2023,2,1989.7,livré,casa,Carte,LIV2,2023-07-25
CMD12079,CL0154,P014,2023-12-06,3,3391.42,DONE,Tnja,Carte,LIV8,2023-12-11
CMD06705,CL0842,P089,2023-06-21,5,2733.83,KO,TANGER,Carte,LIV8,
CMD26488,CL0341,P053,Mar 11 2023,3,491.42,LIVRE,TNG,Carte,LIV2,2023-03-16
CMD05827,CL0785,P008,02/05/2023,3,4948.22,annulé,casa,Carte,LIV9,
CMD43807,CL0450,P005,Feb 15 2024,1,3649.76,retourné,Tnja,Carte,LIV2,2024-02-20
CMD44825,CL0868,P082,18/02/2023,5,3028.31,KO,tanger,Carte,LIV9,
CMD26650,CL0763,P075,15/01/2024,2,3420.58,LIVRE,kech,Carte,LIV6,2024-01-20
CMD14992,CL0718,P069,2023-11-08,4,3664.18,DONE,Tnja,Carte,LIV1,2023-11-11
CMD45214,CL0579,P080,2023-11-15,3,4273.7,livré,Agadir,Carte,LIV9,2023-11-20
CMD06655,CL0246,P052,Dec 22 2023,4,1509.34,LIVRE,Agadir,Carte,LIV3,2023-12-25
CMD09695,CL0985,P087,2023-05-09,2,3200.32,annulé,TANGER,Carte,LIV3,
CMD41813,CL0026,P032,Apr 29 2023,5,4505.72,KO,TNG,Carte,LIV6,
CMD07996,CL0084,P034,11/08/2023,5,2919.47,LIVRE,kech,Carte,LIV8,2023-08-15
CMD05990,CL0057,P067,14/10/2023,1,841.64,retourné,kech,Carte,LIV3,2023-10-18
CMD40435,CL0058,P022,Apr 25 2024,5,1271.98,annulé,TNG,Carte,LIV6,
CMD21668,CL0180,P013,28/11/2023,1,3082.83,en_cours,CASABLANCA,Carte,LIV7,
CMD47602,CL0204,P093,2023-11-23,2,947.46,KO,CASABLANCA,Carte,LIV4,
CMD10289,CL0284,P060,2023-04-17,5,2382.06,LIVRE,CASABLANCA,Carte,LIV5,2023-04-22
CMD28696,CL0722,P003,30/12/2023,2,1447.65,retourné,TNG,Carte,,2024-01-04
CMD15310,CL0286,P099,2023-07-28,3,1548.63,livre,marrakech,Carte,LIV1,
CMD30874,CL0965,P059,03/11/2023,2,1676.17,annulé,TANGER,Carte,LIV10,
CMD24468,CL0792,P100,2024-03-03,5,659.12,retourné,TNG,Carte,LIV5,2024-03-04
CMD48109,CL0718,P028,24/03/2024,5,1049.59,livré,TNG,Carte,LIV5,2024-03-29
CMD10569,CL0318,P091,2023-09-16,3,4119.89,livré,CASABLANCA,Carte,LIV5,2023-09-20
CMD24918,CL0472,P024,Mar 22 2024,2,4127.29,KO,Agadir,Carte,LIV7,
CMD05333,CL0930,P091,30/04/2024,5,2858.94,livre,TANGER,Carte,LIV8,
CMD22310,CL0541,P027,Jul 14 2023,3,1352.26,livré,marrakech,Carte,LIV6,2023-07-15
CMD40866,CL0368,P083,May 27 2023,4,3048.22,KO,TANGER,Carte,LIV6,
CMD05421,CL0640,P022,Jul 02 2023,3,2489.18,OK,TNG,Carte,LIV10,
CMD41682,CL0470,P094,2023-10-02,4,2278.3,livre,TANGER,Carte,LIV6,
CMD10575,CL0879,P090,Feb 24 2024,5,4188.07,LIVRE,marrakech,Carte,LIV5,2024-02-27
CMD10492,CL0195,P094,Apr 27 2024,3,4629.86,annulé,casa,Carte,LIV8,
CMD46084,CL0952,P005,2023-01-20,3,3118.63,retourné,Tnja,Carte,LIV9,2023-01-22
CMD46660,CL0523,P050,14/10/2023,3,2602.15,DONE,RBA,Carte,LIV1,2023-10-17
CMD33181,CL0923,P045,Mar 02 2024,2,2575.51,en_cours,Agadir,Carte,LIV8,
CMD21515,CL0488,P054,Jan 31 2023,5,4670.58,annulé,CASABLANCA,Carte,LIV4,
CMD19082,CL0761,P081,29/04/2023,3,874.57,retourné,Agadir,Carte,LIV4,2023-05-01
CMD15521,CL0564,P062,07/02/2023,5,3301.13,livré,tanger,Carte,LIV3,2023-02-12
CMD12313,CL0352,P001,Jan 20 2023,4,2796.01,DONE,marrakech,Carte,LIV8,2023-01-24
CMD38190,CL0954,P036,Apr 11 2023,5,171.26,livré,tanger,Carte,LIV4,2023-04-16
CMD03797,CL0259,P036,2023-06-11,1,0,retourné,kech,Carte,LIV1,2023-06-12
CMD05234,CL0035,P054,23/07/2023,3,1367.31,livre,RBA,Carte,LIV8,
CMD36083,CL0961,P080,Dec 31 2023,3,3463.96,livré,casa,Carte,LIV8,2024-01-05
CMD02713,CL0027,P079,2023-06-06,2,4541.14,retourné,TNG,Carte,LIV1,2023-06-10
CMD34881,CL0094,P023,Nov 21 2023,1,1432.3,KO,kech,Carte,LIV8,
CMD31316,CL0926,P044,06/05/2024,1,1114.01,annulé,casa,Carte,LIV7,
CMD28586,CL0785,P062,2024-05-02,1,4698.6,KO,TNG,Carte,LIV4,
CMD41779,CL0813,P063,15/04/2024,3,1209.78,livré,CASABLANCA,Carte,LIV3,2024-04-17
CMD41089,CL0940,P083,19/01/2023,4,3659.87,livré,TNG,Carte,LIV5,2023-01-23
CMD11290,CL0491,P025,06/01/2023,2,4600.86,LIVRE,TNG,Carte,LIV8,2023-01-09
CMD41944,CL0483,P035,2023-10-18,4,999.9,livré,TNG,Carte,LIV4,2023-10-21
CMD25675,CL0738,P059,Dec 26 2023,2,4601.34,livré,Agadir,Carte,LIV8,2023-12-29
CMD16370,CL0173,P004,Jul 22 2023,5,1773.9,LIVRE,tanger,Carte,,2023-07-23
CMD24854,CL0409,P039,Jan 10 2023,4,3204.22,en_cours,kech,Carte,LIV5,
CMD08738,CL0505,P092,22/08/2023,4,4870.73,en_cours,RBA,Carte,LIV8,
CMD30055,CL0269,P091,26/05/2023,5,1187.28,livré,Tnja,Carte,,2023-05-28
CMD05046,CL0796,P026,May 02 2023,4,4789.44,OK,marrakech,Carte,,
CMD05351,CL0086,P035,08/10/2023,5,3837.41,livré,RBA,Carte,LIV7,2023-10-10
CMD04662,CL0217,P052,2024-01-02,4,84.24,annulé,tanger,Carte,LIV2,
CMD08838,CL0371,P009,05/12/2023,1,3278.83,livré,TNG,Carte,LIV4,2023-12-10
CMD32146,CL0438,P097,24/05/2023,5,1315.68,livré,marrakech,Carte,LIV2,2023-05-26
CMD16867,CL0689,P077,2023-04-08,2,3836.21,livré,TNG,Carte,LIV3,2023-04-10
CMD06027,CL0070,P045,2023-02-18,2,823.14,livré,marrakech,Carte,LIV4,2023-02-19
CMD01235,CL0140,P017,Jul 14 2023,1,1047.81,en_cours,tanger,Carte,,
CMD41602,CL0110,P075,Feb 16 2023,4,1904.21,DONE,RBA,Carte,LIV2,2023-02-20
CMD32164,CL0434,P071,Jan 28 2023,5,1736.89,KO,TNG,Carte,LIV5,
CMD44262,CL0148,P038,21/05/2023,5,4785.04,KO,kech,Carte,LIV10,
CMD41888,CL1000,P018,28/01/2024,1,402.92,livré,RBA,Carte,LIV3,2024-01-31
CMD05470,CL0990,P087,Jan 15 2023,2,3858.61,livré,Agadir,Carte,LIV2,2023-01-16
CMD33295,CL0263,P060,2023-08-04,4,3449.3,livré,RBA,Carte,LIV10,2023-08-06
CMD47622,CL0597,P095,Mar 31 2024,2,2582.47,livré,CASABLANCA,Carte,LIV9,2024-04-02
CMD38295,CL0781,P052,Aug 03 2023,1,4413.53,DONE,CASABLANCA,Carte,LIV6,2023-08-05
CMD23629,CL0861,P100,01/09/2023,3,1851.98,DONE,casa,Carte,LIV1,2023-09-05
CMD38534,CL0261,P007,26/10/2023,1,2297.19,livré,Agadir,Carte,,2023-10-30
CMD37405,CL0995,P099,Jul 14 2023,2,4732.66,KO,Tnja,Carte,LIV2,
CMD41336,CL0222,P076,2023-10-14,4,3816.62,retourné,TNG,Carte,,2023-10-15
CMD27816,CL0933,P034,09/03/2023,4,2045.48,livré,RBA,Carte,LIV1,2023-03-13
CMD43423,CL0576,P026,Dec 10 2023,2,4197.65,OK,Agadir,Carte,,
CMD01570,CL0219,P017,2023-08-09,3,1869.56,KO,RBA,Carte,LIV6,
CMD27297,CL0068,P062,01/03/2024,2,853.06,annulé,Agadir,Carte,LIV5,
CMD25841,CL0042,P089,2024-04-07,2,4637.04,livre,marrakech,Carte,LIV2,
CMD09538,CL0720,P047,Dec 27 2023,1,3796.41,KO,RBA,Carte,LIV3,
CMD26045,CL0155,P083,2024-04-28,1,3550.04,OK,marrakech,Carte,LIV3,
CMD01630,CL0979,P029,2024-02-17,3,2441.22,retourné,CASABLANCA,Carte,LIV5,2024-02-22
CMD09221,CL0028,P080,Feb 11 2024,1,4530.41,DONE,Tnja,Carte,LIV9,2024-02-16
CMD45655,CL0765,P063,Jan 05 2024,4,4996.64,livré,RBA,Carte,LIV7,2024-01-10
CMD17543,CL0414,P048,2024-02-14,1,4339.37,livré,Agadir,Carte,LIV2,2024-02-18
CMD14542,CL0234,P089,01/07/2023,3,3237.98,OK,TNG,Carte,LIV8,
CMD39192,CL0413,P039,04/04/2024,2,1557.21,retourné,tanger,Carte,LIV2,2024-04-08
CMD30241,CL0864,P042,Jan 25 2024,5,1660.82,DONE,CASABLANCA,Carte,LIV1,2024-01-30
CMD24794,CL0993,P025,02/05/2023,1,4171.04,retourné,CASABLANCA,Carte,LIV9,2023-05-03
CMD37060,CL0667,P005,2023-08-27,4,3129.66,en_cours,TANGER,Carte,LIV2,
CMD20573,CL0281,P063,May 08 2023,2,309.34,KO,tanger,Carte,LIV7,
CMD12497,CL0192,P067,Apr 29 2023,1,4929.62,DONE,Agadir,Carte,LIV5,2023-04-30
CMD30588,CL0790,P050,03/02/2023,4,3096.88,retourné,CASABLANCA,Carte,LIV2,2023-02-05
CMD26109,CL0578,P077,09/01/2024,3,1587.67,LIVRE,Tnja,Carte,LIV2,2024-01-11
CMD27774,CL0002,P098,2023-01-08,4,4117.81,en_cours,TNG,Carte,LIV9,
CMD40011,CL0505,P064,28/02/2023,1,4921.87,livré,marrakech,Carte,LIV10,2023-03-01
CMD31124,CL0340,P025,2023-03-06,5,1982.07,livre,tanger,Carte,LIV6,
CMD30705,CL0828,P028,2023-01-17,3,4350.35,OK,CASABLANCA,Carte,LIV7,
CMD36499,CL0264,P042,24/03/2023,5,4590.52,DONE,marrakech,Carte,LIV1,2023-03-27
CMD14942,CL0863,P047,Mar 25 2023,1,0,en_cours,TANGER,Carte,LIV2,
CMD17134,CL0283,P004,Jul 15 2023,5,4718.03,livré,Agadir,Carte,LIV10,2023-07-17
CMD07732,CL0166,P009,Sep 18 2023,3,3273.96,DONE,tanger,Carte,LIV9,2023-09-22
CMD38977,CL0011,P032,2023-05-18,4,4462.98,annulé,TANGER,Carte,LIV7,
CMD19989,CL0059,P062,2024-02-03,4,2300.55,retourné,casa,Carte,LIV5,2024-02-04
CMD16966,CL0519,P008,Jan 24 2024,3,533.21,DONE,Tnja,Carte,LIV4,2024-01-26
CMD26102,CL0012,P023,Jan 08 2024,5,2803.0,KO,TNG,Carte,LIV6,
CMD19439,CL0877,P083,08/05/2023,3,3558.83,livre,TANGER,Carte,LIV6,
CMD17674,CL0828,P095,Apr 19 2024,4,3299.68,en_cours,TANGER,Carte,LIV6,
CMD13403,CL0176,P026,Feb 17 2023,3,2903.26,annulé,kech,Carte,LIV8,
CMD23306,CL0367,P013,2024-05-12,2,327.99,KO,tanger,Carte,,
CMD41988,CL0291,P049,2023-06-03,2,4160.78,retourné,marrakech,Carte,LIV2,2023-06-06
CMD40620,CL0500,P088,30/05/2023,1,2891.93,annulé,RBA,Carte,LIV2,
CMD09644,CL0470,P006,2024-01-29,2,4203.26,annulé,RBA,Carte,LIV9,
CMD15183,CL0884,P093,Jul 20 2023,4,4163.76,livré,casa,Carte,LIV8,2023-07-24
CMD44051,CL0699,P070,2023-09-25,3,3319.9,KO,TNG,Carte,LIV5,
CMD11571,CL0149,P002,2023-09-21,1,1450.87,en_cours,kech,Carte,LIV6,
CMD32566,CL0370,P027,06/02/2024,3,1863.4,livré,Tnja,Carte,LIV7,2024-02-07
CMD13291,CL0627,P073,20/05/2023,5,786.84,LIVRE,TNG,Carte,LIV9,2023-05-23
CMD04321,CL0292,P075,18/02/2023,1,3413.51,livré,CASABLANCA,Carte,LIV8,2023-02-19
CMD40632,CL0375,P090,Nov 11 2023,2,498.84,KO,Agadir,Carte,LIV4,
CMD36167,CL0553,P004,17/02/2023,3,3302.5,retourné,CASABLANCA,Carte,,2023-02-22
CMD17131,CL0453,P073,Sep 22 2023,5,1198.68,livré,Agadir,Carte,LIV7,2023-09-27
CMD45801,CL0532,P076,26/07/2023,1,2532.51,livre,CASABLANCA,Carte,LIV1,
CMD05437,CL0955,P099,05/01/2023,2,986.09,livre,marrakech,Carte,,
CMD28289,CL0288,P078,Mar 16 2024,1,649.11,OK,Agadir,Carte,LIV1,
CMD45094,CL0918,P075,2024-03-27,3,566.89,livre,CASABLANCA,Carte,LIV4,
CMD27402,CL0228,P023,2023-01-19,1,1560.92,DONE,CASABLANCA,Carte,LIV8,2023-01-22
CMD17770,CL0892,P053,Jul 23 2023,1,4718.7,LIVRE,Agadir,Carte,LIV10,2023-07-25
CMD22206,CL0891,P091,23/01/2023,4,3779.08,LIVRE,Agadir,Carte,LIV2,2023-01-24
CMD16169,CL0427,P012,2023-01-13,4,3030.84,OK,kech,Carte,LIV8,
CMD09871,CL0378,P022,May 04 2023,1,4355.23,livré,RBA,Carte,,2023-05-09
CMD10923,CL0549,P076,Dec 04 2023,4,274.91,livré,kech,Carte,LIV9,2023-12-07
CMD05782,CL0539,P020,12/08/2023,5,4342.82,livré,Agadir,Carte,LIV10,2023-08-13
CMD12299,CL0149,P099,26/04/2024,2,4572.37,KO,TANGER,Carte,LIV8,
CMD38118,CL0403,P042,Oct 30 2023,3,2571.81,KO,TNG,Carte,LIV3,
CMD09487,CL0065,P023,Dec 18 2023,1,1501.87,livré,marrakech,Carte,LIV5,2023-12-20
CMD36166,CL0092,P100,2023-08-17,1,4401.27,annulé,kech,Carte,LIV3,
CMD01146,CL0206,P089,20/10/2023,2,3014.51,KO,TNG,Carte,LIV4,
CMD36611,CL0739,P044,01/08/2023,3,4294.54,LIVRE,TNG,Carte,LIV2,2023-08-06
CMD37173,CL0451,P042,16/05/2023,5,1621.47,livré,Agadir,Carte,LIV10,2023-05-17
CMD09852,CL0059,P026,2023-01-23,4,838.41,livre,Tnja,Carte,LIV8,
CMD08860,CL0221,P066,Sep 21 2023,4,3306.04,KO,tanger,Carte,,
CMD30137,CL0250,P015,Feb 23 2023,3,356.74,en_cours,Agadir,Carte,LIV3,
CMD15377,CL0369,P081,Aug 04 2023,3,4967.76,livré,Agadir,Carte,LIV10,2023-08-05
CMD34334,CL0390,P064,04/03/2024,1,2417.95,livré,TANGER,Carte,,2024-03-07
CMD17513,CL0391,P079,2023-10-17,1,4462.96,retourné,Tnja,Carte,LIV2,2023-10-19
CMD47892,CL0367,P085,2023-06-09,1,3173.01,DONE,Agadir,Carte,LIV4,2023-06-14
CMD44836,CL0124,P090,Feb 13 2024,1,3149.6,DONE,TANGER,Carte,LIV10,2024-02-16
CMD33245,CL0272,P078,Feb 15 2023,1,4914.87,DONE,Tnja,Carte,LIV2,2023-02-16
CMD32451,CL0830,P055,Feb 07 2023,4,2219.68,annulé,TNG,Carte,LIV7,
CMD31052,CL0462,P016,18/07/2023,4,430.36,LIVRE,Tnja,Carte,LIV3,2023-07-20
CMD15191,CL0729,P072,2023-02-23,2,3243.55,annulé,TANGER,Carte,LIV1,
CMD08579,CL0870,P044,2024-05-10,1,1483.66,livré,casa,Carte,LIV2,2024-05-15
CMD25031,CL0529,P052,Jun 03 2023,2,1652.66,livré,RBA,Carte,LIV7,2023-06-07
CMD26623,CL0125,P013,27/02/2024,2,3875.32,retourné,Agadir,Carte,LIV1,2024-02-28
CMD11183,CL0714,P031,Apr 24 2024,1,638.1,KO,marrakech,Carte,LIV8,
CMD34594,CL0897,P063,2023-08-27,1,4354.56,retourné,Tnja,Carte,LIV6,2023-08-31
CMD35447,CL0586,P002,2023-10-03,5,2452.62,LIVRE,CASABLANCA,Carte,LIV10,2023-10-07
CMD13965,CL0934,P090,Jan 12 2024,1,4998.79,livre,CASABLANCA,Carte,LIV6,
CMD26898,CL0072,P050,2023-09-21,1,2426.43,OK,Agadir,Carte,LIV2,
CMD43063,CL0374,P083,06/03/2023,2,2019.99,KO,TANGER,Carte,LIV8,
CMD11336,CL0360,P020,2023-09-30,3,3466.35,DONE,tanger,Carte,LIV4,2023-10-05
CMD14683,CL0943,P013,May 07 2024,1,4058.45,OK,TNG,Carte,LIV2,
CMD35835,CL0978,P097,2024-03-21,5,4109.11,livré,tanger,Carte,,2024-03-25
CMD05135,CL0964,P063,28/07/2023,2,3740.74,livre,kech,Carte,,
CMD21573,CL0143,P082,09/04/2023,2,4739.87,livré,tanger,Carte,LIV8,2023-04-10
CMD24371,CL0723,P061,13/02/2024,4,1540.92,annulé,Tnja,Carte,LIV7,
CMD07498,CL0393,P010,06/10/2023,5,1110.31,annulé,Agadir,Carte,LIV5,
CMD14187,CL0536,P052,24/09/2023,4,1156.29,OK,RBA,Carte,LIV6,
CMD26346,CL0170,P035,2023-07-08,4,4188.72,livré,TNG,Carte,LIV2,2023-07-13
CMD44869,CL0706,P036,Dec 10 2023,4,230.6,LIVRE,TANGER,Carte,LIV5,2023-12-12
CMD43272,CL0604,P084,2023-09-20,4,2875.21,OK,kech,Carte,LIV7,
CMD45964,CL0306,P025,Jan 09 2023,4,4970.0,livré,marrakech,Carte,LIV6,2023-01-12
CMD23067,CL0755,P063,Dec 30 2023,4,1308.19,OK,TNG,Carte,LIV9,
CMD43038,CL0464,P032,23/04/2024,4,2191.47,OK,casa,Carte,LIV4,
CMD32123,CL0120,P051,2023-08-09,-1,4931.45,livré,TNG,Carte,LIV7,2023-08-10
CMD36041,CL0944,P058,2023-01-02,2,1239.97,livré,kech,Carte,LIV6,2023-01-05
CMD07392,CL0702,P017,May 16 2023,3,3364.33,annulé,TANGER,Carte,LIV7,
CMD20991,CL0488,P012,22/03/2024,1,3977.09,livré,marrakech,Carte,LIV8,2024-03-24
CMD18094,CL0732,P037,Oct 03 2023,1,445.68,OK,Tnja,Carte,LIV1,
CMD21292,CL0752,P008,04/02/2024,5,1978.11,LIVRE,CASABLANCA,Carte,LIV9,2024-02-05
CMD41625,CL0653,P033,2024-03-11,3,201.89,retourné,kech,Carte,LIV5,2024-03-15
CMD17945,CL0915,P082,Jun 23 2023,3,2188.3,DONE,Agadir,Carte,LIV5,2023-06-24
CMD29297,CL0863,P004,Dec 02 2023,1,1642.76,KO,TNG,Carte,LIV5,
CMD35041,CL0845,P008,2024-04-27,4,854.61,DONE,casa,Carte,LIV7,2024-04-28
CMD32925,CL0484,P084,18/03/2023,4,803.78,OK,TANGER,Carte,,
CMD03238,CL0929,P028,02/03/2024,1,2889.52,retourné,marrakech,Carte,LIV5,2024-03-04
CMD45484,CL0051,P020,2023-03-03,2,4364.65,livré,Tnja,Carte,LIV1,2023-03-05
CMD43325,CL0406,P031,Aug 04 2023,4,1186.13,DONE,kech,Carte,LIV3,2023-08-07
CMD40080,CL0037,P039,2023-04-05,4,1633.0,DONE,Agadir,Carte,LIV8,2023-04-09
CMD06658,CL0140,P075,May 13 2023,4,3844.51,en_cours,RBA,Carte,,
CMD36316,CL0949,P062,2024-02-05,1,0,LIVRE,Tnja,Carte,LIV10,2024-02-07
CMD40187,CL0319,P065,2023-03-13,1,1186.94,livré,Tnja,Carte,LIV9,2023-03-17
CMD25408,CL0906,P045,03/01/2023,3,2691.72,livré,CASABLANCA,Carte,LIV10,2023-01-08
CMD34108,CL0353,P055,Feb 23 2023,5,3562.18,livre,kech,Carte,LIV8,
CMD04372,CL0857,P096,05/12/2023,4,2150.05,KO,tanger,Carte,LIV1,
CMD12426,CL0830,P095,Sep 01 2023,4,534.84,LIVRE,RBA,Carte,LIV9,2023-09-02
CMD25625,CL0401,P077,Jun 29 2023,2,2660.63,livre,TANGER,Carte,LIV9,
CMD47051,CL0521,P052,Feb 02 2023,4,3072.58,LIVRE,Agadir,Carte,LIV3,2023-02-05
CMD39226,CL0771,P002,2023-01-17,2,718.53,annulé,CASABLANCA,Carte,LIV1,
CMD04822,CL0766,P017,25/03/2023,2,197.81,annulé,TANGER,Carte,LIV6,
CMD13428,CL0641,P036,Mar 07 2024,5,4865.56,retourné,CASABLANCA,Carte,LIV5,2024-03-09
CMD31343,CL0717,P034,Aug 24 2023,2,4297.58,KO,CASABLANCA,Carte,LIV8,
CMD31062,CL0533,P043,May 09 2023,5,1964.34,KO,TANGER,Carte,,
CMD29308,CL0007,P031,Apr 17 2023,2,1878.49,livré,TNG,Carte,LIV1,2023-04-18
CMD37185,CL0743,P047,28/05/2023,4,762.32,KO,RBA,Carte,LIV8,
CMD05456,CL0673,P085,Jun 17 2023,3,1501.99,LIVRE,TNG,Carte,LIV4,2023-06-21
CMD14346,CL0999,P040,21/10/2023,-1,1315.98,LIVRE,marrakech,Carte,LIV2,2023-10-23
CMD39045,CL0785,P019,Jan 03 2024,1,4489.3,DONE,TANGER,Carte,LIV8,2024-01-08
CMD18846,CL0962,P036,29/05/2023,5,253.3,annulé,Tnja,Carte,LIV4,
CMD34212,CL0764,P098,Oct 09 2023,3,3705.49,annulé,RBA,Carte,,
CMD21609,CL0784,P013,2024-02-29,2,4756.5,DONE,TANGER,Carte,LIV3,2024-03-02
CMD36821,CL0057,P024,Mar 11 2023,5,4177.27,annulé,tanger,Carte,LIV6,
CMD40770,CL0648,P048,May 05 2024,1,2677.83,livré,Tnja,Carte,LIV9,2024-05-08
CMD45045,CL0243,P031,2024-01-13,2,2575.81,livré,RBA,Carte,LIV1,2024-01-17
CMD23390,CL0626,P076,Jun 14 2023,1,4142.18,OK,casa,Carte,LIV3,
CMD30551,CL0895,P067,2023-07-09,4,1350.22,KO,kech,Carte,LIV5,
CMD20047,CL0426,P056,2024-01-25,2,1932.29,KO,TNG,Carte,LIV2,
CMD29279,CL0918,P095,02/10/2023,4,2978.12,LIVRE,casa,Carte,LIV5,2023-10-07
CMD12638,CL0115,P090,17/04/2024,5,408.32,livré,casa,Carte,LIV3,2024-04-18
CMD39717,CL0667,P076,Feb 10 2023,5,2114.27,livre,marrakech,Carte,LIV5,
CMD00759,CL0770,P036,07/02/2023,5,2847.69,livre,tanger,Carte,LIV9,
CMD42890,CL0181,P009,2023-07-22,5,0,en_cours,kech,Carte,LIV8,
CMD00586,CL0835,P048,18/02/2024,3,4217.93,LIVRE,TNG,Carte,LIV2,2024-02-22
CMD05699,CL0427,P091,19/11/2023,4,2611.26,annulé,casa,Carte,LIV3,
CMD07491,CL0904,P030,20/05/2023,4,2734.31,OK,CASABLANCA,Carte,LIV10,
CMD26037,CL0277,P052,2023-09-17,5,4355.33,livre,CASABLANCA,Carte,LIV9,
CMD31171,CL0458,P093,15/11/2023,4,4368.0,retourné,marrakech,Carte,LIV6,2023-11-20
CMD15357,CL0267,P064,Jan 31 2023,5,4921.13,DONE,marrakech,Carte,LIV10,2023-02-05
CMD08588,CL0119,P089,2023-11-19,2,2655.9,livré,CASABLANCA,Carte,LIV7,2023-11-22
CMD18570,CL0370,P080,2023-06-03,5,2611.86,retourné,RBA,Carte,LIV1,2023-06-06
CMD18663,CL0890,P080,2023-07-24,5,552.05,livré,tanger,Carte,LIV8,2023-07-25
CMD32887,CL0354,P083,Aug 27 2023,5,3767.58,livré,casa,Carte,LIV4,2023-08-29
CMD02500,CL0037,P073,2023-03-06,5,1913.11,OK,CASABLANCA,Carte,LIV2,
CMD40360,CL0094,P065,2023-02-22,1,2550.75,KO,TANGER,Carte,LIV7,
CMD48056,CL0678,P052,14/11/2023,4,4553.37,LIVRE,TANGER,Carte,LIV10,2023-11-19
CMD25788,CL0589,P064,02/12/2023,4,2945.25,retourné,CASABLANCA,Carte,LIV5,2023-12-07
CMD22301,CL0017,P086,Mar 03 2024,3,2376.89,livré,marrakech,Carte,LIV5,2024-03-04
CMD44744,CL0837,P060,2024-03-06,3,0,livre,CASABLANCA,Carte,LIV7,
CMD13194,CL0458,P068,2023-10-27,4,3856.09,livré,TNG,Carte,LIV4,2023-10-30
CMD46715,CL0919,P055,23/03/2024,3,0,annulé,TANGER,Carte,LIV3,
CMD25840,CL0342,P043,03/09/2023,2,2840.3,OK,tanger,Carte,LIV4,
CMD20504,CL0110,P084,Jan 09 2023,4,4321.6,DONE,TANGER,Carte,LIV1,2023-01-12
CMD27229,CL0083,P085,Feb 14 2023,3,3629.75,en_cours,Tnja,Carte,LIV9,
CMD47862,CL0501,P018,15/10/2023,2,3233.03,retourné,kech,Carte,,2023-10-19
CMD08148,CL0983,P098,Jan 13 2023,1,2956.51,annulé,Agadir,Carte,LIV7,
CMD04783,CL0225,P048,17/08/2023,5,4736.1,annulé,casa,Carte,LIV2,
CMD17345,CL0612,P031,Jan 26 2023,2,4464.62,KO,CASABLANCA,Carte,LIV2,
CMD15182,CL0079,P082,29/06/2023,4,1276.41,LIVRE,TANGER,Carte,LIV7,2023-07-04
CMD40025,CL0456,P017,2024-03-01,1,4393.76,retourné,TANGER,Carte,LIV3,2024-03-02
CMD41528,CL0502,P038,2023-07-27,4,4879.17,annulé,marrakech,Carte,LIV10,
CMD22122,CL0241,P098,29/03/2024,4,4694.93,livré,tanger,Carte,LIV2,2024-04-01
CMD11891,CL0830,P024,2023-10-04,1,2396.38,livre,TNG,Carte,LIV4,
CMD29403,CL0734,P031,Apr 30 2023,3,3035.67,annulé,marrakech,Carte,LIV6,
CMD40881,CL0571,P005,2023-01-01,1,466.37,OK,TANGER,Carte,LIV10,
CMD26987,CL0850,P017,Nov 02 2023,1,758.27,en_cours,kech,Carte,LIV10,
CMD12790,CL0237,P087,07/01/2024,1,1165.84,retourné,TANGER,Carte,LIV6,2024-01-08
CMD03249,CL0554,P075,Dec 09 2023,2,4501.08,en_cours,casa,Carte,LIV3,
CMD21248,CL0627,P093,28/05/2023,2,2194.86,livré,casa,Carte,LIV1,2023-05-30
CMD16379,CL0648,P071,13/11/2023,1,324.57,DONE,casa,Carte,LIV7,2023-11-16
CMD24882,CL0489,P050,Oct 24 2023,3,2292.69,livre,casa,Carte,LIV9,
CMD13181,CL0382,P025,07/04/2023,3,1523.49,en_cours,casa,Carte,LIV5,
CMD14586,CL0652,P040,17/07/2023,4,2090.38,LIVRE,tanger,Carte,LIV3,2023-07-22
CMD00232,CL0790,P048,2024-04-26,5,1384.85,DONE,CASABLANCA,Carte,LIV4,2024-04-28
CMD01888,CL0612,P057,2024-04-02,5,2004.85,en_cours,marrakech,Carte,LIV9,
CMD31479,CL0924,P011,Mar 21 2024,1,3178.4,retourné,TANGER,Carte,LIV9,2024-03-24
CMD17849,CL0402,P019,15/03/2023,2,2785.13,livré,casa,Carte,LIV4,2023-03-18
CMD22901,CL0813,P040,Apr 21 2024,5,2788.63,livré,Agadir,Carte,LIV6,2024-04-23
CMD44771,CL0707,P034,2024-05-09,5,2217.18,DONE,marrakech,Carte,LIV1,2024-05-12
CMD14057,CL0260,P021,Nov 27 2023,4,2535.61,KO,marrakech,Carte,LIV10,
CMD15583,CL0042,P066,Jan 03 2024,3,272.84,KO,Tnja,Carte,LIV7,
CMD28107,CL0777,P022,Nov 11 2023,2,4301.24,livré,TANGER,Carte,LIV4,2023-11-14
CMD39132,CL0892,P074,Feb 17 2024,3,1294.84,livré,Tnja,Carte,LIV8,2024-02-22
CMD06630,CL0404,P075,09/03/2023,2,3628.38,annulé,marrakech,Carte,LIV6,
CMD35448,CL0088,P092,10/01/2023,1,4197.98,livré,marrakech,Carte,LIV1,2023-01-11
CMD45437,CL0176,P057,10/04/2024,5,4067.14,retourné,tanger,Carte,LIV5,2024-04-11
CMD09355,CL0813,P013,05/01/2023,2,1575.45,livré,TNG,Carte,LIV4,2023-01-10
CMD24878,CL0657,P086,25/01/2024,2,338.05,livré,kech,Carte,LIV3,2024-01-30
CMD06194,CL0832,P046,2024-01-02,5,1399.83,en_cours,RBA,Carte,LIV7,
CMD10348,CL0089,P015,2023-08-11,4,3798.52,retourné,RBA,Carte,LIV6,2023-08-16
CMD11294,CL0760,P046,09/04/2023,5,3646.55,livré,casa,Carte,LIV6,2023-04-10
CMD13565,CL0549,P058,2023-05-21,4,547.19,LIVRE,marrakech,Carte,LIV8,2023-05-26
CMD38333,CL0203,P075,28/05/2023,4,60.24,livré,tanger,Carte,LIV10,2023-06-01
CMD34276,CL0262,P082,12/07/2023,1,2527.82,livré,CASABLANCA,Carte,LIV6,2023-07-15
CMD43285,CL0826,P075,2023-07-12,3,835.5,livré,marrakech,Carte,LIV5,2023-07-13
CMD23791,CL0709,P036,Sep 05 2023,1,1223.3,annulé,casa,Carte,LIV9,
CMD05052,CL0189,P026,2023-03-01,4,1020.83,livré,RBA,Carte,LIV5,2023-03-04
CMD32762,CL0365,P056,20/12/2023,1,431.82,DONE,tanger,Carte,,2023-12-23
CMD37860,CL0718,P094,2024-03-06,3,1680.51,DONE,CASABLANCA,Carte,LIV10,2024-03-11
CMD44963,CL0371,P024,18/02/2023,5,4897.64,annulé,RBA,Carte,LIV2,
CMD37809,CL0219,P051,20/07/2023,5,2483.43,KO,marrakech,Carte,LIV10,
CMD11140,CL0832,P010,2023-12-03,2,1497.07,livré,marrakech,Carte,LIV3,2023-12-05
CMD25869,CL0826,P089,Apr 25 2023,1,2046.77,annulé,RBA,Carte,LIV9,
CMD05555,CL0137,P005,2024-03-15,3,3753.39,livré,CASABLANCA,Carte,LIV8,2024-03-18
CMD45481,CL0577,P065,16/03/2024,3,1415.78,LIVRE,CASABLANCA,Carte,LIV3,2024-03-21
CMD02572,CL0253,P076,09/03/2023,4,4514.97,KO,CASABLANCA,Carte,LIV10,
CMD09505,CL0549,P081,21/03/2023,1,669.45,DONE,Tnja,Carte,LIV7,2023-03-23
CMD26385,CL0636,P028,12/07/2023,3,3763.18,annulé,Agadir,Carte,LIV5,
CMD18943,CL0557,P076,29/03/2024,5,2866.59,livré,Tnja,Carte,LIV8,2024-03-30
CMD17688,CL0573,P012,2024-05-04,5,2229.86,retourné,Tnja,Carte,LIV7,2024-05-05
CMD17406,CL0335,P082,Dec 01 2023,1,176.19,DONE,TANGER,Carte,LIV7,2023-12-06
CMD27367,CL0857,P092,14/05/2024,4,1885.78,annulé,tanger,Carte,LIV6,
CMD41831,CL0143,P095,Apr 27 2024,5,1023.56,DONE,CASABLANCA,Carte,LIV7,2024-05-02
CMD34832,CL0958,P041,01/05/2024,1,2485.19,livre,tanger,Carte,LIV8,
CMD34861,CL0755,P036,May 25 2023,3,2409.63,livré,marrakech,Carte,,2023-05-28
CMD21431,CL0225,P055,02/07/2023,3,4674.07,livré,TNG,Carte,LIV7,2023-07-04
CMD03545,CL0194,P092,2024-05-01,4,943.65,KO,RBA,Carte,LIV8,
CMD11254,CL0597,P081,2023-10-22,2,2398.72,LIVRE,TANGER,Carte,LIV9,2023-10-24
CMD36398,CL0033,P079,Apr 24 2024,-1,4590.02,livré,TANGER,Carte,LIV2,2024-04-27
CMD40638,CL0319,P047,2024-01-08,3,3518.92,livré,kech,Carte,,2024-01-10
CMD14071,CL0652,P081,May 12 2023,1,4141.69,DONE,kech,Carte,LIV10,2023-05-15
CMD47894,CL0300,P005,Dec 24 2023,1,1465.62,livré,marrakech,Carte,LIV5,2023-12-27
CMD19275,CL0474,P087,Oct 24 2023,5,3829.72,DONE,tanger,Carte,LIV6,2023-10-27
CMD35060,CL0510,P088,Jul 07 2023,4,4830.25,livré,casa,Carte,LIV2,2023-07-11
CMD43953,CL0131,P005,May 07 2024,3,2732.96,OK,kech,Carte,LIV2,
CMD22921,CL0935,P022,Jan 28 2023,2,399.38,DONE,marrakech,Carte,LIV2,2023-02-02
CMD12207,CL0402,P099,04/12/2023,2,2529.67,KO,TANGER,Carte,LIV2,
CMD42081,CL0703,P041,2023-07-06,5,839.82,annulé,CASABLANCA,Carte,LIV6,
CMD44192,CL0936,P099,Jul 20 2023,5,4499.21,OK,tanger,Carte,LIV8,
CMD16692,CL0879,P002,29/08/2023,5,2485.22,KO,Tnja,Carte,LIV5,
CMD13789,CL0794,P080,29/11/2023,3,4583.98,OK,casa,Carte,LIV5,
CMD04817,CL0770,P047,May 09 2024,4,2135.91,LIVRE,Tnja,Carte,LIV9,2024-05-14
CMD18197,CL0500,P008,2023-04-02,5,3731.27,retourné,kech,Carte,LIV10,2023-04-04
CMD27122,CL0336,P074,2023-04-29,2,349.94,DONE,kech,Carte,LIV3,2023-05-04
CMD29112,CL0258,P095,Jun 13 2023,4,2952.95,livré,TANGER,Carte,LIV5,2023-06-17
CMD44578,CL0478,P049,2023-03-12,5,3685.03,OK,TANGER,Carte,LIV10,
CMD40383,CL0351,P016,10/05/2024,1,3362.66,retourné,CASABLANCA,Carte,LIV4,2024-05-13
CMD21257,CL0900,P003,2023-11-12,3,3238.53,LIVRE,CASABLANCA,Carte,LIV3,2023-11-15
CMD27788,CL0199,P073,18/03/2024,2,3523.09,en_cours,casa,Carte,LIV10,
CMD18047,CL0659,P088,Mar 21 2024,5,2883.64,retourné,RBA,Carte,LIV3,2024-03-26
CMD32358,CL0221,P013,29/05/2023,1,2019.66,livré,tanger,Carte,LIV10,2023-06-01
CMD10245,CL0499,P083,Sep 10 2023,5,3038.82,livre,kech,Carte,LIV8,
CMD38996,CL0460,P005,2023-07-26,5,4971.11,annulé,Agadir,Carte,LIV3,
CMD05118,CL0712,P021,2024-04-08,4,1055.89,annulé,kech,Carte,LIV3,
CMD29854,CL0504,P037,06/02/2024,2,3786.71,LIVRE,TANGER,Carte,LIV9,2024-02-10
CMD09416,CL0664,P094,03/04/2024,1,847.75,livré,TNG,Carte,LIV7,2024-04-08
CMD35691,CL0527,P015,Jun 09 2023,4,4484.32,en_cours,marrakech,Carte,LIV9,
CMD25461,CL0658,P083,Aug 21 2023,3,4995.4,livré,CASABLANCA,Carte,LIV1,2023-08-22
CMD44323,CL0477,P063,Dec 31 2023,4,4593.35,en_cours,marrakech,Carte,LIV4,
CMD28601,CL0828,P088,Mar 24 2023,3,4194.57,livre,Agadir,Carte,LIV3,
CMD33769,CL0301,P065,26/01/2023,2,756.54,livre,TNG,Carte,LIV7,
CMD33592,CL0737,P059,2024-03-05,1,2014.47,livré,kech,Carte,LIV8,2024-03-09
CMD24759,CL0870,P026,2024-03-28,3,355.96,retourné,tanger,Carte,LIV2,2024-03-30
CMD22319,CL0768,P054,Mar 30 2024,1,2188.03,annulé,casa,Carte,LIV4,
CMD24487,CL0176,P060,2024-04-17,2,0,DONE,tanger,Carte,LIV4,2024-04-18
CMD36990,CL0351,P038,2024-05-11,3,795.2,livre,marrakech,Carte,LIV4,
CMD13967,CL0123,P050,22/02/2024,4,3767.91,retourné,RBA,Carte,LIV2,2024-02-26
CMD47181,CL0429,P095,Apr 28 2024,2,4606.52,annulé,RBA,Carte,LIV6,
CMD21825,CL0905,P018,Feb 10 2023,1,4881.91,KO,kech,Carte,LIV6,
CMD26051,CL0495,P079,29/04/2023,1,2184.06,OK,CASABLANCA,Carte,LIV6,
CMD29851,CL0120,P011,15/03/2023,5,215.83,livre,RBA,Carte,LIV8,
CMD36257,CL0872,P083,May 26 2023,4,4387.08,livré,TANGER,Carte,LIV6,2023-05-30
CMD27058,CL0388,P019,2023-07-21,3,2053.8,OK,kech,Carte,LIV6,
CMD01561,CL0618,P010,21/03/2024,5,1304.83,DONE,Tnja,Carte,LIV9,2024-03-25
CMD33029,CL0468,P064,27/08/2023,4,2955.67,livre,marrakech,Carte,LIV1,
CMD13298,CL0133,P089,Sep 28 2023,2,2235.69,en_cours,kech,Carte,LIV2,
CMD05729,CL0243,P020,Jan 08 2024,1,3519.68,OK,casa,Carte,LIV5,
CMD43970,CL0652,P076,12/06/2023,4,0,livré,CASABLANCA,Carte,LIV2,2023-06-15
CMD12690,CL0883,P005,25/08/2023,4,773.68,livré,Tnja,Carte,LIV2,2023-08-29
CMD35628,CL0745,P077,2023-10-25,4,929.55,livré,kech,Carte,LIV1,2023-10-27
CMD06129,CL0133,P016,Apr 23 2024,5,1465.77,OK,Agadir,Carte,LIV5,
CMD35780,CL0403,P067,2023-10-18,5,2328.0,LIVRE,Tnja,Carte,LIV9,2023-10-20
CMD00868,CL0805,P092,19/07/2023,1,4032.56,livré,RBA,Carte,LIV9,2023-07-24
CMD17236,CL0825,P037,24/05/2023,3,4883.91,annulé,marrakech,Carte,LIV6,
CMD44678,CL0719,P007,2023-08-19,3,4083.13,KO,TANGER,Carte,LIV1,
CMD05987,CL0536,P056,12/04/2023,3,2103.65,OK,kech,Carte,LIV9,
CMD06833,CL0837,P085,Nov 30 2023,1,3161.94,DONE,Tnja,Carte,,2023-12-03
CMD12950,CL0818,P010,2024-01-07,1,1941.23,en_cours,marrakech,Carte,LIV1,
CMD47019,CL0939,P051,2023-08-29,2,4235.62,retourné,marrakech,Carte,,2023-09-01
CMD20117,CL0106,P068,Feb 19 2024,3,4978.46,OK,marrakech,Carte,LIV7,
CMD45960,CL0854,P043,14/04/2023,3,2731.98,LIVRE,CASABLANCA,Carte,LIV4,2023-04-18
CMD45231,CL0366,P083,05/09/2023,5,4198.24,en_cours,CASABLANCA,Carte,LIV1,
CMD37397,CL0677,P028,Apr 04 2023,1,1154.69,OK,marrakech,Carte,LIV9,
CMD35494,CL0681,P026,25/08/2023,2,1910.19,DONE,Agadir,Carte,LIV1,2023-08-29
CMD21713,CL0690,P018,2023-05-16,1,564.01,livré,CASABLANCA,Carte,LIV5,2023-05-20
CMD30112,CL0282,P091,28/06/2023,2,1737.87,livré,marrakech,Carte,LIV1,2023-07-01
CMD16153,CL0369,P082,2023-11-09,3,1529.35,retourné,marrakech,Carte,LIV7,2023-11-12
CMD48336,CL0207,P035,Feb 02 2024,4,1102.31,livré,casa,Carte,LIV8,2024-02-07
CMD18931,CL0641,P020,06/01/2023,1,4338.7,annulé,casa,Carte,LIV2,
CMD45193,CL0337,P068,03/03/2023,2,1435.26,LIVRE,RBA,Carte,LIV6,2023-03-04
CMD39637,CL0788,P077,2023-08-17,3,2838.01,livré,tanger,Carte,LIV3,2023-08-21
CMD05737,CL0063,P011,Nov 20 2023,5,2610.25,annulé,marrakech,Carte,LIV6,
CMD36877,CL0844,P062,05/05/2023,3,60.65,livré,casa,Carte,LIV9,2023-05-09
CMD33626,CL0748,P030,11/03/2023,5,109.97,livre,casa,Carte,LIV3,
CMD39394,CL0964,P007,2024-05-05,1,4999.7,LIVRE,kech,Carte,LIV4,2024-05-09
CMD43054,CL0286,P003,Apr 11 2023,1,4056.08,DONE,tanger,Carte,LIV1,2023-04-12
CMD23425,CL0069,P027,Mar 07 2023,1,2681.9,livré,CASABLANCA,Carte,LIV3,2023-03-11
CMD36172,CL0644,P066,2023-07-19,5,4479.91,annulé,casa,Carte,LIV4,
CMD47147,CL0354,P070,25/07/2023,5,1498.83,OK,casa,Carte,LIV4,
CMD15313,CL0955,P063,19/03/2024,5,1389.17,annulé,kech,Carte,,
CMD09699,CL0105,P017,2023-01-10,3,1964.69,annulé,tanger,Carte,LIV2,
CMD03262,CL0640,P067,06/02/2023,2,384.26,livre,TNG,Carte,LIV10,
CMD06837,CL0467,P098,19/11/2023,5,3893.25,LIVRE,Agadir,Carte,LIV8,2023-11-21
CMD38946,CL0832,P057,Jan 22 2024,2,3058.97,LIVRE,Tnja,Carte,LIV9,2024-01-26
CMD27960,CL0957,P085,Dec 14 2023,3,121.5,livré,marrakech,Carte,LIV4,2023-12-16
CMD08529,CL0875,P065,2024-03-11,1,1431.14,livré,RBA,Carte,LIV2,2024-03-13
CMD46334,CL0157,P074,Nov 29 2023,5,4992.54,livré,tanger,Carte,LIV2,2023-12-01
CMD25823,CL0014,P025,Oct 21 2023,4,2786.95,annulé,kech,Carte,LIV2,
CMD22546,CL0819,P053,10/01/2024,5,1391.92,en_cours,casa,Carte,,
CMD09930,CL0294,P048,Oct 30 2023,3,0,KO,TANGER,Carte,,
CMD38068,CL0575,P068,2024-02-29,4,56.5,annulé,marrakech,Carte,LIV9,
CMD27282,CL0856,P029,01/01/2024,1,4563.86,DONE,CASABLANCA,Carte,LIV7,2024-01-05
CMD46936,CL0323,P095,Jul 27 2023,5,272.98,KO,casa,Carte,,
CMD15107,CL0406,P072,13/03/2023,3,2610.57,annulé,CASABLANCA,Carte,LIV6,
CMD39995,CL0337,P010,2023-02-11,2,2208.8,livré,Agadir,Carte,LIV1,2023-02-15
CMD09255,CL0203,P079,09/11/2023,3,4289.78,livré,casa,Carte,LIV9,2023-11-13
CMD20637,CL0366,P085,May 04 2024,1,2573.13,annulé,Tnja,Carte,LIV8,
CMD27103,CL0977,P055,09/03/2023,5,983.7,livré,marrakech,Carte,LIV10,2023-03-13
CMD47017,CL0640,P087,02/03/2024,1,2686.72,OK,RBA,Carte,,
CMD04369,CL0946,P073,May 02 2024,1,509.41,livré,RBA,Carte,LIV10,2024-05-07
CMD12735,CL0291,P056,2023-11-30,1,1875.88,livré,tanger,Carte,LIV10,2023-12-02
CMD28076,CL0519,P060,11/04/2024,1,4003.42,KO,Tnja,Carte,,
CMD42292,CL0935,P020,17/08/2023,3,1630.79,KO,TANGER,Carte,LIV9,
CMD23331,CL0959,P019,27/11/2023,1,559.82,livré,Agadir,Carte,LIV10,2023-11-28
CMD09899,CL0129,P092,Feb 22 2023,5,2307.81,livré,kech,Carte,LIV4,2023-02-24
CMD34210,CL0470,P010,Oct 22 2023,5,3437.09,KO,tanger,Carte,LIV8,
CMD41680,CL0531,P018,Apr 12 2023,3,4854.55,livré,Tnja,Carte,,2023-04-16
CMD44513,CL0904,P061,06/09/2023,2,2705.59,OK,Tnja,Carte,LIV8,
CMD07198,CL0530,P034,2023-12-10,2,3465.84,LIVRE,TNG,Carte,,2023-12-15
CMD33447,CL0121,P015,Apr 03 2023,1,4203.21,livré,CASABLANCA,Carte,LIV5,2023-04-06
CMD20958,CL0201,P088,2023-05-21,1,1124.3,KO,Agadir,Carte,LIV5,
CMD03925,CL0184,P078,2024-01-12,3,4165.69,en_cours,TANGER,Carte,,
CMD21548,CL0618,P029,2023-03-10,2,1408.73,livré,TNG,Carte,LIV9,2023-03-11
CMD42876,CL0825,P011,2023-05-13,3,4585.84,livré,CASABLANCA,Carte,LIV5,2023-05-14
CMD47348,CL0823,P015,2024-01-30,1,3536.85,LIVRE,Tnja,Carte,LIV2,2024-02-03
CMD03749,CL0903,P035,2024-02-11,1,3847.92,LIVRE,marrakech,Carte,LIV2,2024-02-13
CMD22624,CL0240,P061,2023-10-23,4,3051.25,en_cours,casa,Carte,LIV4,
CMD40505,CL0037,P003,05/11/2023,5,2501.64,DONE,marrakech,Carte,LIV1,2023-11-06
CMD15004,CL0442,P053,Apr 03 2023,3,2431.02,OK,Tnja,Carte,LIV1,
CMD01391,CL0229,P057,Oct 14 2023,2,3881.26,livre,RBA,Carte,LIV7,
CMD33909,CL0715,P078,Jan 29 2024,3,85.47,retourné,CASABLANCA,Carte,LIV4,2024-01-31
CMD27299,CL0800,P021,May 15 2023,5,2361.22,en_cours,RBA,Carte,LIV8,
CMD21794,CL0429,P083,2024-05-14,4,1476.05,LIVRE,casa,Carte,LIV8,2024-05-15
CMD25239,CL0816,P031,2023-05-19,2,4237.25,livré,marrakech,Carte,LIV4,2023-05-21
CMD12532,CL0482,P077,Oct 27 2023,4,3133.4,LIVRE,CASABLANCA,Carte,LIV9,2023-10-30
CMD09833,CL0171,P026,2023-01-02,5,3912.29,livré,TANGER,Carte,LIV9,2023-01-05
CMD37827,CL1000,P041,28/05/2023,2,3943.4,LIVRE,casa,Carte,LIV5,2023-05-31
CMD21727,CL0687,P084,Nov 14 2023,3,0,LIVRE,CASABLANCA,Carte,LIV6,2023-11-19
CMD39504,CL0914,P048,Sep 05 2023,4,2577.95,retourné,TNG,Carte,LIV7,2023-09-06
CMD46788,CL0264,P075,Apr 07 2024,1,0,en_cours,tanger,Carte,LIV5,
CMD45145,CL0984,P074,20/03/2024,1,3346.92,LIVRE,marrakech,Carte,,2024-03-21
CMD04885,CL0224,P031,2024-03-26,5,4134.24,livré,Tnja,Carte,LIV9,2024-03-29
CMD15091,CL0575,P044,30/01/2024,2,485.38,LIVRE,CASABLANCA,Carte,LIV7,2024-02-03
CMD41376,CL0247,P006,13/01/2023,5,753.49,annulé,kech,Carte,LIV5,
CMD15117,CL0857,P015,Apr 27 2023,2,1616.39,livré,tanger,Carte,LIV4,2023-05-02
CMD40003,CL0575,P080,21/06/2023,3,3756.33,annulé,TNG,Carte,LIV7,
CMD11496,CL0228,P003,Mar 08 2024,2,293.22,livré,kech,Carte,LIV7,2024-03-09
CMD15522,CL0053,P041,Sep 28 2023,1,4886.09,OK,casa,Carte,LIV3,
CMD06313,CL0408,P078,2023-06-17,3,728.32,LIVRE,CASABLANCA,Carte,LIV8,2023-06-19
CMD31525,CL0037,P043,Oct 20 2023,3,2306.88,KO,RBA,Carte,LIV10,
CMD32106,CL0586,P032,19/11/2023,4,3751.71,DONE,TNG,Carte,LIV9,2023-11-22
CMD24757,CL0111,P090,30/11/2023,2,455.92,livré,casa,Carte,LIV7,2023-12-01
CMD30479,CL0630,P092,2023-07-24,2,1866.83,KO,Tnja,Carte,LIV7,
CMD28740,CL0685,P094,2023-06-06,2,354.34,livré,kech,Carte,LIV10,2023-06-10
CMD28871,CL0444,P011,2024-02-02,3,3202.18,en_cours,casa,Carte,LIV9,
CMD16133,CL0298,P019,21/11/2023,4,4196.7,livre,tanger,Carte,LIV6,
CMD11964,CL0803,P043,14/01/2024,4,0,livré,TNG,Carte,LIV1,2024-01-17
CMD02316,CL0146,P092,2024-05-08,5,4470.76,annulé,CASABLANCA,Carte,LIV2,
CMD24084,CL0369,P062,22/05/2023,3,1502.05,LIVRE,CASABLANCA,Carte,LIV1,2023-05-26
CMD11902,CL0174,P010,2023-06-26,5,59.05,DONE,casa,Carte,LIV9,2023-07-01
CMD46251,CL0975,P007,23/10/2023,2,3518.28,livré,CASABLANCA,Carte,LIV4,2023-10-26
CMD14051,CL0372,P070,13/06/2023,3,3160.8,livré,kech,Carte,LIV3,2023-06-18
CMD06620,CL0430,P036,03/09/2023,3,421.0,annulé,CASABLANCA,Carte,LIV2,
CMD28179,CL0167,P028,23/08/2023,1,2262.04,livré,tanger,Carte,LIV6,2023-08-25
CMD11730,CL0330,P069,2023-07-12,4,1561.8,en_cours,Tnja,Carte,LIV9,
CMD47008,CL0687,P004,19/07/2023,1,4943.77,livré,TANGER,Carte,LIV1,2023-07-24
CMD25376,CL0488,P007,15/01/2023,3,3967.04,en_cours,kech,Carte,LIV9,
CMD22437,CL0757,P067,03/05/2024,3,873.53,DONE,RBA,Carte,LIV7,2024-05-07
CMD40941,CL0005,P083,Jan 02 2024,2,1464.67,KO,tanger,Carte,LIV10,
CMD41408,CL0218,P040,2024-01-27,3,2964.22,en_cours,Tnja,Carte,LIV8,
CMD20782,CL0932,P026,01/02/2023,4,1189.87,en_cours,RBA,Carte,LIV4,
CMD24998,CL0299,P061,Nov 05 2023,5,753.46,livre,marrakech,Carte,LIV4,
CMD22013,CL0757,P098,2024-03-22,5,783.36,DONE,marrakech,Carte,LIV8,2024-03-24
CMD36456,CL0573,P047,2023-12-20,3,496.61,KO,TNG,Carte,LIV5,
CMD08341,CL0698,P019,11/11/2023,4,3712.12,LIVRE,marrakech,Carte,LIV4,2023-11-12
CMD15743,CL0039,P040,Feb 01 2023,4,709.26,KO,RBA,Carte,LIV8,
CMD42102,CL0013,P095,06/10/2023,3,1333.51,livre,RBA,Carte,LIV10,
CMD07650,CL0456,P043,2023-02-03,3,3848.94,livré,TANGER,Carte,LIV8,2023-02-08
CMD43530,CL0927,P014,2023-12-11,3,431.93,LIVRE,Tnja,Carte,LIV10,2023-12-16
CMD13960,CL0094,P063,2023-06-30,4,3887.85,KO,Tnja,Carte,LIV7,
CMD46222,CL0396,P007,2024-04-05,3,4709.11,en_cours,tanger,Carte,LIV1,
CMD33372,CL0790,P043,Jan 24 2024,1,3680.45,retourné,tanger,Carte,LIV3,2024-01-28
CMD12315,CL0145,P057,Mar 09 2024,3,3574.25,LIVRE,kech,Carte,LIV7,2024-03-12
CMD42285,CL0807,P004,Feb 25 2023,4,3237.79,KO,TANGER,Carte,LIV5,
CMD14298,CL0825,P071,29/03/2023,3,184.21,annulé,marrakech,Carte,LIV8,
CMD14355,CL0095,P040,2023-11-27,4,4039.65,livré,casa,Carte,LIV7,2023-12-02
CMD00749,CL0689,P011,Oct 19 2023,4,2784.43,livré,CASABLANCA,Carte,LIV10,2023-10-24
CMD07192,CL0566,P013,Nov 11 2023,4,2571.76,livré,TNG,Carte,LIV1,2023-11-12
CMD10193,CL0842,P025,17/02/2023,3,4523.13,KO,TNG,Carte,LIV9,
CMD25032,CL0050,P040,2023-03-06,2,51.16,retourné,casa,Carte,LIV1,2023-03-10
CMD37980,CL0198,P034,May 14 2023,4,1492.72,livre,kech,Carte,LIV3,
CMD02912,CL0578,P010,2024-03-29,4,1069.48,LIVRE,TANGER,Carte,LIV3,2024-04-01
CMD31819,CL0823,P027,2023-11-16,5,2759.99,KO,kech,Carte,LIV2,
CMD15662,CL0422,P020,Nov 20 2023,1,2956.79,livré,kech,Carte,LIV4,2023-11-25
CMD20517,CL0032,P064,2023-02-12,3,3362.66,LIVRE,Agadir,Carte,LIV6,2023-02-14
CMD02132,CL0595,P088,15/03/2023,1,3116.3,annulé,Agadir,Carte,LIV7,
CMD12684,CL0588,P078,Jan 10 2024,5,1679.89,livre,TNG,Carte,LIV5,
CMD33628,CL0505,P092,Apr 16 2024,4,1801.62,en_cours,marrakech,Carte,LIV8,
CMD22222,CL0945,P076,2023-01-20,1,2575.51,livré,casa,Carte,,2023-01-23
CMD11096,CL0497,P007,03/03/2023,2,3633.24,livré,casa,Carte,LIV8,2023-03-05
CMD27263,CL0514,P026,29/10/2023,4,4520.43,livré,marrakech,Carte,,2023-10-30
CMD29910,CL0275,P022,Dec 29 2023,5,1476.69,OK,Agadir,Carte,LIV10,
CMD14343,CL0385,P059,22/03/2024,2,4868.71,livré,CASABLANCA,Carte,LIV7,2024-03-26
CMD43579,CL0272,P088,12/03/2023,4,4220.29,livré,Tnja,Carte,LIV9,2023-03-16
CMD24566,CL0927,P003,20/08/2023,4,4103.07,DONE,tanger,Carte,LIV5,2023-08-25
CMD21914,CL0792,P010,03/08/2023,2,1239.75,OK,CASABLANCA,Carte,LIV4,
CMD38500,CL0339,P065,Jun 06 2023,1,2728.55,OK,TANGER,Carte,LIV7,
CMD20455,CL0461,P021,Oct 11 2023,4,4846.4,KO,Tnja,Carte,LIV10,
CMD24002,CL0445,P033,16/02/2024,3,466.28,livré,Agadir,Carte,LIV1,2024-02-21
CMD32751,CL0848,P056,01/09/2023,3,2906.24,livre,casa,Carte,LIV7,
CMD38604,CL0043,P027,Oct 03 2023,5,3109.91,DONE,kech,Carte,LIV5,2023-10-06
CMD46407,CL0562,P011,13/06/2023,5,2802.25,retourné,marrakech,Carte,LIV9,2023-06-14
CMD23403,CL0312,P001,11/03/2023,5,2227.36,livré,casa,Carte,LIV8,2023-03-14
CMD13573,CL0685,P058,2023-03-30,1,2701.83,livré,tanger,Carte,LIV6,2023-04-04
CMD27828,CL0142,P007,Sep 30 2023,5,1225.22,DONE,Agadir,Carte,LIV6,2023-10-01
CMD44012,CL0860,P097,10/04/2024,5,4260.23,en_cours,TNG,Carte,LIV9,
CMD20152,CL0003,P018,Oct 31 2023,4,3665.25,livré,tanger,Carte,LIV6,2023-11-01
CMD23731,CL0434,P035,2023-10-12,3,1725.35,livré,TANGER,Carte,LIV10,2023-10-14
CMD06893,CL0952,P032,Jun 09 2023,1,3800.81,livré,Agadir,Carte,LIV2,2023-06-14
CMD31115,CL0005,P067,2023-10-03,1,2341.24,livre,Tnja,Carte,LIV7,
CMD47456,CL0373,P023,Sep 10 2023,5,2038.12,livre,TANGER,Carte,LIV10,
CMD44162,CL0473,P012,2023-11-06,4,4784.87,en_cours,kech,Carte,LIV5,
CMD28347,CL0810,P045,2023-09-11,1,1120.31,annulé,marrakech,Carte,LIV8,
CMD02349,CL0811,P048,Oct 08 2023,3,3332.95,retourné,Agadir,Carte,LIV9,2023-10-11
CMD43549,CL0998,P097,07/03/2023,2,4652.91,annulé,tanger,Carte,LIV4,
CMD04972,CL0896,P058,2023-01-30,1,704.82,KO,casa,Carte,LIV5,
CMD32642,CL0275,P073,2024-04-10,5,1421.84,livré,marrakech,Carte,LIV4,2024-04-15
CMD02632,CL0267,P035,25/08/2023,5,2051.56,livré,kech,Carte,LIV3,2023-08-27
CMD42083,CL0224,P013,2023-09-24,4,3937.47,annulé,CASABLANCA,Carte,LIV1,
CMD02702,CL0164,P062,Sep 07 2023,4,2111.46,en_cours,tanger,Carte,,
CMD48255,CL0499,P027,Jan 08 2024,4,1958.8,OK,casa,Carte,LIV9,
CMD15227,CL0872,P027,Feb 16 2024,5,3659.25,livré,TANGER,Carte,LIV7,2024-02-21
CMD27454,CL0902,P073,2023-09-01,3,0,LIVRE,CASABLANCA,Carte,LIV3,2023-09-02
CMD07859,CL0339,P070,09/12/2023,3,2404.99,OK,casa,Carte,LIV1,
CMD38767,CL0697,P017,Apr 06 2024,5,3683.81,KO,CASABLANCA,Carte,LIV2,
CMD44535,CL0737,P012,Sep 30 2023,3,1467.2,LIVRE,Tnja,Carte,LIV4,2023-10-04
CMD33004,CL0014,P021,2024-02-08,1,0,en_cours,tanger,Carte,LIV1,
CMD18212,CL0238,P056,31/03/2024,5,1562.99,LIVRE,CASABLANCA,Carte,LIV4,2024-04-01
CMD24147,CL0263,P011,11/07/2023,5,4925.79,retourné,CASABLANCA,Carte,LIV10,2023-07-12
CMD47369,CL0434,P016,2023-03-23,1,2155.27,LIVRE,CASABLANCA,Carte,LIV1,2023-03-25
CMD27875,CL0812,P029,27/04/2024,3,1680.61,livre,RBA,Carte,LIV10,
CMD01298,CL0176,P034,2023-10-01,3,1030.06,OK,marrakech,Carte,LIV2,
CMD01551,CL0963,P008,03/09/2023,5,216.56,LIVRE,Tnja,Carte,,2023-09-08
CMD02477,CL0511,P099,30/04/2024,2,3006.3,livre,TNG,Carte,LIV2,
CMD06747,CL0414,P055,2024-02-08,3,1554.94,KO,tanger,Carte,LIV10,
CMD34122,CL0584,P005,2023-09-19,3,4312.07,retourné,marrakech,Carte,LIV3,2023-09-22
CMD46241,CL0537,P092,Dec 13 2023,4,0,LIVRE,TNG,Carte,LIV7,2023-12-14
CMD42941,CL0344,P051,2023-04-16,5,1013.67,DONE,Tnja,Carte,LIV3,2023-04-20
CMD36436,CL0228,P030,Feb 06 2023,4,3240.15,livre,casa,Carte,LIV8,
CMD46786,CL0116,P056,Jul 30 2023,1,4239.85,OK,marrakech,Carte,LIV2,
CMD27823,CL0689,P039,Dec 19 2023,2,4609.7,en_cours,kech,Carte,LIV3,
CMD33282,CL0285,P073,04/08/2023,5,0,OK,RBA,Carte,LIV8,
CMD15108,CL0452,P005,17/04/2023,5,4522.24,livre,kech,Carte,LIV6,
CMD32844,CL0583,P065,2023-07-03,2,3005.33,livré,TNG,Carte,LIV10,2023-07-07
CMD09403,CL0468,P084,Feb 29 2024,2,3896.19,LIVRE,RBA,Carte,LIV9,2024-03-03
CMD03583,CL0756,P083,Feb 23 2024,-1,527.8,livre,Tnja,Carte,LIV1,
CMD15935,CL0780,P043,13/09/2023,2,2152.39,en_cours,tanger,Carte,LIV8,
CMD19194,CL0183,P079,Jan 18 2023,1,4830.75,en_cours,CASABLANCA,Carte,LIV4,
CMD37539,CL0979,P015,Dec 08 2023,5,2941.4,annulé,tanger,Carte,LIV5,
CMD27881,CL0271,P099,May 22 2023,1,71.03,LIVRE,TNG,Carte,LIV4,2023-05-24
CMD12300,CL0717,P048,Jul 11 2023,4,2318.42,LIVRE,Tnja,Carte,LIV7,2023-07-14
CMD18392,CL0052,P013,2024-02-17,2,1037.86,livré,RBA,Carte,LIV7,2024-02-18
CMD34345,CL0879,P063,15/11/2023,4,222.46,livre,tanger,Carte,LIV8,
CMD00040,CL0473,P012,07/12/2023,4,2580.19,DONE,marrakech,Carte,LIV5,2023-12-12
CMD44280,CL0345,P043,May 15 2023,1,478.79,LIVRE,marrakech,Carte,LIV8,2023-05-18
CMD45906,CL0466,P003,Jun 18 2023,3,4433.96,livré,RBA,Carte,LIV7,2023-06-21
CMD03411,CL0630,P051,2024-05-05,1,1697.48,KO,Agadir,Carte,LIV8,
CMD00604,CL0667,P096,01/03/2023,4,4866.04,DONE,Agadir,Carte,LIV10,2023-03-04
CMD45392,CL0674,P098,19/04/2023,4,2303.96,livré,TNG,Carte,LIV6,2023-04-21
CMD09170,CL0894,P065,2023-01-13,1,1942.39,livré,CASABLANCA,Carte,,2023-01-18
CMD36644,CL0813,P081,2023-11-19,3,3851.64,OK,tanger,Carte,,
CMD40091,CL0889,P001,2023-09-17,1,315.02,livre,Tnja,Carte,LIV2,
CMD25465,CL0642,P010,Jan 18 2024,3,595.92,OK,casa,Carte,LIV8,
CMD46385,CL0860,P072,Jun 13 2023,5,4540.76,livré,Tnja,Carte,LIV7,2023-06-18
CMD45933,CL0558,P063,Jul 02 2023,3,1358.29,livré,TANGER,Carte,LIV9,2023-07-03
CMD04606,CL0602,P042,30/10/2023,1,4500.26,DONE,kech,Carte,LIV4,2023-11-03
CMD21927,CL0375,P026,03/03/2024,5,3893.01,OK,Tnja,Carte,LIV9,
CMD48372,CL0955,P084,02/06/2023,2,481.1,livré,Tnja,Carte,LIV4,2023-06-04
CMD47742,CL0341,P039,Jan 21 2024,2,4907.69,livre,kech,Carte,LIV8,
CMD28436,CL0547,P032,24/03/2023,5,2428.76,DONE,casa,Carte,LIV7,2023-03-29
CMD47849,CL0762,P048,2023-11-27,4,641.11,LIVRE,RBA,Carte,LIV2,2023-12-01
CMD04699,CL0417,P018,21/01/2024,1,4631.64,OK,casa,Carte,LIV8,
CMD27754,CL0241,P054,20/11/2023,4,2720.23,DONE,TNG,Carte,LIV9,2023-11-24
CMD12277,CL0340,P040,11/03/2024,1,4199.22,livre,Tnja,Carte,LIV5,
CMD34410,CL0404,P002,2023-12-17,2,1863.16,livre,Tnja,Carte,LIV1,
CMD02593,CL0163,P033,05/10/2023,4,3607.85,livré,kech,Carte,LIV8,2023-10-08
CMD05833,CL0946,P059,29/04/2023,4,1748.34,annulé,marrakech,Carte,LIV8,
CMD24355,CL0708,P004,Jun 12 2023,2,0,OK,Tnja,Carte,LIV8,
CMD25166,CL0523,P090,May 02 2024,2,1761.73,en_cours,marrakech,Carte,LIV1,
CMD43773,CL0774,P085,23/10/2023,5,3996.45,KO,CASABLANCA,Carte,LIV1,
CMD23052,CL0947,P041,08/05/2023,1,2801.33,retourné,casa,Carte,LIV4,2023-05-09
CMD06312,CL0475,P051,06/01/2024,5,277.09,livré,RBA,Carte,LIV10,2024-01-10
CMD20947,CL0309,P032,Oct 29 2023,3,3911.97,KO,marrakech,Carte,LIV10,
CMD05157,CL0353,P004,2024-03-01,2,3086.37,OK,TANGER,Carte,,
CMD24141,CL0142,P024,2023-09-03,1,4249.35,livré,CASABLANCA,Carte,LIV9,2023-09-04
CMD14705,CL0919,P096,25/02/2023,4,3351.41,en_cours,casa,Carte,LIV6,
CMD07203,CL0792,P018,23/10/2023,1,4275.22,en_cours,tanger,Carte,LIV9,
CMD33058,CL0494,P076,04/03/2023,3,3708.55,retourné,RBA,Carte,LIV6,2023-03-09
CMD21269,CL0280,P094,2023-12-27,3,4068.82,retourné,marrakech,Carte,LIV5,2024-01-01
CMD15460,CL0158,P084,2024-02-28,1,3664.76,retourné,tanger,Carte,LIV6,2024-03-02
CMD23618,CL0257,P016,2023-11-07,2,1281.86,livre,kech,Carte,LIV5,
CMD16866,CL0044,P047,11/03/2023,4,0,KO,kech,Carte,LIV4,
CMD28345,CL0748,P039,2023-06-18,2,452.66,livré,kech,Carte,LIV3,2023-06-19
CMD40331,CL0074,P021,Jan 27 2024,4,447.93,DONE,TANGER,Carte,LIV10,2024-01-30
CMD36086,CL0018,P098,28/06/2023,3,2308.48,annulé,TANGER,Carte,LIV8,
CMD12385,CL0018,P038,08/05/2023,2,3067.52,livré,TANGER,Carte,LIV2,2023-05-09
CMD25259,CL0923,P088,2023-06-10,3,3041.92,DONE,RBA,Carte,LIV5,2023-06-12
CMD27523,CL0977,P080,15/08/2023,2,4539.96,livré,TANGER,Carte,LIV3,2023-08-20
CMD14961,CL0784,P083,2023-08-14,4,4255.15,annulé,TANGER,Carte,LIV8,
CMD27362,CL0305,P059,2024-05-05,5,1123.18,livré,marrakech,Carte,LIV4,2024-05-06
CMD35078,CL0435,P042,01/01/2024,1,1258.26,livré,kech,Carte,LIV8,2024-01-06
CMD36538,CL0675,P064,2023-08-20,4,4060.16,OK,marrakech,Carte,LIV1,
CMD38255,CL0954,P053,Jan 16 2023,3,3674.28,DONE,TNG,Carte,LIV10,2023-01-18
CMD34500,CL0818,P075,06/07/2023,2,3290.37,livré,Agadir,Carte,LIV6,2023-07-08
CMD02460,CL0141,P046,2023-12-02,4,4445.53,DONE,tanger,Carte,,2023-12-03
CMD01512,CL0865,P017,2023-01-23,1,2659.79,annulé,TNG,Carte,LIV6,
CMD30489,CL0762,P095,23/06/2023,2,4550.72,livré,Tnja,Carte,LIV8,2023-06-28
CMD39211,CL0172,P042,Jan 07 2023,5,998.4,DONE,CASABLANCA,Carte,LIV7,2023-01-10
CMD22665,CL0554,P060,2023-06-08,2,3325.16,KO,Agadir,Carte,LIV1,
CMD39520,CL0448,P032,2023-05-31,2,3748.13,KO,Agadir,Carte,LIV6,
CMD26365,CL0733,P023,04/10/2023,2,3542.86,livré,RBA,Carte,LIV6,2023-10-07
CMD23671,CL0558,P083,2023-04-29,5,4588.55,annulé,TNG,Carte,LIV3,
CMD32777,CL0026,P100,Apr 13 2024,1,4088.26,KO,tanger,Carte,LIV8,
CMD21156,CL0378,P058,29/03/2024,3,4663.56,en_cours,Tnja,Carte,LIV8,
CMD22100,CL0495,P016,Sep 22 2023,1,2481.21,livré,kech,Carte,,2023-09-26
CMD30441,CL0714,P016,2023-12-19,4,4610.4,en_cours,TNG,Carte,LIV7,
CMD19949,CL0233,P064,19/08/2023,1,4301.89,DONE,Agadir,Carte,,2023-08-22
CMD15018,CL0777,P039,Jul 12 2023,4,3617.17,OK,TNG,Carte,LIV1,
CMD18201,CL0596,P012,06/10/2023,1,3097.48,livre,CASABLANCA,Carte,LIV8,
CMD01122,CL0452,P041,May 31 2023,5,3528.31,en_cours,tanger,Carte,LIV4,
CMD42202,CL0804,P075,12/03/2024,1,1652.02,retourné,CASABLANCA,Carte,,2024-03-16
CMD18910,CL0636,P090,Jan 03 2024,4,584.54,livré,RBA,Carte,LIV10,2024-01-05
CMD02393,CL0100,P034,Apr 29 2023,2,2267.7,DONE,kech,Carte,LIV9,2023-05-02
CMD25784,CL0269,P093,07/01/2024,1,3118.91,OK,TANGER,Carte,LIV6,
CMD46836,CL0694,P025,2023-03-29,2,3228.94,livre,RBA,Carte,LIV1,
CMD06874,CL0417,P041,2023-12-15,1,843.11,DONE,Tnja,Carte,LIV7,2023-12-19
CMD00324,CL0684,P007,May 28 2023,2,1087.15,OK,tanger,Carte,LIV6,
CMD07395,CL0246,P048,2023-01-27,1,3489.47,DONE,marrakech,Carte,LIV7,2023-02-01
CMD13872,CL0251,P051,2023-04-22,4,4471.46,en_cours,CASABLANCA,Carte,LIV1,
CMD22313,CL0732,P066,Mar 10 2023,3,74.78,en_cours,RBA,Carte,LIV5,
CMD45691,CL0270,P076,24/03/2023,3,1908.8,en_cours,TNG,Carte,,
CMD25279,CL0992,P060,Apr 05 2023,4,4966.7,OK,casa,Carte,LIV3,
CMD37861,CL0623,P020,Oct 09 2023,5,3687.59,retourné,marrakech,Carte,LIV9,2023-10-14
CMD26276,CL0274,P012,Mar 04 2023,5,4425.41,OK,TNG,Carte,,
CMD16727,CL0889,P066,Feb 14 2023,5,3935.17,livre,kech,Carte,LIV4,
CMD45608,CL0294,P041,Feb 16 2024,5,633.29,livré,casa,Carte,,2024-02-19
CMD18752,CL0746,P018,23/01/2023,4,1408.87,livre,TANGER,Carte,LIV3,
CMD11597,CL0586,P045,Apr 06 2023,5,2892.9,livré,casa,Carte,LIV2,2023-04-07
CMD12048,CL0175,P070,2023-08-21,3,1727.84,livré,tanger,Carte,LIV8,2023-08-26
CMD25516,CL0823,P027,Feb 08 2024,3,1587.63,livré,Tnja,Carte,LIV7,2024-02-10
CMD27180,CL0503,P001,2024-04-22,1,1256.15,KO,RBA,Carte,LIV5,
CMD20711,CL0819,P088,10/02/2023,5,4215.05,retourné,tanger,Carte,LIV7,2023-02-15
CMD37413,CL0713,P089,23/02/2024,2,3540.12,livré,marrakech,Carte,LIV3,2024-02-27
CMD06382,CL0801,P089,2023-03-31,1,2466.81,DONE,Tnja,Carte,LIV6,2023-04-03
CMD44373,CL0837,P061,13/02/2023,1,2724.04,livré,TNG,Carte,LIV1,2023-02-14
CMD14142,CL0608,P041,Sep 30 2023,3,4181.39,OK,Agadir,Carte,LIV1,
CMD03275,CL0661,P057,Jun 05 2023,1,4307.37,livré,Tnja,Carte,LIV7,2023-06-07
CMD05802,CL0519,P097,27/03/2023,-1,0,retourné,marrakech,Carte,LIV7,2023-04-01
CMD43840,CL0737,P052,10/03/2024,1,3545.92,retourné,TANGER,Carte,LIV8,2024-03-13
CMD39842,CL0634,P042,2023-03-05,2,4715.05,KO,RBA,Carte,LIV9,
CMD06477,CL0366,P063,2023-05-06,1,4606.5,DONE,marrakech,Carte,LIV1,2023-05-07
CMD31893,CL0065,P092,Feb 10 2024,1,2430.39,en_cours,TNG,Carte,LIV7,
CMD37499,CL0752,P048,Apr 05 2023,2,1927.14,DONE,tanger,Carte,LIV9,2023-04-06
CMD41693,CL0453,P038,Mar 08 2024,2,3892.43,livré,Tnja,Carte,LIV9,2024-03-10
CMD37381,CL0009,P003,11/03/2024,3,4359.21,en_cours,RBA,Carte,LIV4,
CMD24626,CL0331,P090,2023-12-09,5,3800.98,livre,casa,Carte,LIV6,
CMD23215,CL0826,P074,16/03/2023,4,215.42,livre,TNG,Carte,,
CMD02515,CL0892,P039,07/03/2024,4,673.53,OK,TANGER,Carte,LIV3,
CMD35892,CL0721,P043,2023-09-07,2,2344.46,annulé,tanger,Carte,LIV8,
CMD28385,CL0368,P082,19/11/2023,3,702.04,livre,TNG,Carte,LIV5,
CMD12743,CL0990,P047,Nov 26 2023,4,1942.64,livre,Agadir,Carte,LIV7,
CMD21757,CL0154,P082,30/04/2023,5,644.42,livré,CASABLANCA,Carte,LIV10,2023-05-03
CMD19350,CL0840,P094,28/08/2023,5,163.98,KO,CASABLANCA,Carte,LIV7,
CMD27882,CL0660,P072,31/01/2023,4,4008.69,livré,TANGER,Carte,LIV7,2023-02-02
CMD06379,CL0035,P009,13/01/2023,4,4056.47,LIVRE,marrakech,Carte,LIV5,2023-01-16
CMD09817,CL0946,P080,2023-09-12,1,619.53,livré,TNG,Carte,LIV6,2023-09-16
CMD04720,CL0445,P075,08/04/2023,2,4902.81,livré,marrakech,Carte,LIV8,2023-04-11
CMD10093,CL0173,P028,Sep 11 2023,1,2642.95,retourné,TANGER,Carte,LIV8,2023-09-14
CMD06276,CL0490,P022,25/06/2023,5,1999.14,en_cours,Tnja,Carte,LIV1,
CMD44658,CL0294,P008,May 09 2023,3,2329.0,livré,kech,Carte,LIV3,2023-05-13
CMD09211,CL0864,P013,10/07/2023,2,1306.5,LIVRE,tanger,Carte,LIV7,2023-07-13
CMD39853,CL0613,P001,2023-07-19,2,3419.45,livré,kech,Carte,,2023-07-20
CMD26622,CL0536,P013,2024-02-10,5,1160.36,KO,tanger,Carte,,
CMD20632,CL0152,P042,2023-08-21,3,2529.4,en_cours,RBA,Carte,LIV9,
CMD31048,CL0206,P026,2024-04-28,4,2394.21,livre,casa,Carte,LIV5,
CMD36679,CL0188,P078,2023-11-26,5,3973.23,en_cours,marrakech,Carte,LIV1,
CMD46889,CL0245,P056,06/09/2023,1,170.72,annulé,TNG,Carte,LIV1,
CMD29679,CL0525,P015,2023-01-19,5,3266.62,livré,casa,Carte,LIV9,2023-01-24
CMD31072,CL0977,P027,24/12/2023,5,1029.29,KO,TNG,Carte,LIV3,
CMD07817,CL0136,P031,24/01/2023,5,3137.24,KO,RBA,Carte,LIV2,
CMD40708,CL0462,P047,Nov 16 2023,-1,3783.07,livré,TNG,Carte,LIV10,2023-11-20
CMD22990,CL0112,P052,04/11/2023,4,1245.93,retourné,TANGER,Carte,LIV10,2023-11-07
CMD13985,CL0986,P063,2023-11-19,2,722.73,LIVRE,CASABLANCA,Carte,LIV1,2023-11-21
CMD23469,CL0109,P087,2023-05-06,4,1052.16,livré,CASABLANCA,Carte,LIV6,2023-05-10
CMD04458,CL0114,P037,Aug 08 2023,5,2635.77,KO,Tnja,Carte,LIV8,
CMD11415,CL0341,P070,2024-02-28,3,4965.5,livré,Tnja,Carte,LIV8,2024-03-03
CMD31630,CL0875,P062,2023-11-05,1,3074.99,annulé,Agadir,Carte,LIV7,
CMD03197,CL0623,P068,Dec 19 2023,4,1922.41,en_cours,TANGER,Carte,LIV3,
CMD40169,CL0793,P062,02/03/2023,4,0,retourné,CASABLANCA,Carte,LIV9,2023-03-06
CMD31279,CL0357,P074,24/04/2024,1,4494.46,KO,marrakech,Carte,LIV8,
CMD48295,CL0738,P073,Sep 27 2023,3,1061.56,livré,Tnja,Carte,LIV1,2023-10-01
CMD01245,CL0313,P088,2024-01-16,5,943.35,livré,CASABLANCA,Carte,LIV6,2024-01-17
CMD46672,CL0905,P067,2024-04-18,5,1389.0,livre,casa,Carte,LIV7,
CMD31738,CL0309,P089,05/02/2024,4,2001.9,en_cours,Agadir,Carte,LIV7,
CMD46603,CL0663,P006,02/03/2023,4,4364.44,livre,Agadir,Carte,LIV2,
CMD39687,CL0738,P076,Jan 23 2024,5,3955.41,livré,CASABLANCA,Carte,LIV4,2024-01-25
CMD19672,CL0482,P026,Aug 03 2023,5,4380.92,OK,CASABLANCA,Carte,LIV2,
CMD36539,CL0670,P051,20/04/2023,3,581.72,KO,casa,Carte,LIV10,
CMD19328,CL0208,P092,2023-11-22,2,2329.63,livre,RBA,Carte,LIV6,
CMD21057,CL0853,P040,14/03/2024,5,3302.27,livré,RBA,Carte,LIV7,2024-03-16
CMD01640,CL0851,P091,05/03/2023,1,1947.83,LIVRE,CASABLANCA,Carte,LIV10,2023-03-08
CMD30070,CL0706,P075,2023-11-06,2,715.01,en_cours,Agadir,Carte,LIV10,
CMD45049,CL0540,P040,20/08/2023,3,617.39,livré,TNG,Carte,LIV4,2023-08-21
CMD30906,CL0591,P064,2023-01-13,3,2165.75,livré,TANGER,Carte,LIV6,2023-01-18
CMD25367,CL0775,P006,2023-08-08,3,2160.4,livré,casa,Carte,LIV4,2023-08-10
CMD27425,CL0656,P090,2023-08-02,4,3485.22,DONE,TANGER,Carte,LIV3,2023-08-07
CMD18891,CL0123,P080,06/03/2023,5,1389.09,livre,Tnja,Carte,LIV2,
CMD35641,CL0762,P001,13/05/2023,2,2554.14,KO,RBA,Carte,LIV5,
CMD06951,CL0133,P044,2024-01-31,1,2278.14,livré,CASABLANCA,Carte,LIV8,2024-02-02
CMD48331,CL0947,P010,2023-07-19,5,919.59,en_cours,tanger,Carte,LIV10,
CMD40610,CL0080,P044,02/07/2023,1,4796.42,OK,tanger,Carte,LIV9,
CMD11757,CL0214,P049,22/01/2023,2,1477.87,LIVRE,marrakech,Carte,LIV2,2023-01-27
CMD39299,CL0601,P092,2023-10-26,4,3105.41,livre,TNG,Carte,LIV6,
CMD12571,CL0009,P053,12/05/2023,2,1159.48,retourné,tanger,Carte,LIV9,2023-05-17
CMD18947,CL0875,P050,26/01/2023,1,2481.42,livré,tanger,Carte,LIV1,2023-01-27
CMD18667,CL0283,P041,Dec 10 2023,1,4253.02,annulé,TANGER,Carte,LIV10,
CMD41934,CL0665,P058,18/03/2024,2,1505.99,livré,TNG,Carte,LIV3,2024-03-19
CMD35027,CL0878,P026,Feb 25 2023,2,1417.09,annulé,Agadir,Carte,LIV6,
CMD46058,CL0435,P032,2023-10-16,4,1359.32,LIVRE,casa,Carte,LIV2,2023-10-18
CMD25747,CL0289,P078,13/03/2023,4,2286.4,livre,TNG,Carte,LIV7,
CMD40663,CL0993,P080,Mar 21 2024,2,866.13,LIVRE,Agadir,Carte,LIV6,2024-03-26
CMD19554,CL0061,P077,Nov 10 2023,1,4683.67,livré,Tnja,Carte,LIV6,2023-11-14
CMD35105,CL0173,P010,Mar 23 2024,3,3666.22,livré,marrakech,Carte,LIV1,2024-03-28
CMD19894,CL0023,P015,Jan 31 2023,4,4491.58,LIVRE,TNG,Carte,LIV10,2023-02-05
CMD25265,CL0164,P064,10/12/2023,2,2934.81,OK,kech,Carte,LIV2,
CMD00915,CL0698,P040,Jan 31 2023,4,2091.99,livré,TANGER,Carte,LIV5,2023-02-04
CMD03010,CL0636,P074,2024-05-10,2,3382.85,livré,RBA,Carte,LIV8,2024-05-11
CMD03946,CL0592,P018,May 18 2023,4,4617.09,livré,RBA,Carte,,2023-05-21
CMD37162,CL0467,P075,May 02 2024,5,3503.64,DONE,TANGER,Carte,LIV2,2024-05-05
CMD13614,CL0726,P051,Feb 10 2024,4,1784.07,LIVRE,RBA,Carte,LIV3,2024-02-11
CMD18376,CL0259,P078,2024-04-05,4,825.84,livré,RBA,Carte,LIV10,2024-04-07
CMD45540,CL0842,P016,2023-06-22,3,4805.65,livré,TNG,Carte,LIV4,2023-06-26
CMD44324,CL0010,P047,Jan 17 2024,2,994.44,annulé,tanger,Carte,LIV4,
CMD18183,CL0356,P010,Apr 09 2023,1,4048.14,livré,Agadir,Carte,LIV3,2023-04-10
CMD34007,CL0862,P037,08/04/2024,4,2611.41,en_cours,kech,Carte,LIV5,
CMD09444,CL0080,P087,Sep 06 2023,2,4051.35,en_cours,marrakech,Carte,LIV4,
CMD47330,CL0872,P088,2024-03-30,5,2560.61,livré,kech,Carte,LIV6,2024-04-04
CMD37887,CL0315,P048,2024-03-01,2,883.34,DONE,tanger,Carte,LIV4,2024-03-06
CMD08700,CL0739,P038,25/09/2023,3,3667.58,livré,TANGER,Carte,LIV6,2023-09-26
CMD16583,CL0470,P069,2023-06-27,2,0,livre,marrakech,Carte,LIV1,
CMD35048,CL0609,P091,2023-11-27,1,885.46,livré,TANGER,Carte,LIV8,2023-12-02
CMD33045,CL0441,P046,26/08/2023,5,1653.07,LIVRE,CASABLANCA,Carte,LIV8,2023-08-27
CMD21114,CL0297,P098,10/04/2023,5,4684.1,LIVRE,TNG,Carte,LIV2,2023-04-13
CMD32877,CL0339,P033,27/09/2023,4,4834.15,OK,CASABLANCA,Carte,LIV4,
CMD44830,CL0817,P064,May 01 2024,5,1173.34,DONE,RBA,Carte,LIV4,2024-05-02
CMD30344,CL0040,P070,2024-03-24,3,603.67,livré,CASABLANCA,Carte,LIV6,2024-03-25
CMD46479,CL0108,P060,2023-06-06,2,0,retourné,TNG,Carte,LIV8,2023-06-07
CMD48435,CL0610,P007,Dec 04 2023,2,1834.31,annulé,TNG,Carte,LIV1,
CMD18494,CL0214,P082,22/07/2023,1,1524.85,livré,marrakech,Carte,LIV6,2023-07-26
CMD11540,CL0392,P086,May 16 2023,1,1448.01,DONE,Agadir,Carte,LIV2,2023-05-20
CMD42097,CL0857,P055,2023-06-17,5,1930.45,DONE,CASABLANCA,Carte,LIV6,2023-06-20
CMD34498,CL0235,P001,22/03/2023,5,427.33,KO,marrakech,Carte,LIV10,
CMD40296,CL0408,P074,25/02/2023,1,127.81,en_cours,casa,Carte,LIV2,
CMD08607,CL0902,P062,2023-09-01,1,3314.49,DONE,Tnja,Carte,LIV9,2023-09-03
CMD32317,CL0171,P018,13/05/2024,1,2665.13,livré,TNG,Carte,LIV8,2024-05-14
CMD38613,CL0190,P059,May 02 2024,2,2615.04,KO,TNG,Carte,,
CMD06731,CL0023,P012,Aug 31 2023,1,3758.58,LIVRE,tanger,Carte,LIV5,2023-09-04
CMD02991,CL0358,P034,11/02/2023,2,4534.17,en_cours,TANGER,Carte,LIV6,
CMD44531,CL0348,P094,24/05/2023,1,756.34,livre,marrakech,Carte,LIV6,
CMD32918,CL0914,P084,06/02/2024,2,4227.63,retourné,kech,Carte,LIV1,2024-02-07
CMD34526,CL0251,P072,2023-04-10,4,1308.7,livre,marrakech,Carte,LIV5,
CMD26575,CL0827,P085,Feb 23 2023,5,1680.89,LIVRE,Agadir,Carte,LIV9,2023-02-25
CMD07786,CL0133,P015,2023-08-17,5,188.41,livre,RBA,Carte,LIV5,
CMD06725,CL0367,P014,Jul 14 2023,2,2052.2,livre,casa,Carte,LIV2,
CMD45777,CL0760,P074,05/07/2023,3,1285.08,retourné,TNG,Carte,LIV8,2023-07-08
CMD43480,CL0283,P025,15/07/2023,2,1691.06,annulé,tanger,Carte,LIV6,
CMD00441,CL0065,P004,Sep 26 2023,5,301.25,OK,RBA,Carte,LIV8,
CMD14497,CL0562,P045,Sep 29 2023,1,4097.61,annulé,marrakech,Carte,LIV9,
CMD31222,CL0301,P056,Oct 25 2023,4,1809.62,livre,TANGER,Carte,LIV8,
CMD42132,CL0649,P045,Jun 06 2023,1,2398.85,OK,CASABLANCA,Carte,LIV8,
CMD40268,CL0292,P058,2023-08-07,4,4595.17,livré,CASABLANCA,Carte,LIV6,2023-08-10
CMD43467,CL0734,P078,07/06/2023,2,1757.73,livré,marrakech,Carte,LIV4,2023-06-10
CMD11955,CL0726,P009,Mar 21 2024,1,2509.93,livré,kech,Carte,LIV10,2024-03-22
CMD24133,CL0156,P094,2023-03-07,1,2383.74,DONE,TNG,Carte,LIV7,2023-03-09
CMD46670,CL0978,P020,13/05/2024,2,1152.16,livré,marrakech,Carte,LIV9,2024-05-18
CMD46410,CL0603,P096,24/04/2024,2,2442.65,DONE,CASABLANCA,Carte,LIV3,2024-04-25
CMD07385,CL0425,P006,07/03/2023,4,1404.41,retourné,tanger,Carte,LIV10,2023-03-10
CMD24464,CL0154,P027,20/04/2024,4,1824.66,livré,Tnja,Carte,LIV2,2024-04-25
CMD00342,CL0266,P091,Jan 02 2023,3,1291.14,livré,Agadir,Carte,LIV1,2023-01-07
CMD32692,CL0187,P097,24/07/2023,5,358.75,DONE,TANGER,Carte,LIV8,2023-07-28
CMD19257,CL0072,P036,2023-01-02,1,536.35,annulé,Tnja,Carte,LIV3,
CMD28260,CL0864,P077,Jul 13 2023,2,4450.31,livre,CASABLANCA,Carte,LIV4,
CMD10762,CL0323,P088,2023-11-09,1,3225.66,LIVRE,CASABLANCA,Carte,LIV9,2023-11-10
CMD26420,CL0118,P019,Feb 25 2023,1,2617.83,livré,Agadir,Carte,LIV8,2023-02-26
CMD37256,CL0780,P098,30/12/2023,5,2528.28,livré,Agadir,Carte,LIV1,2024-01-02
CMD43161,CL0129,P030,09/04/2024,5,3131.97,livré,Tnja,Carte,LIV3,2024-04-13
CMD41407,CL0999,P012,2023-11-02,4,1911.25,retourné,casa,Carte,LIV7,2023-11-03
CMD43727,CL0254,P011,2024-02-22,5,1538.8,annulé,kech,Carte,LIV3,
CMD21909,CL0903,P098,May 06 2024,4,3431.74,OK,casa,Carte,LIV3,
CMD36208,CL0493,P029,2023-08-13,5,1037.67,DONE,TANGER,Carte,LIV1,2023-08-17
CMD17508,CL0569,P079,Dec 13 2023,3,2655.96,annulé,RBA,Carte,LIV8,
CMD27021,CL0082,P077,22/05/2023,5,1093.28,livré,tanger,Carte,LIV9,2023-05-26
CMD33876,CL0207,P040,Nov 28 2023,2,3531.96,retourné,casa,Carte,LIV5,2023-12-02
CMD00477,CL0808,P060,Nov 13 2023,4,2316.77,retourné,TANGER,Carte,,2023-11-14
CMD44466,CL0150,P039,2023-11-06,5,2423.77,retourné,Tnja,Carte,LIV4,2023-11-08
CMD05818,CL0683,P001,Sep 21 2023,5,1663.91,en_cours,TANGER,Carte,LIV1,
CMD35406,CL0104,P095,Aug 15 2023,1,2230.8,OK,casa,Carte,LIV4,
CMD33622,CL0640,P033,04/03/2023,5,1521.51,en_cours,CASABLANCA,Carte,LIV3,
CMD47584,CL0201,P019,11/01/2024,4,1768.76,en_cours,tanger,Carte,LIV4,
CMD05773,CL0915,P002,14/05/2024,3,1304.97,livre,kech,Carte,LIV2,
CMD27720,CL0112,P083,08/05/2023,3,1403.76,retourné,RBA,Carte,LIV8,2023-05-11
CMD22911,CL0106,P012,2023-05-22,2,3196.33,retourné,TNG,Carte,,2023-05-23
CMD11143,CL0023,P039,2024-04-06,4,1408.39,retourné,Tnja,Carte,LIV2,2024-04-09
CMD38777,CL0533,P017,27/01/2024,2,3911.27,DONE,kech,Carte,LIV8,2024-01-29
CMD29436,CL0931,P093,2023-08-03,3,238.36,LIVRE,marrakech,Carte,LIV2,2023-08-04
CMD10945,CL0097,P060,16/07/2023,5,2828.76,livré,kech,Carte,LIV5,2023-07-21
CMD08940,CL0081,P006,2023-10-13,3,1986.27,livre,Tnja,Carte,LIV9,
CMD26167,CL0373,P069,2023-11-12,2,4990.78,OK,Tnja,Carte,LIV1,
CMD13783,CL0791,P004,Jan 07 2024,3,2223.37,livré,kech,Carte,LIV7,2024-01-12
CMD29495,CL0192,P021,Mar 06 2024,2,2864.54,DONE,marrakech,Carte,LIV2,2024-03-07
CMD48164,CL0993,P078,May 04 2023,3,4177.17,en_cours,tanger,Carte,LIV4,
CMD44240,CL0156,P041,2023-03-28,1,822.06,retourné,marrakech,Carte,LIV3,2023-03-31
CMD38784,CL0590,P017,2023-07-19,1,3057.4,livre,TNG,Carte,LIV4,
CMD25900,CL0153,P016,2024-01-22,5,893.17,livré,Agadir,Carte,LIV2,2024-01-25
CMD28495,CL0866,P057,Jul 30 2023,3,2476.69,KO,TNG,Carte,LIV6,
CMD02696,CL0507,P042,2023-08-02,4,1383.09,en_cours,RBA,Carte,,
CMD12750,CL0728,P001,2023-05-12,2,4731.93,livré,marrakech,Carte,LIV10,2023-05-15
CMD35837,CL0679,P005,2024-01-23,4,536.05,retourné,kech,Carte,LIV1,2024-01-27
CMD36742,CL0491,P018,2023-12-01,2,4833.73,livré,marrakech,Carte,LIV3,2023-12-03
CMD16558,CL0300,P085,03/02/2023,4,3963.09,livré,Tnja,Carte,LIV8,2023-02-06
CMD31396,CL0156,P100,2024-01-17,3,4883.08,livré,Agadir,Carte,LIV7,2024-01-18
CMD28039,CL0716,P083,30/04/2024,5,1543.31,annulé,TANGER,Carte,LIV6,
CMD36832,CL0346,P061,23/02/2024,4,3212.53,livré,RBA,Carte,LIV7,2024-02-28
CMD06968,CL0481,P032,20/06/2023,5,310.46,retourné,kech,Carte,LIV1,2023-06-23
CMD15568,CL0033,P002,2023-10-01,3,2991.06,KO,casa,Carte,LIV10,
CMD44388,CL0710,P070,Nov 02 2023,3,3139.6,OK,kech,Carte,LIV8,
CMD15083,CL0084,P049,Aug 05 2023,1,3078.77,livré,CASABLANCA,Carte,LIV8,2023-08-07
CMD33580,CL0145,P030,2023-02-28,2,3781.22,livré,TNG,Carte,LIV7,2023-03-05
CMD45389,CL0764,P091,2023-07-28,5,604.99,KO,Tnja,Carte,LIV4,
CMD37792,CL0056,P086,2024-03-05,1,3342.71,LIVRE,Agadir,Carte,LIV1,2024-03-07
CMD30801,CL0278,P065,24/04/2023,4,526.78,livré,Agadir,Carte,LIV3,2023-04-25
CMD13250,CL0219,P008,Jun 01 2023,1,3946.71,livré,casa,Carte,LIV2,2023-06-02
CMD08320,CL0706,P078,27/06/2023,5,2968.05,livré,tanger,Carte,LIV9,2023-06-28
CMD18871,CL0150,P001,17/04/2023,2,2601.58,KO,marrakech,Carte,LIV7,
CMD37445,CL0960,P094,06/12/2023,5,3123.91,LIVRE,CASABLANCA,Carte,LIV8,2023-12-08
CMD08314,CL0680,P022,2024-01-28,2,4220.81,livre,kech,Carte,LIV8,
CMD29352,CL0650,P040,06/07/2023,3,919.96,livré,TANGER,Carte,LIV4,2023-07-09
CMD32505,CL0495,P045,2023-09-04,2,3450.02,retourné,marrakech,Carte,LIV7,2023-09-05
CMD47035,CL0715,P033,Jul 15 2023,4,365.03,livre,RBA,Carte,LIV5,
CMD33728,CL0268,P093,Feb 20 2024,3,4399.47,livré,casa,Carte,LIV6,2024-02-24
CMD25014,CL0245,P034,2023-03-19,5,2984.37,livré,CASABLANCA,Carte,LIV8,2023-03-23
CMD35490,CL0514,P012,02/12/2023,5,3180.48,annulé,casa,Carte,LIV10,
CMD31512,CL0014,P027,Feb 07 2023,5,4765.28,livré,tanger,Carte,,2023-02-12
CMD41632,CL0706,P096,2023-07-20,4,567.35,annulé,marrakech,Carte,LIV8,
CMD42445,CL0670,P083,2023-06-13,5,0,livré,Agadir,Carte,LIV4,2023-06-14
CMD39770,CL0784,P030,2023-08-22,1,3190.42,livré,marrakech,Carte,LIV9,2023-08-27
CMD35307,CL0055,P065,14/01/2024,3,1539.81,livré,Tnja,Carte,LIV6,2024-01-15
CMD09149,CL0087,P078,03/11/2023,3,4271.97,KO,TANGER,Carte,LIV5,
CMD06233,CL0376,P016,May 01 2024,3,4223.08,livré,TANGER,Carte,LIV4,2024-05-05
CMD00509,CL0114,P036,Jun 11 2023,1,1757.46,annulé,TANGER,Carte,LIV8,
CMD00776,CL0154,P025,2024-04-28,5,1555.87,en_cours,RBA,Carte,LIV2,
CMD11613,CL0299,P063,May 01 2024,2,3002.8,OK,CASABLANCA,Carte,LIV2,
CMD34438,CL0484,P020,Jul 06 2023,3,3520.64,annulé,TNG,Carte,LIV4,
CMD43591,CL0116,P097,Dec 26 2023,5,531.69,livré,kech,Carte,,2023-12-31
CMD38631,CL0252,P055,30/01/2024,5,3477.35,livré,CASABLANCA,Carte,LIV5,2024-02-01
CMD35083,CL0242,P048,24/01/2024,3,2216.81,livré,casa,Carte,,2024-01-29
CMD22729,CL0739,P061,2023-11-01,3,0,annulé,tanger,Carte,LIV10,
CMD46021,CL0475,P008,2023-05-23,1,3926.74,OK,Agadir,Carte,LIV4,
CMD25731,CL0720,P075,Mar 11 2023,3,3725.89,livré,RBA,Carte,LIV5,2023-03-14
CMD35355,CL0854,P010,2023-10-03,2,2241.15,LIVRE,CASABLANCA,Carte,LIV8,2023-10-06
CMD20664,CL0758,P045,01/03/2024,4,0,DONE,TANGER,Carte,LIV9,2024-03-02
CMD10066,CL0553,P077,Jun 13 2023,3,2688.9,livré,CASABLANCA,Carte,LIV3,2023-06-14
CMD25661,CL0026,P085,Dec 24 2023,3,1602.86,LIVRE,tanger,Carte,LIV4,2023-12-29
CMD07412,CL0462,P067,2023-09-18,2,4538.87,annulé,CASABLANCA,Carte,,
CMD30769,CL0357,P067,16/07/2023,1,1561.92,livré,TANGER,Carte,LIV1,2023-07-21
CMD23543,CL0752,P086,30/04/2024,2,3616.5,livre,casa,Carte,LIV8,
CMD22629,CL0838,P071,Nov 11 2023,2,4713.18,DONE,CASABLANCA,Carte,LIV6,2023-11-12
CMD34013,CL0997,P049,Feb 28 2024,2,2739.45,livré,Tnja,Carte,LIV6,2024-03-01
CMD46210,CL0069,P031,25/02/2024,5,2249.92,livré,Agadir,Carte,LIV5,2024-03-01
CMD43244,CL0797,P065,2023-01-15,3,1271.42,livré,TANGER,Carte,LIV9,2023-01-18
CMD09905,CL0617,P097,Dec 02 2023,4,407.33,en_cours,TNG,Carte,LIV1,
CMD36117,CL0105,P045,2024-01-12,2,1787.02,retourné,CASABLANCA,Carte,LIV4,2024-01-17
CMD03084,CL0074,P002,2023-11-10,1,1524.92,DONE,CASABLANCA,Carte,LIV3,2023-11-14
CMD01397,CL0483,P028,2024-02-14,5,4057.76,livré,casa,Carte,LIV10,2024-02-16
CMD21633,CL0089,P057,Feb 17 2023,1,0,livre,Agadir,Carte,LIV4,
CMD30976,CL0443,P031,26/02/2024,4,4011.61,DONE,TANGER,Carte,LIV6,2024-03-02
CMD45012,CL0025,P040,22/03/2023,3,221.44,livre,Agadir,Carte,LIV9,
CMD05672,CL0713,P046,07/02/2024,3,4901.44,livré,Agadir,Carte,LIV4,2024-02-08
CMD29572,CL0620,P061,2023-09-08,3,2374.79,retourné,CASABLANCA,Carte,LIV8,2023-09-13
CMD02254,CL0765,P039,10/07/2023,2,4963.51,DONE,Agadir,Carte,,2023-07-14
CMD19437,CL0288,P055,02/06/2023,1,2232.03,OK,CASABLANCA,Carte,LIV1,
CMD36761,CL0075,P028,20/03/2023,4,4938.36,livré,casa,Carte,LIV4,2023-03-22
CMD21636,CL0199,P053,Oct 17 2023,1,4583.38,livré,Tnja,Carte,LIV1,2023-10-20
CMD39856,CL0693,P001,Jul 13 2023,2,4477.44,KO,casa,Carte,LIV1,
CMD16461,CL0318,P071,01/02/2024,1,1378.06,livré,TNG,Carte,LIV9,2024-02-06
CMD47028,CL0927,P039,Oct 11 2023,5,729.07,OK,TNG,Carte,LIV1,
CMD04030,CL0134,P014,17/01/2023,5,2394.17,livré,marrakech,Carte,LIV10,2023-01-21
CMD24938,CL0861,P034,2023-04-16,4,3632.92,livré,TNG,Carte,LIV6,2023-04-19
CMD03428,CL0639,P092,2024-02-19,2,4082.78,livré,TANGER,Carte,LIV9,2024-02-20
CMD18490,CL0297,P037,Jan 10 2024,5,1358.53,livré,casa,Carte,LIV3,2024-01-14
CMD45836,CL0287,P028,2023-12-13,5,203.06,KO,TNG,Carte,LIV7,
CMD30485,CL0142,P025,13/05/2023,3,2225.77,annulé,Agadir,Carte,LIV8,
CMD40291,CL0742,P048,02/01/2023,2,3438.65,KO,TANGER,Carte,LIV1,
CMD17467,CL0439,P097,05/04/2024,5,4103.66,DONE,Tnja,Carte,LIV4,2024-04-06
CMD02420,CL0367,P060,Oct 28 2023,1,2711.28,livré,RBA,Carte,LIV6,2023-10-29
CMD26083,CL0722,P074,2023-12-18,2,4759.49,KO,TANGER,Carte,LIV1,
CMD01651,CL0656,P026,Aug 19 2023,5,905.61,OK,Agadir,Carte,LIV9,
CMD20011,CL0314,P058,19/10/2023,1,454.41,en_cours,Agadir,Carte,LIV1,
CMD34828,CL0866,P073,2023-04-26,5,1960.32,livre,Agadir,Carte,LIV10,
CMD31538,CL0727,P023,31/12/2023,3,535.43,en_cours,CASABLANCA,Carte,LIV6,
CMD39145,CL0586,P046,2024-01-23,1,4548.17,livré,Tnja,Carte,LIV1,2024-01-25
CMD04644,CL0877,P088,10/08/2023,1,493.03,OK,marrakech,Carte,LIV3,
CMD16140,CL0154,P099,Aug 24 2023,5,1796.4,annulé,TNG,Carte,,
CMD22024,CL0059,P035,26/02/2023,4,1771.8,annulé,tanger,Carte,LIV8,
CMD10357,CL0344,P057,Jan 15 2023,4,3767.79,DONE,Agadir,Carte,,2023-01-20
CMD12807,CL0915,P029,Dec 16 2023,3,3564.37,DONE,TNG,Carte,LIV2,2023-12-18
CMD35098,CL0148,P038,2023-06-22,1,2662.56,livre,RBA,Carte,LIV4,
CMD20639,CL0165,P100,Feb 22 2024,3,1265.22,DONE,casa,Carte,LIV10,2024-02-27
CMD24957,CL0931,P072,Aug 24 2023,1,1290.5,en_cours,casa,Carte,,
CMD20401,CL0890,P030,2024-03-26,3,2385.36,retourné,kech,Carte,LIV8,2024-03-30
CMD02753,CL0795,P039,30/09/2023,4,1240.04,en_cours,TANGER,Carte,LIV9,
CMD10602,CL0639,P034,15/09/2023,4,3261.8,retourné,kech,Carte,LIV10,2023-09-17
CMD47637,CL0372,P002,Feb 12 2024,1,4650.28,livre,Agadir,Carte,,
CMD07083,CL0215,P020,03/01/2024,2,3689.63,KO,kech,Carte,LIV3,
CMD00685,CL0205,P018,15/04/2024,2,3231.13,annulé,tanger,Carte,LIV6,
CMD47314,CL0532,P077,03/02/2024,1,0,retourné,TANGER,Carte,LIV7,2024-02-07
CMD38987,CL0929,P081,2024-04-10,2,1845.77,en_cours,Agadir,Carte,LIV8,
CMD21095,CL0710,P099,2024-03-25,4,2623.46,livré,TNG,Carte,LIV8,2024-03-26
CMD01105,CL0285,P001,Oct 23 2023,5,2049.24,OK,marrakech,Carte,LIV1,
CMD25732,CL0373,P003,Feb 27 2024,1,329.87,livré,Agadir,Carte,LIV8,2024-03-03
CMD04476,CL0881,P082,Jul 11 2023,3,3012.38,livre,tanger,Carte,,
CMD02861,CL0927,P057,Jan 03 2024,5,2452.39,OK,tanger,Carte,LIV4,
CMD06387,CL0460,P057,Apr 20 2023,3,3520.35,livré,CASABLANCA,Carte,LIV3,2023-04-24
CMD06717,CL0634,P054,Sep 25 2023,5,4039.98,retourné,marrakech,Carte,LIV7,2023-09-29
CMD38319,CL0476,P087,Jul 01 2023,2,1396.54,en_cours,CASABLANCA,Carte,,
CMD13609,CL0125,P087,Jul 09 2023,4,329.09,en_cours,casa,Carte,LIV6,
CMD26865,CL0743,P086,03/08/2023,3,4773.32,OK,tanger,Carte,LIV10,
CMD03104,CL0892,P064,27/11/2023,1,670.11,en_cours,TNG,Carte,LIV3,
CMD01858,CL0766,P043,10/05/2024,1,2835.82,livré,Agadir,Carte,LIV6,2024-05-12
CMD09762,CL0217,P038,Jan 20 2024,4,4228.38,retourné,RBA,Carte,LIV5,2024-01-22
CMD17832,CL0723,P050,Apr 02 2024,1,100.89,livré,marrakech,Carte,LIV2,2024-04-04
CMD32270,CL0275,P035,15/03/2023,2,2336.6,annulé,tanger,Carte,LIV7,
CMD46650,CL0398,P080,21/04/2023,1,3175.16,LIVRE,TNG,Carte,LIV1,2023-04-23
CMD30449,CL0868,P091,2023-03-21,1,2968.4,livré,CASABLANCA,Carte,LIV6,2023-03-25
CMD27144,CL0666,P076,Aug 02 2023,1,3190.66,KO,CASABLANCA,Carte,LIV4,
CMD13738,CL0236,P052,08/10/2023,1,1504.25,livré,Tnja,Carte,LIV7,2023-10-13
CMD21789,CL0948,P084,07/04/2023,2,1565.11,livré,TNG,Carte,LIV5,2023-04-09
CMD41369,CL0841,P081,2023-09-25,3,4842.82,DONE,Agadir,Carte,LIV9,2023-09-28
CMD21902,CL0338,P011,2023-02-09,2,2887.26,retourné,RBA,Carte,LIV1,2023-02-11
CMD23271,CL0483,P047,29/11/2023,4,4269.24,OK,kech,Carte,LIV8,
CMD42954,CL0971,P026,2023-07-06,2,2314.56,LIVRE,tanger,Carte,LIV4,2023-07-10
CMD41676,CL0042,P025,2023-06-25,2,3013.22,livré,kech,Carte,LIV6,2023-06-26
CMD42482,CL0886,P081,Jan 29 2024,4,1274.42,en_cours,tanger,Carte,LIV2,
CMD24849,CL0614,P090,2023-09-30,2,4040.46,annulé,TANGER,Carte,LIV8,
CMD44724,CL0785,P070,12/05/2024,4,3550.14,livré,RBA,Carte,LIV4,2024-05-14
CMD41481,CL0782,P047,07/09/2023,3,3297.65,annulé,RBA,Carte,LIV4,
CMD47454,CL0077,P098,2023-08-22,5,4295.88,LIVRE,tanger,Carte,LIV4,2023-08-27
CMD35530,CL0796,P029,2024-04-10,2,1969.61,LIVRE,tanger,Carte,LIV5,2024-04-11
CMD22017,CL0067,P057,2023-04-04,4,1272.17,livré,tanger,Carte,LIV5,2023-04-07
CMD02356,CL0743,P078,2023-01-30,4,1574.94,retourné,TNG,Carte,LIV2,2023-01-31
CMD20530,CL0259,P072,Apr 08 2024,3,1333.45,livré,RBA,Carte,,2024-04-09
CMD06476,CL0707,P053,11/05/2023,2,1847.12,DONE,Agadir,Carte,LIV3,2023-05-14
CMD01079,CL0990,P077,May 01 2023,1,4261.39,LIVRE,TNG,Carte,LIV10,2023-05-03
CMD15134,CL0179,P099,Jul 20 2023,4,2981.34,DONE,kech,Carte,LIV4,2023-07-23
CMD34863,CL0655,P044,16/03/2024,3,4426.08,KO,tanger,Carte,LIV3,
CMD37347,CL0808,P094,2023-05-26,4,713.11,annulé,CASABLANCA,Carte,LIV9,
CMD09564,CL0621,P093,2024-05-10,1,4434.64,livré,marrakech,Carte,LIV4,2024-05-14
CMD10397,CL0290,P052,12/05/2024,3,4388.24,DONE,CASABLANCA,Carte,LIV6,2024-05-16
CMD33687,CL0185,P033,Jan 06 2024,5,4586.04,KO,Agadir,Carte,LIV10,
CMD12888,CL0384,P006,Jan 22 2024,-1,2272.72,livré,TANGER,Carte,LIV10,2024-01-27
CMD20427,CL0305,P078,07/06/2023,4,4989.11,retourné,CASABLANCA,Carte,LIV9,2023-06-10
CMD07296,CL0535,P061,20/07/2023,5,4618.2,DONE,casa,Carte,,2023-07-21
CMD07689,CL0346,P034,2023-08-03,2,980.52,retourné,TNG,Carte,LIV10,2023-08-04
CMD47194,CL0202,P014,29/12/2023,1,4198.85,livre,CASABLANCA,Carte,LIV1,
CMD27110,CL0113,P010,Apr 04 2024,1,1654.23,KO,RBA,Carte,LIV9,
CMD28366,CL0067,P074,Nov 05 2023,5,2601.46,OK,Agadir,Carte,LIV8,
CMD01938,CL0786,P069,01/02/2023,3,0,OK,RBA,Carte,LIV5,
CMD38531,CL0827,P078,Jul 17 2023,4,2303.9,annulé,TANGER,Carte,LIV6,
CMD40099,CL0826,P015,31/01/2024,2,294.13,DONE,kech,Carte,LIV10,2024-02-03
CMD47108,CL0480,P097,2024-03-11,1,3657.59,livre,casa,Carte,LIV7,
CMD19773,CL0003,P071,09/03/2023,1,3853.65,livre,casa,Carte,LIV1,
CMD15354,CL0817,P001,02/06/2023,1,2502.44,livre,Agadir,Carte,LIV7,
CMD11237,CL0526,P076,2024-04-10,5,1243.52,en_cours,Tnja,Carte,LIV6,
CMD10599,CL0792,P080,Mar 08 2023,1,2960.14,livré,TNG,Carte,LIV4,2023-03-11
CMD28689,CL0317,P005,10/02/2024,3,3281.39,annulé,TANGER,Carte,LIV3,
CMD10287,CL0874,P090,12/03/2024,2,4442.8,livré,marrakech,Carte,LIV7,2024-03-16
CMD08260,CL0139,P040,Oct 30 2023,3,4531.74,en_cours,CASABLANCA,Carte,LIV9,
CMD13015,CL0600,P062,02/06/2023,1,0,en_cours,RBA,Carte,LIV5,
CMD01279,CL0828,P089,May 28 2023,3,3126.72,retourné,TANGER,Carte,LIV4,2023-05-31
CMD10504,CL0277,P066,17/12/2023,3,3231.47,OK,tanger,Carte,LIV8,
CMD15761,CL0015,P079,2023-08-24,1,4752.85,OK,Tnja,Carte,LIV7,
CMD46242,CL0982,P062,16/10/2023,2,908.3,DONE,kech,Carte,LIV10,2023-10-20
CMD09467,CL0009,P012,2023-06-16,3,3602.02,annulé,TNG,Carte,LIV1,
CMD07633,CL0541,P038,May 21 2023,2,1094.95,KO,TNG,Carte,LIV8,
CMD02666,CL0540,P046,15/05/2023,4,1697.13,livré,casa,Carte,LIV4,2023-05-19
CMD20544,CL0720,P008,09/03/2024,2,4655.31,livré,kech,Carte,LIV3,2024-03-13
CMD00945,CL0930,P077,2023-06-24,5,127.98,DONE,Agadir,Carte,LIV3,2023-06-27
CMD44931,CL0971,P087,08/07/2023,2,4852.71,annulé,Tnja,Carte,LIV8,
CMD12594,CL0570,P070,2023-01-31,4,3161.52,OK,tanger,Carte,LIV6,
CMD05638,CL0810,P030,May 03 2023,1,1614.34,livre,CASABLANCA,Carte,LIV4,
CMD34230,CL0402,P024,2023-03-20,2,4073.39,DONE,Agadir,Carte,LIV10,2023-03-23
CMD29144,CL0730,P035,17/11/2023,3,1685.16,OK,RBA,Carte,LIV6,
CMD46420,CL0463,P005,21/04/2024,3,1124.26,annulé,Agadir,Carte,LIV9,
CMD22888,CL0601,P029,Oct 31 2023,1,4636.33,KO,TANGER,Carte,,
CMD28374,CL0559,P087,2023-09-17,2,967.31,en_cours,Tnja,Carte,LIV10,
CMD08955,CL0025,P053,2023-06-25,4,3198.21,retourné,kech,Carte,,2023-06-28
CMD44544,CL0362,P026,09/12/2023,4,2671.65,LIVRE,casa,Carte,LIV2,2023-12-10
CMD01117,CL0148,P065,2023-08-28,5,4539.61,annulé,marrakech,Carte,LIV6,
CMD45148,CL0216,P088,Dec 31 2023,1,1006.41,LIVRE,TANGER,Carte,LIV8,2024-01-03
CMD08360,CL0354,P049,Dec 31 2023,2,1115.17,KO,Tnja,Carte,,
CMD13211,CL0664,P062,Feb 07 2023,4,1283.5,livré,tanger,Carte,LIV9,2023-02-08
CMD46522,CL0334,P024,10/02/2023,5,4761.94,en_cours,kech,Carte,LIV10,
CMD35956,CL0117,P063,2023-01-14,2,3943.79,KO,TANGER,Carte,LIV8,
CMD12061,CL0427,P064,Mar 28 2024,4,4183.57,DONE,marrakech,Carte,LIV7,2024-03-29
CMD34669,CL0520,P009,Aug 17 2023,5,3199.02,annulé,kech,Carte,LIV4,
CMD35678,CL0758,P095,Jan 24 2024,4,2360.85,DONE,TANGER,Carte,LIV1,2024-01-29
CMD07493,CL0575,P007,2024-05-11,3,3320.67,DONE,casa,Carte,LIV1,2024-05-13
CMD26746,CL0814,P021,Apr 25 2023,4,2073.82,annulé,marrakech,Carte,LIV5,
CMD24333,CL0495,P025,May 28 2023,3,2925.71,livré,TANGER,Carte,LIV6,2023-05-29
CMD17466,CL0021,P043,2023-08-17,2,792.7,OK,CASABLANCA,Carte,LIV7,
CMD19087,CL0341,P017,Feb 15 2024,5,2417.04,LIVRE,TNG,Carte,LIV8,2024-02-16
CMD02443,CL0851,P094,Oct 25 2023,5,2240.75,OK,casa,Carte,LIV1,
CMD37913,CL0198,P078,19/03/2024,4,2637.98,KO,tanger,Carte,LIV8,
CMD38345,CL0541,P099,2023-01-27,3,1863.38,DONE,TANGER,Carte,LIV5,2023-01-30
CMD48124,CL0268,P089,2024-04-01,3,143.64,livré,casa,Carte,LIV3,2024-04-03
CMD43328,CL0050,P022,2023-01-10,4,3499.61,retourné,CASABLANCA,Carte,LIV5,2023-01-12
CMD29610,CL0283,P096,2023-10-12,1,2690.74,annulé,Tnja,Carte,LIV8,
CMD38925,CL0368,P048,May 05 2024,5,74.0,KO,tanger,Carte,LIV8,
CMD01114,CL0884,P076,Jan 19 2023,1,3974.0,DONE,RBA,Carte,LIV4,2023-01-20
CMD42051,CL0592,P100,Nov 20 2023,1,163.46,annulé,Tnja,Carte,LIV2,
CMD11005,CL0964,P047,15/04/2024,5,1012.57,DONE,RBA,Carte,,2024-04-19
CMD23133,CL0060,P009,09/09/2023,3,3109.65,DONE,marrakech,Carte,LIV5,2023-09-14
CMD02866,CL0348,P056,02/09/2023,4,3680.32,en_cours,tanger,Carte,,
CMD14410,CL0457,P074,Apr 06 2023,2,4299.76,DONE,RBA,Carte,LIV5,2023-04-11
CMD25649,CL0340,P015,2023-04-21,2,598.57,livré,Agadir,Carte,LIV8,2023-04-26
CMD21175,CL0746,P062,2023-01-03,5,4770.34,en_cours,TANGER,Carte,LIV10,
CMD38952,CL0421,P047,Apr 20 2023,1,4166.83,en_cours,casa,Carte,LIV10,
CMD00525,CL0895,P034,09/03/2024,3,2065.49,KO,RBA,Carte,LIV4,
CMD45180,CL0696,P089,Jun 29 2023,1,1322.57,DONE,Tnja,Carte,LIV9,2023-07-03
CMD08049,CL0946,P039,Jun 05 2023,3,3894.77,KO,marrakech,Carte,LIV4,
CMD08825,CL0399,P027,Jul 25 2023,2,4768.84,retourné,TANGER,Carte,LIV4,2023-07-27
CMD10443,CL0550,P005,2024-01-09,2,4360.49,livré,casa,Carte,LIV4,2024-01-12
CMD47964,CL0562,P088,2024-03-26,2,4776.3,livré,marrakech,Carte,LIV4,2024-03-27
CMD14316,CL0216,P023,2024-01-25,1,4672.18,KO,marrakech,Carte,LIV9,
CMD33042,CL0192,P097,Jun 08 2023,5,1165.85,LIVRE,Agadir,Carte,LIV7,2023-06-13
CMD09436,CL0057,P091,Jan 30 2023,3,2630.26,livré,casa,Carte,LIV10,2023-02-01
CMD15990,CL0419,P017,Jun 23 2023,1,3070.32,livré,RBA,Carte,LIV2,2023-06-24
CMD44654,CL0058,P097,08/05/2023,3,3428.24,livre,marrakech,Carte,LIV6,
CMD27304,CL0228,P026,2023-01-02,4,0,livré,Tnja,Carte,LIV8,2023-01-07
CMD41706,CL0920,P094,08/09/2023,5,4962.24,retourné,casa,Carte,LIV2,2023-09-13
CMD07265,CL0878,P014,08/07/2023,3,3055.59,DONE,RBA,Carte,,2023-07-12
CMD09511,CL0403,P076,Sep 25 2023,3,4501.45,KO,RBA,Carte,LIV9,
CMD25298,CL0524,P060,26/05/2023,5,982.34,KO,CASABLANCA,Carte,LIV6,
CMD42447,CL0995,P096,2023-02-18,5,4745.38,livré,Agadir,Carte,LIV4,2023-02-22
CMD06351,CL0851,P079,May 23 2023,5,3699.7,LIVRE,Agadir,Carte,,2023-05-28
CMD26073,CL0896,P018,24/02/2024,4,1595.78,livré,tanger,Carte,LIV1,2024-02-28
CMD47378,CL0248,P034,31/01/2024,1,717.18,retourné,TANGER,Carte,LIV5,2024-02-04
CMD34349,CL0206,P071,2023-02-27,1,3874.52,LIVRE,RBA,Carte,LIV2,2023-02-28
CMD12160,CL0229,P091,Jan 30 2024,3,2548.26,annulé,kech,Carte,LIV8,
CMD07393,CL0796,P013,26/01/2023,5,4432.79,livré,TANGER,Carte,LIV10,2023-01-28
CMD12681,CL0242,P086,2024-04-05,5,3529.87,livré,TANGER,Carte,LIV6,2024-04-06
CMD17620,CL0837,P081,Jun 27 2023,5,1066.47,DONE,marrakech,Carte,LIV7,2023-06-30
CMD43598,CL0917,P049,2024-04-24,3,226.62,DONE,TNG,Carte,LIV3,2024-04-26
CMD13647,CL0295,P064,Oct 14 2023,5,3469.94,livre,tanger,Carte,LIV8,
CMD18699,CL0908,P041,2024-01-08,5,3617.52,retourné,TANGER,Carte,,2024-01-12
CMD21260,CL0565,P048,14/03/2024,2,1132.78,KO,kech,Carte,LIV9,
CMD11470,CL0772,P014,14/04/2024,2,4370.19,DONE,marrakech,Carte,LIV4,2024-04-17
CMD20205,CL0321,P008,24/03/2024,5,3756.5,DONE,TNG,Carte,LIV6,2024-03-26
CMD48277,CL0328,P006,08/01/2023,1,4836.25,en_cours,kech,Carte,LIV6,
CMD35700,CL0118,P004,Jul 19 2023,4,4561.25,livré,marrakech,Carte,LIV5,2023-07-22
CMD21449,CL0072,P046,29/01/2023,1,2907.27,OK,kech,Carte,LIV7,
CMD33180,CL0130,P017,Apr 05 2024,4,511.85,livre,tanger,Carte,LIV6,
CMD34494,CL0945,P031,24/06/2023,5,1530.39,KO,tanger,Carte,LIV10,
CMD14192,CL0793,P045,Feb 01 2024,2,1677.46,retourné,Agadir,Carte,LIV1,2024-02-03
CMD23214,CL0635,P047,22/06/2023,5,3387.67,annulé,TANGER,Carte,,
CMD18268,CL0490,P086,Jun 18 2023,1,232.05,livre,casa,Carte,LIV4,
CMD45247,CL0005,P052,2023-09-27,4,2968.99,livre,marrakech,Carte,LIV5,
CMD47260,CL0220,P011,05/03/2023,2,1311.76,en_cours,CASABLANCA,Carte,LIV5,
CMD42425,CL0668,P076,25/07/2023,1,4527.0,en_cours,TNG,Carte,LIV5,
CMD47111,CL0041,P044,May 14 2023,4,4050.61,LIVRE,CASABLANCA,Carte,LIV1,2023-05-19
CMD27620,CL0754,P039,2023-04-20,5,2977.65,livre,casa,Carte,LIV6,
CMD35452,CL0936,P065,12/11/2023,4,2764.79,annulé,TNG,Carte,LIV8,
CMD14310,CL0025,P028,2023-11-12,3,1542.11,OK,RBA,Carte,LIV4,
CMD40429,CL0318,P005,2024-05-03,2,3276.12,livré,marrakech,Carte,LIV5,2024-05-05
CMD00213,CL0038,P002,Sep 14 2023,1,3345.98,livré,CASABLANCA,Carte,LIV2,2023-09-18
CMD05730,CL0941,P018,27/12/2023,3,635.49,KO,casa,Carte,LIV4,
CMD17335,CL0866,P019,2023-08-06,3,3554.94,livre,TNG,Carte,LIV10,
CMD37259,CL0983,P006,May 10 2023,3,855.51,livre,tanger,Carte,LIV10,
CMD36027,CL0236,P019,2024-05-14,4,1829.46,livré,TANGER,Carte,LIV10,2024-05-15
CMD04570,CL0421,P027,Mar 10 2023,5,3272.65,LIVRE,Agadir,Carte,LIV1,2023-03-11
CMD02376,CL0813,P004,Sep 25 2023,2,4807.96,retourné,TNG,Carte,LIV4,2023-09-30
CMD00332,CL0722,P033,Apr 03 2024,4,4749.02,LIVRE,RBA,Carte,LIV7,2024-04-08
CMD24596,CL0892,P067,13/09/2023,4,1910.9,livré,tanger,Carte,LIV7,2023-09-16
CMD43218,CL0838,P025,Jan 01 2023,2,1830.2,KO,casa,Carte,LIV10,
CMD10118,CL0841,P039,Apr 05 2023,4,4823.67,retourné,Agadir,Carte,LIV5,2023-04-09
CMD21504,CL0272,P010,2023-11-15,1,1381.48,OK,kech,Carte,LIV6,
CMD03641,CL0373,P020,01/04/2023,2,2531.78,retourné,Agadir,Carte,LIV10,2023-04-05
CMD30860,CL0035,P040,Apr 29 2024,3,2049.17,OK,casa,Carte,LIV2,
CMD26731,CL0981,P023,Sep 18 2023,3,0,livré,RBA,Carte,LIV9,2023-09-23
CMD33945,CL0711,P024,Mar 25 2024,2,1895.98,livré,kech,Carte,LIV5,2024-03-27
CMD12511,CL0165,P051,2024-02-22,1,1779.91,livre,TNG,Carte,LIV9,
CMD22682,CL0554,P099,Feb 17 2023,1,4078.24,OK,casa,Carte,LIV2,
CMD34560,CL0520,P041,20/10/2023,2,3815.35,livré,marrakech,Carte,LIV9,2023-10-22
CMD00104,CL0593,P042,2024-01-27,3,96.63,annulé,TANGER,Carte,LIV2,
CMD10071,CL0878,P022,Aug 12 2023,5,597.27,KO,kech,Carte,LIV8,
CMD20694,CL0126,P060,2024-02-22,1,4928.39,livré,RBA,Carte,LIV7,2024-02-25
CMD06603,CL0517,P038,Dec 07 2023,4,627.68,LIVRE,kech,Carte,LIV4,2023-12-12
CMD17079,CL0897,P017,Dec 29 2023,5,2156.76,KO,RBA,Carte,LIV8,
CMD01047,CL0101,P099,10/10/2023,1,499.28,annulé,RBA,Carte,LIV1,
CMD15378,CL0111,P071,Jan 07 2023,5,3447.74,livré,RBA,Carte,LIV2,2023-01-08
CMD12921,CL0326,P016,2024-03-23,4,1607.12,OK,RBA,Carte,LIV8,
CMD36294,CL0272,P047,2023-11-01,4,2445.81,livré,RBA,Carte,LIV3,2023-11-06
CMD38340,CL0943,P036,2024-03-21,2,1352.12,livre,TANGER,Carte,LIV3,
CMD28287,CL0183,P062,2023-08-24,2,4749.44,KO,tanger,Carte,LIV1,
CMD14784,CL0070,P074,02/01/2024,5,3527.96,OK,marrakech,Carte,LIV3,
CMD11952,CL0676,P020,Mar 14 2023,3,1706.64,DONE,TNG,Carte,LIV9,2023-03-18
CMD34047,CL0063,P042,Oct 29 2023,3,958.6,annulé,casa,Carte,LIV3,
CMD36951,CL0540,P065,25/02/2023,3,3926.49,livre,tanger,Carte,LIV9,
CMD08741,CL0886,P018,10/05/2023,2,3481.58,OK,marrakech,Carte,LIV7,
CMD48017,CL0199,P076,03/05/2023,5,196.76,livré,CASABLANCA,Carte,LIV9,2023-05-05
CMD38602,CL0392,P044,Mar 25 2023,2,1144.95,OK,TANGER,Carte,,
CMD24210,CL0253,P074,27/02/2023,2,3649.28,livre,kech,Carte,LIV6,
CMD28852,CL0423,P011,05/07/2023,3,187.45,KO,casa,Carte,LIV9,
CMD13058,CL0490,P086,2023-01-18,2,1094.1,annulé,CASABLANCA,Carte,LIV4,
CMD11860,CL0561,P047,15/10/2023,3,311.0,KO,Agadir,Carte,LIV2,
CMD18578,CL0275,P019,11/04/2024,3,169.05,LIVRE,RBA,Carte,LIV6,2024-04-15
CMD12092,CL0796,P070,01/02/2023,4,2935.21,DONE,marrakech,Carte,LIV10,2023-02-05
CMD04549,CL0958,P041,26/05/2023,1,2327.57,livré,CASABLANCA,Carte,LIV10,2023-05-29
CMD26212,CL0556,P058,20/09/2023,-1,3964.6,retourné,Tnja,Carte,LIV3,2023-09-21
CMD10053,CL0527,P015,Oct 05 2023,3,1959.73,livre,tanger,Carte,LIV3,
CMD18940,CL0154,P061,07/06/2023,2,3743.47,en_cours,CASABLANCA,Carte,,
CMD09619,CL0971,P081,Nov 03 2023,4,1084.47,retourné,TNG,Carte,LIV6,2023-11-07
CMD29471,CL0159,P100,11/08/2023,5,2864.94,en_cours,RBA,Carte,LIV6,
CMD36789,CL0406,P004,Dec 01 2023,5,0,livre,CASABLANCA,Carte,LIV7,
CMD28429,CL0281,P060,23/02/2024,5,1819.93,KO,RBA,Carte,LIV8,
CMD03213,CL0936,P014,Mar 29 2023,3,2218.26,livré,TANGER,Carte,LIV9,2023-03-30
CMD22751,CL0574,P065,Jan 04 2024,4,2430.96,livre,tanger,Carte,LIV9,
CMD42011,CL0305,P046,2023-10-04,2,1744.56,KO,TANGER,Carte,LIV1,
CMD03934,CL0946,P018,Jan 04 2023,5,445.69,KO,casa,Carte,,
CMD47865,CL0620,P047,May 09 2023,3,4302.52,livré,Agadir,Carte,LIV2,2023-05-13
CMD14615,CL0953,P065,19/05/2023,5,3899.08,OK,tanger,Carte,LIV6,
CMD12246,CL0676,P096,20/01/2023,4,889.96,DONE,Tnja,Carte,LIV9,2023-01-21
CMD43509,CL0728,P039,Mar 05 2023,2,77.7,OK,marrakech,Carte,LIV10,
CMD14846,CL0915,P084,Feb 18 2023,2,1870.06,livré,CASABLANCA,Carte,LIV9,2023-02-22
CMD19259,CL0905,P087,12/12/2023,3,127.9,LIVRE,Agadir,Carte,LIV4,2023-12-14
CMD05942,CL0447,P009,Mar 09 2023,1,866.86,livré,casa,Carte,LIV9,2023-03-14
CMD14377,CL0589,P018,30/03/2024,1,1947.25,DONE,CASABLANCA,Carte,LIV5,2024-04-02
CMD42373,CL0902,P036,2024-01-29,3,66.82,livre,marrakech,Carte,LIV3,
CMD02403,CL0668,P084,Jan 07 2024,2,4122.66,LIVRE,Tnja,Carte,LIV6,2024-01-11
CMD44110,CL0619,P054,Apr 24 2023,-1,920.49,livré,Agadir,Carte,LIV5,2023-04-25
CMD42797,CL0577,P025,Jun 06 2023,5,3908.1,DONE,Agadir,Carte,LIV7,2023-06-09
CMD24707,CL0093,P095,Dec 03 2023,5,1256.06,OK,CASABLANCA,Carte,LIV2,
CMD47784,CL0334,P014,2024-02-15,2,1557.45,retourné,CASABLANCA,Carte,LIV10,2024-02-20
CMD14933,CL0749,P052,Mar 06 2023,3,2250.25,KO,TANGER,Carte,LIV3,
CMD36469,CL0814,P064,03/01/2023,2,51.14,LIVRE,CASABLANCA,Carte,LIV6,2023-01-08
CMD27841,CL0534,P067,May 03 2024,3,4349.15,livré,kech,Carte,LIV2,2024-05-08
CMD40868,CL0293,P036,10/08/2023,1,3154.71,KO,marrakech,Carte,LIV2,
CMD10911,CL0165,P095,May 22 2023,1,1523.88,LIVRE,casa,Carte,,2023-05-26
CMD45580,CL0192,P073,2024-02-16,1,4032.61,DONE,marrakech,Carte,LIV1,2024-02-17
CMD35833,CL0906,P071,29/11/2023,5,446.89,retourné,tanger,Carte,LIV4,2023-11-30
CMD17449,CL0494,P058,Jun 18 2023,2,3274.21,DONE,RBA,Carte,LIV5,2023-06-22
CMD45531,CL0947,P014,15/08/2023,5,3840.69,OK,casa,Carte,LIV8,
CMD21082,CL0585,P047,2024-05-09,3,2223.84,KO,TANGER,Carte,LIV3,
CMD37544,CL0637,P036,Jul 30 2023,2,1825.07,livre,Tnja,Carte,LIV5,
CMD33224,CL0140,P074,15/05/2023,3,0,LIVRE,RBA,Carte,,2023-05-16
CMD48079,CL0267,P072,2023-07-02,4,4129.76,annulé,tanger,Carte,LIV4,
CMD40502,CL0016,P094,Jan 02 2023,5,1862.45,annulé,Tnja,Carte,LIV7,
CMD24631,CL0092,P068,12/12/2023,2,2317.11,DONE,Tnja,Carte,LIV1,2023-12-13
CMD06748,CL0705,P040,12/03/2024,1,1518.36,OK,marrakech,Carte,LIV8,
CMD08479,CL0474,P059,01/09/2023,4,4346.45,OK,kech,Carte,,
CMD04471,CL0894,P005,2023-07-21,4,1812.24,livré,Tnja,Carte,LIV8,2023-07-25
CMD36513,CL0608,P040,2023-11-29,1,1505.11,LIVRE,TANGER,Carte,LIV10,2023-12-01
CMD31692,CL0797,P062,01/11/2023,2,2797.23,annulé,casa,Carte,LIV3,
CMD04541,CL0284,P016,Jan 25 2023,3,3775.69,DONE,tanger,Carte,LIV4,2023-01-27
CMD28450,CL0686,P084,2023-01-19,1,3750.49,en_cours,CASABLANCA,Carte,LIV7,
CMD39343,CL0174,P054,May 17 2023,2,4079.55,livré,kech,Carte,LIV6,2023-05-18
CMD22417,CL0190,P017,Mar 22 2024,3,2370.43,livré,RBA,Carte,LIV3,2024-03-23
CMD13122,CL0139,P078,May 09 2024,4,2873.77,en_cours,marrakech,Carte,LIV10,
CMD09031,CL0034,P015,24/04/2023,3,3880.14,OK,TNG,Carte,LIV5,
CMD45235,CL0538,P061,2023-06-05,1,522.71,livré,CASABLANCA,Carte,LIV8,2023-06-07
CMD23954,CL0509,P061,2023-08-21,2,3499.15,livré,CASABLANCA,Carte,LIV7,2023-08-25
CMD03458,CL0769,P044,04/11/2023,2,573.7,DONE,kech,Carte,LIV4,2023-11-09
CMD38762,CL0388,P071,Apr 16 2024,2,2577.38,OK,Agadir,Carte,LIV8,
CMD25702,CL0126,P027,2023-11-10,4,1504.06,en_cours,casa,Carte,LIV5,
CMD05502,CL0704,P088,24/01/2024,2,485.61,retourné,TANGER,Carte,LIV5,2024-01-28
CMD09285,CL0682,P067,Mar 14 2023,2,572.52,annulé,TNG,Carte,LIV2,
CMD14808,CL0181,P018,2024-03-16,5,1142.37,retourné,casa,Carte,LIV4,2024-03-20
CMD43318,CL0872,P032,Nov 25 2023,2,3540.39,OK,Agadir,Carte,LIV10,
CMD19613,CL0928,P076,Jan 13 2023,3,2370.54,annulé,marrakech,Carte,LIV10,
CMD17180,CL0371,P059,Jan 06 2024,5,4143.1,KO,RBA,Carte,LIV7,
CMD16997,CL0713,P080,2023-07-09,1,2440.42,retourné,CASABLANCA,Carte,LIV4,2023-07-13
CMD29493,CL0404,P057,Sep 23 2023,5,381.32,DONE,casa,Carte,,2023-09-25
CMD26644,CL0215,P032,Aug 25 2023,3,4828.92,LIVRE,Agadir,Carte,LIV4,2023-08-30
CMD16601,CL0118,P057,Feb 23 2023,4,4885.35,DONE,TNG,Carte,LIV1,2023-02-28
CMD43510,CL0337,P027,Aug 30 2023,4,1829.61,DONE,Tnja,Carte,LIV9,2023-09-01
CMD43943,CL0237,P021,2023-11-13,3,4164.28,LIVRE,CASABLANCA,Carte,LIV6,2023-11-16
CMD39191,CL0990,P047,10/02/2023,5,3697.73,retourné,RBA,Carte,LIV10,2023-02-12
CMD29182,CL0315,P043,Jun 07 2023,5,2265.38,livré,kech,Carte,LIV5,2023-06-11
CMD09208,CL0495,P100,Jul 21 2023,1,2311.82,en_cours,tanger,Carte,LIV4,
CMD23828,CL0997,P035,28/02/2023,1,4779.1,livre,Agadir,Carte,LIV1,
CMD40882,CL0026,P035,2023-02-04,3,3964.76,LIVRE,Tnja,Carte,LIV6,2023-02-05
CMD24236,CL0729,P028,2023-12-31,2,771.47,OK,Tnja,Carte,LIV5,
CMD08918,CL0848,P046,2023-12-29,2,982.81,LIVRE,kech,Carte,LIV9,2023-12-31
CMD43070,CL0504,P058,Sep 16 2023,3,3589.83,livré,RBA,Carte,LIV9,2023-09-21
CMD44845,CL0457,P077,16/03/2023,2,0,en_cours,TANGER,Carte,,
CMD03791,CL0497,P029,2023-01-03,1,2925.37,DONE,RBA,Carte,LIV8,2023-01-05
CMD48410,CL0412,P043,2023-02-14,3,1312.35,livré,CASABLANCA,Carte,LIV8,2023-02-19
CMD06253,CL0305,P085,13/06/2023,3,2628.07,livré,Tnja,Carte,LIV6,2023-06-17
CMD20752,CL0368,P075,2023-01-30,2,162.28,annulé,Tnja,Carte,LIV7,
CMD06805,CL0392,P017,2023-08-31,2,4539.15,LIVRE,marrakech,Carte,LIV8,2023-09-05
CMD39496,CL0331,P024,Sep 23 2023,4,3765.49,OK,CASABLANCA,Carte,LIV9,
CMD19359,CL0646,P014,07/04/2024,2,734.76,LIVRE,Tnja,Carte,LIV7,2024-04-08
CMD20887,CL0338,P037,2023-08-29,2,2656.77,DONE,RBA,Carte,LIV4,2023-09-01
CMD04832,CL0125,P081,24/11/2023,1,759.89,livre,kech,Carte,LIV3,
CMD05260,CL0405,P077,13/04/2023,1,455.73,LIVRE,kech,Carte,LIV8,2023-04-16
CMD26223,CL0884,P003,12/12/2023,2,4143.98,livré,Agadir,Carte,,2023-12-16
CMD37331,CL0781,P075,May 09 2023,5,2557.21,livre,TANGER,Carte,LIV8,
CMD04864,CL0666,P036,2023-04-23,5,3147.41,LIVRE,CASABLANCA,Carte,LIV1,2023-04-28
CMD42901,CL0009,P038,Feb 20 2024,1,1884.69,KO,tanger,Carte,LIV9,
CMD33975,CL0797,P093,Aug 30 2023,4,1282.34,en_cours,TNG,Carte,LIV5,
CMD01212,CL0490,P018,2024-04-15,1,4814.07,livré,TNG,Carte,LIV5,2024-04-19
CMD28002,CL0465,P089,28/02/2023,2,3456.37,OK,marrakech,Carte,LIV5,
CMD23607,CL0742,P020,23/02/2023,3,0,LIVRE,kech,Carte,LIV10,2023-02-25
CMD11649,CL0962,P100,Apr 18 2023,2,2613.21,DONE,Agadir,Carte,LIV2,2023-04-21
CMD12251,CL0195,P085,Jun 09 2023,5,4532.56,DONE,marrakech,Carte,LIV3,2023-06-13
CMD38211,CL0134,P035,2024-01-21,1,194.85,livre,casa,Carte,LIV6,
CMD02118,CL0378,P086,2023-09-04,2,1060.33,annulé,TNG,Carte,LIV5,
CMD31515,CL0682,P092,2024-02-10,2,4150.55,retourné,Tnja,Carte,LIV3,2024-02-15
CMD05768,CL0320,P023,2023-08-25,3,4820.71,en_cours,marrakech,Carte,LIV8,
CMD34993,CL0538,P065,27/02/2024,1,1959.48,retourné,kech,Carte,LIV1,2024-02-29
CMD47244,CL0367,P024,2024-04-15,3,538.38,LIVRE,tanger,Carte,LIV9,2024-04-20
CMD04317,CL0183,P009,2023-04-01,5,3048.76,OK,tanger,Carte,LIV10,
CMD36190,CL0791,P056,30/04/2024,4,2653.93,en_cours,TANGER,Carte,LIV8,
CMD23772,CL0164,P062,Mar 02 2023,1,648.49,livré,CASABLANCA,Carte,LIV6,2023-03-04
CMD09376,CL0608,P039,Aug 17 2023,3,4332.18,livré,marrakech,Carte,LIV6,2023-08-20
CMD33758,CL0293,P084,2023-01-30,1,2937.66,livre,Agadir,Carte,LIV6,
CMD14732,CL0425,P005,29/10/2023,2,2039.23,LIVRE,tanger,Carte,LIV1,2023-11-03
CMD16026,CL0041,P008,09/12/2023,4,3716.59,OK,marrakech,Carte,LIV2,
CMD29416,CL0033,P036,Feb 19 2023,3,3458.64,livré,CASABLANCA,Carte,,2023-02-20
CMD26427,CL0898,P089,24/01/2023,3,1203.46,livre,TNG,Carte,LIV7,
CMD38250,CL0635,P059,Aug 13 2023,1,1324.06,DONE,CASABLANCA,Carte,LIV10,2023-08-14
CMD26181,CL0562,P032,2023-04-02,1,1767.63,OK,casa,Carte,LIV10,
CMD01989,CL0616,P003,2023-04-21,1,3653.68,livré,TANGER,Carte,LIV5,2023-04-23
CMD27676,CL0532,P056,2023-01-28,3,3767.67,DONE,Tnja,Carte,,2023-01-31
CMD31460,CL0176,P029,2023-07-27,4,4000.3,DONE,casa,Carte,LIV8,2023-07-29
CMD27884,CL0129,P090,Mar 03 2024,1,1566.25,livré,kech,Carte,LIV5,2024-03-08
CMD17718,CL0993,P069,Jun 30 2023,2,4543.45,livré,kech,Carte,LIV10,2023-07-05
CMD31038,CL0715,P033,12/03/2024,4,751.01,DONE,TNG,Carte,LIV3,2024-03-13
CMD14209,CL0251,P077,21/09/2023,4,1761.51,DONE,marrakech,Carte,LIV10,2023-09-22
CMD23728,CL0134,P042,Jun 12 2023,1,1216.62,annulé,TANGER,Carte,,
CMD10419,CL0414,P015,21/08/2023,3,891.88,livré,CASABLANCA,Carte,LIV4,2023-08-26
CMD03011,CL0334,P027,26/12/2023,4,3356.07,retourné,tanger,Carte,LIV2,2023-12-28
CMD16307,CL0433,P012,31/01/2023,3,1703.57,retourné,marrakech,Carte,LIV2,2023-02-03
CMD19246,CL0191,P091,2023-09-28,1,1757.09,livré,marrakech,Carte,LIV6,2023-09-30
CMD03947,CL0585,P071,19/06/2023,4,180.89,retourné,tanger,Carte,LIV4,2023-06-22
CMD36958,CL0685,P051,2023-01-11,2,2951.52,OK,casa,Carte,LIV9,
CMD31701,CL0440,P028,10/02/2024,4,1852.28,livré,marrakech,Carte,LIV1,2024-02-13
CMD45357,CL0522,P064,16/05/2023,4,2369.83,DONE,TANGER,Carte,LIV3,2023-05-21
CMD18768,CL0551,P088,Jul 07 2023,5,3127.57,livré,Agadir,Carte,LIV6,2023-07-09
CMD35755,CL0427,P084,2023-04-29,2,928.49,KO,Tnja,Carte,LIV7,
CMD06823,CL0991,P053,Aug 17 2023,2,1756.02,OK,tanger,Carte,LIV7,
CMD27811,CL0480,P074,04/06/2023,3,3409.65,retourné,kech,Carte,LIV1,2023-06-06
CMD35659,CL0007,P071,Sep 27 2023,5,4202.68,en_cours,Agadir,Carte,LIV10,
CMD07560,CL0796,P030,2023-02-02,3,3131.78,KO,TNG,Carte,LIV7,
CMD17757,CL0197,P074,09/06/2023,4,3053.96,OK,TANGER,Carte,LIV4,
CMD46065,CL0691,P060,2023-09-28,3,3793.67,LIVRE,CASABLANCA,Carte,LIV5,2023-09-30
CMD37890,CL0241,P008,23/08/2023,4,722.1,retourné,TANGER,Carte,LIV1,2023-08-26
CMD16562,CL0053,P072,Dec 24 2023,1,2003.05,livré,TNG,Carte,LIV1,2023-12-26
CMD07810,CL0650,P087,14/06/2023,3,3947.63,DONE,Agadir,Carte,LIV3,2023-06-16
CMD47711,CL0974,P093,2024-01-06,1,512.29,annulé,CASABLANCA,Carte,LIV6,
CMD40464,CL0928,P088,2023-11-20,1,3509.18,OK,RBA,Carte,LIV2,
CMD28408,CL0112,P017,12/03/2024,3,4418.75,livré,Agadir,Carte,LIV2,2024-03-16
CMD12420,CL0203,P052,17/09/2023,-1,1373.99,OK,TANGER,Carte,LIV3,
CMD01347,CL0619,P011,26/01/2023,2,1315.46,livre,casa,Carte,LIV5,
CMD20101,CL0274,P059,Mar 27 2024,3,352.78,OK,marrakech,Carte,LIV7,
CMD06549,CL0352,P047,2023-01-13,2,2469.92,en_cours,CASABLANCA,Carte,LIV9,
CMD47443,CL0916,P081,04/04/2023,1,230.68,LIVRE,TNG,Carte,LIV7,2023-04-05
CMD43445,CL0665,P021,26/04/2024,2,4156.36,OK,Agadir,Carte,LIV6,
CMD17503,CL0328,P079,2023-07-19,1,4391.23,livré,Agadir,Carte,LIV8,2023-07-22
CMD44522,CL0136,P013,Jun 02 2023,3,3649.81,LIVRE,RBA,Carte,LIV7,2023-06-03
CMD04270,CL0888,P056,Feb 13 2024,2,3551.74,DONE,TANGER,Carte,LIV5,2024-02-16
CMD14145,CL0953,P029,24/12/2023,1,3054.35,KO,Tnja,Carte,LIV9,
CMD01247,CL0084,P066,2023-07-09,2,1073.1,livré,CASABLANCA,Carte,LIV1,2023-07-10
CMD00733,CL0905,P007,04/02/2024,3,256.51,KO,CASABLANCA,Carte,LIV2,
CMD41720,CL0037,P019,29/04/2024,1,2650.64,en_cours,TNG,Carte,LIV2,
CMD04801,CL0819,P081,11/02/2023,1,4607.63,OK,RBA,Carte,LIV1,
CMD34043,CL0406,P052,2023-03-02,1,3369.14,annulé,casa,Carte,LIV5,
CMD12910,CL0454,P088,2023-09-26,4,4812.7,annulé,TANGER,Carte,LIV10,
CMD48096,CL0218,P076,Nov 10 2023,2,2129.7,OK,tanger,Carte,LIV10,
CMD43094,CL0842,P004,Apr 28 2023,2,4527.28,LIVRE,tanger,Carte,LIV6,2023-05-02
CMD27645,CL0805,P056,24/01/2023,3,4682.36,livre,TANGER,Carte,LIV8,
CMD39380,CL0938,P050,2023-08-23,3,1451.11,DONE,TANGER,Carte,LIV10,2023-08-27
CMD29437,CL0389,P033,Dec 24 2023,5,3302.14,annulé,tanger,Carte,LIV10,
CMD20348,CL0977,P010,26/03/2023,1,4317.05,KO,CASABLANCA,Carte,LIV10,
CMD21811,CL0891,P003,2023-12-25,5,3053.41,livré,TANGER,Carte,LIV2,2023-12-29
CMD26218,CL0095,P083,2023-04-23,5,2981.1,livré,casa,Carte,,2023-04-24
CMD41187,CL0580,P037,2023-10-23,4,2870.25,retourné,marrakech,Carte,LIV6,2023-10-24
CMD03064,CL0379,P059,Dec 02 2023,3,1528.8,livre,Agadir,Carte,LIV8,
CMD18204,CL0142,P097,07/06/2023,4,2938.27,OK,TANGER,Carte,LIV2,
CMD39768,CL0424,P034,May 26 2023,1,1948.9,KO,TANGER,Carte,LIV7,
CMD38301,CL0975,P017,24/11/2023,3,550.72,LIVRE,Agadir,Carte,,2023-11-26
CMD31993,CL0173,P024,2023-12-30,3,2565.12,livre,marrakech,Carte,LIV6,
CMD23054,CL0841,P002,Sep 24 2023,2,4873.96,DONE,tanger,Carte,LIV3,2023-09-27
CMD16846,CL0850,P059,2023-11-22,2,1539.24,livré,marrakech,Carte,LIV4,2023-11-27
CMD47300,CL0502,P011,2023-11-24,1,456.33,annulé,marrakech,Carte,LIV5,
CMD42175,CL0617,P026,13/03/2024,4,3593.37,annulé,kech,Carte,,
CMD10453,CL0632,P045,Mar 25 2024,4,2808.08,KO,Agadir,Carte,LIV9,
CMD45293,CL0321,P029,2023-03-03,1,2498.05,livré,marrakech,Carte,LIV6,2023-03-04
CMD14336,CL0462,P096,2023-09-08,3,4125.34,livré,TNG,Carte,LIV5,2023-09-13
CMD19204,CL0142,P045,12/10/2023,3,2050.23,livré,TANGER,Carte,LIV1,2023-10-15
CMD27682,CL0606,P006,May 06 2024,4,2752.61,DONE,RBA,Carte,,2024-05-07
CMD45146,CL0224,P090,2023-05-20,1,2693.68,LIVRE,Agadir,Carte,LIV7,2023-05-21
CMD28946,CL0288,P015,10/01/2023,5,4860.96,annulé,Agadir,Carte,LIV9,
CMD34528,CL0981,P021,01/12/2023,4,385.26,annulé,Agadir,Carte,LIV4,
CMD09322,CL0570,P011,Jan 26 2023,5,3166.19,KO,kech,Carte,LIV1,
CMD41148,CL0482,P064,2023-12-03,5,2231.3,livré,TNG,Carte,LIV2,2023-12-07
CMD18156,CL0583,P022,07/04/2023,5,2666.89,LIVRE,Tnja,Carte,LIV6,2023-04-11
CMD03293,CL0027,P003,Apr 30 2024,4,330.58,livré,casa,Carte,LIV6,2024-05-05
CMD14285,CL0385,P065,02/04/2024,5,3560.94,livré,TNG,Carte,LIV9,2024-04-04
CMD08008,CL0085,P075,Feb 26 2024,3,3130.17,retourné,Tnja,Carte,LIV7,2024-02-27
CMD05564,CL0259,P044,15/03/2024,1,2516.95,OK,Tnja,Carte,LIV1,
CMD27625,CL0810,P009,2023-11-11,4,1294.77,livré,TNG,Carte,LIV6,2023-11-16
CMD37622,CL0577,P035,Apr 11 2024,2,1218.9,retourné,TNG,Carte,LIV5,2024-04-12
CMD05500,CL0093,P058,2024-03-15,5,2324.04,DONE,TNG,Carte,LIV3,2024-03-17
CMD35535,CL0377,P092,2023-01-05,1,2596.74,livré,kech,Carte,LIV5,2023-01-10
CMD23680,CL0201,P094,03/04/2023,2,2696.9,OK,RBA,Carte,LIV2,
CMD40427,CL0326,P026,Aug 06 2023,1,2283.05,LIVRE,Tnja,Carte,LIV6,2023-08-09
CMD01882,CL0055,P067,28/08/2023,2,4077.16,livré,marrakech,Carte,LIV1,2023-08-29
CMD45372,CL0912,P028,20/02/2023,2,417.23,livré,CASABLANCA,Carte,LIV8,2023-02-25
CMD29246,CL0738,P011,16/04/2023,2,1385.09,OK,CASABLANCA,Carte,LIV8,
CMD35413,CL0160,P060,Feb 04 2023,1,209.7,livre,tanger,Carte,LIV5,
CMD05010,CL0419,P084,03/01/2023,5,3188.66,DONE,CASABLANCA,Carte,LIV2,2023-01-07
CMD35973,CL0893,P031,12/12/2023,2,1548.85,annulé,Tnja,Carte,LIV9,
CMD34385,CL0077,P032,Oct 25 2023,1,4978.88,livré,Tnja,Carte,LIV4,2023-10-30
CMD05087,CL0467,P074,03/04/2023,5,2158.54,DONE,kech,Carte,LIV9,2023-04-07
CMD11062,CL0386,P092,Apr 10 2024,5,2186.92,livré,Tnja,Carte,LIV10,2024-04-13
CMD21982,CL0926,P035,Mar 28 2024,3,2336.9,retourné,Tnja,Carte,LIV2,2024-03-30
CMD09125,CL0143,P044,2023-11-08,3,1618.18,livré,RBA,Carte,LIV3,2023-11-10
CMD02824,CL0410,P028,Apr 18 2023,2,1430.26,livre,CASABLANCA,Carte,LIV4,
CMD36430,CL0920,P062,Mar 13 2023,4,3194.12,en_cours,tanger,Carte,LIV1,
CMD47132,CL0535,P034,2023-12-18,1,2093.02,retourné,TNG,Carte,LIV8,2023-12-22
CMD11218,CL0599,P011,16/12/2023,5,430.9,livré,Agadir,Carte,LIV9,2023-12-18
CMD42432,CL0075,P073,2023-05-28,1,1769.85,livré,Tnja,Carte,,2023-06-02
CMD41512,CL0056,P009,2023-12-14,2,4022.23,annulé,Tnja,Carte,LIV1,
CMD10105,CL0426,P017,Mar 29 2024,5,3684.27,OK,kech,Carte,LIV10,
CMD10212,CL0524,P002,Jan 02 2023,5,342.19,retourné,TNG,Carte,LIV7,2023-01-07
CMD28154,CL0265,P034,Feb 22 2024,5,4855.79,livré,TANGER,Carte,LIV10,2024-02-26
CMD32734,CL0059,P011,25/02/2023,3,4376.86,livre,TNG,Carte,LIV6,
CMD41838,CL0044,P011,2023-01-01,1,2112.32,LIVRE,RBA,Carte,LIV10,2023-01-03
CMD09949,CL0685,P002,02/06/2023,1,2622.36,OK,tanger,Carte,LIV3,
CMD02298,CL0822,P058,08/05/2024,5,2302.23,en_cours,RBA,Carte,LIV1,
CMD28985,CL0460,P073,09/05/2024,3,749.46,livré,TNG,Carte,LIV6,2024-05-12
CMD09374,CL0167,P031,2023-10-09,5,4665.86,livre,TANGER,Carte,LIV8,
CMD42214,CL0926,P001,24/03/2024,3,803.55,retourné,Tnja,Carte,LIV2,2024-03-25
CMD26997,CL0712,P096,13/01/2023,4,726.04,livré,kech,Carte,LIV3,2023-01-14
CMD18311,CL0204,P016,May 30 2023,1,4577.56,DONE,tanger,Carte,LIV1,2023-06-02
CMD06585,CL0079,P040,2023-08-24,3,823.59,DONE,RBA,Carte,LIV10,2023-08-29
CMD47665,CL0140,P084,25/11/2023,4,2068.21,annulé,casa,Carte,LIV5,
CMD36524,CL0956,P035,2023-07-19,2,2811.78,en_cours,casa,Carte,LIV1,
CMD34432,CL0241,P058,2024-02-12,5,4238.31,livré,tanger,Carte,LIV3,2024-02-16
CMD26835,CL0357,P012,Oct 04 2023,3,4648.4,livré,casa,Carte,LIV2,2023-10-06
CMD05136,CL0662,P088,2024-01-25,5,3487.78,DONE,TNG,Carte,LIV9,2024-01-27
CMD14270,CL0109,P098,Jan 03 2024,4,806.35,en_cours,Agadir,Carte,LIV6,
CMD15478,CL0705,P074,2023-10-14,3,2481.38,en_cours,CASABLANCA,Carte,LIV2,
CMD06827,CL0509,P002,18/02/2023,1,4613.0,livré,casa,Carte,LIV10,2023-02-22
CMD15330,CL0854,P046,Jan 11 2024,4,1695.07,annulé,tanger,Carte,LIV8,
CMD23965,CL0112,P089,18/08/2023,3,1659.37,retourné,TANGER,Carte,LIV1,2023-08-20
CMD25092,CL0930,P082,2023-08-30,1,1003.34,livré,TNG,Carte,LIV3,2023-09-01
CMD32501,CL0697,P039,2023-07-30,5,390.42,annulé,marrakech,Carte,LIV3,
CMD00149,CL0062,P043,04/12/2023,3,3528.66,OK,marrakech,Carte,LIV4,
CMD31498,CL0111,P007,11/05/2024,5,2188.6,KO,Tnja,Carte,LIV8,
CMD45632,CL0467,P057,2023-03-30,5,3348.51,livré,TANGER,Carte,LIV3,2023-04-01
CMD41146,CL0006,P044,2023-03-14,4,3097.49,livré,CASABLANCA,Carte,LIV10,2023-03-16
CMD05154,CL0782,P096,11/04/2024,2,1663.64,LIVRE,casa,Carte,LIV10,2024-04-15
CMD16449,CL0152,P030,22/04/2024,1,2051.86,retourné,CASABLANCA,Carte,LIV8,2024-04-25
CMD44716,CL0989,P090,11/04/2023,4,1408.66,OK,TNG,Carte,LIV9,
CMD10949,CL0934,P080,Feb 22 2024,3,2583.19,OK,tanger,Carte,LIV6,
CMD24482,CL0541,P025,Apr 09 2023,3,306.06,KO,tanger,Carte,LIV9,
CMD16137,CL0497,P055,Feb 17 2023,2,1089.08,retourné,Tnja,Carte,LIV6,2023-02-19
CMD26983,CL0667,P015,2024-05-06,4,4877.78,KO,tanger,Carte,LIV6,
CMD26124,CL0205,P007,2023-02-03,2,2604.83,DONE,RBA,Carte,LIV10,2023-02-04
CMD48100,CL0636,P073,27/02/2024,4,3157.05,KO,casa,Carte,LIV6,
CMD40642,CL0277,P092,May 05 2023,5,3142.25,livré,TNG,Carte,LIV7,2023-05-09
CMD08306,CL0868,P006,Mar 11 2023,2,3312.01,livre,TNG,Carte,LIV1,
CMD47087,CL0141,P083,01/04/2024,1,3164.73,annulé,kech,Carte,LIV9,
CMD29541,CL0772,P079,26/01/2023,3,4130.57,livré,CASABLANCA,Carte,LIV10,2023-01-28
CMD06531,CL0712,P047,04/05/2023,2,3828.48,OK,kech,Carte,LIV9,
CMD32706,CL0713,P063,Jul 28 2023,4,774.39,livré,tanger,Carte,LIV2,2023-07-30
CMD22862,CL0815,P030,2024-04-19,2,3772.23,DONE,marrakech,Carte,LIV8,2024-04-20
CMD31104,CL0846,P059,2024-05-10,1,3195.05,annulé,TNG,Carte,,
CMD29668,CL0326,P035,Sep 10 2023,1,2737.7,livré,RBA,Carte,LIV9,2023-09-13
CMD16922,CL0452,P026,16/03/2023,2,1406.13,annulé,TNG,Carte,LIV4,
CMD25126,CL0317,P052,28/02/2024,2,558.05,OK,marrakech,Carte,,
CMD44132,CL0753,P078,2024-03-21,4,3930.19,DONE,tanger,Carte,LIV5,2024-03-25
CMD28904,CL0679,P055,29/01/2023,1,1105.84,en_cours,casa,Carte,LIV8,
CMD30643,CL0159,P007,Feb 13 2023,4,4021.05,livré,kech,Carte,LIV3,2023-02-14
CMD37072,CL0801,P060,18/04/2023,5,278.5,livré,TNG,Carte,LIV10,2023-04-23
CMD08933,CL0639,P092,Dec 14 2023,5,2200.2,KO,TANGER,Carte,LIV5,
CMD12566,CL0985,P015,02/09/2023,2,1865.89,LIVRE,CASABLANCA,Carte,LIV5,2023-09-03
CMD31016,CL0510,P029,2023-04-05,2,319.47,livré,RBA,Carte,LIV6,2023-04-07
CMD16679,CL0753,P088,Jul 09 2023,1,3473.1,livré,CASABLANCA,Carte,LIV8,2023-07-12
CMD18440,CL0292,P028,Nov 17 2023,2,3017.61,retourné,marrakech,Carte,LIV7,2023-11-18
CMD31852,CL0192,P027,2023-01-26,2,128.52,KO,Tnja,Carte,,
CMD15523,CL0913,P049,2024-03-30,4,2142.61,livré,Agadir,Carte,LIV3,2024-03-31
CMD17887,CL0861,P047,2023-10-06,3,1073.61,KO,casa,Carte,LIV6,
CMD11209,CL0765,P097,2023-07-24,3,3658.73,LIVRE,RBA,Carte,LIV9,2023-07-28
CMD13395,CL0320,P012,23/01/2024,4,3139.77,livré,casa,Carte,LIV8,2024-01-24
CMD46912,CL0913,P033,Jan 05 2024,3,4691.38,KO,Tnja,Carte,LIV4,
CMD34433,CL0666,P021,Apr 22 2023,5,2987.3,OK,Tnja,Carte,LIV4,
CMD23759,CL0345,P085,Oct 29 2023,3,3632.38,livré,CASABLANCA,Carte,LIV2,2023-10-31
CMD26458,CL0318,P082,27/10/2023,5,4918.78,en_cours,RBA,Carte,LIV5,
CMD16025,CL0238,P027,2023-02-05,4,2523.89,retourné,casa,Carte,LIV6,2023-02-07
CMD22676,CL0010,P040,Feb 21 2024,4,3230.34,KO,tanger,Carte,LIV7,
CMD32595,CL0309,P075,10/10/2023,5,4722.76,DONE,marrakech,Carte,,2023-10-13
CMD28841,CL0313,P096,27/06/2023,3,3419.36,livre,marrakech,Carte,LIV5,
CMD18970,CL0403,P020,13/01/2023,5,470.94,annulé,marrakech,Carte,LIV2,
CMD03375,CL0847,P073,2023-08-09,4,1798.51,en_cours,tanger,Carte,LIV7,
CMD02489,CL0980,P026,04/02/2024,3,1236.64,en_cours,kech,Carte,LIV5,
CMD30058,CL0812,P018,14/05/2024,2,4125.62,en_cours,marrakech,Carte,LIV2,
CMD19967,CL0232,P088,03/11/2023,1,3706.62,annulé,RBA,Carte,LIV2,
CMD41098,CL0603,P066,26/03/2024,3,4079.79,livre,CASABLANCA,Carte,LIV6,
CMD47735,CL0106,P020,14/08/2023,5,716.02,LIVRE,marrakech,Carte,LIV6,2023-08-18
CMD36801,CL0272,P070,14/07/2023,1,0,OK,Tnja,Carte,LIV4,
CMD06874,CL0417,P041,2023-12-15,1,843.11,DONE,Tnja,Carte,LIV7,2023-12-19
CMD18586,CL0016,P046,Apr 05 2023,3,3956.72,DONE,TNG,Carte,LIV4,2023-04-06
CMD23022,CL0880,P022,Jan 19 2024,2,3515.45,en_cours,tanger,Carte,LIV7,
CMD14834,CL0192,P040,Jun 11 2023,2,874.04,annulé,kech,Carte,LIV10,
CMD40456,CL0050,P041,24/01/2024,3,4951.1,annulé,marrakech,Carte,,
CMD04213,CL0003,P018,23/06/2023,4,1229.41,livré,CASABLANCA,Carte,LIV3,2023-06-28
CMD00098,CL0208,P060,Mar 05 2024,2,2307.44,livré,RBA,Carte,LIV8,2024-03-09
CMD12800,CL0955,P084,28/10/2023,2,3791.2,LIVRE,Agadir,Carte,LIV6,2023-11-02
CMD30447,CL0137,P075,13/03/2024,4,3687.83,en_cours,CASABLANCA,Carte,LIV4,
CMD38578,CL0148,P046,2023-12-21,2,130.07,LIVRE,tanger,Carte,LIV10,2023-12-25
CMD46796,CL0642,P096,2024-05-15,4,1581.83,livre,casa,Carte,LIV8,
CMD27520,CL0695,P095,2023-11-07,4,3672.0,livre,marrakech,Carte,LIV7,
CMD28660,CL0658,P094,22/02/2023,1,2465.4,KO,tanger,Carte,LIV4,
CMD09417,CL0732,P081,Mar 17 2023,2,3046.26,LIVRE,Tnja,Carte,LIV5,2023-03-20
CMD31802,CL0187,P048,2023-02-08,2,3541.4,retourné,marrakech,Carte,LIV7,2023-02-11
CMD35331,CL0609,P066,May 10 2024,1,1723.73,livré,Tnja,Carte,LIV2,2024-05-15
CMD47638,CL0936,P053,Jan 09 2023,3,3551.72,KO,Tnja,Carte,LIV5,
CMD02770,CL0145,P028,May 17 2023,1,3991.51,OK,TNG,Carte,LIV10,
CMD19734,CL0710,P019,Dec 27 2023,5,4856.33,livré,CASABLANCA,Carte,LIV8,2023-12-29
CMD25121,CL0316,P005,Jan 15 2024,4,1436.9,DONE,kech,Carte,LIV2,2024-01-17
CMD34962,CL0448,P092,11/05/2023,1,1603.18,livré,TNG,Carte,,2023-05-14
CMD08881,CL0197,P009,25/12/2023,5,2798.52,livre,RBA,Carte,LIV4,
CMD41981,CL0492,P095,2023-12-20,1,494.71,retourné,tanger,Carte,LIV4,2023-12-25
CMD00265,CL0241,P100,2024-04-18,3,3676.54,livré,TNG,Carte,LIV10,2024-04-19
CMD18889,CL0717,P076,2024-04-20,2,1325.63,livré,RBA,Carte,LIV6,2024-04-25
CMD21925,CL0240,P038,18/11/2023,1,965.05,livré,casa,Carte,LIV6,2023-11-19
CMD30047,CL0379,P057,Feb 27 2023,2,1226.66,LIVRE,Tnja,Carte,LIV4,2023-03-01
CMD05060,CL0833,P024,May 10 2024,1,4269.37,DONE,TANGER,Carte,LIV7,2024-05-13
CMD01464,CL0292,P049,2023-06-14,5,4253.98,livré,RBA,Carte,LIV4,2023-06-16
CMD13396,CL0689,P076,2024-01-27,3,4391.73,retourné,Tnja,Carte,LIV7,2024-01-31
CMD03380,CL0031,P058,2024-02-10,5,3450.13,annulé,TANGER,Carte,LIV3,
CMD18437,CL0403,P067,Apr 23 2023,5,1544.8,annulé,marrakech,Carte,LIV9,
CMD01203,CL0595,P072,2023-12-09,5,3266.05,KO,Agadir,Carte,LIV5,
CMD28072,CL0752,P051,2024-03-18,2,2661.87,KO,TNG,Carte,LIV9,
CMD04280,CL0943,P039,01/03/2024,5,4532.01,livré,CASABLANCA,Carte,LIV1,2024-03-06
CMD25507,CL0148,P051,2023-06-15,1,4385.42,OK,Tnja,Carte,LIV8,
CMD08861,CL0815,P029,28/02/2023,1,1527.33,livre,Agadir,Carte,LIV2,
CMD33027,CL0892,P081,Nov 17 2023,5,336.06,DONE,RBA,Carte,LIV10,2023-11-22
CMD31666,CL0009,P086,2023-07-20,5,3425.1,livré,TANGER,Carte,LIV1,2023-07-24
CMD19801,CL0584,P018,09/11/2023,2,102.14,KO,RBA,Carte,LIV5,
CMD11636,CL0844,P057,Apr 26 2023,1,4277.52,LIVRE,casa,Carte,LIV9,2023-04-28
CMD23474,CL0473,P079,18/01/2024,1,2519.04,OK,tanger,Carte,LIV6,
CMD26411,CL0423,P092,08/03/2024,2,2163.41,retourné,tanger,Carte,LIV1,2024-03-13
CMD43935,CL0895,P096,Aug 29 2023,5,4023.35,retourné,Agadir,Carte,LIV7,2023-08-30
CMD29438,CL0975,P100,07/01/2024,4,2121.21,retourné,TNG,Carte,LIV8,2024-01-08
CMD21444,CL0504,P070,08/08/2023,5,372.11,OK,Agadir,Carte,LIV4,
CMD34860,CL0918,P089,14/02/2023,2,1021.69,livré,casa,Carte,,2023-02-19
CMD27267,CL0006,P003,2023-05-27,3,4660.69,annulé,marrakech,Carte,LIV4,
CMD07580,CL0276,P057,Feb 24 2023,1,4522.64,livré,casa,Carte,LIV1,2023-03-01
CMD09262,CL0518,P090,11/05/2024,4,1978.5,retourné,TANGER,Carte,LIV10,2024-05-12
CMD14997,CL0041,P042,2023-11-21,2,4395.76,livré,TNG,Carte,LIV7,2023-11-24
CMD47064,CL0578,P040,07/02/2024,2,3352.81,en_cours,TANGER,Carte,LIV8,
CMD26986,CL0376,P092,16/06/2023,1,4559.38,en_cours,kech,Carte,LIV6,
CMD38772,CL0212,P007,2023-04-28,4,711.55,livré,CASABLANCA,Carte,LIV5,2023-05-02
CMD40350,CL0404,P064,2023-10-09,1,2267.02,livré,Agadir,Carte,LIV2,2023-10-10
CMD00602,CL0920,P020,Oct 07 2023,5,4340.13,KO,RBA,Carte,LIV7,
CMD32737,CL0760,P063,2024-01-27,3,3030.42,retourné,Tnja,Carte,,2024-02-01
CMD09760,CL0026,P040,2024-04-25,5,1504.83,retourné,casa,Carte,LIV2,2024-04-28
CMD26290,CL0176,P085,Feb 26 2023,1,1285.95,livré,marrakech,Carte,LIV3,2023-02-27
CMD22321,CL0519,P072,Dec 28 2023,5,3522.65,livre,casa,Carte,LIV1,
CMD35848,CL0776,P018,2023-02-28,5,1427.06,KO,RBA,Carte,LIV1,
CMD44415,CL0794,P059,Jun 25 2023,5,3958.05,livré,tanger,Carte,LIV8,2023-06-29
CMD27632,CL0368,P097,2023-02-14,5,1064.84,annulé,RBA,Carte,LIV6,
CMD48143,CL0890,P036,28/06/2023,5,2216.87,livré,Agadir,Carte,LIV2,2023-07-01
CMD36097,CL0382,P094,19/01/2023,2,4301.08,livré,TNG,Carte,LIV6,2023-01-23
CMD25434,CL0782,P074,2024-03-26,1,310.42,retourné,tanger,Carte,LIV1,2024-03-31
CMD07436,CL0954,P043,2023-04-25,3,2335.45,retourné,TANGER,Carte,LIV5,2023-04-29
CMD30974,CL0642,P059,Oct 23 2023,5,2071.87,livré,casa,Carte,LIV5,2023-10-27
CMD30039,CL0628,P089,2024-04-04,1,0,DONE,marrakech,Carte,LIV1,2024-04-05
CMD08387,CL0899,P068,2023-03-02,4,4575.49,retourné,Agadir,Carte,LIV9,2023-03-06
CMD21821,CL0044,P077,May 13 2024,3,4844.2,annulé,CASABLANCA,Carte,LIV7,
CMD33400,CL0184,P060,2023-06-02,3,2606.31,livré,marrakech,Carte,LIV9,2023-06-06
CMD22095,CL0027,P041,Apr 20 2024,2,3163.79,retourné,RBA,Carte,LIV3,2024-04-23
CMD33146,CL0439,P040,Nov 21 2023,4,3455.9,KO,marrakech,Carte,LIV3,
CMD03100,CL0988,P029,Feb 01 2024,5,590.99,livre,casa,Carte,LIV9,
CMD24279,CL0035,P082,2024-01-22,5,990.32,KO,kech,Carte,LIV5,
CMD30541,CL0184,P032,2023-02-24,3,705.11,en_cours,CASABLANCA,Carte,LIV2,
CMD00893,CL0580,P067,30/06/2023,2,2551.63,livré,Tnja,Carte,LIV8,2023-07-04
CMD15952,CL0037,P089,2023-04-28,2,3107.78,KO,RBA,Carte,LIV3,
CMD01484,CL0743,P093,05/05/2024,2,810.85,KO,TNG,Carte,LIV6,
CMD07529,CL0986,P072,2023-12-02,1,3953.24,LIVRE,RBA,Carte,LIV2,2023-12-03
CMD00291,CL0780,P081,01/03/2024,4,2197.55,annulé,RBA,Carte,LIV2,
CMD21379,CL0620,P077,Oct 04 2023,5,4339.43,DONE,casa,Carte,LIV1,2023-10-06
CMD36327,CL0565,P100,2023-02-06,4,1954.49,KO,RBA,Carte,LIV9,
CMD16681,CL0503,P048,Aug 12 2023,2,3481.28,livré,RBA,Carte,LIV4,2023-08-13
CMD28309,CL0122,P032,2023-06-14,5,4804.0,DONE,TANGER,Carte,LIV1,2023-06-17
CMD07174,CL0648,P004,19/10/2023,4,2842.47,DONE,casa,Carte,LIV1,2023-10-24
CMD39874,CL0327,P071,27/04/2023,1,281.55,retourné,TNG,Carte,LIV3,2023-05-02
CMD31244,CL0541,P043,2023-06-10,3,977.16,annulé,casa,Carte,LIV1,
CMD18207,CL0451,P061,2024-02-24,4,4264.29,annulé,RBA,Carte,LIV9,
CMD34327,CL0405,P083,2023-07-30,2,3282.35,retourné,kech,Carte,LIV6,2023-08-04
CMD09236,CL0875,P022,23/03/2024,3,3859.85,livré,CASABLANCA,Carte,LIV1,2024-03-24
CMD36779,CL0093,P070,04/11/2023,4,430.03,livré,Agadir,Carte,LIV5,2023-11-08
CMD41093,CL0825,P012,Aug 14 2023,1,1026.74,KO,kech,Carte,LIV3,
CMD04521,CL0916,P027,29/04/2024,3,4044.61,DONE,Tnja,Carte,LIV10,2024-05-02
CMD38005,CL0044,P027,2023-04-17,5,2444.55,KO,TNG,Carte,LIV8,
CMD34470,CL0223,P081,Aug 15 2023,1,1456.57,LIVRE,marrakech,Carte,LIV10,2023-08-16
CMD01537,CL0070,P079,2023-09-13,2,3629.13,annulé,kech,Carte,,
CMD20016,CL0353,P065,2023-03-21,1,237.8,DONE,RBA,Carte,LIV10,2023-03-23
CMD17791,CL0745,P001,Jan 22 2023,1,2978.66,LIVRE,kech,Carte,LIV3,2023-01-23
CMD04526,CL0738,P055,31/03/2023,1,3249.22,en_cours,TANGER,Carte,LIV5,
CMD19637,CL0772,P039,Nov 08 2023,3,3579.31,livré,kech,Carte,LIV6,2023-11-12
CMD28936,CL0988,P003,Apr 03 2023,1,155.39,annulé,RBA,Carte,LIV2,
CMD43484,CL0686,P082,18/09/2023,1,283.0,retourné,casa,Carte,LIV9,2023-09-20
CMD15436,CL0632,P044,15/01/2023,3,759.67,LIVRE,tanger,Carte,LIV6,2023-01-20
CMD24610,CL0381,P036,15/04/2023,2,3284.73,annulé,Agadir,Carte,LIV10,
CMD06219,CL0326,P098,Sep 08 2023,3,577.56,livré,Agadir,Carte,LIV3,2023-09-11
CMD06885,CL0379,P022,May 28 2023,1,3936.71,annulé,TNG,Carte,LIV3,
CMD13402,CL0987,P100,Feb 19 2023,4,1597.1,livré,casa,Carte,LIV8,2023-02-22
CMD27013,CL0647,P071,28/01/2023,2,1123.08,en_cours,casa,Carte,LIV3,
CMD07846,CL0818,P095,2023-01-21,1,3996.38,DONE,marrakech,Carte,LIV7,2023-01-22
CMD17385,CL0031,P009,2023-07-26,5,882.31,annulé,kech,Carte,LIV3,
CMD15011,CL0429,P050,15/03/2023,5,3607.52,annulé,RBA,Carte,LIV9,
CMD00451,CL0330,P012,2023-06-19,4,1493.31,livré,RBA,Carte,LIV4,2023-06-21
CMD20216,CL0933,P084,Apr 30 2023,1,706.94,livré,kech,Carte,LIV7,2023-05-05
CMD32968,CL0875,P012,May 02 2024,2,2420.24,annulé,RBA,Carte,LIV6,
CMD29043,CL0914,P080,2024-03-12,4,3092.55,livré,TANGER,Carte,LIV3,2024-03-16
CMD23208,CL0308,P045,Aug 25 2023,2,1858.57,livré,CASABLANCA,Carte,LIV6,2023-08-28
CMD14380,CL0544,P029,07/06/2023,4,3990.91,livré,TANGER,Carte,,2023-06-09
CMD42391,CL0348,P067,27/11/2023,2,3422.7,DONE,TNG,Carte,LIV3,2023-11-29
CMD04029,CL0356,P013,2023-08-17,5,164.2,OK,Tnja,Carte,LIV9,
CMD11395,CL0890,P077,Oct 25 2023,3,1685.9,en_cours,TNG,Carte,LIV7,
CMD10705,CL0217,P014,25/04/2023,3,3436.73,livré,CASABLANCA,Carte,LIV9,2023-04-30
CMD03136,CL0841,P006,Sep 15 2023,5,1868.87,LIVRE,TANGER,Carte,LIV4,2023-09-17
CMD03563,CL0446,P042,Jul 12 2023,4,4852.98,livré,CASABLANCA,Carte,LIV7,2023-07-13
CMD39790,CL0362,P088,Feb 29 2024,5,968.49,livre,kech,Carte,LIV7,
CMD18790,CL0120,P054,2023-09-11,4,2583.54,OK,CASABLANCA,Carte,LIV9,
CMD27736,CL0968,P080,2023-07-09,2,151.67,DONE,TNG,Carte,LIV4,2023-07-14
CMD04787,CL0770,P086,2023-04-21,2,4629.19,livré,tanger,Carte,LIV7,2023-04-25
CMD11890,CL0387,P078,14/05/2023,4,4216.05,LIVRE,Tnja,Carte,LIV9,2023-05-15
CMD20395,CL0812,P055,Mar 09 2024,4,2393.29,KO,kech,Carte,LIV10,
CMD21340,CL0343,P082,15/05/2024,2,4135.96,retourné,kech,Carte,LIV4,2024-05-20
CMD43298,CL0562,P066,2024-04-09,2,2539.35,livré,tanger,Carte,LIV4,2024-04-12
CMD26342,CL0340,P083,2023-03-28,3,4618.41,KO,casa,Carte,LIV5,
CMD37625,CL0753,P090,16/10/2023,5,4300.77,livré,CASABLANCA,Carte,LIV4,2023-10-20
CMD37620,CL0624,P004,2023-01-05,2,4321.99,OK,RBA,Carte,LIV4,
CMD27207,CL0164,P070,11/03/2023,2,443.06,livré,CASABLANCA,Carte,LIV10,2023-03-16
CMD14144,CL0458,P067,Jul 14 2023,1,3618.6,OK,Agadir,Carte,LIV7,
CMD31638,CL0008,P016,2023-08-24,4,4690.61,livre,marrakech,Carte,LIV2,
CMD00897,CL0158,P060,18/08/2023,5,0,livré,TANGER,Carte,LIV7,2023-08-23
CMD03534,CL0139,P068,26/03/2024,4,4657.12,DONE,casa,Carte,LIV2,2024-03-29
CMD17244,CL0028,P076,Jan 28 2023,1,503.6,OK,RBA,Carte,LIV5,
CMD11282,CL0606,P044,Dec 06 2023,5,2369.95,livré,TANGER,Carte,LIV10,2023-12-11
CMD37292,CL0855,P072,2024-02-20,4,3947.71,KO,TANGER,Carte,LIV8,
CMD15212,CL0604,P004,2023-02-21,4,3121.36,livré,Tnja,Carte,LIV1,2023-02-22
CMD37646,CL0583,P100,Feb 25 2023,4,4289.34,KO,CASABLANCA,Carte,LIV2,
CMD18538,CL0269,P064,19/03/2024,5,3871.56,en_cours,casa,Carte,LIV3,
CMD33917,CL0759,P016,Dec 07 2023,1,3305.31,DONE,tanger,Carte,LIV8,2023-12-08
CMD38658,CL0799,P072,16/02/2023,3,2104.98,DONE,Agadir,Carte,LIV6,2023-02-19
CMD27883,CL0667,P089,2023-01-15,5,1643.91,DONE,casa,Carte,LIV5,2023-01-19
CMD46406,CL0934,P028,Mar 31 2023,1,2867.63,livre,casa,Carte,LIV5,
CMD44164,CL0030,P069,06/10/2023,4,1378.73,DONE,marrakech,Carte,LIV8,2023-10-10
CMD35883,CL0247,P020,2024-01-20,5,4400.12,livré,Agadir,Carte,LIV4,2024-01-23
CMD26467,CL0704,P088,Dec 21 2023,3,3363.14,retourné,kech,Carte,LIV8,2023-12-22
CMD37050,CL0129,P054,30/04/2023,4,1594.74,livré,Tnja,Carte,LIV9,2023-05-05
CMD09253,CL0451,P048,31/07/2023,3,2593.05,livré,RBA,Carte,LIV10,2023-08-05
CMD08754,CL0286,P016,2023-02-24,5,2523.75,DONE,kech,Carte,LIV6,2023-02-26
CMD30036,CL0664,P049,22/12/2023,5,3081.76,LIVRE,RBA,Carte,LIV5,2023-12-23
CMD40149,CL0503,P080,20/02/2024,4,592.85,retourné,kech,Carte,LIV10,2024-02-21
CMD27646,CL0704,P025,2024-04-23,1,2068.13,OK,TANGER,Carte,LIV5,
CMD05183,CL0881,P020,2023-04-08,2,2017.26,en_cours,kech,Carte,LIV3,
CMD44687,CL0387,P079,18/07/2023,3,3777.24,livré,casa,Carte,LIV2,2023-07-23
CMD36727,CL0637,P053,18/03/2023,3,2454.21,LIVRE,Tnja,Carte,LIV7,2023-03-21
CMD01692,CL0297,P074,Jul 26 2023,1,2871.29,en_cours,casa,Carte,,
CMD37071,CL0566,P046,04/11/2023,1,2283.94,annulé,Tnja,Carte,LIV9,
CMD23538,CL0989,P048,23/01/2024,1,2780.62,LIVRE,Tnja,Carte,LIV3,2024-01-24
CMD43865,CL0969,P092,2023-07-26,2,2792.65,DONE,CASABLANCA,Carte,LIV10,2023-07-27
CMD34292,CL0876,P008,2024-04-01,5,580.05,OK,tanger,Carte,LIV3,
CMD16485,CL0936,P024,Nov 19 2023,1,1441.33,en_cours,RBA,Carte,LIV4,
CMD13716,CL0180,P034,Jul 29 2023,4,3056.26,livré,TANGER,Carte,LIV1,2023-08-01
CMD36481,CL0778,P040,May 02 2024,4,1268.01,LIVRE,RBA,Carte,LIV9,2024-05-07
CMD03996,CL0242,P089,Jan 21 2024,3,3072.66,livre,tanger,Carte,LIV10,
CMD08283,CL0405,P076,Jan 06 2024,5,2724.84,KO,casa,Carte,LIV5,
CMD02672,CL0503,P073,May 11 2024,2,4083.1,livré,Agadir,Carte,,2024-05-16
CMD48482,CL0936,P039,Jan 31 2023,-1,2988.15,livré,casa,Carte,LIV5,2023-02-04
CMD00250,CL0746,P067,2023-08-07,2,4822.04,en_cours,RBA,Carte,LIV6,
CMD17425,CL0201,P065,Dec 17 2023,3,3302.77,KO,Agadir,Carte,,
CMD15736,CL0421,P039,2024-03-03,1,393.65,livré,RBA,Carte,LIV6,2024-03-04
CMD16978,CL0151,P097,2023-08-21,1,942.95,KO,TNG,Carte,LIV5,
CMD03987,CL0289,P022,2023-10-16,1,1841.26,retourné,Agadir,Carte,LIV4,2023-10-19
CMD08997,CL0742,P086,16/07/2023,5,737.59,livre,marrakech,Carte,,
CMD26433,CL0347,P013,04/05/2024,5,3173.24,OK,kech,Carte,,
CMD03424,CL0290,P011,Jul 08 2023,5,3244.22,LIVRE,tanger,Carte,LIV5,2023-07-12
CMD21550,CL0106,P018,Jun 11 2023,1,1351.82,livré,RBA,Carte,LIV3,2023-06-15
CMD28176,CL0693,P080,Mar 31 2024,5,4586.89,OK,TANGER,Carte,LIV7,
CMD46885,CL0342,P083,2023-02-27,5,4207.06,DONE,RBA,Carte,LIV8,2023-02-28
CMD43676,CL0399,P055,29/06/2023,4,2490.8,livré,casa,Carte,LIV7,2023-07-01
CMD32853,CL0727,P022,04/08/2023,4,375.25,KO,CASABLANCA,Carte,LIV4,
CMD22920,CL0467,P042,2023-11-13,1,771.4,OK,CASABLANCA,Carte,LIV5,
CMD21912,CL0587,P100,22/05/2023,5,4074.78,LIVRE,Agadir,Carte,LIV10,2023-05-27
CMD10137,CL0882,P073,2023-12-02,2,1541.33,en_cours,tanger,Carte,LIV7,
CMD46524,CL0374,P059,2024-01-01,3,2922.21,livré,Agadir,Carte,,2024-01-04
CMD00673,CL0099,P006,2023-01-13,3,698.7,livré,CASABLANCA,Carte,LIV6,2023-01-17
CMD45095,CL0876,P096,Jan 30 2023,3,4136.0,LIVRE,Tnja,Carte,LIV10,2023-02-04
CMD38138,CL0137,P045,Mar 21 2024,4,3879.09,livré,TANGER,Carte,LIV2,2024-03-25
CMD41237,CL0510,P021,31/12/2023,5,3547.35,livre,CASABLANCA,Carte,LIV8,
CMD39979,CL0598,P069,Jun 14 2023,3,2636.87,OK,Tnja,Carte,,
CMD24286,CL0035,P023,Feb 24 2023,3,3110.71,DONE,tanger,Carte,LIV7,2023-02-25
CMD15561,CL0204,P088,May 08 2023,4,615.04,KO,kech,Carte,LIV6,
CMD05179,CL0800,P040,Feb 28 2023,2,3506.42,en_cours,CASABLANCA,Carte,LIV5,
CMD09195,CL0801,P011,Feb 20 2023,5,2194.47,LIVRE,TNG,Carte,LIV3,2023-02-22
CMD03573,CL0558,P060,Apr 25 2023,3,3641.78,retourné,TANGER,Carte,LIV10,2023-04-28
CMD14664,CL0727,P027,18/01/2024,3,263.58,retourné,casa,Carte,LIV5,2024-01-20
CMD43481,CL0377,P053,03/12/2023,3,1738.27,LIVRE,tanger,Carte,LIV4,2023-12-04
CMD25052,CL0598,P069,2023-01-29,4,3381.29,retourné,kech,Carte,LIV8,2023-01-30
CMD27495,CL0834,P049,13/05/2024,5,2330.93,annulé,tanger,Carte,,
CMD10188,CL0687,P055,Jan 19 2023,1,2958.57,DONE,tanger,Carte,LIV10,2023-01-22
CMD37801,CL0125,P053,Feb 24 2024,1,3381.39,DONE,TNG,Carte,,2024-02-26
CMD43455,CL0313,P066,08/05/2024,3,3735.96,annulé,Agadir,Carte,LIV1,
CMD30322,CL0274,P065,09/03/2024,3,2423.67,DONE,CASABLANCA,Carte,,2024-03-10
CMD24632,CL0118,P059,2023-03-20,3,1255.67,OK,Tnja,Carte,LIV2,
CMD13781,CL0067,P100,2024-01-26,1,993.33,annulé,tanger,Carte,LIV9,
CMD01285,CL0074,P073,2023-05-27,4,1535.68,livré,tanger,Carte,LIV10,2023-05-29
CMD10181,CL0045,P070,15/08/2023,2,2880.22,OK,Agadir,Carte,LIV3,
CMD20719,CL0668,P040,Jul 08 2023,2,2404.46,KO,CASABLANCA,Carte,LIV10,
CMD15300,CL0223,P089,05/01/2024,1,365.15,DONE,tanger,Carte,LIV4,2024-01-08
CMD07622,CL0001,P059,May 02 2023,5,1831.46,livré,kech,Carte,LIV9,2023-05-07
CMD03691,CL0664,P011,25/04/2023,2,896.26,livré,Tnja,Carte,LIV6,2023-04-26
CMD11579,CL0032,P016,15/03/2023,2,4883.21,retourné,Tnja,Carte,LIV8,2023-03-17
CMD41455,CL0418,P036,Feb 27 2024,3,679.37,annulé,TANGER,Carte,LIV1,
CMD38746,CL0039,P058,2023-09-12,2,4281.46,livre,TNG,Carte,LIV1,
CMD40534,CL0406,P008,12/02/2023,1,4744.87,livré,kech,Carte,LIV5,2023-02-16
CMD39614,CL0739,P041,24/04/2024,5,1425.31,annulé,RBA,Carte,LIV9,
CMD00335,CL0396,P091,08/11/2023,5,3949.92,OK,kech,Carte,LIV1,
CMD26513,CL0720,P053,Dec 18 2023,4,3111.48,OK,casa,Carte,LIV4,
CMD18154,CL0483,P084,Dec 25 2023,1,3605.62,en_cours,Tnja,Carte,LIV4,
CMD38744,CL0362,P100,Jan 01 2024,2,2510.53,OK,tanger,Carte,LIV3,
CMD15215,CL0864,P099,11/03/2024,5,1965.44,livre,TNG,Carte,LIV7,
CMD00957,CL0847,P028,2024-05-09,1,4023.03,retourné,casa,Carte,LIV4,2024-05-10
CMD23105,CL0783,P090,24/09/2023,4,3896.36,livre,tanger,Carte,LIV7,
CMD42800,CL0844,P046,07/04/2024,3,333.95,livré,RBA,Carte,LIV3,2024-04-09
CMD47578,CL0354,P014,Feb 16 2023,4,350.22,en_cours,CASABLANCA,Carte,LIV2,
CMD38758,CL0548,P036,2023-02-20,3,2294.92,DONE,tanger,Carte,LIV2,2023-02-21
CMD12252,CL0127,P072,Mar 10 2024,3,1417.46,livré,tanger,Carte,LIV4,2024-03-15
CMD15428,CL0396,P083,2023-01-29,3,2899.01,annulé,TANGER,Carte,LIV5,
CMD26846,CL0444,P032,May 23 2023,1,1998.59,KO,CASABLANCA,Carte,LIV3,
CMD22130,CL0211,P059,13/05/2024,4,1584.49,livré,RBA,Carte,,2024-05-14
CMD31526,CL0327,P090,Aug 24 2023,2,589.93,DONE,CASABLANCA,Carte,LIV3,2023-08-27
CMD02438,CL0197,P025,15/09/2023,4,456.09,livré,tanger,Carte,LIV1,2023-09-19
CMD44789,CL0229,P026,Oct 11 2023,1,362.05,OK,Tnja,Carte,LIV8,
CMD37213,CL0026,P071,2024-04-20,3,1545.04,retourné,TNG,Carte,LIV9,2024-04-23
CMD36659,CL0968,P094,25/07/2023,5,3708.4,KO,TANGER,Carte,LIV5,
CMD44676,CL0010,P046,24/10/2023,3,118.07,en_cours,TNG,Carte,LIV3,
CMD12391,CL0466,P047,Nov 05 2023,1,4187.11,annulé,Agadir,Carte,LIV6,
CMD33039,CL0781,P064,Jan 10 2023,3,1576.51,annulé,Tnja,Carte,LIV9,
CMD43985,CL0389,P062,Jan 06 2024,5,951.56,OK,TNG,Carte,LIV9,
CMD15025,CL0234,P008,2023-12-05,5,2668.48,en_cours,Agadir,Carte,LIV5,
CMD18079,CL0446,P047,18/06/2023,2,2455.52,KO,TANGER,Carte,LIV6,
CMD05988,CL0829,P092,2023-09-08,5,2384.53,DONE,Agadir,Carte,LIV3,2023-09-12
CMD27805,CL0413,P094,2024-01-16,4,1635.22,en_cours,Agadir,Carte,LIV1,
CMD07727,CL0331,P075,Aug 15 2023,1,630.5,DONE,tanger,Carte,LIV2,2023-08-17
CMD40154,CL0562,P041,Mar 29 2023,1,4357.29,livre,TNG,Carte,LIV1,
CMD14540,CL0546,P008,04/04/2024,4,4154.96,livré,Agadir,Carte,LIV8,2024-04-08
CMD32675,CL0797,P079,2023-12-19,1,4503.06,livré,Agadir,Carte,LIV3,2023-12-21
CMD15063,CL0407,P051,27/03/2024,5,3151.54,DONE,TNG,Carte,LIV3,2024-04-01
CMD40130,CL0769,P001,26/01/2023,4,4113.44,retourné,tanger,Carte,LIV2,2023-01-28
CMD06894,CL0288,P044,14/04/2023,5,3264.84,annulé,marrakech,Carte,LIV9,
CMD37355,CL0209,P100,11/12/2023,1,3270.31,LIVRE,TNG,Carte,LIV4,2023-12-14
CMD45982,CL0524,P041,Oct 06 2023,1,4536.81,DONE,TNG,Carte,LIV9,2023-10-11
CMD16680,CL0134,P019,2023-11-17,3,1117.0,en_cours,TANGER,Carte,LIV7,
CMD47329,CL0347,P017,21/02/2024,4,1373.93,KO,kech,Carte,LIV7,
CMD18367,CL0417,P006,Dec 02 2023,3,2317.35,annulé,kech,Carte,,
CMD45068,CL0687,P052,2023-08-29,2,2308.26,livré,casa,Carte,LIV3,2023-09-02
CMD06714,CL0040,P014,Dec 10 2023,5,2449.18,LIVRE,TANGER,Carte,LIV7,2023-12-15
CMD18822,CL0038,P097,22/01/2023,1,3745.04,LIVRE,tanger,Carte,LIV10,2023-01-26
CMD34143,CL0698,P090,Mar 05 2024,3,2158.8,annulé,TNG,Carte,LIV5,
CMD02219,CL0097,P040,06/01/2024,4,283.77,livre,TANGER,Carte,LIV8,
CMD07773,CL0673,P057,25/04/2023,1,147.83,annulé,Tnja,Carte,LIV4,
CMD22099,CL0242,P063,03/03/2023,5,1324.48,LIVRE,casa,Carte,LIV3,2023-03-08
CMD35237,CL0660,P067,Jan 05 2024,1,1956.05,livré,kech,Carte,LIV4,2024-01-10
CMD24625,CL0331,P066,Apr 10 2024,3,2087.73,livré,tanger,Carte,LIV7,2024-04-13
CMD29090,CL0224,P016,2023-03-29,2,2281.51,OK,kech,Carte,LIV3,
CMD01180,CL0114,P032,17/03/2023,3,1891.98,livré,marrakech,Carte,LIV3,2023-03-21
CMD01628,CL0722,P004,2023-02-15,5,3486.79,en_cours,casa,Carte,LIV5,
CMD22269,CL0675,P064,10/11/2023,5,800.27,en_cours,TNG,Carte,LIV10,
CMD48290,CL0554,P033,2023-06-11,1,3272.94,retourné,RBA,Carte,LIV1,2023-06-12
CMD22038,CL0102,P055,2023-07-31,2,413.0,annulé,RBA,Carte,,
CMD17312,CL0067,P004,08/04/2023,1,239.5,OK,kech,Carte,LIV10,
CMD27149,CL0063,P039,2024-02-27,1,301.33,retourné,TANGER,Carte,LIV3,2024-03-02
CMD16077,CL0994,P063,16/04/2024,4,0,annulé,CASABLANCA,Carte,LIV7,
CMD29639,CL0660,P100,Aug 21 2023,5,3284.39,livré,tanger,Carte,LIV8,2023-08-22
CMD00860,CL0370,P028,06/09/2023,2,1549.0,livre,kech,Carte,LIV1,
CMD11428,CL0528,P012,24/01/2023,2,1501.51,KO,Tnja,Carte,LIV4,
CMD06208,CL0130,P006,2023-12-28,-1,2089.37,livré,Agadir,Carte,LIV9,2023-12-30
CMD21018,CL0300,P098,12/02/2024,5,2453.23,en_cours,TNG,Carte,LIV7,
CMD24134,CL0038,P025,22/09/2023,5,2457.52,annulé,RBA,Carte,LIV7,
CMD26236,CL0441,P037,Oct 29 2023,5,1494.33,livre,marrakech,Carte,LIV3,
CMD33532,CL0002,P098,2023-06-17,5,711.55,livré,kech,Carte,LIV8,2023-06-19
CMD01369,CL0081,P087,Apr 26 2024,3,2314.24,livré,RBA,Carte,LIV9,2024-04-30
CMD01991,CL0739,P026,2023-04-20,5,2204.97,annulé,casa,Carte,LIV2,
CMD38391,CL0534,P096,2023-12-10,1,129.09,KO,tanger,Carte,LIV1,
CMD25622,CL0509,P099,29/06/2023,4,2605.61,OK,TNG,Carte,LIV9,
CMD28081,CL0512,P050,28/10/2023,5,3595.2,retourné,TANGER,Carte,,2023-10-29
CMD04462,CL0030,P086,03/04/2024,1,2477.29,livré,TANGER,Carte,LIV7,2024-04-07
CMD41028,CL0941,P001,2024-01-28,3,4644.22,en_cours,tanger,Carte,LIV2,
CMD25313,CL0943,P034,26/02/2023,4,3712.66,LIVRE,Agadir,Carte,LIV5,2023-03-02
CMD27913,CL0064,P028,2023-09-15,4,230.83,OK,CASABLANCA,Carte,LIV8,
CMD33107,CL0392,P002,Jan 08 2023,3,1174.13,livré,Tnja,Carte,LIV6,2023-01-11
CMD23116,CL0887,P052,10/05/2024,4,4571.12,annulé,tanger,Carte,LIV5,
CMD03102,CL0022,P085,2024-01-05,1,3102.92,KO,kech,Carte,LIV4,
CMD15164,CL0046,P079,2023-11-28,2,0,retourné,CASABLANCA,Carte,LIV8,2023-11-29
CMD36669,CL0729,P048,2023-12-16,3,4588.29,en_cours,RBA,Carte,LIV5,
CMD06722,CL0763,P066,2023-01-24,2,4333.81,livre,Tnja,Carte,LIV7,
CMD34618,CL0209,P080,2023-09-15,2,1995.05,livre,casa,Carte,LIV9,
CMD11163,CL0102,P032,2023-05-13,4,199.89,livré,casa,Carte,LIV4,2023-05-15
CMD25805,CL0556,P017,Aug 09 2023,3,4250.32,livré,Tnja,Carte,LIV6,2023-08-10
CMD41172,CL0064,P073,2024-02-02,4,3081.69,livré,Agadir,Carte,LIV4,2024-02-06
CMD01915,CL0299,P048,31/01/2024,1,494.45,en_cours,TNG,Carte,LIV2,
CMD07430,CL0026,P060,10/07/2023,3,601.05,livré,CASABLANCA,Carte,LIV10,2023-07-13
CMD01978,CL0567,P044,Mar 16 2023,3,4355.98,livré,TNG,Carte,LIV10,2023-03-20
CMD30437,CL0332,P052,09/10/2023,3,2327.75,livré,Agadir,Carte,LIV9,2023-10-11
CMD03309,CL0726,P007,2024-05-13,4,697.29,livré,Tnja,Carte,LIV1,2024-05-16
CMD37862,CL0331,P040,2023-01-31,3,1703.92,DONE,tanger,Carte,LIV9,2023-02-01
CMD45852,CL0331,P097,2023-12-06,1,4236.51,livré,Tnja,Carte,LIV6,2023-12-10
CMD45394,CL0762,P077,31/05/2023,1,1291.05,DONE,TNG,Carte,LIV8,2023-06-01
CMD33505,CL0472,P090,2024-04-18,3,2002.24,livré,tanger,Carte,LIV10,2024-04-23
CMD48222,CL0101,P026,2023-12-30,1,54.6,KO,casa,Carte,LIV2,
CMD48133,CL0330,P047,Feb 11 2023,2,570.16,livre,Tnja,Carte,LIV6,
CMD10540,CL0175,P049,04/10/2023,4,3042.37,DONE,kech,Carte,LIV6,2023-10-07
CMD07209,CL0540,P090,2024-02-13,3,3382.33,livré,TNG,Carte,LIV10,2024-02-17
CMD41096,CL0803,P095,2023-03-17,5,3028.45,livre,tanger,Carte,LIV8,
CMD08292,CL0448,P085,2023-04-20,2,765.39,KO,TNG,Carte,LIV6,
CMD01744,CL0130,P016,Apr 10 2023,1,2352.8,livré,kech,Carte,,2023-04-13
CMD32979,CL0350,P055,2023-04-12,1,1035.1,en_cours,kech,Carte,LIV1,
CMD01045,CL0268,P094,Aug 11 2023,2,3155.39,KO,RBA,Carte,LIV3,
CMD03069,CL0713,P085,2023-05-07,3,269.03,OK,tanger,Carte,LIV3,
CMD23792,CL0253,P069,Oct 12 2023,-1,666.97,livré,Tnja,Carte,LIV10,2023-10-14
CMD09824,CL0274,P086,Feb 20 2024,1,3077.99,annulé,TNG,Carte,LIV9,
CMD35256,CL0786,P015,2023-03-30,2,3290.17,annulé,CASABLANCA,Carte,LIV8,
CMD11080,CL0880,P098,2024-01-10,1,4740.25,retourné,Tnja,Carte,LIV1,2024-01-12
CMD17111,CL0766,P018,Jan 28 2024,3,4308.04,en_cours,TANGER,Carte,LIV8,
CMD03589,CL0085,P024,Dec 30 2023,4,1211.21,DONE,TNG,Carte,LIV2,2024-01-01
CMD16690,CL0445,P040,Feb 08 2023,2,4541.63,KO,kech,Carte,LIV5,
CMD19548,CL0098,P051,10/02/2023,1,2934.43,KO,tanger,Carte,LIV5,
CMD41108,CL0972,P054,Jan 14 2024,3,307.81,LIVRE,RBA,Carte,,2024-01-17
CMD04415,CL0683,P064,Jul 31 2023,4,768.35,DONE,Tnja,Carte,,2023-08-03
CMD10547,CL0647,P013,Nov 29 2023,4,1042.62,annulé,Agadir,Carte,LIV7,
CMD31233,CL0200,P063,08/10/2023,3,4821.32,LIVRE,kech,Carte,LIV1,2023-10-12
CMD12546,CL0686,P090,2023-10-01,3,4601.43,livré,CASABLANCA,Carte,LIV2,2023-10-06
CMD32951,CL0457,P039,2023-03-27,3,2397.33,LIVRE,CASABLANCA,Carte,LIV8,2023-03-31
CMD23211,CL0340,P036,16/03/2023,4,279.85,en_cours,Tnja,Carte,LIV9,
CMD46480,CL0508,P094,27/04/2023,5,212.56,livré,RBA,Carte,LIV4,2023-05-01
CMD20264,CL0991,P053,2024-01-15,4,3313.28,retourné,tanger,Carte,,2024-01-16
CMD27570,CL0498,P057,22/09/2023,4,3485.2,livré,RBA,Carte,LIV9,2023-09-26
CMD07845,CL0201,P008,10/03/2023,-1,4330.82,livre,casa,Carte,LIV5,
CMD24557,CL0418,P033,2023-09-25,4,0,livré,marrakech,Carte,LIV4,2023-09-26
CMD14783,CL0415,P081,Apr 27 2023,2,4494.97,livré,TNG,Carte,LIV1,2023-05-01
CMD45689,CL0738,P066,2024-04-03,3,630.65,retourné,casa,Carte,LIV4,2024-04-06
CMD31315,CL0864,P073,2023-01-31,2,719.89,OK,Agadir,Carte,LIV7,
CMD19340,CL0313,P011,06/07/2023,1,71.16,DONE,marrakech,Carte,LIV1,2023-07-08
CMD38800,CL0022,P034,2023-06-05,5,1847.58,en_cours,tanger,Carte,LIV3,
CMD10924,CL0604,P050,Apr 30 2023,5,2514.76,DONE,TNG,Carte,LIV7,2023-05-03
CMD46349,CL0151,P016,Feb 27 2023,5,2814.99,livré,kech,Carte,LIV2,2023-03-01
CMD33703,CL0772,P054,2024-05-05,1,3615.24,LIVRE,casa,Carte,LIV6,2024-05-08
CMD19980,CL0040,P094,Sep 04 2023,4,4950.16,LIVRE,Tnja,Carte,LIV1,2023-09-08
CMD26384,CL0582,P062,Mar 02 2024,5,4362.52,livré,casa,Carte,LIV4,2024-03-07
CMD22390,CL0545,P038,Apr 25 2024,5,1726.31,LIVRE,TNG,Carte,,2024-04-27
CMD46924,CL0279,P025,30/03/2024,2,2571.4,LIVRE,TNG,Carte,LIV1,2024-04-03
CMD02003,CL0929,P019,May 07 2024,4,4005.03,livre,Agadir,Carte,LIV10,
CMD29681,CL0783,P071,03/05/2023,3,4715.8,livré,Tnja,Carte,LIV2,2023-05-04
CMD03202,CL0323,P052,Jun 19 2023,1,2968.03,DONE,TANGER,Carte,LIV10,2023-06-21
CMD30450,CL0275,P067,26/05/2023,5,744.74,livre,CASABLANCA,Carte,LIV1,
CMD27654,CL0608,P088,2023-06-16,4,730.5,livré,casa,Carte,LIV9,2023-06-20
CMD12156,CL0899,P042,04/05/2024,2,4505.86,KO,kech,Carte,LIV2,
CMD28633,CL0380,P092,2023-05-23,4,4532.03,livré,RBA,Carte,LIV8,2023-05-26
CMD06750,CL0613,P077,05/11/2023,1,640.13,DONE,Agadir,Carte,LIV1,2023-11-06
CMD15545,CL0871,P096,Jan 06 2023,2,2296.71,LIVRE,RBA,Carte,LIV7,2023-01-08
CMD43478,CL0733,P076,2024-02-16,4,2209.4,DONE,marrakech,Carte,LIV4,2024-02-17
CMD28509,CL0252,P081,May 02 2023,2,573.78,livré,CASABLANCA,Carte,LIV4,2023-05-03
CMD21213,CL0968,P011,Oct 03 2023,3,1090.96,livré,Tnja,Carte,LIV8,2023-10-05
CMD17596,CL0353,P033,Oct 17 2023,-1,270.18,OK,kech,Carte,LIV5,
CMD14396,CL0992,P081,2023-07-15,2,979.8,LIVRE,kech,Carte,LIV4,2023-07-20
CMD33385,CL0439,P038,2024-01-12,2,2314.96,KO,CASABLANCA,Carte,LIV5,
CMD18196,CL0814,P041,Aug 03 2023,4,4058.74,livre,TNG,Carte,LIV9,
CMD35492,CL0730,P026,Feb 01 2024,4,3521.16,retourné,RBA,Carte,LIV8,2024-02-03
CMD35251,CL0531,P054,2024-01-20,4,3263.13,livre,RBA,Carte,LIV5,
CMD09304,CL0664,P087,Sep 29 2023,4,1738.28,retourné,RBA,Carte,LIV10,2023-10-02
CMD17734,CL0635,P043,2023-03-31,4,3850.81,DONE,RBA,Carte,LIV6,2023-04-03
CMD06654,CL0442,P005,23/06/2023,5,3990.07,livré,Agadir,Carte,LIV8,2023-06-25
CMD23508,CL0478,P024,03/02/2024,4,1819.5,en_cours,TNG,Carte,LIV7,
CMD11201,CL0059,P075,2023-07-03,2,3688.95,en_cours,TANGER,Carte,LIV2,
CMD16450,CL0832,P078,Apr 13 2023,4,639.35,en_cours,RBA,Carte,LIV9,
CMD25736,CL0711,P036,2023-03-19,1,4114.34,LIVRE,Agadir,Carte,LIV9,2023-03-24
CMD19367,CL0416,P094,09/02/2024,2,2979.86,retourné,casa,Carte,,2024-02-14
CMD05072,CL0791,P072,Jan 10 2024,4,3880.92,annulé,marrakech,Carte,LIV1,
CMD11670,CL0799,P030,17/06/2023,2,2564.83,OK,casa,Carte,LIV4,
CMD30428,CL0724,P003,2024-04-12,1,4367.16,OK,casa,Carte,LIV9,
CMD28711,CL0278,P040,2024-02-24,4,3919.13,DONE,TNG,Carte,LIV8,2024-02-26
CMD46756,CL0158,P060,Apr 06 2024,3,2919.45,livre,Agadir,Carte,LIV2,
CMD09978,CL0930,P050,Apr 06 2024,2,385.89,livré,tanger,Carte,LIV10,2024-04-07
CMD11028,CL0261,P005,2023-11-15,1,2629.88,livré,CASABLANCA,Carte,LIV5,2023-11-17
CMD21099,CL0850,P053,Apr 21 2023,5,4677.9,DONE,kech,Carte,LIV1,2023-04-23
CMD43641,CL0288,P014,21/01/2024,2,4274.48,DONE,marrakech,Carte,LIV9,2024-01-26
CMD25654,CL0082,P075,26/09/2023,1,4921.21,en_cours,TANGER,Carte,LIV6,
CMD17432,CL0518,P072,2023-02-06,5,2401.75,livré,RBA,Carte,LIV9,2023-02-10
CMD33657,CL0635,P089,04/05/2023,5,4402.25,livré,TNG,Carte,LIV2,2023-05-06
CMD27598,CL0042,P087,Apr 22 2023,5,1804.99,DONE,Agadir,Carte,LIV5,2023-04-23
CMD45141,CL0968,P024,2024-02-11,1,2196.64,LIVRE,RBA,Carte,LIV8,2024-02-12
CMD16894,CL0676,P004,23/03/2023,5,2005.58,annulé,Agadir,Carte,LIV1,
CMD45811,CL0387,P058,Sep 19 2023,1,2231.74,OK,CASABLANCA,Carte,LIV7,
CMD43362,CL0167,P016,2023-08-21,4,111.9,retourné,marrakech,Carte,LIV7,2023-08-25
CMD00932,CL0084,P071,13/03/2024,4,1618.85,livre,RBA,Carte,LIV9,
CMD37234,CL0700,P035,Jan 06 2023,4,190.4,en_cours,TNG,Carte,LIV2,
CMD37054,CL0357,P097,Feb 14 2024,3,0,livré,TNG,Carte,LIV8,2024-02-16
CMD15221,CL0938,P069,01/03/2023,2,4978.06,DONE,kech,Carte,LIV1,2023-03-04
CMD27709,CL0132,P054,2024-03-26,4,2136.03,annulé,casa,Carte,LIV6,
CMD17930,CL0272,P096,08/02/2024,1,1003.0,retourné,TANGER,Carte,LIV7,2024-02-11
CMD07621,CL0917,P053,Sep 17 2023,3,2035.11,livré,tanger,Carte,LIV3,2023-09-20
CMD13572,CL0876,P096,2023-04-03,2,1880.82,livré,TNG,Carte,LIV5,2023-04-05
CMD14871,CL0556,P072,01/02/2024,4,450.1,KO,RBA,Carte,LIV9,
CMD24451,CL0372,P063,2023-02-07,5,538.11,DONE,CASABLANCA,Carte,LIV3,2023-02-09
CMD30466,CL0115,P007,25/12/2023,5,4699.28,livré,kech,Carte,LIV6,2023-12-27
CMD01030,CL0114,P020,Dec 12 2023,1,452.41,retourné,casa,Carte,LIV5,2023-12-13
CMD22959,CL0905,P037,2023-07-29,2,4694.56,en_cours,casa,Carte,LIV10,
CMD48376,CL0307,P040,2023-02-04,3,1583.58,livré,TNG,Carte,LIV8,2023-02-09
CMD10024,CL0919,P078,05/02/2023,1,3014.23,livré,TNG,Carte,LIV1,2023-02-06
CMD23940,CL0096,P028,2024-05-03,4,3675.71,OK,Tnja,Carte,LIV2,
CMD03671,CL0671,P070,12/02/2023,4,3909.8,livre,RBA,Carte,LIV3,
CMD14644,CL0145,P043,2023-12-08,2,2434.27,annulé,RBA,Carte,LIV8,
CMD13635,CL0843,P073,Apr 18 2023,4,2614.08,livré,kech,Carte,LIV1,2023-04-21
CMD15075,CL0310,P062,Jun 02 2023,2,1861.83,en_cours,casa,Carte,LIV10,
CMD05499,CL0879,P005,Jan 23 2024,3,2647.9,OK,RBA,Carte,LIV10,
CMD04767,CL0630,P065,08/03/2023,1,1606.18,livré,RBA,Carte,LIV4,2023-03-11
CMD04096,CL0666,P020,02/05/2023,5,1516.33,livré,kech,Carte,LIV3,2023-05-05
CMD35442,CL0413,P045,18/01/2023,3,3675.88,livre,RBA,Carte,LIV2,
CMD08109,CL0832,P078,Jun 12 2023,5,3779.78,KO,marrakech,Carte,LIV4,
CMD36060,CL0788,P071,Mar 10 2023,2,4684.28,retourné,RBA,Carte,LIV2,2023-03-11
CMD44520,CL0165,P029,03/08/2023,5,3095.48,retourné,Agadir,Carte,LIV4,2023-08-06
CMD28274,CL0214,P041,05/09/2023,3,4749.53,DONE,casa,Carte,LIV2,2023-09-06
CMD02425,CL0648,P050,15/10/2023,3,3609.82,livré,tanger,Carte,LIV10,2023-10-20
CMD41141,CL0195,P029,01/09/2023,4,3884.5,livré,tanger,Carte,LIV8,2023-09-04
CMD34504,CL0319,P074,2024-05-06,1,2296.55,annulé,casa,Carte,LIV2,
CMD14409,CL0054,P057,Sep 11 2023,5,1288.64,livré,CASABLANCA,Carte,LIV7,2023-09-15
CMD25441,CL0154,P069,21/01/2024,5,2595.6,retourné,tanger,Carte,LIV6,2024-01-25
CMD03757,CL0906,P002,17/02/2024,3,4643.93,LIVRE,RBA,Carte,LIV1,2024-02-18
CMD26543,CL0818,P009,09/05/2023,5,258.05,KO,TANGER,Carte,LIV3,
CMD41412,CL0695,P001,22/02/2024,2,1893.42,DONE,TNG,Carte,LIV10,2024-02-26
CMD00806,CL0304,P089,23/03/2023,3,2178.43,livre,RBA,Carte,LIV5,
CMD11654,CL0877,P096,12/11/2023,1,160.89,en_cours,Agadir,Carte,LIV8,
CMD38866,CL0497,P004,2024-03-23,5,4938.29,en_cours,Tnja,Carte,LIV4,
CMD19577,CL0769,P059,04/04/2023,4,1817.92,annulé,TNG,Carte,LIV10,
CMD24967,CL0909,P014,11/03/2023,3,4705.49,livré,TNG,Carte,LIV2,2023-03-16
CMD05320,CL0780,P046,2024-05-12,5,4241.48,DONE,Agadir,Carte,LIV5,2024-05-16
CMD05791,CL0692,P029,27/08/2023,5,1758.66,livré,TANGER,Carte,LIV7,2023-08-28
CMD34463,CL0294,P098,May 21 2023,3,406.81,OK,RBA,Carte,LIV10,
CMD27158,CL0278,P064,2023-04-20,3,365.97,OK,casa,Carte,LIV9,
CMD36767,CL0727,P045,26/12/2023,1,3808.28,KO,Tnja,Carte,LIV7,
CMD35904,CL0882,P050,16/04/2024,3,3998.03,en_cours,casa,Carte,,
CMD44628,CL0860,P024,11/04/2023,1,3221.11,LIVRE,CASABLANCA,Carte,LIV4,2023-04-13
CMD44693,CL0431,P045,Feb 02 2023,1,886.15,retourné,casa,Carte,LIV5,2023-02-03
CMD34615,CL0991,P066,Jan 26 2023,5,3889.44,en_cours,kech,Carte,LIV8,
CMD25442,CL0726,P075,2023-09-07,3,3308.33,livré,tanger,Carte,LIV4,2023-09-10
CMD41766,CL0087,P064,01/08/2023,1,3385.67,retourné,kech,Carte,LIV8,2023-08-04
CMD13537,CL0275,P050,05/05/2023,3,1531.9,livré,CASABLANCA,Carte,LIV3,2023-05-09
CMD01738,CL0121,P017,31/03/2023,-1,2934.83,KO,tanger,Carte,LIV4,
CMD45126,CL0711,P085,Oct 08 2023,2,2962.71,livre,tanger,Carte,LIV5,
CMD28299,CL0907,P016,2023-08-07,4,78.87,livré,kech,Carte,LIV1,2023-08-11
CMD05511,CL0146,P016,2023-07-07,2,4595.59,OK,RBA,Carte,LIV8,
CMD18772,CL0906,P012,19/04/2023,4,1581.1,DONE,kech,Carte,LIV9,2023-04-23
CMD36632,CL0968,P072,Oct 22 2023,1,1049.71,OK,Tnja,Carte,LIV5,
CMD16748,CL0540,P049,06/07/2023,4,4296.86,livré,tanger,Carte,LIV2,2023-07-10
CMD00317,CL0480,P024,2023-04-23,3,1871.11,livré,casa,Carte,LIV10,2023-04-25
CMD15203,CL0953,P015,2023-11-20,5,3399.4,LIVRE,TANGER,Carte,LIV5,2023-11-25
CMD26654,CL0117,P042,2024-04-28,1,2167.54,LIVRE,Agadir,Carte,LIV5,2024-05-02
CMD48422,CL0604,P004,31/03/2024,4,448.39,LIVRE,CASABLANCA,Carte,,2024-04-01
CMD27590,CL0391,P006,Feb 27 2023,3,3564.29,retourné,TANGER,Carte,LIV1,2023-03-02
CMD11931,CL0107,P082,2023-07-23,1,481.22,livré,TANGER,Carte,LIV9,2023-07-27
CMD27237,CL0701,P093,31/03/2023,5,3990.83,livre,tanger,Carte,LIV6,
CMD44463,CL0778,P025,May 14 2023,1,461.45,KO,Tnja,Carte,LIV5,
CMD12190,CL0839,P034,2023-03-23,4,3735.04,livre,Tnja,Carte,LIV4,
CMD04503,CL0037,P087,25/06/2023,5,2431.33,LIVRE,RBA,Carte,LIV5,2023-06-26
CMD03125,CL0201,P016,2023-05-07,2,2544.5,KO,Tnja,Carte,LIV6,
CMD22794,CL0327,P077,Nov 21 2023,3,967.54,retourné,TANGER,Carte,LIV2,2023-11-26
CMD29429,CL0351,P041,2023-08-01,1,1446.33,livré,TNG,Carte,LIV1,2023-08-05
CMD12640,CL0127,P050,2023-09-10,1,2991.68,LIVRE,Tnja,Carte,LIV5,2023-09-15
CMD48460,CL0883,P010,2023-01-07,4,812.53,retourné,Tnja,Carte,LIV7,2023-01-09
CMD09594,CL0759,P095,Aug 02 2023,1,2035.79,annulé,CASABLANCA,Carte,LIV4,
CMD15092,CL0787,P010,Sep 20 2023,1,1782.54,livré,kech,Carte,LIV4,2023-09-21
CMD16474,CL0067,P084,17/01/2023,3,3939.37,LIVRE,marrakech,Carte,LIV2,2023-01-20
CMD23942,CL0882,P062,2023-07-26,5,347.86,en_cours,marrakech,Carte,,
CMD09088,CL0084,P052,Nov 16 2023,2,3342.23,LIVRE,tanger,Carte,LIV5,2023-11-19
CMD43053,CL0552,P087,11/04/2024,4,2526.78,retourné,marrakech,Carte,LIV9,2024-04-16
CMD18420,CL0442,P084,12/11/2023,3,921.73,livré,TNG,Carte,LIV9,2023-11-13
CMD06471,CL0289,P023,2023-09-22,5,4925.24,LIVRE,tanger,Carte,LIV6,2023-09-24
CMD02918,CL0362,P084,03/01/2024,3,1783.61,en_cours,marrakech,Carte,LIV5,
CMD45756,CL0778,P055,May 16 2023,3,4043.99,retourné,Agadir,Carte,LIV7,2023-05-18
CMD46017,CL0813,P098,2024-04-30,2,1669.16,LIVRE,tanger,Carte,LIV1,2024-05-01
CMD30720,CL0034,P003,2023-05-31,2,4262.04,retourné,tanger,Carte,LIV10,2023-06-02
CMD05050,CL0557,P085,11/08/2023,4,2132.29,livré,casa,Carte,LIV7,2023-08-14
CMD21990,CL0579,P020,12/02/2024,3,904.38,LIVRE,casa,Carte,LIV5,2024-02-15
CMD01268,CL0314,P040,2024-04-17,4,3932.59,livré,CASABLANCA,Carte,LIV5,2024-04-19
CMD28282,CL0295,P043,Jan 08 2024,1,465.33,LIVRE,CASABLANCA,Carte,LIV7,2024-01-13
CMD30167,CL0676,P029,2024-02-01,1,660.96,OK,marrakech,Carte,LIV4,
CMD43914,CL0130,P079,2023-05-31,5,3671.63,en_cours,TANGER,Carte,LIV8,
CMD36205,CL0009,P029,19/04/2024,3,3885.61,retourné,marrakech,Carte,LIV3,2024-04-21
CMD02875,CL0055,P038,Jan 05 2023,3,2378.65,livré,casa,Carte,LIV7,2023-01-09
CMD12062,CL0022,P001,2023-08-20,5,2302.33,retourné,kech,Carte,LIV1,2023-08-25
CMD20108,CL0451,P084,2023-11-03,3,1032.97,DONE,marrakech,Carte,LIV8,2023-11-05
CMD19215,CL0805,P037,08/02/2024,1,0,OK,kech,Carte,LIV6,
CMD18834,CL0911,P037,29/04/2023,4,2257.84,OK,TNG,Carte,LIV1,
CMD17800,CL0826,P072,2023-07-16,3,1627.59,livré,RBA,Carte,LIV8,2023-07-20
CMD25358,CL0393,P097,2023-03-03,2,2510.12,LIVRE,RBA,Carte,LIV5,2023-03-08
CMD47392,CL0393,P099,17/12/2023,2,2738.9,livré,kech,Carte,LIV10,2023-12-21
CMD29164,CL0806,P049,2023-10-01,3,79.59,livré,TANGER,Carte,LIV2,2023-10-06
CMD34910,CL0335,P046,Jan 30 2023,4,2973.97,OK,Tnja,Carte,LIV5,
CMD12833,CL0721,P014,15/03/2024,1,4066.82,livre,TNG,Carte,LIV10,
CMD25393,CL0785,P026,2023-04-27,3,4446.98,livré,Agadir,Carte,LIV9,2023-05-02
CMD21482,CL0053,P012,25/01/2023,5,4119.06,livré,kech,Carte,LIV9,2023-01-28
CMD41207,CL0757,P024,Nov 09 2023,5,2618.21,retourné,marrakech,Carte,LIV6,2023-11-12
CMD36371,CL0250,P008,18/02/2023,5,804.09,livré,tanger,Carte,LIV2,2023-02-19
CMD25850,CL0573,P079,19/01/2024,3,4022.94,en_cours,CASABLANCA,Carte,LIV7,
CMD03192,CL0356,P024,13/01/2023,2,754.09,retourné,RBA,Carte,,2023-01-16
CMD12722,CL0812,P027,Jul 26 2023,4,4333.43,KO,casa,Carte,LIV8,
CMD27475,CL0378,P062,10/02/2024,3,1086.82,LIVRE,casa,Carte,LIV7,2024-02-12
CMD41149,CL0716,P025,2023-08-09,4,4078.99,LIVRE,marrakech,Carte,LIV8,2023-08-14
CMD12931,CL0534,P081,02/12/2023,4,3946.39,en_cours,TNG,Carte,LIV2,
CMD14450,CL0943,P079,Apr 30 2023,5,4110.29,OK,casa,Carte,LIV3,
CMD11717,CL0515,P077,2023-06-28,5,4676.28,livré,TANGER,Carte,LIV6,2023-06-30
CMD42073,CL0831,P098,Jul 16 2023,3,4647.77,KO,TANGER,Carte,LIV1,
CMD42045,CL0167,P046,2023-02-23,2,2466.34,LIVRE,marrakech,Carte,LIV4,2023-02-27
CMD31070,CL0543,P039,Apr 19 2024,3,4160.97,livre,TNG,Carte,,
CMD13590,CL0116,P100,2023-02-17,2,2888.67,annulé,CASABLANCA,Carte,LIV9,
CMD32330,CL0450,P064,2023-08-25,1,3506.63,DONE,Agadir,Carte,LIV4,2023-08-26
CMD21312,CL0795,P072,01/05/2024,4,2977.98,DONE,tanger,Carte,LIV1,2024-05-03
CMD36674,CL0813,P082,Jun 20 2023,3,1774.96,DONE,Tnja,Carte,LIV4,2023-06-25
CMD37087,CL0110,P056,2023-10-12,3,3006.57,DONE,Tnja,Carte,LIV8,2023-10-15
CMD40801,CL0832,P015,10/01/2024,2,1524.8,OK,marrakech,Carte,LIV1,
CMD09482,CL0727,P013,2023-03-15,3,4969.91,livré,Agadir,Carte,LIV9,2023-03-16
CMD45718,CL0420,P089,04/09/2023,1,1135.13,KO,Agadir,Carte,LIV5,
CMD15652,CL0479,P075,Feb 14 2024,1,2936.17,livre,Agadir,Carte,LIV2,
CMD41349,CL0468,P021,2023-04-27,4,2869.11,annulé,RBA,Carte,LIV1,
CMD06558,CL0625,P058,Mar 16 2024,1,3807.74,livré,Tnja,Carte,,2024-03-17
CMD15879,CL0685,P080,2023-08-23,1,2535.46,livré,tanger,Carte,,2023-08-27
CMD28968,CL0888,P014,03/03/2023,3,3856.42,annulé,tanger,Carte,LIV2,
CMD18284,CL0903,P026,2023-10-08,5,2011.37,livré,Tnja,Carte,LIV2,2023-10-11
CMD35459,CL0783,P100,2023-04-18,1,1464.6,livré,Agadir,Carte,LIV2,2023-04-22
CMD46463,CL0960,P074,Feb 07 2024,4,529.33,livré,Tnja,Carte,LIV5,2024-02-11
CMD00432,CL0432,P036,19/02/2024,1,2509.78,livré,Tnja,Carte,LIV9,2024-02-23
CMD02968,CL0174,P022,2024-05-12,1,1284.2,OK,TANGER,Carte,LIV10,
CMD44243,CL0964,P010,Jul 06 2023,2,560.96,KO,kech,Carte,LIV2,
CMD46088,CL0391,P019,Oct 28 2023,1,2791.47,KO,Tnja,Carte,,
CMD15566,CL0957,P017,2023-12-16,4,2301.32,KO,tanger,Carte,LIV4,
CMD39162,CL0912,P049,24/01/2023,2,0,OK,marrakech,Carte,LIV5,
CMD46073,CL0860,P026,2023-06-21,4,2355.64,DONE,RBA,Carte,LIV2,2023-06-24
CMD14154,CL0269,P035,2023-10-16,4,4965.68,en_cours,kech,Carte,LIV6,
CMD22595,CL0373,P006,Jun 02 2023,5,4653.16,livré,casa,Carte,LIV2,2023-06-07
CMD01349,CL0744,P001,Jul 09 2023,4,2527.93,annulé,Agadir,Carte,LIV1,
CMD40965,CL0983,P052,29/03/2024,2,2874.16,annulé,marrakech,Carte,LIV10,
CMD12902,CL0462,P029,01/04/2023,1,4581.36,OK,tanger,Carte,LIV6,
CMD00326,CL0722,P078,2023-06-28,4,1384.52,LIVRE,CASABLANCA,Carte,,2023-07-01
CMD22598,CL0084,P099,2023-04-02,1,4897.07,DONE,RBA,Carte,LIV6,2023-04-05
CMD33750,CL0018,P094,2024-05-06,1,2748.58,en_cours,RBA,Carte,LIV1,
CMD27036,CL0586,P065,Oct 28 2023,3,275.93,LIVRE,CASABLANCA,Carte,LIV7,2023-10-30
CMD42513,CL0325,P002,2023-07-09,5,4484.33,en_cours,Tnja,Carte,LIV9,
CMD14107,CL0983,P089,2023-09-06,2,2329.14,LIVRE,marrakech,Carte,LIV9,2023-09-07
CMD11766,CL0497,P020,10/04/2023,3,1243.04,en_cours,RBA,Carte,LIV6,
CMD16500,CL0104,P045,09/01/2024,3,1369.06,livre,casa,Carte,,
CMD41863,CL0091,P036,2023-05-20,3,2357.45,DONE,TNG,Carte,LIV6,2023-05-21
CMD14329,CL0709,P015,2023-09-03,4,4052.87,livré,kech,Carte,LIV8,2023-09-06
CMD01514,CL0097,P029,12/03/2023,1,2186.59,en_cours,Agadir,Carte,LIV8,
CMD17670,CL0319,P088,Mar 30 2024,3,4998.62,livré,RBA,Carte,LIV10,2024-04-01
CMD25928,CL0968,P004,Mar 12 2024,2,125.93,en_cours,Agadir,Carte,LIV5,
CMD00372,CL0195,P063,2023-10-18,2,0,KO,TANGER,Carte,LIV7,
CMD20598,CL0452,P060,2024-03-01,2,3910.07,en_cours,RBA,Carte,LIV4,
CMD43621,CL0101,P089,Jan 05 2024,4,1153.41,livré,marrakech,Carte,LIV4,2024-01-10
CMD31505,CL0247,P040,2023-06-18,3,2892.7,KO,Tnja,Carte,LIV3,
CMD26515,CL0107,P056,12/11/2023,2,2455.76,annulé,Tnja,Carte,LIV7,
CMD23393,CL0463,P065,2024-01-05,3,3684.36,livre,kech,Carte,LIV4,
CMD45720,CL0160,P032,15/01/2023,2,1460.67,livré,marrakech,Carte,LIV4,2023-01-20
CMD07427,CL0691,P094,20/02/2024,2,3422.17,livré,Tnja,Carte,LIV4,2024-02-25
CMD02021,CL0204,P053,2023-09-10,4,4167.46,retourné,marrakech,Carte,,2023-09-14
CMD37892,CL0373,P060,2023-10-29,1,3587.36,LIVRE,casa,Carte,LIV6,2023-10-31
CMD00474,CL0382,P089,03/08/2023,3,2286.96,DONE,marrakech,Carte,LIV7,2023-08-04
CMD28200,CL0840,P083,Jan 22 2024,1,2766.06,livré,casa,Carte,LIV4,2024-01-25
CMD28597,CL0625,P085,Feb 20 2023,1,765.71,livré,kech,Carte,LIV5,2023-02-23
CMD15037,CL0869,P080,03/12/2023,2,2719.55,livré,Tnja,Carte,LIV3,2023-12-04
CMD07561,CL0099,P014,2024-03-06,5,1156.45,LIVRE,TANGER,Carte,LIV10,2024-03-09
CMD42691,CL0732,P053,2023-02-27,3,3412.83,retourné,casa,Carte,LIV2,2023-03-01
CMD20369,CL0902,P061,Jul 29 2023,1,955.25,LIVRE,TNG,Carte,LIV7,2023-07-30
CMD40231,CL0603,P062,Mar 05 2023,1,2139.36,annulé,TANGER,Carte,LIV3,
CMD47956,CL0937,P012,Mar 22 2023,4,3922.6,annulé,RBA,Carte,LIV4,
CMD06344,CL0378,P073,Mar 03 2023,2,390.74,OK,Tnja,Carte,LIV9,
CMD34356,CL0515,P046,2023-07-15,3,2559.58,en_cours,tanger,Carte,LIV6,
CMD14326,CL0889,P024,2024-04-19,1,4261.27,livré,TANGER,Carte,LIV6,2024-04-23
CMD15230,CL0979,P018,2023-09-17,4,1778.74,livre,CASABLANCA,Carte,LIV4,
CMD24005,CL0990,P095,Apr 22 2024,5,4714.33,livré,TNG,Carte,LIV6,2024-04-26
CMD44490,CL0034,P070,Jan 09 2023,1,3546.94,livre,Agadir,Carte,LIV4,
CMD30951,CL0610,P048,2024-04-24,1,4771.73,livré,CASABLANCA,Carte,LIV5,2024-04-26
CMD32686,CL0545,P042,Feb 15 2023,1,3740.09,livre,CASABLANCA,Carte,LIV1,
CMD19237,CL0657,P048,26/03/2023,3,4400.52,annulé,RBA,Carte,LIV4,
CMD47581,CL0975,P005,2023-01-09,4,957.85,livré,casa,Carte,,2023-01-13
CMD35233,CL0926,P007,Aug 10 2023,2,1765.71,annulé,RBA,Carte,LIV8,
CMD21759,CL0740,P062,02/05/2023,3,1258.2,annulé,TNG,Carte,LIV3,
CMD28605,CL0165,P003,Apr 16 2024,2,2138.87,livré,CASABLANCA,Carte,LIV5,2024-04-21
CMD45297,CL0992,P021,23/04/2023,2,4766.23,annulé,kech,Carte,LIV10,
CMD41077,CL0025,P045,03/11/2023,2,4530.85,annulé,TANGER,Carte,LIV6,
CMD08175,CL0880,P001,12/02/2024,2,2821.95,retourné,casa,Carte,LIV4,2024-02-14
CMD31614,CL0318,P063,2023-11-18,4,4891.46,OK,Agadir,Carte,LIV10,
CMD23381,CL0535,P018,Jul 21 2023,2,4836.5,livré,tanger,Carte,LIV2,2023-07-22
CMD34739,CL0572,P056,05/08/2023,2,146.13,annulé,casa,Carte,LIV2,
CMD35726,CL0617,P088,Oct 02 2023,-1,2208.6,DONE,TANGER,Carte,LIV6,2023-10-03
CMD33294,CL0451,P050,2023-06-29,2,4853.16,retourné,RBA,Carte,LIV8,2023-07-03
CMD15834,CL0187,P074,2023-11-09,5,2002.52,annulé,marrakech,Carte,LIV6,
CMD06278,CL0353,P036,17/05/2023,3,4059.58,LIVRE,Agadir,Carte,LIV10,2023-05-22
CMD28350,CL0045,P003,28/10/2023,3,1703.95,DONE,Tnja,Carte,LIV1,2023-11-02
CMD47768,CL0510,P016,2023-09-07,2,3753.67,livré,CASABLANCA,Carte,LIV3,2023-09-11
CMD13350,CL0482,P068,Feb 23 2023,4,2644.35,KO,RBA,Carte,LIV7,
CMD41738,CL0964,P007,2023-10-27,5,516.6,livré,kech,Carte,LIV5,2023-10-28
CMD38127,CL0427,P099,Sep 03 2023,2,3602.2,retourné,casa,Carte,LIV10,2023-09-05
CMD02669,CL0750,P017,14/03/2023,4,110.17,retourné,Tnja,Carte,LIV2,2023-03-16
CMD34460,CL0515,P064,May 07 2023,1,3713.7,KO,CASABLANCA,Carte,LIV10,
CMD19676,CL0699,P014,2024-02-09,2,4195.47,livré,marrakech,Carte,LIV8,2024-02-10
CMD21846,CL0752,P030,Jan 31 2024,4,3623.04,livre,CASABLANCA,Carte,LIV4,
CMD21965,CL0564,P064,2023-05-16,1,2484.09,retourné,marrakech,Carte,LIV6,2023-05-18
CMD00541,CL0562,P047,01/03/2023,1,3000.77,livré,CASABLANCA,Carte,LIV4,2023-03-02
CMD25742,CL0733,P007,05/08/2023,1,4424.2,livré,tanger,Carte,LIV2,2023-08-06
CMD46052,CL0852,P072,Feb 25 2024,1,409.96,livré,Agadir,Carte,LIV5,2024-02-27
CMD02830,CL0278,P031,2023-03-11,5,2765.12,KO,CASABLANCA,Carte,LIV4,
CMD14523,CL0255,P046,02/02/2023,3,2814.51,annulé,kech,Carte,LIV4,
CMD46276,CL0379,P097,19/07/2023,1,4855.88,livré,TANGER,Carte,LIV8,2023-07-21
CMD23250,CL0193,P055,09/07/2023,1,1841.65,livre,kech,Carte,LIV1,
CMD48478,CL0710,P011,05/05/2023,5,1556.89,DONE,RBA,Carte,,2023-05-09
CMD15569,CL0729,P096,Oct 06 2023,1,3189.39,annulé,kech,Carte,LIV2,
CMD00902,CL0195,P004,2023-04-27,2,2265.39,retourné,kech,Carte,LIV5,2023-05-02
CMD00569,CL0802,P030,2023-10-17,3,4888.84,livré,marrakech,Carte,LIV4,2023-10-18
CMD08163,CL0992,P094,25/09/2023,3,491.07,KO,Agadir,Carte,LIV5,
CMD12968,CL0549,P097,03/05/2024,-1,3138.31,livré,RBA,Carte,LIV4,2024-05-08
CMD23862,CL0832,P020,2023-05-10,1,2199.03,LIVRE,casa,Carte,LIV2,2023-05-15
CMD02191,CL0883,P033,08/06/2023,1,2963.06,DONE,Tnja,Carte,LIV5,2023-06-12
CMD05276,CL0856,P067,09/02/2023,4,2231.07,livré,Agadir,Carte,LIV8,2023-02-11
CMD34371,CL0498,P051,30/01/2023,2,3835.71,livre,kech,Carte,LIV8,
CMD38223,CL0884,P099,2024-03-11,3,2441.87,LIVRE,casa,Carte,LIV3,2024-03-13
CMD01019,CL0629,P074,Oct 17 2023,4,1435.44,livré,marrakech,Carte,LIV10,2023-10-19
CMD45096,CL0965,P071,Mar 31 2023,5,534.13,KO,casa,Carte,LIV1,
CMD23958,CL0412,P007,17/02/2023,1,2127.01,en_cours,kech,Carte,LIV2,
CMD44193,CL0018,P004,2023-10-05,3,3176.68,livré,TANGER,Carte,LIV6,2023-10-09
CMD19823,CL0445,P007,Nov 29 2023,2,4411.83,retourné,CASABLANCA,Carte,LIV10,2023-12-01
CMD22153,CL0797,P097,22/03/2024,3,1757.71,annulé,TNG,Carte,LIV6,
CMD29634,CL0133,P050,2023-05-17,1,4412.35,DONE,TANGER,Carte,LIV8,2023-05-21
CMD20941,CL0349,P010,2023-02-04,1,1060.76,livré,casa,Carte,LIV10,2023-02-06
CMD15341,CL0092,P076,2023-09-04,1,188.48,livré,Tnja,Carte,LIV3,2023-09-07
CMD03918,CL0923,P077,2023-10-07,4,4756.89,OK,CASABLANCA,Carte,LIV3,
CMD05221,CL0120,P031,30/01/2023,2,1652.35,KO,tanger,Carte,LIV8,
CMD04304,CL0590,P002,01/03/2024,4,1053.12,OK,Tnja,Carte,,
CMD39564,CL0112,P001,30/07/2023,1,2193.9,retourné,Agadir,Carte,LIV6,2023-07-31
CMD29286,CL0608,P009,Mar 02 2023,1,2230.7,livre,casa,Carte,LIV8,
CMD38003,CL0829,P062,30/08/2023,1,4545.33,LIVRE,Tnja,Carte,LIV7,2023-09-03
CMD45988,CL0724,P097,2024-04-10,2,1965.52,OK,marrakech,Carte,LIV5,
CMD01039,CL0073,P026,Sep 08 2023,5,579.43,retourné,TNG,Carte,LIV3,2023-09-12
CMD34975,CL0699,P074,24/01/2023,1,3719.92,livre,marrakech,Carte,LIV1,
CMD46325,CL0085,P016,13/12/2023,1,4844.53,livré,TNG,Carte,LIV1,2023-12-18
CMD06903,CL0736,P033,May 09 2023,4,1422.27,annulé,TANGER,Carte,LIV3,
CMD34623,CL0125,P029,17/10/2023,3,4446.68,livré,TNG,Carte,LIV10,2023-10-21
CMD23411,CL0032,P075,08/07/2023,1,4197.41,annulé,Tnja,Carte,LIV10,
CMD11788,CL0840,P016,2023-07-28,4,2232.93,DONE,Agadir,Carte,LIV4,2023-08-02
CMD28952,CL0663,P044,2023-11-09,2,1448.91,KO,CASABLANCA,Carte,,
CMD39251,CL0419,P043,2024-04-04,-1,1812.56,KO,TANGER,Carte,LIV10,
CMD20446,CL0734,P017,03/11/2023,3,1278.86,livré,kech,Carte,,2023-11-08
CMD48341,CL0961,P095,2023-11-14,4,2166.5,KO,CASABLANCA,Carte,LIV6,
CMD02638,CL0812,P028,Jun 14 2023,1,3167.98,en_cours,casa,Carte,LIV2,
CMD02233,CL0987,P026,05/11/2023,3,1847.19,livre,CASABLANCA,Carte,,
CMD25355,CL0560,P083,14/05/2023,3,2333.54,livre,CASABLANCA,Carte,LIV10,
CMD26038,CL0518,P085,Feb 24 2023,3,2449.05,retourné,marrakech,Carte,LIV2,2023-02-27
CMD22167,CL0467,P085,2023-01-11,4,2709.31,OK,Agadir,Carte,,
CMD19231,CL0780,P047,23/10/2023,1,1099.05,OK,marrakech,Carte,LIV2,
CMD47488,CL0610,P098,2023-08-05,1,143.42,retourné,TNG,Carte,LIV8,2023-08-10
CMD40353,CL0289,P036,Feb 01 2023,5,4987.09,retourné,Tnja,Carte,LIV6,2023-02-03
CMD03850,CL0822,P092,Apr 17 2024,5,1266.47,livré,Tnja,Carte,LIV7,2024-04-18
CMD26998,CL0680,P029,17/10/2023,1,2857.04,LIVRE,TNG,Carte,,2023-10-18
CMD23632,CL0775,P034,May 05 2023,3,2765.49,livre,kech,Carte,LIV7,
CMD00004,CL0890,P044,27/03/2023,5,3915.84,LIVRE,RBA,Carte,LIV2,2023-03-31
CMD04820,CL0825,P065,2023-12-24,5,3144.21,DONE,Agadir,Carte,LIV1,2023-12-29
CMD41858,CL0347,P089,2024-02-07,4,561.25,OK,Agadir,Carte,LIV4,
CMD29800,CL0090,P021,22/09/2023,2,3667.75,OK,CASABLANCA,Carte,LIV4,
CMD28399,CL0641,P093,29/01/2023,1,3469.3,annulé,TANGER,Carte,LIV2,
CMD05332,CL0005,P077,23/12/2023,4,4253.73,livré,kech,Carte,LIV8,2023-12-27
CMD29217,CL0788,P034,18/01/2024,3,2512.6,retourné,TANGER,Carte,LIV6,2024-01-21
CMD05180,CL0509,P010,Feb 04 2023,2,2313.81,retourné,casa,Carte,LIV2,2023-02-05
CMD16448,CL0283,P098,Jan 14 2024,4,819.66,DONE,kech,Carte,LIV6,2024-01-16
CMD20969,CL0710,P091,2023-04-28,3,4947.71,KO,kech,Carte,LIV3,
CMD35537,CL0682,P087,2023-03-01,2,2887.9,livré,Tnja,Carte,LIV2,2023-03-03
CMD01733,CL0577,P034,08/12/2023,2,3960.71,livré,TNG,Carte,LIV3,2023-12-11
CMD32996,CL0698,P050,2023-07-23,2,833.42,LIVRE,Tnja,Carte,LIV3,2023-07-26
CMD48112,CL0191,P080,17/11/2023,2,2492.67,livre,CASABLANCA,Carte,LIV6,
CMD46602,CL0953,P047,2023-08-07,5,677.93,KO,TANGER,Carte,LIV3,
CMD29925,CL0920,P010,Oct 06 2023,2,0,LIVRE,TANGER,Carte,LIV1,2023-10-11
CMD25153,CL0535,P017,Apr 21 2023,4,393.04,LIVRE,kech,Carte,LIV5,2023-04-22
CMD40426,CL0902,P003,Sep 06 2023,3,1994.11,livré,TANGER,Carte,LIV8,2023-09-10
CMD12830,CL0728,P002,24/06/2023,4,2465.46,livré,RBA,Carte,LIV7,2023-06-26
CMD42101,CL0777,P040,2023-02-26,5,3286.44,livré,TNG,Carte,LIV9,2023-03-01
CMD19063,CL0095,P087,Apr 12 2024,5,2557.95,retourné,Tnja,Carte,LIV9,2024-04-13
CMD35754,CL0517,P042,2023-02-19,4,931.85,annulé,TANGER,Carte,,
CMD00435,CL0012,P082,2023-04-21,3,1995.08,KO,kech,Carte,LIV5,
CMD13723,CL0303,P020,2024-04-19,3,3283.41,OK,casa,Carte,LIV9,
CMD28225,CL0539,P007,04/12/2023,3,4089.64,KO,TNG,Carte,LIV6,
CMD32540,CL0979,P055,2023-01-14,2,4922.19,KO,Tnja,Carte,LIV6,
CMD24944,CL0171,P097,2023-11-10,4,1765.13,DONE,kech,Carte,LIV10,2023-11-11
CMD21229,CL0622,P052,2024-05-06,3,1372.55,OK,marrakech,Carte,LIV6,
CMD44864,CL0276,P020,17/09/2023,4,1953.82,livré,tanger,Carte,LIV6,2023-09-18
CMD03474,CL0370,P028,11/04/2023,1,608.25,retourné,Agadir,Carte,LIV3,2023-04-15
CMD12536,CL0935,P013,2024-03-11,1,2863.06,annulé,TANGER,Carte,LIV3,
CMD25564,CL0995,P052,02/05/2024,5,4223.15,en_cours,marrakech,Carte,LIV7,
CMD24493,CL0448,P077,Dec 08 2023,5,4659.62,OK,TANGER,Carte,,
CMD15482,CL0669,P048,04/06/2023,1,1726.63,KO,marrakech,Carte,LIV4,
CMD47933,CL0408,P071,11/10/2023,3,2938.38,en_cours,Agadir,Carte,LIV10,
CMD31245,CL0047,P011,Sep 25 2023,5,3165.77,retourné,kech,Carte,LIV5,2023-09-27
CMD07615,CL0385,P010,2023-06-29,4,61.39,livré,TNG,Carte,LIV1,2023-06-30
CMD05923,CL0787,P089,2023-01-17,3,2211.06,DONE,CASABLANCA,Carte,LIV6,2023-01-19
CMD20136,CL0619,P073,18/03/2023,4,2898.9,livré,Tnja,Carte,LIV6,2023-03-22
CMD02911,CL0630,P045,2023-04-15,3,2737.02,livré,marrakech,Carte,LIV6,2023-04-18
CMD41783,CL0415,P013,Jun 22 2023,1,2369.99,en_cours,Tnja,Carte,LIV7,
CMD39080,CL0566,P009,Sep 01 2023,1,4660.4,retourné,kech,Carte,LIV10,2023-09-03
CMD37146,CL0901,P067,10/06/2023,2,196.78,livre,RBA,Carte,LIV3,
CMD05120,CL0658,P079,17/06/2023,2,1771.22,retourné,Tnja,Carte,LIV10,2023-06-21
CMD20447,CL0340,P053,02/12/2023,5,2350.7,retourné,CASABLANCA,Carte,LIV2,2023-12-05
CMD42694,CL0044,P031,Oct 17 2023,3,3974.78,annulé,Agadir,Carte,LIV6,
CMD32229,CL0365,P073,2023-08-09,3,4729.87,livré,Tnja,Carte,LIV10,2023-08-12
CMD11202,CL0962,P018,Feb 21 2024,2,2215.36,OK,CASABLANCA,Carte,LIV3,
CMD42728,CL0324,P009,Oct 20 2023,3,1556.71,KO,TANGER,Carte,LIV6,
CMD13271,CL0255,P091,21/02/2024,2,2234.56,en_cours,kech,Carte,LIV8,
CMD10376,CL0738,P076,Sep 07 2023,1,2545.05,livre,RBA,Carte,LIV3,
CMD18314,CL0877,P048,Mar 02 2023,5,4546.82,LIVRE,casa,Carte,LIV10,2023-03-06
CMD18011,CL0356,P078,2023-06-14,5,1492.19,KO,Tnja,Carte,LIV2,
CMD18148,CL0339,P058,2023-11-13,5,3587.41,DONE,tanger,Carte,LIV6,2023-11-16
CMD18850,CL0276,P031,2023-02-04,5,4076.53,livre,Tnja,Carte,LIV3,
CMD29511,CL0506,P039,20/03/2023,4,71.14,LIVRE,CASABLANCA,Carte,LIV7,2023-03-23
CMD44258,CL0880,P043,Dec 21 2023,4,907.26,retourné,Agadir,Carte,LIV6,2023-12-23
CMD25069,CL0361,P085,2023-11-30,1,2592.36,annulé,Tnja,Carte,,
CMD28172,CL0681,P020,2023-03-17,4,61.56,OK,kech,Carte,LIV2,
CMD35793,CL0510,P092,15/01/2023,1,2005.18,en_cours,Agadir,Carte,LIV6,
CMD20071,CL0401,P011,Aug 19 2023,4,4544.78,KO,Agadir,Carte,LIV1,
CMD36026,CL0244,P035,Feb 19 2023,1,2967.87,livré,TANGER,Carte,LIV9,2023-02-22
CMD36147,CL0299,P029,2023-02-09,5,3861.21,livré,RBA,Carte,LIV5,2023-02-12
CMD00480,CL0937,P062,2023-06-23,2,892.94,livre,Tnja,Carte,LIV5,
CMD23092,CL0094,P073,12/04/2023,2,3533.53,en_cours,Agadir,Carte,LIV7,
CMD32405,CL0103,P059,07/09/2023,1,2021.61,DONE,CASABLANCA,Carte,LIV5,2023-09-09
CMD04555,CL0511,P026,May 01 2023,4,2346.59,livré,casa,Carte,LIV3,2023-05-02
CMD37524,CL0682,P084,Aug 14 2023,4,4945.24,annulé,tanger,Carte,LIV8,
CMD14745,CL0140,P032,2024-05-05,1,551.64,en_cours,marrakech,Carte,LIV1,
CMD01928,CL0179,P081,Feb 08 2024,5,3413.78,livre,casa,Carte,LIV4,
CMD34488,CL0472,P096,Mar 28 2023,1,98.28,annulé,marrakech,Carte,,
CMD03148,CL0797,P085,Oct 20 2023,4,3389.59,OK,TANGER,Carte,LIV7,
CMD03264,CL0456,P088,04/12/2023,3,3354.41,livré,casa,Carte,LIV5,2023-12-06
CMD26664,CL0580,P040,2023-03-01,5,626.32,livre,Agadir,Carte,LIV4,
CMD41267,CL0657,P063,01/02/2024,5,3082.75,livré,casa,Carte,,2024-02-05
CMD21308,CL0649,P032,2023-07-09,4,162.39,DONE,tanger,Carte,LIV7,2023-07-14
CMD44987,CL0205,P100,2024-05-09,5,316.18,DONE,RBA,Carte,LIV3,2024-05-13
CMD37291,CL0971,P099,2023-08-01,2,4242.5,livré,CASABLANCA,Carte,LIV1,2023-08-06
CMD11624,CL0163,P098,2023-09-14,5,3154.48,livré,marrakech,Carte,LIV7,2023-09-19
CMD45651,CL0928,P029,2023-08-18,2,3505.67,KO,Tnja,Carte,LIV6,
CMD10351,CL0318,P022,16/02/2023,3,572.74,en_cours,Tnja,Carte,LIV1,
CMD44796,CL0179,P021,17/06/2023,5,670.05,livre,Tnja,Carte,LIV6,
CMD36613,CL0930,P012,2024-04-11,3,3677.93,OK,kech,Carte,LIV8,
CMD39252,CL0147,P075,2023-11-09,5,3842.23,livré,Tnja,Carte,LIV1,2023-11-10
CMD09471,CL0735,P041,2024-04-18,1,2466.85,livré,Tnja,Carte,LIV6,2024-04-20
CMD08688,CL0376,P050,Apr 30 2023,1,2163.75,livré,Tnja,Carte,LIV4,2023-05-05
CMD37387,CL0240,P039,11/07/2023,1,1785.04,livré,TNG,Carte,LIV3,2023-07-13
CMD28926,CL0315,P021,Apr 28 2024,5,4149.28,retourné,tanger,Carte,LIV9,2024-04-29
CMD31166,CL0548,P091,04/03/2023,2,2313.37,livré,RBA,Carte,LIV8,2023-03-07
CMD33766,CL0564,P082,Apr 26 2024,5,1473.78,livré,Agadir,Carte,LIV3,2024-04-30
CMD14842,CL0856,P077,Jul 23 2023,1,1193.13,en_cours,TNG,Carte,LIV3,
CMD15789,CL0798,P046,2023-04-28,3,4476.11,livré,kech,Carte,LIV9,2023-04-30
CMD18397,CL0375,P043,01/03/2023,3,4672.32,LIVRE,CASABLANCA,Carte,LIV3,2023-03-02
CMD12173,CL0106,P008,Dec 06 2023,1,63.53,livre,Agadir,Carte,LIV8,
CMD44857,CL0235,P086,2023-05-20,3,1934.26,OK,RBA,Carte,LIV2,
CMD00209,CL0651,P015,2024-01-31,5,4702.6,LIVRE,Agadir,Carte,LIV6,2024-02-05
CMD04283,CL0770,P024,19/03/2024,3,735.06,OK,TANGER,Carte,LIV5,
CMD22264,CL0553,P066,Jan 30 2024,3,3541.34,livré,marrakech,Carte,LIV7,2024-02-03
CMD05244,CL0815,P080,Oct 15 2023,5,1836.69,DONE,CASABLANCA,Carte,,2023-10-19
CMD21206,CL0789,P094,17/03/2024,4,3106.4,annulé,casa,Carte,LIV2,
CMD01399,CL0649,P066,14/04/2024,5,4057.68,en_cours,tanger,Carte,LIV3,
CMD34440,CL0797,P068,28/04/2023,1,468.63,livré,TANGER,Carte,LIV5,2023-05-03
CMD41120,CL0693,P074,02/02/2024,5,2482.26,OK,marrakech,Carte,LIV5,
CMD11631,CL0923,P035,2023-09-02,3,2185.0,livré,RBA,Carte,LIV3,2023-09-06
CMD41767,CL0269,P055,2023-05-27,1,98.7,KO,marrakech,Carte,LIV3,
CMD21210,CL0529,P008,2024-02-01,5,1509.37,livre,kech,Carte,LIV8,
CMD09318,CL0932,P068,Feb 28 2023,2,1155.18,livré,tanger,Carte,LIV8,2023-03-03
CMD17039,CL0923,P058,04/01/2024,2,559.92,livré,TNG,Carte,LIV4,2024-01-05
CMD07807,CL0356,P082,2023-02-10,4,190.64,DONE,Agadir,Carte,LIV4,2023-02-14
CMD24758,CL0545,P063,21/01/2024,4,262.53,retourné,TNG,Carte,LIV5,2024-01-23
CMD02310,CL0385,P074,19/03/2024,3,1183.8,LIVRE,RBA,Carte,LIV10,2024-03-23
CMD24521,CL0730,P069,2024-03-13,1,4918.28,livré,Agadir,Carte,LIV2,2024-03-17
CMD31012,CL0006,P053,2024-05-15,2,3842.07,annulé,RBA,Carte,LIV7,
CMD30990,CL0982,P002,2024-04-04,3,2540.61,livré,TNG,Carte,LIV5,2024-04-08
CMD42753,CL0731,P016,Apr 24 2023,5,4113.97,livré,kech,Carte,LIV8,2023-04-25
CMD10384,CL0756,P038,May 08 2024,1,4601.9,livré,kech,Carte,LIV5,2024-05-09
CMD01626,CL0765,P084,Mar 26 2023,4,1616.22,annulé,TNG,Carte,LIV2,
CMD44983,CL0952,P073,Feb 19 2023,3,1937.68,OK,Tnja,Carte,LIV5,
CMD24272,CL0636,P069,16/02/2024,2,3126.61,livré,RBA,Carte,LIV1,2024-02-19
CMD29626,CL0062,P080,06/07/2023,2,4387.16,annulé,CASABLANCA,Carte,LIV8,
CMD37304,CL0683,P012,26/04/2024,5,1936.6,OK,TANGER,Carte,LIV4,
CMD34569,CL0211,P093,2024-01-12,4,3218.22,livré,casa,Carte,,2024-01-15
CMD22565,CL0317,P073,2023-07-23,1,3433.32,livré,tanger,Carte,,2023-07-24
CMD29332,CL0088,P036,2023-07-28,1,207.97,livré,tanger,Carte,,2023-07-31
CMD03176,CL0580,P070,2023-11-20,4,3959.92,KO,marrakech,Carte,,
CMD08778,CL0660,P091,2023-12-06,2,670.68,en_cours,kech,Carte,LIV7,
CMD01673,CL0724,P005,2023-11-19,5,2224.9,DONE,TNG,Carte,,2023-11-20
CMD44917,CL0783,P015,01/08/2023,5,3423.53,livré,CASABLANCA,Carte,LIV8,2023-08-03
CMD39524,CL0297,P040,2023-04-07,2,876.44,OK,TANGER,Carte,LIV1,
CMD39584,CL0324,P052,2023-02-11,2,3409.27,annulé,RBA,Carte,LIV6,
CMD44976,CL0812,P098,Oct 01 2023,4,1941.69,livre,casa,Carte,LIV9,
CMD26233,CL0159,P004,2023-12-03,2,2134.3,OK,kech,Carte,LIV1,
CMD37005,CL0768,P093,23/04/2024,4,1236.85,retourné,casa,Carte,LIV6,2024-04-24
CMD13653,CL0875,P044,Mar 23 2024,3,3229.08,annulé,kech,Carte,LIV5,
CMD38344,CL0933,P069,21/03/2024,2,444.62,retourné,RBA,Carte,LIV10,2024-03-26
CMD40436,CL0206,P014,Mar 15 2024,3,4130.11,livré,RBA,Carte,LIV7,2024-03-18
CMD38730,CL0578,P001,Jul 13 2023,4,4205.39,livré,TANGER,Carte,LIV3,2023-07-16
CMD38402,CL0065,P034,18/02/2024,3,2820.68,livré,RBA,Carte,LIV3,2024-02-21
CMD17652,CL0340,P058,2023-08-20,5,60.25,DONE,RBA,Carte,LIV2,2023-08-23
CMD32552,CL0342,P065,2023-10-27,1,1148.1,LIVRE,casa,Carte,LIV4,2023-10-28
CMD14323,CL0805,P040,11/05/2024,5,3230.76,LIVRE,TNG,Carte,LIV3,2024-05-14
CMD19732,CL0293,P080,2023-02-21,2,4832.82,livré,TANGER,Carte,LIV2,2023-02-24
CMD23602,CL0523,P095,24/10/2023,4,4694.92,livre,TANGER,Carte,LIV2,
CMD30837,CL0666,P085,03/12/2023,1,430.39,livré,RBA,Carte,LIV4,2023-12-04
CMD22656,CL0368,P036,Dec 26 2023,3,958.99,livré,tanger,Carte,LIV4,2023-12-31
CMD26716,CL0003,P051,2024-05-02,3,1625.57,livré,casa,Carte,,2024-05-03
CMD44918,CL0871,P020,May 26 2023,4,4959.91,retourné,marrakech,Carte,LIV10,2023-05-30
CMD38151,CL0540,P018,2023-06-17,5,3184.35,livré,kech,Carte,LIV9,2023-06-22
CMD34439,CL0904,P074,2023-02-01,2,4527.59,KO,Tnja,Carte,LIV7,
CMD13899,CL0313,P004,2023-02-04,5,4947.31,annulé,kech,Carte,LIV3,
CMD05515,CL0849,P075,Feb 13 2024,3,0,KO,marrakech,Carte,LIV4,
CMD28844,CL0587,P072,Feb 21 2024,2,2960.7,retourné,tanger,Carte,LIV1,2024-02-24
CMD05975,CL0486,P027,2023-11-22,3,3120.43,OK,tanger,Carte,LIV3,
CMD13915,CL0028,P005,2023-06-05,4,678.6,KO,TANGER,Carte,LIV5,
CMD40899,CL0677,P027,23/12/2023,2,3795.58,LIVRE,TANGER,Carte,LIV9,2023-12-28
CMD24312,CL0147,P029,Jan 10 2024,3,4726.47,DONE,TANGER,Carte,LIV8,2024-01-12
CMD22360,CL0915,P025,2024-05-01,4,3705.11,livré,TNG,Carte,LIV1,2024-05-02
CMD26558,CL0129,P068,Jan 23 2024,1,1458.9,LIVRE,TANGER,Carte,LIV2,2024-01-28
CMD43551,CL0577,P057,2023-06-28,5,4897.66,KO,tanger,Carte,LIV5,
CMD06567,CL0420,P061,2023-10-28,2,1621.49,en_cours,CASABLANCA,Carte,LIV9,
CMD33652,CL0527,P025,2024-04-25,3,3030.2,LIVRE,Agadir,Carte,LIV1,2024-04-29
CMD38170,CL0786,P048,29/04/2024,3,569.04,KO,Agadir,Carte,LIV5,
CMD01764,CL0787,P017,2023-04-28,3,1039.5,annulé,Tnja,Carte,LIV7,
CMD21195,CL0632,P012,2023-09-10,3,3015.28,KO,casa,Carte,LIV5,
CMD15099,CL0111,P080,07/12/2023,5,929.74,annulé,casa,Carte,LIV8,
CMD17247,CL0806,P046,2024-03-14,4,2704.85,livré,Tnja,Carte,LIV5,2024-03-17
CMD29475,CL0011,P079,09/03/2024,3,1272.11,DONE,RBA,Carte,LIV3,2024-03-10
CMD26560,CL0394,P099,02/08/2023,2,2871.67,annulé,marrakech,Carte,LIV3,
CMD36129,CL0232,P035,2023-11-22,1,4355.01,livré,casa,Carte,LIV9,2023-11-26
CMD17469,CL0702,P030,2023-08-05,2,3869.97,OK,TNG,Carte,LIV2,
CMD19183,CL0699,P094,Feb 19 2023,3,3733.11,livré,casa,Carte,LIV4,2023-02-20
CMD25105,CL0018,P063,19/04/2024,5,706.34,LIVRE,Agadir,Carte,LIV10,2024-04-23
CMD28928,CL0323,P059,2024-04-03,3,3335.45,LIVRE,TANGER,Carte,LIV3,2024-04-08
CMD23164,CL0115,P042,2023-10-24,4,4790.23,KO,marrakech,Carte,LIV10,
CMD16092,CL0388,P082,09/01/2024,5,4902.03,retourné,TANGER,Carte,LIV3,2024-01-14
CMD18108,CL0318,P030,Feb 24 2024,4,3093.19,livré,Tnja,Carte,LIV3,2024-02-26
CMD13378,CL0784,P058,2023-09-21,2,2535.94,DONE,tanger,Carte,LIV9,2023-09-23
CMD05800,CL0530,P068,20/03/2023,4,3568.21,DONE,tanger,Carte,LIV6,2023-03-23
CMD44418,CL0325,P063,2023-02-24,3,1992.61,OK,CASABLANCA,Carte,LIV2,
CMD32385,CL0844,P079,Feb 11 2024,1,190.69,annulé,casa,Carte,LIV6,
CMD38584,CL0654,P030,18/03/2024,2,3669.56,retourné,TNG,Carte,LIV5,2024-03-22
CMD28104,CL0270,P008,Oct 28 2023,3,3837.53,en_cours,tanger,Carte,LIV4,
CMD29523,CL0826,P032,2024-04-20,2,1798.95,livre,RBA,Carte,LIV6,
CMD30220,CL0169,P094,15/04/2023,1,1462.69,DONE,tanger,Carte,LIV4,2023-04-20
CMD34899,CL0887,P027,09/04/2023,1,2597.01,retourné,TNG,Carte,LIV1,2023-04-12
CMD44048,CL0130,P004,07/03/2023,4,3059.78,annulé,Agadir,Carte,LIV6,
CMD30650,CL0141,P005,2023-07-04,3,2376.49,DONE,tanger,Carte,LIV7,2023-07-05
CMD39106,CL0956,P022,2023-03-29,4,990.84,livré,Agadir,Carte,LIV5,2023-04-03
CMD15729,CL0483,P007,Jun 11 2023,5,725.33,DONE,Agadir,Carte,LIV3,2023-06-12
CMD16597,CL0787,P095,Mar 27 2023,2,1477.07,LIVRE,Tnja,Carte,LIV4,2023-03-31
CMD07753,CL0426,P041,2023-02-24,5,4443.85,annulé,Tnja,Carte,,
CMD45697,CL0758,P044,18/04/2024,3,4573.25,en_cours,Agadir,Carte,LIV9,
CMD26076,CL0499,P066,Feb 19 2024,3,3061.03,livré,casa,Carte,,2024-02-22
CMD41297,CL0395,P087,2024-01-07,4,1884.41,en_cours,Agadir,Carte,LIV4,
CMD08513,CL0789,P045,Jul 12 2023,4,2590.31,livré,Agadir,Carte,LIV8,2023-07-16
CMD25773,CL0525,P005,2024-03-05,5,1964.96,livré,casa,Carte,LIV9,2024-03-07
CMD33359,CL0234,P072,Apr 06 2023,1,4070.54,retourné,RBA,Carte,LIV8,2023-04-08
CMD20950,CL0914,P017,06/07/2023,4,3850.35,KO,casa,Carte,LIV4,
CMD02145,CL0076,P038,Aug 12 2023,4,2178.36,retourné,RBA,Carte,LIV9,2023-08-17
CMD20230,CL0074,P002,2024-05-06,3,1968.3,livre,TNG,Carte,LIV1,
CMD41668,CL0266,P031,12/01/2023,4,847.82,en_cours,tanger,Carte,LIV6,
CMD13855,CL0026,P018,Mar 25 2023,1,3732.54,livré,casa,Carte,LIV6,2023-03-28
CMD33540,CL0065,P019,Feb 14 2023,3,755.46,en_cours,TANGER,Carte,LIV2,
CMD40686,CL0209,P052,May 05 2024,5,2584.47,en_cours,marrakech,Carte,LIV3,
CMD28052,CL0046,P013,Dec 31 2023,5,2572.2,livré,tanger,Carte,LIV2,2024-01-01
CMD36181,CL0828,P020,2023-04-05,3,1312.53,en_cours,RBA,Carte,LIV1,
CMD22792,CL0432,P067,12/09/2023,5,3620.29,livre,Tnja,Carte,LIV2,
CMD32159,CL0220,P014,2024-05-09,-1,1099.29,livré,TANGER,Carte,LIV4,2024-05-13
CMD00845,CL0917,P094,Apr 17 2024,1,3082.66,KO,TANGER,Carte,LIV6,
CMD36270,CL0460,P010,18/03/2024,4,3095.33,DONE,tanger,Carte,LIV4,2024-03-22
CMD46467,CL0163,P048,15/12/2023,4,2721.88,livré,tanger,Carte,LIV3,2023-12-18
CMD25791,CL0602,P015,2023-01-17,1,1999.72,annulé,kech,Carte,LIV4,
CMD04543,CL0100,P075,2023-11-30,2,2233.44,livré,kech,Carte,LIV10,2023-12-03
CMD35522,CL0592,P046,2024-02-08,2,2035.47,livré,TANGER,Carte,LIV4,2024-02-10
CMD21328,CL0843,P071,May 01 2024,5,1782.14,livre,tanger,Carte,LIV8,
CMD44181,CL0017,P091,2023-01-13,4,4245.34,livré,marrakech,Carte,LIV8,2023-01-17
CMD15120,CL0954,P032,Jun 28 2023,4,1719.27,LIVRE,marrakech,Carte,LIV10,2023-07-03
CMD00782,CL0967,P038,Sep 13 2023,4,3823.95,livré,TANGER,Carte,LIV2,2023-09-15
CMD28244,CL0888,P032,2023-05-30,1,4752.86,KO,tanger,Carte,LIV3,
CMD43319,CL0309,P086,2024-03-07,3,1062.14,livre,tanger,Carte,LIV1,
CMD05428,CL0617,P030,Apr 26 2024,2,3696.44,KO,casa,Carte,LIV10,
CMD27710,CL0236,P020,2024-01-21,2,2497.4,DONE,kech,Carte,LIV9,2024-01-22
CMD38224,CL0816,P064,Sep 23 2023,3,1779.69,annulé,TNG,Carte,LIV2,
CMD09625,CL0523,P017,Feb 14 2024,1,799.57,retourné,tanger,Carte,LIV4,2024-02-16
CMD18687,CL0595,P015,2023-08-06,1,4091.36,livre,TANGER,Carte,LIV10,
CMD12859,CL0880,P095,Feb 28 2023,4,3652.23,livre,casa,Carte,,
CMD20080,CL0173,P018,27/09/2023,1,1213.12,DONE,Agadir,Carte,LIV2,2023-10-02
CMD34914,CL0289,P074,Dec 09 2023,2,2796.89,retourné,RBA,Carte,LIV8,2023-12-14
CMD46454,CL0402,P095,17/09/2023,3,1321.58,KO,casa,Carte,LIV2,
CMD25170,CL0864,P015,02/05/2024,5,2755.25,retourné,Tnja,Carte,LIV10,2024-05-04
CMD01003,CL0568,P079,2023-07-16,3,4663.54,en_cours,kech,Carte,LIV7,
CMD33392,CL0605,P034,28/03/2023,1,197.89,livré,Tnja,Carte,LIV5,2023-03-29
CMD08452,CL0726,P024,17/05/2023,3,3882.42,DONE,Agadir,Carte,LIV3,2023-05-20
CMD18048,CL0766,P006,2023-08-26,5,0,DONE,casa,Carte,LIV6,2023-08-29
CMD10070,CL0278,P082,2023-04-20,3,2477.78,livré,tanger,Carte,LIV1,2023-04-21
CMD29131,CL0956,P020,07/05/2023,5,2980.4,LIVRE,tanger,Carte,LIV1,2023-05-09
CMD18618,CL0437,P009,22/10/2023,1,3238.02,DONE,casa,Carte,LIV6,2023-10-26
CMD43678,CL0984,P073,17/11/2023,-1,3897.1,LIVRE,CASABLANCA,Carte,LIV6,2023-11-21
CMD14707,CL0200,P085,12/06/2023,2,745.73,en_cours,RBA,Carte,LIV10,
CMD27581,CL0207,P057,2024-02-26,5,2410.28,annulé,Tnja,Carte,,
CMD26475,CL0099,P012,12/05/2024,5,4803.24,DONE,CASABLANCA,Carte,LIV6,2024-05-13
CMD29254,CL0984,P062,19/03/2024,2,4891.58,livré,kech,Carte,LIV4,2024-03-24
CMD34321,CL0635,P070,2023-06-26,1,1560.71,annulé,RBA,Carte,LIV8,
CMD33044,CL0800,P078,2023-06-09,5,1693.73,livré,TANGER,Carte,LIV1,2023-06-12
CMD25763,CL0469,P053,2023-05-17,2,4963.45,LIVRE,CASABLANCA,Carte,LIV8,2023-05-19
CMD38797,CL0024,P085,2023-03-18,4,4092.2,retourné,kech,Carte,LIV10,2023-03-21
CMD09595,CL0657,P089,Jan 28 2023,4,2278.59,OK,TNG,Carte,LIV8,
CMD44671,CL0683,P100,Aug 13 2023,3,2472.14,DONE,kech,Carte,LIV6,2023-08-15
CMD36771,CL0063,P048,12/05/2024,5,4969.22,livré,CASABLANCA,Carte,LIV10,2024-05-16
CMD18414,CL0676,P019,04/05/2023,3,2351.65,DONE,CASABLANCA,Carte,,2023-05-07
CMD12243,CL0784,P065,29/06/2023,4,2647.27,annulé,marrakech,Carte,LIV7,
CMD36035,CL0925,P091,2023-07-31,4,1635.52,LIVRE,RBA,Carte,LIV6,2023-08-03
CMD09423,CL0295,P018,28/03/2024,1,2962.02,livré,tanger,Carte,LIV2,2024-04-02
CMD25257,CL0477,P009,Jan 31 2023,2,1160.71,retourné,kech,Carte,LIV2,2023-02-02
CMD10196,CL0517,P073,18/08/2023,1,4877.55,en_cours,RBA,Carte,LIV1,
CMD36252,CL0136,P061,Jan 09 2024,3,492.93,livré,Agadir,Carte,LIV7,2024-01-13
CMD40595,CL0343,P089,Feb 26 2024,3,615.02,LIVRE,tanger,Carte,LIV9,2024-02-27
CMD11319,CL0360,P010,Jan 29 2023,5,2168.46,livré,tanger,Carte,LIV5,2023-02-03
CMD35064,CL0822,P065,Feb 08 2023,3,4069.9,KO,marrakech,Carte,LIV8,
CMD34239,CL0024,P008,Jun 04 2023,2,4055.14,DONE,Agadir,Carte,LIV8,2023-06-07
CMD44650,CL0767,P090,01/09/2023,3,2324.68,retourné,TNG,Carte,,2023-09-04
CMD19590,CL0429,P033,05/09/2023,5,910.8,livre,tanger,Carte,LIV1,
CMD03756,CL0983,P039,Mar 23 2024,4,3121.1,livré,TANGER,Carte,LIV2,2024-03-26
CMD29701,CL0634,P006,2023-09-18,4,2387.41,DONE,casa,Carte,LIV2,2023-09-20
CMD11566,CL0062,P019,24/03/2023,5,788.47,retourné,Agadir,Carte,LIV3,2023-03-25
CMD18302,CL0467,P006,Sep 20 2023,3,3540.08,LIVRE,tanger,Carte,LIV7,2023-09-21
CMD20518,CL0994,P085,2024-01-18,4,2524.28,livré,Agadir,Carte,LIV1,2024-01-19
CMD19139,CL0273,P080,2023-03-02,3,4374.45,livre,Tnja,Carte,LIV10,
CMD22801,CL0647,P094,2023-12-29,4,1925.77,DONE,tanger,Carte,LIV10,2024-01-03
CMD00402,CL0522,P091,02/10/2023,4,3661.07,DONE,Tnja,Carte,,2023-10-04
CMD10894,CL0114,P092,07/02/2024,5,1134.3,DONE,CASABLANCA,Carte,LIV2,2024-02-08
CMD31324,CL0842,P069,Mar 29 2023,2,854.41,livre,marrakech,Carte,LIV9,
CMD37410,CL0250,P045,Jun 19 2023,4,4406.64,livré,marrakech,Carte,LIV9,2023-06-21
CMD21961,CL0930,P031,Jul 09 2023,2,3218.28,en_cours,RBA,Carte,LIV3,
CMD13294,CL0004,P050,10/12/2023,2,4888.54,livre,Tnja,Carte,LIV3,
CMD44277,CL0749,P048,2023-08-04,2,2040.96,retourné,TANGER,Carte,,2023-08-09
CMD32789,CL0175,P037,Mar 13 2023,4,2752.37,OK,TANGER,Carte,LIV2,
CMD14135,CL0746,P033,23/12/2023,3,3836.0,LIVRE,Tnja,Carte,LIV10,2023-12-27
CMD30626,CL0025,P022,24/08/2023,2,2800.38,annulé,TNG,Carte,LIV4,
CMD32651,CL0323,P012,Feb 15 2024,5,4452.47,annulé,casa,Carte,LIV7,
CMD47104,CL0911,P008,Apr 18 2023,2,335.23,livré,Tnja,Carte,LIV1,2023-04-21
CMD46946,CL0898,P029,Mar 29 2024,3,4518.75,livré,kech,Carte,LIV1,2024-04-03
CMD12113,CL0589,P095,2024-03-15,5,1488.15,OK,CASABLANCA,Carte,LIV9,
CMD29456,CL0450,P073,2023-11-05,4,651.77,livré,kech,Carte,LIV9,2023-11-07
CMD24894,CL0795,P084,07/09/2023,4,1183.82,OK,casa,Carte,LIV4,
CMD40577,CL0471,P099,Jun 18 2023,2,1663.27,DONE,RBA,Carte,LIV2,2023-06-21
CMD35959,CL0093,P032,Jan 13 2023,3,4542.83,DONE,Tnja,Carte,LIV10,2023-01-14
CMD11392,CL0707,P005,11/11/2023,4,3315.48,livré,RBA,Carte,LIV4,2023-11-16
CMD07146,CL0608,P021,May 08 2024,5,4094.0,livré,CASABLANCA,Carte,LIV1,2024-05-11
CMD43875,CL0655,P056,2024-04-06,4,4379.96,en_cours,kech,Carte,,
CMD00299,CL0571,P039,2023-10-12,5,538.59,KO,casa,Carte,LIV5,
CMD27012,CL0926,P029,May 09 2024,3,3068.06,livre,casa,Carte,LIV7,
CMD13673,CL0900,P071,2023-07-17,3,2125.77,livré,TNG,Carte,LIV8,2023-07-20
CMD35812,CL0338,P082,2024-01-29,3,290.96,en_cours,CASABLANCA,Carte,LIV4,
CMD46654,CL0367,P039,2023-01-03,1,3102.07,OK,TNG,Carte,LIV1,
CMD13606,CL0111,P078,Jul 25 2023,3,607.28,LIVRE,CASABLANCA,Carte,LIV1,2023-07-30
CMD15945,CL0467,P092,Dec 13 2023,3,2229.14,livre,Agadir,Carte,LIV2,
CMD43612,CL0366,P009,03/08/2023,2,153.0,DONE,kech,Carte,LIV6,2023-08-04
CMD19870,CL0767,P035,Sep 15 2023,3,2505.03,livré,Agadir,Carte,LIV1,2023-09-17
CMD43326,CL0955,P096,Dec 08 2023,3,3283.81,livre,Tnja,Carte,LIV1,
CMD01887,CL0328,P080,2023-10-04,5,404.5,DONE,marrakech,Carte,LIV5,2023-10-09
CMD45022,CL0446,P008,Jan 31 2024,3,3375.35,retourné,Tnja,Carte,LIV8,2024-02-03
CMD39769,CL0010,P027,2023-05-29,5,891.54,annulé,casa,Carte,LIV3,
CMD09698,CL0243,P043,Jul 30 2023,2,967.63,livré,casa,Carte,LIV9,2023-08-02
CMD31556,CL0936,P087,Mar 03 2023,2,2929.75,KO,TANGER,Carte,LIV6,
CMD07509,CL0849,P087,20/11/2023,1,2188.96,LIVRE,RBA,Carte,LIV2,2023-11-23
CMD05608,CL0666,P046,Jul 25 2023,-1,4589.91,livré,Agadir,Carte,LIV7,2023-07-30
CMD22057,CL0287,P057,2024-05-12,5,4553.95,en_cours,RBA,Carte,,
CMD29138,CL0579,P075,04/09/2023,1,471.97,livré,marrakech,Carte,LIV10,2023-09-06
CMD21375,CL0526,P038,26/03/2024,4,3876.31,annulé,marrakech,Carte,LIV10,
CMD08784,CL0306,P039,26/01/2024,5,3794.95,livré,RBA,Carte,LIV7,2024-01-27
CMD45992,CL0882,P064,2023-02-03,5,1882.74,LIVRE,RBA,Carte,LIV9,2023-02-08
CMD07865,CL0320,P078,2024-02-10,5,442.69,DONE,Tnja,Carte,LIV8,2024-02-11
CMD46295,CL0256,P070,2023-06-06,5,279.5,en_cours,casa,Carte,LIV2,
CMD01451,CL0032,P025,08/02/2024,5,1738.0,LIVRE,CASABLANCA,Carte,LIV1,2024-02-11
CMD10229,CL0168,P021,Sep 07 2023,4,2823.14,livré,CASABLANCA,Carte,LIV10,2023-09-09
CMD32488,CL0409,P033,2024-05-15,5,3028.24,DONE,TANGER,Carte,LIV5,2024-05-17
CMD10395,CL0676,P041,Mar 08 2023,1,4804.12,livre,RBA,Carte,LIV7,
CMD01175,CL0574,P092,08/05/2023,3,3946.35,en_cours,CASABLANCA,Carte,LIV4,
CMD31971,CL0745,P008,2023-05-01,5,4987.54,livré,TNG,Carte,LIV4,2023-05-05
CMD23204,CL0493,P029,Mar 03 2024,5,2183.25,DONE,marrakech,Carte,LIV10,2024-03-06
CMD27674,CL0291,P035,2023-03-28,3,2371.46,livré,tanger,Carte,LIV1,2023-04-01
CMD48436,CL0303,P023,Dec 06 2023,5,4993.82,annulé,TANGER,Carte,LIV10,
CMD17532,CL0885,P041,Oct 05 2023,2,1022.81,en_cours,casa,Carte,LIV6,
CMD15677,CL0802,P092,Oct 23 2023,3,1561.69,annulé,TNG,Carte,LIV4,
CMD23817,CL0316,P062,Aug 21 2023,1,2888.48,livre,kech,Carte,,
CMD16870,CL0993,P098,2023-01-26,4,4892.39,livre,casa,Carte,LIV2,
CMD18918,CL0242,P094,Jul 12 2023,5,2484.68,DONE,RBA,Carte,LIV5,2023-07-14
CMD25735,CL0382,P077,2024-05-03,4,3769.95,en_cours,Agadir,Carte,LIV7,
CMD05069,CL0460,P042,15/12/2023,2,4958.04,livré,Tnja,Carte,LIV7,2023-12-19
CMD05171,CL0859,P047,Feb 16 2023,1,4976.3,annulé,kech,Carte,LIV5,
CMD25057,CL0238,P042,21/11/2023,3,280.42,KO,RBA,Carte,LIV4,
CMD46688,CL0272,P006,Mar 21 2023,3,3347.96,livré,kech,Carte,LIV7,2023-03-22
CMD16767,CL0097,P090,Jan 18 2023,2,2267.3,DONE,Agadir,Carte,LIV6,2023-01-21
CMD26056,CL0440,P046,2024-03-22,3,2954.97,OK,CASABLANCA,Carte,LIV1,
CMD08071,CL0629,P036,2023-06-23,1,596.62,livre,marrakech,Carte,LIV7,
CMD34792,CL0016,P087,2023-08-30,4,863.07,DONE,TANGER,Carte,LIV9,2023-08-31
CMD06851,CL0275,P041,2023-02-06,1,3576.81,LIVRE,TNG,Carte,LIV3,2023-02-10
CMD30452,CL0368,P090,2023-11-01,2,405.65,retourné,marrakech,Carte,LIV7,2023-11-06
CMD44096,CL0165,P031,Jun 05 2023,3,4968.69,DONE,TANGER,Carte,LIV1,2023-06-10
CMD00598,CL0952,P007,24/03/2023,5,3991.95,KO,kech,Carte,LIV5,
CMD24850,CL0746,P038,2023-06-20,1,3010.04,OK,kech,Carte,LIV8,
CMD24720,CL0603,P024,17/01/2024,4,2112.69,livre,RBA,Carte,LIV6,
CMD13964,CL0637,P005,2024-03-08,3,886.91,retourné,marrakech,Carte,LIV5,2024-03-12
CMD37464,CL0063,P026,Sep 18 2023,3,2995.11,OK,casa,Carte,LIV2,
CMD01289,CL0310,P089,Sep 15 2023,3,1679.49,LIVRE,casa,Carte,LIV1,2023-09-20
CMD19184,CL0640,P045,Sep 02 2023,1,4325.14,OK,TANGER,Carte,LIV1,
CMD28155,CL0245,P002,2024-04-20,1,1585.4,KO,kech,Carte,LIV7,
CMD46646,CL0090,P036,21/08/2023,4,3790.61,livré,TNG,Carte,LIV8,2023-08-23
CMD03269,CL0300,P026,29/02/2024,2,56.47,OK,TANGER,Carte,LIV5,
CMD47575,CL0898,P089,Apr 28 2024,4,4339.74,KO,CASABLANCA,Carte,LIV9,
CMD41883,CL0191,P093,Oct 18 2023,1,2869.11,OK,RBA,Carte,LIV10,
CMD06826,CL0115,P050,10/08/2023,4,3059.65,retourné,Agadir,Carte,LIV9,2023-08-14
CMD29933,CL0501,P085,Nov 23 2023,1,1069.54,OK,kech,Carte,LIV5,
CMD15983,CL0930,P046,Mar 29 2023,2,4377.56,DONE,CASABLANCA,Carte,LIV7,2023-03-31
CMD12500,CL0954,P068,Dec 09 2023,4,2785.66,KO,CASABLANCA,Carte,LIV6,
CMD47704,CL0555,P036,2023-12-20,5,4129.27,livre,marrakech,Carte,LIV2,
CMD08777,CL0864,P023,2024-02-18,4,234.63,livré,CASABLANCA,Carte,LIV9,2024-02-21
CMD24214,CL0726,P033,30/08/2023,3,393.51,en_cours,RBA,Carte,,
CMD16720,CL0921,P096,2023-06-07,5,4215.01,retourné,marrakech,Carte,LIV6,2023-06-12
CMD35201,CL0600,P029,May 09 2024,4,644.81,annulé,casa,Carte,LIV6,
CMD45942,CL0994,P096,2023-03-30,1,1186.42,KO,tanger,Carte,LIV6,
CMD43997,CL0522,P057,Jan 16 2023,5,1128.53,livré,TANGER,Carte,LIV8,2023-01-20
CMD18353,CL0683,P038,2024-03-20,3,3710.22,en_cours,CASABLANCA,Carte,LIV4,
CMD19624,CL0578,P002,May 03 2024,1,2240.85,annulé,TNG,Carte,LIV8,
CMD17916,CL0485,P083,20/02/2023,4,464.66,annulé,Agadir,Carte,LIV9,
CMD06716,CL0012,P056,2024-03-18,1,1705.09,retourné,kech,Carte,LIV3,2024-03-20
CMD29904,CL0377,P044,Feb 08 2024,2,2605.13,annulé,marrakech,Carte,LIV3,
CMD30550,CL0380,P071,2023-09-19,2,1644.65,en_cours,Tnja,Carte,LIV5,
CMD07831,CL0798,P017,04/01/2024,4,983.02,livre,Tnja,Carte,,
CMD19028,CL0949,P026,2023-04-25,3,4662.97,livré,Tnja,Carte,LIV3,2023-04-27
CMD22864,CL0014,P085,2023-12-18,5,0,livré,Tnja,Carte,,2023-12-21
CMD05557,CL0882,P007,Sep 15 2023,2,4576.36,KO,RBA,Carte,LIV6,
CMD23496,CL0128,P024,2023-09-28,1,2212.06,retourné,casa,Carte,LIV4,2023-10-03
CMD29109,CL0081,P006,2024-04-16,5,4077.97,livré,RBA,Carte,LIV7,2024-04-20
CMD36230,CL0424,P039,May 08 2023,2,3836.0,annulé,CASABLANCA,Carte,LIV1,
CMD05494,CL0430,P096,Jun 19 2023,2,968.05,en_cours,tanger,Carte,LIV10,
CMD26946,CL0585,P008,17/12/2023,3,3003.0,livre,CASABLANCA,Carte,LIV7,
CMD39059,CL0024,P100,2023-12-15,2,109.89,livre,Agadir,Carte,LIV10,
CMD47983,CL0877,P084,Apr 14 2024,1,2675.45,LIVRE,tanger,Carte,LIV8,2024-04-19
CMD17070,CL0631,P044,Apr 26 2023,2,3990.41,livré,kech,Carte,LIV7,2023-04-27
CMD42888,CL0381,P007,Jul 14 2023,2,1269.78,livré,TNG,Carte,LIV4,2023-07-16
CMD06862,CL0806,P063,Aug 22 2023,2,3538.02,DONE,kech,Carte,LIV9,2023-08-27
CMD35929,CL0115,P034,14/03/2024,4,1345.71,KO,Agadir,Carte,LIV10,
CMD15363,CL0666,P075,2023-07-04,2,1779.84,LIVRE,kech,Carte,LIV9,2023-07-06
CMD23124,CL0296,P079,Oct 04 2023,1,2702.67,LIVRE,tanger,Carte,LIV3,2023-10-06
CMD17900,CL0333,P056,Oct 10 2023,5,581.72,annulé,tanger,Carte,LIV6,
CMD01809,CL0183,P052,Jun 19 2023,3,4613.22,LIVRE,TANGER,Carte,LIV2,2023-06-23
CMD34162,CL0720,P033,24/11/2023,4,1913.13,livré,kech,Carte,LIV4,2023-11-26
CMD20610,CL0638,P088,2023-01-16,4,4367.11,annulé,Agadir,Carte,LIV9,
CMD37674,CL0888,P027,Feb 07 2023,5,2236.6,livré,TNG,Carte,LIV6,2023-02-09
CMD46372,CL0725,P043,Sep 15 2023,5,4709.09,en_cours,TANGER,Carte,LIV1,
CMD44529,CL0638,P044,2023-07-03,2,724.42,KO,casa,Carte,LIV2,
CMD08297,CL0206,P029,01/01/2024,2,3377.16,KO,casa,Carte,LIV10,
CMD34737,CL0331,P093,Feb 08 2024,4,61.92,annulé,Agadir,Carte,LIV10,
CMD32701,CL0724,P084,2023-04-28,2,4546.61,livre,tanger,Carte,LIV2,
CMD44254,CL0709,P081,19/02/2023,5,3240.83,livré,kech,Carte,LIV3,2023-02-20
CMD01233,CL0408,P004,07/02/2024,2,2261.09,livré,RBA,Carte,LIV4,2024-02-09
CMD45285,CL0307,P061,24/10/2023,3,0,DONE,kech,Carte,LIV7,2023-10-26
CMD36431,CL0671,P026,Feb 01 2024,1,2866.63,KO,TANGER,Carte,LIV9,
CMD24549,CL0057,P024,11/05/2024,3,1981.8,livré,CASABLANCA,Carte,LIV3,2024-05-16
CMD42855,CL0121,P095,Jan 29 2023,4,1333.09,DONE,casa,Carte,LIV8,2023-02-02
CMD23462,CL0032,P038,2023-10-20,5,4322.39,retourné,CASABLANCA,Carte,LIV10,2023-10-25
CMD22767,CL0612,P044,25/08/2023,3,2175.27,retourné,TNG,Carte,LIV3,2023-08-29
CMD41968,CL0387,P097,10/01/2024,5,4211.91,LIVRE,kech,Carte,LIV3,2024-01-15
CMD15685,CL0149,P087,Oct 12 2023,4,3407.5,annulé,TNG,Carte,LIV8,
CMD16374,CL0086,P043,2024-01-20,2,901.57,LIVRE,RBA,Carte,LIV10,2024-01-21
CMD33131,CL0198,P083,13/08/2023,4,3521.3,en_cours,Agadir,Carte,LIV7,
CMD47709,CL0829,P091,2024-01-12,3,2714.79,livré,CASABLANCA,Carte,LIV1,2024-01-16
CMD14782,CL0118,P086,18/12/2023,4,4976.91,livré,tanger,Carte,LIV1,2023-12-20
CMD03484,CL0638,P052,2023-08-19,3,832.37,KO,Agadir,Carte,LIV1,
CMD20347,CL0554,P054,2023-09-25,5,1637.67,DONE,CASABLANCA,Carte,,2023-09-29
CMD24741,CL0595,P077,21/01/2023,2,4485.19,livre,Agadir,Carte,LIV2,
CMD23991,CL0351,P093,2023-05-14,2,2253.35,DONE,RBA,Carte,LIV10,2023-05-15
CMD41543,CL0515,P051,25/11/2023,1,664.12,OK,TNG,Carte,LIV8,
CMD03358,CL0805,P042,2024-01-29,4,2195.07,OK,RBA,Carte,LIV1,
CMD30280,CL0139,P067,Feb 24 2024,5,0,retourné,marrakech,Carte,LIV2,2024-02-26
CMD23861,CL0087,P045,09/01/2023,2,2563.84,livre,CASABLANCA,Carte,LIV3,
CMD26872,CL0849,P079,May 24 2023,5,3540.71,DONE,tanger,Carte,LIV5,2023-05-25
CMD22785,CL0984,P098,05/02/2024,2,4760.86,OK,Tnja,Carte,,
CMD19522,CL0436,P048,2024-04-03,3,4086.55,annulé,Tnja,Carte,LIV9,
CMD11142,CL0275,P091,2023-12-30,3,4948.5,livré,CASABLANCA,Carte,LIV6,2024-01-02
CMD12111,CL0285,P055,2023-08-13,3,2490.47,DONE,casa,Carte,LIV8,2023-08-14
CMD25887,CL0903,P029,30/05/2023,3,2735.61,LIVRE,TNG,Carte,LIV4,2023-06-02
CMD03842,CL0063,P032,Feb 14 2023,2,883.47,livré,TNG,Carte,LIV5,2023-02-19
CMD05569,CL0025,P032,Feb 03 2023,5,2027.08,retourné,tanger,Carte,LIV7,2023-02-04
CMD48291,CL0464,P055,2023-02-04,5,2457.05,livre,marrakech,Carte,LIV3,
CMD31574,CL0749,P099,Jan 12 2023,5,2239.75,annulé,CASABLANCA,Carte,LIV2,
CMD23819,CL0549,P029,May 05 2023,3,4478.84,livré,casa,Carte,LIV7,2023-05-07
CMD24551,CL0736,P051,Oct 17 2023,3,1210.55,annulé,Tnja,Carte,LIV1,
CMD29785,CL0431,P005,2023-12-08,1,240.43,livré,tanger,Carte,LIV4,2023-12-13
CMD16773,CL0425,P051,2023-11-14,2,2492.8,livré,TNG,Carte,LIV10,2023-11-17
CMD11252,CL0331,P065,Jan 27 2024,3,1432.63,livre,Agadir,Carte,LIV3,
CMD19729,CL0134,P060,09/12/2023,5,2225.37,annulé,marrakech,Carte,LIV9,
CMD01225,CL0618,P017,2023-11-19,1,830.78,annulé,TANGER,Carte,LIV6,
CMD16453,CL0057,P074,2024-04-16,4,3128.35,OK,RBA,Carte,LIV4,
CMD12733,CL0249,P084,2023-12-23,3,3717.77,DONE,TNG,Carte,LIV5,2023-12-28
CMD24256,CL0445,P006,Oct 12 2023,4,2561.9,en_cours,TANGER,Carte,LIV2,
CMD09985,CL0348,P100,Jan 10 2023,5,1250.24,DONE,kech,Carte,LIV3,2023-01-13
CMD24945,CL0975,P036,Mar 25 2023,-1,4035.28,livré,marrakech,Carte,LIV3,2023-03-28
CMD08326,CL0917,P092,Aug 19 2023,2,950.85,DONE,CASABLANCA,Carte,LIV9,2023-08-20
CMD42676,CL0808,P062,Sep 26 2023,3,3811.37,KO,Agadir,Carte,LIV5,
CMD29358,CL0159,P100,Feb 05 2023,2,2303.76,livré,Tnja,Carte,LIV2,2023-02-08
CMD38990,CL0900,P055,2023-12-29,2,3506.51,LIVRE,casa,Carte,LIV9,2023-12-31
CMD24001,CL0874,P011,20/08/2023,4,770.98,LIVRE,casa,Carte,LIV10,2023-08-23
CMD25115,CL0080,P096,Aug 07 2023,1,4525.35,DONE,Tnja,Carte,LIV9,2023-08-10
CMD38527,CL0971,P012,2024-02-01,3,2149.25,annulé,CASABLANCA,Carte,LIV7,
CMD27775,CL0320,P001,2023-05-17,1,0,LIVRE,TNG,Carte,LIV8,2023-05-18
CMD24892,CL0488,P089,Mar 17 2024,1,1177.14,retourné,TNG,Carte,LIV2,2024-03-20
CMD24846,CL0867,P059,Mar 30 2024,4,897.63,retourné,kech,Carte,LIV10,2024-04-01
CMD43969,CL0300,P059,23/12/2023,4,609.46,livre,RBA,Carte,LIV6,
CMD39412,CL0553,P046,Mar 05 2023,1,1409.92,KO,Tnja,Carte,,
CMD12520,CL0102,P094,20/11/2023,1,3055.7,DONE,kech,Carte,LIV10,2023-11-25
CMD16881,CL0054,P048,Aug 16 2023,4,2338.93,en_cours,CASABLANCA,Carte,LIV5,
CMD22805,CL0570,P100,2023-10-01,1,1877.95,en_cours,tanger,Carte,LIV6,
CMD23122,CL0527,P084,23/01/2024,4,997.89,en_cours,casa,Carte,LIV2,
CMD43979,CL0678,P043,Nov 27 2023,3,476.52,en_cours,CASABLANCA,Carte,LIV6,
CMD43163,CL0792,P077,2023-11-04,4,377.43,KO,RBA,Carte,LIV5,
CMD25761,CL0141,P059,24/03/2024,1,4514.79,livré,RBA,Carte,LIV8,2024-03-28
CMD22037,CL0731,P039,01/01/2023,1,4232.9,livré,Agadir,Carte,LIV4,2023-01-06
CMD47831,CL0983,P069,May 08 2024,3,4814.78,livré,marrakech,Carte,LIV7,2024-05-12
CMD23553,CL0685,P046,2024-03-18,2,2972.42,en_cours,CASABLANCA,Carte,LIV6,
CMD07512,CL0324,P033,Feb 23 2024,5,4352.6,retourné,kech,Carte,LIV2,2024-02-27
CMD21538,CL0066,P074,2023-01-10,4,1236.17,livré,TNG,Carte,LIV2,2023-01-13
CMD10360,CL0151,P030,28/03/2024,1,1129.51,livré,TNG,Carte,LIV7,2024-03-29
CMD10241,CL0920,P063,08/10/2023,3,4305.61,LIVRE,TNG,Carte,,2023-10-11
CMD01223,CL0367,P031,Jun 06 2023,5,617.09,livre,marrakech,Carte,LIV7,
CMD12856,CL0008,P086,28/07/2023,3,3108.56,livré,kech,Carte,LIV3,2023-08-01
CMD22577,CL0582,P050,11/02/2023,2,0,KO,Agadir,Carte,LIV1,
CMD06589,CL0541,P019,2023-12-01,2,4165.42,livre,kech,Carte,LIV10,
CMD40254,CL0719,P065,30/12/2023,5,319.28,livré,Tnja,Carte,LIV4,2024-01-04
CMD28439,CL0145,P061,2023-12-08,2,292.06,livré,RBA,Carte,LIV2,2023-12-13
CMD30305,CL0861,P040,26/12/2023,2,2341.93,KO,Tnja,Carte,LIV1,
CMD42618,CL0262,P095,17/05/2023,1,496.73,KO,TANGER,Carte,LIV8,
CMD30133,CL0805,P005,Jun 22 2023,3,2115.12,KO,TNG,Carte,LIV10,
CMD46639,CL0217,P042,2024-01-03,4,3035.13,annulé,TNG,Carte,LIV1,
CMD31801,CL0239,P007,Nov 29 2023,5,826.06,KO,marrakech,Carte,LIV2,
CMD14265,CL0238,P087,Apr 13 2023,1,2025.95,livre,marrakech,Carte,LIV2,
CMD16031,CL0992,P029,Jun 10 2023,1,1922.96,KO,TNG,Carte,LIV5,
CMD16821,CL0889,P040,26/01/2023,4,475.46,annulé,RBA,Carte,LIV6,
CMD43013,CL0739,P054,Apr 17 2023,1,4474.05,OK,TANGER,Carte,LIV2,
CMD13748,CL0481,P043,Aug 17 2023,4,384.15,livré,Agadir,Carte,LIV3,2023-08-19
CMD11556,CL0534,P073,11/07/2023,4,1929.61,retourné,kech,Carte,LIV2,2023-07-15
CMD30312,CL0428,P082,2024-05-06,1,1776.24,LIVRE,marrakech,Carte,LIV2,2024-05-11
CMD18559,CL0052,P099,27/03/2024,3,2054.1,livré,CASABLANCA,Carte,LIV9,2024-03-28
CMD38597,CL0591,P075,2023-08-20,2,304.78,livre,RBA,Carte,LIV3,
CMD21569,CL0683,P007,Aug 03 2023,5,2932.41,LIVRE,TNG,Carte,LIV8,2023-08-06
CMD18995,CL0162,P019,2023-02-14,1,1519.65,annulé,TNG,Carte,LIV7,
CMD31837,CL0068,P043,Apr 17 2024,4,1261.76,KO,tanger,Carte,LIV10,
CMD01204,CL0070,P080,30/05/2023,2,2203.47,OK,TNG,Carte,LIV4,
CMD18346,CL0351,P007,Jan 29 2024,4,2039.12,livre,kech,Carte,LIV3,
CMD45812,CL0662,P094,2023-03-11,2,3521.16,livre,marrakech,Carte,LIV6,
CMD16920,CL0873,P051,Sep 07 2023,3,643.01,retourné,CASABLANCA,Carte,LIV3,2023-09-11
CMD13821,CL0079,P004,Aug 25 2023,3,1398.24,OK,CASABLANCA,Carte,LIV10,
CMD06255,CL0629,P067,2023-01-12,2,4055.13,livré,RBA,Carte,LIV3,2023-01-17
CMD39891,CL0517,P006,Dec 30 2023,2,2798.41,en_cours,RBA,Carte,,
CMD36193,CL0656,P046,2023-04-16,1,4347.55,annulé,kech,Carte,LIV10,
CMD01758,CL0207,P015,2023-02-03,3,1424.91,OK,TANGER,Carte,LIV1,
CMD10006,CL0711,P092,Mar 28 2024,4,269.63,livré,CASABLANCA,Carte,LIV3,2024-04-01
CMD09058,CL1000,P051,03/04/2023,1,1277.88,retourné,marrakech,Carte,LIV3,2023-04-05
CMD26417,CL0050,P090,Mar 24 2024,1,375.86,livré,marrakech,Carte,LIV7,2024-03-26
CMD23398,CL0871,P096,11/05/2024,2,4280.86,livré,kech,Carte,LIV8,2024-05-15
CMD27134,CL0441,P027,Jun 04 2023,5,796.43,livre,TNG,Carte,,
CMD41918,CL0633,P029,Mar 23 2023,2,4310.59,OK,TANGER,Carte,LIV10,
CMD06096,CL0188,P062,2024-01-15,1,3568.06,retourné,Agadir,Carte,LIV5,2024-01-16
CMD28582,CL0347,P008,2023-02-28,3,3662.24,livre,TNG,Carte,LIV5,
CMD05406,CL0626,P056,Sep 16 2023,1,104.92,LIVRE,RBA,Carte,LIV1,2023-09-20
CMD43939,CL0923,P006,2023-11-24,3,1545.35,DONE,TNG,Carte,LIV4,2023-11-25
CMD16960,CL0911,P011,2023-01-17,1,747.28,retourné,casa,Carte,LIV8,2023-01-22
CMD32576,CL0678,P031,11/04/2024,1,1483.05,livré,marrakech,Carte,LIV7,2024-04-15
CMD08992,CL0410,P033,2023-05-10,2,3709.94,annulé,CASABLANCA,Carte,LIV10,
CMD29096,CL0598,P021,Oct 31 2023,1,235.27,en_cours,Agadir,Carte,LIV7,
CMD06315,CL0349,P029,Mar 19 2024,1,1897.45,KO,TANGER,Carte,,
CMD20470,CL0703,P011,2024-02-19,5,4118.82,retourné,Tnja,Carte,,2024-02-24
CMD01591,CL0900,P044,07/03/2024,1,1035.51,livré,tanger,Carte,LIV1,2024-03-11
CMD46011,CL0916,P063,14/03/2024,4,3818.54,DONE,CASABLANCA,Carte,LIV1,2024-03-17
CMD17618,CL0172,P082,12/08/2023,2,4146.99,livré,casa,Carte,LIV9,2023-08-17
CMD47943,CL0757,P071,24/10/2023,4,4471.13,livré,CASABLANCA,Carte,LIV9,2023-10-26
CMD19885,CL0470,P066,21/07/2023,4,3823.02,retourné,Agadir,Carte,LIV10,2023-07-23
CMD48238,CL0430,P008,2024-01-21,1,139.78,en_cours,TNG,Carte,LIV6,
CMD26626,CL0882,P091,Feb 01 2023,4,4497.67,en_cours,Agadir,Carte,LIV10,
CMD14504,CL0827,P043,Mar 09 2024,1,2576.12,retourné,kech,Carte,LIV6,2024-03-11
CMD08474,CL0913,P014,2023-12-12,5,2340.71,livre,CASABLANCA,Carte,LIV2,
CMD26378,CL0753,P083,2023-06-28,4,4691.11,livré,Agadir,Carte,LIV7,2023-06-30
CMD12356,CL0373,P040,2024-02-03,2,2552.35,livré,TNG,Carte,LIV1,2024-02-04
CMD44052,CL0311,P041,2023-01-28,5,3171.08,en_cours,TANGER,Carte,LIV4,
CMD45827,CL0013,P057,19/02/2024,2,3912.6,OK,TANGER,Carte,,
CMD28749,CL0191,P026,Nov 11 2023,5,4463.75,livre,kech,Carte,LIV10,
CMD03763,CL0446,P088,18/07/2023,1,484.06,livré,Agadir,Carte,LIV7,2023-07-19
CMD46432,CL0064,P068,2023-03-18,4,387.14,en_cours,Agadir,Carte,LIV6,
CMD14608,CL0639,P031,01/04/2024,5,2836.28,livré,tanger,Carte,LIV4,2024-04-04
CMD13643,CL0315,P089,18/08/2023,5,2994.72,en_cours,casa,Carte,LIV10,
CMD25953,CL0781,P067,2023-10-28,5,1671.18,retourné,TNG,Carte,LIV7,2023-11-02
CMD36120,CL0704,P046,Mar 22 2023,4,1297.35,livre,Tnja,Carte,LIV3,
CMD30444,CL0102,P010,Oct 04 2023,4,4771.18,DONE,marrakech,Carte,LIV6,2023-10-05
CMD11380,CL0353,P084,27/05/2023,3,3029.07,livré,Tnja,Carte,LIV8,2023-05-31
CMD32222,CL0489,P017,2023-08-08,1,271.21,retourné,marrakech,Carte,LIV1,2023-08-09
CMD31067,CL0151,P097,Dec 03 2023,4,2024.93,livré,TANGER,Carte,LIV10,2023-12-06
CMD04896,CL0621,P025,2023-06-27,4,1203.8,livré,casa,Carte,LIV4,2023-07-02
CMD01546,CL0533,P061,2023-02-13,3,3237.09,annulé,TANGER,Carte,LIV3,
CMD08845,CL0806,P050,2023-09-08,2,2581.07,OK,kech,Carte,LIV2,
CMD38844,CL0022,P018,29/08/2023,4,412.92,livré,casa,Carte,LIV10,2023-09-01
CMD30425,CL0074,P061,2023-10-20,5,1503.8,livré,Tnja,Carte,LIV6,2023-10-22
CMD30484,CL0929,P091,29/04/2024,5,4959.65,livré,Agadir,Carte,LIV5,2024-05-04
CMD16170,CL0335,P034,03/05/2023,2,3826.95,livre,CASABLANCA,Carte,LIV5,
CMD31398,CL0522,P004,Jun 24 2023,5,913.09,LIVRE,TANGER,Carte,LIV6,2023-06-29
CMD40989,CL0726,P074,22/06/2023,1,1062.18,retourné,kech,Carte,LIV7,2023-06-24
CMD16499,CL0743,P015,2023-12-17,4,4129.22,livré,kech,Carte,LIV7,2023-12-18
CMD13053,CL0577,P008,2023-02-04,4,4304.22,livre,TNG,Carte,LIV1,
CMD45774,CL0629,P046,26/01/2024,3,1759.93,DONE,marrakech,Carte,LIV8,2024-01-28
CMD20919,CL0618,P057,01/04/2024,3,4345.69,en_cours,TNG,Carte,LIV10,
CMD00941,CL0906,P036,2023-05-20,5,1450.19,livré,kech,Carte,LIV10,2023-05-22
CMD12886,CL0840,P098,Mar 07 2023,2,3934.34,livre,marrakech,Carte,LIV10,
CMD47823,CL0332,P015,Mar 14 2023,1,3912.62,livré,marrakech,Carte,LIV10,2023-03-19
CMD20658,CL0393,P014,Feb 07 2024,5,654.59,LIVRE,Tnja,Carte,LIV10,2024-02-09
CMD04859,CL0223,P061,21/05/2023,2,4791.51,livré,TANGER,Carte,LIV9,2023-05-24
CMD07538,CL0597,P007,Mar 09 2023,5,184.67,en_cours,Agadir,Carte,LIV5,
CMD35920,CL0242,P083,03/07/2023,4,4228.74,KO,tanger,Carte,LIV1,
CMD21638,CL0437,P095,2023-09-17,2,1830.81,en_cours,TANGER,Carte,LIV4,
CMD22068,CL0331,P050,May 10 2024,2,1359.2,livré,Agadir,Carte,LIV1,2024-05-11
CMD44854,CL0981,P056,2023-01-16,1,772.75,livré,TANGER,Carte,LIV1,2023-01-17
CMD09682,CL0762,P050,22/11/2023,2,3577.35,livré,TNG,Carte,LIV2,2023-11-26
CMD13277,CL0602,P046,Jan 19 2023,5,1651.61,livre,tanger,Carte,,
CMD47672,CL0459,P008,01/05/2023,4,3836.4,livré,kech,Carte,LIV1,2023-05-04
CMD11376,CL0990,P096,2023-12-11,3,408.29,OK,kech,Carte,LIV1,
CMD38026,CL0930,P056,2023-12-07,1,4705.59,livré,TNG,Carte,LIV9,2023-12-08
CMD23899,CL0314,P093,13/03/2024,4,690.27,livré,kech,Carte,LIV10,2024-03-18
CMD22873,CL0327,P091,2023-10-29,5,4549.14,en_cours,kech,Carte,LIV5,
CMD33190,CL0669,P089,2023-02-06,4,1415.84,livré,tanger,Carte,LIV4,2023-02-09
CMD03049,CL0603,P071,29/03/2023,4,828.75,livré,casa,Carte,,2023-03-31
CMD46976,CL0771,P041,2024-04-22,3,2720.44,retourné,kech,Carte,LIV1,2024-04-23
CMD47756,CL0374,P010,2023-06-18,1,1918.06,livre,TNG,Carte,LIV3,
CMD16913,CL0094,P045,Jan 05 2023,4,2752.6,en_cours,tanger,Carte,LIV7,
CMD21830,CL0144,P092,16/10/2023,2,1568.61,livré,tanger,Carte,LIV8,2023-10-21
CMD09864,CL0063,P014,May 08 2024,4,4675.98,livré,Agadir,Carte,LIV2,2024-05-10
CMD43236,CL0032,P014,Sep 05 2023,2,1001.75,OK,Tnja,Carte,LIV4,
CMD12449,CL0114,P076,Mar 24 2024,3,521.32,livré,TANGER,Carte,LIV10,2024-03-28
CMD02689,CL0553,P020,2023-10-10,2,2106.91,OK,tanger,Carte,LIV9,
CMD07668,CL0020,P065,Apr 25 2023,5,696.17,livré,RBA,Carte,LIV10,2023-04-28
CMD28627,CL0686,P091,2023-04-04,2,4060.81,LIVRE,CASABLANCA,Carte,LIV4,2023-04-06
CMD28905,CL0803,P003,2023-06-24,5,1947.29,DONE,CASABLANCA,Carte,LIV4,2023-06-29
CMD43229,CL0241,P010,2024-04-18,4,1189.59,LIVRE,marrakech,Carte,LIV9,2024-04-23
CMD10789,CL0627,P048,2023-04-16,5,3635.86,OK,TANGER,Carte,LIV2,
CMD37894,CL0656,P018,13/04/2024,5,965.11,livré,kech,Carte,,2024-04-14
CMD14566,CL0035,P040,2023-07-18,2,4102.06,livré,RBA,Carte,LIV9,2023-07-23
CMD46140,CL0535,P092,Apr 05 2023,5,3272.91,retourné,casa,Carte,,2023-04-09
CMD25987,CL0876,P057,09/12/2023,4,2572.72,retourné,marrakech,Carte,LIV4,2023-12-13
CMD10529,CL0579,P082,22/08/2023,-1,996.08,retourné,casa,Carte,LIV2,2023-08-23
CMD22870,CL0677,P016,Apr 02 2024,5,3096.98,annulé,TNG,Carte,LIV8,
CMD24804,CL0264,P082,2023-08-19,4,2787.25,DONE,CASABLANCA,Carte,LIV9,2023-08-22
CMD25387,CL0321,P032,Aug 02 2023,4,2060.57,livré,marrakech,Carte,LIV4,2023-08-04
CMD33573,CL0003,P068,2023-09-03,1,1626.87,livré,tanger,Carte,LIV6,2023-09-08
CMD45656,CL0657,P055,Nov 03 2023,4,4396.41,KO,TNG,Carte,LIV8,
CMD40466,CL0845,P083,2023-05-27,5,1884.98,livré,Tnja,Carte,LIV10,2023-05-28
CMD23488,CL0811,P090,2023-09-28,1,193.44,LIVRE,tanger,Carte,LIV7,2023-10-02
CMD18614,CL0038,P038,02/05/2024,4,1442.14,LIVRE,TANGER,Carte,LIV10,2024-05-03
CMD27035,CL0810,P003,17/12/2023,2,64.65,livré,CASABLANCA,Carte,LIV3,2023-12-18
CMD00920,CL0975,P092,Sep 23 2023,5,3469.5,annulé,RBA,Carte,LIV9,
CMD39586,CL0573,P052,Mar 19 2024,3,3453.65,livré,TANGER,Carte,LIV1,2024-03-24
CMD13394,CL0398,P057,2023-01-18,4,3869.45,livre,CASABLANCA,Carte,LIV6,
CMD15224,CL0138,P091,27/07/2023,2,2943.2,DONE,CASABLANCA,Carte,LIV6,2023-08-01
CMD33055,CL0156,P067,30/11/2023,1,390.54,livré,TANGER,Carte,,2023-12-02
CMD32430,CL0342,P047,Feb 04 2023,5,3308.55,livré,tanger,Carte,LIV2,2023-02-08
CMD38145,CL0180,P081,Mar 01 2023,1,997.66,KO,tanger,Carte,LIV10,
CMD26668,CL0088,P064,25/12/2023,2,2696.57,OK,TNG,Carte,LIV8,
CMD04379,CL0690,P066,12/11/2023,3,4084.39,KO,Tnja,Carte,LIV2,
CMD39764,CL0548,P003,16/01/2023,1,4298.34,annulé,Tnja,Carte,LIV1,
CMD00200,CL0746,P018,19/07/2023,3,1445.73,livre,Agadir,Carte,LIV4,
CMD22105,CL0830,P023,May 08 2024,2,2552.53,KO,RBA,Carte,,
CMD21031,CL0758,P012,2024-02-05,4,498.85,LIVRE,RBA,Carte,LIV2,2024-02-06
CMD26413,CL0057,P073,25/10/2023,3,4861.35,retourné,Agadir,Carte,LIV8,2023-10-27
CMD26958,CL0483,P077,Apr 13 2024,5,2154.27,livré,CASABLANCA,Carte,LIV8,2024-04-16
CMD39086,CL0184,P021,2023-05-10,3,959.13,KO,TANGER,Carte,LIV9,
CMD44778,CL0666,P041,02/10/2023,3,3765.91,annulé,casa,Carte,LIV1,
CMD38994,CL0222,P018,2023-03-30,4,1298.35,DONE,TANGER,Carte,LIV7,2023-04-03
CMD36250,CL0488,P066,2023-01-11,2,514.96,livré,casa,Carte,LIV1,2023-01-14
CMD04630,CL0794,P063,Mar 03 2024,4,1969.01,livré,Tnja,Carte,LIV3,2024-03-07
CMD04970,CL0750,P054,2023-08-09,1,750.9,KO,kech,Carte,LIV9,
CMD25999,CL0677,P097,2023-01-09,4,2456.71,livré,marrakech,Carte,LIV6,2023-01-10
CMD31228,CL0825,P017,May 30 2023,3,661.79,OK,tanger,Carte,LIV2,
CMD28782,CL0611,P029,31/10/2023,5,1250.42,livre,Agadir,Carte,LIV9,
CMD37568,CL0211,P045,Jan 13 2024,4,523.24,livré,TNG,Carte,LIV4,2024-01-17
CMD38494,CL0817,P030,2024-02-18,3,1614.21,livre,Tnja,Carte,LIV1,
CMD02524,CL0059,P003,04/12/2023,2,4208.56,retourné,Tnja,Carte,LIV3,2023-12-07
CMD41466,CL0175,P064,29/01/2023,3,4817.09,livré,Tnja,Carte,LIV2,2023-02-01
CMD08837,CL0197,P073,2023-05-30,2,1268.61,annulé,tanger,Carte,,
CMD00879,CL0842,P070,Feb 24 2023,3,936.41,livré,TNG,Carte,LIV1,2023-02-26
CMD36807,CL0048,P036,2024-02-02,5,4836.05,retourné,kech,Carte,,2024-02-05
CMD00351,CL0998,P042,2024-04-16,1,1736.23,livre,tanger,Carte,LIV1,
CMD31436,CL0039,P052,31/07/2023,4,706.16,livré,kech,Carte,LIV3,2023-08-05
CMD35797,CL0697,P047,Nov 25 2023,4,3082.06,livré,CASABLANCA,Carte,LIV3,2023-11-27
CMD02238,CL0588,P017,2023-11-10,2,3457.46,livré,TANGER,Carte,LIV7,2023-11-15
CMD00143,CL0015,P043,Mar 28 2024,2,344.9,KO,tanger,Carte,,
CMD13130,CL0691,P051,2023-08-07,2,3375.76,en_cours,RBA,Carte,LIV2,
CMD44966,CL0154,P036,2023-02-23,5,4760.48,LIVRE,marrakech,Carte,LIV6,2023-02-27
CMD31147,CL0490,P016,2024-01-30,3,1215.28,livré,Agadir,Carte,LIV7,2024-01-31
CMD28195,CL0409,P048,10/08/2023,1,751.52,LIVRE,Agadir,Carte,LIV5,2023-08-12
CMD26025,CL0779,P065,23/02/2023,3,4567.68,livre,RBA,Carte,LIV7,
CMD12810,CL0136,P024,01/03/2023,1,2488.53,annulé,CASABLANCA,Carte,LIV4,
CMD43482,CL0767,P042,May 07 2023,4,3982.43,livre,casa,Carte,,
CMD41298,CL0287,P083,Nov 11 2023,1,1683.3,annulé,TNG,Carte,LIV1,
CMD37254,CL0827,P074,Apr 07 2024,5,1579.77,DONE,Agadir,Carte,LIV8,2024-04-08
CMD35473,CL0156,P025,2023-10-23,3,1940.59,LIVRE,Tnja,Carte,LIV2,2023-10-28
CMD02396,CL0586,P083,Mar 17 2024,4,1033.95,annulé,TNG,Carte,LIV3,
CMD14670,CL0058,P044,24/11/2023,2,1671.16,livré,Agadir,Carte,LIV3,2023-11-25
CMD06746,CL0274,P052,03/11/2023,4,2853.93,LIVRE,marrakech,Carte,LIV3,2023-11-05
CMD14492,CL0312,P044,Feb 05 2024,4,594.12,livré,tanger,Carte,LIV10,2024-02-09
CMD39245,CL0099,P014,11/12/2023,4,4440.48,livré,kech,Carte,LIV5,2023-12-13
CMD43917,CL0419,P047,20/05/2023,3,1002.87,en_cours,marrakech,Carte,LIV3,
CMD12229,CL0111,P093,Mar 20 2023,4,1238.67,retourné,kech,Carte,,2023-03-22
CMD31760,CL0650,P096,2023-09-25,5,3497.0,annulé,CASABLANCA,Carte,LIV5,
CMD46870,CL0196,P017,2023-08-15,3,400.51,livre,TANGER,Carte,LIV4,
CMD15022,CL0684,P078,2024-04-06,4,3176.48,KO,tanger,Carte,LIV3,
CMD46320,CL0740,P014,19/02/2024,2,437.25,livré,Tnja,Carte,LIV8,2024-02-23
CMD32377,CL0299,P094,13/03/2023,3,2102.37,livré,tanger,Carte,LIV9,2023-03-16
CMD21793,CL0074,P004,2024-01-03,1,1374.57,en_cours,TANGER,Carte,LIV6,
CMD12599,CL0477,P053,2024-04-05,3,0,LIVRE,Agadir,Carte,LIV10,2024-04-09
CMD05049,CL0329,P025,2023-01-27,1,236.36,annulé,Agadir,Carte,LIV2,
CMD32681,CL0027,P075,Sep 23 2023,2,1508.06,DONE,Agadir,Carte,LIV8,2023-09-24
CMD15884,CL0860,P025,2023-10-23,1,2463.52,DONE,tanger,Carte,LIV6,2023-10-26
CMD31642,CL0908,P072,13/08/2023,5,646.18,livré,tanger,Carte,LIV8,2023-08-18
CMD39793,CL0512,P056,Nov 27 2023,2,1636.94,LIVRE,CASABLANCA,Carte,LIV4,2023-11-29
CMD33155,CL0914,P011,Jun 18 2023,1,360.58,retourné,CASABLANCA,Carte,LIV8,2023-06-22
CMD45456,CL0943,P038,Apr 18 2024,1,1536.44,LIVRE,Agadir,Carte,LIV7,2024-04-23
CMD43667,CL0157,P060,Aug 16 2023,2,189.48,livré,marrakech,Carte,LIV6,2023-08-20
CMD47315,CL0233,P099,15/01/2024,1,1090.51,livré,Agadir,Carte,LIV7,2024-01-20
CMD24782,CL0700,P074,Feb 16 2023,-1,3895.14,LIVRE,tanger,Carte,LIV1,2023-02-21
CMD25049,CL0701,P062,2023-05-09,5,1953.77,LIVRE,tanger,Carte,LIV3,2023-05-10
CMD35790,CL0724,P006,22/10/2023,4,2305.29,livre,RBA,Carte,LIV2,
CMD35561,CL0538,P041,Apr 29 2023,4,2558.49,livré,CASABLANCA,Carte,LIV2,2023-05-03
CMD25710,CL0760,P042,Nov 25 2023,5,1775.79,livré,marrakech,Carte,LIV8,2023-11-27
CMD42385,CL0281,P002,20/06/2023,3,3443.97,en_cours,casa,Carte,LIV10,
CMD34646,CL0240,P094,2024-05-02,4,959.87,DONE,TNG,Carte,LIV7,2024-05-03
CMD37627,CL0841,P054,2023-07-23,5,230.93,DONE,RBA,Carte,LIV6,2023-07-26
CMD09521,CL0079,P037,Nov 07 2023,3,2632.04,livré,marrakech,Carte,LIV5,2023-11-09
CMD12148,CL0406,P078,21/02/2023,4,2474.12,DONE,TNG,Carte,LIV2,2023-02-23
CMD38496,CL0782,P031,02/08/2023,2,4813.04,livré,TANGER,Carte,LIV8,2023-08-05
CMD10851,CL0632,P070,Apr 01 2024,4,593.07,annulé,kech,Carte,LIV2,
CMD46573,CL0226,P023,Nov 10 2023,5,858.95,LIVRE,Agadir,Carte,,2023-11-11
CMD17568,CL0406,P066,24/05/2023,5,402.04,livré,TANGER,Carte,LIV8,2023-05-29
CMD03080,CL0280,P080,11/12/2023,2,1649.75,DONE,casa,Carte,LIV3,2023-12-13
CMD20418,CL0337,P061,01/04/2024,1,4177.72,livré,kech,Carte,LIV10,2024-04-06
CMD09596,CL0294,P038,2023-12-01,1,1714.9,DONE,CASABLANCA,Carte,LIV5,2023-12-04
CMD04510,CL0055,P039,Jan 02 2024,1,2134.7,livré,tanger,Carte,LIV7,2024-01-04
CMD43728,CL0291,P014,12/06/2023,4,1420.78,OK,TNG,Carte,LIV8,
CMD08473,CL0996,P089,06/01/2023,4,58.68,DONE,Agadir,Carte,LIV9,2023-01-07
CMD47336,CL0573,P050,22/04/2023,3,4079.45,LIVRE,Agadir,Carte,LIV7,2023-04-25
CMD19777,CL0396,P014,Aug 26 2023,3,3046.2,livré,casa,Carte,LIV2,2023-08-31
CMD40726,CL0194,P075,23/07/2023,4,3935.6,annulé,Agadir,Carte,LIV7,
CMD26675,CL0041,P005,Apr 04 2024,5,3866.96,DONE,TANGER,Carte,LIV4,2024-04-06
CMD35816,CL0463,P071,19/09/2023,4,791.62,annulé,TNG,Carte,LIV9,
CMD33449,CL0270,P044,Dec 03 2023,4,613.03,en_cours,TNG,Carte,,
CMD13791,CL0624,P046,Oct 11 2023,3,3226.79,livre,Tnja,Carte,LIV2,
CMD20501,CL0681,P017,28/08/2023,2,1634.98,en_cours,tanger,Carte,LIV2,
CMD20115,CL0101,P021,2023-11-23,1,78.62,LIVRE,casa,Carte,LIV6,2023-11-27
CMD41945,CL0905,P043,2023-08-24,2,924.65,OK,TNG,Carte,LIV9,
CMD05329,CL0157,P074,May 19 2023,4,371.61,livré,casa,Carte,LIV9,2023-05-22
CMD09540,CL0244,P047,2023-03-24,5,530.53,livré,TNG,Carte,LIV5,2023-03-29
CMD29515,CL0360,P055,29/01/2023,1,3563.49,en_cours,RBA,Carte,LIV6,
CMD39934,CL0176,P011,06/01/2023,4,4736.2,livré,TNG,Carte,LIV7,2023-01-10
CMD47083,CL0376,P030,17/12/2023,1,3035.74,LIVRE,TNG,Carte,LIV10,2023-12-20
CMD21378,CL0248,P023,20/08/2023,1,155.73,livré,tanger,Carte,LIV8,2023-08-24
CMD11923,CL0163,P091,2023-11-26,1,2989.39,OK,RBA,Carte,,
CMD31449,CL0173,P073,Jun 19 2023,1,3654.37,livre,casa,Carte,LIV3,
CMD03217,CL0664,P030,2023-11-02,4,3750.4,retourné,marrakech,Carte,LIV8,2023-11-04
CMD30072,CL0138,P040,Mar 05 2023,5,4981.28,livré,Agadir,Carte,LIV3,2023-03-06
CMD09012,CL0929,P057,Jan 08 2023,1,225.31,annulé,CASABLANCA,Carte,LIV10,
CMD05519,CL0858,P032,2024-05-03,4,372.27,livré,CASABLANCA,Carte,LIV3,2024-05-06
CMD26578,CL0833,P023,2023-11-25,1,2426.49,OK,Agadir,Carte,LIV2,
CMD41138,CL0126,P076,02/04/2024,3,795.36,KO,Tnja,Carte,LIV6,
CMD33174,CL0300,P096,2023-10-26,3,3459.06,annulé,TANGER,Carte,LIV5,
CMD11311,CL0346,P005,Mar 02 2024,4,4825.82,livre,TNG,Carte,LIV2,
CMD31743,CL0296,P091,18/01/2024,2,3813.67,retourné,marrakech,Carte,LIV1,2024-01-22
CMD00530,CL0754,P021,2023-04-01,4,4126.07,en_cours,tanger,Carte,LIV10,
CMD28324,CL0334,P085,Dec 13 2023,2,4059.44,OK,TANGER,Carte,LIV3,
CMD39498,CL0170,P053,Jul 08 2023,3,1855.03,livré,RBA,Carte,LIV2,2023-07-12
CMD44680,CL0508,P070,Jun 16 2023,1,108.65,LIVRE,Tnja,Carte,LIV1,2023-06-21
CMD30365,CL0904,P022,2023-02-03,3,3449.26,LIVRE,TNG,Carte,LIV4,2023-02-08
CMD21611,CL0493,P036,Aug 23 2023,3,337.25,livré,RBA,Carte,LIV8,2023-08-25
CMD20323,CL0700,P055,2024-03-18,1,1116.41,livre,TANGER,Carte,LIV6,
CMD15306,CL0833,P041,2023-11-22,3,1846.4,LIVRE,Agadir,Carte,LIV8,2023-11-24
CMD33536,CL0523,P099,29/12/2023,3,2814.33,livré,CASABLANCA,Carte,LIV5,2024-01-01
CMD20491,CL0112,P089,2024-02-17,3,4456.49,KO,TANGER,Carte,LIV3,
CMD11697,CL0424,P069,10/06/2023,1,3027.27,livré,Tnja,Carte,LIV3,2023-06-12
CMD44217,CL0969,P008,Mar 04 2024,4,3382.31,livré,CASABLANCA,Carte,LIV3,2024-03-05
CMD36317,CL0740,P088,2023-06-21,2,4882.09,LIVRE,casa,Carte,LIV2,2023-06-22
CMD31730,CL0868,P073,14/07/2023,4,3694.71,livré,Tnja,Carte,LIV5,2023-07-15
CMD29976,CL0677,P036,May 14 2024,5,4655.2,OK,kech,Carte,LIV1,
CMD44136,CL0757,P051,26/04/2023,3,1606.62,annulé,marrakech,Carte,LIV7,
CMD16699,CL0908,P061,2024-03-10,2,3239.73,retourné,RBA,Carte,LIV9,2024-03-11
CMD14726,CL0580,P032,20/02/2023,5,1653.63,livré,TANGER,Carte,LIV4,2023-02-24
CMD04745,CL0409,P037,2023-01-28,1,182.08,KO,CASABLANCA,Carte,LIV1,
CMD40498,CL0062,P013,2023-09-16,5,2754.07,KO,Tnja,Carte,LIV7,
CMD38809,CL0714,P016,07/11/2023,4,2010.2,livre,TNG,Carte,,
CMD23741,CL0209,P086,Apr 02 2023,2,3849.61,DONE,casa,Carte,LIV4,2023-04-04
CMD27128,CL0509,P057,23/09/2023,1,1358.71,livré,marrakech,Carte,LIV5,2023-09-24
CMD24769,CL0792,P034,15/04/2024,4,4852.5,DONE,tanger,Carte,LIV2,2024-04-16
CMD17386,CL0739,P041,Oct 26 2023,5,4314.9,retourné,Tnja,Carte,LIV8,2023-10-31
CMD03410,CL0044,P090,2023-04-01,2,4569.98,livré,CASABLANCA,Carte,LIV8,2023-04-05
CMD43885,CL0246,P092,Feb 19 2023,1,262.63,OK,Agadir,Carte,LIV4,
CMD17855,CL0377,P034,2024-04-17,2,3903.92,annulé,Agadir,Carte,LIV5,
CMD03065,CL0499,P060,29/06/2023,1,1048.92,livré,TNG,Carte,LIV5,2023-07-02
CMD46673,CL0437,P098,Jan 01 2024,3,862.82,livré,marrakech,Carte,LIV8,2024-01-06
CMD20441,CL0892,P087,2023-01-14,3,4125.87,LIVRE,TANGER,Carte,LIV9,2023-01-18
CMD34396,CL0446,P006,29/12/2023,3,1351.65,livré,RBA,Carte,LIV7,2023-12-30
CMD08608,CL0574,P023,05/05/2023,3,3818.87,LIVRE,Tnja,Carte,LIV8,2023-05-06
CMD21746,CL0513,P002,10/10/2023,4,3606.89,OK,Agadir,Carte,LIV4,
CMD27138,CL0078,P065,18/03/2023,3,4917.22,LIVRE,TANGER,Carte,,2023-03-23
CMD15456,CL0097,P028,11/09/2023,5,2952.29,retourné,Agadir,Carte,LIV4,2023-09-15
CMD40703,CL0273,P044,16/02/2024,1,4177.88,livré,tanger,Carte,LIV5,2024-02-18
CMD38577,CL0803,P082,Feb 27 2023,2,2272.48,en_cours,Tnja,Carte,LIV4,
CMD23324,CL0098,P065,2023-02-12,2,3982.36,livré,RBA,Carte,LIV10,2023-02-17
CMD43723,CL0874,P036,Mar 26 2023,5,2692.41,livré,casa,Carte,LIV9,2023-03-27
CMD08350,CL0962,P066,30/04/2024,2,3482.27,LIVRE,RBA,Carte,,2024-05-02
CMD34467,CL0826,P041,24/03/2024,4,4782.21,en_cours,kech,Carte,LIV2,
CMD18354,CL0624,P072,06/11/2023,3,850.75,KO,TANGER,Carte,LIV7,
CMD14631,CL0439,P052,Sep 01 2023,2,1479.79,retourné,tanger,Carte,LIV2,2023-09-06
CMD44470,CL0767,P075,13/02/2024,3,4111.77,LIVRE,CASABLANCA,Carte,LIV8,2024-02-14
CMD27930,CL0769,P069,17/06/2023,1,1969.94,livre,marrakech,Carte,LIV3,
CMD14802,CL0520,P054,2024-03-17,4,4326.66,livre,casa,Carte,LIV10,
CMD34798,CL0505,P044,Mar 30 2024,1,1033.51,LIVRE,CASABLANCA,Carte,LIV1,2024-04-02
CMD03578,CL0586,P005,2024-02-20,4,1977.74,OK,Tnja,Carte,LIV4,
CMD47580,CL0082,P080,30/12/2023,5,2521.17,livré,Agadir,Carte,,2024-01-04
CMD00340,CL0954,P008,Jan 20 2024,3,1205.99,KO,tanger,Carte,LIV2,
CMD16659,CL0158,P034,18/03/2023,1,4295.75,livré,casa,Carte,LIV2,2023-03-21
CMD00503,CL0121,P008,Jan 02 2023,5,4057.5,livre,Agadir,Carte,LIV5,
CMD46468,CL0068,P053,Apr 08 2023,5,203.56,retourné,tanger,Carte,LIV2,2023-04-12
CMD00286,CL0773,P009,2023-03-16,1,2809.47,annulé,TANGER,Carte,LIV1,
CMD28525,CL0852,P064,24/02/2023,1,4384.69,annulé,TANGER,Carte,LIV9,
CMD19346,CL0362,P042,2023-01-03,2,2647.5,OK,kech,Carte,LIV9,
CMD04678,CL0692,P005,2023-11-18,5,3086.65,en_cours,TNG,Carte,LIV9,
CMD43408,CL0370,P076,2023-03-18,4,2374.08,livre,TANGER,Carte,LIV1,
CMD39185,CL0737,P051,Jan 15 2023,4,2697.53,livre,kech,Carte,LIV1,
CMD26301,CL0983,P060,Feb 09 2024,3,4451.96,livré,TNG,Carte,LIV2,2024-02-14
CMD09459,CL0229,P065,2023-10-10,3,1320.97,KO,Tnja,Carte,,
CMD29755,CL0831,P097,Jul 23 2023,1,1018.58,livré,TNG,Carte,LIV3,2023-07-28
CMD33950,CL0856,P052,15/10/2023,4,245.5,livré,kech,Carte,LIV10,2023-10-17
CMD44718,CL0422,P046,2024-04-01,1,4591.17,annulé,TANGER,Carte,LIV3,
CMD12685,CL0471,P069,Mar 07 2023,1,3181.39,en_cours,tanger,Carte,LIV6,
CMD34552,CL0290,P001,24/12/2023,1,1765.94,livre,RBA,Carte,LIV3,
CMD33729,CL0613,P047,2024-01-06,5,277.25,livre,marrakech,Carte,LIV2,
CMD05086,CL0701,P049,Nov 13 2023,2,1390.99,OK,Tnja,Carte,LIV3,
CMD34337,CL0534,P016,Sep 12 2023,2,3753.5,livré,Agadir,Carte,LIV7,2023-09-15
CMD03688,CL0876,P007,Nov 02 2023,1,1476.48,livré,casa,Carte,LIV4,2023-11-03
CMD24630,CL0478,P042,2024-02-11,4,3573.39,KO,tanger,Carte,LIV3,
CMD05661,CL0812,P062,Jan 15 2023,2,2254.15,livré,TANGER,Carte,LIV10,2023-01-20
CMD16723,CL0645,P087,2024-05-01,2,3731.24,annulé,CASABLANCA,Carte,LIV7,
CMD45732,CL0523,P098,2023-11-11,1,2352.46,livre,Tnja,Carte,LIV10,
CMD10498,CL0357,P003,Sep 09 2023,4,4490.16,en_cours,tanger,Carte,,
CMD35665,CL0282,P013,28/06/2023,4,427.13,en_cours,marrakech,Carte,,
CMD00597,CL0900,P049,2023-11-13,2,1313.64,KO,tanger,Carte,LIV3,
CMD39405,CL0306,P017,13/03/2023,5,3068.99,annulé,RBA,Carte,LIV6,
CMD20474,CL0927,P017,02/01/2023,1,1559.7,livre,TNG,Carte,LIV10,
CMD36657,CL0075,P054,08/01/2024,4,2903.83,KO,Agadir,Carte,LIV9,
CMD21311,CL0079,P031,2023-11-04,5,1124.88,en_cours,casa,Carte,LIV5,
CMD40755,CL0586,P029,2023-06-24,1,4246.76,livré,RBA,Carte,LIV8,2023-06-29
CMD25413,CL0406,P063,22/06/2023,5,2776.07,livré,TNG,Carte,LIV2,2023-06-23
CMD17181,CL0476,P098,29/09/2023,1,2477.2,livré,tanger,Carte,LIV4,2023-09-30
CMD10803,CL0849,P024,26/04/2023,5,3811.09,LIVRE,Agadir,Carte,LIV6,2023-05-01
CMD25284,CL0508,P049,15/09/2023,4,3368.45,OK,tanger,Carte,,
CMD41610,CL0258,P006,27/09/2023,3,538.33,livré,TANGER,Carte,,2023-09-29
CMD13526,CL0693,P035,2024-04-05,2,4878.4,livré,marrakech,Carte,LIV2,2024-04-06
CMD05011,CL0530,P042,2024-02-10,4,955.31,livré,Tnja,Carte,LIV8,2024-02-11
CMD47935,CL0703,P006,2023-08-19,2,1319.55,LIVRE,marrakech,Carte,LIV6,2023-08-23
CMD39810,CL0180,P045,2023-07-29,3,1278.49,LIVRE,marrakech,Carte,LIV7,2023-08-02
CMD34493,CL0333,P070,Aug 23 2023,3,110.84,livré,casa,Carte,LIV9,2023-08-28
CMD23184,CL0388,P047,Jan 25 2024,4,1746.51,KO,casa,Carte,LIV6,
CMD26778,CL0456,P099,09/02/2024,1,1698.11,livre,casa,Carte,LIV7,
CMD45501,CL0176,P009,Apr 24 2023,2,3838.93,LIVRE,TANGER,Carte,LIV8,2023-04-29
CMD13004,CL0110,P082,29/06/2023,4,1001.15,DONE,marrakech,Carte,LIV3,2023-07-04
CMD23944,CL0157,P040,07/05/2023,4,2274.63,livré,CASABLANCA,Carte,LIV6,2023-05-09
CMD11455,CL0909,P100,Feb 23 2024,3,2908.56,KO,RBA,Carte,LIV1,
CMD02857,CL0530,P050,Jan 14 2023,3,862.34,livré,TANGER,Carte,LIV4,2023-01-19
CMD47657,CL0207,P078,Apr 30 2024,2,2383.36,livré,tanger,Carte,LIV5,2024-05-01
CMD29099,CL0400,P047,May 10 2024,3,3006.9,livré,marrakech,Carte,LIV10,2024-05-14
CMD30730,CL0979,P084,17/04/2024,4,4905.97,OK,tanger,Carte,LIV9,
CMD30430,CL0291,P045,2023-07-16,5,322.77,annulé,Agadir,Carte,LIV3,
CMD05261,CL0791,P096,2023-01-05,4,2133.2,livré,marrakech,Carte,LIV2,2023-01-08
CMD11174,CL0774,P063,2023-10-15,3,3689.2,DONE,TNG,Carte,,2023-10-19
CMD48447,CL0085,P015,2023-11-07,3,1866.93,livré,Tnja,Carte,LIV6,2023-11-09
CMD17694,CL0683,P033,14/04/2023,2,1473.3,retourné,Agadir,Carte,LIV3,2023-04-15
CMD05443,CL0364,P031,22/06/2023,4,1848.36,livré,casa,Carte,LIV1,2023-06-26
CMD22884,CL0444,P004,Oct 08 2023,2,3176.96,DONE,TNG,Carte,LIV1,2023-10-11
CMD18527,CL0563,P027,15/02/2024,3,2268.03,livré,TNG,Carte,LIV7,2024-02-18
CMD14692,CL0184,P085,2024-01-30,2,3883.07,livré,CASABLANCA,Carte,LIV7,2024-02-02
CMD43470,CL0138,P065,2023-02-16,2,3911.51,livre,tanger,Carte,LIV5,
CMD48144,CL0767,P063,Mar 18 2023,5,3639.1,en_cours,Tnja,Carte,LIV6,
CMD29383,CL0195,P017,04/02/2023,1,2272.24,livré,TANGER,Carte,LIV5,2023-02-05
CMD35747,CL0481,P071,2023-12-13,1,1538.67,retourné,Tnja,Carte,LIV8,2023-12-18
CMD00727,CL0527,P067,Oct 09 2023,2,2044.23,retourné,Agadir,Carte,LIV8,2023-10-13
CMD42007,CL0264,P069,2023-03-28,4,3667.25,livré,marrakech,Carte,LIV5,2023-04-01
CMD30809,CL0044,P092,26/02/2024,2,2384.18,livré,Tnja,Carte,LIV8,2024-03-02
CMD38122,CL0173,P082,Oct 12 2023,4,2431.47,annulé,tanger,Carte,LIV3,
CMD41589,CL0534,P039,04/04/2023,4,4374.9,en_cours,Tnja,Carte,LIV10,
CMD37116,CL0953,P070,09/11/2023,4,3943.53,DONE,Agadir,Carte,LIV7,2023-11-13
CMD12259,CL0671,P082,19/04/2023,1,1714.91,livre,RBA,Carte,,
CMD48021,CL0964,P044,13/11/2023,4,2241.89,OK,RBA,Carte,LIV7,
CMD09350,CL0930,P060,31/12/2023,4,3684.11,KO,casa,Carte,LIV7,
CMD17985,CL0064,P042,2023-07-05,4,111.65,OK,Agadir,Carte,LIV3,
CMD24186,CL0339,P016,Feb 08 2024,5,2188.4,en_cours,Agadir,Carte,LIV2,
CMD41621,CL0484,P001,08/06/2023,2,683.87,en_cours,Agadir,Carte,LIV8,
CMD18424,CL0465,P061,2023-11-29,-1,3674.71,en_cours,TNG,Carte,LIV8,
CMD43783,CL0780,P060,22/02/2023,4,832.73,LIVRE,Tnja,Carte,LIV2,2023-02-26
CMD25672,CL0325,P032,Oct 28 2023,4,4893.31,en_cours,casa,Carte,LIV8,
CMD28688,CL0242,P018,25/01/2023,1,3432.49,KO,TNG,Carte,LIV9,
CMD20217,CL0811,P006,17/02/2023,3,4467.26,livré,marrakech,Carte,LIV4,2023-02-20
CMD01289,CL0310,P089,Sep 15 2023,3,1679.49,LIVRE,casa,Carte,LIV1,2023-09-20
CMD11726,CL0248,P049,2023-07-28,4,1405.13,DONE,CASABLANCA,Carte,LIV2,2023-08-02
CMD44421,CL0893,P068,06/06/2023,5,4831.05,livré,TNG,Carte,LIV10,2023-06-11
CMD38818,CL0725,P041,2024-03-10,4,2907.28,retourné,CASABLANCA,Carte,LIV1,2024-03-11
CMD07696,CL0614,P004,2023-12-24,3,4663.58,livré,CASABLANCA,Carte,LIV10,2023-12-26
CMD28958,CL0851,P015,2023-01-09,4,3555.55,livré,Tnja,Carte,LIV3,2023-01-12
CMD22571,CL0860,P084,19/03/2023,4,89.08,KO,marrakech,Carte,,
CMD03168,CL0404,P048,Apr 18 2023,2,2135.29,livré,kech,Carte,LIV5,2023-04-19
CMD33133,CL0222,P019,2023-03-25,2,4427.05,retourné,CASABLANCA,Carte,,2023-03-26
CMD08024,CL0714,P040,Jan 22 2023,5,2535.74,KO,marrakech,Carte,LIV6,
CMD39962,CL0327,P065,2024-03-14,5,2642.59,LIVRE,Tnja,Carte,LIV5,2024-03-19
CMD01241,CL0334,P070,2024-03-29,1,4182.77,livré,RBA,Carte,LIV3,2024-04-03
CMD14955,CL0045,P092,2023-12-11,5,676.14,DONE,Tnja,Carte,LIV2,2023-12-12
CMD44157,CL0866,P039,28/09/2023,3,665.78,OK,TANGER,Carte,LIV5,
CMD14592,CL0406,P021,18/07/2023,2,1267.41,annulé,marrakech,Carte,LIV6,
CMD07772,CL0012,P096,10/01/2024,1,2391.84,retourné,TNG,Carte,LIV10,2024-01-12
CMD16704,CL0346,P047,2024-03-02,2,548.4,livre,Tnja,Carte,LIV9,
CMD04823,CL0881,P029,31/03/2024,1,2444.81,livré,marrakech,Carte,LIV5,2024-04-03
CMD06380,CL0023,P050,09/01/2023,3,685.79,livré,casa,Carte,LIV9,2023-01-11
CMD26879,CL0504,P083,07/01/2023,1,4007.26,livré,TANGER,Carte,LIV3,2023-01-08
CMD19057,CL0248,P038,Apr 04 2024,1,91.14,OK,CASABLANCA,Carte,LIV1,
CMD02974,CL0783,P012,Jan 27 2023,3,0,livré,tanger,Carte,LIV2,2023-01-30
CMD35155,CL0543,P044,10/09/2023,5,934.53,livré,casa,Carte,LIV10,2023-09-12
CMD03975,CL0536,P025,Nov 24 2023,-1,4040.77,annulé,Tnja,Carte,LIV7,
CMD45927,CL0077,P053,Mar 31 2023,2,3139.61,en_cours,RBA,Carte,LIV2,
CMD42645,CL0892,P038,15/05/2024,5,2032.08,livré,RBA,Carte,LIV4,2024-05-20
CMD02561,CL0010,P031,2023-04-24,2,540.33,annulé,marrakech,Carte,LIV5,
CMD18182,CL0083,P043,2023-11-22,1,2173.66,KO,casa,Carte,LIV10,
CMD16844,CL0388,P061,2023-10-15,2,4661.22,DONE,CASABLANCA,Carte,LIV7,2023-10-18
CMD01753,CL0885,P024,Apr 26 2023,2,521.04,livré,TANGER,Carte,LIV3,2023-04-29
CMD21903,CL0746,P023,Mar 04 2024,2,540.91,retourné,casa,Carte,LIV2,2024-03-09
CMD41758,CL0003,P084,2024-01-13,3,1830.75,livré,marrakech,Carte,LIV10,2024-01-15
CMD17148,CL0764,P005,Jun 03 2023,1,2649.19,livré,tanger,Carte,LIV2,2023-06-07
CMD43652,CL0838,P025,Feb 22 2024,3,4363.68,livre,CASABLANCA,Carte,LIV5,
CMD23005,CL0045,P076,03/09/2023,1,2460.68,livré,Agadir,Carte,LIV7,2023-09-07
CMD35007,CL0218,P024,24/08/2023,1,1130.77,livre,tanger,Carte,LIV8,
CMD26011,CL0493,P080,2023-04-18,3,3010.53,OK,TNG,Carte,LIV10,
CMD20206,CL0770,P089,09/06/2023,1,4797.77,annulé,TNG,Carte,LIV3,
CMD24937,CL0009,P043,24/02/2024,5,3871.47,livré,TANGER,Carte,LIV3,2024-02-26
CMD40921,CL0129,P021,Mar 25 2024,5,1103.48,OK,marrakech,Carte,LIV8,
CMD12291,CL0766,P036,2023-05-28,3,1763.51,livré,casa,Carte,LIV2,2023-05-31
CMD28220,CL0930,P070,Mar 08 2023,3,2741.24,en_cours,marrakech,Carte,,
CMD45346,CL0092,P070,2024-01-14,2,2633.5,livré,Agadir,Carte,LIV1,2024-01-17
CMD45736,CL0251,P054,2023-05-10,5,400.19,en_cours,marrakech,Carte,LIV1,
CMD19055,CL0467,P019,Nov 20 2023,5,1818.74,KO,tanger,Carte,LIV6,
CMD47305,CL0418,P032,Oct 27 2023,3,4592.26,KO,Agadir,Carte,LIV7,
CMD47455,CL0678,P025,2024-03-04,3,3864.13,DONE,kech,Carte,LIV6,2024-03-07
CMD02751,CL0651,P039,02/08/2023,2,2277.59,livré,casa,Carte,,2023-08-05
CMD19927,CL0041,P083,2023-05-14,4,1273.76,OK,RBA,Carte,LIV4,
CMD06752,CL0885,P053,2024-02-06,2,1548.22,annulé,marrakech,Carte,,
CMD00540,CL0878,P051,27/05/2023,5,1925.85,OK,kech,Carte,LIV9,
CMD08054,CL0154,P051,27/02/2024,2,4795.34,livre,casa,Carte,LIV6,
CMD25745,CL0926,P040,2024-03-02,1,1702.76,DONE,marrakech,Carte,LIV8,2024-03-04
CMD29937,CL0352,P057,2024-05-04,-1,2786.6,KO,Tnja,Carte,LIV8,
CMD09492,CL0951,P060,2023-04-18,5,3681.87,OK,marrakech,Carte,LIV7,
CMD10531,CL0108,P082,30/04/2023,2,1841.54,livré,RBA,Carte,LIV10,2023-05-01
CMD07435,CL0690,P027,24/06/2023,2,4546.63,livré,kech,Carte,,2023-06-28
CMD43007,CL0544,P064,2023-07-17,1,877.46,LIVRE,kech,Carte,LIV7,2023-07-18
CMD30342,CL0913,P052,09/03/2023,2,3695.04,KO,CASABLANCA,Carte,,
CMD01620,CL0309,P019,Mar 16 2023,4,2781.36,DONE,casa,Carte,LIV8,2023-03-17
CMD41540,CL0641,P025,14/05/2024,4,1620.36,livré,tanger,Carte,LIV10,2024-05-18
CMD01751,CL0987,P020,Jan 29 2024,5,3835.59,LIVRE,RBA,Carte,LIV9,2024-01-31
CMD39307,CL0735,P009,Mar 28 2023,5,2550.88,livré,casa,Carte,LIV3,2023-03-31
CMD14119,CL0481,P063,Dec 04 2023,3,781.61,livre,CASABLANCA,Carte,LIV2,
CMD33384,CL0821,P086,2023-03-19,1,1477.62,LIVRE,RBA,Carte,LIV2,2023-03-24
CMD21499,CL0278,P047,Aug 23 2023,5,4768.88,KO,Tnja,Carte,LIV4,
CMD14475,CL0114,P037,May 04 2023,3,3132.22,en_cours,RBA,Carte,,
CMD34823,CL0311,P056,06/05/2024,2,1236.42,retourné,TANGER,Carte,LIV6,2024-05-07
CMD37719,CL0968,P060,04/03/2023,5,2936.5,annulé,Tnja,Carte,LIV6,
CMD07159,CL0880,P046,Feb 01 2024,5,3235.72,annulé,Agadir,Carte,LIV3,
CMD17941,CL0065,P008,Feb 17 2024,5,2850.32,livre,Agadir,Carte,LIV4,
CMD23714,CL0136,P042,22/10/2023,3,2397.45,KO,TANGER,Carte,LIV1,
CMD17551,CL0855,P045,Mar 03 2024,2,3432.81,OK,CASABLANCA,Carte,LIV3,
CMD48386,CL0006,P036,2023-05-08,1,3826.19,LIVRE,TNG,Carte,LIV9,2023-05-11
CMD34704,CL0203,P008,Jan 19 2024,3,4934.35,livré,kech,Carte,LIV9,2024-01-20
CMD08796,CL0085,P092,2024-05-15,1,3477.18,KO,TNG,Carte,LIV1,
CMD29934,CL0916,P040,2023-01-28,4,4442.91,DONE,TNG,Carte,LIV8,2023-02-01
CMD23444,CL0097,P004,Nov 01 2023,3,4685.49,annulé,RBA,Carte,LIV4,
CMD13262,CL0559,P027,17/02/2024,3,2622.63,livré,TNG,Carte,LIV7,2024-02-20
CMD27187,CL0366,P060,06/04/2024,1,2195.21,livré,Tnja,Carte,LIV9,2024-04-09
CMD26768,CL0778,P058,Jul 03 2023,1,3837.97,KO,RBA,Carte,LIV3,
CMD24769,CL0792,P034,15/04/2024,4,4852.5,DONE,tanger,Carte,LIV2,2024-04-16
CMD02147,CL0498,P051,Apr 07 2024,3,960.83,livré,TANGER,Carte,LIV6,2024-04-09
CMD18118,CL0932,P001,28/11/2023,5,4758.98,DONE,TNG,Carte,,2023-12-02
CMD34008,CL0003,P099,2023-08-08,3,2618.83,retourné,marrakech,Carte,LIV6,2023-08-13
CMD00017,CL0954,P026,16/03/2024,5,1010.09,livre,marrakech,Carte,LIV7,
CMD25554,CL0005,P009,May 19 2023,3,1260.75,annulé,TANGER,Carte,LIV5,
CMD22478,CL0577,P006,2023-03-23,1,1088.31,livre,tanger,Carte,LIV9,
CMD41343,CL0103,P012,Feb 05 2024,3,3482.42,retourné,RBA,Carte,LIV10,2024-02-07
CMD40353,CL0289,P036,Feb 01 2023,5,4987.09,retourné,Tnja,Carte,LIV6,2023-02-03
CMD13626,CL0796,P028,Mar 07 2024,3,1634.55,OK,TANGER,Carte,LIV4,
CMD35446,CL0023,P069,Nov 24 2023,3,3201.27,annulé,TNG,Carte,LIV2,
CMD31082,CL0029,P048,2023-07-27,1,745.22,DONE,TANGER,Carte,LIV6,2023-07-30
CMD22631,CL0089,P069,Dec 04 2023,1,424.24,annulé,TANGER,Carte,LIV8,
CMD12925,CL0382,P015,2023-04-08,1,844.12,livre,TANGER,Carte,,
CMD47795,CL0941,P023,Mar 09 2023,5,4421.96,livré,TNG,Carte,LIV4,2023-03-12
CMD24148,CL0302,P081,2024-05-10,2,4189.92,OK,TNG,Carte,LIV9,
CMD18944,CL0262,P078,05/09/2023,3,2957.71,en_cours,casa,Carte,LIV6,
CMD13210,CL0704,P092,09/08/2023,5,4297.0,retourné,Tnja,Carte,LIV4,2023-08-10
CMD16275,CL0463,P001,2023-07-13,2,576.95,livré,casa,Carte,LIV7,2023-07-14
CMD11744,CL0341,P012,15/01/2024,5,1455.43,KO,kech,Carte,LIV5,
CMD46128,CL0943,P031,12/05/2023,1,1003.44,livré,Tnja,Carte,LIV1,2023-05-15
CMD09949,CL0685,P002,02/06/2023,1,2622.36,OK,tanger,Carte,LIV3,
CMD21404,CL0269,P038,21/04/2023,3,3694.67,OK,casa,Carte,LIV8,
CMD43534,CL0322,P019,11/05/2023,2,2300.41,livré,TANGER,Carte,LIV9,2023-05-12
CMD48129,CL0707,P022,2023-01-07,1,242.82,livré,kech,Carte,LIV6,2023-01-12
CMD36512,CL0993,P044,2024-01-21,2,4848.19,livré,TANGER,Carte,LIV2,2024-01-24
CMD42106,CL0867,P038,29/08/2023,3,0,annulé,CASABLANCA,Carte,LIV6,
CMD11510,CL0002,P091,14/04/2024,5,3598.38,LIVRE,Agadir,Carte,LIV5,2024-04-19
CMD22926,CL0512,P017,20/11/2023,1,4090.57,KO,marrakech,Carte,LIV1,
CMD35309,CL0619,P035,04/04/2023,2,1736.48,en_cours,RBA,Carte,LIV9,
CMD25433,CL0067,P035,Feb 27 2023,4,3337.43,retourné,RBA,Carte,LIV9,2023-03-01
CMD00894,CL0843,P032,06/02/2023,3,1598.86,annulé,RBA,Carte,LIV3,
CMD03958,CL0895,P057,Nov 22 2023,5,2408.15,KO,Tnja,Carte,LIV1,
CMD30544,CL0169,P049,21/05/2023,4,4671.06,LIVRE,casa,Carte,LIV8,2023-05-26
CMD12987,CL0886,P039,2023-09-06,5,0,retourné,CASABLANCA,Carte,LIV3,2023-09-08
CMD26984,CL0149,P019,2024-03-04,4,2227.29,DONE,casa,Carte,,2024-03-07
CMD47155,CL0233,P057,22/01/2024,2,2552.19,KO,tanger,Carte,LIV7,
CMD10613,CL0300,P004,Oct 25 2023,3,1679.98,KO,marrakech,Carte,LIV5,
CMD30776,CL0759,P030,06/08/2023,5,633.61,retourné,RBA,Carte,LIV1,2023-08-07
CMD04352,CL0700,P016,Aug 25 2023,3,2418.77,en_cours,kech,Carte,LIV3,
CMD00077,CL0149,P100,Nov 12 2023,2,1809.31,annulé,casa,Carte,LIV10,
CMD13586,CL0036,P019,Jan 08 2023,2,3456.87,livré,casa,Carte,LIV3,2023-01-12
CMD30105,CL0975,P064,2023-12-24,1,2439.66,retourné,tanger,Carte,LIV8,2023-12-26
CMD37778,CL0366,P028,2023-10-21,1,211.26,KO,TNG,Carte,LIV9,
CMD28748,CL0453,P045,2024-04-18,3,3002.66,retourné,RBA,Carte,LIV7,2024-04-19
CMD02910,CL0578,P079,Jul 02 2023,5,1412.16,en_cours,TNG,Carte,LIV2,
CMD20343,CL0562,P081,Feb 14 2024,1,3532.66,livre,TANGER,Carte,LIV9,
CMD08238,CL0948,P081,10/05/2024,2,589.37,OK,Tnja,Carte,LIV9,
CMD30306,CL0258,P086,2023-10-23,5,3933.29,annulé,marrakech,Carte,LIV3,
CMD28707,CL0387,P063,08/09/2023,5,1185.6,livré,tanger,Carte,LIV3,2023-09-13
CMD07089,CL0347,P032,2023-07-19,4,1989.04,livré,tanger,Carte,LIV4,2023-07-20
CMD13515,CL0498,P067,Dec 01 2023,4,1213.19,OK,TANGER,Carte,LIV8,
CMD47416,CL0997,P020,08/02/2023,1,2134.55,LIVRE,RBA,Carte,LIV2,2023-02-11
CMD45217,CL0703,P088,Jul 02 2023,-1,3011.97,en_cours,Tnja,Carte,LIV5,
CMD04937,CL0869,P037,2023-12-07,3,1892.7,LIVRE,tanger,Carte,LIV1,2023-12-12
CMD02585,CL0958,P025,Mar 01 2024,1,2066.38,LIVRE,TNG,Carte,LIV1,2024-03-05
CMD19051,CL0874,P097,2024-03-19,1,1926.05,DONE,Agadir,Carte,LIV10,2024-03-24
CMD35549,CL0334,P015,30/11/2023,2,336.57,KO,casa,Carte,LIV6,
CMD06915,CL0580,P085,16/10/2023,1,1284.76,KO,Agadir,Carte,LIV9,
CMD45000,CL0619,P055,08/07/2023,1,3867.17,LIVRE,RBA,Carte,LIV10,2023-07-10
CMD14332,CL0329,P082,2024-05-15,5,690.96,retourné,tanger,Carte,LIV8,2024-05-16
CMD41759,CL0732,P046,Oct 05 2023,1,1248.68,DONE,RBA,Carte,LIV7,2023-10-09
CMD34180,CL0105,P022,Aug 26 2023,3,3310.64,DONE,kech,Carte,,2023-08-30
CMD06586,CL0804,P040,11/04/2024,3,3530.81,livré,TNG,Carte,LIV2,2024-04-13
CMD12122,CL0675,P041,2023-02-09,5,4981.04,annulé,tanger,Carte,LIV8,
CMD24942,CL0332,P023,2023-03-12,4,4468.83,livre,tanger,Carte,LIV3,
CMD39335,CL0974,P029,May 01 2024,2,4991.29,annulé,Agadir,Carte,LIV9,
CMD41163,CL0980,P089,Sep 24 2023,4,4452.0,livré,kech,Carte,LIV6,2023-09-29
CMD36721,CL0257,P091,19/03/2024,4,2345.63,livré,marrakech,Carte,LIV5,2024-03-20
CMD44971,CL0285,P078,Feb 04 2023,5,4079.39,OK,kech,Carte,LIV6,
CMD23061,CL0738,P071,Aug 17 2023,1,4550.01,livré,Agadir,Carte,LIV4,2023-08-19
CMD46767,CL0423,P035,Jan 04 2023,4,343.31,annulé,TNG,Carte,LIV3,
CMD33399,CL0262,P010,16/03/2024,3,4134.91,livré,casa,Carte,LIV8,2024-03-18
CMD44525,CL0540,P021,2023-10-27,5,2807.45,en_cours,TNG,Carte,LIV10,
CMD12502,CL0284,P022,Oct 23 2023,2,2929.57,KO,Tnja,Carte,LIV6,
CMD17233,CL0711,P068,11/08/2023,4,3799.15,DONE,CASABLANCA,Carte,LIV7,2023-08-13
CMD44413,CL0346,P062,2024-03-22,5,2718.94,livre,TANGER,Carte,LIV5,
CMD39419,CL0812,P085,2023-10-12,3,2209.25,livré,RBA,Carte,LIV5,2023-10-13
CMD32515,CL0109,P081,08/10/2023,1,0,livré,kech,Carte,LIV10,2023-10-10
CMD09434,CL0967,P044,2024-03-11,3,3808.22,LIVRE,TANGER,Carte,LIV4,2024-03-12
CMD13822,CL0759,P022,2023-01-12,2,61.29,livre,marrakech,Carte,LIV5,
CMD33864,CL0512,P089,Oct 08 2023,4,778.69,DONE,TNG,Carte,LIV10,2023-10-12
CMD32421,CL0374,P002,10/05/2023,1,3929.14,annulé,Agadir,Carte,LIV5,
CMD19563,CL0107,P051,Jan 16 2024,4,2214.27,livré,CASABLANCA,Carte,LIV2,2024-01-18
CMD32645,CL0072,P047,30/06/2023,3,2290.72,en_cours,Tnja,Carte,LIV3,
CMD13351,CL0601,P020,2023-04-03,1,1796.0,LIVRE,TANGER,Carte,LIV6,2023-04-06
CMD37619,CL0399,P068,Apr 13 2023,1,4638.61,DONE,CASABLANCA,Carte,LIV8,2023-04-17
CMD19935,CL0517,P023,2023-06-05,3,2508.63,LIVRE,casa,Carte,LIV6,2023-06-09
CMD33087,CL0273,P062,Feb 22 2023,5,1752.85,en_cours,CASABLANCA,Carte,LIV1,
CMD16724,CL0068,P014,2024-04-07,2,413.94,annulé,kech,Carte,LIV2,
CMD04768,CL0099,P037,2023-01-29,5,4145.13,livré,RBA,Carte,LIV1,2023-02-03
CMD35698,CL0449,P020,Sep 13 2023,1,4672.59,livre,tanger,Carte,LIV10,
CMD11200,CL0511,P057,21/07/2023,4,4685.36,retourné,casa,Carte,LIV3,2023-07-24
CMD39349,CL0572,P099,Apr 19 2024,3,4742.49,livré,CASABLANCA,Carte,LIV9,2024-04-24
CMD33937,CL0209,P076,Feb 18 2023,2,1664.42,livré,CASABLANCA,Carte,LIV2,2023-02-22
CMD42525,CL0066,P012,2023-06-02,5,1322.12,OK,tanger,Carte,LIV9,
CMD44152,CL0858,P026,28/06/2023,5,4693.8,livre,Tnja,Carte,LIV1,
CMD16940,CL0683,P004,Sep 08 2023,1,3587.6,en_cours,CASABLANCA,Carte,LIV8,
CMD21104,CL0332,P035,2023-04-14,5,4562.5,en_cours,Agadir,Carte,LIV6,
CMD00471,CL0927,P067,May 13 2023,4,2335.44,livre,marrakech,Carte,,
CMD04375,CL0883,P027,2024-03-31,5,3775.61,livré,marrakech,Carte,LIV6,2024-04-05
CMD01983,CL0597,P042,Mar 08 2024,5,2998.62,en_cours,Agadir,Carte,LIV6,
CMD00090,CL0374,P059,Jul 04 2023,5,3055.86,livré,kech,Carte,LIV6,2023-07-08
CMD48245,CL0731,P065,2024-02-02,1,2416.0,retourné,kech,Carte,LIV7,2024-02-07
CMD00488,CL0806,P021,19/09/2023,1,3891.34,livré,TANGER,Carte,LIV9,2023-09-20
CMD16311,CL0893,P025,Jun 12 2023,4,1669.26,OK,Agadir,Carte,LIV8,
CMD12560,CL0804,P100,2023-08-04,1,4074.93,annulé,kech,Carte,LIV6,
CMD11869,CL0446,P075,May 18 2023,1,1594.32,annulé,casa,Carte,LIV2,
CMD21762,CL0142,P082,2024-04-21,5,2427.36,annulé,tanger,Carte,LIV10,
CMD19285,CL0978,P028,2023-03-23,4,417.59,en_cours,TNG,Carte,LIV3,
CMD15068,CL0532,P051,Jan 12 2024,2,846.71,livré,RBA,Carte,LIV1,2024-01-16
CMD48468,CL0708,P028,Apr 12 2024,4,956.44,LIVRE,TNG,Carte,LIV6,2024-04-17
CMD03986,CL0716,P056,Oct 14 2023,3,2290.29,DONE,casa,Carte,LIV4,2023-10-16
CMD16386,CL0616,P050,10/05/2023,5,2588.96,livré,casa,Carte,LIV9,2023-05-14
CMD45626,CL0380,P017,08/02/2023,4,2141.67,livre,marrakech,Carte,LIV4,
CMD39362,CL0393,P033,Jan 20 2024,2,1858.87,OK,CASABLANCA,Carte,LIV6,
CMD01068,CL0939,P003,06/04/2023,5,2975.26,livré,kech,Carte,LIV6,2023-04-11
CMD45348,CL0286,P066,2023-04-24,1,668.24,livre,marrakech,Carte,LIV8,
CMD43502,CL0983,P084,Feb 29 2024,4,1048.32,livré,kech,Carte,LIV2,2024-03-01
CMD28682,CL0795,P008,Jun 26 2023,4,3291.26,en_cours,RBA,Carte,LIV6,
CMD23047,CL0417,P055,2024-02-08,-1,4126.93,livré,tanger,Carte,LIV6,2024-02-10
CMD15856,CL0657,P094,2024-02-11,2,3557.5,en_cours,tanger,Carte,LIV8,
CMD38433,CL0998,P072,Apr 15 2024,4,2531.01,LIVRE,kech,Carte,LIV3,2024-04-20
CMD24621,CL0607,P081,Aug 20 2023,2,4420.81,livré,RBA,Carte,LIV8,2023-08-23
CMD28101,CL0020,P056,05/02/2023,1,2714.07,livré,marrakech,Carte,LIV7,2023-02-09
CMD08060,CL0389,P017,Oct 14 2023,2,3593.4,LIVRE,RBA,Carte,LIV10,2023-10-19
CMD03750,CL0800,P061,Feb 27 2024,1,2000.44,livré,marrakech,Carte,LIV3,2024-03-01
CMD37277,CL0925,P072,29/03/2023,2,4617.36,DONE,TNG,Carte,LIV6,2023-04-03
CMD12796,CL0094,P010,27/09/2023,3,2569.56,livré,tanger,Carte,,2023-09-28
CMD03237,CL0773,P046,2023-03-21,4,2919.41,retourné,tanger,Carte,LIV9,2023-03-23
CMD47619,CL0878,P051,Jan 06 2023,4,1212.96,LIVRE,TANGER,Carte,LIV10,2023-01-07
CMD20469,CL0847,P017,17/08/2023,4,981.23,LIVRE,kech,Carte,LIV8,2023-08-22
CMD19775,CL0647,P019,18/02/2023,4,2008.04,retourné,tanger,Carte,LIV9,2023-02-19
CMD34834,CL0918,P025,20/04/2024,2,2733.73,livré,casa,Carte,LIV9,2024-04-25
CMD41945,CL0905,P043,2023-08-24,2,924.65,OK,TNG,Carte,LIV9,
CMD10420,CL0259,P063,2023-09-02,2,106.18,livré,casa,Carte,LIV10,2023-09-07
CMD34659,CL0686,P086,Nov 10 2023,2,2906.19,annulé,Tnja,Carte,LIV10,
CMD18972,CL0882,P033,Oct 21 2023,3,1718.96,LIVRE,marrakech,Carte,LIV5,2023-10-24
CMD41933,CL0597,P093,24/11/2023,2,1350.67,LIVRE,casa,Carte,LIV3,2023-11-29
CMD40340,CL0905,P084,2023-05-11,3,725.43,livré,tanger,Carte,LIV7,2023-05-16
CMD09098,CL0289,P051,2023-12-11,4,1978.7,livré,Tnja,Carte,LIV9,2023-12-15
CMD41175,CL0233,P084,Nov 20 2023,1,804.71,retourné,tanger,Carte,LIV2,2023-11-25
CMD26697,CL0607,P090,2023-10-23,1,1920.06,retourné,marrakech,Carte,LIV3,2023-10-24
CMD44006,CL0500,P059,21/07/2023,4,2349.99,en_cours,TANGER,Carte,LIV2,
CMD46801,CL0865,P007,Feb 12 2023,2,2876.8,livré,casa,Carte,LIV3,2023-02-16
CMD26745,CL0279,P087,10/03/2023,4,1770.78,livré,TNG,Carte,,2023-03-11
CMD19615,CL0732,P056,Jun 03 2023,4,1309.02,DONE,TNG,Carte,LIV6,2023-06-06
CMD09424,CL0144,P085,2023-10-04,2,2165.17,annulé,CASABLANCA,Carte,LIV7,
CMD01389,CL0177,P007,Sep 05 2023,4,1933.48,livré,RBA,Carte,LIV6,2023-09-08
CMD14393,CL0585,P020,2023-12-16,3,4903.74,DONE,TNG,Carte,LIV4,2023-12-21
CMD12827,CL0921,P002,2024-04-02,4,2146.39,OK,TANGER,Carte,LIV5,
CMD30274,CL0020,P057,Nov 30 2023,2,1231.01,annulé,marrakech,Carte,LIV3,
CMD43262,CL0525,P003,2024-03-29,2,2662.15,LIVRE,RBA,Carte,LIV8,2024-03-31
CMD17555,CL0115,P047,Mar 28 2023,2,1086.86,retourné,marrakech,Carte,LIV10,2023-03-30
CMD04689,CL0971,P040,24/05/2023,2,863.22,livre,CASABLANCA,Carte,LIV2,
CMD10573,CL0050,P061,08/01/2023,3,2254.71,DONE,marrakech,Carte,LIV8,2023-01-11
CMD01169,CL0776,P057,11/10/2023,4,4197.07,OK,kech,Carte,LIV5,
CMD26341,CL0516,P040,Apr 27 2023,4,4942.54,KO,casa,Carte,LIV2,
CMD39799,CL0393,P097,11/03/2024,1,1893.36,livré,Tnja,Carte,,2024-03-16
CMD11867,CL0096,P076,2023-04-12,5,3064.93,livré,CASABLANCA,Carte,LIV3,2023-04-15
CMD02955,CL0261,P048,Dec 17 2023,3,484.56,livre,kech,Carte,LIV4,
CMD27725,CL0182,P001,27/01/2023,4,4253.73,livre,tanger,Carte,LIV10,
CMD39224,CL0030,P057,Feb 20 2024,1,3599.37,DONE,CASABLANCA,Carte,LIV10,2024-02-23
CMD38589,CL0882,P034,14/08/2023,3,3987.85,annulé,Agadir,Carte,LIV7,
CMD45369,CL0465,P044,Jan 13 2023,5,3736.73,OK,TNG,Carte,LIV1,
CMD37069,CL0947,P085,Oct 06 2023,5,4510.94,KO,TANGER,Carte,LIV5,
CMD11527,CL0927,P088,Dec 08 2023,5,1721.31,livré,marrakech,Carte,,2023-12-13
CMD31274,CL0498,P088,25/07/2023,4,2660.35,DONE,kech,Carte,LIV8,2023-07-29
CMD36229,CL0363,P003,04/04/2023,1,2309.27,OK,Agadir,Carte,LIV9,
CMD06352,CL0371,P083,27/04/2023,1,279.9,LIVRE,CASABLANCA,Carte,LIV4,2023-04-28
CMD18260,CL0278,P099,2024-04-23,5,1517.87,livre,tanger,Carte,LIV7,
CMD38973,CL0400,P006,Oct 14 2023,1,4192.51,annulé,TNG,Carte,LIV5,
CMD29199,CL0773,P046,Jan 03 2023,3,2369.24,en_cours,marrakech,Carte,,
CMD23373,CL0989,P026,Jan 07 2024,5,2862.43,OK,tanger,Carte,LIV8,
CMD01029,CL0963,P025,Jul 13 2023,3,1241.14,livré,CASABLANCA,Carte,LIV8,2023-07-14
CMD11997,CL0648,P028,15/10/2023,5,3215.58,annulé,Tnja,Carte,LIV1,
CMD05177,CL0764,P030,2023-01-08,2,4224.31,DONE,TANGER,Carte,LIV4,2023-01-09
CMD28383,CL0795,P004,2023-07-13,4,872.34,KO,tanger,Carte,LIV6,
CMD19791,CL0964,P081,18/04/2024,3,3677.48,LIVRE,RBA,Carte,LIV8,2024-04-20
CMD42958,CL0353,P062,02/07/2023,2,170.57,livré,RBA,Carte,LIV2,2023-07-04
CMD38670,CL0349,P039,11/06/2023,2,4239.63,livré,CASABLANCA,Carte,LIV8,2023-06-13
CMD29479,CL0129,P023,Nov 30 2023,2,4743.55,livré,kech,Carte,LIV9,2023-12-03
CMD47009,CL0419,P076,2023-01-20,3,2498.86,livré,CASABLANCA,Carte,LIV8,2023-01-25
CMD46511,CL0644,P002,26/08/2023,3,1806.29,DONE,RBA,Carte,LIV7,2023-08-29
CMD26149,CL0577,P015,2024-01-27,3,2190.63,livré,kech,Carte,LIV10,2024-01-30
CMD10167,CL0439,P099,Feb 20 2024,4,538.34,annulé,RBA,Carte,LIV7,
CMD47415,CL0501,P094,Oct 19 2023,2,3169.17,livré,TNG,Carte,LIV8,2023-10-20
CMD02282,CL0423,P026,Aug 27 2023,3,4888.61,annulé,CASABLANCA,Carte,LIV5,
CMD30723,CL0463,P041,2023-09-15,4,1576.07,livré,marrakech,Carte,LIV4,2023-09-17
CMD05117,CL0598,P002,2023-05-27,3,0,livré,marrakech,Carte,LIV7,2023-06-01
CMD34897,CL0917,P060,2023-10-01,2,2943.46,LIVRE,marrakech,Carte,LIV2,2023-10-03
CMD30721,CL0128,P083,19/05/2023,-1,2177.27,livré,Tnja,Carte,LIV2,2023-05-20
CMD29607,CL0046,P091,2023-08-31,1,1501.39,livre,kech,Carte,LIV10,
CMD24949,CL0528,P097,06/01/2023,4,687.98,livré,CASABLANCA,Carte,LIV2,2023-01-07
CMD32997,CL0961,P081,2023-01-12,1,94.56,KO,tanger,Carte,LIV3,
CMD18572,CL0143,P016,Sep 23 2023,3,4976.64,en_cours,Agadir,Carte,LIV5,
CMD09897,CL0670,P100,25/04/2024,5,1924.5,annulé,marrakech,Carte,LIV10,
CMD41578,CL0498,P096,2024-02-21,2,2680.2,livré,Tnja,Carte,LIV3,2024-02-23
CMD08348,CL0226,P032,2023-04-03,5,3873.33,en_cours,kech,Carte,LIV8,
CMD04255,CL0478,P014,18/03/2023,5,2118.23,annulé,Agadir,Carte,LIV7,
CMD07061,CL0932,P012,28/05/2023,2,3330.47,KO,tanger,Carte,,
CMD19869,CL0222,P095,Mar 14 2023,1,1180.59,annulé,RBA,Carte,LIV10,
CMD27082,CL0227,P098,2023-03-21,5,2961.84,livré,tanger,Carte,LIV7,2023-03-24
CMD34947,CL0728,P084,2023-02-01,3,3400.93,retourné,Agadir,Carte,LIV5,2023-02-05
CMD32276,CL0324,P064,04/05/2024,2,3308.36,DONE,casa,Carte,LIV5,2024-05-08
CMD37463,CL0410,P098,2023-11-03,4,4597.04,KO,Tnja,Carte,,
CMD31722,CL0236,P041,Apr 29 2024,5,2693.34,livré,Agadir,Carte,LIV1,2024-05-03
CMD30093,CL0250,P088,29/11/2023,3,4190.61,livré,Agadir,Carte,LIV5,2023-12-04
CMD12510,CL0818,P012,Feb 08 2023,5,3141.01,LIVRE,tanger,Carte,LIV4,2023-02-10
CMD47703,CL0522,P080,11/09/2023,3,2756.05,en_cours,RBA,Carte,LIV3,
CMD16840,CL0904,P057,2023-08-30,2,754.1,livré,RBA,Carte,LIV6,2023-09-02
CMD12633,CL0713,P065,22/09/2023,5,1078.83,livré,tanger,Carte,LIV4,2023-09-24
CMD38550,CL0318,P088,2023-01-24,3,2555.91,livré,Tnja,Carte,LIV2,2023-01-25
CMD32736,CL0556,P047,17/05/2023,4,325.63,DONE,CASABLANCA,Carte,LIV2,2023-05-19
CMD35257,CL0890,P077,2023-06-24,1,4971.36,KO,Agadir,Carte,LIV6,
CMD45333,CL0189,P051,Dec 17 2023,3,4925.24,retourné,TANGER,Carte,LIV8,2023-12-19
CMD46966,CL0806,P007,03/02/2024,3,1940.12,annulé,kech,Carte,LIV6,
CMD17558,CL0574,P055,Jun 20 2023,1,407.01,DONE,TNG,Carte,LIV1,2023-06-23
CMD46153,CL0939,P078,Sep 21 2023,5,3062.69,KO,RBA,Carte,LIV9,
CMD05225,CL0104,P065,2024-03-03,4,2815.4,livre,casa,Carte,LIV4,
CMD01357,CL0787,P034,2024-03-14,4,1743.36,en_cours,TANGER,Carte,LIV6,
CMD15440,CL0365,P028,Jan 07 2024,1,1321.4,retourné,Agadir,Carte,,2024-01-12
CMD20866,CL0129,P060,07/09/2023,3,550.46,retourné,marrakech,Carte,LIV7,2023-09-12
CMD34754,CL0052,P001,2023-11-30,-1,4562.75,OK,marrakech,Carte,LIV7,
CMD00358,CL0692,P056,2023-05-07,2,4088.24,livré,tanger,Carte,LIV10,2023-05-10
CMD15871,CL0043,P077,2023-09-02,2,2571.75,retourné,TNG,Carte,LIV3,2023-09-03
CMD07841,CL0696,P077,Oct 13 2023,2,1340.73,annulé,casa,Carte,LIV10,
CMD37923,CL0704,P015,05/05/2024,4,1503.04,DONE,casa,Carte,LIV4,2024-05-09
CMD41906,CL0944,P039,2023-06-13,4,1523.7,livré,Tnja,Carte,LIV1,2023-06-18
CMD43496,CL0948,P045,Apr 03 2024,2,371.18,LIVRE,marrakech,Carte,LIV7,2024-04-06
CMD46344,CL0838,P065,Feb 27 2024,4,4819.47,retourné,CASABLANCA,Carte,LIV4,2024-03-02
CMD40042,CL0675,P002,May 12 2024,3,2528.91,livré,marrakech,Carte,LIV4,2024-05-13
CMD33616,CL0625,P012,Sep 29 2023,4,2894.08,LIVRE,TANGER,Carte,LIV3,2023-10-02
CMD11914,CL0899,P066,2024-01-08,1,621.05,en_cours,tanger,Carte,LIV6,
CMD08970,CL0446,P070,Jun 21 2023,5,3023.12,OK,casa,Carte,LIV9,
CMD33730,CL0572,P057,2023-03-12,5,2059.73,en_cours,marrakech,Carte,LIV1,
CMD39528,CL0346,P097,2024-01-26,2,4181.52,KO,Tnja,Carte,LIV3,
CMD34709,CL0838,P098,29/12/2023,3,1229.49,retourné,TANGER,Carte,LIV3,2024-01-02
CMD29760,CL0056,P100,16/12/2023,3,1414.58,livré,kech,Carte,LIV2,2023-12-20
CMD24574,CL0101,P098,11/07/2023,1,3122.11,DONE,CASABLANCA,Carte,LIV3,2023-07-15
CMD16096,CL0139,P022,2023-11-23,5,218.51,en_cours,casa,Carte,LIV10,
CMD35782,CL0377,P030,Oct 09 2023,4,492.99,LIVRE,RBA,Carte,LIV1,2023-10-13
CMD06992,CL0848,P033,2023-01-29,4,4390.43,retourné,tanger,Carte,,2023-01-31
CMD07850,CL0151,P044,14/01/2024,4,3346.6,livré,marrakech,Carte,LIV1,2024-01-17
CMD15045,CL0027,P046,29/01/2023,1,0,OK,TANGER,Carte,,
CMD39431,CL0812,P048,23/03/2023,1,2056.48,LIVRE,Tnja,Carte,LIV9,2023-03-27
CMD13404,CL0566,P096,2023-05-27,5,206.6,en_cours,Tnja,Carte,LIV7,
CMD28073,CL0769,P011,Oct 15 2023,2,4829.87,retourné,TANGER,Carte,LIV7,2023-10-19
CMD06150,CL0658,P088,23/06/2023,2,3212.34,en_cours,marrakech,Carte,LIV1,
CMD45440,CL0230,P029,24/09/2023,3,4065.75,KO,CASABLANCA,Carte,LIV4,
CMD11040,CL0142,P011,20/05/2023,4,4721.86,livré,Agadir,Carte,LIV4,2023-05-22
CMD39672,CL0507,P030,2023-10-13,2,139.06,livre,Tnja,Carte,LIV8,
CMD34454,CL0188,P011,2023-10-26,2,345.9,LIVRE,marrakech,Carte,LIV9,2023-10-27
CMD05218,CL0905,P095,May 25 2023,1,2712.79,LIVRE,CASABLANCA,Carte,LIV9,2023-05-29
CMD02590,CL0854,P075,2023-05-07,3,2409.29,annulé,marrakech,Carte,LIV5,
CMD40901,CL0580,P069,2023-01-03,5,438.86,retourné,Agadir,Carte,LIV1,2023-01-04
CMD01657,CL0460,P023,Apr 29 2023,2,2236.46,livré,kech,Carte,LIV7,2023-05-03
CMD43394,CL0958,P100,09/03/2024,5,1691.93,livré,Agadir,Carte,LIV9,2024-03-14
CMD30076,CL0140,P017,23/11/2023,2,525.0,livré,CASABLANCA,Carte,LIV10,2023-11-28
CMD27734,CL0220,P042,03/01/2024,1,2541.8,livré,CASABLANCA,Carte,LIV8,2024-01-06
CMD15986,CL0758,P039,2023-09-09,1,1912.01,annulé,Tnja,Carte,,
CMD18627,CL0852,P015,Feb 11 2024,2,3287.66,annulé,marrakech,Carte,,
CMD08393,CL0585,P088,May 12 2023,1,372.46,OK,TNG,Carte,LIV2,
CMD04798,CL0484,P093,Apr 16 2024,1,936.93,OK,marrakech,Carte,LIV3,
CMD38460,CL0848,P086,2023-04-02,2,4057.82,en_cours,TANGER,Carte,LIV7,
CMD37521,CL0171,P090,2023-02-02,1,3253.02,livré,CASABLANCA,Carte,LIV2,2023-02-03
CMD03718,CL0009,P031,04/11/2023,5,4686.9,OK,tanger,Carte,LIV6,
CMD35658,CL0037,P038,08/02/2024,2,4278.77,DONE,CASABLANCA,Carte,LIV6,2024-02-12
CMD32129,CL0996,P090,Jul 30 2023,2,504.44,livré,casa,Carte,LIV6,2023-08-01
CMD34609,CL0595,P004,03/10/2023,4,2583.02,livre,CASABLANCA,Carte,LIV3,
CMD20774,CL0099,P074,Mar 14 2024,1,1689.39,OK,marrakech,Carte,LIV10,
CMD23264,CL0554,P088,Apr 30 2024,5,581.95,livré,CASABLANCA,Carte,LIV7,2024-05-01
CMD06527,CL0040,P056,30/06/2023,1,539.82,en_cours,CASABLANCA,Carte,,
CMD00006,CL0469,P001,Jun 11 2023,3,270.66,KO,TNG,Carte,LIV3,
CMD05904,CL0752,P100,2023-03-24,3,1013.06,en_cours,casa,Carte,LIV5,
CMD34634,CL0092,P033,Feb 16 2024,1,2113.73,livré,Agadir,Carte,LIV7,2024-02-18
CMD42412,CL0845,P003,2023-09-11,4,1188.99,DONE,RBA,Carte,LIV3,2023-09-15
CMD08556,CL0289,P059,27/06/2023,5,3726.14,livré,Tnja,Carte,LIV10,2023-06-30
CMD17322,CL0980,P079,Feb 10 2023,5,4501.57,annulé,TANGER,Carte,LIV3,
CMD10036,CL0509,P036,13/01/2024,4,2322.73,annulé,tanger,Carte,LIV2,
CMD30495,CL0966,P095,Dec 03 2023,4,3300.3,livré,tanger,Carte,LIV8,2023-12-05
CMD07010,CL0301,P013,2023-11-21,1,3726.62,LIVRE,kech,Carte,LIV5,2023-11-22
CMD22839,CL0987,P044,26/02/2023,3,4639.66,livré,TANGER,Carte,LIV1,2023-03-03
CMD27419,CL0741,P017,16/03/2023,4,4843.13,DONE,tanger,Carte,LIV3,2023-03-18
CMD36924,CL0177,P063,2024-01-09,4,3002.98,livré,marrakech,Carte,LIV4,2024-01-14
CMD47629,CL0329,P084,Sep 20 2023,1,1853.78,livré,marrakech,Carte,,2023-09-21
CMD07880,CL0873,P027,2023-12-06,-1,2268.13,KO,CASABLANCA,Carte,LIV8,
CMD23465,CL0894,P031,May 30 2023,3,1615.39,DONE,tanger,Carte,LIV10,2023-06-04
CMD06097,CL0056,P091,2023-04-21,3,1141.78,DONE,TANGER,Carte,LIV9,2023-04-23
CMD20574,CL0478,P012,17/02/2024,3,1606.31,livré,marrakech,Carte,LIV6,2024-02-18
CMD40071,CL0028,P004,24/12/2023,4,3236.04,livré,marrakech,Carte,LIV9,2023-12-25
CMD06907,CL0985,P033,Feb 16 2024,1,4938.95,OK,marrakech,Carte,LIV5,
CMD13295,CL0945,P053,2023-08-25,3,2641.51,LIVRE,Agadir,Carte,LIV3,2023-08-27
CMD41999,CL0212,P052,29/02/2024,4,74.19,livré,kech,Carte,LIV4,2024-03-01
CMD35129,CL0312,P082,Mar 06 2024,2,3878.53,OK,RBA,Carte,LIV3,
CMD10787,CL0605,P056,31/10/2023,2,4583.98,DONE,CASABLANCA,Carte,LIV9,2023-11-02
CMD47854,CL0546,P034,Sep 10 2023,3,4550.15,LIVRE,kech,Carte,LIV6,2023-09-13
CMD19690,CL0649,P091,Nov 18 2023,4,3275.9,LIVRE,TNG,Carte,LIV8,2023-11-22
CMD35763,CL0913,P013,2023-02-05,2,2488.17,OK,Agadir,Carte,LIV7,
CMD02628,CL0941,P048,Dec 11 2023,4,3813.0,livré,TNG,Carte,LIV1,2023-12-12
CMD12025,CL0086,P082,2023-09-29,3,1186.63,livré,TANGER,Carte,LIV1,2023-10-02
CMD07445,CL0293,P031,2024-05-06,2,1659.77,livré,casa,Carte,,2024-05-09
CMD33350,CL0384,P063,28/04/2023,5,2270.66,livré,marrakech,Carte,LIV4,2023-04-29
CMD44820,CL0200,P014,2023-06-13,3,3352.98,retourné,TNG,Carte,LIV6,2023-06-14
CMD18127,CL0064,P042,13/02/2024,2,3775.73,en_cours,RBA,Carte,LIV2,
CMD29796,CL0532,P038,2023-07-29,4,2003.92,livre,RBA,Carte,LIV3,
CMD46385,CL0860,P072,Jun 13 2023,5,4540.76,livré,Tnja,Carte,LIV7,2023-06-18
CMD15422,CL0415,P015,2023-12-06,4,1768.77,OK,Tnja,Carte,LIV8,
CMD04420,CL0523,P085,17/07/2023,3,431.01,OK,Tnja,Carte,LIV3,
CMD47723,CL0937,P018,2023-11-01,1,1724.66,livré,marrakech,Carte,LIV1,2023-11-02
CMD09435,CL0953,P085,May 01 2024,1,2915.97,OK,CASABLANCA,Carte,LIV7,
CMD20953,CL0088,P011,2023-10-19,2,2071.89,retourné,tanger,Carte,LIV4,2023-10-23
CMD22263,CL0651,P080,Feb 19 2023,3,1122.93,DONE,TANGER,Carte,LIV3,2023-02-22
CMD01730,CL0686,P016,2023-03-24,4,3195.59,livré,TANGER,Carte,LIV3,2023-03-29
CMD16871,CL0646,P012,Apr 20 2023,2,3965.9,livré,RBA,Carte,LIV10,2023-04-22
CMD07415,CL0376,P042,28/04/2024,5,1844.89,livre,Tnja,Carte,LIV7,
CMD09792,CL0944,P072,Sep 12 2023,1,2945.61,livré,marrakech,Carte,LIV2,2023-09-16
CMD10843,CL0520,P072,20/08/2023,2,1483.15,annulé,Agadir,Carte,LIV6,
CMD44080,CL0052,P074,12/05/2023,1,4618.87,livré,TNG,Carte,LIV4,2023-05-14
CMD44434,CL0949,P006,2023-09-01,4,4420.0,livré,TANGER,Carte,LIV4,2023-09-06
CMD35345,CL0203,P069,Apr 08 2023,4,362.99,retourné,TANGER,Carte,LIV6,2023-04-09
CMD29335,CL0072,P095,24/05/2023,1,2197.63,livré,Agadir,Carte,LIV1,2023-05-27
CMD37316,CL0932,P087,Sep 14 2023,4,2116.89,livre,marrakech,Carte,LIV2,
CMD28802,CL0553,P066,2023-05-01,2,4793.91,LIVRE,CASABLANCA,Carte,LIV2,2023-05-03
CMD07982,CL0037,P067,May 15 2023,4,2297.29,LIVRE,kech,Carte,LIV5,2023-05-18
CMD02262,CL0357,P091,2024-01-17,2,4443.81,KO,CASABLANCA,Carte,LIV9,
CMD44549,CL0819,P060,13/01/2024,2,2580.24,OK,TANGER,Carte,LIV1,
CMD28204,CL0224,P031,Jan 08 2023,3,3084.82,retourné,tanger,Carte,LIV6,2023-01-10
CMD00472,CL0812,P035,Oct 25 2023,4,1464.14,DONE,CASABLANCA,Carte,LIV8,2023-10-28
CMD02088,CL0189,P007,Nov 26 2023,1,3570.21,livré,Tnja,Carte,LIV4,2023-11-30
CMD34922,CL0422,P074,2024-04-27,2,703.32,annulé,marrakech,Carte,LIV10,
CMD44357,CL0650,P067,2023-02-06,1,3684.02,livré,tanger,Carte,LIV6,2023-02-08
CMD13857,CL0575,P012,17/09/2023,4,2541.8,retourné,CASABLANCA,Carte,LIV9,2023-09-19
CMD24755,CL0623,P082,2023-02-10,2,2513.66,LIVRE,kech,Carte,LIV7,2023-02-13
CMD31373,CL0488,P055,14/10/2023,3,626.58,annulé,kech,Carte,LIV5,
CMD21503,CL0054,P070,Sep 10 2023,5,4773.52,KO,Tnja,Carte,LIV5,
CMD15495,CL0090,P039,07/12/2023,1,2675.25,OK,Agadir,Carte,,
CMD04081,CL0460,P035,2023-07-30,4,1579.32,livré,TANGER,Carte,,2023-07-31
CMD04009,CL0306,P073,Jun 16 2023,5,2313.86,livré,kech,Carte,LIV7,2023-06-17
CMD29485,CL0257,P083,2023-07-28,2,2324.74,KO,TNG,Carte,,
CMD43624,CL0932,P037,06/04/2024,3,2997.73,livré,Tnja,Carte,LIV7,2024-04-09
CMD20121,CL0733,P041,26/02/2023,5,4874.14,KO,tanger,Carte,LIV8,
CMD19687,CL0017,P092,2023-01-28,2,1324.0,livre,TANGER,Carte,LIV6,
CMD40418,CL0339,P003,2024-01-27,1,2852.74,livré,TANGER,Carte,LIV2,2024-01-29
CMD47311,CL0626,P052,21/11/2023,3,2567.96,en_cours,Agadir,Carte,LIV1,
CMD19251,CL0782,P018,11/05/2024,3,1127.25,en_cours,TANGER,Carte,LIV9,
CMD34750,CL0808,P100,12/03/2023,2,2613.2,LIVRE,tanger,Carte,LIV6,2023-03-13
CMD02752,CL0619,P025,Feb 08 2024,2,1690.82,DONE,kech,Carte,LIV7,2024-02-11
CMD11007,CL0989,P080,2023-10-28,3,1132.91,livré,TANGER,Carte,LIV3,2023-10-29
CMD05916,CL0773,P039,01/01/2024,5,0,livré,CASABLANCA,Carte,LIV6,2024-01-03
CMD02261,CL0126,P001,2023-06-16,1,403.97,livré,Tnja,Carte,LIV7,2023-06-20
CMD42662,CL0304,P031,2023-03-01,3,4937.01,livré,kech,Carte,LIV3,2023-03-06
CMD42770,CL0627,P012,Sep 17 2023,3,2471.76,KO,TNG,Carte,LIV5,
CMD01110,CL0785,P093,05/02/2023,5,1320.91,livré,Agadir,Carte,LIV5,2023-02-10
CMD04136,CL0515,P045,10/03/2024,2,2613.15,OK,TANGER,Carte,LIV4,
CMD20612,CL0861,P057,Mar 28 2024,3,1656.0,LIVRE,Tnja,Carte,LIV1,2024-03-31
CMD07576,CL0081,P062,2024-03-23,2,3695.96,en_cours,tanger,Carte,LIV3,
CMD23540,CL0295,P087,2023-02-17,1,2754.05,livré,Tnja,Carte,LIV8,2023-02-19
CMD26849,CL0322,P090,Apr 27 2023,3,4230.36,LIVRE,casa,Carte,LIV3,2023-04-28
CMD18190,CL0230,P006,2024-01-29,5,157.44,LIVRE,tanger,Carte,LIV3,2024-01-30
CMD03226,CL0027,P058,2024-01-15,1,707.98,LIVRE,marrakech,Carte,,2024-01-18
CMD46421,CL0440,P015,Apr 13 2024,4,2955.49,livré,tanger,Carte,,2024-04-18
CMD34952,CL0847,P001,2023-12-12,3,4134.76,en_cours,TNG,Carte,LIV4,
CMD19720,CL0085,P024,2023-05-19,1,4518.43,en_cours,marrakech,Carte,LIV7,
CMD10654,CL0171,P006,2023-02-17,2,4234.19,livré,marrakech,Carte,,2023-02-19
CMD14829,CL0626,P083,Oct 19 2023,2,1819.82,retourné,CASABLANCA,Carte,LIV7,2023-10-20
CMD33240,CL0945,P011,24/01/2024,5,4263.36,livré,casa,Carte,LIV5,2024-01-25
CMD02207,CL0286,P063,Feb 16 2023,3,2693.05,livré,CASABLANCA,Carte,LIV2,2023-02-19
CMD22423,CL0118,P050,10/07/2023,4,3777.03,annulé,marrakech,Carte,LIV3,
CMD29357,CL0555,P089,Oct 06 2023,1,3318.37,livré,RBA,Carte,LIV2,2023-10-09
CMD06679,CL0716,P098,Jan 10 2023,4,4735.38,retourné,tanger,Carte,LIV2,2023-01-13
CMD40797,CL0267,P099,04/04/2023,1,3755.69,LIVRE,Agadir,Carte,LIV10,2023-04-05
CMD20340,CL0559,P032,2023-11-09,2,2697.53,KO,marrakech,Carte,LIV9,
CMD11585,CL0649,P016,Aug 27 2023,5,2520.44,OK,TNG,Carte,LIV9,
CMD41183,CL0748,P019,31/10/2023,4,2470.14,en_cours,Agadir,Carte,LIV7,
CMD17227,CL0523,P031,11/05/2024,5,1383.68,livré,RBA,Carte,LIV5,2024-05-15
CMD02764,CL0016,P076,2024-01-09,2,3957.58,annulé,Agadir,Carte,LIV9,
CMD38729,CL0510,P030,26/02/2023,1,811.41,retourné,TNG,Carte,LIV6,2023-03-01
CMD40508,CL0942,P004,Aug 19 2023,1,840.59,en_cours,CASABLANCA,Carte,LIV6,
CMD47180,CL0614,P037,2023-12-24,2,2627.11,KO,RBA,Carte,LIV6,
CMD03007,CL0662,P033,2023-05-14,2,2711.11,livre,RBA,Carte,LIV7,
CMD42616,CL0206,P020,2023-08-01,4,2293.8,livré,RBA,Carte,LIV8,2023-08-06
CMD27799,CL0878,P055,09/12/2023,3,4156.4,LIVRE,TNG,Carte,LIV2,2023-12-14
CMD08826,CL0172,P083,Nov 19 2023,4,3371.93,LIVRE,TANGER,Carte,LIV7,2023-11-22
CMD30417,CL0975,P087,Feb 13 2023,3,4996.52,DONE,TNG,Carte,LIV10,2023-02-15
CMD44001,CL0100,P078,25/03/2024,2,1342.88,LIVRE,TNG,Carte,LIV2,2024-03-28
CMD31325,CL0556,P076,Oct 16 2023,1,1946.67,DONE,casa,Carte,LIV6,2023-10-20
CMD11831,CL0684,P098,2023-02-15,5,788.86,DONE,kech,Carte,LIV4,2023-02-19
CMD26368,CL0831,P019,2023-06-19,5,1448.79,livré,TNG,Carte,LIV4,2023-06-20
CMD07998,CL0893,P007,10/02/2024,4,720.32,livré,TNG,Carte,LIV4,2024-02-11
CMD22209,CL0451,P052,May 26 2023,5,2315.58,DONE,Tnja,Carte,LIV1,2023-05-29
CMD17897,CL0040,P073,Nov 16 2023,3,1038.1,LIVRE,casa,Carte,LIV5,2023-11-19
CMD45454,CL0674,P064,2024-01-15,2,532.74,DONE,tanger,Carte,,2024-01-17
CMD27336,CL0933,P068,Jul 28 2023,4,4207.47,OK,tanger,Carte,LIV3,
CMD01931,CL0683,P004,2024-04-13,2,970.89,OK,tanger,Carte,LIV10,
CMD43238,CL0774,P023,21/12/2023,2,4447.34,KO,kech,Carte,LIV9,
CMD43081,CL0248,P079,Mar 20 2023,3,3615.45,DONE,TANGER,Carte,LIV9,2023-03-25
CMD42207,CL0039,P015,Aug 28 2023,5,2403.79,en_cours,Agadir,Carte,LIV9,
CMD10432,CL0565,P035,03/03/2024,5,2079.65,livré,casa,Carte,LIV4,2024-03-05
CMD05123,CL0901,P054,2023-09-11,4,1346.51,retourné,tanger,Carte,LIV3,2023-09-13
CMD13568,CL0164,P002,Jun 24 2023,4,1791.31,LIVRE,Agadir,Carte,LIV10,2023-06-25
CMD39396,CL0303,P007,2023-10-09,3,2108.46,livré,CASABLANCA,Carte,,2023-10-12
CMD05007,CL0531,P096,2023-10-25,5,3303.66,annulé,TNG,Carte,LIV4,
CMD47950,CL0359,P063,26/04/2023,5,4148.69,livré,TANGER,Carte,LIV8,2023-04-29
CMD22689,CL0576,P096,Nov 23 2023,4,3863.44,livré,TANGER,Carte,LIV3,2023-11-28
CMD35823,CL0634,P077,09/05/2024,3,3965.02,en_cours,CASABLANCA,Carte,LIV3,
CMD10019,CL0374,P080,08/03/2024,5,948.39,livre,marrakech,Carte,LIV5,
CMD34270,CL0221,P094,07/02/2024,4,174.4,annulé,marrakech,Carte,,
CMD30677,CL0806,P063,15/10/2023,1,4001.17,KO,Tnja,Carte,LIV10,
CMD17745,CL0362,P013,25/02/2023,2,3344.22,retourné,casa,Carte,LIV5,2023-02-28
CMD21400,CL0881,P059,2023-11-02,5,4411.74,KO,casa,Carte,LIV2,
CMD05481,CL0229,P071,19/03/2024,2,1089.35,retourné,TNG,Carte,LIV10,2024-03-22
CMD46613,CL0135,P047,15/04/2024,1,4664.63,livre,casa,Carte,LIV4,
CMD34513,CL0002,P096,2023-08-25,2,1052.11,retourné,tanger,Carte,LIV7,2023-08-27
CMD04126,CL0519,P071,23/10/2023,3,3602.28,en_cours,Agadir,Carte,LIV6,
CMD22020,CL0543,P027,Apr 19 2023,5,2090.35,LIVRE,kech,Carte,,2023-04-23
CMD25699,CL0133,P062,2023-03-22,4,1051.81,DONE,CASABLANCA,Carte,LIV7,2023-03-24
CMD00635,CL0383,P076,19/08/2023,4,4871.21,OK,TNG,Carte,LIV10,
CMD19580,CL0739,P057,2023-03-06,5,305.76,en_cours,Tnja,Carte,LIV9,
CMD18726,CL0466,P072,Feb 09 2024,1,1301.13,DONE,Agadir,Carte,LIV3,2024-02-10
CMD27100,CL0924,P029,2023-08-24,3,2954.65,livré,RBA,Carte,LIV9,2023-08-25
CMD32257,CL0295,P017,May 10 2024,2,4311.69,livre,TNG,Carte,LIV7,
CMD37386,CL0741,P002,2023-01-03,3,398.42,annulé,Agadir,Carte,LIV2,
CMD06518,CL0965,P023,2023-05-08,2,2425.52,DONE,CASABLANCA,Carte,LIV3,2023-05-11
CMD22653,CL0520,P075,Sep 12 2023,4,2117.17,livré,TANGER,Carte,LIV7,2023-09-14
CMD12592,CL0739,P043,09/07/2023,4,1807.15,annulé,Agadir,Carte,LIV8,
CMD43920,CL0057,P039,2023-08-12,3,4294.73,livré,tanger,Carte,LIV4,2023-08-14
CMD09895,CL0314,P031,12/02/2024,5,4224.96,annulé,marrakech,Carte,LIV10,
CMD47168,CL0609,P080,2023-09-01,5,1361.48,LIVRE,tanger,Carte,LIV9,2023-09-06
CMD07787,CL0028,P100,2023-10-03,3,2544.95,en_cours,kech,Carte,LIV6,
CMD18370,CL0465,P050,Feb 26 2024,1,3387.73,livré,casa,Carte,LIV1,2024-02-29
CMD17248,CL0796,P040,2024-02-08,5,3433.06,LIVRE,Tnja,Carte,LIV7,2024-02-12
CMD20321,CL0996,P060,Oct 31 2023,3,4398.96,livré,TNG,Carte,LIV7,2023-11-02
CMD10793,CL0919,P010,2023-03-26,3,3574.79,livré,kech,Carte,LIV6,2023-03-28
CMD11055,CL0571,P017,2023-09-06,4,2907.37,OK,CASABLANCA,Carte,LIV9,
CMD48315,CL0871,P007,03/06/2023,1,874.55,LIVRE,RBA,Carte,LIV10,2023-06-08
CMD17850,CL0202,P068,09/05/2023,4,4095.71,KO,RBA,Carte,LIV2,
CMD29204,CL0490,P045,Mar 05 2023,4,4707.78,DONE,marrakech,Carte,LIV3,2023-03-10
CMD43324,CL0200,P074,17/03/2024,1,2761.84,retourné,tanger,Carte,LIV5,2024-03-19
CMD45652,CL0354,P051,16/12/2023,5,2087.65,livré,RBA,Carte,LIV10,2023-12-20
CMD40389,CL0455,P031,Nov 27 2023,3,3007.7,retourné,kech,Carte,LIV6,2023-11-29
CMD43791,CL0864,P018,2024-04-24,3,557.94,livré,Agadir,Carte,LIV9,2024-04-29
CMD33279,CL0206,P058,2024-04-01,1,4533.46,retourné,TNG,Carte,LIV2,2024-04-05
CMD46464,CL0768,P066,Jun 17 2023,1,2240.51,LIVRE,tanger,Carte,LIV9,2023-06-18
CMD43030,CL0495,P068,Dec 25 2023,3,2976.48,KO,tanger,Carte,LIV6,
CMD45994,CL0764,P070,2023-02-07,5,1970.22,annulé,TANGER,Carte,LIV7,
CMD37673,CL0555,P036,2024-01-29,5,145.38,LIVRE,CASABLANCA,Carte,,2024-01-30
CMD02292,CL0928,P059,23/09/2023,1,4541.2,livre,TNG,Carte,LIV7,
CMD16470,CL0095,P089,21/12/2023,2,2313.24,livré,marrakech,Carte,LIV5,2023-12-24
CMD28500,CL0623,P098,2024-05-06,5,3705.36,livre,tanger,Carte,LIV8,
CMD46177,CL0642,P004,2023-07-08,1,852.42,livré,kech,Carte,,2023-07-11
CMD02275,CL0791,P073,28/05/2023,4,3082.93,livré,tanger,Carte,LIV5,2023-06-01
CMD10585,CL0097,P038,2024-03-25,4,1238.63,LIVRE,Agadir,Carte,LIV4,2024-03-30
CMD27988,CL0163,P017,06/02/2024,4,4819.13,en_cours,Tnja,Carte,LIV6,
CMD34081,CL0332,P081,Jan 29 2024,3,3626.73,OK,tanger,Carte,LIV10,
CMD25682,CL0553,P062,04/05/2023,2,1443.18,annulé,TANGER,Carte,LIV9,
CMD16973,CL0236,P087,26/01/2023,4,4895.7,livré,marrakech,Carte,LIV10,2023-01-31
CMD29091,CL0729,P083,Jan 06 2024,3,1748.88,livré,Agadir,Carte,LIV6,2024-01-08
CMD33323,CL0323,P002,2023-07-23,3,1307.49,annulé,CASABLANCA,Carte,LIV1,
CMD14103,CL0062,P037,24/11/2023,4,748.63,livré,TNG,Carte,LIV3,2023-11-29
CMD37624,CL0978,P077,2023-03-30,3,1888.45,livré,Tnja,Carte,LIV4,2023-04-04
CMD47718,CL0108,P024,10/02/2024,1,964.52,annulé,Agadir,Carte,LIV7,
CMD21137,CL0957,P064,2023-07-27,1,4779.94,KO,TNG,Carte,LIV4,
CMD18292,CL0875,P058,Jan 04 2024,5,4173.95,livré,RBA,Carte,LIV3,2024-01-09
CMD07376,CL0267,P080,10/04/2023,1,330.1,OK,TANGER,Carte,LIV7,
CMD34201,CL0543,P036,17/04/2023,4,2030.17,retourné,kech,Carte,LIV7,2023-04-20
CMD04887,CL0572,P097,2024-01-25,5,3083.53,livré,kech,Carte,LIV6,2024-01-27
CMD28489,CL0783,P091,2023-04-06,2,956.69,livre,CASABLANCA,Carte,LIV5,
CMD47525,CL0629,P035,15/03/2023,3,4575.6,livré,RBA,Carte,LIV9,2023-03-16
CMD39935,CL0952,P037,22/03/2024,4,1322.16,livré,marrakech,Carte,LIV8,2024-03-26
CMD47429,CL0650,P030,2023-05-13,3,4541.98,en_cours,RBA,Carte,LIV5,
CMD35800,CL0300,P016,2023-07-08,4,4872.37,annulé,TNG,Carte,LIV4,
CMD04697,CL0197,P100,2024-04-09,3,4972.81,livré,Agadir,Carte,LIV8,2024-04-11
CMD31783,CL0509,P081,Jul 16 2023,2,1180.07,en_cours,casa,Carte,LIV4,
CMD28900,CL0133,P021,2023-12-11,-1,2506.29,livré,TNG,Carte,LIV5,2023-12-12
CMD11297,CL0998,P014,09/09/2023,3,214.26,LIVRE,tanger,Carte,LIV10,2023-09-12
CMD11641,CL0554,P033,Jul 14 2023,3,3802.93,OK,kech,Carte,,
CMD01248,CL0483,P074,2023-02-12,3,4632.17,annulé,casa,Carte,LIV3,
CMD42758,CL0652,P009,04/10/2023,5,4611.02,livré,CASABLANCA,Carte,LIV3,2023-10-07
CMD42569,CL0454,P048,25/02/2023,4,2779.11,livré,Agadir,Carte,LIV10,2023-02-26
CMD40619,CL0004,P088,2024-05-03,3,1663.57,annulé,tanger,Carte,LIV6,
CMD38855,CL0653,P096,2024-02-05,4,2824.26,annulé,Tnja,Carte,LIV9,
CMD33756,CL0699,P047,2023-06-22,2,1636.88,annulé,marrakech,Carte,,
CMD06480,CL0657,P026,2023-10-08,4,621.77,livré,CASABLANCA,Carte,LIV8,2023-10-12
CMD46165,CL0107,P023,Jun 04 2023,1,4429.0,LIVRE,Tnja,Carte,LIV2,2023-06-09
CMD24154,CL0667,P080,2023-03-04,4,3248.84,retourné,TANGER,Carte,LIV8,2023-03-06
CMD19837,CL0239,P081,10/12/2023,5,1761.84,livré,casa,Carte,LIV3,2023-12-13
CMD38188,CL0950,P095,2024-03-23,2,664.8,LIVRE,Agadir,Carte,LIV4,2024-03-28
CMD47793,CL0973,P061,Jul 30 2023,1,784.5,OK,CASABLANCA,Carte,LIV5,
CMD01686,CL0051,P052,2024-01-24,3,4709.4,livré,RBA,Carte,LIV8,2024-01-26
CMD30373,CL0477,P079,Feb 21 2023,2,1254.96,annulé,tanger,Carte,LIV6,
CMD33772,CL0520,P092,08/05/2024,5,3922.64,livré,marrakech,Carte,LIV1,2024-05-12
CMD31426,CL0304,P050,2023-12-28,1,3566.46,OK,TANGER,Carte,,
CMD31236,CL0861,P027,15/03/2023,1,1548.47,DONE,Agadir,Carte,LIV5,2023-03-17
CMD44610,CL0471,P054,13/04/2023,2,3233.0,livré,Tnja,Carte,LIV7,2023-04-15
CMD32121,CL0594,P036,2024-03-22,1,1933.26,livre,Agadir,Carte,LIV3,
CMD02986,CL0543,P011,2023-12-20,2,3971.11,KO,TNG,Carte,LIV6,
CMD03093,CL0786,P010,Apr 10 2023,4,2905.79,KO,Agadir,Carte,LIV2,
CMD44336,CL0203,P004,29/05/2023,4,0,livré,RBA,Carte,LIV2,2023-06-03
CMD41296,CL0011,P100,2023-01-22,2,4699.24,livré,TANGER,Carte,LIV10,2023-01-26
CMD25875,CL0402,P049,Feb 05 2023,5,122.85,annulé,tanger,Carte,LIV2,
CMD45182,CL0205,P063,2024-03-16,5,3619.29,livré,kech,Carte,LIV2,2024-03-21
CMD24871,CL0439,P013,2023-03-17,1,3731.59,retourné,RBA,Carte,LIV3,2023-03-18
CMD11528,CL0032,P028,2023-10-25,5,2463.11,livré,TANGER,Carte,LIV6,2023-10-30
CMD04466,CL0880,P015,Nov 16 2023,5,4487.18,OK,casa,Carte,LIV4,
CMD30497,CL0869,P066,2023-01-06,5,1961.6,OK,Tnja,Carte,LIV9,
CMD31198,CL0504,P010,2024-04-10,5,657.68,livré,Tnja,Carte,LIV1,2024-04-13
CMD40089,CL0491,P079,20/11/2023,4,3204.55,annulé,CASABLANCA,Carte,LIV2,
CMD00506,CL0688,P025,26/01/2023,1,559.44,en_cours,TANGER,Carte,,
CMD03709,CL0976,P090,May 04 2024,4,4525.39,livré,RBA,Carte,LIV2,2024-05-08
CMD18736,CL0867,P019,2023-05-03,3,4847.39,livré,marrakech,Carte,LIV8,2023-05-06
CMD30894,CL0840,P004,15/01/2024,2,2073.54,en_cours,tanger,Carte,LIV4,
CMD21826,CL0355,P096,17/08/2023,4,4687.44,livre,Tnja,Carte,LIV8,
CMD00812,CL0768,P017,16/02/2024,2,2726.84,en_cours,Tnja,Carte,LIV4,
CMD30995,CL0052,P012,2023-11-09,5,1613.05,livre,tanger,Carte,LIV8,
CMD12669,CL0421,P074,02/10/2023,1,2683.35,DONE,TANGER,Carte,,2023-10-05
CMD26855,CL0786,P044,2024-03-06,1,4937.23,DONE,TANGER,Carte,LIV1,2024-03-09
CMD02241,CL0442,P076,Jul 04 2023,1,4641.51,DONE,marrakech,Carte,LIV8,2023-07-08
CMD02462,CL0908,P011,22/08/2023,3,2160.39,livré,marrakech,Carte,LIV1,2023-08-23
CMD08982,CL0020,P017,Jul 09 2023,4,1093.1,livré,Tnja,Carte,LIV7,2023-07-12
CMD19919,CL0898,P065,2024-03-18,5,3793.41,LIVRE,TNG,Carte,LIV5,2024-03-22
CMD37769,CL0839,P087,2023-01-31,4,4337.68,livré,Tnja,Carte,LIV1,2023-02-03
CMD45259,CL0435,P029,2023-07-17,5,2749.91,en_cours,casa,Carte,LIV1,
CMD04749,CL0619,P066,27/04/2023,4,1530.93,livré,RBA,Carte,LIV10,2023-05-02
CMD00775,CL0895,P048,Jan 13 2023,4,1051.41,annulé,marrakech,Carte,LIV8,
CMD13952,CL0051,P007,Feb 17 2024,4,2883.06,retourné,Agadir,Carte,LIV2,2024-02-19
CMD31050,CL0871,P029,May 12 2023,4,2929.95,DONE,TNG,Carte,LIV4,2023-05-17
CMD07334,CL0566,P080,Mar 13 2024,1,3013.22,livré,Agadir,Carte,LIV7,2024-03-17
CMD00917,CL0328,P068,Jan 09 2023,3,4797.11,livré,tanger,Carte,LIV6,2023-01-12
CMD22967,CL0025,P029,Jan 01 2024,3,2307.72,annulé,tanger,Carte,LIV9,
CMD16503,CL0970,P027,26/04/2024,4,2578.17,DONE,TNG,Carte,LIV1,2024-05-01
CMD22880,CL0637,P033,2024-03-30,3,1297.37,livré,TANGER,Carte,LIV10,2024-03-31
CMD25768,CL0215,P009,23/09/2023,4,4587.06,retourné,casa,Carte,LIV2,2023-09-24
CMD03157,CL0421,P016,06/11/2023,4,449.42,livre,CASABLANCA,Carte,LIV9,
CMD08308,CL0502,P099,2023-02-17,1,1698.27,en_cours,Tnja,Carte,LIV5,
CMD33563,CL0862,P097,2023-02-12,3,4175.82,livré,marrakech,Carte,LIV1,2023-02-17
CMD11606,CL1000,P099,17/01/2024,5,2714.8,DONE,RBA,Carte,LIV9,2024-01-18
CMD16958,CL0928,P042,05/05/2024,4,4292.22,KO,kech,Carte,LIV9,
CMD17352,CL0774,P067,Jul 07 2023,2,82.62,livré,kech,Carte,LIV2,2023-07-08
CMD40385,CL0824,P023,05/02/2023,4,3238.47,annulé,kech,Carte,LIV5,
CMD27864,CL0831,P086,Jan 24 2024,3,1886.27,DONE,TNG,Carte,LIV7,2024-01-29
CMD42768,CL0448,P025,2024-01-20,3,2242.14,OK,RBA,Carte,LIV9,
CMD15048,CL0346,P016,25/03/2023,1,4820.47,en_cours,marrakech,Carte,LIV5,
CMD39958,CL0826,P032,Mar 16 2024,2,1642.15,KO,RBA,Carte,LIV9,
CMD47162,CL0207,P073,Nov 14 2023,5,2214.4,livré,RBA,Carte,LIV2,2023-11-19
CMD48134,CL0086,P047,Apr 20 2023,4,1205.61,annulé,TANGER,Carte,LIV1,
CMD21841,CL0259,P025,2023-02-13,4,3029.74,en_cours,Tnja,Carte,LIV6,
CMD07487,CL0155,P037,19/04/2023,4,1000.93,KO,casa,Carte,LIV4,
CMD07374,CL0251,P073,2023-03-24,4,2167.43,livre,tanger,Carte,LIV5,
CMD22107,CL0832,P022,20/03/2024,2,1056.62,KO,tanger,Carte,LIV4,
CMD46390,CL0057,P050,06/02/2023,2,289.3,livré,tanger,Carte,LIV4,2023-02-08
CMD10804,CL0722,P057,2023-06-20,5,4636.13,livré,marrakech,Carte,LIV3,2023-06-23
CMD14289,CL0049,P058,Oct 06 2023,1,1972.23,KO,CASABLANCA,Carte,LIV3,
CMD18956,CL0219,P058,16/04/2024,1,4862.82,KO,CASABLANCA,Carte,LIV2,
CMD47929,CL0067,P095,27/03/2023,2,2147.13,livre,CASABLANCA,Carte,LIV6,
CMD03138,CL0169,P094,2023-07-19,3,3746.57,livré,TNG,Carte,LIV8,2023-07-23
CMD10268,CL0557,P052,2024-02-06,1,1748.73,DONE,kech,Carte,LIV1,2024-02-10
CMD12944,CL0140,P090,03/11/2023,3,3959.36,livré,marrakech,Carte,LIV3,2023-11-05
CMD44602,CL0435,P040,30/07/2023,5,3662.68,livré,CASABLANCA,Carte,LIV6,2023-08-04
CMD31881,CL0465,P055,Apr 04 2024,1,1475.04,en_cours,casa,Carte,LIV6,
CMD10189,CL0889,P095,04/01/2024,4,4076.48,annulé,Agadir,Carte,LIV5,
CMD30810,CL0825,P037,23/11/2023,5,1629.62,livré,casa,Carte,LIV4,2023-11-25
CMD27436,CL0529,P036,Dec 25 2023,4,1744.48,OK,marrakech,Carte,LIV2,
CMD46243,CL0628,P055,Apr 21 2023,2,2569.75,LIVRE,TANGER,Carte,LIV6,2023-04-24
CMD11549,CL0597,P068,22/12/2023,3,1402.23,en_cours,CASABLANCA,Carte,LIV5,
CMD00020,CL0237,P011,2023-06-02,5,1400.87,livré,CASABLANCA,Carte,LIV9,2023-06-03
CMD31409,CL0124,P060,19/06/2023,1,4242.32,LIVRE,kech,Carte,LIV1,2023-06-23
CMD06436,CL0607,P059,28/12/2023,2,2112.22,livré,marrakech,Carte,LIV8,2023-12-30
CMD19696,CL0839,P046,Mar 01 2024,5,2745.06,OK,Agadir,Carte,LIV2,
CMD07232,CL0610,P050,14/03/2023,3,1641.25,KO,casa,Carte,LIV3,
CMD29068,CL0917,P008,Sep 20 2023,4,2121.86,KO,RBA,Carte,LIV10,
CMD29737,CL0099,P057,11/11/2023,3,3612.1,annulé,RBA,Carte,LIV9,
CMD04435,CL0894,P016,Feb 12 2024,2,4811.8,en_cours,CASABLANCA,Carte,LIV7,
CMD26919,CL0492,P078,May 15 2024,1,1846.74,livré,casa,Carte,LIV9,2024-05-16
CMD42993,CL0922,P028,2024-02-28,5,3856.41,livré,tanger,Carte,LIV7,2024-03-04
CMD04031,CL0399,P037,21/02/2023,2,2380.91,livre,Agadir,Carte,LIV5,
CMD28213,CL0520,P050,Mar 30 2024,3,4512.11,DONE,RBA,Carte,LIV6,2024-04-04
CMD32506,CL0992,P085,Jul 05 2023,2,1334.78,livré,Agadir,Carte,LIV6,2023-07-10
CMD21506,CL0867,P091,24/03/2024,2,3462.66,LIVRE,TNG,Carte,LIV4,2024-03-25
CMD14331,CL0255,P001,12/07/2023,3,4810.5,DONE,marrakech,Carte,LIV10,2023-07-16
CMD09023,CL0802,P045,Apr 29 2024,2,1992.72,livré,TANGER,Carte,LIV7,2024-05-03
CMD29990,CL0926,P071,May 26 2023,4,3515.04,en_cours,TNG,Carte,,
CMD28662,CL0501,P098,22/12/2023,4,3585.01,KO,kech,Carte,LIV6,
CMD37900,CL0996,P026,2023-05-24,3,3984.92,retourné,CASABLANCA,Carte,LIV10,2023-05-25
CMD30753,CL0319,P096,Apr 08 2023,1,2740.79,KO,Agadir,Carte,LIV6,
CMD35231,CL0481,P062,09/12/2023,1,4574.06,livré,casa,Carte,LIV8,2023-12-12
CMD22991,CL0766,P085,Mar 03 2024,1,4163.24,annulé,Agadir,Carte,LIV2,
CMD01081,CL0571,P046,2023-04-13,5,4400.21,livre,marrakech,Carte,LIV3,
CMD21380,CL0830,P090,2023-04-23,1,1730.49,livré,RBA,Carte,LIV10,2023-04-24
CMD42761,CL0405,P013,20/12/2023,2,4495.64,livré,casa,Carte,LIV6,2023-12-22
CMD04468,CL0259,P074,30/11/2023,1,3711.4,livré,TANGER,Carte,LIV4,2023-12-05
CMD26691,CL0275,P029,Jan 19 2024,1,3238.12,annulé,Tnja,Carte,LIV8,
CMD41295,CL0539,P085,Feb 20 2023,5,3206.88,livré,casa,Carte,LIV6,2023-02-25
CMD39731,CL0306,P002,21/12/2023,1,1038.89,retourné,TANGER,Carte,LIV3,2023-12-22
CMD41342,CL0819,P071,16/10/2023,2,3446.47,DONE,TNG,Carte,LIV1,2023-10-17
CMD26947,CL0514,P051,24/12/2023,3,3049.83,livré,TNG,Carte,LIV5,2023-12-26
CMD17304,CL0638,P080,12/03/2023,3,1757.06,OK,Agadir,Carte,LIV1,
CMD11058,CL0605,P082,Jun 06 2023,4,3559.59,livré,marrakech,Carte,LIV5,2023-06-07
CMD01535,CL0204,P054,Feb 28 2024,5,2898.24,DONE,Agadir,Carte,LIV6,2024-03-04
CMD37043,CL0184,P085,May 02 2024,2,2496.95,livré,TANGER,Carte,,2024-05-06
CMD42298,CL0371,P042,Jul 23 2023,5,2766.45,livré,Tnja,Carte,,2023-07-26
CMD31812,CL0575,P034,Nov 20 2023,3,0,annulé,Tnja,Carte,LIV3,
CMD39352,CL0368,P003,2023-12-11,2,3946.88,livré,TANGER,Carte,LIV10,2023-12-15
CMD29917,CL0644,P036,2023-05-28,3,1626.13,DONE,TNG,Carte,LIV6,2023-06-01
CMD38358,CL0823,P001,Jun 06 2023,-1,3462.95,LIVRE,CASABLANCA,Carte,LIV9,2023-06-08
CMD10119,CL0870,P060,Feb 06 2024,1,1100.45,DONE,RBA,Carte,LIV5,2024-02-11
CMD39895,CL0283,P042,2023-04-28,5,4793.42,livre,tanger,Carte,LIV6,
CMD23181,CL0477,P023,Feb 27 2023,5,3964.09,LIVRE,TNG,Carte,LIV2,2023-02-28
CMD31683,CL0269,P035,02/05/2024,5,2085.73,DONE,TNG,Carte,LIV4,2024-05-06
CMD34273,CL0401,P092,15/02/2024,4,1020.05,annulé,Tnja,Carte,LIV5,
CMD41045,CL0779,P014,2023-08-11,2,1248.48,livré,kech,Carte,LIV1,2023-08-12
CMD18116,CL0283,P066,May 23 2023,1,3111.54,livré,casa,Carte,LIV9,2023-05-27
CMD06632,CL0661,P055,Feb 20 2024,3,3972.43,OK,tanger,Carte,LIV7,
CMD15516,CL0972,P060,Dec 18 2023,2,695.0,retourné,Agadir,Carte,LIV9,2023-12-20
CMD45787,CL0808,P042,Mar 10 2023,2,4404.99,OK,TNG,Carte,LIV1,
CMD05966,CL0041,P098,2023-01-18,5,2998.79,livré,RBA,Carte,LIV10,2023-01-19
CMD10957,CL0781,P043,04/03/2023,5,2868.76,en_cours,RBA,Carte,LIV10,
CMD41565,CL0994,P031,2023-08-30,1,2651.07,retourné,CASABLANCA,Carte,,2023-08-31
CMD17625,CL0399,P044,01/01/2024,1,1196.57,LIVRE,TNG,Carte,LIV2,2024-01-05
CMD16304,CL0509,P046,Sep 08 2023,3,1204.69,en_cours,Agadir,Carte,,
CMD36574,CL0230,P079,2023-08-19,-1,3804.82,annulé,casa,Carte,LIV6,
CMD06443,CL0527,P080,2023-01-26,1,3314.07,OK,RBA,Carte,LIV9,
CMD34824,CL0820,P091,2023-04-04,4,3296.66,livré,CASABLANCA,Carte,LIV8,2023-04-07
CMD25033,CL0317,P017,2023-01-05,5,223.1,OK,marrakech,Carte,LIV10,
CMD21708,CL0902,P046,Jan 05 2023,4,3370.93,livré,TNG,Carte,LIV9,2023-01-09
CMD24988,CL0296,P091,29/10/2023,5,0,LIVRE,Agadir,Carte,LIV3,2023-11-03
CMD41391,CL0853,P036,Oct 06 2023,5,2585.28,livré,kech,Carte,LIV2,2023-10-07
CMD23586,CL0681,P078,26/12/2023,3,4101.37,LIVRE,tanger,Carte,LIV3,2023-12-29
CMD33707,CL0936,P087,Feb 07 2024,4,3118.01,en_cours,Tnja,Carte,LIV5,
CMD22325,CL0274,P064,Nov 21 2023,3,4473.25,en_cours,RBA,Carte,LIV9,
CMD42917,CL0673,P056,2023-09-23,2,2621.53,livré,casa,Carte,LIV1,2023-09-24
CMD24121,CL0222,P097,23/02/2024,1,3622.94,livre,CASABLANCA,Carte,,
CMD41454,CL1000,P058,09/03/2023,2,538.59,en_cours,tanger,Carte,LIV4,
CMD42984,CL0971,P075,Sep 09 2023,3,3199.59,DONE,Agadir,Carte,LIV9,2023-09-10
CMD34943,CL0204,P049,Apr 11 2024,2,2944.84,annulé,casa,Carte,LIV9,
CMD13532,CL0766,P063,Mar 08 2024,3,2653.98,livré,TNG,Carte,,2024-03-10
CMD16387,CL0269,P049,2024-05-02,2,479.16,livré,Agadir,Carte,,2024-05-04
CMD09591,CL0015,P069,2023-10-03,2,4434.07,OK,kech,Carte,LIV5,
CMD06475,CL0355,P070,2023-12-04,1,2805.32,livré,marrakech,Carte,LIV1,2023-12-06
CMD02453,CL0491,P098,Mar 12 2024,5,747.23,livré,tanger,Carte,LIV8,2024-03-17
CMD36092,CL0360,P030,2024-03-06,1,844.06,DONE,Tnja,Carte,,2024-03-10
CMD32490,CL0011,P071,23/03/2024,4,3853.62,annulé,RBA,Carte,LIV4,
CMD28011,CL0609,P021,2023-07-10,5,4337.57,livre,TANGER,Carte,LIV8,
CMD17852,CL0589,P015,2024-03-22,4,2680.04,KO,casa,Carte,LIV7,
CMD14663,CL0457,P084,2023-11-23,2,4172.68,livré,RBA,Carte,LIV7,2023-11-26
CMD06684,CL0663,P043,2023-01-29,3,3397.54,DONE,TNG,Carte,LIV3,2023-01-30
CMD16105,CL0356,P093,11/02/2024,1,4918.59,OK,TNG,Carte,LIV2,
CMD16725,CL0981,P013,Jan 12 2024,1,1215.59,livre,marrakech,Carte,LIV9,
CMD15470,CL0828,P013,2023-12-31,1,1141.97,livré,TNG,Carte,LIV6,2024-01-01
CMD06540,CL0710,P008,2023-07-01,2,3889.15,livré,kech,Carte,,2023-07-04
CMD42094,CL0760,P013,16/12/2023,4,4317.93,LIVRE,casa,Carte,LIV1,2023-12-19
CMD37661,CL0286,P086,2023-07-08,4,4177.24,livré,CASABLANCA,Carte,LIV10,2023-07-12
CMD32710,CL0878,P083,24/05/2023,2,2168.34,DONE,tanger,Carte,LIV9,2023-05-29
CMD17615,CL0202,P041,Apr 25 2023,4,4674.13,LIVRE,TNG,Carte,,2023-04-29
CMD41828,CL0599,P084,Jul 12 2023,4,4469.93,en_cours,casa,Carte,LIV6,
CMD28853,CL0944,P086,May 19 2023,4,4802.27,livré,TANGER,Carte,LIV9,2023-05-20
CMD45620,CL0111,P056,2023-04-17,5,4476.98,annulé,TANGER,Carte,LIV9,
CMD02832,CL0097,P010,2023-09-17,1,1436.07,annulé,tanger,Carte,LIV1,
CMD14284,CL0289,P022,13/07/2023,5,3338.99,livré,casa,Carte,,2023-07-14
CMD26571,CL0260,P003,Feb 17 2024,5,2315.86,KO,casa,Carte,LIV10,
CMD02998,CL0139,P014,07/12/2023,5,4073.56,retourné,tanger,Carte,LIV5,2023-12-09
CMD11345,CL0260,P064,24/01/2023,5,2001.25,livre,TNG,Carte,,
CMD41808,CL0230,P063,Mar 02 2024,2,1795.57,retourné,TNG,Carte,LIV9,2024-03-04
CMD08149,CL0798,P040,Feb 08 2024,3,4002.57,livre,kech,Carte,LIV8,
CMD29734,CL0133,P040,07/04/2023,5,484.67,KO,TANGER,Carte,LIV1,
CMD45797,CL0773,P093,Dec 17 2023,1,1399.6,LIVRE,CASABLANCA,Carte,LIV6,2023-12-19
CMD17165,CL0916,P049,17/03/2023,3,382.12,livré,TNG,Carte,,2023-03-19
CMD11239,CL0999,P045,Apr 06 2023,2,2029.27,DONE,casa,Carte,LIV10,2023-04-11
CMD07134,CL0036,P008,Feb 19 2023,4,2113.87,KO,Agadir,Carte,LIV10,
CMD35164,CL0047,P084,16/09/2023,4,4508.44,DONE,RBA,Carte,LIV10,2023-09-20
CMD09831,CL0293,P045,2023-11-11,-1,3450.62,livré,TNG,Carte,LIV10,2023-11-15
CMD19495,CL0084,P032,Feb 11 2023,3,0,livré,CASABLANCA,Carte,LIV2,2023-02-12
CMD42071,CL0298,P012,2024-05-03,4,407.41,LIVRE,marrakech,Carte,LIV7,2024-05-08
CMD00277,CL0745,P007,10/11/2023,4,1219.9,livre,TNG,Carte,LIV10,
CMD00909,CL0235,P032,11/04/2024,3,3628.58,KO,kech,Carte,LIV9,
CMD20890,CL0588,P016,03/11/2023,3,4652.17,livré,Agadir,Carte,LIV1,2023-11-04
CMD17553,CL0424,P012,Apr 19 2024,2,4109.26,annulé,TNG,Carte,LIV1,
CMD01831,CL0521,P089,2024-01-12,1,1098.95,annulé,casa,Carte,LIV9,
CMD39976,CL0348,P020,13/02/2024,1,629.05,DONE,Agadir,Carte,LIV4,2024-02-17
CMD08293,CL0874,P094,2023-08-10,3,4476.13,retourné,RBA,Carte,LIV5,2023-08-15
CMD14312,CL0692,P008,Feb 22 2024,2,2347.81,LIVRE,marrakech,Carte,LIV1,2024-02-24
CMD02313,CL0712,P011,2023-06-06,3,737.87,DONE,casa,Carte,LIV10,2023-06-08
CMD07110,CL0381,P018,30/08/2023,2,3588.46,DONE,Tnja,Carte,LIV6,2023-08-31
CMD21558,CL0802,P063,May 03 2024,4,2430.06,retourné,CASABLANCA,Carte,LIV2,2024-05-04
CMD15806,CL0310,P002,Apr 16 2024,3,1948.28,LIVRE,marrakech,Carte,LIV8,2024-04-19
CMD37645,CL0998,P007,2023-09-15,5,4956.41,DONE,CASABLANCA,Carte,LIV4,2023-09-20
CMD41249,CL0514,P032,May 26 2023,1,3444.16,livré,casa,Carte,LIV5,2023-05-29
CMD22863,CL0711,P097,10/03/2024,5,1988.94,DONE,RBA,Carte,LIV3,2024-03-11
CMD38462,CL0080,P020,2023-01-05,5,3586.44,OK,tanger,Carte,LIV10,
CMD28480,CL0997,P076,Jan 24 2023,1,2872.58,livre,TNG,Carte,LIV2,
CMD25412,CL0638,P019,25/09/2023,4,1370.39,retourné,kech,Carte,,2023-09-27
CMD04080,CL0325,P074,08/01/2024,1,2258.85,LIVRE,tanger,Carte,LIV5,2024-01-09
CMD41443,CL0385,P032,Apr 20 2023,4,2829.76,retourné,RBA,Carte,LIV2,2023-04-21
CMD27255,CL0642,P036,2023-09-15,2,4758.95,DONE,RBA,Carte,LIV3,2023-09-16
CMD10260,CL0092,P046,2023-05-20,1,3929.18,livré,Agadir,Carte,LIV10,2023-05-25
CMD16279,CL0727,P070,2024-03-18,1,705.99,OK,tanger,Carte,LIV2,
CMD43537,CL0090,P091,Apr 25 2023,4,2328.43,en_cours,Tnja,Carte,LIV6,
CMD10958,CL0124,P100,2023-04-22,2,407.19,DONE,casa,Carte,LIV9,2023-04-27
CMD16070,CL0550,P037,2023-10-27,4,2479.24,DONE,marrakech,Carte,LIV2,2023-10-28
CMD30046,CL0657,P048,02/06/2023,3,195.53,en_cours,kech,Carte,LIV8,
CMD19781,CL0817,P026,09/04/2024,2,4784.15,DONE,TANGER,Carte,LIV5,2024-04-13
CMD27249,CL0330,P082,Apr 05 2024,4,648.33,livré,TNG,Carte,LIV9,2024-04-09
CMD43756,CL0177,P083,May 30 2023,4,785.28,annulé,CASABLANCA,Carte,LIV3,
CMD25117,CL0682,P027,Oct 17 2023,5,830.33,LIVRE,Tnja,Carte,LIV6,2023-10-20
CMD09916,CL0567,P058,Apr 30 2023,3,3115.0,OK,kech,Carte,LIV3,
CMD06957,CL0750,P030,2023-06-25,1,1092.59,annulé,CASABLANCA,Carte,LIV8,
CMD15248,CL0931,P081,13/03/2024,3,3133.68,DONE,Agadir,Carte,LIV6,2024-03-18
CMD41818,CL0352,P054,12/03/2023,3,4301.76,livré,TANGER,Carte,LIV1,2023-03-13
CMD11283,CL0790,P084,20/03/2023,4,4522.8,KO,marrakech,Carte,LIV9,
CMD09363,CL0979,P066,Jun 23 2023,1,4007.4,annulé,casa,Carte,LIV4,
CMD28413,CL0882,P075,20/03/2024,2,4556.6,OK,kech,Carte,LIV1,
CMD25495,CL0288,P068,Mar 16 2024,3,2952.51,en_cours,Tnja,Carte,LIV2,
CMD11802,CL0194,P015,2023-05-03,2,1123.18,retourné,kech,Carte,LIV10,2023-05-06
CMD22615,CL0338,P037,20/05/2023,4,96.45,livré,CASABLANCA,Carte,LIV10,2023-05-23
CMD46776,CL0372,P007,2023-02-08,5,4535.12,retourné,tanger,Carte,LIV2,2023-02-12
CMD29167,CL0389,P016,Sep 07 2023,5,4227.91,annulé,kech,Carte,LIV3,
CMD41985,CL0624,P025,Jul 08 2023,1,1837.8,livre,TNG,Carte,LIV1,
CMD44028,CL0561,P027,23/04/2024,1,2441.86,livré,tanger,Carte,LIV3,2024-04-26
CMD15276,CL0391,P086,01/01/2023,3,635.6,OK,marrakech,Carte,LIV10,
CMD03962,CL0124,P077,Feb 15 2023,5,1102.4,DONE,tanger,Carte,LIV7,2023-02-18
CMD21051,CL0207,P076,16/06/2023,4,338.03,annulé,kech,Carte,LIV7,
CMD43065,CL0213,P094,Sep 17 2023,2,508.97,livré,TANGER,Carte,,2023-09-18
CMD37767,CL0169,P089,20/12/2023,2,1398.42,LIVRE,Tnja,Carte,LIV10,2023-12-24
CMD31550,CL0398,P083,2023-10-08,3,1501.53,livré,TANGER,Carte,LIV5,2023-10-13
CMD17332,CL0111,P009,Nov 05 2023,1,3018.34,livre,TNG,Carte,LIV9,
CMD30283,CL0030,P026,06/09/2023,4,4295.14,livré,kech,Carte,LIV6,2023-09-11
CMD03323,CL0719,P096,2023-02-14,1,1961.52,retourné,kech,Carte,LIV8,2023-02-18
CMD28771,CL0511,P066,2024-03-08,3,2781.24,DONE,RBA,Carte,LIV6,2024-03-11
CMD20132,CL0851,P056,23/10/2023,2,0,OK,TNG,Carte,LIV3,
CMD43271,CL0774,P052,2023-03-12,3,4342.24,retourné,TANGER,Carte,LIV4,2023-03-16
CMD38165,CL0308,P043,08/08/2023,5,3809.62,annulé,RBA,Carte,LIV2,
CMD42009,CL0408,P014,2023-11-01,4,2477.79,KO,Tnja,Carte,LIV5,
CMD13508,CL0536,P019,2024-03-17,3,3731.31,LIVRE,Tnja,Carte,LIV8,2024-03-20
CMD21859,CL0514,P070,08/03/2023,2,2570.45,livré,TNG,Carte,LIV3,2023-03-13
CMD00906,CL0672,P013,2024-05-07,2,4932.8,KO,kech,Carte,LIV10,
CMD14452,CL0412,P022,26/03/2023,4,1560.94,OK,TNG,Carte,LIV5,
CMD07845,CL0201,P008,10/03/2023,-1,4330.82,livre,casa,Carte,LIV5,
CMD14719,CL0987,P005,2023-03-05,2,0,en_cours,marrakech,Carte,LIV10,
CMD06889,CL0338,P005,Feb 18 2023,3,3185.46,livré,kech,Carte,LIV9,2023-02-21
CMD43294,CL0952,P010,2023-10-11,4,1738.13,livré,Tnja,Carte,LIV3,2023-10-13
CMD18192,CL0469,P014,2023-07-21,2,4270.27,livré,marrakech,Carte,,2023-07-26
CMD40571,CL0959,P086,2023-07-01,4,4882.38,annulé,tanger,Carte,LIV7,
CMD13138,CL0913,P014,Sep 19 2023,2,3926.94,LIVRE,TANGER,Carte,,2023-09-24
CMD27677,CL0731,P038,Dec 03 2023,1,4723.7,DONE,TNG,Carte,,2023-12-06
CMD07954,CL0295,P038,17/08/2023,2,3796.52,livré,TNG,Carte,LIV5,2023-08-20
CMD35056,CL0872,P073,Feb 27 2023,2,4613.02,livre,TNG,Carte,LIV10,
CMD04437,CL0813,P067,08/09/2023,5,1839.31,DONE,RBA,Carte,LIV10,2023-09-09
CMD41663,CL0404,P006,17/01/2024,3,1101.04,annulé,kech,Carte,LIV1,
CMD23484,CL0543,P100,25/01/2023,3,357.5,livré,tanger,Carte,LIV7,2023-01-30
CMD14369,CL0233,P076,2024-04-16,3,3157.5,OK,marrakech,Carte,LIV2,
CMD23512,CL0969,P093,Dec 08 2023,4,343.15,livré,TNG,Carte,LIV8,2023-12-10
CMD44500,CL0682,P079,May 22 2023,4,3003.32,livre,casa,Carte,LIV1,
CMD44784,CL0857,P050,Sep 08 2023,2,0,livre,marrakech,Carte,LIV7,
CMD33276,CL0447,P098,2024-05-07,2,2256.06,livré,RBA,Carte,LIV10,2024-05-10
CMD20458,CL0869,P003,10/12/2023,4,1159.25,livré,CASABLANCA,Carte,,2023-12-15
CMD06520,CL0206,P047,Jul 05 2023,5,1598.34,KO,tanger,Carte,LIV2,
CMD26859,CL0107,P028,Jan 30 2023,4,4635.9,DONE,RBA,Carte,LIV2,2023-02-02
CMD24480,CL0301,P026,2024-01-20,4,1729.73,LIVRE,Tnja,Carte,LIV7,2024-01-25
CMD29909,CL0571,P082,2024-02-14,2,3833.85,annulé,RBA,Carte,LIV1,
CMD14564,CL0958,P023,Feb 16 2024,5,3738.17,LIVRE,CASABLANCA,Carte,LIV6,2024-02-17
CMD18316,CL0773,P064,2023-03-16,3,3501.03,retourné,tanger,Carte,LIV9,2023-03-19
CMD33820,CL0578,P007,Aug 01 2023,4,2127.58,retourné,Tnja,Carte,LIV1,2023-08-03
CMD07877,CL0551,P045,07/01/2023,4,1616.32,livre,RBA,Carte,LIV2,
CMD25488,CL0134,P036,2024-02-10,2,3024.69,en_cours,Tnja,Carte,LIV8,
CMD37303,CL0627,P024,02/07/2023,1,958.6,livre,tanger,Carte,LIV1,
CMD00131,CL0196,P059,20/03/2023,3,4490.28,DONE,kech,Carte,LIV8,2023-03-21
CMD32638,CL0820,P001,09/01/2024,4,4248.87,livré,CASABLANCA,Carte,LIV7,2024-01-13
CMD10440,CL0692,P036,2023-12-29,4,3728.83,annulé,marrakech,Carte,,
CMD13612,CL0701,P065,29/03/2024,5,4625.45,livré,casa,Carte,LIV4,2024-03-30
CMD12955,CL0582,P068,Sep 21 2023,2,4326.29,livré,TNG,Carte,LIV2,2023-09-24
CMD21417,CL0341,P040,2023-01-01,4,4629.16,annulé,RBA,Carte,LIV9,
CMD43440,CL0168,P084,2023-11-30,2,2711.26,retourné,RBA,Carte,LIV4,2023-12-03
CMD10743,CL0526,P055,08/09/2023,4,2385.04,livre,CASABLANCA,Carte,,
CMD44925,CL0662,P083,Mar 07 2023,4,592.43,KO,Tnja,Carte,LIV1,
CMD19017,CL0790,P081,2024-03-04,4,2126.24,KO,casa,Carte,LIV8,
CMD20219,CL0864,P029,2024-03-18,4,1858.15,livré,tanger,Carte,LIV4,2024-03-21
CMD08770,CL0805,P100,Feb 10 2024,4,3081.32,retourné,RBA,Carte,LIV1,2024-02-14
CMD17149,CL0669,P069,2023-10-11,3,3116.61,OK,casa,Carte,LIV8,
CMD07468,CL0282,P006,2023-09-20,1,409.56,livré,CASABLANCA,Carte,LIV4,2023-09-22
CMD15222,CL0519,P010,2023-12-26,4,1096.58,livré,TANGER,Carte,LIV1,2023-12-28
CMD15716,CL0121,P016,2023-04-22,2,3810.46,LIVRE,kech,Carte,LIV4,2023-04-27
CMD23272,CL0993,P010,2024-01-11,-1,2475.4,KO,kech,Carte,,
CMD11657,CL0341,P077,2024-03-12,4,1548.13,DONE,RBA,Carte,LIV6,2024-03-14
CMD46171,CL0435,P094,Aug 19 2023,2,0,livré,TNG,Carte,LIV3,2023-08-24
CMD31634,CL0646,P063,Jun 29 2023,4,881.48,annulé,Agadir,Carte,LIV3,
CMD06647,CL0771,P088,2023-12-10,1,3332.09,LIVRE,casa,Carte,LIV2,2023-12-15
CMD10349,CL0021,P019,2023-12-20,3,4953.75,OK,Agadir,Carte,LIV1,
CMD18438,CL0123,P024,Aug 20 2023,3,2263.71,LIVRE,TNG,Carte,LIV2,2023-08-24
CMD40028,CL0242,P006,2023-05-12,1,4113.79,DONE,Tnja,Carte,LIV3,2023-05-17
CMD01917,CL0562,P097,2023-03-26,2,3926.73,OK,Tnja,Carte,LIV2,
CMD03868,CL0017,P016,07/08/2023,5,3831.16,livre,CASABLANCA,Carte,LIV3,
CMD01167,CL0659,P093,Mar 07 2023,1,0,annulé,CASABLANCA,Carte,LIV5,
CMD48232,CL0961,P004,2023-11-21,3,254.36,livré,RBA,Carte,LIV7,2023-11-22
CMD36145,CL0700,P031,Nov 26 2023,1,4125.74,LIVRE,casa,Carte,LIV6,2023-12-01
CMD40702,CL0114,P050,2024-01-10,4,4141.1,retourné,tanger,Carte,LIV2,2024-01-13
CMD30500,CL0397,P074,18/12/2023,2,3250.12,DONE,Tnja,Carte,LIV1,2023-12-19
CMD21128,CL0009,P093,21/10/2023,4,376.33,DONE,tanger,Carte,LIV8,2023-10-22
CMD26202,CL0754,P047,Mar 08 2024,1,2767.23,LIVRE,CASABLANCA,Carte,LIV5,2024-03-11
CMD38286,CL0766,P049,22/11/2023,5,1843.28,OK,kech,Carte,LIV1,
CMD14206,CL0958,P061,2023-09-28,4,4730.81,LIVRE,TANGER,Carte,LIV8,2023-09-29
CMD05628,CL0438,P053,09/07/2023,1,2407.27,livré,Tnja,Carte,LIV8,2023-07-11
CMD18121,CL0567,P051,29/03/2024,5,631.89,retourné,kech,Carte,LIV7,2024-04-03
CMD40527,CL0320,P047,20/02/2023,1,4653.69,livré,tanger,Carte,LIV1,2023-02-21
CMD39323,CL0525,P043,Jun 27 2023,2,3047.92,en_cours,CASABLANCA,Carte,LIV4,
CMD29914,CL0351,P045,06/03/2024,4,4914.39,KO,tanger,Carte,LIV2,
CMD44113,CL0091,P063,2023-08-21,2,2313.69,KO,TANGER,Carte,LIV9,
CMD37152,CL0735,P050,21/12/2023,4,989.87,livré,TANGER,Carte,LIV10,2023-12-26
CMD08998,CL0572,P049,2023-07-14,5,3971.95,KO,RBA,Carte,LIV6,
CMD15961,CL0409,P040,Feb 13 2023,2,1254.54,en_cours,CASABLANCA,Carte,LIV10,
CMD12023,CL0078,P015,20/03/2023,5,4836.56,DONE,TNG,Carte,LIV6,2023-03-25
CMD00020,CL0237,P011,2023-06-02,5,1400.87,livré,CASABLANCA,Carte,LIV9,2023-06-03
CMD13788,CL0605,P078,Aug 19 2023,3,412.68,OK,CASABLANCA,Carte,LIV1,
CMD36559,CL0834,P009,14/01/2023,2,2837.09,OK,Tnja,Carte,LIV1,
CMD42414,CL0711,P017,21/11/2023,1,4986.29,KO,RBA,Carte,LIV4,
CMD37498,CL0757,P075,18/01/2023,2,3452.1,KO,tanger,Carte,LIV7,
CMD43404,CL0864,P044,2023-04-10,1,4615.25,livré,CASABLANCA,Carte,LIV2,2023-04-11
CMD39294,CL0341,P086,2023-07-03,1,4095.5,livré,TANGER,Carte,LIV2,2023-07-08
CMD19175,CL0192,P004,2023-07-01,3,2293.33,LIVRE,kech,Carte,LIV7,2023-07-03
CMD47579,CL0122,P041,09/04/2023,5,3339.61,DONE,Tnja,Carte,LIV9,2023-04-11
CMD19029,CL0389,P055,2023-08-22,5,4669.02,livré,Tnja,Carte,LIV5,2023-08-24
CMD27534,CL0785,P042,2023-04-05,3,3967.21,retourné,CASABLANCA,Carte,LIV6,2023-04-07
CMD08557,CL0031,P073,Aug 23 2023,2,437.52,livré,TANGER,Carte,LIV1,2023-08-24
CMD21446,CL0344,P061,31/05/2023,2,1371.03,DONE,Tnja,Carte,LIV3,2023-06-04
CMD03661,CL0579,P088,2023-09-24,2,2754.08,LIVRE,Agadir,Carte,LIV4,2023-09-26
CMD20087,CL0591,P046,Oct 28 2023,4,4185.91,livre,kech,Carte,LIV8,
CMD11285,CL0505,P010,Mar 18 2024,5,4417.97,livré,RBA,Carte,LIV4,2024-03-19
CMD34082,CL0169,P022,06/06/2023,2,1264.95,OK,RBA,Carte,LIV5,
CMD07112,CL0053,P017,Jul 16 2023,2,4158.3,livré,TNG,Carte,LIV1,2023-07-20
CMD36265,CL0046,P036,2024-03-12,1,740.89,OK,Agadir,Carte,LIV9,
CMD39690,CL0335,P043,2024-05-06,1,1696.12,LIVRE,Agadir,Carte,LIV8,2024-05-09
CMD04452,CL0577,P045,2023-09-09,4,3679.16,LIVRE,TNG,Carte,LIV2,2023-09-13
CMD13234,CL0995,P005,2023-07-07,3,3123.78,livré,Agadir,Carte,LIV7,2023-07-09
CMD02919,CL0518,P062,2023-09-13,1,4320.23,livré,marrakech,Carte,LIV3,2023-09-16
CMD38634,CL0212,P033,2024-01-20,5,2135.54,livré,Agadir,Carte,LIV6,2024-01-24
CMD39619,CL0409,P004,12/06/2023,4,2100.62,LIVRE,Agadir,Carte,LIV9,2023-06-15
CMD19207,CL0938,P060,23/03/2023,-1,611.29,livré,CASABLANCA,Carte,LIV3,2023-03-25
CMD12865,CL0677,P051,2023-08-31,1,2988.51,annulé,CASABLANCA,Carte,LIV2,
CMD24351,CL0458,P054,11/11/2023,2,4361.02,DONE,RBA,Carte,LIV6,2023-11-14
CMD36946,CL0048,P007,17/09/2023,3,1294.35,en_cours,marrakech,Carte,LIV9,
CMD11250,CL0639,P070,19/04/2024,5,4621.33,DONE,casa,Carte,LIV6,2024-04-23
CMD10662,CL0223,P098,2023-08-08,1,3569.73,LIVRE,marrakech,Carte,LIV2,2023-08-10
CMD21775,CL0560,P087,05/08/2023,4,3615.78,DONE,CASABLANCA,Carte,LIV9,2023-08-10
CMD46647,CL0339,P008,2024-03-17,1,1973.6,livré,Agadir,Carte,LIV8,2024-03-19
CMD00770,CL0975,P092,2023-01-16,1,1507.97,OK,Agadir,Carte,LIV4,
CMD17774,CL0438,P040,Nov 21 2023,3,4664.95,retourné,marrakech,Carte,LIV8,2023-11-22
CMD03911,CL0824,P093,12/04/2024,3,4636.95,livre,TANGER,Carte,LIV9,
CMD04654,CL0636,P044,16/10/2023,4,3358.8,livré,casa,Carte,LIV4,2023-10-17
CMD34532,CL0830,P059,2024-04-09,3,3429.2,livré,RBA,Carte,LIV6,2024-04-14
CMD11148,CL0729,P069,2023-11-15,1,3738.68,en_cours,casa,Carte,LIV8,
CMD34147,CL0435,P010,15/08/2023,5,3525.96,KO,kech,Carte,LIV7,
CMD34409,CL0638,P064,Apr 17 2024,3,3014.88,LIVRE,marrakech,Carte,LIV10,2024-04-22
CMD05671,CL0211,P087,07/05/2023,3,2858.28,annulé,casa,Carte,LIV8,
CMD17502,CL0238,P042,06/05/2023,1,4484.53,OK,TNG,Carte,LIV2,
CMD43661,CL0847,P042,2023-03-28,5,544.33,livré,marrakech,Carte,LIV6,2023-03-30
CMD22106,CL0237,P075,Feb 12 2023,3,1099.09,livre,TNG,Carte,LIV5,
CMD29172,CL0760,P004,2023-11-29,5,4273.07,livré,casa,Carte,LIV2,2023-12-01
CMD18380,CL0741,P092,2023-05-20,5,1553.67,LIVRE,marrakech,Carte,LIV5,2023-05-23
CMD21276,CL0965,P042,30/09/2023,4,4696.26,livré,kech,Carte,LIV10,2023-10-04
CMD12003,CL0720,P009,2023-02-11,5,1339.14,livré,Tnja,Carte,LIV4,2023-02-14
CMD40732,CL0926,P071,2023-07-09,2,1907.6,livre,casa,Carte,LIV6,
CMD22373,CL0968,P060,21/03/2023,3,2083.32,livré,CASABLANCA,Carte,,2023-03-22
CMD06043,CL0671,P034,Mar 21 2024,4,1063.54,en_cours,Agadir,Carte,LIV4,
CMD23737,CL0401,P071,2024-03-11,3,210.72,OK,TNG,Carte,LIV6,
CMD28124,CL0218,P081,29/07/2023,3,3649.06,livré,tanger,Carte,LIV10,2023-07-31
CMD30659,CL0522,P070,2023-08-17,3,1616.8,livre,CASABLANCA,Carte,LIV9,
CMD23396,CL0336,P091,09/04/2024,4,2700.2,livré,Agadir,Carte,LIV10,2024-04-10
CMD06595,CL0429,P092,21/10/2023,5,3318.65,en_cours,tanger,Carte,LIV8,
CMD06381,CL0381,P049,Apr 10 2024,4,621.04,OK,RBA,Carte,LIV5,
CMD20003,CL0068,P079,2023-06-01,1,4631.83,OK,CASABLANCA,Carte,LIV5,
CMD06798,CL0549,P001,May 07 2024,1,3552.43,livré,kech,Carte,LIV2,2024-05-12
CMD40900,CL0851,P053,2024-02-21,3,4432.66,livré,kech,Carte,LIV7,2024-02-22
CMD46555,CL0740,P046,11/04/2023,4,3762.4,annulé,Agadir,Carte,LIV8,
CMD03766,CL0538,P034,10/04/2023,5,1174.73,livre,marrakech,Carte,LIV7,
CMD43737,CL0633,P060,13/05/2024,3,3272.82,retourné,CASABLANCA,Carte,LIV1,2024-05-17
CMD46771,CL0399,P081,2023-12-13,2,3980.88,annulé,Tnja,Carte,LIV8,
CMD34187,CL0668,P008,14/04/2023,2,184.13,livre,tanger,Carte,LIV9,
CMD37691,CL0571,P094,24/01/2023,3,4335.2,livre,marrakech,Carte,LIV6,
CMD33301,CL0926,P004,Jun 30 2023,2,487.74,livre,tanger,Carte,LIV7,
CMD46173,CL0574,P069,27/10/2023,5,2441.13,livré,casa,Carte,LIV2,2023-10-28
CMD39233,CL0616,P026,16/04/2023,1,3993.73,livré,Tnja,Carte,LIV2,2023-04-20
CMD05396,CL0401,P041,02/04/2024,5,832.15,retourné,tanger,Carte,LIV1,2024-04-07
CMD05606,CL0672,P026,01/05/2024,2,4147.58,LIVRE,casa,Carte,LIV3,2024-05-03
CMD10263,CL0685,P004,2023-06-04,5,3431.33,LIVRE,marrakech,Carte,LIV4,2023-06-09
CMD40805,CL0181,P071,2023-11-22,2,822.64,KO,tanger,Carte,LIV7,
CMD04281,CL0699,P095,Nov 25 2023,1,1166.98,annulé,TANGER,Carte,LIV8,
CMD28061,CL0720,P020,Oct 04 2023,5,2343.75,LIVRE,CASABLANCA,Carte,LIV8,2023-10-07
CMD23941,CL0763,P070,13/04/2024,5,495.36,livre,tanger,Carte,LIV1,
CMD44884,CL0711,P025,2023-12-12,3,265.06,OK,casa,Carte,LIV7,
CMD46488,CL0197,P070,Nov 05 2023,5,735.77,DONE,CASABLANCA,Carte,LIV3,2023-11-06
CMD20066,CL0904,P086,2023-02-22,5,3274.37,KO,RBA,Carte,LIV2,
CMD09657,CL0837,P068,2024-01-01,5,2834.12,livre,marrakech,Carte,LIV4,
CMD13389,CL0552,P057,Jul 02 2023,5,4313.45,annulé,tanger,Carte,LIV9,
CMD11799,CL0702,P048,Jan 19 2024,4,2225.36,annulé,Agadir,Carte,LIV5,
CMD09917,CL0505,P011,2023-11-13,5,2092.79,livré,casa,Carte,LIV7,2023-11-16
CMD37202,CL0251,P098,2023-10-26,1,3702.94,KO,CASABLANCA,Carte,,
CMD47471,CL0355,P037,16/10/2023,4,3182.06,KO,RBA,Carte,LIV3,
CMD30937,CL0137,P096,2023-04-07,4,2176.53,retourné,marrakech,Carte,LIV9,2023-04-10
CMD22003,CL0404,P073,2024-04-01,3,1911.58,livré,Agadir,Carte,LIV2,2024-04-05
CMD24687,CL0395,P023,23/07/2023,1,1625.1,DONE,tanger,Carte,LIV6,2023-07-27
CMD18169,CL0788,P024,10/07/2023,5,3767.15,DONE,CASABLANCA,Carte,LIV9,2023-07-11
CMD46740,CL0878,P020,2023-07-31,1,4368.08,OK,marrakech,Carte,,
CMD19524,CL0184,P058,2024-01-06,2,1409.6,retourné,marrakech,Carte,LIV7,2024-01-07
CMD33979,CL0585,P061,Apr 07 2023,1,1411.28,LIVRE,Tnja,Carte,LIV8,2023-04-11
CMD01848,CL0783,P066,2023-09-10,4,4688.81,en_cours,kech,Carte,LIV7,
CMD07951,CL0459,P098,2023-06-27,5,1495.11,livre,Agadir,Carte,LIV3,
CMD14480,CL0706,P016,2023-07-04,4,610.22,LIVRE,Agadir,Carte,LIV8,2023-07-09
CMD30662,CL0626,P019,2023-05-29,4,4645.45,LIVRE,TNG,Carte,LIV8,2023-05-31
CMD05512,CL0208,P039,07/02/2023,5,2356.48,livré,TANGER,Carte,LIV9,2023-02-09
CMD36592,CL0974,P045,12/10/2023,-1,4007.2,en_cours,TANGER,Carte,LIV6,
CMD35576,CL0125,P044,Jan 20 2023,2,4051.13,KO,kech,Carte,LIV8,
CMD29829,CL0269,P082,11/02/2024,4,2613.83,LIVRE,CASABLANCA,Carte,LIV8,2024-02-14
CMD12629,CL0959,P072,27/01/2024,2,3848.39,livré,Agadir,Carte,LIV7,2024-01-30
CMD02687,CL0588,P001,25/03/2023,1,3153.13,annulé,TNG,Carte,,
CMD44643,CL0696,P065,21/01/2023,2,2934.58,DONE,CASABLANCA,Carte,LIV5,2023-01-22
CMD41655,CL0793,P065,Jan 29 2024,3,286.86,OK,kech,Carte,LIV1,
CMD43800,CL0883,P090,2023-02-17,5,1586.01,retourné,Tnja,Carte,LIV10,2023-02-18
CMD06197,CL0437,P031,21/11/2023,2,834.06,OK,Agadir,Carte,LIV1,
CMD03181,CL0162,P059,Sep 30 2023,1,1709.07,DONE,kech,Carte,LIV3,2023-10-05
CMD19538,CL0281,P039,2023-02-05,3,2567.26,en_cours,Tnja,Carte,LIV8,
CMD40157,CL0886,P047,25/01/2023,4,267.15,KO,marrakech,Carte,LIV3,
CMD16043,CL0156,P054,11/09/2023,1,3619.47,LIVRE,Agadir,Carte,LIV4,2023-09-16
CMD22795,CL0576,P049,06/04/2023,5,1710.33,KO,CASABLANCA,Carte,LIV8,
CMD18167,CL0763,P053,2023-03-22,1,3520.93,KO,TANGER,Carte,LIV10,
CMD15001,CL0993,P044,Mar 23 2024,3,2498.05,livré,TANGER,Carte,LIV4,2024-03-26
CMD16847,CL0097,P083,Oct 08 2023,1,3524.94,livré,TANGER,Carte,LIV5,2023-10-12
CMD24898,CL0171,P046,May 29 2023,3,4017.93,OK,marrakech,Carte,LIV2,
CMD45423,CL0038,P001,12/08/2023,2,2916.95,livré,casa,Carte,LIV3,2023-08-15
CMD16891,CL0598,P005,2023-02-05,3,1079.42,LIVRE,tanger,Carte,LIV3,2023-02-09
CMD32009,CL0346,P080,14/11/2023,3,1670.03,retourné,TNG,Carte,,2023-11-15
CMD46371,CL0367,P031,16/05/2023,5,3977.68,livré,Tnja,Carte,LIV2,2023-05-20
CMD47364,CL0591,P022,2023-02-21,3,299.37,livré,Agadir,Carte,LIV1,2023-02-23
CMD43412,CL0167,P059,2023-11-06,4,2180.18,livre,Agadir,Carte,LIV7,
CMD21191,CL0491,P005,23/11/2023,5,1378.82,livré,TANGER,Carte,LIV2,2023-11-26
CMD40602,CL0676,P021,Mar 07 2023,5,4964.63,en_cours,CASABLANCA,Carte,LIV5,
CMD38213,CL0103,P001,2023-04-28,1,4348.41,en_cours,TNG,Carte,LIV4,
CMD33857,CL0666,P093,2023-02-12,4,0,livré,casa,Carte,LIV2,2023-02-13
CMD39326,CL0794,P036,30/07/2023,1,2990.19,livre,Tnja,Carte,LIV2,
CMD29250,CL0699,P019,27/03/2024,5,3343.37,livré,TANGER,Carte,LIV6,2024-03-30
CMD44663,CL0966,P070,03/11/2023,4,4940.9,livré,Tnja,Carte,LIV3,2023-11-08
CMD46289,CL0642,P030,08/04/2023,1,1925.2,retourné,marrakech,Carte,LIV3,2023-04-09
CMD00438,CL0954,P007,Aug 09 2023,2,4597.85,OK,kech,Carte,LIV4,
CMD27596,CL0861,P081,Jun 11 2023,1,971.73,livré,TNG,Carte,LIV7,2023-06-16
CMD11368,CL0927,P047,2024-04-15,5,2174.59,en_cours,Tnja,Carte,LIV8,
CMD17064,CL0105,P069,Apr 09 2023,3,3766.12,annulé,tanger,Carte,LIV3,
CMD00187,CL0615,P091,2023-05-31,3,209.97,en_cours,kech,Carte,LIV3,
CMD19891,CL0440,P083,Oct 02 2023,5,993.06,KO,TNG,Carte,LIV3,
CMD09145,CL0388,P097,27/01/2024,3,1413.28,LIVRE,RBA,Carte,LIV10,2024-01-30
CMD31304,CL0121,P053,04/08/2023,5,776.39,livré,CASABLANCA,Carte,LIV2,2023-08-09
CMD46679,CL0734,P100,Oct 12 2023,4,2061.68,DONE,TNG,Carte,LIV9,2023-10-15
CMD20813,CL0426,P005,27/02/2023,-1,0,en_cours,Agadir,Carte,LIV10,
CMD10771,CL0334,P060,Mar 31 2024,5,1284.45,KO,RBA,Carte,LIV2,
CMD20655,CL0108,P032,2023-06-30,3,1549.53,livre,Tnja,Carte,LIV2,
CMD37512,CL0852,P003,Sep 16 2023,2,0,retourné,tanger,Carte,LIV5,2023-09-19
CMD00937,CL0870,P033,28/11/2023,1,2708.6,OK,TANGER,Carte,LIV1,
CMD48441,CL0643,P043,2024-02-29,2,491.14,livré,CASABLANCA,Carte,LIV3,2024-03-03
CMD34907,CL0060,P039,May 30 2023,1,3941.04,livré,Tnja,Carte,LIV5,2023-06-02
CMD09936,CL0403,P089,16/12/2023,5,1697.42,KO,kech,Carte,LIV5,
CMD25213,CL0106,P026,Feb 23 2024,3,1936.45,livré,RBA,Carte,LIV10,2024-02-26
CMD17719,CL0547,P075,Jan 12 2024,3,3174.88,livré,Agadir,Carte,LIV9,2024-01-15
CMD20213,CL0543,P001,Sep 14 2023,4,4469.22,DONE,Agadir,Carte,,2023-09-16
CMD29574,CL0647,P051,2023-04-02,2,1524.81,retourné,CASABLANCA,Carte,LIV4,2023-04-07
CMD13663,CL0732,P016,Apr 15 2024,3,4293.08,KO,RBA,Carte,LIV1,
CMD04259,CL0311,P081,30/08/2023,4,4611.75,KO,Tnja,Carte,LIV4,
CMD17053,CL0241,P047,Jan 12 2023,4,2164.08,retourné,CASABLANCA,Carte,LIV5,2023-01-16
CMD14888,CL0453,P010,24/03/2023,4,4213.46,livré,RBA,Carte,LIV6,2023-03-28
CMD15696,CL0717,P056,30/06/2023,2,3468.66,livré,kech,Carte,LIV6,2023-07-04
CMD28954,CL0893,P050,Sep 15 2023,2,759.47,LIVRE,tanger,Carte,LIV3,2023-09-19
CMD09812,CL0968,P028,Aug 24 2023,4,1828.98,KO,Tnja,Carte,LIV10,
CMD27890,CL0625,P079,Mar 06 2023,5,598.52,retourné,tanger,Carte,LIV7,2023-03-07
CMD09878,CL0227,P086,Jan 08 2023,2,3283.88,retourné,RBA,Carte,LIV4,2023-01-10
CMD39460,CL0773,P009,09/01/2023,2,1001.17,livré,casa,Carte,LIV5,2023-01-12
CMD31402,CL0775,P026,23/07/2023,5,2186.69,livre,marrakech,Carte,,
CMD18091,CL0533,P022,Mar 22 2023,3,2397.82,LIVRE,CASABLANCA,Carte,LIV9,2023-03-23
CMD06428,CL0219,P038,22/04/2023,4,2435.56,OK,marrakech,Carte,LIV8,
CMD44033,CL0103,P075,2024-02-19,1,918.36,livré,Tnja,Carte,,2024-02-23
CMD01263,CL0776,P007,2023-12-28,-1,2743.27,OK,casa,Carte,LIV8,
CMD40753,CL0154,P020,13/02/2024,5,1168.07,annulé,Agadir,Carte,LIV4,
CMD06662,CL0398,P100,Oct 03 2023,3,872.24,annulé,marrakech,Carte,LIV1,
CMD26019,CL0766,P063,27/05/2023,4,3798.31,livré,kech,Carte,LIV2,2023-06-01
CMD01913,CL0953,P050,21/06/2023,5,3641.42,DONE,tanger,Carte,LIV3,2023-06-24
CMD18746,CL0288,P086,26/12/2023,3,3435.42,KO,TNG,Carte,LIV2,
CMD12680,CL0706,P080,2023-02-24,5,69.81,LIVRE,CASABLANCA,Carte,,2023-02-27
CMD35752,CL0581,P004,2023-07-13,1,1111.54,livré,marrakech,Carte,LIV9,2023-07-18
CMD30049,CL0555,P068,Jun 22 2023,4,485.03,LIVRE,Tnja,Carte,LIV3,2023-06-23
CMD02740,CL0389,P099,04/10/2023,5,3766.5,retourné,RBA,Carte,LIV2,2023-10-09
CMD34236,CL0530,P071,Apr 06 2024,1,2195.19,OK,casa,Carte,LIV5,
CMD12516,CL0129,P036,2023-07-13,4,905.25,LIVRE,Agadir,Carte,LIV1,2023-07-18
CMD08258,CL0796,P100,30/03/2024,2,918.9,livré,tanger,Carte,LIV8,2024-04-04
CMD20841,CL0724,P017,27/01/2024,5,3752.69,retourné,tanger,Carte,LIV6,2024-01-28
CMD16175,CL0964,P039,2023-05-14,2,2729.34,livre,RBA,Carte,LIV9,
CMD43278,CL0601,P092,Feb 13 2024,1,3045.19,annulé,TANGER,Carte,LIV3,
CMD27730,CL0807,P096,2023-01-06,5,0,livré,tanger,Carte,LIV8,2023-01-08
CMD42339,CL0347,P003,Apr 21 2023,4,4339.51,livré,casa,Carte,LIV6,2023-04-25
CMD03349,CL0236,P059,2023-05-09,1,3317.6,OK,marrakech,Carte,LIV8,
CMD16613,CL0530,P049,13/05/2023,5,1693.41,livre,Tnja,Carte,LIV8,
CMD20379,CL0675,P053,Jul 11 2023,5,303.98,en_cours,Tnja,Carte,LIV9,
CMD25430,CL0927,P090,May 01 2023,3,4731.89,KO,CASABLANCA,Carte,LIV5,
CMD39030,CL0138,P001,2023-07-12,3,3397.6,retourné,kech,Carte,LIV6,2023-07-14
CMD10305,CL0867,P051,2024-03-25,4,0,annulé,Agadir,Carte,LIV4,
CMD31181,CL0475,P060,13/07/2023,2,1813.64,livre,RBA,Carte,LIV5,
CMD04513,CL0952,P013,2023-09-03,2,2499.11,annulé,Tnja,Carte,LIV7,
CMD21721,CL0330,P075,Apr 15 2024,1,3600.75,livré,Tnja,Carte,LIV2,2024-04-16
CMD05743,CL0429,P031,2024-03-20,2,2093.41,en_cours,casa,Carte,LIV2,
CMD26738,CL0709,P085,2024-04-22,1,2011.41,annulé,tanger,Carte,LIV9,
CMD43967,CL0067,P015,12/05/2024,4,4252.77,livré,TNG,Carte,LIV1,2024-05-16
CMD43264,CL0415,P095,25/05/2023,3,0,livré,marrakech,Carte,,2023-05-30
CMD22907,CL0367,P042,01/09/2023,2,245.01,livré,tanger,Carte,LIV7,2023-09-02
CMD31980,CL0558,P070,2023-12-12,1,2897.38,livre,marrakech,Carte,LIV7,
CMD20142,CL0896,P053,Aug 05 2023,3,1640.25,livré,kech,Carte,LIV6,2023-08-08
CMD16731,CL0732,P031,2024-01-26,1,1901.64,annulé,tanger,Carte,LIV3,
CMD10064,CL0945,P040,2023-02-14,1,1225.01,DONE,TANGER,Carte,LIV4,2023-02-18
CMD06145,CL0110,P036,2023-02-09,1,4922.06,livré,RBA,Carte,LIV2,2023-02-14
CMD30709,CL0829,P013,29/02/2024,4,4886.49,OK,marrakech,Carte,LIV8,
CMD23850,CL0992,P095,Nov 14 2023,3,3200.24,livré,Agadir,Carte,LIV1,2023-11-19
CMD32092,CL0901,P078,2024-02-01,4,2035.35,en_cours,tanger,Carte,LIV9,
CMD01319,CL0742,P087,09/08/2023,2,625.09,annulé,tanger,Carte,LIV3,
CMD17366,CL0540,P047,Apr 30 2023,4,4564.04,en_cours,RBA,Carte,LIV7,
CMD02394,CL0883,P081,Aug 10 2023,2,1799.57,retourné,tanger,Carte,LIV2,2023-08-15
CMD31946,CL0937,P022,11/07/2023,4,3032.45,LIVRE,kech,Carte,LIV7,2023-07-12
CMD39355,CL0833,P038,Jan 01 2023,3,803.64,livré,CASABLANCA,Carte,,2023-01-04
CMD26705,CL0705,P090,02/02/2023,2,1206.43,OK,TNG,Carte,LIV8,
CMD44341,CL0580,P002,02/05/2024,1,241.42,retourné,Agadir,Carte,LIV4,2024-05-06
CMD11558,CL0730,P061,2023-07-26,5,769.32,annulé,TNG,Carte,LIV2,
CMD15383,CL0688,P015,2023-08-24,5,915.49,annulé,CASABLANCA,Carte,LIV10,
CMD03851,CL0303,P056,2023-10-10,4,1688.63,livré,CASABLANCA,Carte,LIV7,2023-10-13
CMD39150,CL0988,P034,03/08/2023,5,2073.12,annulé,casa,Carte,LIV2,
CMD45657,CL0138,P012,Apr 29 2023,5,3164.51,retourné,TANGER,Carte,LIV7,2023-05-04
CMD28027,CL0460,P029,Mar 22 2023,4,1131.73,livré,TANGER,Carte,LIV4,2023-03-24
CMD32069,CL0952,P093,2024-03-30,5,4197.46,livré,Agadir,Carte,LIV10,2024-03-31
CMD09197,CL0588,P004,Jun 08 2023,5,824.37,OK,CASABLANCA,Carte,LIV3,
CMD31013,CL0060,P080,2024-01-15,1,1208.59,livré,TANGER,Carte,LIV7,2024-01-19
CMD41072,CL0840,P023,Apr 30 2024,2,3021.41,en_cours,TNG,Carte,LIV4,
CMD43803,CL0964,P042,2023-12-15,3,937.55,KO,TANGER,Carte,LIV6,
CMD24979,CL0749,P095,07/04/2023,3,4230.83,livré,RBA,Carte,LIV3,2023-04-12
CMD32601,CL0117,P010,2024-02-25,1,1124.07,annulé,RBA,Carte,LIV10,
CMD27790,CL0389,P002,22/11/2023,2,4691.87,livré,Tnja,Carte,LIV10,2023-11-24
CMD43096,CL0912,P030,20/10/2023,3,4777.17,LIVRE,marrakech,Carte,LIV8,2023-10-25
CMD13273,CL0083,P082,26/04/2023,5,1929.54,KO,TNG,Carte,LIV1,
CMD18545,CL0843,P010,12/10/2023,4,663.84,en_cours,marrakech,Carte,LIV1,
CMD41030,CL0527,P061,Jan 23 2024,3,2662.36,livré,TNG,Carte,LIV1,2024-01-28
CMD25058,CL0026,P092,2024-01-29,3,4649.51,retourné,kech,Carte,LIV1,2024-01-31
CMD47773,CL0642,P063,07/07/2023,3,1128.96,LIVRE,RBA,Carte,,2023-07-10
CMD10657,CL0451,P082,29/06/2023,5,2746.74,livré,Tnja,Carte,LIV3,2023-07-04
CMD39451,CL0002,P079,24/02/2024,2,906.09,en_cours,TANGER,Carte,LIV6,
CMD22009,CL0487,P070,Nov 22 2023,1,3879.69,livré,Agadir,Carte,LIV7,2023-11-24
CMD39974,CL0207,P057,11/05/2024,3,501.69,livré,Agadir,Carte,LIV3,2024-05-14
CMD33054,CL0744,P060,06/02/2023,5,198.93,livre,casa,Carte,LIV1,
CMD09228,CL0440,P002,2023-04-26,1,4320.49,DONE,TNG,Carte,,2023-04-29
CMD03998,CL0413,P049,Oct 16 2023,5,4601.42,retourné,Agadir,Carte,LIV5,2023-10-21
CMD47005,CL0020,P084,2023-08-14,3,258.36,LIVRE,TANGER,Carte,LIV5,2023-08-17
CMD25156,CL0949,P090,2023-07-29,4,4517.0,livré,CASABLANCA,Carte,LIV2,2023-08-03
CMD16701,CL0165,P061,2024-04-13,1,2223.73,annulé,Tnja,Carte,LIV4,
CMD12936,CL0754,P065,2023-08-18,1,4412.0,retourné,CASABLANCA,Carte,LIV4,2023-08-20
CMD15714,CL0263,P062,17/10/2023,2,3733.22,livre,CASABLANCA,Carte,LIV4,
CMD06618,CL0716,P001,2023-12-22,4,4905.2,livré,Agadir,Carte,LIV10,2023-12-24
CMD19829,CL0649,P041,Oct 26 2023,1,62.72,retourné,CASABLANCA,Carte,LIV3,2023-10-30
CMD39076,CL0533,P079,2023-03-10,3,1187.46,livré,Agadir,Carte,LIV2,2023-03-14
CMD48369,CL0837,P077,2024-02-14,5,4207.0,DONE,Tnja,Carte,LIV7,2024-02-18
CMD37921,CL0539,P029,2023-10-12,2,3653.76,en_cours,RBA,Carte,LIV5,
CMD47959,CL0499,P060,Aug 13 2023,4,1695.53,livré,CASABLANCA,Carte,LIV6,2023-08-15
CMD10670,CL0617,P060,Jul 29 2023,5,3791.34,livré,TNG,Carte,LIV2,2023-08-02
CMD40107,CL0008,P056,27/03/2024,4,524.41,annulé,tanger,Carte,,
CMD14828,CL0761,P039,Jan 31 2023,3,4319.89,annulé,Agadir,Carte,LIV7,
CMD26532,CL0774,P082,2023-06-09,2,1810.86,en_cours,marrakech,Carte,LIV2,
CMD05362,CL0684,P085,Dec 12 2023,4,1587.39,OK,TNG,Carte,LIV10,
CMD23750,CL0197,P007,Feb 14 2024,5,3496.76,livre,Agadir,Carte,LIV3,
CMD30069,CL0540,P092,2023-10-04,3,3778.08,retourné,tanger,Carte,LIV10,2023-10-06
CMD47413,CL0423,P083,2023-06-03,1,2587.12,en_cours,marrakech,Carte,LIV6,
CMD24144,CL0803,P069,2023-10-28,3,858.65,livré,Tnja,Carte,LIV10,2023-10-29
CMD10035,CL0421,P078,2023-08-19,4,3770.56,KO,RBA,Carte,LIV1,
CMD26615,CL0831,P008,May 13 2024,3,3352.98,livre,casa,Carte,LIV5,
CMD45648,CL0799,P084,22/02/2024,2,2702.99,en_cours,casa,Carte,LIV2,
CMD06397,CL0647,P042,Jun 28 2023,5,3025.07,DONE,tanger,Carte,LIV2,2023-06-29
CMD09201,CL0430,P086,Feb 27 2024,4,410.2,retourné,Tnja,Carte,LIV10,2024-03-02
CMD01136,CL0775,P089,2024-02-23,2,2738.88,livré,CASABLANCA,Carte,LIV5,2024-02-24
CMD09903,CL0692,P008,06/05/2024,1,3197.43,DONE,Agadir,Carte,LIV10,2024-05-09
CMD21216,CL0251,P046,20/08/2023,2,1455.92,OK,marrakech,Carte,LIV7,
CMD35962,CL0168,P093,Apr 01 2023,5,4304.86,annulé,TANGER,Carte,LIV7,
CMD09701,CL0476,P064,2024-03-31,-1,3617.25,DONE,CASABLANCA,Carte,LIV6,2024-04-02
CMD22892,CL0809,P045,May 11 2023,2,4852.1,annulé,RBA,Carte,LIV3,
CMD47775,CL0851,P006,2024-02-21,3,2158.12,retourné,CASABLANCA,Carte,,2024-02-23
CMD14010,CL0438,P049,20/03/2024,3,0,retourné,Tnja,Carte,LIV7,2024-03-25
CMD26465,CL0528,P003,Aug 21 2023,3,0,annulé,TANGER,Carte,LIV9,
CMD46490,CL0539,P045,Sep 29 2023,4,122.92,OK,TNG,Carte,LIV7,
CMD37466,CL0830,P076,11/02/2023,1,583.36,OK,tanger,Carte,,
CMD28295,CL0578,P013,14/06/2023,1,1713.02,livré,marrakech,Carte,LIV9,2023-06-15
CMD30207,CL0525,P055,30/09/2023,5,4141.84,retourné,Tnja,Carte,LIV7,2023-10-02
CMD40287,CL0643,P068,Feb 03 2024,1,2121.48,livré,TANGER,Carte,,2024-02-04
CMD29385,CL0785,P100,2023-07-02,5,3511.35,KO,marrakech,Carte,LIV6,
CMD24062,CL0819,P081,25/12/2023,1,4030.3,annulé,TNG,Carte,LIV6,
CMD18202,CL0438,P071,May 04 2024,3,3551.02,livré,Tnja,Carte,,2024-05-09
CMD32182,CL0188,P081,2024-01-18,1,2262.7,livré,RBA,Carte,LIV3,2024-01-19
CMD45565,CL0183,P034,2023-03-07,2,1841.56,livre,RBA,Carte,LIV4,
CMD07120,CL0737,P079,30/07/2023,4,3854.16,en_cours,casa,Carte,LIV6,
CMD22144,CL0224,P036,Feb 15 2024,2,1094.78,livré,casa,Carte,LIV4,2024-02-18
CMD42237,CL0739,P057,09/10/2023,5,4958.52,livré,Tnja,Carte,LIV6,2023-10-11
CMD17659,CL0044,P029,20/03/2023,4,0,OK,Agadir,Carte,LIV9,
CMD12642,CL0243,P072,2023-08-10,4,939.99,OK,kech,Carte,LIV8,
CMD34473,CL0290,P091,2023-07-20,5,1784.02,LIVRE,marrakech,Carte,LIV3,2023-07-25
CMD02855,CL0375,P018,13/06/2023,1,1542.94,livré,CASABLANCA,Carte,LIV9,2023-06-15
CMD39351,CL0644,P084,Sep 06 2023,5,4298.0,DONE,Agadir,Carte,LIV4,2023-09-09
CMD07602,CL0330,P083,2023-04-24,1,3441.19,livré,CASABLANCA,Carte,LIV6,2023-04-26
CMD35592,CL0393,P006,2023-10-12,3,2784.0,retourné,kech,Carte,LIV6,2023-10-15
CMD34955,CL0669,P067,29/09/2023,2,4187.12,livré,TNG,Carte,LIV6,2023-10-02
CMD15070,CL0649,P073,2023-07-01,3,1071.72,livré,TANGER,Carte,LIV6,2023-07-03
CMD35701,CL0183,P014,2023-12-03,5,443.01,en_cours,kech,Carte,LIV3,
CMD13127,CL0172,P025,2023-08-11,2,1519.91,retourné,casa,Carte,LIV3,2023-08-12
CMD26694,CL0677,P065,21/02/2024,2,717.55,retourné,Agadir,Carte,LIV5,2024-02-24
CMD25522,CL0549,P020,05/03/2024,2,1003.03,livré,CASABLANCA,Carte,LIV8,2024-03-07
CMD13032,CL0663,P053,15/03/2023,2,4357.33,livré,tanger,Carte,LIV5,2023-03-18
CMD34125,CL0289,P045,03/05/2023,3,675.17,livré,RBA,Carte,LIV7,2023-05-07
CMD07246,CL0352,P051,2024-03-06,4,3367.4,livre,marrakech,Carte,LIV4,
CMD16650,CL0788,P032,09/10/2023,4,4597.83,livre,kech,Carte,LIV1,
CMD25819,CL0958,P039,Feb 14 2023,2,1999.01,DONE,RBA,Carte,LIV10,2023-02-16
CMD41523,CL0995,P066,Sep 05 2023,3,159.9,en_cours,TNG,Carte,LIV6,
CMD41106,CL0607,P022,2024-03-18,5,4584.45,OK,RBA,Carte,LIV5,
CMD25580,CL0900,P023,31/08/2023,3,4630.33,livré,RBA,Carte,LIV3,2023-09-01
CMD42598,CL0028,P061,Nov 13 2023,2,2053.47,en_cours,Tnja,Carte,LIV5,
CMD21015,CL0541,P033,12/02/2024,2,2658.09,KO,tanger,Carte,LIV3,
CMD19468,CL0642,P049,01/11/2023,2,1579.49,en_cours,Tnja,Carte,LIV10,
CMD30129,CL0725,P024,2023-07-06,1,4400.39,en_cours,casa,Carte,LIV5,
CMD09206,CL0416,P086,2023-04-26,1,3665.37,DONE,TANGER,Carte,LIV8,2023-04-28
CMD05005,CL0313,P084,2023-05-12,2,102.78,DONE,marrakech,Carte,LIV7,2023-05-13
CMD37168,CL0441,P088,May 13 2024,2,347.09,livré,TANGER,Carte,LIV10,2024-05-15
CMD27530,CL0610,P038,Sep 26 2023,1,2105.24,livré,TNG,Carte,LIV2,2023-09-28
CMD28547,CL0842,P078,23/01/2023,4,2428.45,livre,tanger,Carte,LIV7,
CMD18391,CL0413,P015,08/01/2024,4,625.91,en_cours,TANGER,Carte,LIV10,
CMD23132,CL0659,P057,07/02/2024,2,4571.39,LIVRE,Agadir,Carte,LIV6,2024-02-11
CMD18708,CL0774,P026,11/12/2023,2,2819.91,LIVRE,Agadir,Carte,LIV10,2023-12-13
CMD26903,CL0778,P085,2023-10-05,5,4387.84,en_cours,Tnja,Carte,LIV2,
CMD23780,CL0837,P062,2023-04-08,1,3374.93,livre,TNG,Carte,LIV4,
CMD40202,CL0072,P056,2023-12-03,5,4471.84,annulé,TNG,Carte,LIV5,
CMD33971,CL0569,P016,Dec 01 2023,4,0,KO,CASABLANCA,Carte,LIV7,
CMD35234,CL0554,P022,Dec 24 2023,1,3030.58,livré,CASABLANCA,Carte,LIV5,2023-12-26
CMD10434,CL0805,P091,Jan 21 2023,2,3873.91,livré,CASABLANCA,Carte,LIV9,2023-01-23
CMD40544,CL0036,P068,Mar 07 2024,5,3617.71,KO,CASABLANCA,Carte,LIV3,
CMD30729,CL0491,P023,2023-10-04,3,0,DONE,casa,Carte,LIV4,2023-10-09
CMD39779,CL0861,P061,2023-09-25,1,1553.41,KO,kech,Carte,LIV1,
CMD10713,CL0924,P073,08/04/2023,5,3314.22,livre,Tnja,Carte,LIV2,
CMD45460,CL0778,P015,Jan 28 2024,1,3026.51,KO,kech,Carte,LIV4,
CMD09667,CL0454,P091,14/10/2023,5,4907.51,annulé,Agadir,Carte,LIV6,
CMD16507,CL0570,P037,12/03/2024,4,1748.07,annulé,CASABLANCA,Carte,LIV10,
CMD13623,CL0744,P018,Jul 05 2023,2,4616.94,en_cours,kech,Carte,LIV3,
CMD06258,CL0636,P072,01/04/2023,1,4252.68,livré,TNG,Carte,LIV10,2023-04-04
CMD33644,CL0629,P084,23/10/2023,3,179.21,LIVRE,CASABLANCA,Carte,LIV10,2023-10-28
CMD39201,CL0387,P043,15/10/2023,1,1437.76,LIVRE,tanger,Carte,,2023-10-19
CMD45147,CL0293,P068,22/09/2023,1,4213.19,DONE,TNG,Carte,LIV4,2023-09-27
CMD08959,CL0060,P060,Jul 17 2023,5,242.89,OK,casa,Carte,LIV6,
CMD03746,CL0030,P026,May 06 2024,2,2937.37,OK,marrakech,Carte,LIV2,
CMD43219,CL0846,P060,31/03/2024,3,1346.26,annulé,CASABLANCA,Carte,LIV1,
CMD26786,CL0835,P080,May 23 2023,3,1367.19,OK,marrakech,Carte,LIV9,
CMD41600,CL0188,P083,Apr 12 2023,1,1708.84,LIVRE,CASABLANCA,Carte,LIV6,2023-04-17
CMD37945,CL0076,P092,2024-05-09,2,3469.2,LIVRE,kech,Carte,LIV1,2024-05-14
CMD18218,CL0546,P004,02/09/2023,5,4852.28,livré,Tnja,Carte,LIV3,2023-09-06
CMD26105,CL0129,P026,2024-03-13,4,4689.68,livré,Agadir,Carte,LIV9,2024-03-15
CMD11105,CL0405,P005,2023-03-10,2,4944.36,DONE,Tnja,Carte,LIV5,2023-03-13
CMD37790,CL0127,P001,2023-12-27,4,4475.5,annulé,casa,Carte,LIV5,
CMD34732,CL0576,P091,10/02/2023,4,4122.57,KO,Agadir,Carte,LIV6,
CMD24440,CL0218,P020,Feb 27 2024,5,1733.37,livre,TNG,Carte,LIV7,
CMD05297,CL0168,P081,Nov 07 2023,5,302.58,livré,RBA,Carte,LIV4,2023-11-11
CMD37431,CL0582,P049,Sep 11 2023,4,3774.59,retourné,casa,Carte,LIV5,2023-09-14
CMD32508,CL0998,P062,Feb 27 2024,1,887.3,DONE,Tnja,Carte,LIV7,2024-03-01
CMD47270,CL0281,P078,2023-10-24,4,1658.14,livre,marrakech,Carte,LIV2,
CMD12609,CL0928,P013,Jan 06 2024,3,2699.9,livré,CASABLANCA,Carte,LIV5,2024-01-07
CMD06002,CL0138,P042,Aug 22 2023,5,4699.38,livre,casa,Carte,LIV2,
CMD38057,CL0289,P035,2023-08-12,3,1552.46,KO,tanger,Carte,,
CMD39998,CL0867,P063,08/06/2023,2,1366.11,DONE,casa,Carte,LIV8,2023-06-10
CMD02135,CL0736,P020,Jan 16 2024,5,2089.68,retourné,kech,Carte,LIV1,2024-01-21
CMD24926,CL0760,P017,Sep 18 2023,2,1402.02,livré,TANGER,Carte,LIV6,2023-09-20
CMD16033,CL0329,P037,17/01/2023,1,116.01,OK,TNG,Carte,LIV7,
CMD02366,CL0334,P095,2023-05-06,3,2791.68,LIVRE,Agadir,Carte,LIV5,2023-05-09
CMD11255,CL0656,P040,Mar 21 2023,1,4791.39,LIVRE,TANGER,Carte,LIV1,2023-03-22
CMD27727,CL0615,P012,2023-04-22,1,4805.12,KO,TNG,Carte,LIV1,
CMD08154,CL0150,P062,Sep 23 2023,1,3562.56,retourné,casa,Carte,LIV10,2023-09-24
CMD47577,CL0570,P041,Mar 30 2023,4,3558.77,livré,TNG,Carte,LIV5,2023-03-31
CMD18991,CL0046,P098,Jan 14 2023,5,3738.7,annulé,Tnja,Carte,LIV2,
CMD39568,CL0508,P054,Feb 24 2024,3,4411.06,livre,casa,Carte,LIV8,
CMD13524,CL0084,P008,06/02/2023,4,3777.81,livré,TNG,Carte,LIV5,2023-02-07
CMD28625,CL0206,P029,2023-06-19,2,3108.87,annulé,tanger,Carte,,
CMD18281,CL0017,P083,2023-07-01,5,2955.41,livré,casa,Carte,LIV3,2023-07-03
CMD17450,CL0467,P027,2023-11-26,1,2133.66,livré,CASABLANCA,Carte,LIV5,2023-11-28
CMD18115,CL0443,P063,01/09/2023,1,1210.46,LIVRE,TNG,Carte,LIV6,2023-09-02
CMD43348,CL0016,P044,Jul 26 2023,2,1041.65,livre,TANGER,Carte,LIV1,
CMD30663,CL0970,P085,Jul 05 2023,4,4230.8,LIVRE,casa,Carte,LIV10,2023-07-10
CMD39907,CL0909,P015,Nov 12 2023,1,1200.99,livré,Tnja,Carte,LIV7,2023-11-16
CMD24573,CL0755,P013,Feb 25 2023,1,2185.0,livré,casa,Carte,LIV7,2023-02-28
CMD43735,CL0159,P058,08/03/2023,1,1501.24,LIVRE,TANGER,Carte,LIV4,2023-03-11
CMD13446,CL0736,P011,2024-02-01,1,4438.33,OK,marrakech,Carte,LIV4,
CMD45953,CL0290,P066,2023-02-18,2,867.28,livre,Tnja,Carte,LIV5,
CMD17048,CL0731,P044,2023-05-19,2,2915.39,annulé,RBA,Carte,LIV9,
CMD03346,CL0968,P018,Jan 31 2024,2,2210.16,livre,TANGER,Carte,LIV8,
CMD15303,CL0891,P018,Jul 12 2023,4,1782.36,annulé,TNG,Carte,LIV5,
CMD39424,CL0597,P025,04/09/2023,2,3135.82,LIVRE,marrakech,Carte,LIV6,2023-09-07
CMD48383,CL0053,P039,01/02/2024,3,2503.77,retourné,Agadir,Carte,LIV5,2024-02-03
CMD24099,CL0724,P041,31/07/2023,3,4386.43,LIVRE,tanger,Carte,LIV5,2023-08-02
CMD13174,CL0919,P033,Dec 16 2023,3,857.97,LIVRE,tanger,Carte,LIV3,2023-12-19
CMD03480,CL0511,P023,May 01 2023,5,1490.3,livré,kech,Carte,LIV4,2023-05-03
CMD46047,CL0158,P060,2024-02-29,5,2508.75,livré,kech,Carte,LIV7,2024-03-01
CMD22620,CL0265,P072,31/10/2023,4,4985.12,LIVRE,tanger,Carte,LIV4,2023-11-03
CMD27435,CL0081,P029,26/10/2023,2,678.62,livré,CASABLANCA,Carte,LIV10,2023-10-30
CMD44832,CL0593,P003,2023-02-15,2,2504.94,livre,Agadir,Carte,LIV8,
CMD08037,CL0849,P082,2023-02-14,5,778.42,annulé,kech,Carte,LIV5,
CMD10792,CL0923,P056,2024-05-14,3,4349.99,livre,TANGER,Carte,LIV9,
CMD47193,CL0306,P020,20/08/2023,3,0,LIVRE,marrakech,Carte,LIV7,2023-08-23
CMD33503,CL0309,P081,03/04/2023,5,1354.51,OK,tanger,Carte,LIV10,
CMD12220,CL0179,P084,Jan 09 2024,1,3470.65,LIVRE,kech,Carte,LIV9,2024-01-14
CMD26052,CL0179,P096,2023-07-13,5,1973.08,en_cours,CASABLANCA,Carte,LIV5,
CMD29470,CL0574,P096,01/04/2024,5,3535.77,OK,TANGER,Carte,LIV8,
CMD22827,CL0023,P073,2023-09-12,2,4254.61,LIVRE,marrakech,Carte,LIV1,2023-09-16
CMD26894,CL0316,P060,2023-10-23,-1,3865.95,LIVRE,tanger,Carte,LIV9,2023-10-24
CMD17571,CL0794,P045,2023-06-07,2,1828.25,livré,Tnja,Carte,LIV4,2023-06-10
CMD24203,CL0574,P096,Oct 06 2023,3,645.15,annulé,Tnja,Carte,,
CMD22270,CL0752,P060,Jan 01 2024,4,4740.35,DONE,CASABLANCA,Carte,LIV3,2024-01-06
CMD28626,CL0540,P100,10/09/2023,5,3544.25,livre,TNG,Carte,LIV10,
CMD26026,CL0824,P041,2024-01-12,3,2241.71,annulé,casa,Carte,LIV3,
CMD38448,CL0250,P096,16/06/2023,3,4484.8,livre,marrakech,Carte,LIV4,
CMD12336,CL0244,P010,Apr 09 2023,1,2565.83,KO,RBA,Carte,LIV4,
CMD45099,CL0173,P021,28/02/2024,2,973.72,KO,kech,Carte,LIV5,
CMD11594,CL0967,P004,Dec 20 2023,-1,110.22,livré,kech,Carte,LIV5,2023-12-21
CMD35337,CL0224,P071,10/08/2023,1,3950.58,livre,marrakech,Carte,LIV4,
CMD08712,CL0866,P095,01/02/2023,2,2035.41,annulé,kech,Carte,,
CMD18946,CL0305,P072,Aug 18 2023,1,1348.42,livré,kech,Carte,LIV2,2023-08-19
CMD13172,CL0042,P004,2023-10-18,5,1829.46,LIVRE,CASABLANCA,Carte,LIV7,2023-10-21
CMD15005,CL0731,P040,24/09/2023,2,4768.53,livré,Tnja,Carte,LIV6,2023-09-27
CMD24679,CL0145,P072,2023-06-14,4,4237.4,livre,TANGER,Carte,,
CMD36296,CL0054,P048,2023-02-27,5,4459.16,livré,casa,Carte,LIV1,2023-03-01
CMD15589,CL0315,P043,Jul 24 2023,3,2595.55,annulé,marrakech,Carte,LIV8,
CMD17531,CL0431,P049,Sep 09 2023,3,2805.32,livré,casa,Carte,LIV2,2023-09-13
CMD32166,CL0111,P072,14/10/2023,2,4805.44,DONE,TNG,Carte,LIV4,2023-10-18
CMD21560,CL0271,P020,08/09/2023,5,4900.39,livré,TNG,Carte,LIV1,2023-09-10
CMD11245,CL0036,P020,23/02/2023,2,3259.61,livré,RBA,Carte,LIV7,2023-02-25
CMD14984,CL0295,P041,Mar 27 2024,1,2889.13,LIVRE,Agadir,Carte,LIV4,2024-03-31
CMD40411,CL0921,P045,2023-05-26,1,2789.57,retourné,casa,Carte,LIV9,2023-05-29
CMD06322,CL0613,P074,2023-11-12,4,2691.64,KO,TNG,Carte,LIV5,
CMD20819,CL0778,P037,26/12/2023,4,1450.16,DONE,TANGER,Carte,LIV9,2023-12-27
CMD02136,CL0442,P043,Feb 15 2024,4,115.74,livré,tanger,Carte,LIV2,2024-02-16
CMD36732,CL0341,P071,01/07/2023,4,1836.47,livré,Agadir,Carte,LIV7,2023-07-06
CMD36871,CL0079,P065,Jul 15 2023,5,2728.72,LIVRE,TANGER,Carte,LIV4,2023-07-20
CMD42961,CL0530,P056,24/03/2024,3,1796.53,KO,casa,Carte,LIV5,
CMD11612,CL0917,P034,Jan 06 2023,4,115.02,LIVRE,kech,Carte,LIV2,2023-01-11
CMD44216,CL0326,P082,06/03/2024,5,2215.15,LIVRE,marrakech,Carte,LIV3,2024-03-11
CMD20507,CL0217,P091,Mar 26 2023,4,198.06,DONE,casa,Carte,,2023-03-30
CMD27284,CL0959,P042,Apr 13 2024,1,3600.69,livré,kech,Carte,LIV2,2024-04-18
CMD08304,CL0417,P026,Mar 31 2024,3,2383.81,LIVRE,TANGER,Carte,LIV4,2024-04-03
CMD20397,CL0054,P050,Jan 16 2024,2,3231.71,annulé,casa,Carte,LIV2,
CMD47838,CL0107,P060,2023-10-07,5,4936.48,livre,marrakech,Carte,LIV4,
CMD47249,CL0720,P081,Feb 23 2024,1,3977.11,livré,RBA,Carte,LIV4,2024-02-25
CMD08979,CL0650,P031,2023-05-23,3,1041.86,DONE,RBA,Carte,LIV3,2023-05-28
CMD26843,CL0537,P067,30/06/2023,2,1192.99,LIVRE,marrakech,Carte,LIV3,2023-07-05
CMD21154,CL0146,P064,Feb 23 2024,5,1508.57,LIVRE,casa,Carte,,2024-02-27
CMD05001,CL0234,P096,2023-08-21,5,3831.38,livre,casa,Carte,LIV8,
CMD13322,CL0236,P046,11/08/2023,5,348.13,livre,TNG,Carte,,
CMD16578,CL0311,P032,28/12/2023,2,1230.86,livré,kech,Carte,LIV5,2023-12-31
CMD32485,CL0238,P004,Apr 12 2024,4,4137.32,livré,tanger,Carte,LIV5,2024-04-13
CMD25820,CL0303,P049,15/05/2024,1,267.11,annulé,casa,Carte,LIV1,
CMD10929,CL0775,P002,Nov 09 2023,3,3543.07,livré,Tnja,Carte,LIV10,2023-11-14
CMD22626,CL0382,P015,2023-03-11,4,3992.28,retourné,CASABLANCA,Carte,LIV6,2023-03-14
CMD27289,CL0283,P048,23/03/2023,5,2371.79,LIVRE,kech,Carte,LIV9,2023-03-25
CMD21572,CL0077,P026,Jul 06 2023,3,4226.54,livré,CASABLANCA,Carte,LIV6,2023-07-09
CMD31640,CL0076,P075,25/09/2023,2,1103.19,annulé,RBA,Carte,LIV8,
CMD03748,CL0301,P006,Jun 05 2023,1,197.03,livré,marrakech,Carte,LIV6,2023-06-06
CMD23151,CL0624,P084,2023-12-25,5,1664.1,DONE,TANGER,Carte,LIV8,2023-12-29
CMD17188,CL0968,P074,30/01/2024,5,2476.31,DONE,CASABLANCA,Carte,,2024-02-03
CMD37876,CL0006,P009,2023-02-15,5,883.73,DONE,Tnja,Carte,LIV7,2023-02-19
CMD48366,CL0234,P056,2023-01-02,3,1240.12,livre,RBA,Carte,LIV8,
CMD21647,CL0450,P033,2023-08-13,5,3199.07,livré,CASABLANCA,Carte,LIV2,2023-08-17
CMD44893,CL0681,P044,2023-11-04,3,2719.09,en_cours,Agadir,Carte,LIV3,
CMD28585,CL0376,P028,2024-05-07,5,1989.57,retourné,TANGER,Carte,LIV2,2024-05-10
CMD41223,CL0396,P016,16/05/2023,5,2864.89,livré,kech,Carte,LIV6,2023-05-19
CMD31742,CL0282,P090,2023-05-05,4,180.65,livre,tanger,Carte,LIV2,
CMD27635,CL0421,P085,Nov 27 2023,1,3395.19,KO,kech,Carte,LIV9,
CMD11709,CL0574,P074,02/07/2023,2,1208.45,livré,TANGER,Carte,LIV4,2023-07-07
CMD17926,CL0158,P062,06/07/2023,1,1842.3,DONE,kech,Carte,LIV7,2023-07-10
CMD39369,CL0488,P066,Jan 23 2024,3,1478.86,retourné,kech,Carte,LIV7,2024-01-27
CMD34412,CL0834,P046,2024-04-16,4,1915.26,livré,Tnja,Carte,LIV10,2024-04-20
CMD14078,CL0044,P043,20/09/2023,1,4173.34,livré,TANGER,Carte,LIV2,2023-09-25
CMD13732,CL0231,P066,Feb 24 2023,3,1448.42,livré,TNG,Carte,LIV7,2023-02-26
CMD22242,CL0760,P038,2024-04-07,2,489.69,LIVRE,RBA,Carte,LIV7,2024-04-11
CMD16358,CL0453,P023,Feb 03 2024,1,2693.95,DONE,TANGER,Carte,LIV3,2024-02-07
CMD28991,CL0042,P025,2023-07-24,4,1278.46,OK,RBA,Carte,LIV9,
CMD23705,CL0543,P075,Jun 13 2023,3,2664.2,livré,tanger,Carte,LIV2,2023-06-16
CMD48308,CL0049,P017,Feb 20 2024,4,101.4,KO,tanger,Carte,LIV2,
CMD44766,CL0217,P029,Apr 19 2023,5,3909.89,livré,tanger,Carte,LIV7,2023-04-24
CMD21500,CL0249,P026,25/03/2024,4,2109.74,livre,CASABLANCA,Carte,LIV4,
CMD46669,CL0072,P046,Jul 02 2023,2,360.5,en_cours,CASABLANCA,Carte,LIV7,
CMD36803,CL0632,P088,27/02/2024,3,4075.79,annulé,TANGER,Carte,LIV7,
CMD14638,CL0863,P075,05/01/2023,1,4790.85,KO,CASABLANCA,Carte,LIV1,
CMD29506,CL0638,P045,08/04/2023,5,2780.93,annulé,Agadir,Carte,LIV1,
CMD21183,CL0591,P084,2023-10-31,4,402.64,livré,kech,Carte,LIV1,2023-11-05
CMD30756,CL0747,P019,25/07/2023,1,4096.85,retourné,CASABLANCA,Carte,,2023-07-29
CMD01056,CL0173,P080,Jun 25 2023,2,2001.48,livré,marrakech,Carte,LIV7,2023-06-29
CMD22518,CL0064,P044,05/05/2024,3,3955.2,DONE,TANGER,Carte,LIV10,2024-05-10
CMD38886,CL0025,P003,Apr 29 2023,3,1758.22,LIVRE,TNG,Carte,LIV7,2023-05-02
CMD09628,CL0827,P071,Jul 30 2023,1,4094.68,en_cours,casa,Carte,LIV3,
CMD38284,CL0406,P006,13/03/2024,2,195.37,annulé,TNG,Carte,LIV4,
CMD10131,CL0305,P057,Mar 27 2024,4,3198.75,annulé,TNG,Carte,LIV6,
CMD26162,CL0566,P090,2023-05-23,4,2006.15,livré,Agadir,Carte,LIV9,2023-05-27
CMD36698,CL0711,P041,2023-03-24,1,3644.06,annulé,Tnja,Carte,LIV1,
CMD13744,CL0683,P066,29/07/2023,2,672.21,KO,casa,Carte,LIV1,
CMD19571,CL0586,P034,18/11/2023,5,276.23,KO,kech,Carte,LIV1,
CMD13736,CL0363,P031,2023-09-19,2,2180.8,annulé,Agadir,Carte,LIV3,
CMD06395,CL0340,P048,27/02/2024,4,776.24,DONE,Tnja,Carte,LIV5,2024-03-02
CMD25591,CL0456,P023,2024-01-29,3,251.11,retourné,RBA,Carte,LIV7,2024-02-02
CMD06715,CL0866,P095,Feb 25 2024,4,1475.55,retourné,tanger,Carte,LIV6,2024-02-29
CMD14378,CL0919,P070,May 05 2023,5,4689.29,retourné,kech,Carte,LIV6,2023-05-08
CMD18853,CL0863,P025,2023-12-19,3,4689.02,retourné,tanger,Carte,LIV8,2023-12-23
CMD21368,CL0194,P089,2023-05-19,1,3505.51,en_cours,Tnja,Carte,LIV8,
CMD25042,CL0830,P065,2023-10-31,5,2164.1,livre,Agadir,Carte,LIV5,
CMD31467,CL0524,P044,16/02/2023,5,1543.34,LIVRE,CASABLANCA,Carte,,2023-02-17
CMD31302,CL0066,P067,Feb 13 2024,3,0,livré,Tnja,Carte,LIV4,2024-02-14
CMD34887,CL0833,P016,2023-08-04,3,4368.44,livré,Tnja,Carte,LIV7,2023-08-09
CMD44124,CL0791,P040,2024-01-24,3,592.96,livré,kech,Carte,LIV2,2024-01-28
CMD05843,CL0327,P016,Jan 13 2024,1,4701.25,annulé,CASABLANCA,Carte,LIV5,
CMD25954,CL0634,P027,Jun 25 2023,3,590.86,OK,tanger,Carte,LIV6,
CMD22171,CL0581,P048,2023-12-01,4,935.68,annulé,marrakech,Carte,LIV8,
CMD16207,CL0379,P028,Jan 27 2023,3,1923.44,KO,Agadir,Carte,LIV7,
CMD37280,CL0227,P065,Aug 25 2023,2,4915.67,KO,casa,Carte,LIV2,
CMD04851,CL0430,P044,Apr 09 2023,2,731.09,annulé,kech,Carte,LIV7,
CMD19619,CL0635,P014,13/03/2024,4,3301.99,livre,TNG,Carte,LIV8,
CMD31336,CL0442,P048,2023-12-29,2,1866.55,livré,TNG,Carte,LIV2,2024-01-01
CMD11506,CL0354,P022,2024-04-24,2,1989.51,en_cours,tanger,Carte,LIV2,
CMD36583,CL0721,P020,Jul 23 2023,3,3414.29,livré,RBA,Carte,LIV10,2023-07-25
CMD08195,CL0092,P091,2023-03-03,5,3832.58,annulé,CASABLANCA,Carte,LIV9,
CMD35731,CL0132,P028,25/02/2023,2,1623.33,annulé,Agadir,Carte,,
CMD40919,CL0582,P057,2023-01-18,2,525.85,retourné,Agadir,Carte,LIV9,2023-01-23
CMD11818,CL0491,P085,2024-04-13,3,584.27,livré,TNG,Carte,LIV1,2024-04-15
CMD00584,CL0109,P096,Nov 05 2023,4,4006.72,livré,RBA,Carte,LIV8,2023-11-10
CMD19896,CL0186,P046,15/07/2023,5,1931.62,annulé,RBA,Carte,LIV6,
CMD40892,CL0937,P003,Jul 22 2023,5,3758.86,retourné,Agadir,Carte,LIV2,2023-07-25
CMD04789,CL0855,P051,2023-10-26,2,77.08,livré,casa,Carte,LIV6,2023-10-29
CMD21885,CL0787,P088,19/02/2023,3,463.9,livré,casa,Carte,LIV1,2023-02-24
CMD23162,CL0393,P056,2023-03-23,5,763.9,OK,tanger,Carte,LIV7,
CMD06819,CL0410,P016,Feb 01 2023,3,2511.31,livre,marrakech,Carte,LIV2,
CMD19604,CL0208,P068,07/01/2024,1,2339.69,livré,tanger,Carte,LIV9,2024-01-12
CMD48070,CL0059,P095,2023-08-16,1,1107.05,annulé,Agadir,Carte,LIV5,
CMD47632,CL0131,P062,Nov 30 2023,1,4574.55,annulé,kech,Carte,LIV9,
CMD13825,CL0107,P051,Jun 18 2023,2,1673.1,retourné,marrakech,Carte,LIV1,2023-06-19
CMD34953,CL0166,P021,Apr 01 2024,2,4904.23,livré,casa,Carte,LIV7,2024-04-02
CMD02355,CL0880,P067,24/08/2023,3,2825.39,livré,TANGER,Carte,LIV8,2023-08-28
CMD19625,CL0304,P009,May 15 2023,5,3085.84,LIVRE,Agadir,Carte,LIV9,2023-05-20
CMD10836,CL0733,P024,Jan 31 2024,1,0,DONE,marrakech,Carte,LIV8,2024-02-03
CMD01726,CL0134,P091,30/04/2024,4,3859.38,livré,Tnja,Carte,LIV4,2024-05-05
CMD06050,CL0003,P048,Mar 22 2024,3,1325.8,livré,CASABLANCA,Carte,LIV3,2024-03-23
CMD41942,CL0108,P040,2024-03-02,1,2982.15,livre,TANGER,Carte,LIV5,
CMD21491,CL0386,P012,07/08/2023,2,3242.94,livré,kech,Carte,LIV5,2023-08-08
CMD23688,CL0030,P025,2024-03-02,4,2866.98,livré,kech,Carte,,2024-03-06
CMD04215,CL0140,P080,2023-08-29,1,1801.0,livré,Tnja,Carte,LIV10,2023-08-31
CMD30712,CL0060,P099,30/04/2023,4,2204.65,DONE,CASABLANCA,Carte,LIV4,2023-05-01
CMD25103,CL0484,P098,Aug 01 2023,4,4103.02,LIVRE,marrakech,Carte,LIV6,2023-08-04
CMD13397,CL0723,P096,2023-08-15,5,967.42,LIVRE,kech,Carte,LIV9,2023-08-18
CMD30748,CL0772,P040,31/05/2023,1,2499.54,KO,CASABLANCA,Carte,LIV1,
CMD47353,CL0579,P033,2023-12-25,3,1230.63,livré,casa,Carte,LIV1,2023-12-26
CMD23877,CL0247,P008,2024-01-01,1,4624.81,LIVRE,TANGER,Carte,LIV6,2024-01-03
CMD31973,CL0696,P093,Apr 22 2023,3,666.7,retourné,Agadir,Carte,LIV5,2023-04-24
CMD18221,CL0009,P057,10/06/2023,3,3134.24,KO,CASABLANCA,Carte,LIV4,
CMD26400,CL0780,P015,2023-05-08,1,4471.48,en_cours,TNG,Carte,LIV8,
CMD44504,CL0748,P021,2024-03-02,1,4687.34,livré,TNG,Carte,LIV5,2024-03-05
CMD33883,CL0356,P010,Aug 05 2023,4,4477.54,OK,Tnja,Carte,LIV5,
CMD00850,CL0175,P088,Jan 30 2024,3,1464.33,KO,TANGER,Carte,LIV6,
CMD42745,CL0537,P063,Aug 20 2023,4,3904.16,livré,tanger,Carte,LIV1,2023-08-23
CMD35141,CL0437,P048,07/01/2024,4,3347.66,livré,TNG,Carte,LIV6,2024-01-12
CMD24228,CL0210,P023,2023-12-03,2,3830.47,livré,casa,Carte,LIV10,2023-12-06
CMD21988,CL0011,P044,Aug 13 2023,3,657.3,en_cours,tanger,Carte,LIV5,
CMD39148,CL0709,P074,Dec 23 2023,2,1369.06,livré,CASABLANCA,Carte,LIV3,2023-12-24
CMD01826,CL0867,P010,12/10/2023,5,1230.02,livre,TANGER,Carte,LIV9,
CMD34482,CL0727,P040,2023-03-20,2,3330.34,KO,TANGER,Carte,LIV8,
CMD29032,CL0367,P072,13/02/2023,2,3312.98,livre,marrakech,Carte,LIV2,
CMD11091,CL0453,P062,15/01/2023,3,2003.85,livré,CASABLANCA,Carte,LIV6,2023-01-17
CMD24969,CL0348,P057,2023-11-04,4,4825.12,annulé,Agadir,Carte,LIV9,
CMD47431,CL0651,P088,2023-06-03,3,3860.36,retourné,Agadir,Carte,LIV4,2023-06-05
CMD31419,CL0313,P027,Jan 02 2024,1,723.51,livré,TNG,Carte,LIV3,2024-01-07
CMD33272,CL0614,P067,Jun 27 2023,4,974.26,KO,CASABLANCA,Carte,LIV10,
CMD40828,CL0026,P022,Oct 10 2023,5,1563.42,en_cours,kech,Carte,LIV1,
CMD31364,CL0279,P024,2023-06-20,5,2503.94,livré,TNG,Carte,LIV1,2023-06-25
CMD12545,CL0791,P078,Jan 08 2023,-1,606.85,livré,casa,Carte,LIV10,2023-01-12
CMD31737,CL0842,P012,03/02/2024,4,4748.57,KO,Agadir,Carte,LIV1,
CMD08548,CL0538,P031,16/02/2023,4,2587.67,KO,marrakech,Carte,LIV7,
CMD30454,CL0885,P083,22/02/2023,1,4611.52,KO,TNG,Carte,LIV7,
CMD08389,CL0533,P093,03/02/2023,4,4960.49,annulé,TNG,Carte,LIV3,
CMD03609,CL0936,P088,Jun 09 2023,2,3300.95,KO,Tnja,Carte,LIV10,
CMD11178,CL0120,P009,2023-07-07,3,2189.76,retourné,TANGER,Carte,LIV4,2023-07-09
CMD22150,CL0011,P092,2023-01-11,5,4641.98,KO,TANGER,Carte,LIV2,
CMD42713,CL0566,P098,Jan 31 2023,2,3631.41,livré,RBA,Carte,LIV5,2023-02-03
CMD28057,CL0977,P004,11/10/2023,2,1645.47,DONE,CASABLANCA,Carte,LIV10,2023-10-14
CMD14601,CL0168,P014,2023-11-07,5,1203.12,en_cours,Tnja,Carte,LIV3,
CMD48428,CL0169,P058,02/02/2024,1,3490.37,livré,tanger,Carte,LIV1,2024-02-05
CMD26187,CL0866,P032,Jun 03 2023,5,117.19,livré,tanger,Carte,LIV8,2023-06-08
CMD00574,CL0217,P053,05/07/2023,4,3107.86,livré,Agadir,Carte,LIV7,2023-07-07
CMD22237,CL0729,P100,2024-03-01,5,4761.77,OK,Agadir,Carte,LIV5,
CMD17262,CL0668,P071,Apr 23 2023,5,3536.78,livre,Tnja,Carte,LIV3,
CMD30095,CL0270,P034,23/01/2024,1,4253.95,DONE,marrakech,Carte,LIV9,2024-01-28
CMD05404,CL0018,P043,21/06/2023,3,1738.51,livré,Tnja,Carte,LIV4,2023-06-26
CMD02068,CL0692,P077,11/12/2023,2,2715.44,livre,marrakech,Carte,LIV10,
CMD34004,CL0194,P034,Aug 24 2023,4,4043.54,annulé,RBA,Carte,LIV3,
CMD25247,CL0081,P021,Mar 30 2024,5,2400.98,livré,TNG,Carte,LIV6,2024-04-02
CMD01034,CL0821,P040,Jan 08 2023,5,1244.13,OK,Agadir,Carte,LIV5,
CMD05857,CL0424,P037,2024-01-16,1,2879.09,KO,kech,Carte,LIV8,
CMD16584,CL0510,P062,Aug 18 2023,2,2267.5,livre,Agadir,Carte,LIV9,
CMD42892,CL0658,P007,2023-03-01,2,2987.85,DONE,TNG,Carte,LIV10,2023-03-06
CMD04486,CL0711,P006,Jun 19 2023,4,3491.92,livré,TNG,Carte,LIV4,2023-06-21
CMD16333,CL0380,P085,Jul 14 2023,5,2864.5,livré,casa,Carte,LIV9,2023-07-16
CMD28226,CL0356,P046,2023-04-09,3,308.18,livré,marrakech,Carte,LIV3,2023-04-14
CMD24052,CL0916,P082,22/09/2023,3,841.1,livré,CASABLANCA,Carte,,2023-09-26
CMD21880,CL0945,P063,Oct 21 2023,3,4496.9,retourné,kech,Carte,LIV8,2023-10-26
CMD04918,CL0312,P066,Jan 02 2023,2,1475.22,retourné,kech,Carte,LIV3,2023-01-04
CMD18295,CL0538,P029,27/06/2023,4,2735.52,en_cours,RBA,Carte,LIV3,
CMD02722,CL0954,P082,2024-04-20,2,3910.39,OK,Agadir,Carte,LIV5,
CMD01325,CL0237,P024,2023-11-09,1,959.5,DONE,casa,Carte,LIV4,2023-11-11
CMD14140,CL0086,P021,2023-10-29,4,1052.72,livre,marrakech,Carte,LIV2,
CMD46730,CL0381,P078,Sep 09 2023,5,4637.86,OK,TANGER,Carte,LIV3,
CMD38512,CL0321,P055,2024-04-01,3,574.88,livré,TNG,Carte,LIV4,2024-04-04
CMD45435,CL0299,P068,May 21 2023,2,2673.0,OK,CASABLANCA,Carte,LIV4,
CMD08954,CL0227,P044,04/01/2024,2,2695.01,livre,Tnja,Carte,LIV2,
CMD07704,CL0700,P087,Jun 25 2023,5,3117.27,livré,Agadir,Carte,LIV5,2023-06-27
CMD26538,CL0313,P076,10/07/2023,5,4314.45,livré,Tnja,Carte,LIV6,2023-07-11
CMD17065,CL0989,P060,Mar 01 2023,1,3775.29,KO,casa,Carte,LIV9,
CMD38216,CL0783,P020,Mar 12 2024,3,4122.15,annulé,TANGER,Carte,LIV2,
CMD41688,CL0410,P008,06/05/2023,5,383.05,LIVRE,Tnja,Carte,,2023-05-07
CMD29900,CL0074,P058,2023-01-17,5,2470.32,livré,TNG,Carte,,2023-01-22
CMD04385,CL0441,P012,02/02/2024,5,1903.14,livré,casa,Carte,LIV5,2024-02-04
CMD30170,CL0331,P085,2024-02-03,2,4164.27,livré,CASABLANCA,Carte,LIV10,2024-02-08
CMD20578,CL0872,P056,Feb 14 2023,3,4827.44,retourné,TANGER,Carte,LIV6,2023-02-17
CMD48067,CL0140,P020,2023-04-21,1,3307.62,livré,kech,Carte,,2023-04-25
CMD27607,CL0138,P039,23/06/2023,3,156.53,livre,RBA,Carte,LIV1,
CMD40284,CL0563,P038,2024-04-27,2,4093.04,KO,RBA,Carte,LIV5,
CMD34123,CL0256,P051,2024-03-15,1,1562.67,DONE,marrakech,Carte,LIV2,2024-03-18
CMD06174,CL0801,P091,16/01/2024,5,4618.58,retourné,CASABLANCA,Carte,LIV2,2024-01-19
CMD32298,CL0483,P011,16/02/2023,4,3860.05,OK,casa,Carte,LIV2,
CMD01156,CL0241,P081,Oct 01 2023,3,4491.95,livré,casa,Carte,LIV8,2023-10-05
CMD39463,CL0948,P081,2024-03-12,4,4564.91,livre,kech,Carte,LIV2,
CMD09291,CL0012,P092,03/03/2023,4,4518.25,livre,kech,Carte,,
CMD09517,CL0693,P024,Mar 30 2024,4,151.12,livré,kech,Carte,LIV7,2024-04-01
CMD27414,CL0230,P054,Jan 08 2023,4,3795.22,retourné,Agadir,Carte,LIV3,2023-01-11
CMD00866,CL0391,P098,May 29 2023,5,4378.84,LIVRE,kech,Carte,LIV8,2023-06-02
CMD10660,CL0123,P062,Mar 31 2024,5,2303.25,KO,TNG,Carte,LIV4,
CMD07537,CL0278,P058,10/03/2023,3,3379.64,LIVRE,casa,Carte,LIV4,2023-03-11
CMD45154,CL0163,P055,Jan 24 2024,3,3328.02,OK,TANGER,Carte,LIV8,
CMD47648,CL0748,P081,16/04/2024,3,3888.43,en_cours,Agadir,Carte,LIV4,
CMD41592,CL0472,P079,2024-01-18,4,4180.57,livré,TANGER,Carte,LIV6,2024-01-23
CMD35397,CL0322,P090,12/12/2023,5,2083.71,DONE,marrakech,Carte,LIV10,2023-12-17
CMD38969,CL0215,P001,10/04/2023,5,2684.43,retourné,tanger,Carte,LIV5,2023-04-12
CMD10411,CL0679,P063,Mar 18 2023,4,2996.59,livré,tanger,Carte,LIV2,2023-03-22
CMD09465,CL0125,P077,2023-12-21,2,3283.51,livre,kech,Carte,LIV6,
CMD25254,CL0255,P035,Jan 18 2023,4,2741.94,livré,casa,Carte,,2023-01-23
CMD29248,CL0005,P065,2023-04-02,3,823.63,livre,TNG,Carte,,
CMD28303,CL0373,P071,Feb 21 2023,2,1207.0,annulé,tanger,Carte,LIV4,
CMD06204,CL0904,P077,Dec 09 2023,3,104.21,livre,Agadir,Carte,,
CMD02733,CL0479,P100,13/04/2023,1,3822.4,DONE,CASABLANCA,Carte,,2023-04-17
CMD02953,CL0698,P004,30/04/2023,3,3303.01,DONE,TANGER,Carte,LIV6,2023-05-04
CMD30487,CL0222,P056,2023-09-14,2,4588.32,KO,kech,Carte,LIV9,
CMD00378,CL0765,P031,Aug 17 2023,1,4001.7,annulé,casa,Carte,LIV4,
CMD38659,CL0215,P076,Mar 23 2024,4,2323.49,KO,TANGER,Carte,LIV5,
CMD01622,CL0927,P007,04/09/2023,1,3136.35,OK,Tnja,Carte,,
CMD10765,CL0414,P086,03/04/2023,5,4242.1,DONE,kech,Carte,LIV4,2023-04-06
CMD03150,CL0876,P018,2023-05-12,4,129.01,livré,TANGER,Carte,LIV1,2023-05-15
CMD38406,CL0269,P009,27/01/2023,5,4450.96,livre,CASABLANCA,Carte,LIV9,
CMD36675,CL0911,P064,2023-07-28,4,1487.01,LIVRE,Tnja,Carte,LIV5,2023-08-02
CMD03558,CL0053,P014,12/02/2024,5,2014.61,DONE,casa,Carte,LIV3,2024-02-17
CMD46894,CL0801,P007,2023-07-03,3,3361.55,retourné,marrakech,Carte,LIV10,2023-07-05
CMD08744,CL0321,P019,Jun 17 2023,5,840.5,DONE,RBA,Carte,LIV7,2023-06-22
CMD21024,CL0383,P048,2023-04-21,4,1834.71,en_cours,CASABLANCA,Carte,LIV1,
CMD27990,CL0311,P090,01/06/2023,2,83.51,livre,casa,Carte,LIV6,
CMD00526,CL0224,P060,Apr 24 2023,-1,121.66,livre,kech,Carte,LIV10,
CMD21484,CL0082,P093,Apr 04 2023,1,3195.57,KO,kech,Carte,,
CMD36399,CL0989,P084,2023-12-21,2,2962.33,en_cours,marrakech,Carte,LIV10,
CMD19276,CL0213,P039,Dec 10 2023,1,678.68,KO,tanger,Carte,LIV8,
CMD36067,CL0563,P097,Aug 31 2023,1,2575.09,livré,marrakech,Carte,LIV10,2023-09-04
CMD08078,CL0316,P061,06/06/2023,5,3403.79,annulé,RBA,Carte,LIV8,
CMD38423,CL0731,P002,Nov 10 2023,4,4368.42,OK,CASABLANCA,Carte,LIV7,
CMD36174,CL0381,P028,Feb 18 2024,5,3123.19,livré,TANGER,Carte,,2024-02-23
CMD13599,CL0237,P088,2024-04-13,2,556.83,livré,casa,Carte,LIV7,2024-04-14
CMD23837,CL0884,P044,Jan 23 2024,3,4459.34,livre,Agadir,Carte,LIV8,
CMD39188,CL0330,P014,2023-05-24,1,3838.15,DONE,tanger,Carte,,2023-05-27
CMD45011,CL0245,P035,11/06/2023,2,4181.75,annulé,kech,Carte,LIV2,
CMD24778,CL0148,P051,2024-03-26,3,52.33,DONE,CASABLANCA,Carte,LIV10,2024-03-31
CMD02024,CL0887,P077,Mar 03 2023,2,2206.21,livré,TANGER,Carte,LIV3,2023-03-04
CMD30796,CL0537,P064,09/06/2023,2,4342.52,livre,marrakech,Carte,LIV10,
CMD30391,CL0607,P070,2023-06-04,5,505.31,retourné,kech,Carte,LIV3,2023-06-08
CMD38620,CL0834,P037,2023-02-06,4,4950.92,livré,CASABLANCA,Carte,LIV4,2023-02-08
CMD14770,CL0236,P030,07/09/2023,2,2643.66,en_cours,Tnja,Carte,LIV9,
CMD28515,CL0529,P047,2023-06-08,4,4961.29,livré,TANGER,Carte,LIV1,2023-06-13
CMD38695,CL0667,P041,22/03/2023,3,1067.17,annulé,CASABLANCA,Carte,LIV5,
CMD14410,CL0457,P074,Apr 06 2023,2,4299.76,DONE,RBA,Carte,LIV5,2023-04-11
CMD47528,CL0743,P054,2023-12-10,4,4606.39,KO,TANGER,Carte,LIV3,
CMD14011,CL0192,P077,Nov 02 2023,1,4271.91,livré,tanger,Carte,LIV4,2023-11-05
CMD19106,CL0799,P011,2024-01-03,4,3710.12,livré,kech,Carte,LIV4,2024-01-05
CMD44989,CL0061,P082,25/08/2023,2,2473.44,DONE,CASABLANCA,Carte,LIV2,2023-08-29
CMD43018,CL0674,P052,2023-10-17,1,1952.15,livré,TNG,Carte,LIV2,2023-10-18
CMD00135,CL0782,P092,2023-08-09,5,1795.3,LIVRE,CASABLANCA,Carte,LIV2,2023-08-14
CMD08727,CL0573,P093,2024-05-03,1,2424.49,en_cours,CASABLANCA,Carte,,
CMD33931,CL0713,P001,30/07/2023,4,3289.43,KO,Tnja,Carte,LIV10,
CMD32060,CL0319,P067,Apr 18 2023,2,1559.87,annulé,CASABLANCA,Carte,LIV4,
CMD39344,CL0200,P033,06/06/2023,2,1226.98,en_cours,TANGER,Carte,LIV7,
CMD38455,CL0512,P040,21/03/2023,1,4195.02,DONE,TNG,Carte,LIV3,2023-03-23
CMD37907,CL0379,P010,Nov 21 2023,5,4891.84,retourné,Tnja,Carte,LIV8,2023-11-24
CMD41585,CL0940,P021,07/01/2023,2,1525.88,livre,kech,Carte,LIV9,
CMD04953,CL0375,P093,Apr 02 2023,3,2358.59,retourné,Agadir,Carte,LIV7,2023-04-07
CMD48039,CL0854,P079,2024-04-25,2,1189.43,DONE,TANGER,Carte,LIV3,2024-04-27
CMD08148,CL0983,P098,Jan 13 2023,1,2956.51,annulé,Agadir,Carte,LIV7,
CMD23497,CL0998,P085,2023-06-10,3,648.56,livré,casa,Carte,LIV10,2023-06-13
CMD07497,CL0154,P008,08/04/2024,4,3956.84,retourné,CASABLANCA,Carte,LIV9,2024-04-11
CMD18780,CL0163,P055,Dec 05 2023,1,1621.28,livré,tanger,Carte,LIV8,2023-12-08
CMD22516,CL0829,P013,2023-01-23,5,4373.99,livré,TNG,Carte,LIV5,2023-01-27
CMD04571,CL0965,P013,Feb 27 2024,2,980.36,DONE,TANGER,Carte,LIV7,2024-03-01
CMD22126,CL0334,P100,2023-05-28,3,4060.52,livré,marrakech,Carte,LIV10,2023-05-31
CMD43333,CL0298,P011,2023-03-21,1,1620.89,en_cours,kech,Carte,LIV5,
CMD26707,CL0978,P025,2023-09-30,5,2680.29,annulé,Tnja,Carte,LIV1,
CMD18551,CL0013,P072,25/05/2023,3,0,livré,casa,Carte,LIV6,2023-05-28
CMD41300,CL0874,P059,Jan 21 2023,4,167.43,livre,marrakech,Carte,LIV7,
CMD16371,CL0234,P066,Jan 04 2023,3,319.06,retourné,Tnja,Carte,LIV10,2023-01-08
CMD08450,CL0271,P094,2023-04-01,1,4014.05,annulé,TNG,Carte,LIV8,
CMD24177,CL0912,P013,2024-03-10,5,2981.66,OK,RBA,Carte,LIV5,
CMD30904,CL0324,P015,2023-08-01,2,3718.66,livré,Agadir,Carte,LIV6,2023-08-04
CMD40764,CL0247,P067,Jan 08 2023,2,625.62,en_cours,TANGER,Carte,LIV7,
CMD17717,CL0763,P049,06/03/2024,3,360.8,livré,kech,Carte,LIV7,2024-03-07
CMD34175,CL0821,P083,2024-04-09,5,2229.55,KO,kech,Carte,LIV10,
CMD15062,CL0217,P003,2024-04-25,1,3398.62,annulé,TANGER,Carte,LIV3,
CMD08272,CL0335,P031,Feb 03 2023,5,2742.88,en_cours,Tnja,Carte,LIV3,
CMD07918,CL0536,P098,Mar 18 2023,4,910.55,livré,kech,Carte,LIV6,2023-03-19
CMD10221,CL0690,P066,Dec 31 2023,2,3009.51,livré,RBA,Carte,,2024-01-04
CMD00907,CL0355,P075,2024-02-02,3,4026.29,LIVRE,TNG,Carte,LIV2,2024-02-05
CMD06519,CL0967,P069,20/09/2023,3,2438.74,livré,casa,Carte,LIV3,2023-09-24
CMD22538,CL0421,P036,Nov 18 2023,3,2845.3,retourné,TNG,Carte,LIV1,2023-11-19
CMD43902,CL0521,P059,2023-02-22,4,1932.18,en_cours,CASABLANCA,Carte,LIV8,
CMD13206,CL0070,P073,Aug 20 2023,3,764.57,livré,casa,Carte,LIV9,2023-08-25
CMD05741,CL0383,P048,22/09/2023,5,2101.11,LIVRE,CASABLANCA,Carte,LIV5,2023-09-24
CMD08324,CL0397,P048,2024-05-06,5,1516.52,OK,kech,Carte,LIV6,
CMD10381,CL0365,P074,2024-02-27,5,801.93,annulé,CASABLANCA,Carte,LIV4,
CMD21728,CL0677,P061,02/11/2023,3,1236.18,livre,TANGER,Carte,LIV3,
CMD45109,CL0330,P073,Nov 03 2023,3,0,en_cours,RBA,Carte,LIV8,
CMD40059,CL0419,P031,Jun 09 2023,5,3451.96,annulé,TNG,Carte,LIV3,
CMD24580,CL0304,P026,2023-03-18,3,2389.54,livré,TANGER,Carte,LIV6,2023-03-19
CMD06536,CL0227,P065,Feb 25 2023,4,2375.1,livré,TANGER,Carte,LIV10,2023-03-02
CMD11853,CL0626,P040,2023-04-12,5,4525.26,annulé,marrakech,Carte,LIV5,
CMD30205,CL0047,P069,2023-05-28,4,2224.09,en_cours,casa,Carte,LIV5,
CMD01904,CL0641,P090,2024-04-10,4,3286.6,OK,Tnja,Carte,LIV6,
CMD44785,CL0703,P001,2023-04-04,2,2470.31,KO,Agadir,Carte,LIV9,
CMD23101,CL0385,P047,2023-06-20,2,3154.64,livré,Tnja,Carte,LIV3,2023-06-23
CMD13661,CL0148,P031,23/03/2024,5,879.21,DONE,kech,Carte,LIV3,2024-03-27
CMD13611,CL0959,P025,2023-04-09,3,1436.78,annulé,marrakech,Carte,LIV9,
CMD04064,CL0700,P085,2024-02-28,5,3700.19,annulé,CASABLANCA,Carte,LIV5,
CMD32402,CL0199,P021,2023-10-25,2,2347.04,KO,RBA,Carte,LIV10,
CMD33368,CL0859,P082,2023-11-11,1,2718.22,livré,kech,Carte,,2023-11-15
CMD30920,CL0697,P077,Jan 22 2023,3,3807.45,OK,CASABLANCA,Carte,LIV1,
CMD02164,CL0281,P042,2023-08-22,2,3663.53,livré,TANGER,Carte,LIV2,2023-08-25
CMD40915,CL0560,P072,2024-02-10,3,3881.8,en_cours,Agadir,Carte,LIV2,
CMD10796,CL0246,P043,09/06/2023,5,2561.31,OK,tanger,Carte,LIV5,
CMD24575,CL0903,P045,16/04/2024,4,4638.75,livré,Agadir,Carte,LIV6,2024-04-17
CMD33924,CL0526,P063,Nov 27 2023,3,1966.99,livré,Tnja,Carte,LIV7,2023-12-02
CMD28270,CL0531,P015,May 31 2023,5,1677.26,livré,TANGER,Carte,LIV1,2023-06-04
CMD22342,CL0465,P078,2023-03-27,2,3830.28,retourné,TANGER,Carte,LIV3,2023-03-29
CMD11656,CL0260,P022,26/12/2023,1,2545.73,livré,Tnja,Carte,LIV7,2023-12-27
CMD03416,CL0729,P032,Aug 21 2023,4,1321.88,LIVRE,marrakech,Carte,LIV6,2023-08-22
CMD40180,CL0036,P041,2023-02-07,5,1412.92,OK,Tnja,Carte,LIV1,
CMD45963,CL0854,P074,20/03/2023,3,2927.55,LIVRE,RBA,Carte,LIV3,2023-03-21
CMD39898,CL0548,P064,Oct 21 2023,5,3214.79,KO,Tnja,Carte,LIV7,
CMD00219,CL0075,P076,06/08/2023,3,859.75,livré,CASABLANCA,Carte,LIV3,2023-08-08
CMD45752,CL0488,P074,Dec 13 2023,2,725.07,livre,tanger,Carte,LIV8,
CMD13984,CL0708,P016,2023-02-17,5,1790.43,livré,TNG,Carte,LIV6,2023-02-21
CMD15690,CL0064,P007,2024-01-08,5,4096.27,LIVRE,Tnja,Carte,LIV4,2024-01-12
CMD17819,CL0565,P096,18/02/2024,3,1094.31,livré,Agadir,Carte,LIV10,2024-02-23
CMD42283,CL0816,P025,20/11/2023,3,289.35,KO,CASABLANCA,Carte,,
CMD01374,CL0223,P070,Apr 27 2024,4,1693.23,KO,CASABLANCA,Carte,LIV7,
CMD32226,CL0154,P100,01/05/2024,4,3807.04,LIVRE,Agadir,Carte,LIV9,2024-05-06
CMD27029,CL0268,P099,Mar 13 2024,3,577.66,KO,Tnja,Carte,LIV4,
CMD19486,CL0165,P089,09/09/2023,2,411.56,annulé,RBA,Carte,LIV9,
CMD37763,CL0415,P011,Nov 03 2023,2,2272.82,retourné,marrakech,Carte,LIV4,2023-11-04
CMD20283,CL0715,P025,2024-03-10,1,4080.25,retourné,TANGER,Carte,LIV10,2024-03-12
CMD19691,CL0290,P071,2023-05-23,3,1219.23,DONE,CASABLANCA,Carte,LIV4,2023-05-27
CMD37652,CL0961,P093,2023-10-25,4,537.05,OK,Agadir,Carte,LIV10,
CMD21592,CL0463,P028,27/01/2024,1,215.94,annulé,TANGER,Carte,LIV8,
CMD16130,CL0897,P098,2024-04-05,1,2373.36,OK,Agadir,Carte,LIV9,
CMD41409,CL0900,P039,2023-04-29,1,3869.84,OK,Agadir,Carte,LIV9,
CMD27784,CL0708,P026,Apr 18 2024,2,2620.59,KO,TNG,Carte,LIV7,
CMD09670,CL0158,P098,13/11/2023,4,4017.3,KO,RBA,Carte,LIV2,
CMD15467,CL0324,P029,30/03/2023,2,744.0,en_cours,casa,Carte,,
CMD19039,CL0110,P050,2023-04-22,1,3574.02,DONE,CASABLANCA,Carte,LIV10,2023-04-25
CMD16233,CL0681,P086,2023-08-25,2,4341.14,LIVRE,kech,Carte,,2023-08-30
CMD06787,CL0748,P022,Dec 22 2023,4,128.0,en_cours,TANGER,Carte,LIV6,
CMD08119,CL0567,P029,2024-01-02,3,1772.57,retourné,casa,Carte,LIV3,2024-01-07
CMD13039,CL0161,P065,Jul 28 2023,3,2277.03,en_cours,Agadir,Carte,LIV7,
CMD33140,CL0352,P021,Dec 21 2023,5,3619.65,livre,casa,Carte,,
CMD14803,CL0378,P067,Aug 15 2023,3,211.42,OK,Agadir,Carte,LIV2,
CMD03824,CL0543,P080,03/10/2023,1,3610.89,DONE,TANGER,Carte,LIV7,2023-10-06
CMD07596,CL0787,P029,2024-02-16,4,1263.86,DONE,TNG,Carte,LIV2,2024-02-18
CMD32905,CL0669,P096,2023-01-11,2,739.58,retourné,Tnja,Carte,LIV2,2023-01-14
CMD11068,CL0406,P083,27/03/2023,4,2206.6,DONE,CASABLANCA,Carte,LIV6,2023-03-31
CMD48487,CL0795,P080,2023-02-08,1,2852.21,livre,Tnja,Carte,LIV4,
CMD27787,CL0915,P056,2023-12-26,1,708.88,OK,CASABLANCA,Carte,,
CMD43891,CL0701,P065,2023-12-08,3,0,livré,TNG,Carte,LIV6,2023-12-11
CMD40591,CL0818,P042,2023-09-16,5,2741.95,livré,tanger,Carte,LIV10,2023-09-20
CMD10067,CL0037,P081,Apr 16 2023,3,4146.03,livré,marrakech,Carte,LIV9,2023-04-21
CMD28635,CL0244,P028,02/03/2023,1,254.81,livré,marrakech,Carte,LIV10,2023-03-06
CMD27925,CL0776,P072,2023-08-15,1,388.19,annulé,CASABLANCA,Carte,LIV5,
CMD01176,CL0572,P028,13/02/2024,4,2970.34,annulé,casa,Carte,LIV8,
CMD38815,CL0239,P074,2023-08-31,3,2710.79,LIVRE,Tnja,Carte,LIV4,2023-09-01
CMD46630,CL0764,P003,08/03/2024,2,4252.47,LIVRE,RBA,Carte,LIV8,2024-03-13
CMD27551,CL0973,P019,31/07/2023,5,1453.95,livré,CASABLANCA,Carte,LIV2,2023-08-04
CMD43348,CL0016,P044,Jul 26 2023,2,1041.65,livre,TANGER,Carte,LIV1,
CMD43763,CL0098,P029,2023-11-18,5,1717.36,livré,marrakech,Carte,LIV3,2023-11-22
CMD44330,CL0358,P096,Feb 09 2023,2,878.26,livré,casa,Carte,LIV1,2023-02-10
CMD25920,CL0744,P003,14/07/2023,5,4420.23,LIVRE,TANGER,Carte,LIV4,2023-07-19
CMD07647,CL0862,P082,Feb 23 2023,1,843.47,livré,Tnja,Carte,LIV9,2023-02-27
CMD01824,CL0710,P036,Sep 06 2023,5,3543.42,LIVRE,TNG,Carte,LIV6,2023-09-08
CMD42820,CL0358,P011,Mar 23 2023,5,1459.48,DONE,CASABLANCA,Carte,LIV9,2023-03-25
CMD22775,CL0773,P033,2023-11-06,5,2950.89,retourné,TNG,Carte,LIV3,2023-11-08
CMD31379,CL0416,P080,2023-05-29,2,236.43,en_cours,TANGER,Carte,LIV5,
CMD29770,CL0343,P087,Dec 24 2023,1,2770.36,KO,RBA,Carte,LIV8,
CMD23679,CL0096,P037,2023-10-13,1,963.37,annulé,TNG,Carte,LIV6,
CMD13722,CL0952,P006,2024-01-25,3,4421.66,DONE,Agadir,Carte,,2024-01-26
CMD00704,CL0815,P098,Feb 05 2024,1,0,livre,TNG,Carte,LIV3,
CMD48265,CL0899,P079,Aug 22 2023,3,4346.5,livré,Agadir,Carte,LIV10,2023-08-24
CMD18616,CL0428,P080,2024-03-18,4,1733.27,LIVRE,Agadir,Carte,LIV6,2024-03-20
CMD44775,CL0737,P010,24/01/2024,3,1719.31,livré,TANGER,Carte,LIV6,2024-01-27
CMD02171,CL0908,P095,03/04/2024,2,2354.44,KO,TANGER,Carte,LIV9,
CMD03547,CL0987,P077,2024-01-27,3,3682.83,livré,TANGER,Carte,LIV3,2024-02-01
CMD12749,CL0971,P044,27/04/2024,2,3924.1,KO,Tnja,Carte,LIV4,
CMD47281,CL0309,P091,Feb 11 2024,3,4999.06,livré,Agadir,Carte,LIV9,2024-02-12
CMD33359,CL0234,P072,Apr 06 2023,1,4070.54,retourné,RBA,Carte,LIV8,2023-04-08
CMD23562,CL0083,P096,2024-03-10,3,3629.91,livré,TNG,Carte,LIV10,2024-03-11
CMD43442,CL0564,P036,Aug 23 2023,1,3680.4,en_cours,tanger,Carte,LIV2,
CMD16437,CL0190,P007,09/11/2023,1,2970.06,OK,marrakech,Carte,LIV7,
CMD34084,CL0291,P053,2023-04-06,4,2515.58,livré,Agadir,Carte,LIV5,2023-04-10
CMD30624,CL0731,P009,Apr 13 2024,5,1547.28,KO,RBA,Carte,LIV10,
CMD07709,CL0846,P011,Oct 21 2023,2,51.4,OK,TANGER,Carte,LIV6,
CMD13587,CL0012,P076,Nov 05 2023,3,3033.07,livre,marrakech,Carte,LIV3,
CMD14734,CL0553,P001,Apr 01 2024,3,2551.46,DONE,casa,Carte,LIV2,2024-04-05
CMD34936,CL0124,P091,17/07/2023,5,996.71,DONE,Agadir,Carte,LIV5,2023-07-19
CMD43857,CL0522,P061,Feb 06 2024,4,1399.48,livré,CASABLANCA,Carte,LIV3,2024-02-07
CMD40152,CL0114,P004,06/04/2023,1,3244.17,retourné,TNG,Carte,LIV3,2023-04-07
CMD17002,CL0063,P073,2023-01-13,2,4276.36,retourné,RBA,Carte,LIV8,2023-01-18
CMD46114,CL0086,P083,15/10/2023,3,3763.22,annulé,kech,Carte,LIV8,
CMD02525,CL0014,P095,25/12/2023,1,3979.7,DONE,tanger,Carte,LIV2,2023-12-27
CMD14830,CL0832,P030,Jan 08 2024,4,1946.29,retourné,Agadir,Carte,,2024-01-10
CMD32070,CL0888,P035,2024-04-21,1,1082.63,livré,RBA,Carte,LIV7,2024-04-24
CMD33403,CL0289,P059,2023-05-19,3,1666.64,livré,RBA,Carte,LIV4,2023-05-22
CMD24212,CL0347,P100,2023-06-28,2,3801.07,KO,Agadir,Carte,LIV1,
CMD17260,CL0419,P005,Feb 14 2023,3,2871.5,en_cours,CASABLANCA,Carte,LIV8,
CMD43357,CL0400,P055,Apr 30 2023,2,2400.5,OK,TNG,Carte,LIV2,
CMD06449,CL1000,P050,Apr 27 2023,3,4027.89,DONE,tanger,Carte,LIV8,2023-04-30
CMD13651,CL0021,P030,Jul 17 2023,3,261.72,KO,kech,Carte,LIV8,
CMD25822,CL0919,P041,2024-01-11,4,638.78,KO,tanger,Carte,LIV8,
CMD29629,CL0607,P058,Jan 17 2024,3,4028.03,livré,casa,Carte,LIV4,2024-01-19
CMD15725,CL0494,P050,23/01/2024,5,3100.6,en_cours,RBA,Carte,LIV7,
CMD05617,CL0308,P081,Dec 09 2023,1,3313.0,livre,marrakech,Carte,LIV8,
CMD14015,CL0029,P092,2023-03-16,1,868.65,livre,CASABLANCA,Carte,LIV10,
CMD40472,CL0845,P084,Oct 20 2023,4,635.31,LIVRE,RBA,Carte,,2023-10-25
CMD44293,CL0697,P084,2023-04-19,2,3967.25,annulé,Agadir,Carte,LIV7,
CMD45916,CL0344,P074,2023-05-31,4,2208.22,livré,Tnja,Carte,LIV5,2023-06-04
CMD14345,CL0303,P022,2024-03-30,3,4425.36,DONE,CASABLANCA,Carte,LIV10,2024-04-02
CMD11864,CL0396,P035,2023-05-09,4,2645.47,LIVRE,Tnja,Carte,LIV7,2023-05-14
CMD26976,CL0603,P076,2023-06-11,2,2688.83,annulé,CASABLANCA,Carte,LIV2,
CMD42951,CL0268,P004,2023-11-14,2,0,livré,Agadir,Carte,LIV8,2023-11-17
CMD26827,CL0247,P066,27/05/2023,5,1884.16,KO,Tnja,Carte,LIV5,
CMD25486,CL0098,P083,27/07/2023,4,1207.45,livré,casa,Carte,LIV10,2023-08-01
CMD26550,CL0789,P056,25/03/2023,1,299.93,KO,TNG,Carte,LIV6,
CMD47380,CL0757,P083,Mar 24 2024,2,4736.44,livré,Agadir,Carte,LIV8,2024-03-26
CMD25861,CL0333,P073,22/01/2024,3,2198.48,OK,Agadir,Carte,LIV5,
CMD11796,CL0714,P030,2023-02-22,4,4046.85,livré,TANGER,Carte,LIV6,2023-02-24
CMD41977,CL0152,P099,Dec 31 2023,4,2468.49,KO,RBA,Carte,LIV3,
CMD31172,CL0921,P035,Apr 24 2023,3,1812.77,livré,TNG,Carte,LIV6,2023-04-29
CMD39680,CL0773,P042,2023-02-12,2,751.21,livré,tanger,Carte,LIV6,2023-02-17
CMD02629,CL0307,P051,20/02/2023,3,4942.75,OK,kech,Carte,LIV1,
CMD25921,CL0325,P034,2024-05-05,5,1717.54,livré,Tnja,Carte,LIV9,2024-05-06
CMD36133,CL0672,P002,2023-12-18,2,1886.58,KO,RBA,Carte,LIV5,
CMD30009,CL0531,P017,2023-04-29,1,3239.61,en_cours,TANGER,Carte,LIV6,
CMD08691,CL0273,P044,10/04/2023,1,3856.1,livre,TNG,Carte,LIV3,
CMD13697,CL0689,P014,Dec 07 2023,4,4224.7,livré,CASABLANCA,Carte,LIV3,2023-12-08
CMD38722,CL0774,P082,2024-01-03,1,2865.56,livre,TANGER,Carte,LIV7,
CMD03031,CL0024,P051,2023-10-03,2,3508.65,livré,TNG,Carte,LIV7,2023-10-05
CMD28184,CL0388,P034,2024-04-25,3,373.12,en_cours,TANGER,Carte,LIV7,
CMD08223,CL0971,P063,Mar 24 2023,4,597.47,KO,TANGER,Carte,LIV9,
CMD02809,CL0354,P005,Feb 19 2024,5,4438.4,livre,marrakech,Carte,LIV1,
CMD14943,CL0390,P068,2024-04-20,5,354.12,livre,marrakech,Carte,LIV8,
CMD39621,CL0185,P073,2024-02-24,3,1459.59,en_cours,kech,Carte,LIV1,
CMD25870,CL0486,P069,Jan 06 2023,4,3550.62,livre,RBA,Carte,,
CMD00310,CL0382,P097,2023-01-21,2,2400.82,en_cours,tanger,Carte,LIV6,
CMD32493,CL0711,P033,Apr 15 2024,2,3035.55,livré,tanger,Carte,LIV1,2024-04-16
CMD29016,CL0808,P003,08/05/2023,5,2817.18,OK,marrakech,Carte,LIV8,
CMD42278,CL0331,P044,02/09/2023,3,2925.85,KO,tanger,Carte,LIV2,
CMD15196,CL0069,P078,Mar 27 2023,2,3082.94,livre,tanger,Carte,LIV4,
CMD46830,CL0326,P068,Mar 13 2024,2,4606.26,annulé,Tnja,Carte,LIV10,
CMD24188,CL0191,P025,2024-03-24,5,3706.92,retourné,casa,Carte,LIV8,2024-03-28
CMD01148,CL0676,P041,19/06/2023,4,230.77,KO,marrakech,Carte,LIV10,
CMD22252,CL0361,P036,Sep 29 2023,2,4370.57,livré,TANGER,Carte,LIV9,2023-10-04
CMD13110,CL0479,P060,Jun 23 2023,3,3263.13,DONE,marrakech,Carte,LIV3,2023-06-26
CMD32346,CL0351,P052,Apr 13 2023,3,2531.49,livré,Agadir,Carte,LIV5,2023-04-15
CMD39668,CL0273,P093,Jan 19 2024,3,0,KO,CASABLANCA,Carte,LIV2,
CMD26469,CL0106,P035,2023-07-08,3,120.52,LIVRE,Agadir,Carte,LIV9,2023-07-12
CMD42349,CL0826,P006,06/08/2023,1,1226.52,livré,RBA,Carte,LIV7,2023-08-09
CMD26114,CL0998,P005,2023-05-11,2,1497.44,livré,RBA,Carte,LIV8,2023-05-15
CMD00947,CL0736,P001,Jan 24 2024,2,3861.66,livré,kech,Carte,LIV3,2024-01-27
CMD00764,CL0970,P045,03/01/2023,5,2203.17,retourné,marrakech,Carte,LIV2,2023-01-05
CMD32939,CL0258,P035,May 05 2023,1,4021.93,DONE,CASABLANCA,Carte,LIV7,2023-05-07
CMD42348,CL0976,P096,2023-04-09,2,4128.64,livré,RBA,Carte,LIV5,2023-04-14
CMD08544,CL0336,P008,2023-11-20,4,4226.08,annulé,kech,Carte,LIV3,
CMD36908,CL0134,P039,2023-06-07,2,3639.96,livré,casa,Carte,LIV8,2023-06-09
CMD01360,CL0563,P059,2024-03-07,4,3229.48,livré,tanger,Carte,LIV3,2024-03-12
CMD23703,CL0630,P013,Oct 05 2023,3,4127.06,livre,kech,Carte,,
CMD13996,CL0852,P050,2024-02-14,5,343.42,livré,TNG,Carte,LIV5,2024-02-17
CMD18899,CL0351,P048,2023-09-02,3,2040.94,en_cours,marrakech,Carte,LIV1,
CMD04288,CL0149,P025,Apr 20 2024,1,4891.43,DONE,TNG,Carte,LIV3,2024-04-22
CMD41060,CL0940,P017,31/10/2023,4,4418.56,livré,casa,Carte,LIV3,2023-11-04
CMD17045,CL0107,P068,03/01/2024,1,961.65,livré,TANGER,Carte,LIV1,2024-01-04
CMD44747,CL0748,P061,29/03/2023,4,3695.96,LIVRE,RBA,Carte,LIV3,2023-04-01
CMD38503,CL0786,P023,Feb 26 2024,2,4142.0,KO,marrakech,Carte,LIV3,
CMD26566,CL0183,P096,29/04/2023,2,4756.9,livré,RBA,Carte,LIV5,2023-05-01
CMD35183,CL0383,P093,28/01/2024,5,3701.6,livré,Agadir,Carte,LIV7,2024-01-30
CMD36906,CL0806,P018,2023-06-27,5,4125.35,LIVRE,Tnja,Carte,LIV3,2023-06-28
CMD12215,CL0179,P042,17/05/2023,4,0,retourné,Agadir,Carte,LIV10,2023-05-18
CMD32051,CL0356,P052,Jun 28 2023,3,1788.18,livré,tanger,Carte,LIV8,2023-06-29
CMD25854,CL0503,P030,2023-07-29,5,1990.53,livré,TNG,Carte,LIV3,2023-08-03
CMD17982,CL0797,P067,2024-03-06,5,4272.57,livré,TANGER,Carte,,2024-03-09
CMD32528,CL0250,P094,Oct 22 2023,1,964.47,livre,marrakech,Carte,LIV8,
CMD02391,CL0854,P073,2023-05-25,1,2286.71,OK,Agadir,Carte,LIV9,
CMD29453,CL0982,P073,2024-04-06,2,4419.69,livré,tanger,Carte,LIV6,2024-04-08
CMD42127,CL0502,P063,Oct 23 2023,2,2960.63,annulé,marrakech,Carte,LIV6,
CMD18928,CL0614,P052,Jul 30 2023,1,3712.44,LIVRE,TANGER,Carte,LIV8,2023-08-04
CMD15828,CL0614,P099,Oct 07 2023,1,565.2,OK,TANGER,Carte,LIV5,
CMD37267,CL0377,P089,2023-09-18,3,0,livré,TANGER,Carte,LIV7,2023-09-21
CMD13454,CL0738,P010,2023-09-14,3,2371.64,DONE,Tnja,Carte,LIV7,2023-09-16
CMD21467,CL0915,P073,Jul 08 2023,5,2664.41,KO,marrakech,Carte,LIV9,
CMD08942,CL0572,P072,Feb 03 2023,4,2959.23,DONE,Agadir,Carte,LIV6,2023-02-06
CMD07360,CL0463,P016,2023-11-07,3,1318.19,livre,tanger,Carte,LIV5,
CMD26780,CL0446,P074,Apr 02 2024,1,1689.38,annulé,marrakech,Carte,LIV10,
CMD05504,CL0202,P098,2023-12-26,5,1979.59,en_cours,CASABLANCA,Carte,LIV7,
CMD20814,CL0267,P039,23/01/2024,5,1150.98,livre,RBA,Carte,LIV3,
CMD42088,CL0171,P063,Nov 01 2023,1,3508.45,OK,kech,Carte,,
CMD21915,CL0352,P058,2023-11-01,-1,3844.75,annulé,CASABLANCA,Carte,LIV4,
CMD17298,CL0165,P064,May 06 2023,1,1431.79,annulé,Agadir,Carte,LIV8,
CMD28978,CL0549,P002,15/02/2023,5,4068.21,livré,TNG,Carte,LIV3,2023-02-19
CMD48349,CL0745,P062,09/01/2023,4,2326.15,annulé,Tnja,Carte,,
CMD44921,CL0949,P072,Jul 19 2023,3,2203.02,KO,TNG,Carte,LIV4,
CMD33949,CL0435,P097,2023-10-01,5,3101.65,OK,Agadir,Carte,LIV6,
CMD10438,CL0194,P034,Feb 06 2023,2,4858.81,livré,RBA,Carte,LIV5,2023-02-09
CMD35427,CL0739,P057,04/11/2023,2,3766.71,retourné,Agadir,Carte,LIV7,2023-11-08
CMD45513,CL0442,P092,2023-01-06,2,1345.51,DONE,Tnja,Carte,LIV4,2023-01-10
CMD24182,CL0919,P061,24/02/2024,5,2703.29,retourné,TNG,Carte,LIV8,2024-02-27
CMD37812,CL0222,P046,2023-08-18,4,2945.8,LIVRE,Agadir,Carte,LIV8,2023-08-21
CMD34595,CL0707,P049,Feb 23 2024,2,3632.08,en_cours,CASABLANCA,Carte,LIV5,
CMD29059,CL0192,P062,2023-09-28,3,790.11,en_cours,CASABLANCA,Carte,LIV9,
CMD23410,CL0947,P086,2024-01-16,2,490.11,livré,RBA,Carte,LIV2,2024-01-19
CMD28246,CL0834,P032,15/07/2023,3,3342.34,KO,RBA,Carte,LIV9,
CMD45970,CL0921,P066,2023-10-01,3,288.37,KO,CASABLANCA,Carte,LIV3,
CMD22507,CL0431,P040,15/05/2024,3,4193.82,livre,CASABLANCA,Carte,LIV7,
CMD19827,CL0132,P012,30/03/2024,5,1424.61,livré,tanger,Carte,LIV9,2024-04-03
CMD34424,CL0049,P033,Mar 22 2024,4,295.06,DONE,tanger,Carte,LIV1,2024-03-27
CMD07683,CL0031,P036,12/02/2023,1,2139.12,livré,kech,Carte,LIV8,2023-02-14
CMD29180,CL0680,P062,04/04/2024,3,1675.4,livré,Tnja,Carte,LIV3,2024-04-07
CMD17977,CL0374,P015,May 11 2024,5,0,livré,TNG,Carte,LIV2,2024-05-13
CMD09053,CL0975,P055,26/02/2023,3,1478.51,retourné,casa,Carte,LIV5,2023-02-27
CMD27905,CL0989,P036,Apr 13 2023,3,3774.04,OK,Tnja,Carte,,
CMD11753,CL0902,P029,2023-07-06,3,901.0,livré,casa,Carte,LIV8,2023-07-10
CMD14240,CL0019,P076,Sep 30 2023,2,1182.62,livré,kech,Carte,LIV5,2023-10-04
CMD44930,CL0519,P005,May 02 2023,1,1467.74,livre,Tnja,Carte,LIV10,
CMD25395,CL0533,P063,15/03/2024,5,4032.59,OK,TNG,Carte,LIV8,
CMD21325,CL0592,P059,Apr 14 2023,1,495.0,KO,Agadir,Carte,LIV1,
CMD40372,CL0384,P094,Jun 27 2023,1,1444.49,annulé,marrakech,Carte,LIV7,
CMD47666,CL0275,P025,Apr 26 2024,5,990.93,livré,kech,Carte,LIV8,2024-05-01
CMD00535,CL0893,P003,16/06/2023,5,2227.2,OK,TANGER,Carte,LIV1,
CMD11151,CL0633,P056,May 30 2023,4,1587.78,retourné,kech,Carte,LIV2,2023-05-31
CMD09196,CL0325,P047,28/08/2023,2,1912.0,livré,casa,Carte,LIV7,2023-09-02
CMD27051,CL0898,P086,Oct 09 2023,5,3258.77,livré,Tnja,Carte,LIV2,2023-10-13
CMD24454,CL0060,P057,25/08/2023,5,1082.83,LIVRE,casa,Carte,LIV6,2023-08-26
CMD37789,CL0709,P057,03/04/2024,4,3417.53,OK,casa,Carte,LIV2,
CMD31309,CL0071,P076,2023-02-02,2,598.63,livré,tanger,Carte,LIV9,2023-02-07
CMD47233,CL0032,P018,2023-02-07,1,4076.04,livré,kech,Carte,LIV10,2023-02-12
CMD25074,CL0364,P098,May 11 2024,1,2765.71,livré,Tnja,Carte,LIV10,2024-05-14
CMD20984,CL0464,P007,2023-04-22,1,499.04,OK,TNG,Carte,LIV5,
CMD41774,CL0485,P001,08/06/2023,1,2167.13,OK,casa,Carte,,
CMD00314,CL0062,P023,May 11 2024,2,2941.52,OK,TNG,Carte,LIV5,
CMD37918,CL0435,P064,2023-12-03,4,2063.29,LIVRE,casa,Carte,LIV2,2023-12-08
CMD30375,CL0739,P054,Mar 25 2024,5,627.87,en_cours,TANGER,Carte,LIV7,
CMD09068,CL0581,P001,02/04/2023,4,4072.97,livré,TNG,Carte,LIV6,2023-04-07
CMD16893,CL0251,P076,Mar 29 2023,2,4177.51,livre,TNG,Carte,LIV1,
CMD09708,CL0292,P048,2023-01-16,5,4492.79,retourné,TANGER,Carte,LIV1,2023-01-19
CMD03951,CL0769,P012,2024-04-23,2,805.65,LIVRE,TNG,Carte,LIV6,2024-04-28
CMD05549,CL0633,P007,2023-06-29,4,4123.63,KO,Tnja,Carte,LIV8,
CMD45872,CL0833,P057,09/12/2023,2,1820.02,retourné,Agadir,Carte,LIV3,2023-12-12
CMD31348,CL0778,P018,2023-09-11,1,433.6,livré,TNG,Carte,LIV9,2023-09-16
CMD13149,CL0976,P054,Jan 27 2023,1,3712.11,en_cours,TNG,Carte,LIV8,
CMD47331,CL0192,P023,08/07/2023,4,2123.85,livré,RBA,Carte,LIV7,2023-07-12
CMD20095,CL0199,P081,May 16 2023,5,3927.11,livré,CASABLANCA,Carte,LIV10,2023-05-19
CMD04950,CL0562,P027,01/01/2023,5,1435.67,en_cours,RBA,Carte,LIV5,
CMD14022,CL0597,P075,06/08/2023,5,1858.23,DONE,tanger,Carte,LIV6,2023-08-10
CMD16184,CL0797,P052,Mar 12 2023,2,2099.15,DONE,TANGER,Carte,LIV6,2023-03-17
CMD02736,CL0259,P027,2023-02-24,2,3396.4,retourné,casa,Carte,LIV4,2023-02-26
CMD15066,CL0499,P098,09/10/2023,5,4207.8,LIVRE,TANGER,Carte,LIV10,2023-10-14
CMD34527,CL0496,P004,2024-01-18,3,2472.61,en_cours,casa,Carte,LIV2,
CMD02943,CL0499,P033,29/03/2024,5,3413.38,OK,CASABLANCA,Carte,LIV6,
CMD28265,CL0725,P079,Nov 29 2023,5,3715.18,livré,marrakech,Carte,LIV7,2023-12-02
CMD19878,CL0639,P063,29/02/2024,3,499.51,retourné,kech,Carte,LIV4,2024-03-02
CMD15000,CL0581,P014,May 06 2024,1,1747.78,LIVRE,TANGER,Carte,LIV1,2024-05-10
CMD39575,CL0706,P019,2023-07-01,3,2290.35,livré,kech,Carte,LIV8,2023-07-02
CMD44548,CL0558,P099,10/01/2024,3,2033.1,en_cours,Agadir,Carte,LIV4,
CMD18053,CL0134,P049,24/07/2023,5,2376.06,OK,tanger,Carte,LIV3,
CMD36163,CL0326,P095,Mar 22 2023,1,785.21,livre,TNG,Carte,,
CMD12617,CL0093,P042,2024-02-21,3,1355.3,livre,TANGER,Carte,LIV8,
CMD48393,CL0420,P047,15/08/2023,2,2946.78,livré,casa,Carte,LIV7,2023-08-16
CMD01162,CL0500,P085,2023-12-03,1,957.02,livré,kech,Carte,LIV10,2023-12-05
CMD10311,CL0248,P034,2023-01-30,4,1534.78,KO,Tnja,Carte,LIV6,
CMD25005,CL0394,P052,18/08/2023,4,4084.81,livré,Tnja,Carte,LIV5,2023-08-21
CMD10898,CL0908,P066,2023-07-14,3,2602.89,retourné,Tnja,Carte,,2023-07-15
CMD07550,CL0670,P066,2023-02-04,1,2593.02,retourné,tanger,Carte,LIV10,2023-02-05
CMD19961,CL0960,P035,28/01/2023,4,1283.31,livré,TNG,Carte,LIV2,2023-02-01
CMD10316,CL0469,P047,10/01/2023,3,1590.06,en_cours,RBA,Carte,LIV6,
CMD24124,CL0514,P071,2024-01-16,4,4863.48,OK,RBA,Carte,LIV2,
CMD03063,CL0191,P029,27/07/2023,5,4636.41,KO,kech,Carte,LIV3,
CMD03548,CL0423,P035,Mar 08 2024,4,0,annulé,Agadir,Carte,LIV9,
CMD14853,CL0399,P014,04/07/2023,1,3358.44,retourné,TANGER,Carte,,2023-07-05
CMD00911,CL0176,P098,23/07/2023,2,624.03,livré,kech,Carte,LIV7,2023-07-26
CMD14461,CL0124,P100,2023-10-13,4,1724.13,livre,TNG,Carte,LIV5,
CMD11812,CL0751,P034,06/03/2023,4,1097.58,livré,TANGER,Carte,LIV1,2023-03-07
CMD43256,CL0405,P090,Oct 12 2023,2,4336.61,en_cours,Tnja,Carte,,
CMD47812,CL0209,P027,2023-08-24,2,470.1,livré,TNG,Carte,LIV3,2023-08-26
CMD04546,CL0442,P034,Aug 07 2023,3,529.41,DONE,Agadir,Carte,LIV6,2023-08-11
CMD36626,CL0380,P082,15/04/2023,5,2967.79,en_cours,TNG,Carte,LIV4,
CMD24146,CL0608,P049,2024-02-18,1,4016.03,en_cours,TNG,Carte,LIV1,
CMD33035,CL0907,P043,2023-10-19,3,4390.13,retourné,casa,Carte,LIV3,2023-10-22
CMD35135,CL0664,P056,Apr 20 2023,4,3803.47,livré,marrakech,Carte,LIV5,2023-04-21
CMD31922,CL0186,P099,20/04/2023,5,2485.29,livré,marrakech,Carte,LIV6,2023-04-21
CMD02707,CL0166,P100,2024-03-16,4,1810.94,OK,tanger,Carte,LIV4,
CMD45575,CL0535,P018,Apr 05 2024,4,3224.29,annulé,casa,Carte,LIV8,
CMD27172,CL0071,P074,13/05/2023,3,1186.07,livré,RBA,Carte,LIV2,2023-05-17
CMD28769,CL0116,P013,04/08/2023,1,2564.8,livré,RBA,Carte,LIV3,2023-08-06
CMD16231,CL0093,P043,12/08/2023,4,2801.33,livre,Agadir,Carte,LIV3,
CMD07447,CL0835,P095,Jan 09 2023,1,3182.03,OK,TNG,Carte,LIV6,
CMD06778,CL0304,P058,20/01/2023,2,4190.54,KO,TANGER,Carte,LIV1,
CMD28710,CL0521,P067,22/02/2023,2,0,livré,marrakech,Carte,LIV1,2023-02-27
CMD00943,CL0380,P023,2023-08-12,5,2965.76,DONE,RBA,Carte,LIV5,2023-08-13
CMD25685,CL0238,P098,2023-03-26,4,2631.27,livré,RBA,Carte,LIV6,2023-03-30
CMD08010,CL0082,P076,Jan 23 2023,4,4009.44,livré,RBA,Carte,LIV6,2023-01-25
CMD39983,CL0533,P053,2023-10-03,4,950.36,livre,TNG,Carte,,
CMD15751,CL0803,P014,May 16 2023,1,2047.64,annulé,kech,Carte,LIV6,
CMD26367,CL0078,P070,13/11/2023,1,3621.57,livre,marrakech,Carte,LIV6,
CMD20648,CL0742,P064,Jun 29 2023,2,4265.65,retourné,kech,Carte,LIV3,2023-07-04
CMD39453,CL0883,P041,2023-08-20,1,4804.55,livré,Tnja,Carte,LIV4,2023-08-23
CMD03677,CL0005,P055,27/01/2024,4,2250.75,DONE,CASABLANCA,Carte,LIV2,2024-01-31
CMD42340,CL0533,P014,2023-09-09,2,939.24,en_cours,kech,Carte,LIV5,
CMD34066,CL0613,P047,23/03/2023,5,3404.58,KO,Agadir,Carte,LIV1,
CMD29029,CL0262,P060,Apr 22 2023,2,2657.1,KO,kech,Carte,LIV7,
CMD01601,CL0280,P045,2023-10-30,1,4106.53,annulé,tanger,Carte,LIV6,
CMD28249,CL0559,P092,Apr 13 2024,1,64.56,en_cours,Agadir,Carte,LIV6,
CMD24507,CL0949,P080,Jan 15 2024,4,2335.21,DONE,casa,Carte,LIV2,2024-01-16
CMD10633,CL0295,P039,22/06/2023,3,1257.95,livré,casa,Carte,LIV10,2023-06-24
CMD33893,CL0476,P008,2024-03-17,5,3700.52,annulé,marrakech,Carte,LIV6,
CMD16674,CL0550,P089,Jan 20 2024,4,2552.43,livre,Agadir,Carte,LIV9,
CMD37156,CL0265,P014,Apr 07 2024,1,4788.59,annulé,casa,Carte,LIV4,
CMD48166,CL0772,P026,2023-10-10,4,2800.77,en_cours,marrakech,Carte,LIV5,
CMD30533,CL0882,P020,Oct 23 2023,4,1924.5,LIVRE,RBA,Carte,LIV8,2023-10-28
CMD05255,CL0921,P056,Apr 09 2024,1,55.81,KO,kech,Carte,LIV4,
CMD14403,CL0198,P005,2024-01-10,5,1210.56,DONE,Agadir,Carte,LIV4,2024-01-15
CMD47757,CL0724,P022,Jan 21 2024,1,2501.33,LIVRE,casa,Carte,LIV2,2024-01-26
CMD11498,CL0416,P070,2023-02-04,3,1750.01,en_cours,marrakech,Carte,LIV7,
CMD12664,CL0071,P006,2023-10-26,2,1212.18,livré,TNG,Carte,LIV3,2023-10-28
CMD23374,CL0227,P004,2023-01-01,5,4862.87,livré,Tnja,Carte,LIV1,2023-01-05
CMD36739,CL0535,P038,Apr 29 2024,5,4105.7,en_cours,tanger,Carte,LIV2,
CMD39501,CL0357,P066,29/05/2023,2,4540.7,annulé,TANGER,Carte,LIV3,
CMD41510,CL0604,P010,Apr 15 2023,3,3976.73,livre,casa,Carte,LIV2,
CMD44483,CL0442,P030,2023-12-10,4,640.42,annulé,CASABLANCA,Carte,LIV2,
CMD44158,CL0483,P053,Dec 06 2023,4,249.25,en_cours,Agadir,Carte,LIV8,
CMD05099,CL0615,P069,Jan 13 2024,2,1934.98,annulé,casa,Carte,LIV5,
CMD29034,CL0137,P091,07/03/2023,3,4011.05,livré,tanger,Carte,LIV3,2023-03-12
CMD41327,CL0705,P082,28/01/2023,4,1396.38,KO,marrakech,Carte,LIV5,
CMD08021,CL0265,P075,Feb 10 2023,2,4232.62,livré,Tnja,Carte,LIV2,2023-02-13
CMD10733,CL0066,P066,2024-01-03,4,3283.75,KO,kech,Carte,LIV3,
CMD11248,CL0995,P014,2023-10-21,3,1047.98,en_cours,kech,Carte,LIV7,
CMD21891,CL0241,P021,10/03/2023,4,1927.8,retourné,RBA,Carte,LIV8,2023-03-12
CMD26151,CL0006,P049,04/07/2023,4,2858.26,livré,TNG,Carte,LIV1,2023-07-07
CMD43154,CL0881,P089,2024-02-02,5,1300.99,LIVRE,TNG,Carte,LIV8,2024-02-04
CMD40871,CL0488,P002,May 01 2024,1,4328.62,LIVRE,marrakech,Carte,,2024-05-06
CMD05684,CL0629,P092,04/03/2024,5,2305.95,livré,kech,Carte,LIV2,2024-03-07
CMD42116,CL0490,P018,09/05/2023,1,4687.84,LIVRE,TANGER,Carte,LIV10,2023-05-11
CMD47403,CL0697,P071,07/02/2024,3,921.01,livré,TNG,Carte,LIV2,2024-02-10
CMD13532,CL0766,P063,Mar 08 2024,3,2653.98,livré,TNG,Carte,,2024-03-10
CMD03872,CL0593,P052,21/08/2023,3,4110.11,DONE,TANGER,Carte,LIV3,2023-08-22
CMD39407,CL0606,P072,2023-03-23,2,653.6,livre,TNG,Carte,LIV10,
CMD37863,CL0887,P069,May 09 2024,2,807.86,retourné,casa,Carte,LIV5,2024-05-14
CMD03422,CL0444,P057,25/02/2024,3,1478.62,DONE,Agadir,Carte,LIV3,2024-02-29
CMD43635,CL0879,P048,Mar 11 2024,5,503.31,retourné,Agadir,Carte,LIV9,2024-03-12
CMD41638,CL0694,P099,08/07/2023,1,4239.35,DONE,kech,Carte,LIV4,2023-07-13
CMD17362,CL0846,P063,2023-07-08,5,4084.53,livre,TANGER,Carte,LIV3,
CMD13125,CL0052,P080,May 20 2023,3,3392.92,livré,kech,Carte,LIV9,2023-05-25
CMD23016,CL0481,P013,Nov 29 2023,4,4437.87,LIVRE,kech,Carte,LIV5,2023-12-01
CMD42612,CL0998,P098,2024-02-04,5,1872.95,en_cours,tanger,Carte,,
CMD37365,CL0024,P021,Jun 26 2023,1,2561.36,retourné,casa,Carte,LIV2,2023-06-30
CMD37192,CL0127,P086,2024-04-03,3,2979.46,livré,CASABLANCA,Carte,LIV2,2024-04-07
CMD24914,CL0211,P077,13/10/2023,3,3812.64,LIVRE,Agadir,Carte,LIV10,2023-10-14
CMD16225,CL0211,P017,Jan 27 2024,1,891.92,retourné,TANGER,Carte,LIV6,2024-02-01
CMD36135,CL0253,P077,03/01/2024,4,973.51,annulé,casa,Carte,LIV3,
CMD26327,CL0362,P036,Feb 17 2023,4,2030.89,livré,RBA,Carte,LIV3,2023-02-18
CMD16884,CL0438,P071,2023-11-29,5,2173.04,retourné,Tnja,Carte,,2023-12-03
CMD39671,CL0840,P059,May 16 2023,1,668.67,annulé,kech,Carte,,
CMD24129,CL0110,P059,2023-09-27,2,4400.83,livré,Tnja,Carte,LIV1,2023-09-29
CMD34074,CL0769,P010,26/01/2023,3,2468.22,retourné,kech,Carte,LIV8,2023-01-27
CMD35428,CL0149,P026,2023-11-29,5,0,livre,TNG,Carte,LIV7,
CMD41184,CL0459,P071,2023-04-24,3,2500.06,OK,Agadir,Carte,LIV2,
CMD04776,CL0679,P044,2023-12-26,4,4260.9,livre,TANGER,Carte,LIV10,
CMD20368,CL0732,P062,20/03/2023,5,4941.97,annulé,Agadir,Carte,LIV5,
CMD13257,CL0948,P049,24/01/2024,4,2258.13,OK,TANGER,Carte,LIV9,
CMD23922,CL0363,P009,Mar 16 2024,5,2956.97,livré,Agadir,Carte,LIV3,2024-03-17
CMD28430,CL0265,P075,2023-09-04,5,2326.38,OK,casa,Carte,,
CMD09915,CL0624,P059,22/08/2023,4,2977.18,en_cours,Agadir,Carte,LIV2,
CMD27225,CL0498,P052,Apr 17 2023,1,3848.49,livre,RBA,Carte,LIV10,
CMD09865,CL0071,P085,2023-08-01,5,680.88,en_cours,marrakech,Carte,LIV7,
CMD38426,CL0652,P078,Mar 03 2024,1,1982.85,LIVRE,TANGER,Carte,LIV3,2024-03-04
CMD47766,CL0115,P078,2024-05-13,1,4003.84,DONE,tanger,Carte,LIV7,2024-05-18
CMD19661,CL0558,P054,31/01/2024,5,3943.39,DONE,Tnja,Carte,LIV5,2024-02-05
CMD01515,CL0741,P042,Oct 07 2023,1,98.98,KO,kech,Carte,LIV4,
CMD35891,CL0506,P050,16/03/2023,5,2826.31,annulé,tanger,Carte,LIV2,
CMD36335,CL0102,P060,2023-07-31,3,3452.34,annulé,casa,Carte,LIV9,
CMD15863,CL0904,P096,Aug 11 2023,3,2101.66,retourné,RBA,Carte,LIV9,2023-08-12
CMD36450,CL0912,P043,Jun 04 2023,4,2794.2,OK,CASABLANCA,Carte,LIV10,
CMD16730,CL0854,P099,29/06/2023,3,3009.51,livré,TNG,Carte,,2023-07-02
CMD16854,CL0363,P006,04/01/2023,3,3798.86,livré,kech,Carte,LIV1,2023-01-05
CMD24455,CL0987,P028,Jan 31 2023,5,4598.54,livré,CASABLANCA,Carte,LIV3,2023-02-04
CMD37477,CL0381,P042,2023-08-27,3,2000.54,livre,TANGER,Carte,LIV2,
CMD22602,CL0342,P093,21/01/2024,2,4787.18,livré,kech,Carte,LIV5,2024-01-24
CMD07776,CL0874,P030,Sep 13 2023,4,3079.73,livré,casa,Carte,,2023-09-14
CMD30318,CL0716,P058,2024-02-12,5,1846.77,livre,Tnja,Carte,LIV7,
CMD37745,CL0997,P079,Mar 09 2023,2,4645.68,livré,TNG,Carte,LIV2,2023-03-10
CMD47519,CL0400,P001,Aug 22 2023,1,2990.48,OK,tanger,Carte,LIV2,
CMD05402,CL0893,P025,Jan 21 2024,2,4072.0,OK,Tnja,Carte,LIV4,
CMD41646,CL0837,P037,Jan 18 2023,3,2633.58,en_cours,RBA,Carte,LIV2,
CMD11279,CL0579,P045,2023-01-04,4,3793.81,livré,Agadir,Carte,LIV8,2023-01-09
CMD30609,CL0193,P061,Apr 29 2023,2,208.76,retourné,RBA,Carte,LIV8,2023-05-04
CMD03840,CL0636,P046,2023-11-30,3,1901.38,livré,TNG,Carte,LIV10,2023-12-05
CMD42428,CL0482,P027,Jul 09 2023,5,2213.39,livré,CASABLANCA,Carte,LIV3,2023-07-13
CMD27268,CL0423,P013,Mar 26 2023,3,1322.79,retourné,casa,Carte,LIV10,2023-03-31
CMD40581,CL0047,P025,01/02/2023,2,2003.01,annulé,marrakech,Carte,LIV9,
CMD30002,CL0717,P041,2023-12-17,5,893.78,livre,CASABLANCA,Carte,LIV10,
CMD31080,CL0102,P001,22/12/2023,5,4413.87,OK,casa,Carte,LIV4,
CMD37214,CL0029,P024,22/01/2023,5,303.81,livré,kech,Carte,,2023-01-24
CMD18038,CL0903,P066,Apr 26 2023,2,320.91,OK,TANGER,Carte,LIV1,
CMD22804,CL0813,P092,06/02/2024,3,2973.84,livré,casa,Carte,LIV3,2024-02-08
CMD30141,CL0740,P004,Feb 27 2023,1,1438.45,en_cours,TNG,Carte,LIV5,
CMD25706,CL0992,P053,May 13 2024,2,4958.92,livre,kech,Carte,LIV7,
CMD39321,CL0374,P040,Feb 12 2023,2,3936.47,LIVRE,RBA,Carte,LIV1,2023-02-14
CMD00316,CL0816,P042,May 03 2023,4,2184.02,livré,casa,Carte,LIV10,2023-05-04
CMD01687,CL0922,P067,2023-11-19,4,4206.07,OK,TANGER,Carte,LIV8,
CMD25349,CL0035,P026,2023-04-13,5,1944.16,OK,casa,Carte,LIV3,
CMD25390,CL0908,P093,2023-02-04,1,3139.42,livre,RBA,Carte,,
CMD41495,CL0096,P069,2024-04-30,3,1099.92,OK,Tnja,Carte,LIV2,
CMD33206,CL0981,P077,Nov 16 2023,4,3595.62,OK,RBA,Carte,LIV5,
CMD31902,CL0551,P009,2023-04-02,5,3577.63,livré,TNG,Carte,LIV5,2023-04-05
CMD18484,CL0368,P026,Mar 27 2023,4,1646.04,en_cours,kech,Carte,LIV10,
CMD14809,CL0977,P070,10/04/2023,4,909.74,retourné,TNG,Carte,LIV5,2023-04-11
CMD40322,CL0364,P030,22/01/2024,1,2668.24,LIVRE,marrakech,Carte,LIV8,2024-01-24
CMD44420,CL0990,P023,15/04/2024,4,727.54,livré,TNG,Carte,,2024-04-17
CMD26130,CL0832,P094,2024-03-26,5,2342.48,annulé,TNG,Carte,LIV9,
CMD15361,CL0929,P063,24/04/2024,3,2075.86,retourné,TANGER,Carte,LIV5,2024-04-25
CMD10995,CL0727,P052,2023-08-05,4,2557.12,annulé,TNG,Carte,LIV9,
CMD19078,CL0506,P001,30/06/2023,4,4503.49,livré,kech,Carte,LIV5,2023-07-04
CMD41240,CL0746,P040,2023-05-15,4,4914.12,LIVRE,CASABLANCA,Carte,LIV9,2023-05-16
CMD36063,CL0108,P092,18/01/2024,2,1309.93,retourné,kech,Carte,LIV2,2024-01-23
CMD31317,CL0950,P012,2023-11-10,1,3291.0,en_cours,casa,Carte,LIV6,
CMD21520,CL0053,P083,2023-12-23,4,1246.74,livré,RBA,Carte,,2023-12-28
CMD28076,CL0519,P060,11/04/2024,1,4003.42,KO,Tnja,Carte,,
CMD28935,CL0797,P059,Feb 28 2023,2,1368.28,livré,kech,Carte,LIV7,2023-03-03
CMD37313,CL0428,P077,Dec 29 2023,5,2146.58,livre,marrakech,Carte,LIV8,
CMD27691,CL0128,P010,Feb 03 2024,1,4645.3,OK,TANGER,Carte,LIV10,
CMD46350,CL0541,P081,07/07/2023,4,2979.84,livre,Agadir,Carte,LIV4,
CMD07371,CL0473,P041,18/08/2023,2,2450.96,LIVRE,Tnja,Carte,LIV3,2023-08-21
CMD01607,CL0661,P032,15/04/2024,5,261.42,livre,marrakech,Carte,LIV3,
CMD01460,CL0742,P049,2023-11-21,5,832.21,LIVRE,TANGER,Carte,LIV4,2023-11-25
CMD22187,CL0340,P084,27/01/2023,1,4862.0,annulé,TNG,Carte,LIV3,
CMD00823,CL0491,P098,Apr 13 2024,4,1486.09,DONE,Tnja,Carte,LIV1,2024-04-14
CMD19361,CL0666,P093,Aug 14 2023,-1,1097.35,annulé,RBA,Carte,LIV7,
CMD18656,CL0974,P035,2023-01-05,3,1248.44,OK,marrakech,Carte,LIV4,
CMD01689,CL0587,P065,Apr 04 2023,4,4648.31,LIVRE,marrakech,Carte,LIV10,2023-04-05
CMD12761,CL0332,P097,Aug 27 2023,1,1256.08,livre,marrakech,Carte,LIV8,
CMD45918,CL0144,P023,2023-10-06,5,533.03,livré,TANGER,Carte,LIV10,2023-10-10
CMD30813,CL0124,P048,2023-02-28,1,649.48,livré,tanger,Carte,LIV8,2023-03-05
CMD13393,CL0250,P046,Nov 24 2023,2,3178.06,livré,Agadir,Carte,,2023-11-25
CMD33381,CL0933,P042,May 11 2023,1,2053.98,livré,tanger,Carte,LIV1,2023-05-15
CMD09961,CL0345,P041,May 13 2023,3,915.46,annulé,TANGER,Carte,LIV3,
CMD23885,CL0675,P016,2023-10-02,5,4534.75,livre,marrakech,Carte,,
CMD07824,CL0691,P043,Feb 04 2024,1,4040.17,livre,Tnja,Carte,LIV5,
CMD40938,CL0091,P035,2024-01-08,5,3523.85,livre,TNG,Carte,LIV1,
CMD01925,CL0090,P007,14/01/2023,-1,917.75,retourné,casa,Carte,LIV5,2023-01-17
CMD14914,CL0088,P083,May 05 2024,5,1019.95,en_cours,casa,Carte,LIV6,
CMD00333,CL0596,P004,03/11/2023,5,2016.89,DONE,TNG,Carte,LIV2,2023-11-08
CMD26361,CL0758,P086,2023-04-07,1,2283.68,en_cours,marrakech,Carte,LIV4,
CMD30191,CL0501,P051,2023-07-28,4,3834.97,retourné,marrakech,Carte,,2023-08-01
CMD38441,CL0516,P070,19/07/2023,-1,1337.41,livré,TANGER,Carte,LIV2,2023-07-23
CMD26631,CL0697,P083,Mar 30 2024,1,3086.91,livré,Agadir,Carte,LIV8,2024-04-02
CMD05777,CL0573,P069,Aug 12 2023,3,4055.03,livré,casa,Carte,LIV2,2023-08-13
CMD37384,CL0940,P008,Jun 24 2023,2,445.53,OK,TNG,Carte,LIV4,
CMD02343,CL0273,P067,10/07/2023,3,922.43,annulé,TNG,Carte,LIV4,
CMD40395,CL0118,P002,18/09/2023,3,4594.07,livré,Agadir,Carte,LIV3,2023-09-23
CMD05925,CL0292,P050,Jan 24 2024,1,4708.58,LIVRE,marrakech,Carte,LIV3,2024-01-25
CMD39641,CL0209,P031,Jul 22 2023,3,807.0,livre,TANGER,Carte,LIV4,
CMD37733,CL0026,P012,Aug 28 2023,2,4300.71,livré,TANGER,Carte,,2023-09-01
CMD12001,CL0940,P094,Jan 28 2024,3,224.07,livré,kech,Carte,,2024-01-29
CMD01681,CL0263,P083,Dec 17 2023,4,3278.95,OK,Agadir,Carte,,
CMD16603,CL0855,P052,2023-03-22,3,4253.68,livré,Agadir,Carte,LIV10,2023-03-26
CMD45387,CL0340,P095,13/06/2023,3,866.55,DONE,kech,Carte,LIV5,2023-06-16
CMD14697,CL0515,P045,01/04/2024,1,2685.86,OK,tanger,Carte,LIV4,
CMD44476,CL0650,P069,2023-03-24,4,4330.19,DONE,Tnja,Carte,LIV2,2023-03-29
CMD40460,CL0477,P030,04/06/2023,4,4954.64,DONE,RBA,Carte,LIV9,2023-06-07
CMD26517,CL0307,P004,08/01/2023,2,4816.89,annulé,RBA,Carte,LIV5,
CMD25098,CL0022,P085,2023-11-11,2,0,retourné,casa,Carte,LIV7,2023-11-15
CMD37157,CL0297,P035,2023-02-21,5,692.0,en_cours,TNG,Carte,LIV4,
CMD15349,CL0337,P037,Feb 18 2024,4,3395.72,retourné,TNG,Carte,LIV7,2024-02-23
CMD14883,CL0321,P054,Jan 13 2024,2,754.36,OK,casa,Carte,LIV6,
CMD14557,CL0274,P016,21/10/2023,4,1792.5,OK,RBA,Carte,LIV1,
CMD41603,CL0343,P096,2023-06-19,4,3856.48,LIVRE,casa,Carte,LIV7,2023-06-24
CMD28818,CL0891,P047,Apr 14 2023,3,3595.85,DONE,tanger,Carte,,2023-04-17
CMD29228,CL0110,P027,07/05/2023,3,3457.68,livré,TANGER,Carte,LIV4,2023-05-10
CMD01139,CL0341,P088,08/10/2023,5,3354.26,LIVRE,CASABLANCA,Carte,LIV6,2023-10-09
CMD33249,CL0669,P024,2023-09-12,2,2625.93,livré,marrakech,Carte,LIV5,2023-09-16
CMD22945,CL0589,P070,2023-09-13,2,1423.18,livré,Tnja,Carte,LIV6,2023-09-15
CMD07031,CL0255,P100,2024-01-18,5,4912.97,livré,casa,Carte,,2024-01-20
CMD22733,CL0652,P095,15/05/2024,5,4753.44,OK,casa,Carte,LIV2,
CMD35144,CL0883,P036,Apr 30 2024,3,787.45,livre,Tnja,Carte,LIV1,
CMD45776,CL0659,P055,Mar 01 2023,3,2332.43,livré,RBA,Carte,LIV1,2023-03-06
CMD20837,CL0613,P073,Dec 02 2023,5,1480.47,livre,RBA,Carte,,
CMD17378,CL0499,P087,Apr 29 2023,1,2584.61,livre,RBA,Carte,LIV7,
CMD03160,CL0865,P057,2024-03-14,4,2404.47,livré,casa,Carte,LIV1,2024-03-17
CMD00767,CL0801,P036,2024-02-09,5,2844.43,livré,tanger,Carte,,2024-02-13
CMD30501,CL0464,P027,Jun 24 2023,3,583.13,LIVRE,casa,Carte,LIV6,2023-06-26
CMD23998,CL0569,P069,Apr 09 2024,2,987.52,OK,marrakech,Carte,,
CMD24413,CL0755,P023,2023-09-20,2,1415.23,livré,kech,Carte,LIV9,2023-09-24
CMD01507,CL0153,P039,Sep 30 2023,1,3055.54,LIVRE,casa,Carte,LIV1,2023-10-02
CMD23479,CL0238,P069,2024-02-28,3,231.15,OK,TANGER,Carte,LIV2,
CMD22639,CL0177,P079,Sep 26 2023,2,569.15,livré,TNG,Carte,,2023-09-28
CMD33902,CL0808,P012,02/04/2024,3,3010.14,LIVRE,RBA,Carte,LIV8,2024-04-07
CMD09737,CL0106,P022,2023-11-28,4,3674.8,livre,casa,Carte,LIV1,
CMD40601,CL0828,P054,2023-05-22,2,4669.88,DONE,Tnja,Carte,LIV1,2023-05-25
CMD16806,CL0067,P026,04/10/2023,5,590.87,livre,marrakech,Carte,,
CMD00345,CL0657,P002,Dec 29 2023,4,3665.26,retourné,kech,Carte,LIV1,2024-01-03
CMD41311,CL0438,P076,2023-05-28,5,2277.26,livré,RBA,Carte,LIV7,2023-05-31
CMD02760,CL0278,P062,19/05/2023,5,4695.13,en_cours,RBA,Carte,LIV9,
CMD44950,CL0057,P039,2023-07-06,3,4136.49,livré,Tnja,Carte,LIV10,2023-07-07
CMD00659,CL0989,P061,2024-04-09,5,2838.96,livré,TANGER,Carte,LIV4,2024-04-10
CMD18566,CL0081,P051,31/12/2023,3,4066.49,OK,CASABLANCA,Carte,LIV8,
CMD00669,CL0254,P096,2023-12-02,2,3668.91,KO,RBA,Carte,LIV3,
CMD16800,CL0149,P031,Dec 16 2023,5,4916.92,DONE,casa,Carte,LIV2,2023-12-17
CMD18305,CL0402,P067,02/01/2024,4,152.87,livré,Tnja,Carte,LIV6,2024-01-07
CMD01018,CL0357,P084,23/02/2023,2,2123.13,livré,CASABLANCA,Carte,LIV1,2023-02-24
CMD20960,CL0007,P100,31/10/2023,4,1382.71,KO,Agadir,Carte,LIV3,
CMD02769,CL0201,P063,14/03/2024,4,1793.39,retourné,marrakech,Carte,LIV4,2024-03-17
CMD41967,CL0498,P018,2023-03-05,1,700.49,DONE,marrakech,Carte,LIV4,2023-03-07
CMD10534,CL0735,P039,10/05/2024,1,3776.85,livre,casa,Carte,LIV3,
CMD14381,CL0990,P010,Apr 19 2023,2,2550.94,DONE,kech,Carte,LIV10,2023-04-24
CMD23894,CL0660,P019,Feb 08 2023,3,3644.44,LIVRE,tanger,Carte,LIV7,2023-02-09
CMD20015,CL0221,P036,20/03/2023,3,1808.4,OK,CASABLANCA,Carte,LIV4,
CMD03679,CL0726,P036,2023-04-09,1,0,KO,kech,Carte,,
CMD17246,CL0778,P097,2023-09-26,4,4032.66,livré,casa,Carte,,2023-09-30
CMD19700,CL0465,P009,Mar 18 2024,2,1532.04,retourné,tanger,Carte,LIV6,2024-03-19
CMD46676,CL0428,P008,2023-03-06,1,0,OK,CASABLANCA,Carte,LIV5,
CMD44586,CL0984,P069,2023-07-25,5,2786.14,retourné,TNG,Carte,,2023-07-30
CMD18540,CL0554,P084,2024-03-28,3,2823.87,LIVRE,TNG,Carte,,2024-04-02
CMD10179,CL0922,P004,14/01/2024,2,4448.46,livré,TNG,Carte,LIV2,2024-01-15
CMD13184,CL0234,P071,2024-01-27,3,3258.1,KO,tanger,Carte,LIV1,
CMD36108,CL0148,P059,2024-03-29,5,4165.81,DONE,TANGER,Carte,LIV9,2024-04-02
CMD15758,CL0858,P037,Feb 27 2023,3,4469.91,DONE,marrakech,Carte,LIV7,2023-03-01
CMD45414,CL0503,P092,01/09/2023,3,2617.96,livré,casa,Carte,LIV5,2023-09-06
CMD37443,CL0628,P008,03/02/2024,5,3255.03,livre,Agadir,Carte,LIV5,
CMD19115,CL0690,P088,2023-10-10,2,1657.99,livré,TNG,Carte,,2023-10-14
CMD23923,CL0764,P016,Mar 10 2023,4,1276.62,livré,TANGER,Carte,LIV4,2023-03-11
CMD06079,CL0387,P028,Jan 23 2023,1,4173.9,livre,RBA,Carte,LIV9,
CMD44202,CL0167,P051,Nov 03 2023,5,1808.26,livré,kech,Carte,LIV7,2023-11-04
CMD05957,CL0066,P079,Mar 17 2023,1,1581.99,livré,Agadir,Carte,LIV4,2023-03-18
CMD19757,CL0872,P098,07/03/2023,5,1503.88,OK,tanger,Carte,LIV2,
CMD10302,CL0387,P050,31/03/2023,3,3600.35,en_cours,CASABLANCA,Carte,LIV4,
CMD18811,CL0154,P027,Dec 02 2023,2,619.34,OK,RBA,Carte,LIV2,
CMD13846,CL0116,P073,01/08/2023,5,3219.42,LIVRE,Tnja,Carte,LIV9,2023-08-02
CMD12416,CL0036,P008,30/04/2024,2,903.26,livré,RBA,Carte,LIV6,2024-05-05
CMD43904,CL0287,P096,2023-05-14,5,4854.36,livré,tanger,Carte,LIV4,2023-05-17
CMD22385,CL0320,P047,Dec 24 2023,4,1863.0,livre,kech,Carte,LIV6,
CMD27296,CL0802,P047,Apr 08 2023,2,2422.44,KO,Tnja,Carte,LIV4,
CMD45849,CL0646,P066,2023-02-16,5,4861.79,retourné,RBA,Carte,LIV4,2023-02-20
CMD03674,CL0677,P016,27/01/2023,3,2667.81,KO,tanger,Carte,LIV10,
CMD16921,CL0632,P045,2023-06-03,5,2295.54,livré,tanger,Carte,LIV4,2023-06-06
CMD04844,CL0089,P021,Jun 08 2023,1,4456.86,KO,TANGER,Carte,LIV5,
CMD40879,CL0170,P041,27/01/2023,1,3911.05,LIVRE,Tnja,Carte,,2023-01-28
CMD30989,CL0489,P011,15/11/2023,2,3315.86,retourné,RBA,Carte,LIV1,2023-11-19
CMD00192,CL0300,P050,06/06/2023,5,4670.59,OK,CASABLANCA,Carte,LIV8,
CMD18617,CL0801,P091,Dec 19 2023,3,708.97,en_cours,tanger,Carte,LIV8,
CMD22265,CL0839,P001,2023-10-19,5,1168.84,LIVRE,tanger,Carte,LIV9,2023-10-24
CMD26412,CL0996,P052,Nov 25 2023,4,4638.06,OK,RBA,Carte,LIV6,
CMD01782,CL0867,P051,2024-01-07,5,4824.45,LIVRE,kech,Carte,LIV8,2024-01-08
CMD39413,CL0796,P021,2023-09-25,4,427.96,livré,CASABLANCA,Carte,LIV9,2023-09-26
CMD35384,CL0373,P028,2023-01-22,1,2719.49,annulé,casa,Carte,LIV7,
CMD05321,CL0096,P004,2024-04-30,3,918.87,livré,tanger,Carte,LIV4,2024-05-04
CMD23502,CL0196,P026,2023-01-29,2,2322.5,annulé,casa,Carte,LIV7,
CMD15058,CL0389,P027,2023-02-11,3,4732.13,livré,marrakech,Carte,LIV10,2023-02-13
CMD15988,CL0656,P011,Sep 14 2023,1,1893.19,DONE,casa,Carte,LIV4,2023-09-16
CMD28444,CL0609,P074,01/04/2024,4,2566.52,livré,TANGER,Carte,,2024-04-02
CMD09551,CL0535,P001,Nov 20 2023,2,404.4,livré,tanger,Carte,,2023-11-22
CMD36497,CL0532,P091,20/11/2023,3,969.28,livré,tanger,Carte,LIV4,2023-11-23
CMD26306,CL0357,P063,Feb 26 2024,1,442.15,livré,TNG,Carte,LIV9,2024-02-29
CMD42206,CL0999,P080,Aug 28 2023,5,4016.13,livré,kech,Carte,LIV6,2023-08-29
CMD40926,CL0620,P020,29/04/2023,4,710.66,DONE,TNG,Carte,LIV6,2023-04-30
CMD42281,CL0514,P028,Jun 24 2023,2,3244.09,retourné,Tnja,Carte,LIV1,2023-06-28
CMD28318,CL0902,P028,2023-11-02,3,4837.04,livré,Agadir,Carte,LIV1,2023-11-05
CMD15141,CL0818,P008,Aug 31 2023,1,2496.39,livre,TANGER,Carte,LIV8,
CMD14614,CL0342,P037,2023-10-19,1,1120.97,livre,casa,Carte,LIV5,
CMD22977,CL0979,P013,29/04/2024,-1,0,KO,TANGER,Carte,LIV10,
CMD46691,CL0942,P025,22/05/2023,2,734.0,OK,tanger,Carte,LIV7,
CMD39622,CL0038,P071,14/05/2023,2,1707.44,en_cours,RBA,Carte,LIV6,
CMD01892,CL0349,P095,10/03/2024,3,1790.34,DONE,Agadir,Carte,LIV3,2024-03-11
CMD22526,CL0180,P042,Dec 31 2023,4,2912.15,OK,marrakech,Carte,LIV5,
CMD18923,CL0702,P030,2024-02-08,3,1714.02,KO,RBA,Carte,LIV2,
CMD33048,CL0997,P008,14/10/2023,5,2412.82,en_cours,tanger,Carte,LIV8,
CMD20565,CL0412,P096,May 27 2023,4,4689.15,en_cours,casa,Carte,LIV2,
CMD07143,CL0880,P073,2024-04-26,1,2140.3,livré,CASABLANCA,Carte,LIV10,2024-05-01
CMD17074,CL0314,P090,2023-06-05,1,4338.38,livré,CASABLANCA,Carte,LIV1,2023-06-07
CMD04003,CL0498,P048,19/04/2024,5,144.8,KO,marrakech,Carte,LIV1,
CMD00910,CL0470,P044,26/02/2024,1,4152.53,retourné,Tnja,Carte,LIV10,2024-03-01
CMD16430,CL0971,P049,Jun 27 2023,1,3171.68,LIVRE,TNG,Carte,LIV6,2023-06-28
CMD33549,CL0868,P073,27/05/2023,2,501.41,livré,casa,Carte,LIV2,2023-05-29
CMD41218,CL0038,P018,Mar 10 2024,1,3946.53,livré,CASABLANCA,Carte,,2024-03-12
CMD08196,CL0276,P064,Sep 07 2023,4,1709.7,retourné,marrakech,Carte,LIV1,2023-09-09
CMD20214,CL0146,P089,2024-04-24,2,4073.09,KO,casa,Carte,LIV7,
CMD14379,CL0009,P027,2024-05-03,2,4146.45,livré,casa,Carte,LIV10,2024-05-07
CMD42748,CL0927,P060,2023-10-06,3,981.42,livre,TANGER,Carte,LIV9,
CMD04872,CL0236,P065,Sep 27 2023,4,4609.99,retourné,casa,Carte,LIV5,2023-09-30
CMD03281,CL0453,P035,Dec 04 2023,1,4692.31,livré,CASABLANCA,Carte,,2023-12-06
CMD24380,CL0267,P036,2023-05-02,4,3590.01,KO,TNG,Carte,LIV8,
CMD20483,CL0388,P035,Jan 31 2023,1,4527.19,livré,Tnja,Carte,LIV10,2023-02-04
CMD05264,CL0401,P036,2023-06-22,4,3465.04,OK,tanger,Carte,LIV2,
CMD44133,CL0124,P005,15/03/2023,5,754.78,livré,casa,Carte,LIV4,2023-03-19
CMD17349,CL0458,P091,2023-11-27,1,791.5,KO,Agadir,Carte,LIV6,
CMD19252,CL0532,P035,23/01/2023,2,3145.13,en_cours,RBA,Carte,LIV1,
CMD27331,CL0659,P076,Jan 21 2024,4,2626.3,OK,Tnja,Carte,LIV9,
CMD16344,CL0263,P089,Mar 04 2024,1,3076.52,livre,TNG,Carte,LIV4,
CMD37009,CL0201,P049,Nov 22 2023,1,4853.66,livré,CASABLANCA,Carte,LIV3,2023-11-26
CMD41804,CL0083,P050,2023-12-30,5,4971.99,DONE,TANGER,Carte,LIV5,2024-01-01
CMD19047,CL0637,P043,Jan 04 2024,5,3322.11,KO,TNG,Carte,LIV4,
CMD11841,CL0775,P084,Mar 26 2024,2,0,KO,Agadir,Carte,LIV8,
CMD13918,CL0524,P076,2023-09-27,3,3876.52,livré,marrakech,Carte,LIV3,2023-09-28
CMD24677,CL0268,P040,28/06/2023,4,113.62,LIVRE,Tnja,Carte,LIV1,2023-07-02
CMD18415,CL0175,P095,Mar 08 2023,5,2889.9,livré,RBA,Carte,LIV2,2023-03-10
CMD21198,CL0159,P091,Oct 24 2023,4,2390.39,livre,casa,Carte,LIV1,
CMD09971,CL0889,P021,Mar 10 2023,4,3771.75,en_cours,TNG,Carte,,
CMD44468,CL0227,P074,Nov 29 2023,1,2493.02,livré,Tnja,Carte,LIV2,2023-11-30
CMD01575,CL0950,P078,05/12/2023,3,1077.03,en_cours,CASABLANCA,Carte,LIV2,
CMD20019,CL0831,P088,2023-11-01,1,3713.08,OK,casa,Carte,LIV4,
CMD33461,CL0652,P078,2023-04-26,1,3762.82,livré,casa,Carte,LIV8,2023-04-27
CMD32153,CL0341,P004,2023-11-12,1,1926.64,OK,marrakech,Carte,LIV9,
CMD15950,CL0419,P024,Jun 23 2023,5,2266.05,retourné,tanger,Carte,LIV10,2023-06-24
CMD26140,CL0708,P059,Jul 26 2023,4,4425.2,LIVRE,CASABLANCA,Carte,,2023-07-30
CMD28506,CL0872,P022,2024-01-06,5,3839.32,DONE,TANGER,Carte,LIV6,2024-01-09
CMD39317,CL0527,P087,2023-08-24,3,230.65,livré,TANGER,Carte,LIV4,2023-08-26
CMD27463,CL0361,P076,2023-09-29,5,2189.52,LIVRE,kech,Carte,,2023-10-01
CMD13022,CL0674,P029,Oct 03 2023,2,4580.38,livré,Tnja,Carte,LIV8,2023-10-06
CMD42840,CL0992,P028,13/02/2024,2,218.14,en_cours,RBA,Carte,LIV5,
CMD37964,CL0954,P071,20/04/2023,1,2397.33,KO,CASABLANCA,Carte,LIV9,
CMD13935,CL0088,P089,Feb 09 2023,1,231.77,livré,TNG,Carte,LIV9,2023-02-14
CMD37693,CL0708,P036,Mar 23 2023,1,2051.71,DONE,marrakech,Carte,LIV7,2023-03-25
CMD26393,CL0766,P098,2023-05-27,4,2389.16,annulé,CASABLANCA,Carte,LIV3,
CMD45646,CL0887,P017,Aug 02 2023,3,2582.42,OK,TNG,Carte,LIV1,
CMD18002,CL0724,P033,2023-05-20,2,1687.05,retourné,CASABLANCA,Carte,LIV6,2023-05-22
CMD07610,CL0457,P052,2023-04-27,4,3714.72,DONE,Agadir,Carte,LIV5,2023-05-01
CMD23176,CL0416,P069,2023-03-08,1,1655.99,en_cours,casa,Carte,LIV5,
CMD47767,CL0994,P082,2023-08-01,3,2148.53,DONE,TNG,Carte,LIV6,2023-08-02
CMD43489,CL0556,P091,Oct 26 2023,5,4955.85,en_cours,casa,Carte,LIV6,
CMD26478,CL0220,P057,Jan 03 2023,2,1032.73,livré,kech,Carte,LIV4,2023-01-04
CMD10271,CL0456,P054,2023-02-20,1,2672.74,OK,Tnja,Carte,LIV10,
CMD12114,CL0992,P040,2023-10-10,2,1063.87,livré,Agadir,Carte,LIV2,2023-10-12
CMD13044,CL0160,P023,Mar 05 2024,5,4300.25,en_cours,CASABLANCA,Carte,LIV7,
CMD18264,CL0502,P086,14/12/2023,1,2516.52,KO,casa,Carte,LIV2,
CMD21096,CL0880,P026,26/11/2023,2,3231.13,LIVRE,TANGER,Carte,LIV9,2023-11-30
CMD15853,CL0630,P090,2024-04-17,4,3891.13,livré,kech,Carte,LIV4,2024-04-20
CMD48030,CL0821,P044,13/03/2024,2,1834.35,OK,kech,Carte,LIV8,
CMD05247,CL0232,P042,May 29 2023,1,4232.01,livré,tanger,Carte,LIV6,2023-06-01
CMD18194,CL0151,P031,13/04/2024,5,2598.36,OK,kech,Carte,LIV3,
CMD48015,CL0540,P070,2023-08-16,4,4869.38,annulé,TANGER,Carte,LIV2,
CMD20042,CL0941,P032,05/08/2023,5,1305.66,OK,TANGER,Carte,LIV2,
CMD19206,CL0724,P066,Mar 02 2023,5,2188.44,OK,TNG,Carte,LIV1,
CMD42603,CL0939,P061,18/08/2023,1,876.59,retourné,TANGER,Carte,LIV3,2023-08-22
CMD00182,CL0248,P046,Jan 14 2024,3,2229.18,KO,marrakech,Carte,LIV9,
CMD18090,CL0155,P007,2024-03-11,3,1533.11,DONE,marrakech,Carte,LIV4,2024-03-15
CMD09446,CL0057,P078,Apr 06 2024,-1,2409.2,OK,casa,Carte,LIV8,
CMD18743,CL0646,P085,30/06/2023,3,4438.25,en_cours,RBA,Carte,LIV10,
CMD29157,CL0899,P015,2023-11-15,2,3307.05,retourné,casa,Carte,LIV10,2023-11-19
CMD39161,CL0675,P037,Nov 26 2023,2,244.25,DONE,RBA,Carte,LIV8,2023-11-28
CMD33907,CL0606,P057,2023-10-25,4,3798.95,OK,kech,Carte,LIV4,
CMD17798,CL0540,P036,2023-05-14,3,4186.38,OK,TNG,Carte,LIV3,
CMD13002,CL0984,P065,04/05/2024,3,2298.68,LIVRE,tanger,Carte,LIV9,2024-05-05
CMD31493,CL0837,P086,2023-10-08,3,1864.05,en_cours,marrakech,Carte,LIV9,
CMD01404,CL0292,P010,Oct 20 2023,2,2878.37,retourné,Agadir,Carte,LIV8,2023-10-21
CMD14912,CL0063,P091,19/03/2024,2,688.26,retourné,Agadir,Carte,LIV6,2024-03-23
CMD46324,CL0994,P035,Apr 28 2024,3,1801.87,KO,Agadir,Carte,LIV10,
CMD45356,CL0466,P034,Apr 22 2023,1,2939.36,livre,TANGER,Carte,,
CMD41109,CL0011,P009,2023-04-08,5,1122.77,annulé,TNG,Carte,LIV5,
CMD22813,CL0229,P003,03/11/2023,5,4923.24,livré,kech,Carte,LIV9,2023-11-05
CMD20408,CL0653,P045,10/04/2023,1,1618.95,en_cours,kech,Carte,LIV9,
CMD05239,CL0176,P086,2023-08-16,4,3134.59,KO,TNG,Carte,LIV7,
CMD47506,CL0225,P100,18/04/2023,1,4923.5,livré,RBA,Carte,LIV6,2023-04-22
CMD32085,CL0410,P038,2023-10-19,2,1787.07,KO,marrakech,Carte,LIV10,
CMD30159,CL0846,P006,12/10/2023,5,1164.18,livré,CASABLANCA,Carte,,2023-10-15
CMD36859,CL0565,P036,2024-03-26,5,2353.06,livré,TNG,Carte,LIV9,2024-03-31
CMD42250,CL0714,P047,23/11/2023,2,4019.87,livré,TNG,Carte,LIV3,2023-11-28
CMD23530,CL0234,P051,2023-05-21,2,975.98,retourné,kech,Carte,LIV6,2023-05-24
CMD18864,CL0749,P099,2024-04-12,2,1513.84,livre,Agadir,Carte,LIV5,
CMD44940,CL0745,P042,15/08/2023,5,1217.59,en_cours,Agadir,Carte,,
CMD27899,CL0603,P048,Jan 02 2023,3,903.06,retourné,tanger,Carte,LIV6,2023-01-06
CMD39624,CL0284,P099,2024-05-07,4,1938.65,livre,CASABLANCA,Carte,LIV1,
CMD24456,CL0999,P057,May 11 2024,4,121.31,en_cours,casa,Carte,LIV10,
CMD00415,CL0071,P062,2023-03-29,4,3327.0,livré,marrakech,Carte,LIV4,2023-03-30
CMD18236,CL0662,P061,2024-03-19,3,2871.19,livré,Tnja,Carte,LIV2,2024-03-22
CMD33819,CL0051,P070,2023-08-13,5,3116.54,KO,marrakech,Carte,LIV7,
CMD36983,CL0629,P013,2024-04-29,4,4828.14,KO,Tnja,Carte,LIV2,
CMD44492,CL0447,P096,Sep 27 2023,5,4639.22,LIVRE,tanger,Carte,,2023-10-01
CMD34281,CL0920,P059,2023-04-19,2,2747.2,en_cours,Agadir,Carte,LIV4,
CMD15492,CL0306,P035,06/02/2023,3,1630.78,livré,casa,Carte,LIV1,2023-02-11
CMD06822,CL0683,P060,11/08/2023,2,3283.1,livré,casa,Carte,LIV5,2023-08-14
CMD18007,CL0571,P095,29/04/2024,2,726.72,KO,TNG,Carte,LIV9,
CMD16739,CL0622,P020,26/06/2023,3,914.86,KO,RBA,Carte,LIV8,
CMD25644,CL0385,P055,2023-06-29,4,963.95,annulé,TANGER,Carte,LIV9,
CMD14394,CL0769,P088,Feb 04 2024,2,2855.78,livré,CASABLANCA,Carte,LIV2,2024-02-09
CMD14008,CL0570,P035,26/01/2023,1,1380.58,LIVRE,TANGER,Carte,LIV3,2023-01-31
CMD24180,CL0013,P019,03/04/2024,4,2039.32,en_cours,TANGER,Carte,LIV4,
CMD13314,CL0181,P028,10/07/2023,1,368.62,en_cours,RBA,Carte,LIV10,
CMD30258,CL0568,P017,2023-12-27,1,2642.87,livré,kech,Carte,LIV7,2023-12-30
CMD45073,CL0765,P044,06/12/2023,2,4349.3,annulé,kech,Carte,LIV10,
CMD13644,CL0629,P035,Jul 02 2023,4,3154.0,OK,casa,Carte,LIV2,
CMD32176,CL0273,P025,02/05/2023,4,1444.27,DONE,tanger,Carte,LIV3,2023-05-05
CMD32838,CL0257,P053,Jan 25 2024,5,1115.57,OK,casa,Carte,LIV9,
CMD35579,CL0011,P049,2024-03-10,1,0,annulé,tanger,Carte,LIV7,
CMD04473,CL0171,P033,18/09/2023,5,583.2,DONE,kech,Carte,LIV10,2023-09-21
CMD10008,CL0064,P040,Aug 04 2023,1,525.73,en_cours,TANGER,Carte,,
CMD27880,CL0632,P062,16/08/2023,2,650.58,DONE,Tnja,Carte,LIV6,2023-08-19
CMD34139,CL0883,P093,2023-01-04,4,3615.91,livre,marrakech,Carte,LIV1,
CMD05272,CL0431,P032,Nov 10 2023,1,3667.61,OK,RBA,Carte,LIV3,
CMD43993,CL0841,P022,2023-12-15,3,3306.14,livré,TANGER,Carte,LIV7,2023-12-20
CMD05561,CL0545,P065,24/04/2024,3,1413.21,OK,Tnja,Carte,LIV3,
CMD13574,CL0572,P048,2023-05-17,2,3894.37,retourné,casa,Carte,LIV9,2023-05-21
CMD14878,CL0564,P020,2023-12-18,1,4863.33,DONE,CASABLANCA,Carte,LIV3,2023-12-23
CMD37967,CL0554,P059,2023-08-06,4,988.28,LIVRE,kech,Carte,LIV3,2023-08-08
CMD30675,CL0786,P026,27/10/2023,4,1476.74,livré,Tnja,Carte,LIV7,2023-10-31
CMD30278,CL0101,P070,Aug 28 2023,4,4464.39,LIVRE,Agadir,Carte,LIV4,2023-09-01
CMD35786,CL0497,P077,2023-07-06,3,4673.92,annulé,kech,Carte,LIV7,
CMD05933,CL0714,P091,02/07/2023,3,4491.72,livré,RBA,Carte,LIV8,2023-07-05
CMD02505,CL0014,P022,Dec 08 2023,5,3355.01,livré,CASABLANCA,Carte,LIV5,2023-12-12
CMD13858,CL0614,P094,28/04/2023,4,4672.75,livré,RBA,Carte,LIV8,2023-04-30
CMD12236,CL0864,P088,Apr 25 2024,5,2273.46,livré,Tnja,Carte,LIV2,2024-04-26
CMD00076,CL0518,P027,13/04/2024,5,3407.2,en_cours,kech,Carte,LIV4,
CMD16628,CL0335,P085,Jun 08 2023,4,296.69,retourné,Tnja,Carte,LIV8,2023-06-10
CMD35690,CL0494,P096,2023-05-28,4,399.08,retourné,RBA,Carte,LIV1,2023-06-02
CMD03156,CL0122,P078,27/04/2023,3,2738.73,en_cours,casa,Carte,LIV10,
CMD27458,CL0160,P022,2023-12-24,3,3325.58,retourné,tanger,Carte,LIV2,2023-12-26
CMD14290,CL0768,P085,2023-03-18,3,2038.06,livré,Tnja,Carte,LIV7,2023-03-23
CMD33072,CL0216,P018,2024-03-23,5,3957.21,DONE,tanger,Carte,LIV9,2024-03-28
CMD44146,CL0867,P053,2023-09-02,-1,2672.2,livre,CASABLANCA,Carte,,
CMD17649,CL0336,P035,May 31 2023,2,4606.84,livré,RBA,Carte,LIV1,2023-06-04
CMD42215,CL0614,P086,11/10/2023,5,3711.61,OK,tanger,Carte,LIV7,
CMD02103,CL0731,P013,Oct 15 2023,5,580.83,KO,marrakech,Carte,LIV3,
CMD18257,CL0850,P007,20/10/2023,5,2436.66,livré,Agadir,Carte,LIV3,2023-10-21
CMD33421,CL0702,P016,2024-01-30,5,4490.24,retourné,Agadir,Carte,LIV5,2024-02-04
CMD15189,CL0136,P023,28/07/2023,1,817.12,KO,kech,Carte,LIV8,
CMD34288,CL0146,P058,Feb 09 2024,3,3552.34,livre,Agadir,Carte,LIV3,
CMD40846,CL0348,P076,25/12/2023,2,3732.87,livré,marrakech,Carte,LIV8,2023-12-29
CMD46851,CL0675,P053,17/02/2024,2,4085.03,livre,TANGER,Carte,LIV5,
CMD06728,CL0545,P096,23/12/2023,5,2869.62,en_cours,kech,Carte,LIV8,
CMD03436,CL0790,P016,2023-05-07,5,2213.82,OK,tanger,Carte,,
CMD38236,CL0842,P076,Jun 09 2023,3,2824.75,annulé,Agadir,Carte,,
CMD26459,CL0436,P076,Jul 19 2023,4,66.39,en_cours,TNG,Carte,LIV8,
CMD22059,CL0985,P100,12/05/2024,2,1616.98,OK,casa,Carte,,
CMD30774,CL0433,P072,26/08/2023,3,3977.45,retourné,TNG,Carte,LIV5,2023-08-28
CMD03521,CL0072,P020,2023-10-13,4,827.11,livré,marrakech,Carte,LIV2,2023-10-15
CMD19484,CL0182,P063,Dec 10 2023,3,1864.44,annulé,Tnja,Carte,LIV4,
CMD18714,CL0634,P025,Feb 19 2024,2,4486.77,annulé,casa,Carte,LIV2,
CMD05295,CL0529,P025,21/11/2023,2,3026.92,annulé,RBA,Carte,LIV8,
CMD12659,CL0171,P001,28/01/2024,3,680.04,annulé,CASABLANCA,Carte,LIV2,
CMD39239,CL0223,P061,2024-01-29,3,758.34,OK,TNG,Carte,LIV2,
CMD30771,CL0217,P067,2023-03-30,4,3510.75,en_cours,tanger,Carte,LIV1,
CMD06804,CL0250,P009,Feb 17 2024,1,3519.27,livré,marrakech,Carte,LIV9,2024-02-21
CMD28785,CL0323,P030,09/04/2024,4,458.16,livre,casa,Carte,LIV7,
CMD38329,CL0345,P064,2023-02-20,3,4804.17,livré,RBA,Carte,LIV6,2023-02-24
CMD11535,CL0374,P047,Sep 02 2023,4,1014.51,livré,TANGER,Carte,,2023-09-06
CMD26213,CL0973,P066,Apr 26 2023,3,3021.99,retourné,RBA,Carte,LIV1,2023-05-01
CMD03832,CL0585,P081,2023-10-22,3,1396.09,livré,Agadir,Carte,LIV7,2023-10-27
CMD35516,CL0708,P002,2024-02-13,5,446.46,livré,marrakech,Carte,LIV4,2024-02-14
CMD40904,CL0638,P031,2023-06-26,2,1612.31,en_cours,TNG,Carte,LIV2,
CMD27018,CL0718,P054,Jan 17 2024,1,2643.72,KO,casa,Carte,LIV6,
CMD41969,CL0572,P019,Sep 30 2023,5,4314.01,livré,RBA,Carte,LIV8,2023-10-01
CMD16291,CL0858,P060,24/09/2023,1,2162.09,livré,kech,Carte,LIV1,2023-09-25
CMD33383,CL0396,P020,11/07/2023,4,1063.27,livre,casa,Carte,,
CMD17554,CL0019,P020,Mar 24 2024,5,4310.47,livré,RBA,Carte,LIV1,2024-03-25
CMD42821,CL0489,P029,06/03/2023,3,2728.32,livre,casa,Carte,LIV10,
CMD07287,CL0595,P003,May 03 2024,1,169.76,OK,tanger,Carte,LIV1,
CMD04055,CL0304,P002,2023-01-18,3,2283.23,en_cours,marrakech,Carte,LIV3,
CMD42934,CL0803,P008,06/11/2023,4,2443.28,livré,Agadir,Carte,LIV6,2023-11-10
CMD17521,CL0566,P052,13/11/2023,4,996.69,en_cours,tanger,Carte,LIV9,
CMD18710,CL0365,P014,Mar 09 2024,4,4789.38,annulé,CASABLANCA,Carte,LIV9,
CMD04655,CL0685,P060,2023-09-25,1,3328.5,livré,CASABLANCA,Carte,,2023-09-30
CMD19868,CL0253,P028,21/05/2023,2,336.52,LIVRE,tanger,Carte,LIV1,2023-05-25
CMD19941,CL0850,P040,May 17 2023,5,590.66,livre,CASABLANCA,Carte,LIV9,
CMD11084,CL0799,P093,2023-01-12,5,2250.7,annulé,Agadir,Carte,LIV6,
CMD34357,CL0097,P042,2023-05-21,1,1679.63,livré,TANGER,Carte,LIV5,2023-05-23
CMD37700,CL0064,P067,2023-04-15,5,1150.3,livre,TANGER,Carte,LIV10,
CMD37341,CL0688,P073,2024-04-13,3,201.53,livré,Tnja,Carte,LIV6,2024-04-18
CMD41550,CL0129,P056,May 28 2023,5,2441.37,livré,Tnja,Carte,LIV6,2023-05-30
CMD22043,CL0418,P081,Feb 15 2024,2,4963.83,livré,tanger,Carte,LIV8,2024-02-20
CMD16249,CL0809,P006,12/02/2024,1,1248.85,livré,casa,Carte,LIV1,2024-02-17
CMD13705,CL0949,P045,Jun 17 2023,-1,4545.61,en_cours,TNG,Carte,LIV7,
CMD47995,CL0631,P018,02/01/2024,2,1523.8,retourné,TANGER,Carte,LIV9,2024-01-06
CMD39632,CL0084,P035,Mar 24 2024,1,2798.33,KO,TNG,Carte,,
CMD20471,CL0963,P088,2024-02-06,1,1746.3,OK,casa,Carte,LIV10,
CMD18926,CL0645,P082,21/06/2023,5,2025.62,livré,casa,Carte,LIV4,2023-06-24
CMD18240,CL0722,P085,Oct 23 2023,4,1144.11,livre,Agadir,Carte,LIV2,
CMD05722,CL0959,P065,2024-03-06,2,4032.77,livré,TNG,Carte,LIV8,2024-03-08
CMD42269,CL0615,P063,Apr 09 2024,3,1699.59,livré,Agadir,Carte,LIV8,2024-04-12
CMD00649,CL0371,P054,Jun 02 2023,4,717.63,DONE,casa,Carte,LIV1,2023-06-06
CMD02788,CL0293,P068,2023-06-21,3,3707.43,retourné,TNG,Carte,LIV10,2023-06-23
CMD37407,CL0603,P037,2023-01-14,4,4339.6,KO,Tnja,Carte,LIV3,
CMD24954,CL0893,P072,2024-03-04,1,3770.74,retourné,marrakech,Carte,LIV10,2024-03-06
CMD20462,CL0321,P026,11/01/2024,4,894.12,livré,kech,Carte,,2024-01-14
CMD04255,CL0478,P014,18/03/2023,5,2118.23,annulé,Agadir,Carte,LIV7,
CMD27216,CL0639,P077,May 05 2023,1,330.96,DONE,TANGER,Carte,LIV9,2023-05-09
CMD33393,CL0388,P063,25/01/2024,2,1069.51,livré,TNG,Carte,LIV3,2024-01-27
CMD38539,CL0194,P071,Aug 21 2023,2,1609.74,livré,Tnja,Carte,LIV6,2023-08-26
CMD35415,CL0558,P083,23/11/2023,2,1087.11,KO,Agadir,Carte,LIV3,
CMD33932,CL0326,P045,10/12/2023,5,3751.5,livré,casa,Carte,LIV5,2023-12-12
CMD01009,CL0826,P024,2023-06-02,1,784.84,KO,TANGER,Carte,LIV6,
CMD23853,CL0971,P002,16/07/2023,5,4614.65,LIVRE,Agadir,Carte,LIV7,2023-07-18
CMD05634,CL0664,P010,11/10/2023,1,524.76,retourné,CASABLANCA,Carte,LIV4,2023-10-16
CMD16195,CL0230,P010,2023-10-26,2,2994.68,livré,Agadir,Carte,LIV6,2023-10-31
CMD19663,CL0775,P080,05/02/2024,3,4456.15,livré,kech,Carte,LIV3,2024-02-06
CMD33816,CL0235,P089,2023-07-16,4,3555.49,OK,TANGER,Carte,,
CMD06180,CL0842,P081,Feb 03 2024,5,1863.7,livré,casa,Carte,LIV8,2024-02-07
CMD17130,CL0394,P049,2023-06-18,5,3301.46,en_cours,Tnja,Carte,LIV10,
CMD44356,CL0295,P017,18/11/2023,5,1621.65,livré,kech,Carte,LIV10,2023-11-21
CMD25865,CL0207,P023,Jan 16 2023,2,1715.47,DONE,RBA,Carte,LIV4,2023-01-20
CMD34401,CL0996,P021,2024-05-01,3,4047.28,DONE,TANGER,Carte,LIV5,2024-05-06
CMD32509,CL0154,P047,02/01/2023,3,4553.68,livré,TANGER,Carte,LIV6,2023-01-03
CMD12000,CL0791,P006,May 03 2024,3,1648.12,livré,Tnja,Carte,LIV4,2024-05-07
CMD01994,CL0542,P003,2023-11-15,5,2757.35,LIVRE,kech,Carte,LIV10,2023-11-19
CMD03012,CL0661,P061,May 06 2024,2,3639.02,livré,TANGER,Carte,LIV8,2024-05-11
CMD29571,CL0828,P015,Sep 11 2023,3,2209.22,DONE,TANGER,Carte,LIV4,2023-09-12
CMD09410,CL0822,P024,Dec 16 2023,4,1110.96,livré,tanger,Carte,LIV4,2023-12-18
CMD02045,CL0692,P088,12/12/2023,5,3844.58,livré,tanger,Carte,,2023-12-14
CMD12679,CL0294,P086,2023-05-30,1,4938.47,livré,TANGER,Carte,LIV9,2023-06-02
CMD34020,CL0917,P018,17/04/2024,3,3674.69,retourné,casa,Carte,LIV8,2024-04-20
CMD11247,CL0181,P030,20/10/2023,3,4990.51,annulé,tanger,Carte,LIV5,
CMD34280,CL0420,P036,2024-04-23,3,4736.69,livre,TANGER,Carte,LIV2,
CMD36778,CL0223,P051,Nov 01 2023,5,377.41,LIVRE,kech,Carte,LIV7,2023-11-05
CMD35748,CL0033,P032,2023-07-30,1,1255.72,livré,tanger,Carte,LIV10,2023-08-04
CMD15748,CL0699,P010,Oct 21 2023,3,672.52,retourné,tanger,Carte,LIV7,2023-10-24
CMD21798,CL0613,P030,Aug 13 2023,1,4333.93,livre,marrakech,Carte,,
CMD23501,CL0848,P064,12/12/2023,5,2237.87,livre,RBA,Carte,LIV5,
CMD47971,CL0752,P069,Apr 03 2023,3,3637.61,livré,marrakech,Carte,LIV2,2023-04-06
CMD31896,CL0853,P013,10/12/2023,2,3371.61,OK,casa,Carte,LIV10,
CMD29678,CL0239,P033,20/10/2023,1,4044.29,livre,Tnja,Carte,LIV10,
CMD37145,CL0427,P043,03/05/2024,1,397.53,KO,tanger,Carte,LIV7,
CMD00889,CL0339,P049,Oct 02 2023,4,4015.4,livré,kech,Carte,LIV6,2023-10-05
CMD09742,CL0685,P084,Feb 10 2023,1,3472.25,livré,casa,Carte,LIV8,2023-02-11
CMD33667,CL0554,P099,06/09/2023,3,2433.42,en_cours,casa,Carte,,
CMD03024,CL0256,P077,Mar 21 2023,2,1183.28,livré,TNG,Carte,LIV6,2023-03-26
CMD13266,CL0287,P004,05/04/2024,1,2081.47,en_cours,Agadir,Carte,LIV7,
CMD38917,CL0752,P072,2023-09-30,5,3265.38,annulé,marrakech,Carte,LIV9,
CMD15710,CL0839,P012,2023-07-30,2,3108.5,retourné,kech,Carte,LIV3,2023-08-02
CMD08509,CL0466,P027,Jan 19 2023,2,3691.86,OK,Agadir,Carte,LIV10,
CMD33724,CL0080,P013,14/04/2023,4,2253.93,OK,Agadir,Carte,LIV7,
CMD26874,CL0473,P070,Jul 18 2023,3,1638.26,livre,TNG,Carte,LIV4,
CMD01934,CL0901,P002,07/03/2024,4,3526.46,livre,TNG,Carte,LIV5,
CMD17990,CL0441,P005,Jun 17 2023,4,1241.32,DONE,RBA,Carte,LIV6,2023-06-22
CMD19161,CL0851,P034,17/05/2023,4,1509.58,en_cours,TANGER,Carte,LIV10,
CMD33471,CL0761,P005,2023-09-30,3,2934.37,livre,tanger,Carte,LIV6,
CMD32969,CL0710,P078,2023-10-12,4,1772.15,en_cours,CASABLANCA,Carte,LIV2,
CMD31366,CL0981,P010,Sep 09 2023,2,1343.18,annulé,TNG,Carte,LIV1,
CMD08158,CL0364,P019,19/11/2023,3,2648.45,annulé,TNG,Carte,LIV2,
CMD39434,CL0981,P034,2023-04-01,3,2830.85,livré,Tnja,Carte,LIV9,2023-04-06
CMD33939,CL0866,P055,2023-12-07,2,2248.95,en_cours,Agadir,Carte,LIV4,
CMD39255,CL0708,P038,22/04/2023,3,3394.72,en_cours,casa,Carte,LIV6,
CMD05193,CL0976,P021,Jun 15 2023,5,1252.69,livré,TANGER,Carte,LIV6,2023-06-16
CMD37647,CL0719,P009,15/01/2024,3,1065.07,DONE,TNG,Carte,LIV9,2024-01-18
CMD46916,CL0770,P081,Feb 09 2023,5,3936.03,livré,tanger,Carte,LIV10,2023-02-14
CMD44306,CL0160,P092,2024-02-26,5,1780.82,en_cours,Tnja,Carte,LIV2,
CMD00462,CL0125,P013,Feb 24 2023,2,143.11,DONE,CASABLANCA,Carte,LIV6,2023-02-28
CMD21870,CL0248,P092,Aug 30 2023,3,1916.72,retourné,CASABLANCA,Carte,LIV4,2023-09-04
CMD25281,CL0204,P078,Feb 15 2023,2,0,en_cours,casa,Carte,LIV10,
CMD25078,CL0333,P089,Jan 27 2023,1,1829.78,DONE,casa,Carte,LIV6,2023-01-29
CMD08946,CL0120,P051,Oct 14 2023,4,4402.47,retourné,Agadir,Carte,LIV1,2023-10-19
CMD21076,CL0359,P096,29/09/2023,5,2042.39,annulé,casa,Carte,LIV4,
CMD42047,CL0968,P001,2023-02-08,1,3662.87,livre,tanger,Carte,LIV5,
CMD21692,CL0736,P034,2023-03-12,4,2977.1,DONE,kech,Carte,LIV6,2023-03-17
CMD25225,CL0465,P060,27/10/2023,5,685.42,livré,CASABLANCA,Carte,LIV6,2023-10-31
CMD35650,CL0972,P094,Nov 20 2023,2,2435.27,livré,TANGER,Carte,LIV6,2023-11-25
CMD23661,CL0008,P060,28/05/2023,3,4767.16,annulé,tanger,Carte,,
CMD37099,CL0753,P075,2023-06-26,4,1001.21,annulé,RBA,Carte,LIV2,
CMD01966,CL0252,P086,2024-02-06,2,3071.65,retourné,RBA,Carte,LIV9,2024-02-07
CMD46759,CL0147,P041,03/01/2023,2,3110.89,DONE,TANGER,Carte,LIV8,2023-01-07
CMD17020,CL0507,P094,2024-01-21,4,1513.96,KO,marrakech,Carte,LIV8,
CMD26294,CL0673,P076,04/01/2024,5,3127.3,livré,TNG,Carte,LIV6,2024-01-07
CMD36359,CL0475,P016,2024-03-03,5,124.66,retourné,tanger,Carte,LIV6,2024-03-07
CMD47596,CL0003,P036,23/03/2023,5,1270.11,KO,TANGER,Carte,LIV3,
CMD25191,CL0090,P085,17/02/2024,2,2249.41,livré,Tnja,Carte,LIV7,2024-02-18
CMD47538,CL0076,P091,Oct 01 2023,3,3285.95,livré,kech,Carte,LIV1,2023-10-05
CMD29350,CL0102,P045,May 15 2024,5,4256.46,retourné,casa,Carte,LIV2,2024-05-17
CMD39100,CL0625,P073,Oct 05 2023,3,4704.43,annulé,marrakech,Carte,LIV3,
CMD19133,CL0230,P053,2023-10-03,3,2342.87,livre,TNG,Carte,LIV2,
CMD28404,CL0034,P017,Apr 24 2024,5,680.68,livre,TNG,Carte,LIV10,
CMD22098,CL0233,P079,22/12/2023,5,1684.7,annulé,TANGER,Carte,LIV3,
CMD10875,CL0371,P018,2023-07-28,4,3005.99,en_cours,Agadir,Carte,LIV10,
CMD12126,CL0421,P090,2023-06-21,4,584.47,livre,TNG,Carte,LIV1,
CMD35294,CL0507,P017,2023-05-12,5,3630.44,livré,CASABLANCA,Carte,LIV9,2023-05-15
CMD46258,CL0027,P074,2023-08-06,4,2243.09,livré,Agadir,Carte,LIV7,2023-08-08
CMD48178,CL0473,P013,Sep 20 2023,5,4749.97,retourné,tanger,Carte,LIV8,2023-09-23
CMD09566,CL0851,P042,03/02/2024,5,2780.17,KO,Tnja,Carte,LIV10,
CMD19794,CL0150,P030,2023-12-09,-1,3158.1,retourné,Tnja,Carte,LIV8,2023-12-12
CMD17367,CL0817,P068,01/04/2024,3,2029.52,livré,tanger,Carte,LIV10,2024-04-05
CMD39166,CL0933,P040,May 11 2023,4,4773.96,OK,CASABLANCA,Carte,,
CMD21507,CL0861,P028,12/02/2024,4,3332.65,livré,CASABLANCA,Carte,LIV2,2024-02-17
CMD24813,CL0308,P071,2023-09-08,1,2908.89,DONE,Agadir,Carte,LIV8,2023-09-09
CMD38045,CL0912,P022,2023-09-27,1,4741.46,KO,marrakech,Carte,LIV7,
CMD38369,CL0686,P019,10/04/2024,1,268.43,livré,Agadir,Carte,LIV6,2024-04-13
CMD26336,CL0582,P057,2024-04-27,2,3475.81,livre,marrakech,Carte,LIV2,
CMD04979,CL0126,P066,Feb 03 2023,2,4186.9,en_cours,tanger,Carte,LIV10,
CMD41516,CL0128,P049,28/02/2023,5,724.71,OK,Agadir,Carte,LIV5,
CMD06638,CL0851,P041,26/07/2023,4,3682.46,livre,TANGER,Carte,LIV9,
CMD20569,CL0467,P051,Sep 10 2023,1,4889.61,livré,marrakech,Carte,LIV5,2023-09-12
CMD07472,CL0597,P035,Sep 18 2023,2,1592.07,livre,tanger,Carte,LIV8,
CMD40121,CL0880,P088,Apr 04 2023,1,4079.31,en_cours,TNG,Carte,LIV10,
CMD48244,CL0011,P036,27/11/2023,2,3906.84,LIVRE,casa,Carte,LIV3,2023-12-02
CMD19701,CL0635,P086,24/01/2024,3,651.49,livré,tanger,Carte,LIV3,2024-01-26
CMD41799,CL0576,P006,2023-03-14,1,956.44,livré,RBA,Carte,LIV8,2023-03-19
CMD29941,CL0853,P066,2023-05-27,1,3407.18,KO,marrakech,Carte,LIV7,
CMD12105,CL0274,P005,Dec 05 2023,5,374.67,OK,Agadir,Carte,LIV1,
CMD05912,CL0526,P072,Dec 15 2023,4,3294.53,en_cours,Tnja,Carte,LIV4,
CMD35289,CL0799,P091,Nov 26 2023,1,1360.18,DONE,CASABLANCA,Carte,LIV8,2023-11-28
CMD46828,CL0594,P021,Mar 11 2024,1,2832.21,DONE,RBA,Carte,LIV7,2024-03-15
CMD28033,CL0989,P060,Jan 03 2024,3,3362.62,en_cours,TNG,Carte,LIV8,
CMD26999,CL0279,P033,26/11/2023,4,144.23,annulé,Tnja,Carte,LIV6,
CMD36044,CL0977,P096,2023-11-25,2,3489.71,livre,casa,Carte,LIV1,
CMD41402,CL0146,P042,Jan 17 2024,5,0,livre,kech,Carte,LIV4,
CMD13963,CL0692,P008,2024-03-28,1,3459.13,retourné,CASABLANCA,Carte,LIV9,2024-04-02
CMD09967,CL0590,P041,11/05/2023,2,1125.35,retourné,TANGER,Carte,LIV2,2023-05-16
CMD40208,CL0823,P020,21/07/2023,5,4794.75,livre,Agadir,Carte,LIV4,
CMD10675,CL0738,P039,Mar 31 2024,1,1747.84,livré,kech,Carte,LIV6,2024-04-01
CMD34973,CL0500,P020,2024-02-16,2,1875.15,en_cours,Tnja,Carte,LIV5,
CMD42868,CL0334,P051,2023-06-08,3,2649.86,retourné,Agadir,Carte,LIV7,2023-06-11
CMD08620,CL0710,P087,Jan 14 2023,4,1456.12,livre,marrakech,Carte,LIV9,
CMD47679,CL0624,P047,Feb 27 2024,1,4021.15,retourné,Tnja,Carte,LIV5,2024-03-01
CMD25064,CL0321,P055,Jul 04 2023,4,423.22,OK,Agadir,Carte,LIV3,
CMD02978,CL0843,P029,13/12/2023,5,1944.39,livré,RBA,Carte,LIV5,2023-12-14
CMD22509,CL0894,P027,15/04/2023,2,3010.85,en_cours,tanger,Carte,LIV2,
CMD34055,CL0507,P089,Apr 23 2024,4,2747.53,livré,TANGER,Carte,LIV8,2024-04-26
CMD22398,CL0850,P095,Mar 23 2023,3,4376.5,livré,kech,Carte,,2023-03-28
CMD21149,CL0603,P054,2023-09-26,5,431.66,livré,Agadir,Carte,,2023-09-30
CMD02253,CL0762,P056,Nov 30 2023,2,4443.27,OK,tanger,Carte,,
CMD15928,CL0190,P021,Aug 31 2023,4,4976.0,OK,Agadir,Carte,LIV8,
CMD40988,CL0204,P087,21/03/2023,4,3549.46,KO,casa,Carte,LIV7,
CMD38549,CL0308,P099,Jan 21 2024,3,78.39,OK,marrakech,Carte,LIV8,
CMD27059,CL0205,P049,2024-03-13,3,1577.76,KO,marrakech,Carte,LIV5,
CMD34165,CL0353,P069,21/07/2023,1,4204.37,retourné,marrakech,Carte,LIV4,2023-07-25
CMD23078,CL0426,P064,Jun 21 2023,1,3807.25,DONE,TNG,Carte,LIV3,2023-06-23
CMD38369,CL0686,P019,10/04/2024,1,268.43,livré,Agadir,Carte,LIV6,2024-04-13
CMD09611,CL0958,P003,May 07 2023,3,4946.26,LIVRE,TANGER,Carte,LIV2,2023-05-11
CMD03681,CL0542,P100,2023-02-18,1,4877.31,livré,casa,Carte,LIV3,2023-02-20
CMD38022,CL0997,P007,11/09/2023,-1,3370.61,livre,TNG,Carte,LIV6,
CMD35965,CL0048,P085,23/05/2023,1,1391.7,en_cours,RBA,Carte,LIV9,
CMD00601,CL0540,P010,31/08/2023,4,1856.27,livré,CASABLANCA,Carte,LIV1,2023-09-04
CMD29561,CL0213,P028,28/05/2023,4,3362.77,livré,CASABLANCA,Carte,LIV7,2023-05-29
CMD14823,CL0120,P012,14/08/2023,1,3947.9,livre,TNG,Carte,LIV4,
CMD12919,CL0695,P070,05/11/2023,2,285.33,OK,casa,Carte,LIV2,
CMD13999,CL0711,P014,28/03/2023,2,642.64,livre,marrakech,Carte,LIV8,
CMD14813,CL0006,P001,May 02 2023,2,1864.73,LIVRE,CASABLANCA,Carte,LIV7,2023-05-07
CMD05202,CL0274,P051,07/01/2024,5,3131.95,annulé,Agadir,Carte,LIV10,
CMD40133,CL0595,P057,Sep 24 2023,2,2239.81,LIVRE,Tnja,Carte,LIV6,2023-09-26
CMD11903,CL0830,P004,10/07/2023,4,4850.88,annulé,kech,Carte,LIV5,
CMD31936,CL0126,P087,07/01/2024,5,4180.63,OK,kech,Carte,LIV9,
CMD09990,CL0128,P059,May 24 2023,1,913.87,livré,marrakech,Carte,LIV3,2023-05-26
CMD03234,CL0156,P029,Sep 20 2023,1,287.05,OK,Tnja,Carte,LIV9,
CMD26544,CL0390,P090,2023-03-25,4,1544.3,OK,kech,Carte,LIV10,
CMD09722,CL0184,P007,13/01/2023,3,3269.84,LIVRE,Tnja,Carte,LIV3,2023-01-15
CMD36374,CL0261,P058,Sep 13 2023,1,3422.48,livré,CASABLANCA,Carte,LIV4,2023-09-15
CMD39533,CL0023,P078,Aug 05 2023,5,2694.02,KO,casa,Carte,LIV6,
CMD27492,CL0143,P095,08/03/2023,3,430.48,annulé,Tnja,Carte,LIV9,
CMD45442,CL0022,P034,2023-06-07,4,2097.32,en_cours,CASABLANCA,Carte,LIV7,
CMD43062,CL0136,P057,09/03/2024,1,521.41,annulé,RBA,Carte,LIV8,
CMD24003,CL0819,P039,Mar 23 2023,3,4875.16,retourné,TANGER,Carte,LIV5,2023-03-27
CMD21516,CL0596,P033,2023-12-06,2,4744.23,DONE,Agadir,Carte,LIV5,2023-12-10
CMD02514,CL0764,P048,Feb 21 2023,5,4191.54,livré,tanger,Carte,LIV6,2023-02-26
CMD13495,CL0909,P005,2023-09-05,3,2678.41,en_cours,marrakech,Carte,LIV5,
CMD05907,CL0975,P012,Jul 11 2023,1,4024.89,en_cours,marrakech,Carte,LIV5,
CMD44624,CL0102,P049,11/02/2023,1,4931.58,annulé,marrakech,Carte,LIV3,
CMD08783,CL0236,P006,Aug 11 2023,1,396.74,livré,TNG,Carte,LIV1,2023-08-15
CMD16369,CL0314,P073,11/05/2024,-1,3667.56,retourné,Agadir,Carte,LIV4,2024-05-15
CMD40716,CL0480,P011,2024-03-27,3,2591.01,livré,casa,Carte,LIV2,2024-04-01
CMD04358,CL0796,P032,10/06/2023,2,4476.14,livré,CASABLANCA,Carte,LIV8,2023-06-13
CMD16163,CL0704,P073,Jun 14 2023,3,3484.78,KO,TNG,Carte,LIV7,
CMD31682,CL0115,P071,Mar 30 2024,1,4622.96,KO,casa,Carte,LIV7,
CMD44742,CL0092,P067,Dec 21 2023,5,327.17,livré,kech,Carte,,2023-12-26
CMD06588,CL0354,P071,Feb 19 2024,3,1037.09,retourné,TANGER,Carte,LIV1,2024-02-20
CMD17527,CL0465,P048,2023-02-07,3,1583.49,DONE,CASABLANCA,Carte,,2023-02-08
CMD36972,CL0279,P034,Apr 20 2024,4,4988.39,KO,Agadir,Carte,LIV8,
CMD27902,CL0632,P011,2023-08-25,1,202.85,annulé,tanger,Carte,LIV4,
CMD20239,CL0899,P063,Sep 29 2023,5,1351.55,LIVRE,CASABLANCA,Carte,,2023-10-03
CMD12923,CL0566,P018,20/12/2023,5,1303.2,annulé,RBA,Carte,LIV3,
CMD24138,CL0468,P071,2023-01-26,3,3250.22,DONE,tanger,Carte,LIV6,2023-01-30
CMD25215,CL0695,P066,29/02/2024,4,215.22,DONE,RBA,Carte,LIV5,2024-03-02
CMD41538,CL0883,P051,Aug 09 2023,1,1289.63,livré,Agadir,Carte,LIV10,2023-08-13
CMD12795,CL0537,P056,2024-01-28,-1,4579.56,livré,TNG,Carte,LIV3,2024-02-01
CMD19541,CL0571,P008,2023-04-30,4,2496.64,KO,kech,Carte,LIV2,
CMD08676,CL0778,P099,24/06/2023,3,3156.62,livré,CASABLANCA,Carte,LIV8,2023-06-25
CMD39027,CL0646,P041,2024-05-12,2,3245.65,en_cours,RBA,Carte,LIV10,
CMD00498,CL0311,P079,2024-01-05,1,2175.06,livré,RBA,Carte,LIV4,2024-01-09
CMD10242,CL0118,P017,Jun 21 2023,3,4889.73,KO,TANGER,Carte,LIV6,
CMD39900,CL0082,P079,Feb 19 2024,1,4070.54,LIVRE,TANGER,Carte,LIV10,2024-02-23
CMD01414,CL0176,P035,17/11/2023,4,4454.39,LIVRE,RBA,Carte,LIV2,2023-11-20
CMD27626,CL0038,P069,Dec 25 2023,5,1106.18,retourné,RBA,Carte,LIV7,2023-12-27
CMD23946,CL0508,P040,Sep 28 2023,1,2164.63,KO,casa,Carte,LIV9,
CMD21652,CL0421,P004,20/03/2023,5,718.92,livré,Tnja,Carte,LIV7,2023-03-25
CMD20032,CL0220,P036,Apr 15 2023,4,4226.86,LIVRE,marrakech,Carte,LIV3,2023-04-19
CMD30488,CL0784,P071,2024-05-09,1,244.09,livre,TNG,Carte,LIV5,
CMD31650,CL0427,P014,Feb 24 2023,2,4884.46,OK,TNG,Carte,LIV8,
CMD07065,CL0471,P076,Jan 15 2023,5,2662.52,OK,Agadir,Carte,LIV9,
CMD31185,CL0373,P097,Aug 15 2023,4,379.52,KO,Agadir,Carte,LIV4,
CMD09362,CL0256,P030,Jul 12 2023,3,1110.72,livré,Tnja,Carte,LIV4,2023-07-17
CMD21255,CL0038,P023,12/03/2024,1,2063.92,en_cours,Tnja,Carte,LIV6,
CMD39890,CL0921,P079,2023-02-25,2,4777.03,livré,TNG,Carte,LIV5,2023-03-02
CMD40835,CL0246,P061,2024-03-29,4,3448.54,DONE,Tnja,Carte,LIV10,2024-04-02
CMD12578,CL0341,P029,2023-08-31,2,254.96,KO,TANGER,Carte,LIV10,
CMD48243,CL0177,P045,25/01/2024,1,1112.22,DONE,TANGER,Carte,LIV3,2024-01-26
CMD22027,CL0317,P082,2023-11-20,2,3890.51,livré,Tnja,Carte,LIV4,2023-11-22
CMD27179,CL0833,P053,2024-02-28,2,1644.06,OK,casa,Carte,LIV6,
CMD26171,CL0979,P010,21/09/2023,5,3476.98,livre,RBA,Carte,LIV1,
CMD36720,CL0928,P009,09/04/2024,2,4686.92,annulé,TNG,Carte,LIV4,
CMD12275,CL0858,P078,22/03/2024,5,4128.45,KO,TANGER,Carte,LIV4,
CMD01462,CL0564,P081,Jul 30 2023,3,146.85,annulé,Agadir,Carte,LIV4,
CMD42362,CL0992,P031,2023-05-03,5,3363.25,KO,Agadir,Carte,LIV6,
CMD07157,CL0584,P096,30/04/2024,1,2195.3,retourné,marrakech,Carte,LIV3,2024-05-03
CMD07485,CL0055,P071,Oct 05 2023,3,3596.37,retourné,tanger,Carte,LIV3,2023-10-08
CMD40513,CL0184,P100,Dec 06 2023,1,2525.96,LIVRE,marrakech,Carte,LIV2,2023-12-11
CMD12309,CL0618,P001,06/06/2023,5,3690.29,en_cours,casa,Carte,LIV8,
CMD38450,CL0643,P015,2023-04-10,2,485.65,OK,CASABLANCA,Carte,,
CMD36776,CL0599,P098,2024-02-03,5,671.75,livré,kech,Carte,LIV5,2024-02-05
CMD43129,CL0654,P078,03/12/2023,5,442.32,livre,RBA,Carte,LIV7,
CMD28599,CL0579,P067,May 16 2023,2,2446.24,livré,casa,Carte,LIV8,2023-05-21
CMD02248,CL0260,P013,06/08/2023,5,571.69,DONE,marrakech,Carte,LIV2,2023-08-07
CMD41837,CL0073,P087,17/06/2023,5,4895.63,retourné,kech,Carte,LIV4,2023-06-22
CMD29801,CL0354,P100,2023-05-13,1,2316.33,livre,kech,Carte,LIV9,
CMD00147,CL0382,P035,Feb 18 2023,3,3199.59,en_cours,casa,Carte,LIV1,
CMD10655,CL0693,P091,17/12/2023,4,4037.53,livré,Tnja,Carte,LIV6,2023-12-19
CMD26552,CL0195,P002,2023-02-24,4,1189.58,livre,TANGER,Carte,LIV10,
CMD19038,CL0605,P020,2023-07-15,1,3679.79,livré,Tnja,Carte,LIV6,2023-07-19
CMD48434,CL0552,P084,05/04/2023,2,3587.52,KO,casa,Carte,LIV2,
CMD04935,CL0188,P032,14/05/2024,2,1511.43,annulé,kech,Carte,LIV9,
CMD23088,CL0212,P026,04/12/2023,5,3867.46,KO,casa,Carte,LIV5,
CMD38453,CL0493,P080,Mar 14 2024,3,2077.77,livre,kech,Carte,LIV2,
CMD40535,CL0352,P072,2024-01-08,5,3778.05,LIVRE,TANGER,Carte,LIV9,2024-01-11
CMD35520,CL0067,P063,2023-09-20,3,4950.44,DONE,kech,Carte,LIV2,2023-09-21
CMD09963,CL0179,P071,17/03/2023,4,3528.77,livré,Agadir,Carte,LIV3,2023-03-21
CMD20302,CL0253,P095,May 16 2023,4,1143.77,LIVRE,Agadir,Carte,LIV4,2023-05-18
CMD09519,CL0242,P100,Jun 18 2023,2,559.01,livré,marrakech,Carte,LIV1,2023-06-23
CMD28945,CL0714,P080,2023-06-18,2,4947.7,DONE,marrakech,Carte,LIV1,2023-06-19
CMD11785,CL0297,P095,2023-03-23,2,2500.15,annulé,TNG,Carte,LIV7,
CMD41364,CL0235,P072,Apr 14 2023,3,3833.18,livré,kech,Carte,LIV5,2023-04-17
CMD12907,CL0205,P046,2023-05-19,5,4051.99,livré,Agadir,Carte,LIV3,2023-05-20
CMD33705,CL0495,P049,Apr 06 2024,2,3360.5,LIVRE,RBA,Carte,LIV1,2024-04-10
CMD05137,CL0509,P061,Feb 05 2023,2,4393.64,livré,Agadir,Carte,LIV3,2023-02-08
CMD01359,CL0617,P041,04/08/2023,5,2445.99,livré,marrakech,Carte,LIV10,2023-08-06
CMD24153,CL0269,P049,2023-12-20,5,1145.36,livre,CASABLANCA,Carte,LIV7,
CMD09788,CL0927,P009,2023-08-15,5,3115.24,KO,kech,Carte,LIV5,
CMD03013,CL0181,P061,2024-03-14,1,4532.18,DONE,tanger,Carte,LIV9,2024-03-15
CMD02831,CL0391,P082,2023-11-17,4,3972.7,livré,marrakech,Carte,LIV2,2023-11-22
CMD11626,CL0944,P095,2023-02-11,3,2819.72,OK,CASABLANCA,Carte,LIV10,
CMD12538,CL0044,P021,Oct 08 2023,3,1052.47,livré,TNG,Carte,LIV3,2023-10-10
CMD08681,CL0086,P034,2023-06-21,3,1699.57,retourné,marrakech,Carte,LIV3,2023-06-24
CMD16970,CL0740,P015,04/09/2023,4,3546.12,LIVRE,kech,Carte,LIV8,2023-09-06
CMD29553,CL0977,P009,18/02/2024,2,2694.89,KO,marrakech,Carte,LIV4,
CMD37048,CL0497,P072,2024-05-14,3,2565.64,livre,tanger,Carte,LIV10,
CMD42541,CL0473,P007,2023-05-03,5,3460.12,DONE,TANGER,Carte,LIV4,2023-05-04
CMD25447,CL0159,P095,2024-03-15,3,1048.53,retourné,kech,Carte,LIV5,2024-03-16
CMD17468,CL0084,P048,13/11/2023,2,4595.82,livré,CASABLANCA,Carte,LIV1,2023-11-14
CMD30847,CL0349,P019,Sep 01 2023,3,4690.6,KO,tanger,Carte,LIV10,
CMD35040,CL0448,P048,07/03/2023,2,4154.93,retourné,Tnja,Carte,LIV3,2023-03-12
CMD16861,CL0107,P040,2023-10-21,3,2925.4,KO,casa,Carte,LIV8,
CMD43042,CL0774,P037,2023-07-19,3,2186.62,retourné,marrakech,Carte,LIV1,2023-07-20
CMD41121,CL0153,P045,2024-01-26,5,2210.84,LIVRE,casa,Carte,LIV1,2024-01-31
CMD23086,CL0181,P020,13/11/2023,3,2980.2,livré,kech,Carte,LIV5,2023-11-14
CMD14968,CL0014,P031,Mar 15 2024,5,138.4,DONE,kech,Carte,,2024-03-17
CMD04990,CL0587,P044,Nov 03 2023,2,2596.41,annulé,tanger,Carte,LIV5,
CMD29036,CL0594,P088,2024-04-20,1,4474.61,en_cours,casa,Carte,LIV10,
CMD45161,CL0030,P095,2023-11-12,5,3833.5,livré,RBA,Carte,LIV1,2023-11-13
CMD46285,CL0403,P062,28/08/2023,5,4637.56,KO,marrakech,Carte,LIV7,
CMD39002,CL0097,P072,22/07/2023,4,3545.41,livré,RBA,Carte,LIV9,2023-07-23
CMD35000,CL0875,P021,Nov 25 2023,1,3746.54,annulé,marrakech,Carte,LIV7,
CMD07266,CL0486,P041,20/01/2024,2,4146.25,annulé,Agadir,Carte,LIV4,
CMD46023,CL0510,P094,2023-11-11,5,3358.98,livre,TANGER,Carte,LIV4,
CMD09215,CL0422,P053,29/12/2023,2,292.79,OK,RBA,Carte,LIV2,
CMD38375,CL0639,P058,2024-02-06,1,4691.17,livré,marrakech,Carte,LIV4,2024-02-09
CMD32579,CL0580,P026,2024-02-23,4,4615.9,en_cours,TANGER,Carte,LIV6,
CMD24613,CL0438,P003,19/05/2023,5,156.62,annulé,RBA,Carte,LIV10,
CMD31454,CL0854,P054,Apr 21 2024,2,251.67,DONE,RBA,Carte,LIV3,2024-04-24
CMD04209,CL0350,P053,Dec 14 2023,3,2017.78,livré,RBA,Carte,LIV6,2023-12-18
CMD42056,CL0154,P051,Feb 22 2023,5,2798.25,DONE,TANGER,Carte,LIV2,2023-02-24
CMD19688,CL0890,P043,Jan 05 2024,2,2190.85,en_cours,RBA,Carte,LIV7,
CMD15157,CL0104,P014,12/06/2023,4,386.44,livré,TANGER,Carte,LIV8,2023-06-13
CMD32497,CL0983,P095,21/03/2024,3,4406.88,retourné,tanger,Carte,LIV10,2024-03-25
CMD35893,CL0570,P043,2024-02-12,4,1677.58,livré,marrakech,Carte,LIV7,2024-02-14
CMD10805,CL0766,P016,15/05/2024,3,4569.78,livré,TNG,Carte,LIV9,2024-05-18
CMD41569,CL0412,P059,27/09/2023,4,4365.02,retourné,CASABLANCA,Carte,LIV6,2023-10-01
CMD47002,CL0960,P032,04/02/2024,4,3847.4,livré,marrakech,Carte,LIV7,2024-02-08
CMD23715,CL0406,P071,Mar 02 2023,1,1592.81,livre,TNG,Carte,LIV7,
CMD06035,CL0534,P067,2023-12-02,5,1180.83,OK,tanger,Carte,LIV7,
CMD10011,CL0796,P037,19/02/2024,4,1058.99,livre,TANGER,Carte,LIV7,
CMD36321,CL0121,P091,2023-05-21,2,1151.34,annulé,tanger,Carte,LIV10,
CMD01632,CL0352,P061,2023-10-22,2,803.06,retourné,RBA,Carte,LIV5,2023-10-23
CMD28376,CL0346,P001,2023-01-17,3,1244.06,annulé,CASABLANCA,Carte,LIV8,
CMD25557,CL0682,P075,17/03/2024,1,1335.34,livre,RBA,Carte,LIV8,
CMD06672,CL0163,P089,08/11/2023,5,3285.23,en_cours,Tnja,Carte,LIV6,
CMD38778,CL0030,P078,2023-08-06,4,1662.82,annulé,tanger,Carte,LIV3,
CMD39494,CL0332,P085,May 09 2023,1,3185.74,livré,Agadir,Carte,LIV5,2023-05-11
CMD34045,CL0451,P092,2023-03-19,5,3110.55,livré,TNG,Carte,LIV1,2023-03-23
CMD34373,CL0834,P055,2023-07-07,4,3792.25,OK,TNG,Carte,LIV5,
CMD00453,CL0180,P061,2024-04-21,3,259.5,livré,TNG,Carte,LIV10,2024-04-23
CMD43083,CL0289,P061,28/12/2023,4,3925.18,livré,marrakech,Carte,LIV6,2023-12-29
CMD14248,CL0975,P030,2023-05-19,2,3527.46,livre,marrakech,Carte,LIV9,
CMD17909,CL0115,P076,07/11/2023,2,1224.53,annulé,RBA,Carte,LIV8,
CMD34193,CL0292,P009,2023-11-23,2,1597.91,en_cours,TANGER,Carte,LIV3,
CMD38653,CL0774,P076,Dec 30 2023,5,192.12,DONE,marrakech,Carte,LIV9,2023-12-31
CMD40688,CL0018,P022,30/01/2024,3,2704.28,livré,Tnja,Carte,LIV8,2024-02-01
CMD14341,CL0531,P041,22/01/2023,3,1471.54,livré,TNG,Carte,LIV7,2023-01-23
CMD35596,CL0427,P085,Jul 13 2023,2,4621.91,retourné,Agadir,Carte,LIV4,2023-07-14
CMD25769,CL0994,P043,Oct 13 2023,3,2748.33,annulé,TANGER,Carte,LIV4,
CMD35192,CL0129,P014,2023-05-06,1,1946.41,LIVRE,marrakech,Carte,LIV9,2023-05-09
CMD02959,CL0714,P024,May 29 2023,3,838.67,LIVRE,RBA,Carte,LIV9,2023-06-01
CMD25240,CL0740,P080,Feb 17 2023,2,4133.84,retourné,kech,Carte,LIV9,2023-02-18
CMD23822,CL0227,P058,2023-12-23,1,433.52,annulé,RBA,Carte,LIV7,
CMD35974,CL0611,P070,26/10/2023,4,245.26,livré,tanger,Carte,LIV10,2023-10-30
CMD47997,CL0524,P075,Oct 16 2023,2,285.25,retourné,RBA,Carte,LIV7,2023-10-21
CMD05959,CL0744,P090,Jun 08 2023,4,1669.87,livré,Agadir,Carte,LIV3,2023-06-10
CMD19987,CL0117,P070,09/02/2023,1,141.72,annulé,Agadir,Carte,LIV6,
CMD12153,CL0583,P071,2023-03-30,5,2331.71,en_cours,CASABLANCA,Carte,LIV1,
CMD00195,CL0548,P021,2023-01-23,2,410.41,livré,CASABLANCA,Carte,LIV3,2023-01-25
CMD48108,CL0548,P069,2023-12-23,5,4228.95,DONE,casa,Carte,LIV9,2023-12-25
CMD22232,CL0861,P072,2023-03-14,3,284.63,OK,casa,Carte,LIV6,
CMD08162,CL0323,P047,Jan 29 2023,2,93.85,livre,Agadir,Carte,LIV10,
CMD24111,CL0532,P027,2023-03-25,5,1905.23,livre,tanger,Carte,,
CMD15927,CL0690,P043,24/03/2024,2,2094.95,DONE,Tnja,Carte,LIV9,2024-03-26
CMD13183,CL0681,P098,04/01/2023,5,4503.64,DONE,marrakech,Carte,LIV8,2023-01-06
CMD44592,CL0977,P091,2024-01-22,2,536.71,livré,tanger,Carte,LIV9,2024-01-26
CMD29931,CL0375,P064,Feb 04 2023,1,2570.71,livré,RBA,Carte,LIV2,2023-02-07
CMD09014,CL0197,P015,13/07/2023,1,454.13,DONE,TNG,Carte,LIV6,2023-07-15
CMD03571,CL0601,P065,Jun 17 2023,5,4293.21,annulé,casa,Carte,LIV7,
CMD01011,CL0582,P030,2023-04-11,1,452.4,OK,TNG,Carte,LIV8,
CMD46290,CL0432,P013,07/12/2023,1,4616.36,DONE,TANGER,Carte,LIV1,2023-12-10
CMD05014,CL0211,P089,21/03/2024,2,3043.97,LIVRE,TANGER,Carte,LIV2,2024-03-23
CMD04957,CL0691,P039,Mar 24 2023,2,1516.46,DONE,CASABLANCA,Carte,LIV4,2023-03-26
CMD23594,CL0697,P070,Jan 31 2024,2,497.05,livré,TNG,Carte,LIV6,2024-02-05
CMD04580,CL0116,P043,Jan 09 2024,2,1808.94,annulé,CASABLANCA,Carte,LIV5,
CMD43302,CL0009,P061,2023-04-04,1,2551.47,KO,Tnja,Carte,LIV2,
CMD21970,CL0259,P054,06/10/2023,2,3584.12,livré,kech,Carte,LIV1,2023-10-07
CMD40467,CL0134,P049,08/06/2023,1,3882.6,livre,TANGER,Carte,LIV8,
CMD06078,CL0255,P020,05/02/2023,3,4362.83,livre,RBA,Carte,LIV2,
CMD47041,CL0490,P051,Nov 01 2023,5,550.92,livré,kech,Carte,LIV8,2023-11-04
CMD46077,CL0627,P035,16/12/2023,3,4790.37,livre,Tnja,Carte,LIV4,
CMD39157,CL0522,P098,27/03/2023,4,377.19,DONE,TANGER,Carte,LIV6,2023-03-31
CMD19261,CL0614,P069,03/04/2024,2,1465.17,KO,Tnja,Carte,LIV9,
CMD15711,CL0685,P014,11/03/2024,4,1728.13,DONE,kech,Carte,LIV9,2024-03-15
CMD14315,CL0957,P094,09/01/2023,1,3214.72,retourné,marrakech,Carte,LIV5,2023-01-13
CMD21442,CL0408,P046,Feb 12 2024,3,204.01,en_cours,RBA,Carte,LIV9,
CMD41190,CL0962,P098,2024-01-30,1,4268.6,livré,kech,Carte,LIV6,2024-02-01
CMD37058,CL0639,P043,2023-03-15,1,2018.91,LIVRE,TANGER,Carte,,2023-03-19
CMD32263,CL0738,P005,23/01/2023,5,3779.89,OK,Tnja,Carte,LIV1,
CMD41627,CL0943,P061,13/11/2023,2,4132.25,annulé,casa,Carte,LIV5,
CMD39987,CL0644,P015,Aug 12 2023,3,0,livré,TANGER,Carte,,2023-08-16
CMD11475,CL0492,P042,Oct 08 2023,4,4961.18,retourné,TANGER,Carte,LIV8,2023-10-09
CMD18562,CL0691,P070,Apr 20 2024,4,1229.12,livré,TANGER,Carte,LIV4,2024-04-24
CMD07718,CL0722,P064,25/01/2023,3,408.12,en_cours,tanger,Carte,LIV7,
CMD01950,CL0219,P023,12/02/2023,5,451.05,DONE,Agadir,Carte,LIV5,2023-02-14
CMD01293,CL0339,P013,13/02/2024,3,4153.88,retourné,RBA,Carte,,2024-02-17
CMD26655,CL0136,P052,2023-02-03,4,2221.92,en_cours,casa,Carte,,
CMD12379,CL0320,P009,11/03/2024,5,438.37,OK,casa,Carte,LIV1,
CMD04272,CL0002,P053,29/04/2023,3,596.83,en_cours,casa,Carte,,
CMD37814,CL0926,P100,Mar 15 2023,1,131.69,DONE,casa,Carte,LIV10,2023-03-16
CMD10610,CL0902,P093,Nov 11 2023,2,4950.35,KO,tanger,Carte,LIV4,
CMD42400,CL0413,P035,2023-07-10,5,2373.5,DONE,marrakech,Carte,LIV1,2023-07-11
CMD36697,CL0431,P048,Mar 14 2024,4,3168.95,livré,TANGER,Carte,LIV10,2024-03-19
CMD35813,CL0573,P012,2023-09-25,4,1754.62,livre,Tnja,Carte,LIV5,
CMD17788,CL0101,P007,Feb 22 2023,3,3209.71,en_cours,casa,Carte,LIV2,
CMD03312,CL0702,P045,Apr 05 2024,5,1359.07,KO,kech,Carte,LIV9,
CMD01457,CL0101,P092,Oct 14 2023,3,1023.85,livré,casa,Carte,LIV5,2023-10-15
CMD09139,CL0501,P072,29/08/2023,3,3996.18,livré,CASABLANCA,Carte,LIV9,2023-09-01
CMD31450,CL0601,P093,2023-09-09,1,165.97,livré,CASABLANCA,Carte,LIV2,2023-09-12
CMD00048,CL0403,P008,22/02/2023,2,245.94,DONE,Agadir,Carte,LIV3,2023-02-27
CMD44774,CL0848,P019,2023-10-18,1,3591.64,annulé,tanger,Carte,LIV5,
CMD45606,CL0645,P048,2023-04-14,4,3730.43,retourné,CASABLANCA,Carte,LIV7,2023-04-15
CMD16755,CL0830,P007,2024-04-28,5,272.93,annulé,CASABLANCA,Carte,LIV2,
CMD38361,CL0135,P078,2024-04-23,3,287.34,livre,RBA,Carte,LIV6,
CMD02516,CL0590,P002,2024-01-25,2,261.76,livré,tanger,Carte,LIV6,2024-01-29
CMD07840,CL0114,P019,23/07/2023,3,2122.58,livré,tanger,Carte,LIV10,2023-07-27
CMD07260,CL0567,P083,02/05/2024,4,818.59,livre,CASABLANCA,Carte,LIV10,
CMD29991,CL0390,P091,21/01/2023,2,440.88,KO,TANGER,Carte,LIV9,
CMD32221,CL0283,P027,03/04/2023,1,3707.17,en_cours,RBA,Carte,LIV5,
CMD01150,CL0706,P008,Jun 28 2023,2,65.65,OK,RBA,Carte,LIV4,
CMD23494,CL0382,P047,2023-12-18,1,129.73,OK,Agadir,Carte,LIV4,
CMD31640,CL0076,P075,25/09/2023,2,1103.19,annulé,RBA,Carte,LIV8,
CMD37668,CL0111,P068,2023-05-29,4,996.93,livre,TANGER,Carte,LIV2,
CMD28651,CL0430,P022,2023-10-05,3,1756.24,DONE,Agadir,Carte,LIV2,2023-10-07
CMD44339,CL0264,P036,10/05/2023,5,4149.23,KO,TANGER,Carte,LIV8,
CMD07798,CL0327,P070,23/11/2023,3,1928.34,livré,TANGER,Carte,LIV8,2023-11-28
CMD33333,CL0617,P089,Jul 14 2023,3,1524.17,livre,RBA,Carte,LIV2,
CMD10521,CL0804,P003,13/06/2023,5,3564.62,livré,tanger,Carte,LIV9,2023-06-14
CMD08792,CL0434,P081,22/03/2023,2,4481.69,livré,casa,Carte,LIV6,2023-03-25
CMD33852,CL0117,P014,2024-01-11,3,131.87,LIVRE,marrakech,Carte,LIV8,2024-01-13
CMD17377,CL0560,P002,15/08/2023,5,0,OK,RBA,Carte,LIV8,
CMD42827,CL0625,P020,19/04/2023,1,146.08,KO,RBA,Carte,LIV4,
CMD27797,CL0996,P046,11/08/2023,2,4335.07,annulé,kech,Carte,LIV5,
CMD38583,CL0711,P093,2023-12-16,3,1232.31,en_cours,RBA,Carte,LIV2,
CMD37712,CL0648,P006,May 23 2023,1,2921.2,livre,Agadir,Carte,LIV5,
CMD46125,CL0565,P036,06/01/2023,1,4777.45,KO,CASABLANCA,Carte,LIV8,
CMD04636,CL0890,P065,21/08/2023,2,4418.16,livré,RBA,Carte,LIV3,2023-08-23
CMD08339,CL0573,P082,11/05/2023,2,1020.93,livré,Tnja,Carte,LIV5,2023-05-13
CMD21862,CL0453,P078,Dec 13 2023,1,3707.08,livre,RBA,Carte,LIV1,
CMD45979,CL0428,P042,Feb 19 2023,3,3637.86,livré,CASABLANCA,Carte,LIV3,2023-02-21
CMD41357,CL0987,P038,27/08/2023,1,4166.5,annulé,marrakech,Carte,LIV6,
CMD17613,CL0045,P046,May 10 2024,5,3021.0,en_cours,casa,Carte,,
CMD14262,CL0355,P052,2023-01-11,3,3509.55,OK,Tnja,Carte,LIV1,
CMD29197,CL0181,P016,05/11/2023,2,3075.63,en_cours,marrakech,Carte,LIV9,
CMD45391,CL0725,P100,20/03/2024,4,4002.46,livré,TNG,Carte,LIV8,2024-03-24
CMD24853,CL0962,P034,2023-02-06,3,2544.23,KO,RBA,Carte,LIV5,
CMD27851,CL0563,P051,May 01 2023,5,2165.97,LIVRE,TNG,Carte,LIV3,2023-05-06
CMD10892,CL0993,P066,2023-09-14,5,4797.54,DONE,Tnja,Carte,LIV9,2023-09-16
CMD38353,CL0020,P010,13/08/2023,1,1969.43,annulé,Agadir,Carte,LIV2,
CMD42146,CL0964,P051,May 16 2023,3,1350.59,livre,Agadir,Carte,LIV1,
CMD43121,CL0740,P006,2023-03-15,-1,2666.38,DONE,marrakech,Carte,LIV8,2023-03-19
CMD41410,CL0988,P027,03/12/2023,1,2357.52,OK,casa,Carte,LIV6,
CMD43483,CL0818,P100,2023-03-17,3,4907.4,livré,Agadir,Carte,LIV6,2023-03-20
CMD36005,CL0244,P019,17/08/2023,2,577.03,livre,marrakech,Carte,,
CMD29373,CL0101,P073,2023-11-02,4,3221.9,retourné,CASABLANCA,Carte,LIV10,2023-11-05
CMD16157,CL0978,P080,15/04/2024,1,1636.84,KO,casa,Carte,LIV1,
CMD37511,CL0687,P086,Feb 12 2023,2,1814.75,annulé,kech,Carte,LIV9,
CMD29269,CL0696,P065,04/02/2023,1,1524.98,DONE,TANGER,Carte,LIV8,2023-02-09
CMD08878,CL0205,P019,2023-11-25,3,3568.97,livre,TANGER,Carte,LIV4,
CMD10740,CL0217,P002,2023-06-30,4,4159.85,LIVRE,TANGER,Carte,LIV7,2023-07-05
CMD08626,CL0391,P056,Feb 17 2023,5,1502.83,LIVRE,casa,Carte,LIV5,2023-02-18
CMD02852,CL0114,P013,2023-12-12,4,2915.46,KO,marrakech,Carte,LIV5,
CMD10549,CL0074,P048,14/10/2023,4,1176.18,annulé,tanger,Carte,LIV2,
CMD34555,CL0742,P079,01/04/2023,3,2424.45,livré,TNG,Carte,LIV10,2023-04-06
CMD13882,CL0548,P035,04/11/2023,3,1628.15,annulé,CASABLANCA,Carte,LIV9,
CMD44978,CL0054,P068,07/11/2023,5,2473.34,annulé,tanger,Carte,LIV7,
CMD29786,CL0657,P028,21/01/2024,-1,489.88,livré,CASABLANCA,Carte,LIV7,2024-01-22
CMD37954,CL0004,P043,2023-11-05,2,97.22,en_cours,casa,Carte,LIV8,
CMD34054,CL0894,P037,2024-02-14,1,803.69,DONE,marrakech,Carte,LIV6,2024-02-16
CMD25932,CL0198,P057,2023-06-30,5,2025.61,retourné,RBA,Carte,LIV3,2023-07-01
CMD07261,CL0067,P031,2023-11-02,1,1160.54,OK,marrakech,Carte,LIV4,
CMD36636,CL0746,P007,2024-03-25,5,0,livre,TANGER,Carte,LIV9,
CMD45793,CL0560,P048,28/04/2023,4,3875.2,livré,TANGER,Carte,LIV5,2023-05-03
CMD13272,CL0535,P066,May 03 2024,5,898.04,KO,CASABLANCA,Carte,LIV6,
CMD11808,CL0675,P055,Apr 18 2023,1,4451.27,LIVRE,CASABLANCA,Carte,LIV5,2023-04-23
CMD36802,CL0943,P022,2023-02-03,3,3671.74,en_cours,RBA,Carte,LIV4,
CMD37364,CL0051,P082,03/01/2023,1,818.85,livré,RBA,Carte,LIV6,2023-01-04
CMD14362,CL0326,P018,2023-11-16,1,4220.8,livre,TANGER,Carte,LIV8,
CMD41244,CL0391,P038,2023-09-18,4,4628.99,en_cours,Tnja,Carte,LIV3,
CMD39881,CL0053,P056,2023-10-17,5,3824.55,livre,Tnja,Carte,LIV9,
CMD21528,CL0348,P011,May 21 2023,5,325.94,annulé,casa,Carte,,
CMD13385,CL0679,P080,11/01/2023,5,1181.54,DONE,kech,Carte,LIV9,2023-01-14
CMD08179,CL0499,P037,2024-03-14,5,4894.2,livré,Tnja,Carte,,2024-03-18
CMD11056,CL0750,P038,13/01/2024,2,1973.39,KO,Tnja,Carte,LIV7,
CMD11999,CL0375,P038,2023-09-26,1,1048.46,KO,kech,Carte,,
CMD30611,CL0053,P052,05/10/2023,2,980.4,retourné,TNG,Carte,LIV1,2023-10-10
CMD45284,CL0561,P072,21/09/2023,2,2893.63,livre,RBA,Carte,LIV8,
CMD20840,CL0173,P049,Nov 19 2023,4,2547.88,retourné,TNG,Carte,LIV10,2023-11-20
CMD30410,CL0373,P070,Oct 21 2023,2,2890.88,livré,casa,Carte,LIV2,2023-10-24
CMD20058,CL0232,P080,2023-05-22,1,3303.77,livré,TNG,Carte,LIV9,2023-05-23
CMD45768,CL0511,P061,30/03/2024,3,3613.73,KO,TNG,Carte,LIV2,
CMD10742,CL0025,P002,Apr 24 2023,2,1629.48,livré,Agadir,Carte,LIV1,2023-04-27
CMD06473,CL0766,P012,Jan 03 2023,2,962.14,KO,CASABLANCA,Carte,,
CMD02697,CL0370,P049,2024-02-13,3,1537.11,KO,TNG,Carte,LIV9,
CMD38723,CL0940,P052,2023-02-17,4,0,DONE,casa,Carte,LIV2,2023-02-21
CMD35803,CL0419,P063,2023-01-23,5,4142.94,KO,Tnja,Carte,LIV9,
CMD31945,CL0075,P019,Aug 05 2023,4,4904.96,LIVRE,tanger,Carte,LIV1,2023-08-06
CMD01222,CL0217,P081,2023-06-30,4,3003.48,OK,Agadir,Carte,LIV9,
CMD05884,CL0928,P001,30/09/2023,5,2395.16,OK,RBA,Carte,,
CMD23446,CL0923,P037,13/08/2023,4,4376.14,KO,RBA,Carte,LIV6,
CMD15439,CL0652,P072,01/03/2023,1,2238.38,livré,casa,Carte,LIV9,2023-03-04
CMD16139,CL0698,P073,2024-04-26,5,389.77,LIVRE,kech,Carte,LIV7,2024-04-27
CMD27817,CL0828,P058,01/03/2023,4,4572.64,livré,TNG,Carte,LIV6,2023-03-05
CMD07100,CL0802,P090,2023-01-14,2,4223.58,livré,TNG,Carte,,2023-01-15
CMD40221,CL0603,P059,Oct 07 2023,1,1594.23,KO,casa,Carte,LIV3,
CMD47052,CL0830,P036,Oct 27 2023,4,3175.37,annulé,marrakech,Carte,LIV5,
CMD07856,CL0203,P072,23/04/2024,-1,4705.76,livré,TNG,Carte,LIV6,2024-04-24
CMD09926,CL0089,P033,2023-07-27,4,2185.61,retourné,casa,Carte,LIV10,2023-07-31
CMD01493,CL0997,P015,18/02/2024,3,228.52,DONE,Agadir,Carte,LIV6,2024-02-20
CMD25095,CL0400,P063,Sep 09 2023,1,275.62,en_cours,marrakech,Carte,LIV7,
CMD31332,CL0912,P023,2023-07-04,2,4682.46,LIVRE,kech,Carte,LIV4,2023-07-08
CMD06185,CL0094,P086,2023-05-24,4,852.6,livré,TANGER,Carte,LIV8,2023-05-29
CMD24730,CL0374,P019,23/01/2023,5,3915.87,livre,TANGER,Carte,,
CMD05325,CL0800,P041,22/03/2023,2,2458.64,KO,CASABLANCA,Carte,LIV7,
CMD37882,CL0449,P027,Jun 09 2023,2,4859.6,livré,RBA,Carte,LIV1,2023-06-10
CMD06403,CL0138,P001,Jul 25 2023,2,1275.12,en_cours,tanger,Carte,LIV10,
CMD11076,CL0263,P093,Jul 03 2023,1,2167.72,retourné,tanger,Carte,LIV4,2023-07-07
CMD19584,CL0372,P019,2023-07-13,1,1897.11,DONE,CASABLANCA,Carte,LIV2,2023-07-16
CMD12549,CL0159,P029,28/04/2023,1,3662.38,livre,Tnja,Carte,LIV7,
CMD35776,CL0516,P031,2024-04-28,3,3465.64,OK,kech,Carte,LIV7,
CMD03843,CL0312,P001,31/03/2023,2,4211.13,LIVRE,TNG,Carte,LIV10,2023-04-02
CMD32709,CL0536,P013,08/01/2024,2,172.39,KO,Tnja,Carte,,
CMD11712,CL0294,P035,Apr 27 2024,3,2636.03,livré,kech,Carte,LIV4,2024-04-29
CMD36509,CL0448,P024,2024-02-15,4,2814.59,livré,Agadir,Carte,,2024-02-16
CMD31898,CL0055,P004,Sep 30 2023,5,858.23,en_cours,kech,Carte,LIV6,
CMD16843,CL0780,P065,2024-03-30,2,3060.9,KO,casa,Carte,LIV7,
CMD19754,CL0502,P047,Feb 10 2023,4,3257.14,retourné,Tnja,Carte,LIV7,2023-02-14
CMD03715,CL0572,P037,2023-10-06,1,4061.92,KO,TANGER,Carte,LIV8,
CMD24477,CL0921,P039,Mar 10 2024,3,1375.97,OK,TANGER,Carte,LIV10,
CMD35133,CL0289,P099,2023-07-20,4,2775.12,livré,CASABLANCA,Carte,LIV4,2023-07-22
CMD05891,CL0303,P067,Aug 17 2023,5,4024.71,retourné,casa,Carte,LIV10,2023-08-18
CMD28016,CL0705,P005,2023-04-17,3,1876.41,en_cours,Agadir,Carte,LIV7,
CMD12331,CL0812,P033,05/08/2023,3,4357.93,retourné,CASABLANCA,Carte,LIV2,2023-08-10
CMD10356,CL0539,P019,17/01/2023,3,744.08,en_cours,tanger,Carte,LIV4,
CMD34279,CL0472,P003,2023-04-04,1,0,DONE,Agadir,Carte,LIV4,2023-04-09
CMD00596,CL0835,P029,01/01/2023,3,2900.44,LIVRE,TNG,Carte,LIV4,2023-01-04
CMD08309,CL0931,P093,13/10/2023,5,530.78,KO,casa,Carte,,
CMD40551,CL0246,P099,2023-01-11,1,4191.0,livré,casa,Carte,LIV3,2023-01-13
CMD30273,CL0155,P051,07/06/2023,1,2716.52,annulé,tanger,Carte,LIV10,
CMD15316,CL0096,P037,Feb 17 2024,3,2770.7,livre,casa,Carte,LIV1,
CMD15007,CL0292,P039,Sep 01 2023,4,3092.37,DONE,kech,Carte,LIV2,2023-09-03
CMD06872,CL0970,P068,Sep 19 2023,1,4141.97,LIVRE,CASABLANCA,Carte,,2023-09-21
CMD43928,CL0149,P020,2024-02-21,4,3249.98,livré,RBA,Carte,,2024-02-23
CMD39109,CL0206,P086,2024-02-16,3,4734.87,livré,tanger,Carte,LIV1,2024-02-18
CMD32760,CL0860,P039,28/03/2024,4,1014.95,livre,TNG,Carte,LIV3,
CMD11380,CL0353,P084,27/05/2023,3,3029.07,livré,Tnja,Carte,LIV8,2023-05-31
CMD44244,CL0031,P039,02/03/2023,2,0,retourné,Tnja,Carte,LIV5,2023-03-04
CMD19871,CL0501,P080,Nov 20 2023,5,79.05,retourné,Agadir,Carte,LIV6,2023-11-24
CMD44530,CL0203,P067,26/02/2023,1,4823.51,retourné,tanger,Carte,LIV5,2023-03-03
CMD38049,CL0973,P052,07/02/2024,2,2365.71,livré,TNG,Carte,LIV1,2024-02-11
CMD27281,CL0086,P069,Jul 27 2023,1,3014.35,retourné,RBA,Carte,LIV4,2023-07-30
CMD46840,CL0119,P044,Nov 27 2023,4,400.44,KO,Tnja,Carte,LIV7,
CMD30999,CL0560,P048,2023-12-13,3,1055.76,retourné,TNG,Carte,LIV8,2023-12-16
CMD07440,CL0641,P012,21/10/2023,4,3712.39,annulé,marrakech,Carte,LIV1,
CMD24293,CL0069,P039,Jan 24 2023,1,357.34,livré,RBA,Carte,,2023-01-29
CMD35685,CL0141,P047,2024-01-15,5,2252.92,LIVRE,RBA,Carte,LIV8,2024-01-18
CMD15111,CL0617,P016,2023-02-22,1,4846.26,LIVRE,TNG,Carte,LIV9,2023-02-23
CMD40256,CL0891,P095,2024-01-27,2,3436.48,LIVRE,kech,Carte,LIV10,2024-01-28
CMD44868,CL0733,P097,Mar 22 2024,3,3385.87,DONE,CASABLANCA,Carte,LIV2,2024-03-25
CMD30096,CL0758,P095,2023-05-05,4,178.48,LIVRE,CASABLANCA,Carte,LIV4,2023-05-08
CMD13669,CL0070,P041,06/02/2024,2,3126.79,DONE,TNG,Carte,LIV3,2024-02-09
CMD07875,CL0106,P030,2023-03-13,2,52.51,livre,casa,Carte,,
CMD30973,CL0142,P093,Aug 22 2023,4,4513.32,OK,Agadir,Carte,LIV8,
CMD35636,CL0510,P042,Apr 08 2024,2,3127.71,LIVRE,TNG,Carte,LIV3,2024-04-09
CMD32322,CL0366,P100,Apr 30 2024,2,3788.68,DONE,casa,Carte,LIV7,2024-05-03
CMD28545,CL0151,P038,Jan 06 2024,4,85.61,livre,TANGER,Carte,LIV8,
CMD18381,CL0822,P043,19/05/2023,4,3131.83,livré,Tnja,Carte,,2023-05-23
CMD28403,CL0743,P018,28/05/2023,1,3082.39,KO,kech,Carte,LIV1,
CMD09574,CL0870,P012,17/02/2023,2,166.69,OK,TANGER,Carte,,
CMD06689,CL0344,P058,2023-04-11,1,3054.09,annulé,RBA,Carte,LIV6,
CMD11052,CL0562,P062,18/09/2023,4,2393.61,livré,Agadir,Carte,LIV5,2023-09-21
CMD45668,CL0021,P097,Jul 30 2023,3,3372.4,KO,RBA,Carte,LIV9,
CMD37104,CL0839,P033,2023-01-27,4,3707.47,livré,marrakech,Carte,LIV1,2023-01-30
CMD35434,CL0368,P032,May 04 2024,4,2514.55,OK,CASABLANCA,Carte,LIV2,
CMD06923,CL0255,P082,Feb 05 2023,4,3299.31,livré,kech,Carte,LIV5,2023-02-07
CMD31433,CL0521,P033,Feb 21 2023,3,2217.71,KO,Agadir,Carte,LIV6,
CMD09088,CL0084,P052,Nov 16 2023,2,3342.23,LIVRE,tanger,Carte,LIV5,2023-11-19
CMD31543,CL0170,P083,2024-02-08,5,1743.17,retourné,TANGER,Carte,LIV7,2024-02-09
CMD18441,CL0766,P071,2024-03-01,1,4972.11,annulé,tanger,Carte,LIV7,
CMD31827,CL0688,P065,Jul 26 2023,3,1655.09,retourné,marrakech,Carte,LIV8,2023-07-28
CMD11189,CL0556,P051,Feb 01 2023,5,1468.8,retourné,CASABLANCA,Carte,LIV8,2023-02-03
CMD16786,CL0391,P057,2023-01-28,1,3103.31,retourné,Agadir,Carte,LIV7,2023-01-31
CMD37508,CL0718,P047,Feb 27 2024,3,854.56,livré,TANGER,Carte,LIV6,2024-03-03
CMD39244,CL0524,P071,Aug 12 2023,3,3237.52,annulé,TNG,Carte,LIV7,
CMD28440,CL0616,P027,10/09/2023,4,414.27,livre,tanger,Carte,LIV2,
CMD16473,CL0725,P054,Apr 26 2024,4,1155.71,livré,marrakech,Carte,LIV3,2024-04-27
CMD42893,CL0976,P059,Mar 01 2024,1,1764.52,OK,Agadir,Carte,LIV2,
CMD46988,CL0147,P019,26/04/2023,5,2812.21,annulé,CASABLANCA,Carte,LIV5,
CMD33970,CL0229,P065,30/01/2023,3,1369.46,DONE,TNG,Carte,LIV1,2023-01-31
CMD33870,CL0203,P074,2023-07-07,5,4243.77,LIVRE,marrakech,Carte,LIV3,2023-07-08
CMD23409,CL0484,P059,2024-04-20,4,3729.38,livré,kech,Carte,LIV9,2024-04-22
CMD13306,CL0852,P002,2023-03-18,2,3889.4,KO,kech,Carte,LIV2,
CMD37106,CL0602,P093,30/04/2023,2,2066.68,livré,CASABLANCA,Carte,LIV8,2023-05-04
CMD27322,CL0280,P097,Jan 24 2024,1,2028.3,OK,TNG,Carte,LIV7,
CMD44853,CL0237,P057,Feb 16 2023,5,3177.89,annulé,casa,Carte,LIV10,
CMD15774,CL0894,P099,17/03/2024,3,1236.16,KO,CASABLANCA,Carte,LIV6,
CMD17987,CL0497,P027,2023-04-17,2,3497.91,retourné,TANGER,Carte,LIV9,2023-04-19
CMD28459,CL0153,P051,Mar 09 2023,1,0,en_cours,RBA,Carte,LIV1,
CMD11041,CL0179,P004,2024-03-06,3,609.45,DONE,marrakech,Carte,LIV6,2024-03-10
CMD13362,CL0206,P046,2024-01-09,2,2446.01,LIVRE,TANGER,Carte,,2024-01-11
CMD03568,CL0019,P098,21/02/2024,2,4132.51,retourné,TANGER,Carte,LIV8,2024-02-23
CMD41712,CL0218,P019,2023-07-27,1,457.0,livre,tanger,Carte,LIV7,
CMD28917,CL0686,P025,May 09 2023,1,420.4,OK,CASABLANCA,Carte,LIV4,
CMD06244,CL0278,P085,Mar 19 2023,5,2717.59,retourné,Tnja,Carte,LIV5,2023-03-22
CMD43166,CL0115,P028,14/11/2023,4,3290.92,KO,Tnja,Carte,LIV9,
CMD35677,CL0665,P027,Sep 27 2023,5,3204.17,livré,RBA,Carte,LIV1,2023-10-02
CMD47484,CL0710,P005,Apr 24 2023,2,4549.15,livre,kech,Carte,LIV5,
CMD45310,CL0450,P005,Dec 26 2023,3,2336.17,DONE,RBA,Carte,LIV6,2023-12-31
CMD43852,CL0158,P082,Apr 28 2024,1,1305.57,livre,casa,Carte,LIV3,
CMD04333,CL0789,P094,Sep 10 2023,2,4015.59,DONE,Tnja,Carte,LIV1,2023-09-15
CMD18078,CL0817,P005,26/12/2023,1,3497.91,livre,Tnja,Carte,LIV10,
CMD26172,CL0177,P009,Feb 26 2024,1,4476.31,livré,TANGER,Carte,LIV2,2024-03-02
CMD38988,CL0568,P068,2023-05-11,4,990.69,en_cours,Tnja,Carte,LIV3,
CMD03700,CL0542,P021,14/01/2024,5,3617.06,DONE,RBA,Carte,LIV4,2024-01-18
CMD06496,CL0129,P098,28/03/2023,1,2643.51,KO,marrakech,Carte,LIV7,
CMD21067,CL0697,P050,13/01/2023,1,4142.9,livré,Tnja,Carte,LIV3,2023-01-16
CMD08318,CL0047,P085,2023-11-23,4,1583.31,en_cours,Tnja,Carte,LIV2,
CMD06468,CL0148,P035,13/08/2023,3,2610.19,retourné,RBA,Carte,LIV1,2023-08-15
CMD12922,CL0117,P063,18/02/2023,4,1856.31,KO,TNG,Carte,LIV9,
CMD45609,CL0900,P012,17/12/2023,4,386.04,livré,tanger,Carte,LIV10,2023-12-19
CMD19152,CL0161,P067,2023-08-07,5,3859.04,livré,marrakech,Carte,LIV6,2023-08-12
CMD45439,CL0032,P052,Jun 16 2023,-1,4876.18,LIVRE,CASABLANCA,Carte,LIV10,2023-06-18
CMD02819,CL0568,P063,2023-08-31,1,4609.59,LIVRE,casa,Carte,LIV10,2023-09-03
CMD07672,CL0231,P038,Aug 12 2023,1,3355.17,retourné,TNG,Carte,LIV6,2023-08-17
CMD29503,CL0321,P007,Dec 24 2023,3,2525.62,DONE,TANGER,Carte,LIV2,2023-12-28
CMD04070,CL0788,P080,2023-08-27,5,2242.73,DONE,marrakech,Carte,LIV3,2023-08-30
CMD18252,CL0269,P075,18/01/2024,4,1951.56,en_cours,RBA,Carte,LIV5,
CMD29874,CL0097,P066,22/09/2023,2,1973.53,livre,casa,Carte,LIV4,
CMD24947,CL0562,P023,2023-08-10,3,4521.48,livré,TNG,Carte,,2023-08-14
CMD24798,CL0099,P016,Aug 19 2023,4,4004.45,KO,kech,Carte,LIV8,
CMD05806,CL0201,P037,2023-01-01,5,3283.79,retourné,tanger,Carte,,2023-01-05
CMD00839,CL0372,P048,2023-08-15,4,3999.4,livré,casa,Carte,LIV8,2023-08-20
CMD25303,CL0626,P029,Jan 25 2024,2,1741.58,annulé,TANGER,Carte,LIV7,
CMD00719,CL0451,P075,2023-01-09,4,3042.81,LIVRE,tanger,Carte,,2023-01-12
CMD36788,CL0021,P009,2024-04-13,5,3051.87,retourné,kech,Carte,LIV10,2024-04-16
CMD41604,CL0775,P038,2023-06-09,1,175.51,DONE,kech,Carte,LIV7,2023-06-11
CMD06660,CL0190,P054,Jul 23 2023,4,357.29,LIVRE,kech,Carte,LIV6,2023-07-25
CMD34621,CL0906,P043,Aug 30 2023,5,3186.6,retourné,Tnja,Carte,LIV2,2023-09-04
CMD03884,CL0636,P050,31/03/2023,5,625.65,retourné,Tnja,Carte,LIV4,2023-04-02
CMD04629,CL0137,P054,2024-05-15,5,3947.13,livre,marrakech,Carte,LIV6,
CMD44365,CL0849,P042,10/01/2024,2,4598.72,livre,tanger,Carte,LIV1,
CMD09209,CL0628,P022,Aug 24 2023,5,4268.96,retourné,TANGER,Carte,LIV5,2023-08-26
CMD34561,CL0783,P020,12/06/2023,2,3271.98,livré,TANGER,Carte,LIV9,2023-06-14
CMD33980,CL0763,P029,Dec 08 2023,-1,1259.0,annulé,kech,Carte,LIV3,
CMD06719,CL0955,P005,2023-07-29,2,654.47,LIVRE,marrakech,Carte,LIV1,2023-07-30
CMD40583,CL0083,P022,20/11/2023,1,2750.5,KO,TNG,Carte,LIV4,
CMD24772,CL0450,P050,Mar 10 2024,5,3206.05,LIVRE,casa,Carte,LIV4,2024-03-13
CMD06415,CL0958,P074,Apr 03 2023,4,1478.53,livré,TANGER,Carte,LIV5,2023-04-04
CMD16376,CL0056,P024,15/01/2023,4,2101.96,DONE,kech,Carte,,2023-01-19
CMD35854,CL0803,P062,2024-04-09,1,4543.81,OK,marrakech,Carte,LIV7,
CMD09239,CL0824,P051,21/01/2024,2,1397.61,KO,casa,Carte,LIV9,
CMD48397,CL0429,P070,2023-04-13,3,2249.69,OK,TNG,Carte,LIV4,
CMD23282,CL0743,P070,02/10/2023,1,1626.02,en_cours,Tnja,Carte,LIV9,
CMD14464,CL0984,P047,2024-01-09,3,67.47,OK,Agadir,Carte,LIV8,
CMD11602,CL0756,P049,24/05/2023,1,308.08,annulé,TNG,Carte,LIV7,
CMD40599,CL0605,P089,11/02/2023,4,1201.63,LIVRE,marrakech,Carte,LIV5,2023-02-14
CMD17214,CL0481,P068,Aug 14 2023,3,3306.09,retourné,RBA,Carte,LIV6,2023-08-15
CMD14913,CL0906,P014,2024-05-09,1,4172.9,KO,tanger,Carte,LIV9,
CMD07563,CL0347,P064,Mar 27 2024,3,4021.44,LIVRE,RBA,Carte,LIV8,2024-03-30
CMD03216,CL0360,P017,Jan 17 2024,2,4012.27,livré,TANGER,Carte,LIV2,2024-01-20
CMD39160,CL0751,P070,Sep 04 2023,3,2118.99,annulé,Agadir,Carte,LIV9,
CMD43275,CL0887,P097,11/06/2023,3,3576.33,en_cours,kech,Carte,LIV8,
CMD36543,CL0101,P060,2024-01-14,1,733.18,OK,TNG,Carte,LIV2,
CMD28089,CL0861,P008,2023-02-14,3,2907.38,DONE,kech,Carte,LIV4,2023-02-16
CMD39714,CL0233,P056,2023-08-02,1,2590.74,LIVRE,CASABLANCA,Carte,LIV2,2023-08-05
CMD12014,CL0319,P037,Oct 22 2023,4,946.75,retourné,marrakech,Carte,LIV6,2023-10-27
CMD22992,CL0490,P030,14/12/2023,2,3478.23,en_cours,casa,Carte,LIV7,
CMD18389,CL0757,P044,2023-10-29,3,2171.25,livré,kech,Carte,LIV4,2023-11-01
CMD11895,CL0948,P031,2023-01-30,3,4584.57,DONE,casa,Carte,LIV1,2023-02-01
CMD05858,CL0727,P055,Jan 31 2024,5,829.27,en_cours,casa,Carte,LIV6,
CMD16707,CL0180,P070,Mar 21 2024,3,2413.16,OK,kech,Carte,LIV2,
CMD11904,CL0303,P029,May 08 2024,3,3317.33,DONE,TNG,Carte,LIV9,2024-05-11
CMD27313,CL0084,P068,2023-09-26,2,1894.93,DONE,Agadir,Carte,LIV4,2023-09-29
CMD08917,CL0782,P092,Aug 07 2023,2,3233.95,annulé,TNG,Carte,LIV6,
CMD24934,CL0819,P085,04/04/2024,4,589.15,livré,Tnja,Carte,LIV2,2024-04-05
CMD05218,CL0905,P095,May 25 2023,1,2712.79,LIVRE,CASABLANCA,Carte,LIV9,2023-05-29
CMD28437,CL0887,P026,05/11/2023,4,0,livré,CASABLANCA,Carte,LIV2,2023-11-09
CMD32216,CL0639,P029,Oct 07 2023,5,547.0,livre,Agadir,Carte,LIV2,
CMD37576,CL0569,P036,21/03/2023,1,3615.68,DONE,Agadir,Carte,LIV3,2023-03-22
CMD33629,CL0483,P017,Jan 16 2023,2,4356.2,KO,RBA,Carte,LIV8,
CMD29489,CL0145,P071,Jul 28 2023,4,4921.05,annulé,kech,Carte,LIV6,
CMD26868,CL0082,P034,24/08/2023,5,2521.78,annulé,tanger,Carte,LIV3,
CMD21394,CL0636,P071,10/05/2024,2,3823.8,LIVRE,casa,Carte,LIV2,2024-05-15
CMD04069,CL0287,P036,29/11/2023,4,4600.35,retourné,kech,Carte,,2023-12-04
CMD45870,CL0182,P039,25/04/2024,4,4351.13,livre,TANGER,Carte,LIV1,
CMD28473,CL0994,P066,Apr 08 2024,3,1632.9,livre,casa,Carte,LIV2,
CMD03361,CL0017,P010,Apr 19 2023,3,4017.65,DONE,tanger,Carte,LIV10,2023-04-22
CMD22700,CL0728,P059,Aug 24 2023,1,1387.63,livre,tanger,Carte,LIV4,
CMD02445,CL0723,P043,Apr 03 2024,2,3763.6,retourné,TANGER,Carte,LIV9,2024-04-05
CMD09116,CL0246,P094,2023-04-03,4,1311.37,en_cours,marrakech,Carte,LIV5,
CMD28085,CL0662,P080,2023-10-04,5,1729.7,livré,kech,Carte,LIV9,2023-10-05
CMD12321,CL0254,P082,2023-11-17,5,242.26,DONE,Agadir,Carte,LIV5,2023-11-22
CMD33998,CL0082,P037,Feb 24 2023,1,0,KO,casa,Carte,LIV7,
CMD47161,CL0233,P044,Oct 02 2023,5,0,annulé,Tnja,Carte,LIV8,
CMD33632,CL0177,P088,Apr 13 2023,2,0,en_cours,tanger,Carte,LIV6,
CMD22376,CL0920,P034,2023-05-01,4,206.14,retourné,TNG,Carte,LIV6,2023-05-06
CMD29083,CL0028,P025,Mar 23 2023,4,632.25,OK,tanger,Carte,LIV4,
CMD31193,CL0425,P058,Aug 03 2023,2,4864.42,annulé,TANGER,Carte,LIV1,
CMD07080,CL0048,P021,2023-03-10,4,3129.32,KO,Tnja,Carte,,
CMD21326,CL0527,P092,2023-04-18,1,4137.03,livré,TNG,Carte,LIV4,2023-04-21
CMD43345,CL0032,P047,2023-02-14,1,479.51,livré,tanger,Carte,LIV10,2023-02-18
CMD42557,CL0332,P020,24/03/2024,5,752.74,livré,TNG,Carte,LIV8,2024-03-25
CMD30265,CL0329,P056,2023-09-29,4,3178.77,OK,Agadir,Carte,LIV9,
CMD22196,CL0197,P064,06/04/2023,1,1230.97,retourné,kech,Carte,LIV2,2023-04-10
CMD25332,CL0054,P004,20/02/2023,1,1025.23,DONE,CASABLANCA,Carte,LIV10,2023-02-23
CMD42113,CL0424,P061,17/04/2024,1,906.85,LIVRE,TNG,Carte,LIV8,2024-04-21
CMD45130,CL0708,P071,2023-04-23,2,0,DONE,TANGER,Carte,LIV5,2023-04-27
CMD24876,CL0302,P094,Jan 12 2023,3,2210.77,LIVRE,TNG,Carte,LIV3,2023-01-16
CMD26126,CL0565,P037,Jun 19 2023,2,3349.9,livre,TANGER,Carte,LIV9,
CMD16990,CL0431,P057,22/01/2024,1,3523.41,livré,TNG,Carte,LIV4,2024-01-23
CMD02139,CL0194,P051,Jan 19 2023,3,2622.77,OK,RBA,Carte,LIV5,
CMD15280,CL0856,P057,Nov 12 2023,2,1715.13,LIVRE,TNG,Carte,LIV1,2023-11-17
CMD21634,CL0985,P100,Jun 10 2023,4,4477.9,livré,TNG,Carte,LIV6,2023-06-11
CMD37417,CL0470,P019,Dec 19 2023,3,1548.52,livré,Tnja,Carte,LIV3,2023-12-22
CMD40008,CL0409,P006,Sep 24 2023,4,1996.19,livré,casa,Carte,LIV9,2023-09-29
CMD15539,CL0664,P002,2024-02-05,3,4832.23,OK,RBA,Carte,LIV7,
CMD34372,CL0965,P011,Apr 12 2024,5,219.11,retourné,tanger,Carte,LIV5,2024-04-13
CMD30792,CL0626,P089,Jan 06 2024,1,820.05,KO,TANGER,Carte,LIV6,
CMD00117,CL0429,P039,2024-04-28,2,1654.43,livré,Agadir,Carte,LIV8,2024-05-03
CMD08674,CL0799,P011,03/05/2023,4,2173.24,DONE,CASABLANCA,Carte,LIV8,2023-05-08
CMD41800,CL0242,P062,2024-05-12,4,1764.26,KO,kech,Carte,LIV8,
CMD38570,CL0133,P005,May 10 2023,2,4748.33,en_cours,RBA,Carte,LIV4,
CMD17383,CL0373,P011,09/02/2023,4,2492.18,DONE,Agadir,Carte,LIV6,2023-02-12
CMD02981,CL0828,P092,Aug 09 2023,3,675.87,livré,Tnja,Carte,LIV8,2023-08-13
CMD46090,CL0612,P017,22/03/2023,5,985.52,KO,RBA,Carte,LIV4,
CMD38270,CL0243,P066,14/03/2023,5,0,en_cours,TNG,Carte,LIV1,
CMD05752,CL0113,P068,Oct 20 2023,2,3019.81,DONE,kech,Carte,,2023-10-25
CMD35534,CL0242,P055,May 12 2024,1,3797.31,KO,marrakech,Carte,LIV8,
CMD05705,CL0020,P086,2023-05-24,1,1703.38,annulé,marrakech,Carte,LIV4,
CMD26226,CL0716,P003,2023-09-02,2,4257.73,livré,TANGER,Carte,LIV2,2023-09-06
CMD30750,CL0551,P085,Jul 01 2023,3,4564.17,KO,Tnja,Carte,LIV5,
CMD05446,CL0387,P061,Jul 16 2023,4,4682.89,livré,TANGER,Carte,LIV4,2023-07-17
CMD23518,CL0939,P059,Jan 16 2023,4,2940.86,retourné,marrakech,Carte,,2023-01-17
CMD21139,CL0877,P054,Jan 18 2024,2,3695.75,KO,tanger,Carte,LIV3,
CMD19964,CL0155,P021,2023-10-10,2,378.8,OK,RBA,Carte,LIV4,
CMD37779,CL0081,P094,Nov 26 2023,5,4786.16,KO,TNG,Carte,LIV4,
CMD04138,CL0910,P048,Apr 14 2024,3,349.41,en_cours,CASABLANCA,Carte,LIV3,
CMD24393,CL0720,P053,Apr 04 2023,1,2340.23,annulé,RBA,Carte,LIV7,
CMD23382,CL0704,P047,Sep 13 2023,2,2206.67,annulé,kech,Carte,LIV2,
CMD40998,CL0641,P090,2024-01-09,4,4839.66,livre,tanger,Carte,LIV3,
CMD08058,CL0741,P091,02/02/2023,4,2774.38,annulé,Agadir,Carte,LIV7,
CMD08347,CL0064,P038,15/11/2023,3,1827.42,DONE,casa,Carte,LIV8,2023-11-17
CMD30722,CL0820,P098,Sep 22 2023,3,963.8,livré,tanger,Carte,LIV8,2023-09-25
CMD40956,CL0233,P024,2023-11-09,5,869.61,OK,TANGER,Carte,,
CMD14651,CL0306,P072,2024-04-18,4,4868.29,OK,TNG,Carte,LIV3,
CMD36059,CL0601,P044,05/03/2023,2,839.87,annulé,marrakech,Carte,LIV1,
CMD43962,CL0302,P032,27/10/2023,2,4645.02,KO,tanger,Carte,,
CMD02737,CL0031,P058,2023-09-15,2,3569.6,KO,TANGER,Carte,LIV4,
CMD38793,CL0913,P072,2023-11-28,2,3803.43,en_cours,TANGER,Carte,LIV6,
CMD32357,CL0388,P081,Feb 09 2024,2,2163.16,KO,kech,Carte,LIV8,
CMD30119,CL0358,P001,Apr 12 2023,1,4481.89,retourné,CASABLANCA,Carte,LIV2,2023-04-16
CMD41050,CL0730,P090,Jan 13 2023,1,4542.94,retourné,TANGER,Carte,LIV4,2023-01-15
CMD03265,CL0383,P053,2023-07-06,1,903.02,KO,tanger,Carte,LIV8,
CMD07320,CL0039,P005,2024-01-18,1,3392.32,DONE,marrakech,Carte,LIV10,2024-01-21
CMD26133,CL0043,P062,02/05/2024,4,2414.21,livré,Agadir,Carte,LIV7,2024-05-04
CMD18393,CL0548,P087,21/05/2023,3,4730.59,DONE,TNG,Carte,LIV10,2023-05-24
CMD38787,CL0121,P027,2024-02-23,2,2733.41,retourné,Agadir,Carte,LIV7,2024-02-26
CMD07547,CL0678,P072,2024-03-23,1,4006.72,annulé,tanger,Carte,LIV7,
CMD36240,CL0095,P091,Mar 30 2024,5,3748.62,livré,CASABLANCA,Carte,LIV3,2024-04-01
CMD25011,CL0623,P066,05/03/2023,3,694.85,livré,marrakech,Carte,LIV6,2023-03-07
CMD36234,CL0214,P030,2023-08-06,5,2380.11,livre,tanger,Carte,LIV6,
CMD43599,CL0845,P042,2023-07-05,2,3858.56,livré,RBA,Carte,LIV2,2023-07-10
CMD12472,CL0417,P046,2024-02-27,1,4865.87,livré,marrakech,Carte,LIV5,2024-02-28
CMD44424,CL0822,P004,2023-05-12,3,1057.93,KO,kech,Carte,LIV2,
CMD29522,CL0493,P004,Aug 02 2023,3,1613.95,DONE,kech,Carte,LIV10,2023-08-05
CMD23253,CL0607,P067,Dec 09 2023,2,1273.79,LIVRE,Agadir,Carte,LIV4,2023-12-12
CMD31724,CL0931,P074,Jul 23 2023,4,4410.21,LIVRE,casa,Carte,LIV5,2023-07-26
CMD20524,CL0938,P013,Dec 21 2023,1,848.99,retourné,RBA,Carte,LIV9,2023-12-25
CMD11489,CL0477,P008,05/06/2023,5,1586.6,livré,TANGER,Carte,LIV5,2023-06-08
CMD13228,CL0884,P022,Aug 23 2023,3,4342.35,livré,kech,Carte,LIV1,2023-08-28
CMD38327,CL0397,P048,21/03/2023,1,2546.51,KO,casa,Carte,LIV4,
CMD08563,CL0654,P047,02/03/2023,2,3135.91,LIVRE,tanger,Carte,LIV4,2023-03-07
CMD06426,CL0407,P025,2023-06-18,4,3233.39,livre,CASABLANCA,Carte,LIV5,
CMD48370,CL0166,P066,01/06/2023,2,703.98,KO,casa,Carte,LIV1,
CMD30185,CL0507,P070,01/04/2023,2,3832.28,livre,TNG,Carte,LIV10,
CMD08602,CL0792,P035,Apr 08 2024,4,2147.36,retourné,CASABLANCA,Carte,LIV2,2024-04-11
CMD00734,CL0032,P018,23/04/2024,5,122.02,retourné,marrakech,Carte,LIV6,2024-04-25
CMD38989,CL0568,P093,01/07/2023,2,326.99,OK,CASABLANCA,Carte,LIV10,
CMD13850,CL0036,P083,2023-08-17,4,4701.17,LIVRE,TANGER,Carte,LIV6,2023-08-18
CMD00646,CL0037,P098,2024-05-13,4,3956.73,KO,tanger,Carte,LIV8,
CMD27853,CL0528,P033,2024-02-04,3,1732.13,en_cours,TNG,Carte,LIV8,
CMD25916,CL0009,P075,05/08/2023,1,2475.61,livré,Tnja,Carte,LIV1,2023-08-06
CMD31875,CL0693,P004,05/01/2024,4,1830.34,OK,TNG,Carte,LIV7,
CMD36963,CL0238,P098,2023-10-22,1,4648.6,DONE,CASABLANCA,Carte,LIV2,2023-10-23
CMD30026,CL0573,P050,18/08/2023,4,1338.44,OK,Agadir,Carte,LIV2,
CMD30682,CL0882,P082,04/04/2024,3,0,LIVRE,Agadir,Carte,LIV4,2024-04-05
CMD10625,CL0596,P019,Aug 01 2023,1,2103.47,livre,Agadir,Carte,LIV2,
CMD38674,CL0705,P003,Feb 08 2023,3,2717.47,livré,TNG,Carte,LIV7,2023-02-13
CMD16274,CL0785,P070,2024-03-26,4,3994.87,en_cours,TANGER,Carte,LIV2,
CMD46035,CL0286,P045,14/02/2024,2,3986.15,livre,marrakech,Carte,,
CMD09460,CL0278,P007,27/09/2023,1,1481.7,livre,Agadir,Carte,LIV4,
CMD32504,CL0778,P042,2024-02-20,4,3313.83,livre,CASABLANCA,Carte,,
CMD28537,CL0365,P095,2024-02-10,5,3446.95,en_cours,casa,Carte,LIV7,
CMD01618,CL0444,P077,03/04/2024,1,1599.48,livre,TNG,Carte,LIV6,
CMD28529,CL0472,P080,2023-07-07,3,2147.46,LIVRE,tanger,Carte,LIV2,2023-07-12
CMD26337,CL0241,P088,2023-02-17,4,2629.22,livré,tanger,Carte,,2023-02-19
CMD12515,CL0595,P034,21/02/2023,5,4991.89,livre,RBA,Carte,LIV2,
CMD13144,CL0664,P097,2023-11-07,5,972.6,livre,marrakech,Carte,LIV6,
CMD44299,CL0778,P081,Feb 16 2023,4,4986.32,livre,casa,Carte,LIV3,
CMD27288,CL0191,P029,2023-02-07,5,3142.89,retourné,casa,Carte,LIV8,2023-02-10
CMD21339,CL0745,P010,Mar 21 2023,1,968.0,LIVRE,Agadir,Carte,LIV6,2023-03-22
CMD11118,CL0447,P089,May 15 2024,2,4475.54,livré,CASABLANCA,Carte,LIV6,2024-05-16
CMD16232,CL0907,P080,25/06/2023,1,4294.78,LIVRE,tanger,Carte,LIV10,2023-06-29
CMD09750,CL0052,P088,07/10/2023,3,3238.94,annulé,TNG,Carte,LIV7,
CMD04366,CL0101,P025,Sep 10 2023,4,4373.06,livre,marrakech,Carte,,
CMD13247,CL0656,P007,27/02/2024,1,1665.16,livré,Tnja,Carte,LIV4,2024-02-28
CMD03878,CL0869,P090,Feb 09 2024,4,2224.14,livré,TANGER,Carte,LIV6,2024-02-11
CMD22968,CL0173,P035,Mar 20 2023,3,3739.49,annulé,Tnja,Carte,LIV3,
CMD41304,CL0751,P006,2024-04-03,2,2361.9,annulé,kech,Carte,LIV8,
CMD11443,CL0380,P048,Apr 02 2024,2,3934.52,livré,marrakech,Carte,LIV9,2024-04-05
CMD44735,CL0832,P049,Jul 17 2023,3,1461.06,livré,Tnja,Carte,LIV2,2023-07-18
CMD06432,CL0408,P071,09/03/2024,4,620.82,annulé,TANGER,Carte,LIV4,
CMD47149,CL0702,P078,16/02/2023,3,2496.82,livré,casa,Carte,LIV8,2023-02-20
CMD33063,CL0377,P050,23/02/2024,5,643.32,retourné,TANGER,Carte,LIV5,2024-02-28
CMD39943,CL0990,P054,Aug 01 2023,5,2267.71,livré,Agadir,Carte,LIV6,2023-08-04
CMD10767,CL0720,P087,2023-06-05,5,1933.04,LIVRE,kech,Carte,LIV8,2023-06-08
CMD17590,CL0302,P095,Jul 10 2023,2,837.59,en_cours,CASABLANCA,Carte,LIV6,
CMD00371,CL0411,P094,Mar 26 2024,2,4853.54,en_cours,CASABLANCA,Carte,LIV7,
CMD02912,CL0578,P010,2024-03-29,4,1069.48,LIVRE,TANGER,Carte,LIV3,2024-04-01
CMD25496,CL0778,P088,24/10/2023,4,2438.6,livré,casa,Carte,LIV9,2023-10-28
CMD28026,CL0090,P014,2024-02-27,4,3516.02,retourné,marrakech,Carte,LIV2,2024-03-01
CMD16212,CL0585,P086,2024-02-11,1,707.6,KO,tanger,Carte,LIV3,
CMD00235,CL0644,P091,08/08/2023,3,3748.17,livré,TANGER,Carte,LIV5,2023-08-12
CMD41964,CL0236,P045,2023-05-19,2,875.4,livré,casa,Carte,LIV8,2023-05-24
CMD48084,CL0696,P100,2023-11-29,1,2527.93,LIVRE,CASABLANCA,Carte,,2023-12-03
CMD10471,CL0118,P096,2024-03-05,4,3731.97,retourné,marrakech,Carte,LIV8,2024-03-10
CMD16911,CL0709,P010,05/01/2023,1,1005.97,OK,TANGER,Carte,LIV4,
CMD25623,CL0177,P091,14/06/2023,1,3070.28,annulé,TANGER,Carte,LIV6,
CMD18034,CL0040,P096,2023-01-19,1,847.98,KO,RBA,Carte,,
CMD39606,CL0244,P013,18/02/2024,1,2605.17,LIVRE,tanger,Carte,LIV1,2024-02-19
CMD22632,CL0489,P041,2023-01-28,1,641.63,retourné,Tnja,Carte,LIV9,2023-01-29
CMD11854,CL0304,P006,2023-12-21,1,1301.8,LIVRE,TNG,Carte,LIV9,2023-12-25
CMD40414,CL0659,P059,Jan 05 2024,3,487.45,KO,marrakech,Carte,LIV8,
CMD10830,CL0487,P003,Feb 15 2023,4,0,livre,kech,Carte,LIV6,
CMD32296,CL0381,P002,May 06 2024,5,3595.65,OK,TNG,Carte,LIV3,
CMD14413,CL0605,P082,2024-02-13,3,106.82,livré,CASABLANCA,Carte,LIV3,2024-02-15
CMD00961,CL0035,P022,13/01/2023,3,4914.31,KO,marrakech,Carte,LIV6,
CMD48186,CL0955,P013,07/02/2024,5,1243.36,OK,Agadir,Carte,LIV5,
CMD47046,CL0640,P044,2023-02-04,1,2963.68,retourné,marrakech,Carte,LIV9,2023-02-05
CMD18641,CL0276,P045,2023-05-18,5,2759.95,annulé,Tnja,Carte,LIV5,
CMD22288,CL0583,P015,Feb 15 2024,5,2392.94,retourné,marrakech,Carte,,2024-02-16
CMD19101,CL0120,P072,2023-03-25,3,4516.48,en_cours,casa,Carte,LIV5,
CMD12149,CL0938,P053,2024-01-01,5,2292.26,DONE,Agadir,Carte,LIV2,2024-01-05
CMD29683,CL0226,P017,02/01/2024,3,1432.73,annulé,casa,Carte,LIV5,
CMD16331,CL0590,P091,05/08/2023,4,1768.11,LIVRE,RBA,Carte,LIV3,2023-08-06
CMD12374,CL0015,P003,Feb 16 2023,2,263.07,livré,Agadir,Carte,LIV9,2023-02-18
CMD14530,CL0505,P001,25/04/2024,4,2882.27,OK,CASABLANCA,Carte,,
CMD40953,CL0012,P002,2023-04-09,4,4197.93,OK,marrakech,Carte,LIV5,
CMD01943,CL0777,P059,02/02/2024,1,645.91,livré,CASABLANCA,Carte,LIV1,2024-02-04
CMD46111,CL0725,P073,27/04/2023,2,2085.73,DONE,marrakech,Carte,,2023-04-28
CMD39604,CL0921,P051,2024-02-01,1,1617.95,retourné,Tnja,Carte,LIV3,2024-02-02
CMD46926,CL0454,P062,2023-05-10,3,1664.27,en_cours,Agadir,Carte,LIV5,
CMD04901,CL0869,P017,2023-12-09,3,2120.91,OK,casa,Carte,LIV10,
CMD09560,CL0217,P085,Jul 19 2023,5,3357.0,livre,TNG,Carte,LIV6,
CMD08146,CL0222,P073,07/04/2023,1,263.06,DONE,TANGER,Carte,LIV5,2023-04-09
CMD40448,CL0197,P071,21/03/2023,5,3387.13,en_cours,Tnja,Carte,LIV10,
CMD38129,CL0733,P091,2023-02-25,4,2063.93,livré,Agadir,Carte,LIV6,2023-03-01
CMD25936,CL0109,P049,Jan 14 2024,3,3712.45,KO,kech,Carte,LIV9,
CMD17589,CL0120,P068,Apr 05 2024,5,1142.19,livré,TNG,Carte,LIV6,2024-04-08
CMD26307,CL0449,P032,06/09/2023,1,3656.33,en_cours,marrakech,Carte,LIV10,
CMD14884,CL0692,P020,2024-02-25,5,3485.67,livré,casa,Carte,LIV2,2024-02-28
CMD47207,CL0273,P069,2023-03-19,1,3285.73,en_cours,marrakech,Carte,LIV8,
CMD06694,CL0824,P063,Mar 29 2023,3,4773.42,retourné,RBA,Carte,LIV10,2023-03-31
CMD36616,CL0116,P083,Mar 10 2024,3,2810.3,annulé,TNG,Carte,LIV8,
CMD30245,CL0283,P061,2023-12-18,5,2489.7,livre,marrakech,Carte,LIV4,
CMD18468,CL0353,P067,2023-10-24,5,2119.77,OK,CASABLANCA,Carte,LIV1,
CMD40830,CL0181,P019,09/09/2023,5,3205.65,OK,casa,Carte,LIV10,
CMD17013,CL0288,P038,Nov 20 2023,4,4870.93,LIVRE,Agadir,Carte,LIV1,2023-11-22
CMD02887,CL0989,P051,15/01/2023,5,433.49,livré,TANGER,Carte,LIV4,2023-01-16
CMD12908,CL0563,P092,Apr 20 2023,5,1969.83,livré,CASABLANCA,Carte,LIV6,2023-04-21
CMD19858,CL0681,P020,11/06/2023,2,1754.44,OK,RBA,Carte,LIV9,
CMD13662,CL0683,P071,2024-03-15,2,3445.6,KO,marrakech,Carte,LIV4,
CMD31226,CL0804,P072,09/01/2024,2,3439.15,retourné,TNG,Carte,LIV5,2024-01-12
CMD14054,CL0398,P016,03/03/2024,3,3920.95,livré,CASABLANCA,Carte,LIV5,2024-03-07
CMD15918,CL0498,P009,2023-02-21,4,4331.38,livré,CASABLANCA,Carte,LIV5,2023-02-22
CMD37446,CL0422,P051,Jan 15 2024,5,2444.18,livré,TANGER,Carte,LIV2,2024-01-18
CMD30902,CL0989,P056,Jul 05 2023,4,3589.83,KO,Agadir,Carte,LIV3,
CMD16234,CL0727,P076,2023-07-15,5,1360.63,KO,Tnja,Carte,LIV8,
CMD26498,CL0717,P066,Nov 13 2023,3,3373.86,en_cours,CASABLANCA,Carte,LIV9,
CMD11795,CL0992,P040,18/08/2023,5,4107.78,LIVRE,TANGER,Carte,LIV2,2023-08-22
CMD24509,CL0490,P027,Apr 24 2023,3,1119.88,annulé,tanger,Carte,LIV1,
CMD31386,CL0308,P052,24/03/2023,2,1633.4,DONE,RBA,Carte,LIV7,2023-03-29
CMD04346,CL0934,P048,13/03/2024,2,457.19,livre,Agadir,Carte,LIV8,
CMD29643,CL0444,P084,29/02/2024,1,0,livre,Tnja,Carte,LIV7,
CMD42017,CL0871,P065,Jan 17 2023,2,3321.14,DONE,RBA,Carte,LIV8,2023-01-22
CMD08987,CL0475,P084,08/04/2023,5,609.52,OK,CASABLANCA,Carte,LIV5,
CMD30124,CL0670,P074,Jul 16 2023,2,847.08,retourné,RBA,Carte,LIV8,2023-07-18
CMD41683,CL0282,P004,Apr 24 2023,2,1768.73,retourné,marrakech,Carte,LIV1,2023-04-26
CMD29924,CL0489,P022,Jun 11 2023,1,1776.95,annulé,Agadir,Carte,LIV6,
CMD17344,CL0201,P055,2023-12-15,4,4861.11,DONE,TANGER,Carte,LIV5,2023-12-18
CMD38141,CL0593,P005,15/01/2024,3,4265.66,livré,Agadir,Carte,LIV5,2024-01-19
CMD40277,CL0256,P098,Dec 11 2023,2,2334.6,livré,kech,Carte,LIV4,2023-12-15
CMD24384,CL0370,P024,Nov 22 2023,3,2717.72,LIVRE,RBA,Carte,LIV2,2023-11-26
CMD34994,CL0159,P088,Aug 11 2023,1,1881.65,livré,Agadir,Carte,LIV5,2023-08-15
CMD12832,CL0817,P060,Apr 13 2024,4,3819.28,livré,CASABLANCA,Carte,LIV3,2024-04-17
CMD19491,CL0127,P082,23/04/2024,3,2264.34,retourné,Agadir,Carte,LIV4,2024-04-27
CMD42978,CL0134,P037,05/12/2023,2,1744.07,livré,RBA,Carte,LIV6,2023-12-09
CMD23351,CL0035,P021,17/07/2023,2,3614.47,livré,RBA,Carte,LIV7,2023-07-21
CMD26497,CL0026,P089,2023-07-15,2,2266.97,KO,kech,Carte,LIV8,
CMD05373,CL0690,P021,May 05 2024,4,941.87,livré,kech,Carte,LIV8,2024-05-10
CMD44334,CL0748,P003,Mar 24 2023,1,868.94,OK,tanger,Carte,LIV4,
CMD31966,CL0358,P083,2023-05-15,2,1125.93,LIVRE,TNG,Carte,LIV10,2023-05-20
CMD22886,CL0431,P067,2023-09-07,4,4549.21,annulé,RBA,Carte,LIV8,
CMD45120,CL0324,P082,2023-03-18,2,3472.42,LIVRE,kech,Carte,LIV8,2023-03-23
CMD05632,CL0876,P063,2024-01-02,4,643.67,livré,RBA,Carte,LIV1,2024-01-07
CMD00882,CL0170,P006,Apr 04 2024,4,4706.66,LIVRE,marrakech,Carte,LIV10,2024-04-07
CMD34284,CL0419,P010,05/02/2023,4,4189.25,retourné,CASABLANCA,Carte,,2023-02-08
CMD04507,CL0835,P081,2023-03-15,5,2207.81,annulé,casa,Carte,,
CMD00045,CL0916,P072,2024-01-25,1,4414.66,KO,Agadir,Carte,LIV7,
CMD41259,CL0798,P097,Jan 31 2023,4,712.49,en_cours,marrakech,Carte,LIV2,
CMD08433,CL0552,P081,2023-06-27,2,1597.44,annulé,RBA,Carte,LIV9,
CMD00357,CL0144,P021,10/09/2023,1,2805.49,KO,casa,Carte,LIV7,
CMD14620,CL0314,P032,Mar 05 2024,3,330.58,livré,TNG,Carte,LIV2,2024-03-08
CMD16122,CL0692,P046,Sep 25 2023,4,1122.2,retourné,Tnja,Carte,LIV4,2023-09-30
CMD15314,CL0831,P074,13/12/2023,4,1690.43,livré,CASABLANCA,Carte,LIV8,2023-12-16
CMD04477,CL0544,P088,Jan 26 2024,2,1250.92,livré,casa,Carte,LIV8,2024-01-30
CMD29405,CL0271,P081,2023-11-24,4,3027.08,retourné,kech,Carte,LIV10,2023-11-29
CMD12349,CL0550,P004,2024-04-10,1,1696.63,en_cours,kech,Carte,,
CMD18769,CL0719,P082,Apr 05 2024,2,2775.16,LIVRE,casa,Carte,LIV5,2024-04-09
CMD21600,CL0970,P050,2023-01-06,4,188.88,KO,marrakech,Carte,LIV10,
CMD23878,CL0807,P042,06/01/2024,4,3732.12,livré,kech,Carte,LIV10,2024-01-08
CMD22289,CL0905,P027,2023-01-20,2,1391.98,LIVRE,RBA,Carte,LIV2,2023-01-24
CMD15450,CL0753,P007,21/06/2023,-1,2409.21,livré,CASABLANCA,Carte,LIV7,2023-06-26
CMD26100,CL0317,P021,21/07/2023,3,4801.23,livre,Tnja,Carte,LIV5,
CMD29103,CL0506,P079,Nov 17 2023,1,4705.3,en_cours,Tnja,Carte,LIV5,
CMD39238,CL0989,P041,09/02/2024,3,2682.98,LIVRE,TANGER,Carte,LIV2,2024-02-14
CMD08855,CL0681,P099,2023-07-22,5,4345.42,livre,TANGER,Carte,LIV6,
CMD15839,CL0371,P036,2023-08-04,5,2522.77,en_cours,tanger,Carte,LIV2,
CMD30358,CL0764,P079,2023-09-21,1,1194.59,livré,Tnja,Carte,LIV1,2023-09-26
CMD41046,CL0583,P038,2023-04-09,2,408.32,retourné,CASABLANCA,Carte,,2023-04-14
CMD00610,CL0754,P024,29/03/2024,2,3729.59,livré,casa,Carte,LIV7,2024-04-02
CMD41124,CL0039,P013,Sep 09 2023,2,365.0,livre,RBA,Carte,LIV5,
CMD43032,CL0769,P031,Jul 03 2023,4,4924.74,LIVRE,TANGER,Carte,LIV7,2023-07-05
CMD16283,CL0530,P043,2023-07-15,1,437.92,livre,TANGER,Carte,LIV7,
CMD05162,CL0589,P059,29/03/2023,4,781.01,livré,CASABLANCA,Carte,LIV10,2023-03-30
CMD07214,CL0858,P035,Jan 27 2023,1,2583.51,en_cours,Tnja,Carte,LIV1,
CMD02454,CL0735,P064,Apr 14 2023,5,1332.29,livré,CASABLANCA,Carte,LIV7,2023-04-17
CMD17777,CL0094,P004,25/08/2023,3,3986.16,livré,CASABLANCA,Carte,LIV6,2023-08-27
CMD46452,CL0966,P045,17/03/2024,4,3527.42,DONE,Agadir,Carte,LIV4,2024-03-18
CMD20946,CL0844,P003,2024-01-29,5,4003.24,en_cours,TNG,Carte,LIV1,
CMD35876,CL0146,P070,24/04/2023,5,1850.68,OK,Tnja,Carte,LIV8,
CMD41771,CL0088,P065,15/03/2023,1,2282.42,DONE,RBA,Carte,LIV8,2023-03-18
CMD44892,CL0618,P096,29/02/2024,3,311.03,livré,TANGER,Carte,LIV4,2024-03-02
CMD09727,CL0777,P055,05/01/2024,2,3892.01,DONE,CASABLANCA,Carte,LIV8,2024-01-06
CMD38514,CL0922,P074,2023-08-14,2,888.4,OK,kech,Carte,LIV5,
CMD22073,CL0799,P038,2023-06-08,3,462.76,livré,kech,Carte,LIV3,2023-06-13
CMD13828,CL0921,P024,2023-06-26,2,4754.66,LIVRE,marrakech,Carte,LIV4,2023-06-29
CMD03403,CL0963,P085,2023-02-16,3,4550.85,livré,RBA,Carte,LIV9,2023-02-20
CMD20156,CL0472,P037,Sep 17 2023,2,2016.24,livré,marrakech,Carte,LIV3,2023-09-19
CMD36625,CL0207,P095,23/12/2023,2,4125.0,livré,marrakech,Carte,LIV10,2023-12-26
CMD05439,CL0460,P078,2023-01-04,5,3593.1,KO,TNG,Carte,,
CMD35378,CL0720,P074,29/01/2024,5,302.51,DONE,kech,Carte,LIV4,2024-01-30
CMD19787,CL0306,P036,21/01/2023,3,427.49,DONE,Tnja,Carte,LIV10,2023-01-22
CMD19245,CL0539,P025,30/09/2023,3,4658.97,annulé,Tnja,Carte,LIV1,
CMD25689,CL0602,P100,08/11/2023,4,4127.97,livré,kech,Carte,LIV8,2023-11-10
CMD42431,CL0042,P066,17/08/2023,3,2394.07,livré,Tnja,Carte,LIV2,2023-08-19
CMD24086,CL0519,P089,20/11/2023,5,4885.24,retourné,tanger,Carte,LIV9,2023-11-25
CMD14954,CL0698,P040,04/03/2023,3,0,en_cours,marrakech,Carte,LIV10,
CMD11736,CL0078,P036,2023-09-05,3,4856.2,retourné,kech,Carte,LIV4,2023-09-09
CMD38489,CL0970,P014,Apr 30 2023,1,1325.4,retourné,TANGER,Carte,LIV4,2023-05-04
CMD43563,CL0294,P057,Jun 11 2023,2,527.87,KO,casa,Carte,LIV2,
CMD35412,CL0996,P009,Jul 04 2023,3,937.92,livré,CASABLANCA,Carte,LIV9,2023-07-06
CMD06101,CL0024,P025,04/08/2023,3,999.58,LIVRE,Tnja,Carte,LIV2,2023-08-06
CMD09119,CL0147,P063,12/03/2024,5,2828.06,en_cours,CASABLANCA,Carte,LIV6,
CMD39653,CL0988,P047,17/10/2023,2,410.43,LIVRE,marrakech,Carte,LIV2,2023-10-18
CMD05041,CL0519,P032,04/09/2023,5,845.77,livré,Agadir,Carte,LIV4,2023-09-06
CMD02228,CL0951,P002,Aug 13 2023,3,227.5,en_cours,CASABLANCA,Carte,LIV6,
CMD34481,CL0019,P073,06/05/2023,5,4360.31,en_cours,TNG,Carte,,
CMD44686,CL0554,P074,2024-01-02,2,4546.65,livré,CASABLANCA,Carte,LIV9,2024-01-03
CMD01086,CL0648,P099,16/02/2023,4,3552.46,retourné,Agadir,Carte,LIV3,2023-02-18
CMD16907,CL0602,P063,2023-01-19,2,2707.45,DONE,CASABLANCA,Carte,LIV3,2023-01-23
CMD44732,CL0441,P055,2023-02-10,4,352.23,DONE,RBA,Carte,LIV4,2023-02-14
CMD48097,CL0805,P045,30/04/2023,1,4939.66,OK,kech,Carte,LIV8,
CMD18990,CL0425,P024,09/02/2023,1,127.17,livré,kech,Carte,LIV7,2023-02-11
CMD10846,CL0737,P099,23/06/2023,2,324.17,livré,TANGER,Carte,LIV2,2023-06-27
CMD28029,CL0005,P085,2023-11-30,1,2788.28,retourné,kech,Carte,LIV7,2023-12-04
CMD12564,CL0017,P093,06/01/2023,2,1629.44,livre,Tnja,Carte,LIV8,
CMD21795,CL0482,P021,Feb 11 2024,5,2663.07,DONE,Tnja,Carte,LIV5,2024-02-13
CMD20628,CL0622,P012,24/01/2024,1,201.7,LIVRE,TNG,Carte,LIV10,2024-01-28
CMD23833,CL0059,P082,03/03/2023,3,3445.11,livré,Tnja,Carte,LIV7,2023-03-06
CMD45996,CL0565,P048,Oct 16 2023,2,619.94,livre,marrakech,Carte,,
CMD47467,CL0407,P047,2023-07-03,5,4505.87,livre,Agadir,Carte,LIV3,
CMD00558,CL0799,P043,2023-08-28,4,1410.1,retourné,TNG,Carte,LIV2,2023-09-02
CMD43632,CL0294,P047,May 04 2023,4,1416.05,livre,marrakech,Carte,LIV7,
CMD21066,CL0728,P075,2023-10-18,5,484.04,KO,Agadir,Carte,LIV5,
CMD04238,CL0968,P082,07/04/2024,5,2991.67,livré,tanger,Carte,LIV7,2024-04-11
CMD26299,CL0715,P052,17/04/2024,1,2341.59,livre,Agadir,Carte,LIV4,
CMD30600,CL0900,P019,Feb 06 2023,3,88.06,KO,Agadir,Carte,LIV5,
CMD29518,CL0700,P073,2024-01-29,4,3562.25,livre,marrakech,Carte,LIV4,
CMD03556,CL0223,P087,13/10/2023,2,1918.96,livré,CASABLANCA,Carte,LIV1,2023-10-14
CMD42401,CL0320,P074,2024-01-25,2,0,livre,kech,Carte,LIV9,
CMD01563,CL0930,P049,May 11 2023,4,4229.16,annulé,CASABLANCA,Carte,LIV2,
CMD45698,CL0411,P054,06/04/2023,5,2748.59,LIVRE,TANGER,Carte,LIV3,2023-04-07
CMD05310,CL0421,P005,2023-03-24,2,4898.53,livré,CASABLANCA,Carte,LIV6,2023-03-25
CMD46817,CL0491,P092,2023-06-22,3,3171.29,OK,TANGER,Carte,LIV9,
CMD19948,CL0155,P045,31/01/2023,3,1868.07,KO,CASABLANCA,Carte,LIV7,
CMD04725,CL0034,P046,25/07/2023,5,2218.96,livré,TANGER,Carte,LIV10,2023-07-27
CMD30052,CL0820,P013,27/03/2024,4,2247.26,OK,TNG,Carte,LIV8,
CMD08279,CL0858,P027,Apr 22 2023,1,1624.61,retourné,kech,Carte,LIV8,2023-04-25
CMD21240,CL0893,P012,2023-01-20,1,4389.63,livré,kech,Carte,LIV7,2023-01-21
CMD43743,CL0580,P075,2023-02-07,5,1901.85,OK,marrakech,Carte,LIV5,
CMD27196,CL0272,P057,Dec 21 2023,4,2250.15,livre,casa,Carte,LIV6,
CMD14201,CL0084,P056,2024-05-10,1,321.81,en_cours,RBA,Carte,LIV9,
CMD07242,CL0903,P060,Nov 05 2023,3,1727.76,LIVRE,marrakech,Carte,LIV6,2023-11-10
CMD07263,CL0553,P043,2024-04-10,1,2384.4,en_cours,CASABLANCA,Carte,LIV2,
CMD06834,CL0026,P100,Aug 29 2023,3,1405.56,en_cours,TANGER,Carte,LIV10,
CMD22958,CL0801,P060,2023-10-04,4,167.69,KO,RBA,Carte,LIV8,
CMD07599,CL0532,P018,28/08/2023,5,2044.76,livre,TANGER,Carte,LIV7,
CMD40596,CL0459,P016,2023-09-14,3,1727.51,DONE,kech,Carte,LIV9,2023-09-16
CMD32772,CL0230,P097,2024-02-27,4,3456.93,annulé,kech,Carte,LIV5,
CMD43048,CL0123,P044,2023-08-11,1,1520.37,livre,CASABLANCA,Carte,LIV6,
CMD35259,CL0733,P042,2023-08-26,3,3378.3,retourné,CASABLANCA,Carte,LIV3,2023-08-27
CMD08962,CL0877,P038,29/10/2023,1,2259.48,annulé,tanger,Carte,LIV3,
CMD43253,CL0345,P035,Feb 21 2023,2,2667.47,DONE,TNG,Carte,LIV2,2023-02-22
CMD00998,CL0032,P063,13/08/2023,1,3728.72,OK,Tnja,Carte,LIV8,
CMD20166,CL0974,P100,2023-03-05,4,4679.26,annulé,marrakech,Carte,LIV2,
CMD36522,CL0767,P079,27/02/2024,1,1629.36,DONE,casa,Carte,LIV8,2024-03-02
CMD01448,CL0901,P025,2023-09-23,2,1731.02,KO,RBA,Carte,LIV8,
CMD42680,CL0577,P045,Jul 15 2023,5,4604.85,livré,marrakech,Carte,LIV5,2023-07-17
CMD19327,CL0847,P017,2024-05-03,5,1696.54,livre,Tnja,Carte,LIV6,
CMD29227,CL0508,P012,Jul 03 2023,3,3135.09,livre,Agadir,Carte,LIV5,
CMD40968,CL0073,P075,Apr 06 2023,4,1966.53,en_cours,tanger,Carte,LIV2,
CMD39661,CL0976,P063,23/05/2023,3,1472.86,LIVRE,casa,Carte,LIV4,2023-05-28
CMD25589,CL0793,P048,Jul 31 2023,3,2179.57,livré,RBA,Carte,LIV6,2023-08-01
CMD03301,CL0430,P032,2024-01-16,3,1734.57,livré,kech,Carte,LIV5,2024-01-20
CMD34537,CL0351,P072,Oct 03 2023,4,3127.18,DONE,kech,Carte,LIV5,2023-10-06
CMD47366,CL0891,P035,24/09/2023,4,592.89,livré,CASABLANCA,Carte,LIV6,2023-09-28
CMD00851,CL0522,P066,Apr 23 2024,4,2663.86,DONE,TANGER,Carte,LIV2,2024-04-24
CMD14042,CL0171,P018,2023-05-20,3,3726.3,retourné,Tnja,Carte,LIV6,2023-05-24
CMD11356,CL0220,P078,2023-05-25,4,3295.38,LIVRE,marrakech,Carte,LIV2,2023-05-29
CMD15994,CL0221,P096,2023-09-08,4,2902.8,LIVRE,CASABLANCA,Carte,LIV9,2023-09-10
CMD40438,CL0755,P004,2023-04-25,5,325.99,OK,kech,Carte,LIV3,
CMD24252,CL0719,P087,24/03/2024,4,2009.9,annulé,kech,Carte,LIV3,
CMD09485,CL0116,P026,09/02/2023,1,1688.55,annulé,tanger,Carte,LIV9,
CMD45072,CL0921,P023,07/11/2023,3,1371.2,livré,CASABLANCA,Carte,LIV3,2023-11-11
CMD10079,CL0831,P002,Oct 21 2023,1,1653.36,OK,CASABLANCA,Carte,,
CMD02813,CL0560,P026,2023-11-23,3,1925.83,livré,TANGER,Carte,LIV9,2023-11-26
CMD03779,CL0424,P070,Jul 21 2023,3,221.76,livre,kech,Carte,LIV7,
CMD43976,CL0985,P038,2023-10-30,2,4658.91,LIVRE,TANGER,Carte,LIV7,2023-11-03
CMD43150,CL0242,P077,2023-07-01,4,3534.67,DONE,CASABLANCA,Carte,LIV6,2023-07-03
CMD14374,CL0357,P062,2023-03-19,2,4856.98,livré,kech,Carte,LIV8,2023-03-20
CMD15896,CL0478,P100,15/04/2024,4,1411.31,annulé,marrakech,Carte,,
CMD00115,CL0837,P032,2023-11-20,3,4912.0,livré,Agadir,Carte,LIV7,2023-11-25
CMD38395,CL0527,P019,22/11/2023,4,587.35,KO,Agadir,Carte,LIV8,
CMD11584,CL0556,P080,23/06/2023,4,2663.58,livre,marrakech,Carte,LIV9,
CMD41784,CL0894,P091,Jan 29 2024,3,4811.69,annulé,TANGER,Carte,LIV4,
CMD40594,CL0481,P086,Feb 01 2023,3,1431.33,annulé,kech,Carte,LIV6,
CMD19904,CL0296,P079,2023-04-11,2,2002.85,OK,tanger,Carte,LIV9,
CMD30406,CL0146,P099,Mar 15 2023,2,3105.5,OK,kech,Carte,LIV9,
CMD30943,CL0269,P017,Jan 20 2024,3,2773.54,OK,marrakech,Carte,LIV5,
CMD35268,CL0950,P039,2023-12-16,5,3791.7,livré,Agadir,Carte,LIV6,2023-12-21
CMD12334,CL0223,P090,Aug 30 2023,5,4601.06,OK,RBA,Carte,LIV4,
CMD13660,CL0113,P028,09/11/2023,3,4724.32,KO,TNG,Carte,LIV6,
CMD18317,CL0048,P018,06/01/2024,1,1270.95,annulé,TNG,Carte,LIV1,
CMD46768,CL0844,P048,2024-02-11,2,266.52,livré,casa,Carte,LIV4,2024-02-12
CMD23355,CL0794,P075,2023-12-12,2,546.89,annulé,Tnja,Carte,LIV5,
CMD11444,CL0860,P024,28/02/2024,2,4709.68,livre,kech,Carte,LIV4,
CMD46580,CL0316,P037,07/01/2024,3,108.91,livré,TNG,Carte,LIV3,2024-01-10
CMD29040,CL0679,P069,Aug 30 2023,2,3039.58,en_cours,CASABLANCA,Carte,LIV10,
CMD20806,CL0945,P033,02/04/2024,3,2837.55,retourné,Tnja,Carte,LIV5,2024-04-03
CMD25409,CL0518,P091,Jan 28 2024,5,2278.03,livre,Agadir,Carte,LIV6,
CMD13724,CL0272,P020,2024-01-07,3,2223.84,retourné,marrakech,Carte,LIV9,2024-01-09
CMD42459,CL0810,P073,08/05/2024,3,425.17,LIVRE,kech,Carte,LIV9,2024-05-11
CMD25746,CL0741,P043,2023-09-29,4,1276.8,livré,CASABLANCA,Carte,,2023-10-01
CMD38482,CL0870,P058,2024-03-03,3,1090.55,KO,CASABLANCA,Carte,LIV1,
CMD23567,CL0968,P059,16/07/2023,4,2634.17,annulé,Tnja,Carte,LIV3,
CMD47786,CL0516,P016,Jul 29 2023,1,3577.96,livré,Tnja,Carte,,2023-08-02
CMD37414,CL0845,P030,2023-04-19,5,2264.7,LIVRE,casa,Carte,LIV4,2023-04-20
CMD20241,CL0450,P084,18/07/2023,3,2879.39,retourné,kech,Carte,,2023-07-19
CMD14139,CL0956,P081,Mar 30 2024,4,4726.81,livre,tanger,Carte,LIV8,
CMD42019,CL0238,P034,2023-08-03,5,3374.34,LIVRE,kech,Carte,LIV8,2023-08-05
CMD42782,CL0708,P064,Mar 15 2023,3,795.21,livré,RBA,Carte,LIV1,2023-03-17
CMD37920,CL0155,P099,2024-05-13,4,3404.56,livré,marrakech,Carte,LIV10,2024-05-17
CMD19423,CL0884,P028,01/08/2023,-1,368.63,livré,CASABLANCA,Carte,LIV6,2023-08-03
CMD00557,CL0523,P086,07/02/2023,1,1151.81,DONE,marrakech,Carte,LIV7,2023-02-09
CMD14222,CL0110,P061,Jun 25 2023,3,4152.06,en_cours,Agadir,Carte,LIV2,
CMD18727,CL0494,P044,2024-03-28,4,2006.8,livré,marrakech,Carte,,2024-04-01
CMD44104,CL0334,P067,Apr 16 2023,4,3948.26,livré,Tnja,Carte,LIV1,2023-04-18
CMD19209,CL0002,P064,2023-06-28,2,2825.53,livre,TANGER,Carte,LIV7,
CMD47631,CL0712,P062,2023-03-21,1,159.91,livré,casa,Carte,LIV9,2023-03-26
CMD46067,CL0366,P053,2024-01-20,5,1132.46,livré,Agadir,Carte,LIV6,2024-01-21
CMD37036,CL0832,P073,06/11/2023,5,1038.31,annulé,kech,Carte,LIV5,
CMD05965,CL0098,P017,Jul 20 2023,3,1374.87,livré,TANGER,Carte,LIV5,2023-07-24
CMD22305,CL0561,P029,Dec 23 2023,1,4451.64,livré,tanger,Carte,LIV8,2023-12-26
CMD30172,CL0783,P056,17/12/2023,4,1518.75,livré,TNG,Carte,,2023-12-19
CMD21973,CL0472,P083,Mar 10 2023,2,2311.26,livré,Tnja,Carte,LIV4,2023-03-11
CMD45062,CL0055,P024,26/11/2023,3,0,LIVRE,casa,Carte,LIV2,2023-11-29
CMD45455,CL0053,P018,Feb 22 2023,3,1365.18,retourné,Agadir,Carte,LIV2,2023-02-23
CMD06737,CL0324,P007,30/12/2023,1,3948.34,retourné,TANGER,Carte,LIV2,2024-01-04
CMD02287,CL0125,P023,28/05/2023,2,3153.4,livre,RBA,Carte,LIV9,
CMD23964,CL0264,P038,2023-04-11,5,4601.03,livré,kech,Carte,LIV3,2023-04-14
CMD27518,CL0478,P034,Feb 02 2024,4,1649.27,LIVRE,RBA,Carte,LIV8,2024-02-05
CMD26888,CL0343,P099,09/06/2023,1,2572.47,OK,Tnja,Carte,LIV10,
CMD20666,CL0709,P096,05/02/2023,2,1680.82,livré,Agadir,Carte,LIV10,2023-02-09
CMD21737,CL0439,P078,2023-03-21,4,2615.8,livré,TANGER,Carte,LIV10,2023-03-25
CMD18856,CL0858,P046,Oct 27 2023,2,2874.05,livré,Tnja,Carte,LIV2,2023-10-31
CMD26583,CL0446,P071,Nov 17 2023,4,3598.59,livré,kech,Carte,,2023-11-19
CMD17109,CL0403,P055,2023-06-27,2,4683.88,livre,Tnja,Carte,LIV3,
CMD10083,CL0255,P048,Dec 17 2023,1,2095.27,livré,CASABLANCA,Carte,LIV7,2023-12-18
CMD47449,CL0969,P010,24/03/2024,4,908.48,OK,casa,Carte,,
CMD29966,CL0473,P043,Feb 23 2024,2,1082.66,annulé,tanger,Carte,LIV5,
CMD38932,CL0362,P065,13/06/2023,5,4434.13,LIVRE,TANGER,Carte,LIV8,2023-06-16
CMD43230,CL0608,P053,18/12/2023,5,1288.2,DONE,tanger,Carte,LIV1,2023-12-19
CMD34985,CL0714,P019,Dec 13 2023,3,1113.15,LIVRE,RBA,Carte,LIV8,2023-12-16
CMD26356,CL0639,P090,2023-12-01,3,2362.56,LIVRE,Tnja,Carte,LIV4,2023-12-03
CMD01682,CL0658,P091,Jan 25 2023,5,4997.81,livre,Agadir,Carte,LIV8,
CMD29527,CL0566,P069,08/01/2024,2,2217.33,retourné,kech,Carte,,2024-01-12
CMD06498,CL0143,P055,03/02/2023,4,1733.86,livré,TANGER,Carte,LIV7,2023-02-08
CMD35070,CL0511,P099,2023-07-21,4,2746.88,livré,casa,Carte,LIV7,2023-07-23
CMD44109,CL0119,P006,2023-03-30,2,1628.73,livré,marrakech,Carte,LIV4,2023-03-31
CMD08136,CL0106,P028,Apr 15 2024,1,3715.76,KO,CASABLANCA,Carte,LIV9,
CMD16899,CL0852,P054,Dec 23 2023,3,3486.48,KO,casa,Carte,LIV6,
CMD25445,CL0860,P013,Feb 10 2024,4,2555.68,KO,TANGER,Carte,LIV7,
CMD38201,CL0079,P081,19/02/2023,4,68.52,livre,CASABLANCA,Carte,LIV8,
CMD40341,CL0678,P012,2023-02-16,4,2270.84,DONE,Tnja,Carte,LIV8,2023-02-17
CMD24793,CL0307,P092,15/04/2024,2,3996.03,annulé,Tnja,Carte,LIV2,
CMD43903,CL0130,P091,May 26 2023,2,506.05,retourné,kech,Carte,LIV10,2023-05-31
CMD27553,CL0047,P073,2024-03-09,3,4945.34,livré,TANGER,Carte,,2024-03-13
CMD09529,CL0178,P067,Dec 21 2023,3,3953.36,OK,TNG,Carte,LIV6,
CMD36829,CL0870,P076,Jan 15 2023,5,585.7,livre,RBA,Carte,LIV8,
CMD38833,CL0065,P088,2023-05-31,2,2876.8,annulé,Agadir,Carte,LIV5,
CMD06723,CL0136,P049,2023-08-03,4,694.5,retourné,tanger,Carte,LIV5,2023-08-07
CMD32991,CL0048,P084,Jul 26 2023,2,610.77,DONE,kech,Carte,LIV5,2023-07-28
CMD06686,CL0167,P077,14/05/2024,2,570.12,KO,TNG,Carte,LIV1,
CMD32819,CL0278,P042,06/11/2023,5,1132.42,LIVRE,marrakech,Carte,LIV6,2023-11-07
CMD07729,CL0319,P010,2023-12-21,3,2267.79,livré,casa,Carte,LIV2,2023-12-23
CMD14273,CL0460,P083,May 13 2024,5,4503.13,livre,Tnja,Carte,LIV2,
CMD32194,CL0597,P019,08/04/2024,3,2988.58,KO,RBA,Carte,LIV10,
CMD46897,CL0756,P098,2023-09-17,1,251.45,LIVRE,Tnja,Carte,LIV6,2023-09-18
CMD02563,CL0007,P076,2023-01-22,3,3279.42,retourné,RBA,Carte,LIV7,2023-01-27
CMD29749,CL0339,P039,08/02/2024,4,4968.89,DONE,Tnja,Carte,LIV4,2024-02-12
CMD09734,CL0604,P047,Nov 26 2023,4,3686.08,retourné,CASABLANCA,Carte,LIV1,2023-11-28
CMD02069,CL0143,P075,14/09/2023,1,1704.11,en_cours,kech,Carte,LIV10,
CMD27283,CL0239,P059,14/02/2024,1,0,LIVRE,RBA,Carte,LIV7,2024-02-18
CMD02771,CL0134,P081,17/01/2023,3,1436.77,DONE,casa,Carte,LIV10,2023-01-18
CMD05274,CL0401,P060,16/12/2023,-1,811.97,livré,TNG,Carte,LIV2,2023-12-17
CMD42109,CL0953,P022,23/11/2023,3,3546.47,OK,Agadir,Carte,LIV7,
CMD41545,CL0198,P001,Mar 25 2024,4,73.52,LIVRE,tanger,Carte,,2024-03-30
CMD42195,CL0681,P081,2024-05-05,5,2436.76,retourné,tanger,Carte,LIV8,2024-05-06
CMD27377,CL0557,P074,14/05/2023,3,564.77,livré,Agadir,Carte,LIV7,2023-05-18
CMD07024,CL0659,P086,Jul 14 2023,4,3936.94,livré,Tnja,Carte,LIV7,2023-07-19
CMD17582,CL0128,P057,Aug 30 2023,4,955.2,en_cours,tanger,Carte,LIV5,
CMD26657,CL0542,P026,Dec 10 2023,2,2474.37,retourné,casa,Carte,LIV9,2023-12-13
CMD32785,CL0248,P047,May 01 2024,1,2583.62,KO,CASABLANCA,Carte,LIV1,
CMD04671,CL0174,P051,31/03/2024,5,2274.1,livre,TNG,Carte,LIV7,
CMD32027,CL0433,P088,2024-03-17,3,666.04,livré,TNG,Carte,LIV7,2024-03-21
CMD33761,CL0424,P048,2023-12-13,5,1990.72,annulé,casa,Carte,LIV5,
CMD20028,CL0552,P061,2023-07-31,5,611.49,livré,marrakech,Carte,,2023-08-03
CMD21309,CL0846,P021,Jan 29 2024,4,4593.51,LIVRE,Tnja,Carte,LIV3,2024-02-02
CMD29129,CL0172,P072,Aug 15 2023,3,1002.73,LIVRE,marrakech,Carte,LIV8,2023-08-16
CMD06422,CL0350,P055,Apr 18 2024,3,526.88,livre,TANGER,Carte,LIV3,
CMD24919,CL0692,P007,Apr 22 2023,5,1410.26,livré,TNG,Carte,LIV4,2023-04-27
CMD26029,CL0907,P036,2024-01-01,3,1856.55,annulé,CASABLANCA,Carte,LIV9,
CMD35623,CL0763,P032,06/06/2023,3,2869.61,livré,kech,Carte,LIV6,2023-06-09
CMD37966,CL0602,P027,2024-03-15,2,2601.73,livré,TANGER,Carte,LIV1,2024-03-20
CMD27265,CL0580,P093,Jun 02 2023,3,813.77,livré,TANGER,Carte,LIV1,2023-06-04
CMD33434,CL0160,P069,14/02/2024,1,1810.55,retourné,tanger,Carte,LIV9,2024-02-15
CMD07881,CL0573,P047,02/01/2023,1,0,livré,CASABLANCA,Carte,LIV8,2023-01-06
CMD24951,CL0529,P090,May 11 2024,4,2873.5,annulé,CASABLANCA,Carte,,
CMD00013,CL0220,P006,2023-10-25,4,4321.31,livré,kech,Carte,LIV6,2023-10-28
CMD18113,CL0291,P035,Sep 14 2023,1,1262.13,DONE,marrakech,Carte,LIV4,2023-09-16
CMD30726,CL0404,P038,01/01/2024,5,3134.75,en_cours,Agadir,Carte,LIV4,
CMD10361,CL0457,P068,2024-04-30,2,2671.75,livre,CASABLANCA,Carte,LIV1,
CMD48240,CL0617,P077,2023-09-08,5,2725.06,livré,TANGER,Carte,LIV9,2023-09-13
CMD30898,CL0732,P084,2023-02-02,5,948.25,livré,CASABLANCA,Carte,,2023-02-04
CMD12556,CL0235,P062,2023-10-04,5,640.95,KO,TNG,Carte,LIV5,
CMD14100,CL0361,P073,13/03/2023,2,4644.09,KO,marrakech,Carte,LIV3,
CMD14166,CL0132,P062,Nov 12 2023,5,1243.42,LIVRE,kech,Carte,LIV4,2023-11-17
CMD16383,CL0322,P041,10/04/2023,4,532.82,en_cours,CASABLANCA,Carte,LIV9,
CMD06421,CL0224,P063,Jun 07 2023,4,635.05,livré,Agadir,Carte,LIV9,2023-06-08
CMD00981,CL0162,P064,2023-01-25,2,1887.49,retourné,tanger,Carte,LIV8,2023-01-26
CMD20870,CL0276,P046,11/01/2024,5,4314.59,livré,TANGER,Carte,LIV1,2024-01-13
CMD22738,CL0477,P027,Aug 24 2023,2,1411.28,livré,Tnja,Carte,LIV3,2023-08-27
CMD36728,CL0646,P029,2023-10-28,1,2178.98,livre,Agadir,Carte,LIV3,
CMD47022,CL0775,P007,12/07/2023,2,526.99,en_cours,RBA,Carte,LIV7,
CMD48140,CL0184,P082,05/01/2023,4,3827.53,livre,RBA,Carte,LIV6,
CMD23394,CL0735,P009,Sep 26 2023,3,2353.8,livré,marrakech,Carte,LIV9,2023-09-27
CMD22241,CL0685,P060,Jun 17 2023,5,2271.59,livré,CASABLANCA,Carte,,2023-06-19
CMD17415,CL0439,P048,2023-09-04,5,816.72,livré,kech,Carte,LIV3,2023-09-06
CMD12957,CL0300,P070,Jan 18 2023,2,1194.95,LIVRE,kech,Carte,LIV2,2023-01-19
CMD24508,CL0571,P012,2023-10-06,5,1771.46,annulé,marrakech,Carte,LIV7,
CMD39544,CL0420,P013,2023-11-22,2,4805.19,DONE,RBA,Carte,LIV6,2023-11-27
CMD06141,CL0895,P019,Dec 03 2023,4,1715.57,livré,RBA,Carte,LIV7,2023-12-06
CMD34596,CL0190,P052,2024-03-28,3,2021.53,LIVRE,kech,Carte,,2024-04-02
CMD02790,CL0008,P076,2023-08-09,2,188.47,livré,Tnja,Carte,LIV10,2023-08-12
CMD04391,CL0932,P086,2023-12-19,5,1608.08,livré,kech,Carte,LIV3,2023-12-23
CMD18996,CL0331,P040,May 17 2023,3,353.27,DONE,Agadir,Carte,LIV8,2023-05-19
CMD26522,CL0251,P012,30/10/2023,4,399.17,livré,marrakech,Carte,LIV9,2023-11-03
CMD33861,CL0993,P046,22/10/2023,1,2654.64,LIVRE,kech,Carte,LIV2,2023-10-25
CMD01789,CL0713,P019,2023-03-28,4,1070.7,en_cours,RBA,Carte,LIV3,
CMD22039,CL0215,P004,2023-02-27,1,3665.09,retourné,Agadir,Carte,LIV7,2023-03-04
CMD41275,CL0316,P081,25/04/2024,1,3718.03,livre,Agadir,Carte,LIV7,
CMD25551,CL0272,P084,25/12/2023,1,2338.56,livré,CASABLANCA,Carte,LIV5,2023-12-27
CMD15046,CL0097,P092,Mar 25 2023,2,4079.83,livré,marrakech,Carte,LIV3,2023-03-27
CMD05055,CL0068,P075,24/01/2024,4,0,retourné,tanger,Carte,LIV8,2024-01-25
CMD02063,CL0970,P027,May 30 2023,4,3176.86,DONE,kech,Carte,LIV8,2023-06-01
CMD27807,CL0472,P008,2023-09-10,4,487.95,annulé,kech,Carte,LIV3,
CMD20116,CL0625,P028,May 07 2023,1,1376.13,KO,kech,Carte,LIV5,
CMD33577,CL0648,P020,Sep 12 2023,4,2025.51,LIVRE,CASABLANCA,Carte,LIV4,2023-09-14
CMD30504,CL0589,P094,2023-08-06,2,3618.21,OK,kech,Carte,,
CMD04016,CL0676,P012,Oct 19 2023,5,4737.37,retourné,RBA,Carte,LIV4,2023-10-22
CMD28703,CL0096,P083,29/07/2023,4,2689.18,KO,Tnja,Carte,LIV8,
CMD40613,CL0239,P085,Dec 26 2023,2,3981.32,LIVRE,kech,Carte,LIV2,2023-12-31
CMD06841,CL0730,P001,Apr 16 2023,5,3787.5,KO,casa,Carte,LIV1,
CMD30134,CL0519,P082,2024-01-26,3,2137.56,livré,TANGER,Carte,LIV7,2024-01-31
CMD06212,CL0839,P061,27/12/2023,1,1574.73,annulé,TANGER,Carte,LIV9,
CMD18778,CL0195,P073,29/04/2023,5,1558.2,livré,Tnja,Carte,LIV1,2023-05-02
CMD41179,CL0795,P008,Feb 17 2023,5,3290.18,livré,TNG,Carte,LIV3,2023-02-18
CMD42681,CL0118,P054,15/02/2024,3,3459.71,DONE,tanger,Carte,LIV6,2024-02-17
CMD38701,CL0240,P008,Jan 10 2023,4,263.27,livré,casa,Carte,LIV6,2023-01-13
CMD11077,CL0853,P014,Jan 17 2023,1,732.51,OK,casa,Carte,LIV3,
CMD05441,CL0319,P091,18/03/2024,3,2531.18,livré,casa,Carte,LIV3,2024-03-20
CMD18159,CL0440,P026,09/11/2023,5,217.15,annulé,kech,Carte,LIV2,
CMD32669,CL0215,P006,04/10/2023,5,3980.49,en_cours,CASABLANCA,Carte,LIV5,
CMD37250,CL0624,P037,Jul 25 2023,1,955.13,LIVRE,marrakech,Carte,LIV5,2023-07-28
CMD21865,CL0941,P002,12/09/2023,4,2689.93,en_cours,RBA,Carte,LIV8,
CMD28445,CL0777,P061,2023-06-03,1,606.75,KO,marrakech,Carte,LIV1,
CMD28588,CL0252,P023,Nov 01 2023,5,3572.45,LIVRE,casa,Carte,LIV6,2023-11-05
CMD12434,CL0371,P067,2023-05-18,5,883.3,DONE,Agadir,Carte,LIV2,2023-05-22
CMD23437,CL0224,P083,Jun 19 2023,2,803.95,annulé,TANGER,Carte,LIV9,
CMD08487,CL0790,P004,Jun 23 2023,3,574.19,DONE,kech,Carte,LIV9,2023-06-28
CMD48285,CL0309,P053,Apr 02 2023,3,4761.91,livré,RBA,Carte,LIV3,2023-04-06
CMD08916,CL0422,P020,08/02/2023,-1,3171.13,DONE,TANGER,Carte,LIV7,2023-02-11
CMD13406,CL0399,P027,Aug 03 2023,5,4554.25,en_cours,casa,Carte,LIV2,
CMD02549,CL0902,P085,29/01/2024,4,109.74,en_cours,kech,Carte,LIV1,
CMD10535,CL0501,P041,Dec 11 2023,3,913.16,annulé,tanger,Carte,LIV8,
CMD38845,CL0958,P072,Jul 29 2023,2,1034.03,en_cours,Agadir,Carte,LIV8,
CMD27192,CL0495,P039,May 20 2023,1,4006.12,OK,tanger,Carte,LIV2,
CMD07687,CL0616,P073,28/02/2023,1,4951.85,livre,TANGER,Carte,LIV1,
CMD29886,CL0412,P055,18/02/2023,4,2810.15,livré,tanger,Carte,LIV10,2023-02-21
CMD36200,CL0341,P038,2023-04-19,1,1733.71,en_cours,RBA,Carte,LIV4,
CMD08827,CL0093,P020,13/07/2023,4,1413.22,livré,TANGER,Carte,LIV1,2023-07-17
CMD31369,CL0430,P053,2023-07-06,3,2380.87,DONE,casa,Carte,LIV7,2023-07-07
CMD01142,CL0499,P066,16/04/2024,1,4513.84,livré,casa,Carte,LIV10,2024-04-19
CMD06435,CL0548,P080,2023-08-19,2,3627.0,OK,kech,Carte,LIV4,
CMD15947,CL0202,P066,2023-09-25,5,1399.34,retourné,TNG,Carte,LIV7,2023-09-29
CMD40711,CL0582,P009,2023-03-03,5,4617.89,en_cours,casa,Carte,LIV3,
CMD00306,CL0491,P079,06/01/2023,5,4326.16,DONE,tanger,Carte,LIV3,2023-01-09
CMD18175,CL0429,P003,23/11/2023,4,2921.64,LIVRE,TNG,Carte,LIV5,2023-11-26
CMD00802,CL0720,P061,2023-04-22,5,3925.9,OK,kech,Carte,LIV2,
CMD29794,CL0495,P024,Apr 18 2023,4,1352.82,livré,casa,Carte,LIV8,2023-04-22
CMD07000,CL0925,P093,19/06/2023,4,2738.54,DONE,tanger,Carte,,2023-06-24
CMD01719,CL0111,P031,17/08/2023,5,2820.66,livré,Tnja,Carte,LIV10,2023-08-20
CMD10999,CL0359,P034,14/04/2023,3,2787.74,en_cours,TNG,Carte,LIV5,
CMD47015,CL0474,P021,08/07/2023,2,1952.54,en_cours,TNG,Carte,LIV7,
CMD47376,CL0061,P060,2023-11-29,5,4633.76,KO,TANGER,Carte,LIV10,
CMD40971,CL0404,P015,2023-09-29,1,92.3,livré,kech,Carte,LIV7,2023-10-04
CMD36094,CL0937,P053,29/01/2024,1,2972.0,livré,TANGER,Carte,LIV3,2024-02-01
CMD34764,CL0130,P005,12/04/2023,1,3471.05,LIVRE,CASABLANCA,Carte,LIV4,2023-04-16
CMD48202,CL0654,P067,Aug 09 2023,5,782.4,KO,Agadir,Carte,LIV10,
CMD37141,CL0598,P004,2023-01-18,1,3182.61,en_cours,Agadir,Carte,LIV3,
CMD30293,CL0537,P081,17/02/2023,5,487.5,OK,CASABLANCA,Carte,LIV6,
CMD22120,CL0222,P046,25/02/2023,-1,3458.4,livré,TNG,Carte,,2023-03-02
CMD05017,CL0177,P058,Feb 02 2023,1,1481.86,livré,CASABLANCA,Carte,LIV6,2023-02-06
CMD03388,CL0663,P053,20/07/2023,4,4840.57,livre,Agadir,Carte,LIV8,
CMD34398,CL0494,P055,2024-03-08,4,622.76,annulé,marrakech,Carte,LIV8,
CMD17160,CL0586,P036,Jun 06 2023,3,3475.85,livré,TANGER,Carte,LIV2,2023-06-07
CMD27206,CL0359,P074,May 10 2024,2,2365.97,en_cours,marrakech,Carte,LIV10,
CMD43547,CL0840,P009,2023-03-15,4,1407.47,DONE,marrakech,Carte,LIV1,2023-03-17
CMD20129,CL0270,P092,2023-02-24,3,3419.31,KO,kech,Carte,LIV8,
CMD27565,CL0274,P083,2024-02-12,1,4933.25,annulé,Tnja,Carte,LIV1,
CMD43789,CL0148,P065,2024-01-14,2,2052.79,livré,Tnja,Carte,LIV7,2024-01-16
CMD31716,CL0723,P029,10/12/2023,1,2612.47,LIVRE,TNG,Carte,LIV1,2023-12-11
CMD10616,CL0961,P046,2023-01-10,2,3803.84,KO,CASABLANCA,Carte,LIV10,
CMD26674,CL0138,P075,Aug 19 2023,1,1953.36,livré,kech,Carte,LIV6,2023-08-21
CMD37976,CL0049,P078,2023-05-16,5,2952.25,livré,TNG,Carte,LIV3,2023-05-19
CMD44300,CL0673,P085,2024-02-22,4,3828.99,LIVRE,TNG,Carte,LIV3,2024-02-23
CMD33309,CL0025,P014,26/05/2023,1,632.01,OK,kech,Carte,LIV7,
CMD40116,CL0532,P014,Jun 21 2023,5,2358.11,livré,RBA,Carte,LIV3,2023-06-22
CMD27175,CL0415,P013,2024-04-29,4,3037.61,DONE,Agadir,Carte,LIV9,2024-05-02
CMD34533,CL0588,P078,Mar 23 2023,1,3662.31,LIVRE,tanger,Carte,LIV3,2023-03-27
CMD21424,CL0307,P028,21/07/2023,2,4714.44,en_cours,Tnja,Carte,,
CMD45715,CL0591,P078,Apr 16 2024,1,3285.77,livré,marrakech,Carte,,2024-04-20
CMD46635,CL0598,P020,14/01/2023,3,1950.66,annulé,tanger,Carte,LIV9,
CMD09120,CL0962,P030,2023-05-02,4,3450.69,retourné,TNG,Carte,LIV1,2023-05-06
CMD03115,CL0121,P029,2024-01-22,5,2594.98,livré,Agadir,Carte,LIV9,2024-01-26
CMD03559,CL0841,P028,2023-08-09,1,1523.49,DONE,kech,Carte,LIV9,2023-08-14
CMD13208,CL0415,P029,23/10/2023,1,2085.98,livre,casa,Carte,LIV6,
CMD37958,CL0379,P077,23/03/2023,3,3256.63,livré,Tnja,Carte,LIV6,2023-03-24
CMD12026,CL0723,P004,27/08/2023,4,226.57,livre,Tnja,Carte,LIV7,
CMD12091,CL0107,P005,Mar 30 2024,4,667.45,LIVRE,kech,Carte,LIV8,2024-04-02
CMD29075,CL0407,P069,05/03/2023,4,2958.78,livré,Tnja,Carte,LIV2,2023-03-09
CMD33085,CL0700,P031,29/07/2023,2,4517.54,retourné,kech,Carte,LIV10,2023-07-30
CMD23949,CL0776,P057,May 11 2023,5,2183.27,livré,tanger,Carte,LIV10,2023-05-15
CMD20004,CL0665,P087,Mar 09 2024,3,3987.79,livré,TANGER,Carte,LIV1,2024-03-14
CMD43001,CL0508,P019,14/02/2024,3,3376.66,livré,TANGER,Carte,LIV1,2024-02-15
CMD25958,CL0841,P034,Jul 10 2023,5,3881.7,OK,kech,Carte,LIV7,
CMD15298,CL0776,P027,2024-05-08,3,1079.27,OK,kech,Carte,,
CMD41324,CL0236,P004,11/04/2024,1,348.33,OK,marrakech,Carte,LIV1,
CMD27885,CL0064,P020,Mar 26 2024,1,901.94,livré,marrakech,Carte,LIV4,2024-03-29
CMD09755,CL0028,P093,2023-03-20,2,3462.1,livré,Agadir,Carte,LIV3,2023-03-22
CMD14264,CL0058,P014,Apr 12 2024,2,2306.09,livré,casa,Carte,LIV10,2024-04-15
CMD38884,CL0160,P034,31/05/2023,5,4847.01,livré,TNG,Carte,LIV9,2023-06-01
CMD16670,CL0232,P015,2023-09-01,3,77.87,OK,tanger,Carte,LIV9,
CMD35395,CL0889,P043,Mar 02 2023,2,4433.47,annulé,Tnja,Carte,LIV5,
CMD33109,CL0322,P041,30/03/2023,2,2673.68,LIVRE,RBA,Carte,LIV3,2023-03-31
CMD46847,CL0717,P044,2023-05-02,1,2699.23,DONE,TNG,Carte,LIV7,2023-05-03
CMD07790,CL0244,P032,Mar 26 2023,3,4087.62,DONE,tanger,Carte,LIV6,2023-03-28
CMD21275,CL0537,P045,Aug 15 2023,4,2252.2,DONE,casa,Carte,LIV5,2023-08-19
CMD45328,CL0672,P048,2023-04-06,5,2989.13,livré,marrakech,Carte,LIV6,2023-04-08
CMD37760,CL0455,P027,15/09/2023,1,943.56,annulé,CASABLANCA,Carte,LIV7,
CMD37001,CL0369,P006,16/03/2023,2,1925.65,livré,TANGER,Carte,LIV4,2023-03-17
CMD03175,CL0604,P064,2023-08-05,1,2226.14,OK,Agadir,Carte,LIV5,
CMD14344,CL0148,P098,2024-01-14,5,3162.03,DONE,Tnja,Carte,LIV10,2024-01-17
CMD39433,CL0770,P018,2023-12-09,1,1077.27,annulé,casa,Carte,LIV9,
CMD14693,CL0129,P079,Feb 28 2023,4,1119.99,LIVRE,RBA,Carte,LIV3,2023-03-03
CMD09148,CL0087,P035,Jun 05 2023,1,3523.28,KO,TANGER,Carte,LIV3,
CMD11331,CL0373,P033,30/12/2023,1,3565.52,livre,TANGER,Carte,LIV8,
CMD26136,CL0496,P078,Aug 12 2023,3,633.27,en_cours,tanger,Carte,LIV7,
CMD45365,CL0280,P035,Jun 12 2023,5,781.32,livre,casa,Carte,LIV9,
CMD35305,CL0061,P020,12/04/2024,4,4957.65,en_cours,Agadir,Carte,LIV10,
CMD02014,CL0253,P025,2023-11-25,1,1778.05,DONE,CASABLANCA,Carte,,2023-11-27
CMD42464,CL0780,P018,2024-04-08,2,1329.67,DONE,TANGER,Carte,LIV8,2024-04-10
CMD04165,CL0842,P090,2024-01-03,3,4889.03,en_cours,tanger,Carte,LIV10,
CMD12211,CL0369,P041,Jun 26 2023,1,3202.87,livré,CASABLANCA,Carte,LIV6,2023-06-30
CMD17743,CL0745,P044,14/03/2023,4,3240.88,en_cours,TANGER,Carte,LIV3,
CMD15557,CL0635,P021,2024-02-11,3,3049.37,KO,marrakech,Carte,,
CMD42852,CL0717,P073,13/02/2023,1,2950.03,livré,CASABLANCA,Carte,LIV5,2023-02-17
CMD36496,CL0893,P087,2023-07-23,1,2098.08,OK,Agadir,Carte,LIV8,
CMD43358,CL0020,P061,Oct 18 2023,4,1966.12,livré,CASABLANCA,Carte,LIV3,2023-10-19
CMD05146,CL0470,P042,Aug 05 2023,3,3867.21,livré,RBA,Carte,LIV7,2023-08-10
CMD03933,CL0747,P010,Feb 08 2024,5,427.77,en_cours,marrakech,Carte,LIV1,
CMD14522,CL0792,P091,2023-01-25,4,92.84,KO,Tnja,Carte,LIV5,
CMD11025,CL0285,P008,2023-07-09,1,1302.8,OK,TNG,Carte,LIV4,
CMD09154,CL0911,P057,21/02/2023,1,4271.11,livré,TANGER,Carte,,2023-02-26
CMD32167,CL0788,P057,Jul 26 2023,3,3408.79,OK,casa,Carte,LIV8,
CMD12948,CL0847,P036,Aug 25 2023,3,3122.05,KO,Tnja,Carte,LIV6,
CMD40677,CL0974,P069,2023-05-06,3,4020.38,annulé,tanger,Carte,LIV7,
CMD36140,CL0126,P032,Nov 26 2023,4,3073.06,retourné,Tnja,Carte,LIV6,2023-11-28
CMD27349,CL0800,P036,2023-06-07,2,1925.96,annulé,TANGER,Carte,LIV7,
CMD39892,CL0287,P072,2024-02-24,3,3122.02,livré,casa,Carte,,2024-02-28
CMD44318,CL0536,P090,Oct 02 2023,3,2803.78,KO,TANGER,Carte,LIV2,
CMD08985,CL0948,P077,Dec 30 2023,1,1922.88,LIVRE,TNG,Carte,,2024-01-04
CMD42623,CL0853,P049,Mar 29 2023,-1,91.97,DONE,tanger,Carte,LIV8,2023-04-02
CMD35716,CL0222,P046,Apr 19 2024,1,3689.05,livre,Tnja,Carte,LIV8,
CMD24089,CL0844,P030,Feb 25 2023,4,4618.23,LIVRE,tanger,Carte,LIV2,2023-03-02
CMD17474,CL0650,P096,2024-02-17,3,4139.28,livré,casa,Carte,LIV1,2024-02-21
CMD23623,CL0476,P065,Jul 06 2023,1,224.38,retourné,CASABLANCA,Carte,LIV5,2023-07-08
CMD22215,CL0057,P064,Sep 02 2023,1,1894.85,livré,CASABLANCA,Carte,LIV9,2023-09-07
CMD24308,CL0005,P096,2023-04-16,4,1889.54,DONE,TNG,Carte,LIV10,2023-04-18
CMD33355,CL0123,P087,Mar 07 2024,2,1970.14,en_cours,TANGER,Carte,LIV5,
CMD18006,CL0094,P012,2023-01-17,1,642.52,livre,kech,Carte,LIV10,
CMD38964,CL0406,P062,2023-09-17,2,1402.63,en_cours,kech,Carte,LIV8,
CMD45127,CL0785,P026,2023-06-01,5,1064.78,livré,TANGER,Carte,LIV8,2023-06-02
CMD26297,CL0973,P098,Jul 27 2023,2,703.14,en_cours,Tnja,Carte,LIV9,
CMD28232,CL0347,P008,Jan 07 2023,1,0,KO,Agadir,Carte,LIV2,
CMD38834,CL0124,P080,2023-10-18,1,3551.75,livré,kech,Carte,LIV10,2023-10-20
CMD29190,CL0852,P005,Mar 20 2024,1,674.27,livré,Tnja,Carte,LIV5,2024-03-21
CMD41730,CL0099,P066,Apr 01 2024,3,3616.48,retourné,kech,Carte,LIV2,2024-04-05
CMD09683,CL0780,P093,2023-01-27,2,4982.88,LIVRE,kech,Carte,LIV5,2023-01-31
CMD16742,CL0570,P092,Dec 26 2023,1,2288.91,livre,TNG,Carte,,
CMD06812,CL0367,P066,Jun 23 2023,2,3906.67,livré,Agadir,Carte,LIV2,2023-06-28
CMD08649,CL0187,P014,14/03/2024,2,2506.55,annulé,kech,Carte,LIV2,
CMD03720,CL0662,P024,03/08/2023,2,1322.0,livré,marrakech,Carte,LIV1,2023-08-07
CMD31495,CL0891,P096,Jan 09 2024,3,2751.9,livré,Agadir,Carte,LIV8,2024-01-14
CMD13012,CL0577,P074,2023-01-26,4,3102.86,livré,casa,Carte,,2023-01-31
CMD24109,CL0664,P017,23/01/2023,3,2405.98,livré,marrakech,Carte,LIV3,2023-01-25
CMD04453,CL0917,P021,2024-05-08,1,278.43,livré,Agadir,Carte,,2024-05-10
CMD17323,CL0974,P034,04/06/2023,3,1777.88,KO,marrakech,Carte,LIV3,
CMD02333,CL0634,P072,Jan 21 2023,2,1975.23,livré,TANGER,Carte,LIV8,2023-01-25
CMD17584,CL0746,P027,2023-12-08,4,3342.6,livré,Agadir,Carte,LIV6,2023-12-12
CMD31618,CL0926,P054,18/10/2023,5,2736.51,en_cours,kech,Carte,LIV7,
CMD33987,CL0029,P023,26/01/2024,5,603.12,livre,TNG,Carte,LIV1,
CMD02503,CL0307,P031,2024-03-30,1,2299.2,retourné,Agadir,Carte,LIV6,2024-04-04
CMD47299,CL0934,P069,Oct 25 2023,5,468.94,livré,tanger,Carte,LIV5,2023-10-30
CMD24465,CL0023,P087,03/12/2023,1,3698.95,OK,TNG,Carte,LIV2,
CMD13209,CL0186,P045,26/06/2023,3,2564.73,DONE,RBA,Carte,LIV10,2023-06-28
CMD14243,CL0231,P029,2024-04-14,3,2032.37,retourné,marrakech,Carte,LIV9,2024-04-15
CMD24834,CL0801,P024,2023-12-25,2,2387.41,livré,kech,Carte,LIV6,2023-12-28
CMD16901,CL0622,P082,2024-05-07,4,844.5,retourné,kech,Carte,LIV5,2024-05-09
CMD08328,CL0804,P019,07/11/2023,3,2772.87,retourné,TANGER,Carte,LIV9,2023-11-10
CMD04849,CL0220,P051,2024-01-23,3,819.54,livre,Tnja,Carte,LIV6,
CMD31306,CL0808,P018,2023-04-12,1,4580.17,LIVRE,RBA,Carte,,2023-04-15
CMD42467,CL0657,P024,Jul 09 2023,1,4008.68,livré,RBA,Carte,LIV8,2023-07-10
CMD47886,CL0892,P029,05/05/2024,3,4326.32,OK,tanger,Carte,LIV6,
CMD26546,CL0665,P037,Jul 10 2023,1,3877.07,OK,RBA,Carte,LIV7,
CMD17166,CL0943,P046,24/01/2023,5,1056.36,livré,TNG,Carte,,2023-01-28
CMD44957,CL0683,P067,13/01/2023,4,3612.01,en_cours,RBA,Carte,LIV3,
CMD09086,CL0722,P072,Sep 29 2023,1,3705.0,livre,casa,Carte,LIV2,
CMD18539,CL0350,P048,22/01/2024,5,3434.56,en_cours,kech,Carte,LIV2,
CMD37154,CL0293,P015,2023-05-29,3,0,livré,Agadir,Carte,LIV9,2023-06-03
CMD26714,CL0937,P094,2024-01-04,-1,1745.78,livré,tanger,Carte,LIV4,2024-01-07
CMD42029,CL0937,P046,Nov 20 2023,5,3655.2,livré,TNG,Carte,LIV8,2023-11-22
CMD33528,CL0502,P003,01/10/2023,4,3369.55,LIVRE,tanger,Carte,LIV5,2023-10-02
CMD24890,CL0090,P085,May 09 2023,3,3987.39,livré,marrakech,Carte,LIV3,2023-05-11
CMD11409,CL0967,P064,2024-03-16,1,3427.96,livré,tanger,Carte,LIV9,2024-03-19
CMD21048,CL0607,P071,21/05/2023,4,355.75,livré,RBA,Carte,LIV6,2023-05-26
CMD34961,CL0272,P012,12/01/2023,5,1958.24,livré,TNG,Carte,LIV10,2023-01-15
CMD24416,CL0459,P071,2024-01-28,4,4098.95,livre,casa,Carte,LIV6,
CMD21979,CL0417,P058,2023-04-20,5,3799.58,LIVRE,CASABLANCA,Carte,LIV5,2023-04-24
CMD05694,CL0638,P034,06/08/2023,2,2280.69,KO,RBA,Carte,LIV5,
CMD19329,CL0888,P067,Apr 03 2023,4,0,livre,Agadir,Carte,LIV5,
CMD24457,CL0156,P069,2023-11-27,3,1300.28,retourné,marrakech,Carte,LIV4,2023-12-01
CMD33024,CL0958,P040,May 28 2023,4,1015.55,LIVRE,CASABLANCA,Carte,LIV10,2023-06-02
CMD27455,CL0295,P089,2023-02-05,1,2998.65,livré,casa,Carte,LIV6,2023-02-10
CMD41419,CL0356,P033,2023-11-06,1,1488.0,en_cours,TANGER,Carte,LIV2,
CMD00108,CL0467,P024,2023-03-09,3,4288.17,livré,Tnja,Carte,LIV4,2023-03-13
CMD39464,CL0609,P075,06/09/2023,3,445.12,en_cours,casa,Carte,LIV10,
CMD17965,CL0233,P007,Jan 18 2024,4,2604.01,retourné,Tnja,Carte,LIV7,2024-01-19
CMD29486,CL0292,P094,2024-05-06,2,1255.63,livré,TNG,Carte,LIV5,2024-05-10
CMD45766,CL0164,P029,10/11/2023,1,1688.17,DONE,marrakech,Carte,,2023-11-14
CMD04370,CL0496,P015,2024-01-20,2,3293.67,en_cours,Tnja,Carte,LIV10,
CMD22896,CL0625,P033,2023-11-16,3,2174.3,livre,TNG,Carte,,
CMD42639,CL0266,P098,2023-11-19,3,1290.45,livré,kech,Carte,LIV3,2023-11-22
CMD07651,CL0553,P060,2023-09-06,3,4022.0,livré,tanger,Carte,LIV9,2023-09-10
CMD18119,CL0556,P073,20/12/2023,5,4503.97,retourné,CASABLANCA,Carte,LIV1,2023-12-22
CMD45190,CL0114,P009,Jan 27 2024,2,3267.14,livré,TANGER,Carte,LIV3,2024-01-31
CMD16443,CL0430,P051,11/12/2023,3,4560.14,livré,marrakech,Carte,LIV8,2023-12-12
CMD01612,CL0556,P021,Jun 22 2023,3,2283.09,OK,RBA,Carte,LIV3,
CMD21205,CL0173,P095,18/06/2023,3,1546.13,retourné,marrakech,Carte,LIV7,2023-06-19
CMD15957,CL0051,P030,2023-10-03,3,3496.75,annulé,CASABLANCA,Carte,LIV2,
CMD07215,CL0385,P043,31/12/2023,3,1234.93,en_cours,marrakech,Carte,LIV6,
CMD17560,CL0753,P010,22/01/2024,4,2274.73,OK,Agadir,Carte,LIV4,
CMD06525,CL0584,P081,2023-01-10,3,4453.91,annulé,casa,Carte,,
CMD24157,CL0252,P095,2023-04-30,4,4115.2,retourné,RBA,Carte,LIV6,2023-05-02
CMD08355,CL0746,P014,2024-02-09,1,4304.88,LIVRE,kech,Carte,LIV9,2024-02-14
CMD19163,CL0005,P067,Sep 20 2023,2,2300.37,livre,casa,Carte,LIV5,
CMD08346,CL0110,P064,2023-06-11,4,4710.13,retourné,RBA,Carte,LIV8,2023-06-15
CMD07471,CL0413,P018,02/03/2023,4,311.72,en_cours,CASABLANCA,Carte,LIV7,
CMD43716,CL0083,P068,01/04/2023,4,3077.53,KO,marrakech,Carte,LIV4,
CMD28923,CL0248,P080,22/02/2023,3,4445.93,livre,tanger,Carte,LIV2,
CMD13249,CL0194,P063,Feb 14 2024,1,3817.81,annulé,TNG,Carte,,
CMD31319,CL0146,P100,10/01/2024,5,4928.43,annulé,casa,Carte,LIV10,
CMD06157,CL0206,P019,2024-05-06,2,4730.66,livré,RBA,Carte,LIV6,2024-05-08
CMD48464,CL0493,P060,04/04/2024,2,1270.38,LIVRE,marrakech,Carte,LIV10,2024-04-07
CMD11704,CL0394,P092,Sep 15 2023,5,587.66,DONE,casa,Carte,LIV2,2023-09-16
CMD22415,CL0326,P097,26/10/2023,4,1625.16,en_cours,casa,Carte,LIV1,
CMD23765,CL0793,P072,12/08/2023,4,1991.12,livré,marrakech,Carte,LIV2,2023-08-16
CMD34478,CL0237,P072,2023-09-16,5,4067.39,KO,casa,Carte,LIV7,
CMD00781,CL0541,P036,08/09/2023,3,3619.98,OK,tanger,Carte,,
CMD40533,CL0516,P092,19/01/2024,1,2989.78,KO,tanger,Carte,LIV2,
CMD22717,CL0892,P026,2023-05-13,2,4762.27,retourné,CASABLANCA,Carte,LIV10,2023-05-18
CMD27685,CL0650,P024,Jul 17 2023,3,4932.75,livre,tanger,Carte,LIV7,
CMD38185,CL0807,P065,Mar 15 2024,2,1581.52,livré,casa,Carte,LIV1,2024-03-19
CMD42108,CL0721,P043,24/09/2023,2,815.79,annulé,tanger,Carte,LIV6,
CMD36309,CL0808,P057,19/04/2024,1,3953.0,DONE,CASABLANCA,Carte,LIV7,2024-04-22
CMD28733,CL0455,P022,Feb 08 2023,5,447.87,livré,kech,Carte,LIV1,2023-02-10
CMD30202,CL0323,P004,08/04/2023,3,4081.14,LIVRE,Tnja,Carte,LIV1,2023-04-11
CMD24869,CL0705,P030,27/02/2023,1,2992.44,en_cours,TANGER,Carte,LIV9,
CMD15977,CL0357,P075,2023-05-26,1,2877.85,livré,tanger,Carte,LIV10,2023-05-28
CMD14484,CL0041,P049,09/07/2023,5,3920.07,livré,kech,Carte,LIV6,2023-07-13
CMD20985,CL0772,P023,30/04/2023,5,3129.01,en_cours,Agadir,Carte,LIV4,
CMD44871,CL0969,P056,Jan 14 2023,5,585.81,en_cours,Tnja,Carte,LIV4,
CMD42228,CL0449,P088,Mar 16 2024,3,623.33,en_cours,Tnja,Carte,LIV2,
CMD12238,CL0825,P077,2023-01-03,4,1976.59,livré,TNG,Carte,LIV9,2023-01-08
CMD18620,CL0763,P072,15/07/2023,3,1238.44,DONE,RBA,Carte,LIV7,2023-07-18
CMD23799,CL0700,P085,Nov 16 2023,1,1143.04,livre,RBA,Carte,LIV6,
CMD37247,CL0376,P034,2023-01-05,1,3361.28,annulé,TNG,Carte,LIV4,
CMD43013,CL0739,P054,Apr 17 2023,1,4474.05,OK,TANGER,Carte,LIV2,
CMD27545,CL0662,P093,Feb 29 2024,2,2930.52,livre,RBA,Carte,LIV10,
CMD47226,CL0042,P048,Feb 04 2024,5,1395.13,en_cours,kech,Carte,LIV8,
CMD14029,CL0728,P006,Mar 27 2024,2,4372.22,KO,Tnja,Carte,LIV8,
CMD44062,CL0201,P035,07/01/2024,2,2570.35,livre,RBA,Carte,LIV1,
CMD19767,CL0614,P046,2023-04-26,2,4667.79,annulé,CASABLANCA,Carte,LIV9,
CMD31696,CL0800,P023,25/01/2024,1,1052.83,DONE,Agadir,Carte,LIV2,2024-01-29
CMD33414,CL0649,P068,2023-12-21,4,632.29,livré,tanger,Carte,,2023-12-24
CMD22136,CL0915,P055,Jan 03 2024,4,2359.89,en_cours,kech,Carte,LIV5,
CMD44800,CL0685,P079,2024-03-19,1,3578.4,KO,marrakech,Carte,LIV1,
CMD47235,CL0515,P079,Sep 09 2023,5,1945.75,livré,tanger,Carte,,2023-09-11
CMD42254,CL0882,P052,22/08/2023,3,3864.27,livré,TANGER,Carte,LIV3,2023-08-24
CMD12373,CL0236,P023,06/04/2023,4,3581.74,OK,marrakech,Carte,LIV3,
CMD47116,CL0575,P092,17/06/2023,4,602.05,KO,Tnja,Carte,LIV5,
CMD34808,CL0041,P037,25/03/2024,2,0,DONE,TNG,Carte,LIV2,2024-03-30
CMD29433,CL0269,P020,Nov 17 2023,4,2873.6,retourné,Tnja,Carte,LIV6,2023-11-21
CMD31093,CL0883,P027,Apr 11 2024,3,4813.2,livré,marrakech,Carte,LIV10,2024-04-14
CMD08732,CL0091,P060,13/02/2024,1,1260.63,livré,TANGER,Carte,LIV6,2024-02-18
CMD30307,CL0149,P006,05/11/2023,1,3500.41,livré,tanger,Carte,,2023-11-07
CMD17095,CL0331,P079,2023-02-09,4,2875.03,annulé,CASABLANCA,Carte,LIV5,
CMD06424,CL0734,P032,Oct 05 2023,4,1829.9,OK,kech,Carte,LIV6,
CMD10084,CL0231,P025,Oct 25 2023,2,4245.62,livré,CASABLANCA,Carte,LIV1,2023-10-26
CMD18705,CL0831,P026,16/11/2023,1,504.93,livré,CASABLANCA,Carte,LIV1,2023-11-19
CMD26633,CL0368,P023,2023-10-31,1,2896.36,livre,TANGER,Carte,LIV1,
CMD18750,CL0614,P073,14/12/2023,2,604.97,annulé,CASABLANCA,Carte,LIV8,
CMD36217,CL0762,P033,Dec 07 2023,1,713.93,annulé,RBA,Carte,LIV10,
CMD29776,CL0917,P005,2024-04-24,3,0,OK,Agadir,Carte,,
CMD12828,CL0282,P038,10/07/2023,5,4437.24,OK,kech,Carte,LIV3,
CMD18690,CL0912,P076,Apr 23 2024,2,4484.14,retourné,RBA,Carte,LIV1,2024-04-24
CMD29780,CL0643,P023,Jul 15 2023,5,606.74,annulé,casa,Carte,LIV6,
CMD21466,CL0929,P005,Mar 29 2024,4,1050.38,en_cours,kech,Carte,LIV4,
CMD30900,CL0540,P031,2023-09-04,1,4508.4,en_cours,Agadir,Carte,LIV9,
CMD32986,CL0934,P080,24/05/2023,1,4367.94,DONE,TANGER,Carte,LIV6,2023-05-29
CMD24865,CL0397,P085,Jun 12 2023,3,4406.14,livré,TANGER,Carte,LIV2,2023-06-16
CMD14714,CL0316,P078,Apr 01 2024,1,1000.41,livré,kech,Carte,LIV9,2024-04-05
CMD30463,CL0935,P085,Jun 11 2023,5,2350.03,livré,TNG,Carte,LIV5,2023-06-14
CMD37479,CL0256,P062,2024-01-22,2,270.67,livre,Agadir,Carte,LIV1,
CMD02542,CL0064,P082,06/08/2023,2,3569.21,livré,kech,Carte,LIV7,2023-08-09
CMD34389,CL0089,P037,28/03/2023,1,1022.64,retourné,TNG,Carte,,2023-04-01
CMD42580,CL0664,P077,2023-06-02,4,894.81,livré,CASABLANCA,Carte,LIV10,2023-06-04
CMD03890,CL0162,P031,2023-12-11,2,554.57,LIVRE,Agadir,Carte,,2023-12-16
CMD20656,CL0769,P024,30/11/2023,5,2916.04,annulé,TNG,Carte,LIV3,
CMD17889,CL0429,P037,2024-02-04,4,3272.06,en_cours,RBA,Carte,LIV6,
CMD16306,CL0909,P003,Jun 12 2023,1,3208.78,livré,Tnja,Carte,,2023-06-17
CMD09097,CL0757,P039,2023-04-17,1,255.18,livré,CASABLANCA,Carte,LIV5,2023-04-21
CMD04478,CL0774,P040,2023-11-15,5,3370.2,livré,kech,Carte,LIV8,2023-11-18
CMD44776,CL0483,P058,05/02/2024,3,4261.3,livré,TANGER,Carte,,2024-02-08
CMD41234,CL0687,P054,21/08/2023,-1,4246.94,livré,casa,Carte,LIV1,2023-08-22
CMD22664,CL0123,P067,09/03/2023,2,4662.89,annulé,Tnja,Carte,LIV3,
CMD03936,CL0256,P002,03/10/2023,5,2190.99,livré,marrakech,Carte,LIV5,2023-10-08
CMD27878,CL0298,P065,11/03/2023,5,3686.58,livre,casa,Carte,LIV6,
CMD36686,CL0593,P001,2023-05-25,2,2039.14,retourné,kech,Carte,,2023-05-26
CMD05386,CL0382,P072,2023-06-17,2,1170.06,annulé,TNG,Carte,LIV5,
CMD16758,CL0592,P017,2023-11-05,5,2116.77,livré,TNG,Carte,LIV2,2023-11-07
CMD45268,CL0984,P058,2024-01-07,2,3037.0,en_cours,Agadir,Carte,LIV10,
CMD26798,CL0614,P081,2023-02-11,2,3642.1,livré,casa,Carte,LIV10,2023-02-14
CMD19318,CL0312,P059,14/12/2023,2,994.72,OK,Tnja,Carte,LIV6,
CMD41315,CL0218,P030,2023-01-26,3,4234.9,OK,CASABLANCA,Carte,,
CMD47094,CL0609,P050,2023-03-18,1,910.05,retourné,Agadir,Carte,LIV9,2023-03-23
CMD40021,CL0068,P069,2023-01-10,1,2078.79,livré,kech,Carte,LIV7,2023-01-12
CMD38212,CL0123,P002,22/04/2023,1,2765.48,DONE,marrakech,Carte,LIV3,2023-04-26
CMD23076,CL0827,P018,20/02/2024,3,2766.45,livré,Agadir,Carte,LIV2,2024-02-24
CMD25094,CL0260,P045,2023-07-11,2,891.84,retourné,tanger,Carte,LIV6,2023-07-12
CMD40720,CL0752,P051,04/10/2023,4,3288.24,livré,Tnja,Carte,LIV2,2023-10-08
CMD16519,CL0356,P070,2023-06-01,2,1124.48,livré,TANGER,Carte,LIV4,2023-06-03
CMD29445,CL0209,P088,2023-05-30,1,76.13,DONE,tanger,Carte,LIV1,2023-06-03
CMD48306,CL0966,P024,2023-07-04,3,4156.51,livré,tanger,Carte,LIV8,2023-07-08
CMD46482,CL0351,P090,Oct 02 2023,4,4090.02,annulé,marrakech,Carte,LIV7,
CMD21282,CL0956,P045,10/06/2023,2,4627.45,LIVRE,TNG,Carte,LIV3,2023-06-11
CMD05044,CL0677,P070,May 26 2023,4,4912.31,DONE,TANGER,Carte,LIV2,2023-05-30
CMD42225,CL0770,P084,2024-04-23,3,4240.43,LIVRE,tanger,Carte,LIV7,2024-04-27
CMD46582,CL0433,P084,Feb 26 2023,1,1791.98,livre,Agadir,Carte,LIV1,
CMD26247,CL0117,P043,30/01/2023,3,328.61,retourné,TNG,Carte,LIV7,2023-01-31
CMD00313,CL0270,P088,Dec 04 2023,4,2468.33,LIVRE,tanger,Carte,LIV7,2023-12-08
CMD37078,CL0059,P013,Mar 12 2024,4,425.19,LIVRE,Tnja,Carte,LIV1,2024-03-15
CMD07981,CL0534,P071,Oct 15 2023,3,2899.31,livré,RBA,Carte,LIV7,2023-10-16
CMD38352,CL0421,P082,Oct 19 2023,2,231.37,annulé,kech,Carte,LIV9,
CMD02430,CL0791,P065,2023-02-19,4,376.57,en_cours,Agadir,Carte,LIV9,
CMD45750,CL0798,P065,2023-07-05,4,2204.22,KO,RBA,Carte,LIV10,
CMD21840,CL0437,P007,Apr 22 2023,4,862.55,OK,TNG,Carte,LIV4,
CMD20600,CL0429,P042,2023-11-05,2,800.31,OK,kech,Carte,LIV4,
CMD46038,CL0500,P036,22/06/2023,2,4085.39,DONE,TANGER,Carte,LIV6,2023-06-26
CMD23936,CL0446,P026,Jul 22 2023,2,457.61,OK,Agadir,Carte,LIV3,
CMD47276,CL0133,P024,12/01/2024,2,1652.19,retourné,Agadir,Carte,LIV8,2024-01-16
CMD31350,CL0140,P003,2024-03-08,4,4250.91,DONE,Agadir,Carte,LIV1,2024-03-09
CMD08236,CL0362,P061,2024-02-25,4,3798.58,livre,CASABLANCA,Carte,LIV5,
CMD44188,CL0438,P070,2023-05-09,5,2709.29,KO,RBA,Carte,LIV1,
CMD17209,CL0722,P043,2023-03-24,3,4806.19,livré,RBA,Carte,LIV9,2023-03-29
CMD21278,CL0972,P042,03/10/2023,5,2964.99,DONE,CASABLANCA,Carte,,2023-10-06
CMD05053,CL0997,P075,06/03/2023,2,492.98,KO,CASABLANCA,Carte,LIV1,
CMD19105,CL0329,P066,17/01/2024,3,2837.63,livré,tanger,Carte,LIV6,2024-01-18
CMD09448,CL0802,P012,21/02/2024,3,235.69,DONE,TANGER,Carte,LIV4,2024-02-26
CMD32847,CL0582,P071,13/03/2024,2,2321.08,livre,CASABLANCA,Carte,LIV7,
CMD29057,CL0076,P032,Jan 07 2023,4,3051.42,livré,tanger,Carte,LIV4,2023-01-08
CMD14965,CL0664,P035,May 10 2023,2,1280.51,en_cours,RBA,Carte,LIV10,
CMD40992,CL0041,P047,May 15 2024,1,3116.38,DONE,marrakech,Carte,LIV6,2024-05-17
CMD45858,CL0898,P045,May 08 2023,5,0,OK,RBA,Carte,LIV7,
CMD01227,CL0275,P066,Feb 07 2024,3,3350.5,DONE,Tnja,Carte,LIV10,2024-02-12
CMD34691,CL0410,P055,Jan 23 2023,3,3501.5,en_cours,casa,Carte,LIV7,
CMD12441,CL0431,P096,2023-05-07,4,289.24,DONE,casa,Carte,LIV2,2023-05-12
CMD27587,CL0029,P034,07/05/2024,5,2288.53,livre,tanger,Carte,LIV4,
CMD27445,CL0870,P088,13/08/2023,5,3659.82,en_cours,Tnja,Carte,,
CMD23729,CL0210,P074,2024-03-21,4,1542.09,livré,marrakech,Carte,LIV1,2024-03-24
CMD10848,CL0299,P068,2023-01-31,3,1137.17,retourné,tanger,Carte,LIV7,2023-02-02
CMD45818,CL0661,P060,2023-11-14,3,3992.19,DONE,Agadir,Carte,LIV9,2023-11-16
CMD34898,CL0855,P017,27/12/2023,5,2636.62,livré,RBA,Carte,LIV6,2024-01-01
CMD21981,CL0757,P028,Sep 01 2023,2,3318.68,LIVRE,RBA,Carte,LIV8,2023-09-04
CMD43785,CL0068,P087,15/10/2023,3,159.49,retourné,tanger,Carte,LIV5,2023-10-18
CMD27567,CL0466,P005,2024-05-11,3,0,livré,Agadir,Carte,LIV3,2024-05-15
CMD20416,CL0499,P082,Aug 27 2023,2,1588.8,livré,TANGER,Carte,LIV6,2023-08-30
CMD23309,CL0183,P019,Mar 13 2024,5,473.34,annulé,TANGER,Carte,LIV2,
CMD02044,CL0763,P075,07/08/2023,1,163.19,livré,TNG,Carte,LIV3,2023-08-09
CMD08372,CL0820,P057,2024-04-02,5,2315.85,livré,CASABLANCA,Carte,LIV4,2024-04-07
CMD32498,CL0403,P006,Feb 16 2023,3,1325.54,DONE,casa,Carte,LIV6,2023-02-18
CMD16042,CL0113,P092,Nov 11 2023,4,3801.82,retourné,marrakech,Carte,LIV3,2023-11-15
CMD19862,CL0635,P053,13/08/2023,4,3490.71,livré,tanger,Carte,LIV10,2023-08-17
CMD43648,CL0703,P082,Sep 19 2023,4,4665.25,en_cours,Agadir,Carte,LIV5,
CMD27687,CL0418,P006,2024-05-13,5,425.62,annulé,tanger,Carte,LIV9,
CMD28990,CL0188,P022,06/08/2023,4,4918.49,livré,TANGER,Carte,,2023-08-07
CMD07976,CL0591,P072,22/03/2024,4,4274.79,KO,kech,Carte,LIV6,
CMD08746,CL0512,P041,04/12/2023,1,1962.29,en_cours,marrakech,Carte,LIV1,
CMD20558,CL0615,P094,12/05/2024,5,2350.76,OK,casa,Carte,LIV7,
CMD27452,CL0966,P030,Mar 02 2023,2,0,retourné,TANGER,Carte,LIV2,2023-03-07
CMD38458,CL0750,P019,13/04/2024,3,1333.6,livré,TANGER,Carte,LIV8,2024-04-16
CMD00197,CL0249,P082,09/05/2023,4,3486.92,DONE,TNG,Carte,LIV1,2023-05-11
CMD28045,CL0026,P005,31/03/2023,1,3856.79,en_cours,kech,Carte,LIV7,
CMD09647,CL0930,P076,06/01/2023,2,3268.37,OK,kech,Carte,LIV2,
CMD45936,CL0217,P061,2023-06-06,4,3332.91,DONE,CASABLANCA,Carte,LIV8,2023-06-07
CMD25956,CL0893,P019,2024-02-02,5,1117.81,OK,kech,Carte,LIV8,
CMD08794,CL0329,P021,Nov 27 2023,3,3652.71,livré,TNG,Carte,LIV5,2023-11-29
CMD28668,CL0596,P009,28/02/2023,5,4171.69,livré,CASABLANCA,Carte,LIV2,2023-03-05
CMD06844,CL0410,P022,May 14 2023,1,2890.77,livre,tanger,Carte,LIV7,
CMD11139,CL0650,P071,2024-03-11,1,425.06,LIVRE,tanger,Carte,LIV6,2024-03-13
CMD31647,CL0004,P066,Nov 21 2023,3,910.77,livré,TANGER,Carte,LIV5,2023-11-26
CMD46145,CL0434,P042,27/04/2024,3,4665.34,OK,Agadir,Carte,LIV8,
CMD07075,CL0005,P024,2023-06-03,5,952.59,livré,TANGER,Carte,LIV5,2023-06-05
CMD24173,CL0807,P099,07/05/2024,1,2290.37,livre,marrakech,Carte,LIV4,
CMD42188,CL0015,P086,2023-01-07,2,3613.2,annulé,Agadir,Carte,LIV6,
CMD26117,CL0111,P016,Aug 08 2023,1,2794.94,livré,CASABLANCA,Carte,LIV2,2023-08-11
CMD00120,CL0684,P066,10/05/2024,4,1892.15,livré,TNG,Carte,LIV1,2024-05-12
CMD41373,CL0274,P049,Jan 29 2023,3,369.51,DONE,marrakech,Carte,LIV3,2023-01-31
CMD05047,CL0190,P035,Apr 20 2023,2,3693.99,DONE,TANGER,Carte,LIV3,2023-04-23
CMD24058,CL0423,P046,21/07/2023,1,4010.78,en_cours,CASABLANCA,Carte,,
CMD28000,CL0140,P080,2024-05-10,3,2327.01,en_cours,CASABLANCA,Carte,LIV6,
CMD00439,CL0499,P057,14/09/2023,1,4149.73,DONE,TNG,Carte,LIV8,2023-09-16
CMD41355,CL0718,P019,2023-07-25,4,1669.28,en_cours,casa,Carte,,
CMD38806,CL0701,P069,Nov 23 2023,2,923.1,livré,TANGER,Carte,,2023-11-27
CMD37635,CL0990,P100,25/01/2024,4,1661.61,livré,marrakech,Carte,LIV10,2024-01-26
CMD35255,CL0839,P099,Oct 16 2023,5,3905.42,livré,kech,Carte,LIV6,2023-10-17
CMD19733,CL0400,P083,Jun 29 2023,4,1366.95,LIVRE,TANGER,Carte,LIV1,2023-07-04
CMD47541,CL0730,P037,Oct 11 2023,3,4981.73,livré,RBA,Carte,,2023-10-12
CMD31077,CL0173,P002,2023-10-24,3,1410.31,en_cours,RBA,Carte,LIV5,
CMD33017,CL0883,P004,Jan 02 2023,4,2159.9,KO,tanger,Carte,LIV4,
CMD19290,CL0828,P028,May 07 2023,2,3528.93,livré,Agadir,Carte,LIV8,2023-05-11
CMD10558,CL0856,P006,18/05/2023,2,4045.81,livré,tanger,Carte,LIV7,2023-05-20
CMD35593,CL0570,P028,2024-04-14,5,3715.13,retourné,tanger,Carte,LIV3,2024-04-16
CMD09272,CL0910,P029,2023-08-30,1,4753.62,KO,RBA,Carte,LIV7,
CMD15921,CL0155,P042,Mar 24 2024,4,3308.38,DONE,marrakech,Carte,LIV7,2024-03-26
CMD42070,CL0790,P051,2024-02-13,4,303.33,livré,tanger,Carte,LIV9,2024-02-18
CMD10973,CL0376,P071,Mar 03 2023,2,585.13,livré,RBA,Carte,LIV9,2023-03-08
CMD32476,CL0106,P064,29/03/2023,3,1898.16,livré,marrakech,Carte,LIV2,2023-04-02
CMD24263,CL0299,P069,2023-01-02,5,2140.33,retourné,casa,Carte,LIV4,2023-01-07
CMD17433,CL0446,P065,2023-08-30,3,2428.08,livre,CASABLANCA,Carte,LIV4,
CMD39172,CL0025,P059,11/03/2024,3,0,livré,kech,Carte,LIV7,2024-03-14
CMD32448,CL0819,P100,Nov 23 2023,3,3852.67,DONE,CASABLANCA,Carte,LIV2,2023-11-26
CMD33915,CL0480,P018,11/08/2023,2,564.07,retourné,tanger,Carte,LIV2,2023-08-16
CMD43699,CL0130,P030,Mar 15 2024,5,4180.33,KO,marrakech,Carte,LIV4,
CMD27277,CL0335,P050,Mar 07 2023,3,2980.22,livre,RBA,Carte,LIV7,
CMD15917,CL0739,P027,27/06/2023,2,4697.26,KO,Tnja,Carte,LIV7,
CMD04210,CL0572,P004,2023-12-22,2,1427.17,en_cours,CASABLANCA,Carte,LIV1,
CMD45529,CL0668,P016,2023-03-06,5,2852.36,retourné,casa,Carte,LIV6,2023-03-10
CMD01720,CL0554,P086,16/09/2023,2,4714.98,livré,casa,Carte,LIV9,2023-09-17
CMD24500,CL0066,P082,May 09 2023,5,843.31,LIVRE,RBA,Carte,LIV2,2023-05-13
CMD06997,CL0784,P037,2023-11-22,1,2393.9,en_cours,TNG,Carte,LIV9,
CMD20913,CL0454,P075,19/01/2024,5,4908.98,OK,marrakech,Carte,LIV5,
CMD01429,CL0902,P025,2023-02-01,4,345.26,livré,kech,Carte,LIV4,2023-02-04
CMD38566,CL0592,P097,Sep 17 2023,1,2984.79,LIVRE,TNG,Carte,LIV10,2023-09-18
CMD39684,CL0430,P011,2023-01-20,5,4521.61,livre,casa,Carte,,
CMD41339,CL0756,P070,Jul 21 2023,4,3605.61,en_cours,tanger,Carte,LIV4,
CMD47030,CL0284,P049,02/11/2023,1,896.64,retourné,TNG,Carte,LIV10,2023-11-04
CMD06166,CL0898,P089,2023-07-01,4,3329.25,retourné,Agadir,Carte,LIV1,2023-07-03
CMD05474,CL0111,P057,29/04/2024,2,140.57,livré,CASABLANCA,Carte,LIV6,2024-05-04
CMD28821,CL0946,P067,Mar 18 2023,1,4101.56,livre,Agadir,Carte,LIV4,
CMD11765,CL0308,P099,2024-02-13,1,726.9,OK,tanger,Carte,LIV10,
CMD29548,CL0698,P023,03/05/2024,2,1880.04,livré,TNG,Carte,LIV6,2024-05-06
CMD27239,CL0126,P097,31/03/2024,5,1110.04,livré,TANGER,Carte,LIV5,2024-04-03
CMD08458,CL0850,P081,2023-03-03,4,4071.62,livré,kech,Carte,LIV1,2023-03-06
CMD08911,CL0576,P041,2023-04-10,2,1488.07,KO,CASABLANCA,Carte,LIV3,
CMD24692,CL0605,P063,Jan 06 2023,1,3552.23,DONE,TANGER,Carte,LIV5,2023-01-09
CMD21005,CL0206,P040,2024-03-17,2,4959.13,livré,tanger,Carte,LIV2,2024-03-22
CMD36447,CL0590,P025,Apr 23 2024,2,1531.83,LIVRE,RBA,Carte,LIV2,2024-04-25
CMD36223,CL0029,P086,25/08/2023,5,2860.33,livré,TNG,Carte,LIV6,2023-08-30
CMD46600,CL0996,P009,2023-04-14,2,4460.72,annulé,TANGER,Carte,LIV6,
CMD17164,CL0759,P097,Nov 21 2023,5,4113.8,retourné,TNG,Carte,LIV9,2023-11-26
CMD38463,CL0810,P030,2023-12-23,5,681.51,retourné,Agadir,Carte,LIV7,2023-12-26
CMD36387,CL0152,P098,2024-03-05,2,4260.72,annulé,Tnja,Carte,LIV10,
CMD33994,CL0179,P039,Apr 29 2024,4,3160.58,annulé,TNG,Carte,LIV8,
CMD36313,CL0256,P004,2024-01-31,1,1071.12,OK,Tnja,Carte,LIV4,
CMD27376,CL0975,P080,2023-10-04,1,4580.74,KO,marrakech,Carte,LIV9,
CMD42076,CL0406,P014,12/05/2024,5,3756.45,livré,tanger,Carte,,2024-05-14
CMD44616,CL0109,P001,Mar 11 2024,4,2494.09,livré,kech,Carte,LIV10,2024-03-14
CMD10855,CL0426,P072,07/08/2023,1,3530.47,livré,tanger,Carte,LIV8,2023-08-10
CMD28977,CL0105,P050,2023-03-17,2,2551.29,OK,RBA,Carte,LIV9,
CMD24684,CL0405,P027,22/02/2023,3,2633.66,livre,kech,Carte,LIV9,
CMD22834,CL0433,P071,Nov 15 2023,2,4526.55,annulé,TANGER,Carte,LIV1,
CMD31841,CL0193,P096,28/04/2024,5,4616.3,livré,kech,Carte,LIV5,2024-05-03
CMD32678,CL0229,P043,Aug 03 2023,1,466.15,annulé,Agadir,Carte,LIV1,
CMD47534,CL0578,P036,2023-07-13,3,3421.11,annulé,tanger,Carte,LIV9,
CMD32745,CL0779,P031,2023-10-27,5,795.78,livré,kech,Carte,LIV5,2023-10-28
CMD10236,CL0260,P074,Jun 25 2023,4,1188.72,livré,TNG,Carte,LIV3,2023-06-28
CMD23712,CL0946,P050,2023-10-14,2,1518.24,DONE,Tnja,Carte,LIV5,2023-10-16
CMD16677,CL0690,P025,2023-10-19,-1,3540.7,KO,tanger,Carte,LIV1,
CMD47970,CL0808,P059,15/01/2023,4,245.71,en_cours,TNG,Carte,LIV10,
CMD09343,CL0087,P076,01/09/2023,5,4849.62,en_cours,kech,Carte,,
CMD41389,CL0994,P025,10/04/2024,4,713.31,annulé,kech,Carte,LIV8,
CMD14513,CL0842,P070,Jul 17 2023,1,1937.96,livré,Tnja,Carte,,2023-07-21
CMD00264,CL0639,P029,2023-06-03,4,2654.58,OK,TANGER,Carte,LIV9,
CMD27511,CL0862,P054,Jan 13 2024,4,1917.64,OK,kech,Carte,LIV9,
CMD01017,CL0116,P080,2023-09-23,4,2843.2,KO,RBA,Carte,LIV4,
CMD38600,CL0994,P028,30/11/2023,2,2698.59,annulé,marrakech,Carte,LIV10,
CMD44810,CL0294,P036,2024-03-08,5,3608.03,en_cours,kech,Carte,LIV9,
CMD38376,CL0410,P065,Apr 21 2023,1,1576.1,livré,TANGER,Carte,,2023-04-25
CMD20003,CL0068,P079,2023-06-01,1,4631.83,OK,CASABLANCA,Carte,LIV5,
CMD45065,CL0742,P035,16/07/2023,5,3508.4,LIVRE,TANGER,Carte,LIV8,2023-07-21
CMD39997,CL0193,P048,20/01/2024,5,695.8,LIVRE,casa,Carte,LIV7,2024-01-23
CMD28324,CL0334,P085,Dec 13 2023,2,4059.44,OK,TANGER,Carte,LIV3,
CMD40140,CL0108,P069,24/01/2023,2,2216.39,OK,TANGER,Carte,LIV2,
CMD42068,CL0680,P062,16/07/2023,4,4586.83,OK,RBA,Carte,LIV8,
CMD23814,CL0782,P023,27/09/2023,3,804.66,annulé,casa,Carte,,
CMD35831,CL0615,P093,Feb 14 2023,4,1809.42,livré,kech,Carte,LIV3,2023-02-15
CMD23801,CL0828,P085,2023-10-02,1,4103.95,annulé,kech,Carte,LIV9,
CMD01791,CL0208,P075,23/07/2023,3,818.77,livre,casa,Carte,LIV9,
CMD37877,CL0518,P003,Jul 27 2023,5,1483.04,livre,tanger,Carte,LIV5,
CMD15880,CL0311,P013,Sep 14 2023,-1,138.18,KO,marrakech,Carte,LIV7,
CMD11822,CL0207,P091,26/05/2023,5,1699.34,en_cours,TANGER,Carte,LIV9,
CMD33169,CL0836,P018,06/12/2023,5,4454.08,livré,Agadir,Carte,LIV1,2023-12-09
CMD22439,CL0294,P004,30/07/2023,3,2626.27,KO,TANGER,Carte,LIV9,
CMD16781,CL0908,P040,2024-02-14,4,2672.09,KO,kech,Carte,LIV2,
CMD11725,CL0704,P003,11/02/2024,5,1829.3,livré,Agadir,Carte,LIV8,2024-02-16
CMD37264,CL0964,P071,21/03/2023,3,3834.9,KO,tanger,Carte,LIV8,
CMD41710,CL0142,P065,Apr 24 2023,3,3476.59,LIVRE,Agadir,Carte,LIV2,2023-04-25
CMD35912,CL0058,P043,2023-10-18,3,4668.65,annulé,TANGER,Carte,LIV7,
CMD35943,CL0616,P057,25/03/2024,5,1849.42,DONE,tanger,Carte,LIV10,2024-03-30
CMD38707,CL0687,P060,Jul 28 2023,5,1463.44,livré,Agadir,Carte,LIV8,2023-08-01
CMD30493,CL0814,P010,Feb 05 2023,4,4582.45,livré,TANGER,Carte,LIV6,2023-02-07
CMD24288,CL0146,P053,2023-09-06,4,1516.45,livré,kech,Carte,LIV4,2023-09-07
CMD03860,CL0668,P009,2023-07-10,5,2844.86,livré,tanger,Carte,LIV9,2023-07-13
CMD06470,CL0755,P064,2023-06-16,1,1365.3,annulé,Agadir,Carte,LIV3,
CMD10997,CL0059,P015,18/12/2023,2,4605.44,livré,TNG,Carte,LIV6,2023-12-20
CMD33544,CL0008,P092,02/01/2024,4,4781.48,OK,marrakech,Carte,LIV6,
CMD01761,CL0364,P060,2024-04-22,5,596.7,annulé,CASABLANCA,Carte,LIV2,
CMD30886,CL0382,P061,May 29 2023,4,2659.08,DONE,kech,Carte,LIV6,2023-06-03
CMD31057,CL0929,P071,Aug 22 2023,2,3838.95,livre,CASABLANCA,Carte,LIV3,
CMD03816,CL0050,P052,08/02/2023,5,4521.71,KO,tanger,Carte,LIV2,
CMD40831,CL0762,P005,Jan 29 2023,5,3705.19,livré,kech,Carte,LIV9,2023-02-02
CMD17769,CL0687,P016,Sep 07 2023,4,1429.15,retourné,RBA,Carte,LIV5,2023-09-12
CMD23599,CL0349,P015,20/01/2024,4,2901.62,OK,RBA,Carte,LIV5,
CMD41546,CL0161,P009,13/11/2023,3,0,livré,Agadir,Carte,LIV9,2023-11-14
CMD27613,CL0619,P001,Sep 10 2023,2,2703.73,livré,casa,Carte,LIV6,2023-09-13
CMD23677,CL0046,P091,2024-04-13,2,3183.63,livré,tanger,Carte,LIV9,2024-04-18
CMD03354,CL0883,P041,2023-03-01,2,3006.19,DONE,marrakech,Carte,LIV9,2023-03-02
CMD05918,CL0731,P088,2024-05-15,1,3339.6,KO,tanger,Carte,LIV8,
CMD43465,CL0402,P004,2023-11-11,5,2325.75,livré,Agadir,Carte,LIV9,2023-11-12
CMD29554,CL0429,P088,29/04/2023,3,1584.49,livré,CASABLANCA,Carte,LIV6,2023-05-04
CMD36664,CL0037,P084,09/02/2024,4,2426.16,KO,TANGER,Carte,LIV9,
CMD02459,CL0910,P069,2023-04-11,2,3418.77,en_cours,Tnja,Carte,LIV1,
CMD28119,CL0862,P040,19/04/2024,1,1185.11,DONE,Tnja,Carte,LIV10,2024-04-22
CMD22942,CL0342,P086,2024-02-29,3,1823.57,DONE,TANGER,Carte,LIV9,2024-03-01
CMD14094,CL0991,P050,27/09/2023,5,876.03,livré,Tnja,Carte,LIV5,2023-10-01
CMD43006,CL0745,P033,Jan 21 2023,5,338.18,OK,marrakech,Carte,LIV2,
CMD09112,CL0970,P028,27/02/2023,4,2097.83,annulé,RBA,Carte,LIV1,
CMD09181,CL0835,P006,Jul 12 2023,5,3920.85,annulé,marrakech,Carte,LIV7,
CMD16409,CL0475,P086,Jun 15 2023,3,310.99,annulé,TANGER,Carte,,
CMD14045,CL0828,P012,Apr 27 2023,1,2790.4,livre,kech,Carte,LIV6,
CMD03302,CL0610,P066,23/04/2024,5,59.3,livré,kech,Carte,LIV4,2024-04-24
CMD39169,CL0682,P047,Apr 25 2023,1,1901.55,LIVRE,Agadir,Carte,LIV5,2023-04-28
CMD23666,CL0493,P054,Nov 10 2023,1,2761.57,livré,Agadir,Carte,,2023-11-14
CMD18272,CL0885,P100,07/11/2023,2,1944.43,DONE,TANGER,Carte,LIV8,2023-11-11
CMD14822,CL0693,P036,2023-11-22,5,410.73,LIVRE,CASABLANCA,Carte,LIV3,2023-11-25
CMD07573,CL0881,P050,2024-02-05,4,521.47,livré,CASABLANCA,Carte,LIV7,2024-02-06
CMD41209,CL0995,P036,12/04/2024,4,4433.09,en_cours,TANGER,Carte,LIV5,
CMD20020,CL0327,P087,12/03/2024,3,1370.79,OK,TANGER,Carte,LIV7,
CMD41397,CL0227,P025,25/11/2023,2,3318.84,KO,CASABLANCA,Carte,LIV3,
CMD05760,CL0032,P090,Jun 14 2023,5,1654.28,en_cours,tanger,Carte,LIV4,
CMD05964,CL0352,P082,27/02/2023,4,1787.05,DONE,CASABLANCA,Carte,LIV4,2023-03-01
CMD08771,CL0594,P063,Apr 30 2023,5,3567.59,annulé,Tnja,Carte,LIV10,
CMD06832,CL0347,P047,2024-02-16,4,654.76,livré,Agadir,Carte,LIV10,2024-02-21
CMD04163,CL0811,P058,29/09/2023,2,877.68,en_cours,TANGER,Carte,LIV8,
CMD47297,CL0101,P046,2023-04-24,5,4939.72,livré,RBA,Carte,,2023-04-28
CMD25974,CL0117,P059,03/02/2024,3,2579.58,livré,Tnja,Carte,,2024-02-08
CMD29534,CL0235,P029,2024-01-27,5,3897.53,livré,kech,Carte,LIV1,2024-01-30
CMD03899,CL0762,P039,2024-01-03,2,3855.82,KO,CASABLANCA,Carte,LIV6,
CMD27113,CL0357,P004,Aug 22 2023,4,209.97,livre,kech,Carte,LIV10,
CMD47991,CL0797,P075,2023-10-09,1,3706.77,retourné,tanger,Carte,LIV5,2023-10-10
CMD38636,CL0545,P050,27/03/2023,2,4092.35,livré,TANGER,Carte,LIV7,2023-03-28
CMD17805,CL0655,P087,19/11/2023,5,1388.44,LIVRE,TANGER,Carte,,2023-11-20
CMD45772,CL0398,P100,2023-02-03,5,3819.11,LIVRE,Agadir,Carte,LIV2,2023-02-08
CMD24247,CL0159,P043,27/03/2023,4,553.79,livré,casa,Carte,LIV5,2023-03-28
CMD09821,CL0674,P017,17/04/2023,2,1952.45,annulé,Agadir,Carte,LIV9,
CMD08250,CL0322,P026,22/05/2023,1,3237.57,LIVRE,TANGER,Carte,LIV7,2023-05-23
CMD13549,CL0916,P069,Feb 04 2024,4,2260.1,livre,TNG,Carte,LIV1,
CMD05164,CL0885,P020,20/08/2023,4,4877.44,livré,CASABLANCA,Carte,LIV9,2023-08-21
CMD43972,CL0976,P073,Feb 18 2023,2,4417.19,OK,tanger,Carte,LIV6,
CMD25832,CL0127,P064,Apr 01 2023,3,499.94,livré,marrakech,Carte,LIV10,2023-04-02
CMD04944,CL0631,P070,2023-12-05,5,2715.22,livré,RBA,Carte,LIV7,2023-12-09
CMD37461,CL0418,P097,27/03/2023,2,3027.84,annulé,Agadir,Carte,LIV1,
CMD20169,CL0553,P089,2023-05-26,4,4203.57,KO,kech,Carte,LIV1,
CMD22469,CL0437,P031,2023-06-06,2,2707.71,retourné,kech,Carte,LIV5,2023-06-08
CMD48113,CL0393,P055,10/03/2023,2,89.8,livré,marrakech,Carte,LIV2,2023-03-12
CMD18851,CL0225,P075,Jan 06 2023,3,945.67,en_cours,marrakech,Carte,LIV8,
CMD20660,CL0568,P079,Jan 28 2024,5,1777.01,LIVRE,casa,Carte,LIV4,2024-02-01
CMD35472,CL0684,P019,Nov 17 2023,2,4257.8,LIVRE,Agadir,Carte,LIV9,2023-11-21
CMD12844,CL0178,P062,Jan 11 2023,3,1917.87,retourné,TNG,Carte,LIV9,2023-01-14
CMD44659,CL0871,P034,Feb 28 2023,2,663.5,LIVRE,casa,Carte,,2023-03-01
CMD31126,CL0127,P092,15/12/2023,4,4833.4,KO,casa,Carte,LIV8,
CMD43842,CL0864,P026,Aug 31 2023,1,134.84,OK,casa,Carte,LIV7,
CMD36893,CL0463,P010,12/09/2023,4,1834.42,livré,casa,Carte,LIV8,2023-09-14
CMD15661,CL0276,P034,2023-12-10,1,3330.07,livre,Agadir,Carte,,
CMD33237,CL0885,P047,Feb 15 2023,5,0,livré,marrakech,Carte,LIV5,2023-02-18
CMD24764,CL0017,P060,2023-09-20,4,3860.36,annulé,tanger,Carte,LIV5,
CMD10962,CL0030,P035,Jun 13 2023,1,2604.29,livré,TANGER,Carte,LIV5,2023-06-18
CMD20353,CL0525,P039,16/03/2024,4,1594.55,LIVRE,tanger,Carte,LIV5,2024-03-20
CMD03057,CL0474,P026,16/01/2023,3,2363.17,LIVRE,tanger,Carte,LIV4,2023-01-21
CMD35917,CL0879,P077,Dec 03 2023,1,3286.21,annulé,Agadir,Carte,LIV2,
CMD19708,CL0334,P050,2024-03-17,3,2010.84,OK,casa,Carte,LIV10,
CMD41435,CL0723,P011,2023-03-24,2,4828.73,OK,Tnja,Carte,LIV4,
CMD45322,CL0025,P092,Oct 27 2023,4,3047.31,KO,CASABLANCA,Carte,LIV6,
CMD06807,CL0964,P067,07/02/2024,5,951.75,retourné,marrakech,Carte,LIV2,2024-02-10
CMD40070,CL0524,P019,Mar 10 2024,3,2541.36,livré,tanger,Carte,LIV1,2024-03-15
CMD06086,CL0418,P094,Mar 04 2023,3,2155.87,en_cours,CASABLANCA,Carte,LIV10,
CMD00329,CL0856,P035,12/01/2023,5,1264.7,LIVRE,Tnja,Carte,LIV8,2023-01-17
CMD19353,CL0521,P019,2024-03-13,4,2711.11,OK,TANGER,Carte,LIV8,
CMD33371,CL0403,P046,2023-07-05,5,3476.53,retourné,TNG,Carte,LIV3,2023-07-10
CMD41142,CL0376,P040,26/09/2023,4,3495.18,DONE,Tnja,Carte,LIV8,2023-09-27
CMD02553,CL0615,P075,2023-01-29,4,0,retourné,TANGER,Carte,LIV10,2023-02-01
CMD27917,CL0516,P093,19/05/2023,3,1309.32,retourné,casa,Carte,LIV3,2023-05-24
CMD21341,CL0815,P030,Mar 31 2023,5,1608.41,en_cours,Tnja,Carte,LIV6,
CMD24396,CL0442,P003,2023-11-03,1,4993.67,livré,kech,Carte,LIV7,2023-11-05
CMD44590,CL0578,P081,May 09 2023,3,172.46,retourné,CASABLANCA,Carte,,2023-05-10
CMD27287,CL0441,P029,04/07/2023,5,2655.77,annulé,Tnja,Carte,LIV1,
CMD32626,CL0416,P090,27/10/2023,2,3619.84,livré,TNG,Carte,LIV5,2023-11-01
CMD03536,CL0487,P038,2023-03-11,1,2701.21,livré,Tnja,Carte,LIV7,2023-03-15
CMD03511,CL0396,P014,2023-02-10,5,2990.78,livré,TNG,Carte,LIV9,2023-02-14
CMD17350,CL0326,P042,14/04/2023,1,3862.44,livre,Agadir,Carte,LIV9,
CMD02846,CL0250,P085,Jan 05 2023,1,3467.06,KO,CASABLANCA,Carte,LIV1,
CMD14126,CL0531,P089,Mar 15 2023,3,971.11,livré,TNG,Carte,LIV10,2023-03-19
CMD39304,CL0830,P045,Nov 07 2023,4,2843.99,livré,kech,Carte,LIV5,2023-11-12
CMD26930,CL0094,P057,Oct 11 2023,1,4032.12,retourné,Tnja,Carte,LIV3,2023-10-13
CMD06860,CL0288,P020,2024-03-23,2,2806.71,livré,TNG,Carte,LIV10,2024-03-26
CMD43435,CL0965,P024,28/09/2023,5,1838.13,DONE,Agadir,Carte,LIV3,2023-09-29
CMD05860,CL0348,P026,2024-01-13,2,4776.03,en_cours,Agadir,Carte,LIV1,
CMD07335,CL0834,P035,2024-01-25,5,1630.46,OK,casa,Carte,LIV5,
CMD21161,CL0448,P095,Nov 25 2023,5,3647.53,en_cours,CASABLANCA,Carte,LIV10,
CMD14267,CL0393,P036,Jun 15 2023,2,1846.6,LIVRE,CASABLANCA,Carte,LIV3,2023-06-16
CMD11916,CL0484,P045,2023-01-05,4,3335.4,livré,TANGER,Carte,LIV4,2023-01-10
CMD29139,CL0739,P045,2023-09-08,2,2456.11,livré,TNG,Carte,LIV2,2023-09-12
CMD21723,CL0213,P017,Oct 07 2023,1,330.02,retourné,Tnja,Carte,LIV3,2023-10-09
CMD42545,CL0529,P100,20/08/2023,4,4123.72,livre,Tnja,Carte,LIV3,
CMD47306,CL0744,P020,17/02/2024,5,1445.9,DONE,marrakech,Carte,LIV10,2024-02-19
CMD35895,CL0197,P040,Dec 10 2023,2,1277.21,retourné,casa,Carte,LIV10,2023-12-14
CMD45298,CL0650,P037,2024-01-27,1,4433.42,livré,TNG,Carte,LIV10,2024-01-29
CMD31404,CL0794,P010,Mar 21 2024,3,4157.01,livre,Tnja,Carte,LIV9,
CMD35329,CL0631,P061,2023-02-26,1,4000.78,livré,Agadir,Carte,LIV6,2023-03-02
CMD40269,CL0919,P100,Jun 13 2023,1,77.55,KO,Tnja,Carte,LIV7,
CMD09712,CL0435,P004,Mar 02 2024,5,4500.8,annulé,kech,Carte,LIV5,
CMD09999,CL0917,P096,Mar 25 2023,3,4643.51,livré,kech,Carte,LIV9,2023-03-30
CMD18646,CL0782,P059,Sep 29 2023,1,4910.56,LIVRE,marrakech,Carte,LIV9,2023-09-30
CMD22350,CL0305,P065,05/10/2023,5,4875.5,livre,Agadir,Carte,LIV9,
CMD21605,CL0406,P004,Jul 21 2023,1,1383.82,livré,casa,Carte,LIV8,2023-07-26
CMD20761,CL0324,P009,03/09/2023,4,699.87,LIVRE,Tnja,Carte,LIV7,2023-09-07
CMD37575,CL0525,P093,Jun 04 2023,3,498.84,livré,casa,Carte,LIV3,2023-06-09
CMD43775,CL0624,P030,08/02/2023,3,682.84,livré,tanger,Carte,,2023-02-10
CMD19201,CL0259,P036,18/09/2023,3,1186.14,livré,kech,Carte,LIV6,2023-09-23
CMD20970,CL0459,P028,24/08/2023,5,3664.36,retourné,kech,Carte,LIV5,2023-08-29
CMD18104,CL0448,P022,Feb 12 2023,4,4887.2,retourné,marrakech,Carte,LIV8,2023-02-17
CMD45706,CL0234,P044,26/03/2024,2,97.51,KO,TANGER,Carte,LIV2,
CMD43357,CL0400,P055,Apr 30 2023,2,2400.5,OK,TNG,Carte,LIV2,
CMD20328,CL0930,P068,2023-06-08,3,917.16,retourné,Agadir,Carte,LIV2,2023-06-13
CMD01321,CL0318,P004,May 28 2023,1,4905.5,livre,CASABLANCA,Carte,LIV3,
CMD23106,CL0161,P005,07/05/2024,5,2846.71,DONE,RBA,Carte,LIV4,2024-05-11
CMD25226,CL0601,P057,Sep 23 2023,2,1421.47,LIVRE,TNG,Carte,LIV6,2023-09-26
CMD03634,CL0263,P065,Apr 10 2024,5,3707.05,DONE,marrakech,Carte,LIV7,2024-04-15
CMD03628,CL0807,P054,Feb 28 2023,3,3914.94,retourné,casa,Carte,LIV2,2023-03-04
CMD38593,CL0863,P083,12/01/2024,4,2076.42,annulé,Agadir,Carte,LIV9,
CMD40635,CL0406,P060,Oct 18 2023,4,2625.57,livré,TNG,Carte,LIV7,2023-10-20
CMD25211,CL0037,P036,Feb 28 2024,5,3096.41,retourné,casa,Carte,LIV7,2024-03-02
CMD45316,CL0125,P098,Mar 15 2023,3,100.98,livre,CASABLANCA,Carte,LIV5,
CMD17077,CL0749,P092,2023-11-06,3,2685.36,KO,TNG,Carte,LIV10,
CMD32923,CL0870,P078,07/10/2023,2,3779.4,OK,TANGER,Carte,,
CMD04954,CL0948,P032,Dec 01 2023,4,4092.61,en_cours,Tnja,Carte,LIV6,
CMD46881,CL0049,P069,23/07/2023,4,4904.9,annulé,TNG,Carte,LIV5,
CMD47549,CL0190,P098,Dec 11 2023,2,2588.04,livré,casa,Carte,LIV2,2023-12-16
CMD13357,CL0045,P069,Mar 15 2023,4,3433.12,livré,casa,Carte,LIV3,2023-03-16
CMD32967,CL0880,P024,23/03/2024,4,3965.35,livré,Agadir,Carte,LIV6,2024-03-27
CMD32021,CL0355,P015,18/04/2024,5,418.75,livré,CASABLANCA,Carte,LIV1,2024-04-19
CMD07212,CL0670,P088,14/02/2023,4,363.36,en_cours,Tnja,Carte,LIV10,
CMD00739,CL0159,P055,2023-08-19,3,2086.33,livré,CASABLANCA,Carte,LIV4,2023-08-23
CMD42470,CL0115,P053,2023-06-06,2,2695.44,DONE,RBA,Carte,LIV4,2023-06-09
CMD04433,CL0541,P091,Sep 21 2023,5,4691.15,livré,marrakech,Carte,LIV2,2023-09-22
CMD32397,CL0503,P059,Apr 14 2023,2,3004.47,OK,Agadir,Carte,LIV7,
CMD02412,CL0083,P089,13/01/2023,3,1035.2,annulé,TANGER,Carte,LIV4,
CMD02091,CL0235,P075,Sep 06 2023,2,821.92,KO,Tnja,Carte,LIV2,
CMD19740,CL0276,P036,Nov 29 2023,3,3117.37,livré,TANGER,Carte,,2023-11-30
CMD02188,CL0205,P084,27/03/2023,1,1764.77,DONE,Tnja,Carte,LIV1,2023-03-28
CMD28316,CL0831,P068,25/09/2023,4,2255.65,OK,RBA,Carte,LIV2,
CMD15359,CL0855,P003,2023-10-08,1,4537.2,livre,TNG,Carte,LIV6,
CMD08040,CL0219,P012,2023-10-09,2,3223.3,retourné,TNG,Carte,LIV4,2023-10-14
CMD44045,CL0592,P087,13/06/2023,1,2033.31,livré,TANGER,Carte,LIV2,2023-06-18
CMD39068,CL0218,P030,13/02/2024,5,1167.02,livré,marrakech,Carte,,2024-02-16
CMD44297,CL0873,P008,07/01/2024,5,1959.89,DONE,tanger,Carte,LIV3,2024-01-12
CMD31268,CL0957,P077,2024-02-24,4,4402.59,livré,TNG,Carte,LIV9,2024-02-25
CMD26178,CL0403,P015,Sep 15 2023,4,4240.83,annulé,marrakech,Carte,,
CMD17060,CL0960,P084,28/06/2023,2,4165.0,OK,kech,Carte,LIV1,
CMD25405,CL0857,P011,2024-04-05,5,1109.78,livre,casa,Carte,LIV10,
CMD40465,CL0972,P087,Nov 29 2023,2,0,livré,TNG,Carte,LIV3,2023-12-04
CMD02620,CL0897,P037,05/02/2024,4,3421.66,OK,kech,Carte,LIV6,
CMD20224,CL0066,P061,24/03/2024,2,2981.74,OK,marrakech,Carte,LIV4,
CMD37950,CL0031,P037,25/02/2024,5,3136.87,LIVRE,marrakech,Carte,LIV7,2024-03-01
CMD36284,CL0163,P077,2023-09-21,2,4153.45,retourné,CASABLANCA,Carte,LIV8,2023-09-26
CMD06119,CL0560,P017,2024-04-15,3,565.53,livré,marrakech,Carte,LIV9,2024-04-16
CMD12164,CL0869,P009,29/06/2023,2,2018.36,en_cours,TNG,Carte,LIV6,
CMD36342,CL0841,P093,28/04/2023,2,2257.63,livré,Agadir,Carte,LIV4,2023-05-02
CMD43858,CL0959,P093,2024-02-09,4,1907.68,en_cours,Agadir,Carte,LIV4,
CMD04066,CL0420,P080,Aug 01 2023,5,2517.67,retourné,tanger,Carte,LIV5,2023-08-06
CMD34332,CL0343,P031,Feb 23 2024,1,3005.71,livré,Tnja,Carte,LIV3,2024-02-28
CMD13075,CL0665,P035,Sep 16 2023,5,3500.6,OK,RBA,Carte,LIV5,
CMD47491,CL0867,P069,11/01/2023,5,3394.57,DONE,casa,Carte,LIV8,2023-01-13
CMD38700,CL0285,P083,2023-03-16,2,1551.95,LIVRE,Tnja,Carte,LIV4,2023-03-20
CMD46821,CL0853,P024,22/01/2024,5,784.33,LIVRE,kech,Carte,LIV10,2024-01-25
CMD24955,CL0758,P092,2023-10-09,2,4166.99,livre,TNG,Carte,LIV6,
CMD22581,CL0578,P082,Feb 11 2024,2,804.06,retourné,casa,Carte,LIV8,2024-02-13
CMD46641,CL0108,P075,Oct 09 2023,2,3126.71,KO,RBA,Carte,LIV8,
CMD08772,CL0551,P024,Oct 19 2023,3,4021.66,livré,casa,Carte,LIV9,2023-10-20
CMD09752,CL0151,P074,24/01/2024,4,355.93,en_cours,TNG,Carte,LIV2,
CMD12576,CL0558,P083,Jun 30 2023,4,2957.88,en_cours,TANGER,Carte,LIV1,
CMD44777,CL0156,P006,2023-02-04,3,2754.16,retourné,TNG,Carte,LIV4,2023-02-05
CMD04095,CL0362,P020,2023-04-29,3,2335.83,OK,CASABLANCA,Carte,,
CMD26222,CL0059,P036,2024-05-13,4,1580.86,LIVRE,casa,Carte,LIV1,2024-05-15
CMD32393,CL0371,P094,2024-03-06,1,1539.08,LIVRE,tanger,Carte,LIV9,2024-03-08
CMD39502,CL0903,P021,2023-11-08,5,2219.32,livré,Agadir,Carte,LIV7,2023-11-13
CMD05889,CL0954,P089,2023-05-28,4,2352.94,retourné,CASABLANCA,Carte,LIV5,2023-06-01
CMD20582,CL0337,P034,16/02/2024,4,1814.48,OK,RBA,Carte,LIV6,
CMD18753,CL0500,P042,14/11/2023,1,3064.21,DONE,marrakech,Carte,LIV8,2023-11-16
CMD46803,CL0252,P070,Mar 28 2023,5,174.87,KO,Agadir,Carte,LIV4,
CMD46943,CL0510,P021,14/02/2024,2,3332.08,OK,casa,Carte,LIV3,
CMD01597,CL0390,P080,Sep 07 2023,4,4719.13,OK,CASABLANCA,Carte,LIV3,
CMD44641,CL0946,P052,2024-02-14,2,1338.08,annulé,CASABLANCA,Carte,LIV8,
CMD35052,CL0881,P052,2023-08-01,1,1235.73,livré,kech,Carte,LIV6,2023-08-02
CMD32637,CL0557,P011,2023-05-18,1,3547.88,KO,TNG,Carte,,
CMD45814,CL0962,P073,01/08/2023,2,1409.9,KO,TANGER,Carte,LIV3,
CMD13067,CL0016,P009,2023-10-29,1,1975.86,retourné,marrakech,Carte,LIV7,2023-11-02
CMD35326,CL0961,P040,2023-10-04,3,986.81,retourné,marrakech,Carte,LIV8,2023-10-09
CMD16606,CL0849,P099,2023-11-14,5,4190.35,DONE,Tnja,Carte,,2023-11-15
CMD45205,CL0709,P024,12/11/2023,3,1936.53,DONE,TANGER,Carte,LIV6,2023-11-15
CMD00105,CL0311,P095,20/04/2024,3,4525.14,LIVRE,casa,Carte,LIV5,2024-04-22
CMD34171,CL0336,P064,01/05/2023,2,1442.91,livré,marrakech,Carte,LIV1,2023-05-03
CMD04286,CL0103,P012,19/03/2024,1,4049.99,LIVRE,kech,Carte,LIV9,2024-03-21
CMD02042,CL0740,P080,2023-07-29,1,3670.82,livré,casa,Carte,,2023-08-02
CMD24050,CL0246,P027,29/02/2024,2,2184.56,en_cours,tanger,Carte,LIV3,
CMD28986,CL0520,P001,2023-11-23,2,534.51,livre,casa,Carte,LIV10,
CMD28603,CL0996,P070,06/01/2024,3,2587.39,LIVRE,tanger,Carte,LIV10,2024-01-11
CMD45512,CL0456,P080,2023-10-31,2,2895.38,LIVRE,tanger,Carte,LIV2,2023-11-03
CMD43982,CL0086,P042,Aug 08 2023,3,4348.58,KO,RBA,Carte,LIV8,
CMD00931,CL0435,P063,08/02/2023,1,2723.99,livré,TNG,Carte,LIV6,2023-02-13
CMD07868,CL0528,P036,May 20 2023,2,4892.73,OK,TANGER,Carte,LIV5,
CMD38660,CL0111,P051,2023-12-01,2,1873.21,LIVRE,casa,Carte,LIV3,2023-12-05
CMD43379,CL0545,P003,2024-05-04,1,2770.23,livre,Tnja,Carte,LIV7,
CMD23570,CL0474,P027,2023-04-17,3,1176.58,KO,Agadir,Carte,LIV3,
CMD03259,CL0593,P079,2024-01-13,1,4842.18,annulé,TNG,Carte,LIV3,
CMD34839,CL0455,P031,2024-04-10,5,1242.18,LIVRE,Agadir,Carte,LIV8,2024-04-13
CMD45059,CL0061,P007,21/07/2023,1,3118.79,annulé,TANGER,Carte,LIV4,
CMD22010,CL0532,P010,Jun 26 2023,5,1300.87,LIVRE,marrakech,Carte,LIV4,2023-07-01
CMD06359,CL0359,P056,30/12/2023,3,3844.52,livré,RBA,Carte,LIV6,2024-01-03
CMD11330,CL0847,P003,Aug 25 2023,-1,707.3,en_cours,TNG,Carte,LIV8,
CMD40335,CL0793,P061,2023-10-11,3,923.87,LIVRE,RBA,Carte,LIV9,2023-10-13
CMD28675,CL0742,P037,2023-04-03,4,3769.33,OK,marrakech,Carte,LIV10,
CMD03035,CL0414,P052,05/01/2023,1,0,annulé,CASABLANCA,Carte,LIV2,
CMD48429,CL0251,P029,18/02/2023,1,672.83,LIVRE,Agadir,Carte,LIV9,2023-02-21
CMD30165,CL0116,P041,01/04/2023,4,4987.61,DONE,tanger,Carte,LIV8,2023-04-06
CMD35567,CL0414,P040,Jul 06 2023,2,142.74,LIVRE,Tnja,Carte,LIV6,2023-07-09
CMD32213,CL0915,P027,23/08/2023,3,2873.29,livré,marrakech,Carte,LIV3,2023-08-27
CMD36266,CL0049,P069,Feb 01 2023,2,4367.46,OK,TANGER,Carte,LIV10,
CMD27599,CL0885,P053,10/03/2023,1,648.53,en_cours,Agadir,Carte,LIV4,
CMD09371,CL0487,P068,2023-03-07,1,2678.06,KO,RBA,Carte,LIV1,
CMD08578,CL0595,P028,16/05/2023,4,1738.81,livré,Tnja,Carte,,2023-05-18
CMD08415,CL0650,P051,2023-06-07,5,925.29,livré,Tnja,Carte,LIV10,2023-06-10
CMD46303,CL0743,P052,Dec 26 2023,1,702.22,livré,kech,Carte,LIV1,2023-12-31
CMD05932,CL0623,P100,2024-02-18,5,1661.36,livre,kech,Carte,LIV9,
CMD45596,CL0684,P043,Dec 06 2023,4,63.86,KO,kech,Carte,LIV2,
CMD25687,CL0648,P068,2024-01-03,4,141.15,livre,RBA,Carte,LIV1,
CMD05797,CL0578,P011,2023-08-01,5,4083.8,retourné,Agadir,Carte,LIV1,2023-08-05
CMD42208,CL0965,P077,06/01/2024,4,1328.3,annulé,Agadir,Carte,LIV4,
CMD07312,CL0691,P067,2023-03-07,5,3241.11,livré,kech,Carte,LIV9,2023-03-11
CMD36596,CL0726,P050,Feb 25 2023,5,3843.47,en_cours,CASABLANCA,Carte,LIV7,
CMD20599,CL0567,P081,Apr 16 2023,3,4799.8,OK,RBA,Carte,LIV6,
CMD09256,CL0692,P054,Aug 03 2023,3,1656.51,OK,Tnja,Carte,LIV4,
CMD31736,CL0207,P052,2023-09-12,1,247.59,livré,casa,Carte,,2023-09-15
CMD00152,CL0062,P044,Feb 12 2024,3,1947.83,retourné,CASABLANCA,Carte,LIV8,2024-02-14
CMD01458,CL0581,P066,18/01/2024,2,799.57,livre,TANGER,Carte,LIV8,
CMD46757,CL0515,P058,30/09/2023,4,3540.28,KO,TNG,Carte,LIV3,
CMD34892,CL0073,P040,Apr 05 2023,3,2695.71,en_cours,marrakech,Carte,LIV10,
CMD01314,CL0397,P100,2024-03-12,3,2328.78,DONE,CASABLANCA,Carte,LIV8,2024-03-14
CMD41448,CL0478,P007,08/09/2023,3,336.86,OK,kech,Carte,LIV8,
CMD33041,CL0597,P007,Nov 07 2023,5,2907.22,retourné,TANGER,Carte,LIV2,2023-11-12
CMD42374,CL0936,P001,2024-03-28,4,2288.93,en_cours,casa,Carte,LIV10,
CMD33732,CL0257,P067,25/06/2023,5,814.28,KO,TANGER,Carte,LIV4,
CMD09468,CL0295,P090,2024-03-10,1,3263.25,annulé,Tnja,Carte,LIV1,
CMD27317,CL0941,P056,13/03/2023,5,1473.74,annulé,casa,Carte,LIV6,
CMD39133,CL0597,P069,Feb 24 2023,1,2253.88,DONE,RBA,Carte,LIV3,2023-02-27
CMD22755,CL0076,P058,28/11/2023,5,2730.19,KO,Agadir,Carte,LIV3,
CMD27761,CL0910,P098,2023-08-05,1,2948.96,retourné,TNG,Carte,LIV6,2023-08-10
CMD34650,CL0453,P005,2023-04-11,2,4984.83,livré,marrakech,Carte,LIV2,2023-04-14
CMD41893,CL0346,P076,Jan 19 2024,5,1807.53,annulé,TANGER,Carte,LIV6,
CMD04947,CL0068,P089,2024-03-08,1,653.72,livré,RBA,Carte,LIV4,2024-03-11
CMD46719,CL0991,P019,Aug 16 2023,2,917.51,retourné,casa,Carte,LIV5,2023-08-21
CMD01717,CL0761,P100,Dec 04 2023,2,0,retourné,casa,Carte,LIV6,2023-12-05
CMD05682,CL0753,P050,2023-03-30,1,3793.48,livré,Agadir,Carte,LIV5,2023-03-31
CMD15681,CL0540,P081,03/03/2024,4,1765.82,LIVRE,CASABLANCA,Carte,LIV6,2024-03-08
CMD14239,CL0580,P026,2024-03-07,1,4655.57,DONE,TANGER,Carte,LIV2,2024-03-09
CMD01916,CL0373,P100,22/01/2023,1,273.8,livré,tanger,Carte,LIV1,2023-01-25
CMD40897,CL0324,P042,Feb 16 2023,2,4094.21,DONE,Tnja,Carte,LIV3,2023-02-20
CMD41532,CL0519,P084,19/04/2023,2,4379.76,livré,tanger,Carte,LIV2,2023-04-21
CMD29555,CL0595,P059,Nov 19 2023,3,2467.26,DONE,TNG,Carte,LIV5,2023-11-23
CMD45806,CL0660,P081,05/12/2023,5,2784.23,livre,CASABLANCA,Carte,LIV10,
CMD17060,CL0960,P084,28/06/2023,2,4165.0,OK,kech,Carte,LIV1,
CMD08818,CL0361,P055,2024-01-19,5,3134.33,livré,marrakech,Carte,LIV7,2024-01-22
CMD35933,CL0674,P009,2023-10-08,1,2394.39,livré,casa,Carte,LIV10,2023-10-13
CMD16392,CL0033,P098,Oct 01 2023,2,2176.17,livre,TANGER,Carte,LIV6,
CMD10015,CL0763,P078,2023-02-22,1,2018.52,DONE,Agadir,Carte,,2023-02-24
CMD19302,CL0881,P048,30/05/2023,3,2020.67,en_cours,casa,Carte,LIV5,
CMD32663,CL0008,P012,Dec 28 2023,4,1115.98,DONE,CASABLANCA,Carte,LIV7,2024-01-01
CMD08964,CL0162,P037,2023-03-15,3,635.23,annulé,casa,Carte,LIV3,
CMD47521,CL0350,P024,Mar 17 2023,5,4967.86,annulé,Agadir,Carte,LIV7,
CMD01707,CL0336,P054,03/01/2024,1,765.46,OK,RBA,Carte,,
CMD35582,CL0529,P094,May 28 2023,4,1198.48,DONE,casa,Carte,LIV9,2023-06-01
CMD29685,CL0844,P016,2023-04-02,3,343.55,KO,TNG,Carte,LIV3,
CMD37874,CL0320,P002,27/04/2023,3,4826.89,annulé,TNG,Carte,LIV4,
CMD17925,CL0143,P094,02/05/2024,1,3404.03,en_cours,casa,Carte,LIV4,
CMD18067,CL0378,P071,2024-01-13,5,2066.09,retourné,marrakech,Carte,LIV4,2024-01-15
CMD17946,CL0718,P075,Apr 21 2024,4,152.75,annulé,marrakech,Carte,LIV6,
CMD45343,CL0422,P023,Feb 15 2024,4,1415.08,LIVRE,TANGER,Carte,LIV5,2024-02-17
CMD12998,CL0171,P023,2023-02-12,4,3600.68,LIVRE,TANGER,Carte,LIV9,2023-02-14
CMD09475,CL0987,P071,Apr 10 2024,4,2727.61,en_cours,TNG,Carte,LIV8,
CMD43733,CL0087,P072,Jul 20 2023,3,1313.57,DONE,TNG,Carte,LIV1,2023-07-25
CMD41903,CL0815,P092,2023-09-19,4,1486.01,annulé,kech,Carte,LIV5,
CMD00158,CL0073,P004,11/10/2023,3,2215.84,livré,casa,Carte,LIV6,2023-10-14
CMD07206,CL0792,P051,2023-01-28,4,1126.72,en_cours,TNG,Carte,LIV9,
CMD23740,CL0913,P009,14/02/2023,4,2901.36,OK,TANGER,Carte,LIV3,
CMD34417,CL0471,P036,2023-05-21,5,4760.19,annulé,tanger,Carte,LIV2,
CMD17114,CL0771,P078,2023-04-20,5,1430.39,livré,tanger,Carte,LIV9,2023-04-24
CMD00528,CL0090,P023,2023-12-21,4,4381.81,livré,Tnja,Carte,LIV9,2023-12-22
CMD45296,CL0860,P030,25/09/2023,4,4487.57,retourné,Tnja,Carte,LIV5,2023-09-27
CMD45645,CL0836,P028,2024-03-11,4,2976.72,KO,CASABLANCA,Carte,LIV6,
CMD28373,CL0825,P054,Mar 29 2023,5,3039.45,KO,TNG,Carte,LIV8,
CMD44944,CL0138,P025,22/11/2023,4,1056.09,retourné,Tnja,Carte,LIV8,2023-11-24
CMD03737,CL0769,P081,10/11/2023,3,722.66,livre,TNG,Carte,LIV8,
CMD40376,CL0366,P013,27/11/2023,3,1964.67,LIVRE,TNG,Carte,,2023-12-02
CMD07108,CL0603,P064,18/02/2023,1,4832.02,livré,marrakech,Carte,LIV6,2023-02-20
CMD07269,CL0786,P034,Jan 28 2024,4,833.32,annulé,tanger,Carte,LIV8,
CMD06464,CL0035,P099,01/05/2023,5,3982.53,retourné,Agadir,Carte,LIV3,2023-05-03
CMD44432,CL0761,P020,2023-09-21,2,1324.24,en_cours,marrakech,Carte,LIV7,
CMD21000,CL0555,P089,02/05/2024,1,3472.68,retourné,TANGER,Carte,LIV8,2024-05-06
CMD37612,CL0492,P060,Feb 05 2023,4,4886.09,en_cours,marrakech,Carte,LIV5,
CMD04147,CL0765,P061,Jan 11 2024,2,855.87,en_cours,casa,Carte,LIV9,
CMD09745,CL0494,P053,28/01/2023,1,905.77,livré,RBA,Carte,LIV4,2023-02-02
CMD27201,CL0273,P013,25/09/2023,2,4092.37,livré,TNG,Carte,LIV5,2023-09-29
CMD01786,CL0858,P079,Apr 19 2024,5,3129.74,livré,marrakech,Carte,LIV4,2024-04-20
CMD22619,CL0168,P035,Feb 28 2023,1,1117.32,en_cours,CASABLANCA,Carte,LIV7,
CMD02704,CL0566,P095,22/04/2024,1,1806.89,en_cours,marrakech,Carte,LIV9,
CMD02017,CL0385,P096,2024-01-28,4,2985.24,annulé,Tnja,Carte,LIV7,
CMD00986,CL0366,P032,2023-05-25,5,4732.46,annulé,TANGER,Carte,LIV1,
CMD43466,CL0816,P079,Jul 06 2023,2,1858.53,KO,casa,Carte,,
CMD01300,CL0543,P072,May 08 2024,2,4613.17,livre,RBA,Carte,LIV1,
CMD25618,CL0699,P019,2024-01-22,5,1546.19,livré,CASABLANCA,Carte,LIV9,2024-01-23
CMD10146,CL0201,P041,27/07/2023,1,73.84,en_cours,casa,Carte,LIV2,
CMD32958,CL0693,P024,2023-04-25,3,3801.43,KO,marrakech,Carte,LIV1,
CMD44089,CL0831,P057,Jul 05 2023,1,1642.35,livre,TANGER,Carte,LIV4,
CMD06416,CL0909,P051,2023-03-12,5,1409.1,OK,casa,Carte,LIV10,
CMD17672,CL0914,P088,09/01/2023,1,2583.16,KO,kech,Carte,,
CMD06877,CL0714,P037,2023-07-01,1,3593.8,annulé,RBA,Carte,LIV7,
CMD07473,CL0263,P017,Mar 25 2024,3,2405.41,livre,CASABLANCA,Carte,LIV9,
CMD25400,CL0909,P021,07/05/2024,2,991.05,livre,marrakech,Carte,LIV7,
CMD29697,CL0052,P081,Apr 08 2024,5,4198.15,livré,casa,Carte,,2024-04-10
CMD47752,CL0172,P016,Feb 25 2024,1,3897.83,en_cours,Tnja,Carte,LIV6,
CMD44281,CL0703,P008,Oct 16 2023,1,3676.98,KO,TANGER,Carte,LIV8,
CMD27727,CL0615,P012,2023-04-22,1,4805.12,KO,TNG,Carte,LIV1,
CMD30928,CL0568,P084,Jan 11 2024,-1,4427.72,LIVRE,casa,Carte,LIV1,2024-01-14
CMD13069,CL0798,P058,26/02/2024,3,4141.82,en_cours,CASABLANCA,Carte,LIV4,
CMD33426,CL1000,P094,09/07/2023,4,3914.43,OK,marrakech,Carte,LIV5,
CMD30198,CL0587,P077,Sep 27 2023,4,3221.82,LIVRE,Tnja,Carte,LIV2,2023-09-29
CMD06990,CL0750,P040,2024-02-26,2,1809.94,livré,Tnja,Carte,,2024-02-27
CMD40175,CL0426,P071,Aug 27 2023,1,4389.65,DONE,tanger,Carte,,2023-08-29
CMD40944,CL0636,P081,28/03/2023,3,4798.29,livré,RBA,Carte,LIV3,2023-04-01
CMD47135,CL0949,P100,2024-01-30,2,1217.0,livré,Agadir,Carte,LIV7,2024-02-03
CMD14249,CL0548,P030,Feb 28 2024,5,2641.76,livré,TNG,Carte,LIV5,2024-03-03
CMD41151,CL0926,P079,2023-10-30,3,4426.53,DONE,TANGER,Carte,LIV5,2023-10-31
CMD20439,CL0449,P055,05/11/2023,4,1456.12,retourné,CASABLANCA,Carte,LIV10,2023-11-06
CMD12382,CL0807,P087,Jun 05 2023,4,3252.23,livré,CASABLANCA,Carte,LIV3,2023-06-09
CMD40737,CL0379,P008,Jan 18 2024,1,1769.23,KO,marrakech,Carte,LIV2,
CMD33061,CL0084,P016,Jan 24 2023,4,1889.1,en_cours,kech,Carte,LIV4,
CMD41570,CL0325,P004,Dec 12 2023,5,3442.57,OK,TNG,Carte,LIV3,
CMD28708,CL0668,P008,Jun 09 2023,4,0,retourné,casa,Carte,,2023-06-14
CMD40979,CL0137,P021,25/12/2023,2,4258.39,livré,kech,Carte,LIV10,2023-12-30
CMD38354,CL0338,P034,Jun 14 2023,2,3420.34,livré,tanger,Carte,LIV9,2023-06-17
CMD19719,CL0629,P017,2023-01-27,5,3214.63,LIVRE,Tnja,Carte,LIV4,2023-01-28
CMD22162,CL0661,P082,2023-02-28,1,68.94,livre,Tnja,Carte,LIV2,
CMD22778,CL0026,P033,2023-01-24,4,1040.27,livre,CASABLANCA,Carte,LIV2,
CMD38542,CL0812,P015,Jul 04 2023,5,58.15,livré,CASABLANCA,Carte,LIV3,2023-07-09
CMD24749,CL0697,P035,09/05/2024,4,3983.74,annulé,Agadir,Carte,LIV5,
CMD44394,CL0792,P090,11/02/2024,2,2761.25,livre,TANGER,Carte,LIV1,
CMD07149,CL0907,P088,2023-10-01,5,3904.88,DONE,casa,Carte,LIV10,2023-10-04
CMD41007,CL0777,P049,13/01/2024,1,3281.99,livré,marrakech,Carte,LIV5,2024-01-17
CMD22622,CL0960,P017,27/10/2023,1,4571.48,KO,Agadir,Carte,LIV7,
CMD05287,CL0575,P022,2023-06-14,4,303.62,annulé,marrakech,Carte,LIV3,
CMD40327,CL0849,P063,2023-01-03,4,2623.01,livré,Agadir,Carte,LIV1,2023-01-04
CMD27927,CL0441,P050,2024-03-21,3,1179.0,livré,Tnja,Carte,LIV1,2024-03-26
CMD08416,CL0332,P013,19/02/2024,3,2278.63,annulé,kech,Carte,LIV6,
CMD46877,CL0678,P098,2023-08-11,5,4076.64,OK,kech,Carte,LIV7,
CMD31963,CL0330,P063,2023-11-15,4,3969.47,livre,casa,Carte,LIV3,
CMD43271,CL0774,P052,2023-03-12,3,4342.24,retourné,TANGER,Carte,LIV4,2023-03-16
CMD23902,CL0850,P055,2023-06-15,2,4090.95,livré,Tnja,Carte,LIV8,2023-06-16
CMD14333,CL0052,P081,Jun 04 2023,4,128.1,OK,tanger,Carte,LIV7,
CMD34304,CL0669,P078,2023-12-26,1,3838.82,LIVRE,TANGER,Carte,LIV8,2023-12-31
CMD42649,CL0298,P008,08/03/2024,5,4584.27,retourné,TANGER,Carte,LIV7,2024-03-09
CMD35122,CL0324,P082,26/08/2023,5,544.33,livre,Tnja,Carte,,
CMD44111,CL0822,P078,2023-03-12,2,3418.59,LIVRE,Tnja,Carte,LIV3,2023-03-16
CMD30875,CL0212,P039,2024-04-02,5,403.18,livre,tanger,Carte,LIV1,
CMD41462,CL0893,P080,2023-07-04,2,724.47,en_cours,TNG,Carte,LIV9,
CMD48285,CL0309,P053,Apr 02 2023,3,4761.91,livré,RBA,Carte,LIV3,2023-04-06
CMD02979,CL0064,P019,Dec 05 2023,5,3694.78,LIVRE,Tnja,Carte,LIV8,2023-12-08
CMD28483,CL0643,P066,Nov 20 2023,5,4946.24,LIVRE,Tnja,Carte,LIV8,2023-11-24
CMD21361,CL0109,P021,2023-06-01,4,487.74,livré,Tnja,Carte,LIV7,2023-06-02
CMD41238,CL0830,P049,14/02/2024,5,2431.93,livré,marrakech,Carte,LIV1,2024-02-16
CMD41318,CL0662,P035,2024-03-01,1,4442.68,livre,Agadir,Carte,LIV5,
CMD04119,CL0315,P070,Dec 18 2023,3,1538.49,KO,tanger,Carte,LIV10,
CMD38142,CL0140,P025,14/01/2023,4,2135.98,livré,marrakech,Carte,LIV3,2023-01-15
CMD01112,CL0012,P005,2024-03-27,4,736.76,en_cours,tanger,Carte,LIV3,
CMD26014,CL0462,P067,2024-05-10,2,3517.12,LIVRE,casa,Carte,LIV8,2024-05-14
CMD48122,CL0449,P024,2023-05-11,1,1970.22,KO,CASABLANCA,Carte,LIV2,
CMD27668,CL0901,P032,2023-10-04,3,2265.54,livre,tanger,Carte,LIV1,
CMD28028,CL0522,P009,Jun 17 2023,3,520.86,livré,tanger,Carte,LIV1,2023-06-19
CMD44405,CL0863,P032,Mar 24 2023,2,1539.14,annulé,TANGER,Carte,LIV4,
CMD45030,CL0166,P020,2023-07-17,4,1317.58,en_cours,TNG,Carte,LIV2,
CMD30994,CL0547,P020,2024-02-26,1,1906.68,livre,tanger,Carte,,
CMD12172,CL0824,P014,2023-12-07,3,4623.9,retourné,tanger,Carte,LIV5,2023-12-08
CMD34266,CL0558,P059,2024-01-11,3,1664.44,LIVRE,casa,Carte,LIV6,2024-01-15
CMD18773,CL0995,P028,Dec 20 2023,3,3809.9,retourné,tanger,Carte,LIV6,2023-12-22
CMD41536,CL0867,P009,2023-11-13,1,1727.67,livré,marrakech,Carte,LIV10,2023-11-17
CMD44406,CL0948,P066,Apr 22 2023,1,1677.69,annulé,tanger,Carte,LIV4,
CMD13727,CL0851,P029,Nov 16 2023,4,561.15,livre,kech,Carte,LIV6,
CMD21580,CL0363,P055,2024-03-19,1,2604.1,livré,kech,Carte,LIV1,2024-03-21
CMD13165,CL0420,P025,Apr 03 2024,1,1159.86,livre,TANGER,Carte,LIV6,
CMD11798,CL0630,P055,20/08/2023,2,4250.35,en_cours,RBA,Carte,LIV5,
CMD36667,CL0551,P079,2023-05-21,1,2743.14,livré,RBA,Carte,LIV5,2023-05-25
CMD07719,CL0461,P056,22/05/2023,4,4745.56,livre,casa,Carte,LIV7,
CMD43339,CL0094,P032,08/01/2024,4,3236.05,OK,RBA,Carte,LIV8,
CMD45551,CL0206,P045,2023-03-06,5,4858.42,retourné,kech,Carte,LIV2,2023-03-10
CMD04157,CL0954,P028,31/12/2023,3,1764.6,livre,TNG,Carte,LIV9,
CMD09983,CL0285,P036,2023-09-27,1,276.62,livré,Agadir,Carte,LIV7,2023-09-29
CMD07465,CL0129,P045,28/05/2023,5,652.59,KO,Agadir,Carte,LIV5,
CMD02428,CL0760,P100,09/11/2023,3,1841.07,DONE,tanger,Carte,LIV2,2023-11-12
CMD15597,CL0947,P041,15/02/2023,3,519.09,OK,Agadir,Carte,LIV10,
CMD42223,CL0257,P001,Jul 08 2023,2,4578.64,retourné,CASABLANCA,Carte,LIV6,2023-07-09
CMD45201,CL0480,P052,Dec 23 2023,3,2940.91,livré,Agadir,Carte,LIV10,2023-12-26
CMD25028,CL0124,P056,27/05/2023,5,1193.69,retourné,RBA,Carte,LIV2,2023-05-30
CMD12402,CL0445,P099,Apr 30 2023,2,4035.23,DONE,CASABLANCA,Carte,LIV5,2023-05-04
CMD12714,CL0715,P097,24/12/2023,5,146.08,KO,Tnja,Carte,LIV8,
CMD12615,CL0328,P013,29/04/2024,3,3453.03,livré,Agadir,Carte,LIV10,2024-05-03
CMD25066,CL0056,P093,Jan 23 2024,2,1850.25,livré,RBA,Carte,LIV5,2024-01-27
CMD46588,CL0685,P053,10/08/2023,4,140.28,annulé,RBA,Carte,LIV1,
CMD09934,CL0477,P005,Oct 21 2023,5,1759.57,LIVRE,Agadir,Carte,LIV3,2023-10-25
CMD03001,CL0199,P008,02/03/2023,1,1445.14,en_cours,CASABLANCA,Carte,LIV2,
CMD45850,CL0469,P070,Mar 29 2024,3,907.88,annulé,marrakech,Carte,LIV9,
CMD14794,CL0823,P091,2023-07-23,1,3811.71,retourné,casa,Carte,LIV7,2023-07-28
CMD40311,CL0826,P015,02/03/2023,5,2993.75,LIVRE,casa,Carte,LIV1,2023-03-07
CMD30634,CL0840,P035,Mar 21 2023,2,69.82,OK,CASABLANCA,Carte,LIV7,
CMD36337,CL0527,P040,Oct 07 2023,1,1055.58,livré,marrakech,Carte,LIV7,2023-10-08
CMD13982,CL0787,P073,17/08/2023,4,4161.99,OK,TNG,Carte,LIV6,
CMD18033,CL0947,P064,May 24 2023,1,3153.91,LIVRE,casa,Carte,,2023-05-27
CMD46054,CL0513,P063,19/04/2024,3,4231.34,annulé,CASABLANCA,Carte,LIV6,
CMD14819,CL0260,P028,2023-07-14,3,3233.01,KO,Tnja,Carte,LIV9,
CMD31530,CL0542,P083,2024-02-05,3,1146.33,livré,casa,Carte,LIV5,2024-02-07
CMD44333,CL0269,P082,Jan 02 2024,2,1153.07,annulé,tanger,Carte,,
CMD40258,CL0021,P015,Apr 10 2023,1,4776.81,annulé,Tnja,Carte,LIV6,
CMD21271,CL0943,P093,2023-04-13,3,2568.43,livré,TNG,Carte,LIV10,2023-04-16
CMD26369,CL0867,P062,24/04/2024,4,348.78,retourné,Agadir,Carte,LIV10,2024-04-26
CMD26779,CL0396,P073,Feb 10 2023,2,4518.01,DONE,TANGER,Carte,LIV4,2023-02-12
CMD11912,CL0083,P100,05/09/2023,4,2909.49,en_cours,RBA,Carte,LIV7,
CMD04976,CL0445,P023,Feb 09 2023,4,1464.19,OK,marrakech,Carte,,
CMD31414,CL0387,P047,07/10/2023,1,4143.14,DONE,Agadir,Carte,LIV3,2023-10-08
CMD28393,CL0578,P001,03/03/2023,5,994.86,DONE,CASABLANCA,Carte,LIV7,2023-03-05
CMD17698,CL0638,P082,2023-11-10,4,4137.05,DONE,casa,Carte,LIV10,2023-11-12
CMD25700,CL0257,P024,2024-02-11,4,3007.93,LIVRE,Tnja,Carte,LIV8,2024-02-15
CMD08026,CL0581,P079,Oct 25 2023,4,3724.34,livré,marrakech,Carte,LIV6,2023-10-29
CMD02329,CL0360,P052,2023-09-19,2,1616.87,annulé,TNG,Carte,LIV2,
CMD07702,CL0986,P067,Apr 04 2023,4,3606.59,livre,kech,Carte,LIV6,
CMD25269,CL0831,P094,06/10/2023,3,0,livré,RBA,Carte,,2023-10-11
CMD21239,CL0821,P011,2023-01-14,5,4546.5,livre,TNG,Carte,LIV7,
CMD21937,CL0662,P011,2024-04-14,5,1713.0,en_cours,TANGER,Carte,LIV10,
CMD45943,CL0477,P066,Feb 25 2023,3,1325.75,livré,RBA,Carte,LIV7,2023-02-27
CMD31261,CL0697,P096,Feb 02 2024,3,4314.38,OK,tanger,Carte,LIV6,
CMD35563,CL0165,P008,14/05/2023,1,4374.07,OK,tanger,Carte,LIV1,
CMD24437,CL0170,P083,25/04/2023,1,999.31,livré,TANGER,Carte,,2023-04-29
CMD15955,CL0838,P091,19/06/2023,1,4098.48,KO,TANGER,Carte,LIV9,
CMD18200,CL0364,P099,23/03/2024,5,944.48,livré,TANGER,Carte,LIV5,2024-03-24
CMD43688,CL0264,P029,2023-10-05,3,1291.98,annulé,casa,Carte,LIV2,
CMD29726,CL0414,P006,Aug 13 2023,2,3419.35,KO,TANGER,Carte,,
CMD27608,CL0535,P028,Dec 26 2023,1,2724.23,livré,casa,Carte,LIV3,2023-12-29
CMD15874,CL0305,P071,2024-05-07,3,1701.84,annulé,Tnja,Carte,LIV9,
CMD01329,CL0196,P017,Dec 04 2023,2,3220.09,en_cours,TANGER,Carte,LIV2,
CMD23060,CL0789,P073,2023-10-19,1,2349.89,en_cours,CASABLANCA,Carte,LIV3,
CMD23350,CL0243,P010,19/05/2023,4,519.66,livré,TANGER,Carte,LIV4,2023-05-22
CMD30287,CL0289,P040,2023-12-10,1,2969.69,livre,TANGER,Carte,LIV2,
CMD20342,CL0818,P056,Apr 16 2024,4,3540.09,OK,Tnja,Carte,LIV5,
CMD11492,CL0792,P038,02/05/2023,1,4779.65,KO,TNG,Carte,LIV2,
CMD28259,CL0384,P095,May 02 2023,3,1320.35,en_cours,Tnja,Carte,LIV2,
CMD08907,CL0739,P044,Mar 04 2024,1,2697.85,retourné,Tnja,Carte,LIV5,2024-03-07
CMD14164,CL0492,P038,2023-06-22,2,1893.54,livré,CASABLANCA,Carte,LIV9,2023-06-27
CMD11308,CL0425,P046,2023-01-27,4,1555.22,retourné,tanger,Carte,LIV7,2023-02-01
CMD22655,CL0042,P026,Jan 31 2024,4,2533.9,livré,TANGER,Carte,LIV5,2024-02-05
CMD09400,CL0076,P066,2023-10-29,4,4595.98,DONE,casa,Carte,LIV6,2023-11-02
CMD23155,CL0726,P078,May 01 2024,1,1547.29,LIVRE,casa,Carte,LIV5,2024-05-06
CMD01603,CL0707,P055,03/03/2024,3,4277.82,livre,TNG,Carte,LIV3,
CMD23168,CL0793,P020,04/01/2024,4,2499.99,livré,TNG,Carte,LIV9,2024-01-08
CMD07625,CL0769,P054,Feb 09 2023,5,3951.66,LIVRE,CASABLANCA,Carte,LIV4,2023-02-10
CMD32518,CL0065,P027,04/04/2023,1,4357.67,LIVRE,marrakech,Carte,LIV9,2023-04-09
CMD11679,CL0726,P038,Feb 03 2024,2,2525.79,livre,TANGER,Carte,,
CMD41620,CL0918,P087,Mar 09 2024,2,4141.33,livré,casa,Carte,LIV6,2024-03-12
CMD08944,CL0894,P086,05/04/2024,2,4435.41,livré,TANGER,Carte,LIV1,2024-04-07
CMD37786,CL0174,P028,Aug 12 2023,-1,4241.57,en_cours,RBA,Carte,LIV1,
CMD46233,CL0452,P003,31/01/2024,5,4050.81,annulé,casa,Carte,LIV10,
CMD30217,CL0940,P076,29/03/2023,5,4292.35,livre,CASABLANCA,Carte,LIV2,
CMD14500,CL0221,P069,2024-02-22,1,733.91,DONE,Tnja,Carte,LIV5,2024-02-25
CMD29783,CL0220,P002,Oct 01 2023,3,2928.7,livré,marrakech,Carte,LIV5,2023-10-06
CMD10537,CL0064,P045,May 19 2023,3,2810.19,livré,TNG,Carte,LIV8,2023-05-22
CMD32897,CL0239,P005,06/02/2024,4,1897.19,annulé,TNG,Carte,LIV6,
CMD17478,CL0962,P036,03/08/2023,1,4563.2,livré,RBA,Carte,LIV9,2023-08-04
CMD15097,CL0512,P003,Feb 02 2023,2,4965.59,retourné,kech,Carte,,2023-02-04
CMD19772,CL0810,P042,18/11/2023,4,1693.22,livré,RBA,Carte,LIV5,2023-11-23
CMD25629,CL0786,P078,Sep 24 2023,1,3497.81,DONE,tanger,Carte,LIV1,2023-09-29
CMD05121,CL0953,P069,2024-04-09,5,3089.6,livré,tanger,Carte,LIV6,2024-04-11
CMD03523,CL0510,P075,2023-03-21,5,273.09,retourné,RBA,Carte,LIV7,2023-03-23
CMD11210,CL0330,P090,Oct 18 2023,3,2515.28,en_cours,Tnja,Carte,LIV9,
CMD00792,CL0136,P047,2023-09-18,1,3810.49,LIVRE,TANGER,Carte,LIV6,2023-09-20
CMD14775,CL0734,P054,Mar 06 2023,1,490.43,livré,casa,Carte,LIV3,2023-03-10
CMD13492,CL0345,P082,2023-06-17,5,2442.99,livré,kech,Carte,LIV5,2023-06-20
CMD20084,CL0334,P021,Feb 13 2024,4,897.85,livré,TANGER,Carte,,2024-02-16
CMD05006,CL0340,P093,2023-12-20,2,3924.56,livré,kech,Carte,LIV9,2023-12-25
CMD41084,CL0204,P041,21/10/2023,5,3333.91,retourné,casa,Carte,LIV1,2023-10-22
CMD20251,CL0478,P016,14/04/2024,5,0,LIVRE,casa,Carte,LIV9,2024-04-18
CMD03794,CL0949,P022,Mar 11 2024,5,3228.88,retourné,Tnja,Carte,LIV1,2024-03-15
CMD36965,CL0245,P094,14/04/2024,2,1185.21,livré,TANGER,Carte,LIV8,2024-04-18
CMD36883,CL0215,P033,Mar 16 2023,5,4645.82,KO,marrakech,Carte,LIV4,
CMD33677,CL0549,P076,24/05/2023,1,3764.59,livré,CASABLANCA,Carte,LIV9,2023-05-27
CMD09050,CL0897,P006,2023-07-29,4,1705.77,OK,kech,Carte,LIV10,
CMD08242,CL0786,P033,Apr 03 2024,1,4821.47,retourné,CASABLANCA,Carte,LIV8,2024-04-04
CMD20817,CL0067,P025,Jan 24 2024,5,4752.8,livre,Agadir,Carte,LIV5,
CMD02793,CL0386,P082,22/06/2023,3,4091.57,retourné,TNG,Carte,LIV2,2023-06-23
CMD42096,CL0636,P035,19/04/2024,1,2355.33,LIVRE,TANGER,Carte,LIV10,2024-04-24
CMD41189,CL0765,P024,08/10/2023,3,2851.22,livre,Tnja,Carte,LIV10,
CMD32285,CL0437,P071,2023-03-28,4,940.42,livre,casa,Carte,LIV5,
CMD29085,CL0501,P022,Apr 22 2024,5,258.6,OK,marrakech,Carte,LIV6,
CMD36777,CL0247,P035,08/05/2023,2,1541.46,DONE,Tnja,Carte,LIV6,2023-05-11
CMD21595,CL0123,P040,2024-01-12,4,3098.87,livre,RBA,Carte,LIV2,
CMD06274,CL0469,P055,May 11 2024,3,4296.95,livre,CASABLANCA,Carte,LIV3,
CMD01332,CL0665,P087,May 10 2023,4,1407.55,DONE,marrakech,Carte,LIV5,2023-05-14
CMD00648,CL0326,P049,2023-09-12,4,871.39,en_cours,marrakech,Carte,,
CMD09043,CL0907,P006,Feb 28 2024,4,2337.37,livré,marrakech,Carte,LIV8,2024-03-04
CMD26018,CL0990,P039,Mar 01 2024,3,2945.41,LIVRE,TNG,Carte,LIV9,2024-03-02
CMD26031,CL0876,P070,20/04/2023,4,2061.98,annulé,Tnja,Carte,LIV8,
CMD41665,CL0273,P062,2023-09-29,4,3931.63,livré,RBA,Carte,LIV6,2023-10-04
CMD13334,CL0859,P096,12/11/2023,3,811.32,OK,RBA,Carte,LIV1,
CMD38077,CL0340,P097,2023-12-08,4,1640.55,LIVRE,RBA,Carte,LIV10,2023-12-10
CMD09425,CL0807,P028,2023-04-07,1,4250.69,annulé,TANGER,Carte,LIV10,
CMD33493,CL0434,P068,Sep 28 2023,5,1986.91,retourné,Tnja,Carte,LIV2,2023-09-29
CMD45908,CL0201,P083,Jul 14 2023,3,543.86,livré,Agadir,Carte,LIV8,2023-07-18
CMD40707,CL0796,P009,Mar 25 2023,4,921.19,DONE,marrakech,Carte,LIV4,2023-03-29
CMD18112,CL0658,P082,2023-08-07,5,1158.53,KO,Agadir,Carte,LIV5,
CMD33270,CL0568,P048,2023-10-10,4,3887.71,DONE,RBA,Carte,LIV1,2023-10-15
CMD44867,CL0684,P014,2024-01-13,1,147.16,livré,RBA,Carte,LIV9,2024-01-18
CMD12624,CL0415,P041,Mar 26 2023,3,1842.49,OK,Tnja,Carte,LIV1,
CMD18163,CL0894,P055,Mar 07 2024,-1,2564.32,livré,Agadir,Carte,LIV6,2024-03-12
CMD09278,CL0090,P068,03/02/2023,1,2745.1,en_cours,tanger,Carte,LIV3,
CMD24966,CL0029,P065,Jun 14 2023,2,3517.17,livré,casa,Carte,LIV1,2023-06-19
CMD23175,CL0494,P099,2023-09-16,1,3102.24,LIVRE,Agadir,Carte,LIV1,2023-09-20
CMD16497,CL0952,P057,Apr 26 2024,3,4287.46,retourné,CASABLANCA,Carte,LIV10,2024-05-01
CMD28546,CL0896,P071,11/02/2024,3,2820.13,livré,tanger,Carte,LIV8,2024-02-13
CMD32283,CL0881,P041,08/11/2023,3,1976.93,en_cours,Tnja,Carte,LIV5,
CMD31597,CL0990,P099,Feb 14 2023,4,647.91,livré,CASABLANCA,Carte,LIV10,2023-02-15
CMD15396,CL0474,P069,Mar 23 2023,5,2457.65,KO,TNG,Carte,LIV2,
CMD24541,CL0652,P064,23/11/2023,1,736.03,en_cours,TANGER,Carte,LIV8,
CMD13929,CL0242,P025,Jan 06 2023,5,3760.1,livre,Tnja,Carte,LIV4,
CMD26748,CL0312,P100,2023-11-24,5,1101.21,livre,CASABLANCA,Carte,LIV6,
CMD10400,CL0061,P037,Feb 22 2023,2,4496.12,livré,Agadir,Carte,LIV5,2023-02-26
CMD36460,CL0071,P055,07/10/2023,5,0,en_cours,TANGER,Carte,LIV1,
CMD31432,CL0042,P005,Jan 23 2024,5,4448.99,LIVRE,Tnja,Carte,LIV4,2024-01-26
CMD08802,CL0499,P066,Feb 06 2023,2,4491.93,KO,TNG,Carte,LIV8,
CMD26921,CL0310,P012,09/04/2024,1,2693.52,LIVRE,kech,Carte,LIV3,2024-04-12
CMD01757,CL0961,P037,May 31 2023,4,4292.99,en_cours,tanger,Carte,LIV7,
CMD41882,CL0838,P059,Mar 18 2024,4,1243.71,KO,TANGER,Carte,LIV3,
CMD33519,CL0278,P051,2023-09-22,4,2632.16,KO,CASABLANCA,Carte,LIV5,
CMD44057,CL0061,P070,2024-03-11,1,2778.41,LIVRE,Agadir,Carte,LIV5,2024-03-12
CMD00846,CL0329,P008,Dec 06 2023,2,558.72,LIVRE,TANGER,Carte,LIV4,2023-12-10
CMD03828,CL0252,P084,20/03/2023,4,488.88,annulé,Tnja,Carte,LIV3,
CMD45810,CL0038,P009,2023-11-26,1,3753.05,livre,TANGER,Carte,LIV1,
CMD48064,CL0869,P051,02/04/2024,5,2653.39,LIVRE,RBA,Carte,LIV4,2024-04-07
CMD29500,CL0548,P070,28/05/2023,3,1527.19,en_cours,CASABLANCA,Carte,LIV7,
CMD27209,CL0419,P093,Sep 17 2023,5,1056.81,livré,Agadir,Carte,LIV9,2023-09-21
CMD45164,CL0943,P048,2023-02-06,3,742.21,retourné,casa,Carte,LIV7,2023-02-09
CMD29356,CL0489,P001,21/01/2024,1,700.26,LIVRE,TANGER,Carte,,2024-01-25
CMD07686,CL0233,P071,03/02/2023,1,2274.79,livre,kech,Carte,LIV10,
CMD38935,CL0711,P062,2024-03-17,3,878.26,KO,tanger,Carte,LIV6,
CMD33776,CL0976,P084,Jul 19 2023,5,3506.84,en_cours,kech,Carte,LIV7,
CMD32624,CL0343,P084,20/06/2023,2,902.51,en_cours,kech,Carte,LIV1,
CMD03780,CL0192,P052,Apr 21 2023,2,1256.19,livré,kech,Carte,LIV1,2023-04-25
CMD47582,CL0308,P060,Feb 10 2024,4,1320.51,retourné,marrakech,Carte,LIV5,2024-02-15
CMD00023,CL0782,P061,May 03 2024,3,1593.33,LIVRE,Agadir,Carte,LIV10,2024-05-06
CMD36452,CL0128,P036,2023-04-05,4,4933.63,livré,RBA,Carte,LIV3,2023-04-10
CMD35181,CL0351,P090,Nov 24 2023,3,4821.12,LIVRE,Agadir,Carte,,2023-11-29
CMD47406,CL0955,P052,Jun 01 2023,5,4839.77,livré,CASABLANCA,Carte,LIV5,2023-06-05
CMD23082,CL0018,P039,2023-06-25,2,169.96,DONE,TNG,Carte,LIV7,2023-06-30
CMD30250,CL0721,P085,Jun 25 2023,3,1257.09,annulé,casa,Carte,LIV7,
CMD17524,CL0724,P004,23/03/2024,4,1730.8,livré,Tnja,Carte,LIV6,2024-03-28
CMD27168,CL0887,P070,2023-10-03,3,473.44,DONE,tanger,Carte,LIV1,2023-10-06
CMD22669,CL0303,P063,Dec 05 2023,5,3191.4,annulé,Tnja,Carte,LIV6,
CMD14031,CL0265,P065,2023-08-24,3,301.71,en_cours,TNG,Carte,LIV8,
CMD07905,CL0792,P091,2024-02-06,1,1705.43,LIVRE,kech,Carte,LIV2,2024-02-07
CMD29622,CL0194,P030,27/01/2024,2,4276.62,livré,marrakech,Carte,LIV5,2024-01-28
CMD46471,CL0884,P049,2023-10-19,5,2624.9,OK,tanger,Carte,LIV2,
CMD34992,CL0576,P097,2024-04-27,3,1676.36,LIVRE,marrakech,Carte,LIV5,2024-04-30
CMD04390,CL0425,P022,Apr 10 2023,4,4812.22,annulé,RBA,Carte,LIV3,
CMD18613,CL0436,P038,13/08/2023,2,3574.73,KO,tanger,Carte,LIV8,
CMD19254,CL0476,P002,Feb 22 2023,1,483.37,LIVRE,tanger,Carte,,2023-02-23
CMD33467,CL0624,P071,Dec 18 2023,1,3922.19,OK,TANGER,Carte,LIV8,
CMD18952,CL0348,P001,2024-04-26,2,2461.81,livré,CASABLANCA,Carte,LIV4,2024-04-29
CMD06935,CL0819,P051,2023-09-13,1,2402.86,livré,marrakech,Carte,LIV1,2023-09-18
CMD02792,CL0169,P025,03/02/2024,4,1201.68,DONE,casa,Carte,LIV6,2024-02-08
CMD41764,CL0555,P036,25/01/2023,3,1113.29,livré,TNG,Carte,LIV6,2023-01-28
CMD44000,CL0719,P067,May 22 2023,5,1590.57,livré,Tnja,Carte,LIV8,2023-05-25
CMD20802,CL0117,P072,Apr 07 2023,2,1887.7,DONE,RBA,Carte,LIV10,2023-04-09
CMD10784,CL0217,P092,2024-04-05,5,2444.06,livré,CASABLANCA,Carte,LIV4,2024-04-07
CMD09873,CL0631,P052,Jul 11 2023,4,403.46,DONE,RBA,Carte,LIV6,2023-07-14
CMD31161,CL0556,P069,May 25 2023,1,2945.66,livré,TANGER,Carte,LIV5,2023-05-29
CMD40611,CL0927,P043,Jan 23 2024,1,1908.44,livré,tanger,Carte,LIV1,2024-01-27
CMD04753,CL0790,P076,Aug 24 2023,5,275.34,OK,TANGER,Carte,LIV6,
CMD25721,CL0215,P077,14/01/2023,3,588.61,annulé,RBA,Carte,LIV9,
CMD27699,CL0231,P091,Mar 22 2023,4,1562.3,LIVRE,RBA,Carte,LIV6,2023-03-26
CMD37538,CL0174,P100,24/08/2023,1,2917.32,en_cours,tanger,Carte,LIV10,
CMD38601,CL0297,P055,Apr 10 2024,2,3356.7,annulé,TANGER,Carte,LIV2,
CMD43738,CL0386,P072,Feb 24 2023,3,4323.66,livré,tanger,Carte,LIV8,2023-02-25
CMD10180,CL0759,P045,Oct 19 2023,1,1532.62,livre,TANGER,Carte,LIV9,
CMD08137,CL0260,P030,Apr 01 2024,4,2299.66,DONE,marrakech,Carte,LIV9,2024-04-04
CMD41926,CL0685,P036,Aug 14 2023,-1,4330.79,livre,marrakech,Carte,LIV8,
CMD22630,CL0151,P008,2023-09-06,2,2763.06,livré,Agadir,Carte,LIV3,2023-09-11
CMD05686,CL0207,P047,02/11/2023,1,1620.16,retourné,Agadir,Carte,LIV5,2023-11-04
CMD25878,CL0914,P040,28/01/2023,5,901.65,LIVRE,kech,Carte,LIV3,2023-02-01
CMD47885,CL0868,P058,Apr 14 2023,2,1849.05,livré,TANGER,Carte,LIV6,2023-04-15
CMD18689,CL0285,P091,Apr 23 2023,1,2287.81,DONE,kech,Carte,LIV2,2023-04-24
CMD32705,CL0325,P065,2023-10-19,4,4146.85,KO,kech,Carte,LIV5,
CMD41340,CL0894,P076,Feb 06 2023,3,2674.45,annulé,RBA,Carte,LIV5,
CMD35926,CL0475,P030,19/03/2023,5,4192.55,LIVRE,RBA,Carte,LIV5,2023-03-24
CMD03187,CL0309,P006,22/08/2023,5,274.04,KO,TANGER,Carte,LIV7,
CMD32570,CL0861,P036,2023-01-21,5,4926.64,livré,RBA,Carte,,2023-01-25
CMD11481,CL0486,P038,2023-09-25,2,4778.15,LIVRE,casa,Carte,LIV4,2023-09-26
CMD13293,CL0512,P023,Sep 22 2023,5,1789.61,livré,kech,Carte,LIV2,2023-09-25
CMD17837,CL0731,P077,08/04/2023,5,1273.09,annulé,casa,Carte,LIV10,
CMD08589,CL0354,P037,Aug 10 2023,3,1846.42,livré,Tnja,Carte,LIV3,2023-08-15
CMD02252,CL0363,P099,Aug 08 2023,5,1910.0,OK,Tnja,Carte,LIV6,
CMD14787,CL0666,P010,08/04/2024,4,2244.49,DONE,TNG,Carte,LIV4,2024-04-09
CMD43623,CL0915,P046,Dec 04 2023,2,121.09,livré,Agadir,Carte,LIV5,2023-12-05
CMD38779,CL0401,P069,13/08/2023,2,290.84,KO,marrakech,Carte,LIV8,
CMD29612,CL0016,P044,Feb 24 2024,3,4615.02,KO,TNG,Carte,LIV4,
CMD19978,CL0239,P011,2023-06-08,5,2712.45,annulé,tanger,Carte,LIV7,
CMD28563,CL0946,P047,2023-06-22,2,2958.54,livre,CASABLANCA,Carte,LIV2,
CMD30176,CL0101,P033,16/01/2023,4,1433.06,en_cours,CASABLANCA,Carte,LIV1,
CMD43241,CL0733,P059,06/04/2024,3,4365.85,annulé,RBA,Carte,LIV7,
CMD42091,CL0443,P033,May 29 2023,3,477.06,livré,casa,Carte,,2023-06-02
CMD18291,CL0698,P046,19/01/2023,2,4967.75,livré,marrakech,Carte,LIV8,2023-01-20
CMD02888,CL0935,P057,04/11/2023,3,2834.51,livré,RBA,Carte,LIV8,2023-11-09
CMD05584,CL0523,P086,Feb 11 2023,1,2965.9,KO,Agadir,Carte,LIV8,
CMD26215,CL0936,P004,13/03/2023,4,3838.97,retourné,kech,Carte,,2023-03-16
CMD05784,CL0478,P060,18/04/2024,2,2732.63,KO,CASABLANCA,Carte,LIV4,
CMD24175,CL0139,P019,17/03/2023,4,4586.11,annulé,casa,Carte,LIV5,
CMD15155,CL0476,P011,2023-09-20,3,4261.52,en_cours,marrakech,Carte,LIV8,
CMD20912,CL0493,P046,Nov 29 2023,1,4508.94,livré,TANGER,Carte,LIV10,2023-12-02
CMD46217,CL0246,P045,2024-01-03,2,2671.2,KO,Tnja,Carte,LIV4,
CMD42074,CL0695,P063,Aug 31 2023,5,1332.42,livré,kech,Carte,LIV5,2023-09-04
CMD20295,CL0094,P060,29/01/2024,3,3179.06,en_cours,TNG,Carte,LIV5,
CMD47208,CL0438,P025,15/04/2024,1,1998.58,KO,TANGER,Carte,LIV2,
CMD26229,CL0276,P095,2023-07-26,1,1169.83,LIVRE,marrakech,Carte,LIV1,2023-07-29
CMD46636,CL0087,P071,21/04/2024,5,918.56,KO,RBA,Carte,LIV8,
CMD41233,CL0666,P049,2023-01-02,5,1377.84,DONE,marrakech,Carte,LIV4,2023-01-07
CMD31821,CL0695,P073,Oct 02 2023,3,1119.93,DONE,casa,Carte,LIV4,2023-10-06
CMD28610,CL0919,P003,2023-11-02,1,3516.13,livré,Tnja,Carte,,2023-11-07
CMD08671,CL0913,P067,Mar 07 2024,5,2137.56,OK,kech,Carte,LIV6,
CMD26193,CL0031,P055,May 05 2023,5,2646.79,DONE,tanger,Carte,LIV7,2023-05-09
CMD05537,CL0008,P089,2023-09-18,3,2587.89,livré,marrakech,Carte,LIV5,2023-09-22
CMD00929,CL0266,P070,2024-03-30,5,3825.72,DONE,casa,Carte,LIV10,2024-04-01
CMD34059,CL0260,P035,13/06/2023,4,4318.89,livre,tanger,Carte,LIV4,
CMD32259,CL0928,P010,05/05/2023,4,3528.36,retourné,Agadir,Carte,LIV7,2023-05-10
CMD46131,CL0315,P056,Dec 04 2023,4,2930.08,KO,Agadir,Carte,LIV4,
CMD23074,CL0691,P007,16/04/2023,3,3512.93,KO,casa,Carte,LIV2,
CMD06958,CL0030,P059,Sep 18 2023,5,3273.15,livré,kech,Carte,LIV1,2023-09-22
CMD32555,CL0706,P100,14/04/2023,4,156.56,DONE,TNG,Carte,LIV10,2023-04-18
CMD20707,CL0610,P092,2023-06-06,3,3965.5,KO,Tnja,Carte,LIV7,
CMD47960,CL0183,P007,03/07/2023,5,3533.65,KO,tanger,Carte,LIV9,
CMD25054,CL0275,P011,Mar 15 2023,3,2657.35,OK,tanger,Carte,LIV8,
CMD18883,CL0962,P100,Jan 26 2023,2,57.91,DONE,tanger,Carte,LIV1,2023-01-30
CMD20748,CL0069,P070,18/01/2024,2,4074.63,DONE,tanger,Carte,LIV3,2024-01-20
CMD29183,CL0918,P084,18/12/2023,5,3662.0,DONE,TNG,Carte,LIV6,2023-12-22
CMD07094,CL0402,P011,18/02/2023,2,2354.31,livré,RBA,Carte,LIV7,2023-02-23
CMD16010,CL0709,P090,30/03/2024,5,2024.08,DONE,tanger,Carte,,2024-04-01
CMD47266,CL0188,P086,27/07/2023,1,1762.06,en_cours,CASABLANCA,Carte,LIV7,
CMD07011,CL0193,P018,06/01/2023,3,291.49,DONE,Agadir,Carte,LIV10,2023-01-09
CMD26587,CL0123,P049,2023-07-10,5,3760.66,livré,CASABLANCA,Carte,LIV3,2023-07-11
CMD33357,CL0355,P044,2023-04-13,1,2349.02,livré,TNG,Carte,LIV4,2023-04-17
CMD02675,CL0972,P085,Apr 19 2024,4,667.46,livre,RBA,Carte,LIV5,
CMD07681,CL0861,P087,Sep 29 2023,1,3426.56,livré,tanger,Carte,LIV4,2023-09-30
CMD10261,CL0221,P051,16/05/2023,5,3191.75,livré,Tnja,Carte,LIV8,2023-05-21
CMD08815,CL0335,P069,22/02/2024,1,1446.72,retourné,TNG,Carte,,2024-02-23
CMD27593,CL0184,P038,25/04/2023,1,1428.66,en_cours,Agadir,Carte,LIV5,
CMD30343,CL0943,P013,2023-07-16,3,88.0,KO,marrakech,Carte,LIV1,
CMD20956,CL0254,P071,Nov 16 2023,2,2976.7,livré,TNG,Carte,LIV6,2023-11-21
CMD12622,CL0163,P093,12/01/2023,3,1012.77,livré,tanger,Carte,LIV7,2023-01-15
CMD03146,CL0025,P011,31/07/2023,5,4360.44,LIVRE,tanger,Carte,LIV1,2023-08-03
CMD27298,CL0678,P040,02/03/2024,5,1701.66,LIVRE,casa,Carte,LIV9,2024-03-07
CMD01708,CL0726,P037,Apr 10 2023,3,370.14,DONE,Tnja,Carte,LIV5,2023-04-15
CMD44952,CL0762,P040,2023-10-25,3,3267.38,livré,Agadir,Carte,LIV10,2023-10-27
CMD45005,CL0702,P005,May 14 2023,1,2742.5,KO,CASABLANCA,Carte,LIV1,
CMD40275,CL0213,P052,2024-05-15,5,905.35,retourné,RBA,Carte,LIV7,2024-05-16
CMD10106,CL0199,P054,2024-03-08,2,577.1,livre,CASABLANCA,Carte,LIV3,
CMD14861,CL0799,P028,Sep 28 2023,5,3545.93,en_cours,tanger,Carte,LIV2,
CMD17898,CL0164,P035,Nov 03 2023,3,1555.87,retourné,casa,Carte,LIV10,2023-11-06
CMD47126,CL0141,P048,06/09/2023,1,3172.64,en_cours,Agadir,Carte,LIV3,
CMD14869,CL0581,P046,Feb 18 2024,2,2718.58,livré,marrakech,Carte,LIV6,2024-02-21
CMD29322,CL0018,P041,Apr 27 2023,5,2048.45,DONE,TNG,Carte,LIV7,2023-05-02
CMD46617,CL0616,P077,2023-12-01,1,4302.02,retourné,Agadir,Carte,LIV7,2023-12-06
CMD14543,CL0774,P022,Jun 03 2023,3,1726.85,en_cours,kech,Carte,LIV9,
CMD37223,CL0087,P037,2023-09-16,1,3223.98,en_cours,Tnja,Carte,LIV9,
CMD30226,CL0540,P060,Dec 28 2023,5,516.11,livré,RBA,Carte,LIV8,2023-12-30
CMD19992,CL0613,P073,2023-01-19,1,1545.87,livré,TNG,Carte,LIV6,2023-01-21
CMD01574,CL0301,P082,2024-03-25,1,417.18,livré,kech,Carte,LIV2,2024-03-29
CMD11364,CL0701,P065,07/01/2024,3,648.74,livré,CASABLANCA,Carte,LIV10,2024-01-11
CMD09375,CL0679,P071,25/06/2023,2,1438.16,livré,TANGER,Carte,LIV10,2023-06-27
CMD29221,CL0755,P056,Mar 08 2023,2,2334.24,DONE,Tnja,Carte,LIV2,2023-03-11
CMD44186,CL0469,P001,2023-08-05,5,1586.09,DONE,Agadir,Carte,LIV3,2023-08-07
CMD30291,CL0149,P023,2023-11-17,3,4284.89,KO,CASABLANCA,Carte,,
CMD17604,CL0675,P011,Feb 14 2024,4,326.17,retourné,marrakech,Carte,LIV1,2024-02-19
CMD18732,CL0518,P077,2024-01-19,2,3056.38,livre,tanger,Carte,LIV7,
CMD15833,CL0437,P019,2024-01-15,3,4013.82,KO,RBA,Carte,LIV2,
CMD38288,CL0824,P036,08/02/2023,5,475.94,en_cours,marrakech,Carte,LIV9,
CMD27068,CL0938,P046,18/03/2023,4,3711.99,livré,kech,Carte,LIV9,2023-03-21
CMD35380,CL0823,P008,2023-09-06,-1,4617.95,OK,kech,Carte,LIV2,
CMD08028,CL0536,P071,03/03/2024,5,2462.7,KO,kech,Carte,LIV3,
CMD09558,CL0409,P060,Feb 07 2023,4,4165.45,annulé,Tnja,Carte,LIV5,
CMD43403,CL0863,P081,24/02/2024,2,1663.65,KO,Agadir,Carte,LIV5,
CMD28325,CL0194,P013,Mar 13 2023,4,4935.12,DONE,RBA,Carte,LIV9,2023-03-14
CMD22624,CL0240,P061,2023-10-23,4,3051.25,en_cours,casa,Carte,LIV4,
CMD41597,CL0832,P028,Apr 11 2024,3,3409.17,OK,Agadir,Carte,LIV3,
CMD13167,CL0434,P068,15/11/2023,5,1455.48,annulé,Tnja,Carte,LIV8,
CMD04786,CL0542,P031,30/11/2023,1,3722.07,livré,TANGER,Carte,LIV8,2023-12-02
CMD45102,CL0091,P043,Nov 03 2023,3,681.7,OK,Agadir,Carte,LIV4,
CMD26499,CL0448,P059,2024-01-24,2,424.14,KO,casa,Carte,LIV9,
CMD04197,CL0583,P050,Mar 29 2024,4,864.62,livre,casa,Carte,LIV5,
CMD05296,CL0316,P082,Apr 15 2023,2,3223.72,livré,tanger,Carte,LIV8,2023-04-19
CMD34434,CL0599,P078,2023-11-11,4,4900.38,KO,tanger,Carte,,
CMD09659,CL0014,P056,13/03/2024,4,1297.29,livré,Tnja,Carte,LIV1,2024-03-17
CMD47607,CL0191,P062,2023-12-16,4,4942.24,en_cours,TNG,Carte,LIV7,
CMD35657,CL0361,P019,2023-11-18,4,3911.15,annulé,casa,Carte,,
CMD15903,CL0329,P097,Apr 08 2024,2,3273.68,OK,CASABLANCA,Carte,LIV4,
CMD39676,CL0600,P096,05/10/2023,2,169.61,OK,TNG,Carte,LIV5,
CMD05418,CL0255,P064,27/05/2023,3,1982.26,livre,TNG,Carte,LIV3,
CMD13445,CL0819,P045,09/04/2024,2,1844.97,annulé,tanger,Carte,LIV10,
CMD40970,CL0137,P089,2023-01-01,2,787.02,OK,Tnja,Carte,LIV2,
CMD13443,CL0688,P050,2023-11-29,4,2254.4,livré,casa,Carte,LIV1,2023-12-02
CMD37114,CL0400,P062,18/11/2023,1,4654.33,livré,CASABLANCA,Carte,LIV10,2023-11-20
CMD13040,CL0500,P061,2023-02-12,4,1283.34,en_cours,Tnja,Carte,LIV8,
CMD33781,CL0632,P083,2023-03-26,5,484.54,DONE,Agadir,Carte,LIV5,2023-03-30
CMD06912,CL0426,P034,Apr 07 2023,5,1749.48,DONE,TNG,Carte,LIV8,2023-04-11
CMD10187,CL0899,P096,10/02/2024,5,4789.74,en_cours,kech,Carte,LIV2,
CMD20220,CL0155,P050,14/01/2023,4,978.09,livré,RBA,Carte,LIV4,2023-01-16
CMD39720,CL0159,P053,2024-03-06,3,1798.17,livre,marrakech,Carte,LIV10,
CMD05533,CL0781,P020,2023-12-13,3,4099.15,LIVRE,kech,Carte,LIV7,2023-12-16
CMD00970,CL0938,P073,2023-06-20,3,2447.78,livré,TNG,Carte,LIV7,2023-06-23
CMD11314,CL0155,P011,29/04/2024,3,947.66,OK,TANGER,Carte,LIV3,
CMD24727,CL0694,P054,Aug 31 2023,4,4552.53,en_cours,marrakech,Carte,LIV5,
CMD06115,CL0945,P092,May 12 2024,4,3786.89,LIVRE,marrakech,Carte,LIV5,2024-05-15
CMD17417,CL0154,P003,30/01/2024,2,2660.93,LIVRE,TNG,Carte,LIV6,2024-02-01
CMD07301,CL0864,P005,16/08/2023,5,1654.95,livré,TNG,Carte,LIV10,2023-08-18
CMD45361,CL0859,P073,2023-02-10,1,4036.82,annulé,TANGER,Carte,LIV9,
CMD03909,CL0442,P084,2023-06-02,4,3411.94,retourné,TANGER,Carte,LIV2,2023-06-06
CMD48392,CL0477,P034,2023-12-27,5,3468.36,livre,TANGER,Carte,LIV3,
CMD20759,CL0514,P011,11/04/2024,5,1693.81,OK,Tnja,Carte,LIV5,
CMD00035,CL0667,P050,01/05/2023,4,2880.09,livre,casa,Carte,LIV6,
CMD20918,CL0347,P100,28/10/2023,3,4632.97,KO,TANGER,Carte,,
CMD15698,CL0416,P014,2024-01-01,1,2536.5,livré,TNG,Carte,LIV5,2024-01-06
CMD45087,CL0601,P005,07/03/2023,3,1390.22,livré,casa,Carte,LIV10,2023-03-08
CMD36131,CL0394,P074,13/05/2023,1,4860.35,DONE,Tnja,Carte,LIV8,2023-05-16
CMD07177,CL0152,P033,2023-05-02,4,3685.96,OK,casa,Carte,LIV4,
CMD32032,CL0796,P036,Mar 31 2023,2,1711.29,livre,RBA,Carte,LIV5,
CMD10280,CL0411,P054,2023-03-24,1,4336.59,LIVRE,TNG,Carte,LIV6,2023-03-27
CMD33015,CL0868,P093,15/11/2023,3,2495.25,livré,TNG,Carte,LIV5,2023-11-18
CMD39083,CL0157,P046,20/12/2023,3,70.76,KO,RBA,Carte,LIV3,
CMD21458,CL0004,P018,2023-11-01,3,1197.78,KO,casa,Carte,LIV5,
CMD29115,CL0200,P064,Aug 08 2023,1,288.32,retourné,CASABLANCA,Carte,LIV2,2023-08-09
CMD20907,CL0837,P034,12/05/2023,1,816.29,LIVRE,TANGER,Carte,LIV7,2023-05-14
CMD17261,CL0758,P029,2023-01-17,3,3230.29,OK,kech,Carte,LIV1,
CMD06953,CL0804,P008,2023-12-12,4,2016.21,livre,RBA,Carte,LIV3,
CMD14655,CL0221,P028,Jun 30 2023,4,3309.85,KO,TNG,Carte,LIV5,
CMD19214,CL0513,P067,Mar 20 2023,4,1040.8,en_cours,casa,Carte,LIV1,
CMD10042,CL0531,P075,Aug 05 2023,4,616.75,en_cours,Agadir,Carte,LIV2,
CMD33472,CL0941,P024,2023-06-23,2,2924.54,DONE,Agadir,Carte,LIV10,2023-06-26
CMD36668,CL0428,P010,2023-02-27,3,4760.73,DONE,tanger,Carte,LIV3,2023-03-04
CMD18818,CL0557,P074,26/01/2024,3,2713.31,retourné,marrakech,Carte,LIV4,2024-01-31
CMD45331,CL0411,P088,May 14 2023,4,3065.44,LIVRE,tanger,Carte,LIV10,2023-05-19
CMD37735,CL0091,P018,13/02/2023,1,3924.59,KO,casa,Carte,LIV5,
CMD01775,CL0283,P064,28/11/2023,3,149.16,annulé,tanger,Carte,LIV8,
CMD36973,CL0362,P007,08/07/2023,5,1830.01,livré,tanger,Carte,LIV1,2023-07-11
CMD48211,CL0494,P009,20/04/2023,1,4777.14,OK,TNG,Carte,LIV2,
CMD40927,CL0961,P028,24/12/2023,5,4888.95,livré,marrakech,Carte,LIV5,2023-12-27
CMD26970,CL0957,P019,2023-04-06,3,1344.8,en_cours,marrakech,Carte,LIV1,
CMD34927,CL0036,P071,2024-01-18,4,466.03,livre,marrakech,Carte,LIV8,
CMD09530,CL0351,P018,18/03/2024,5,707.85,annulé,casa,Carte,LIV6,
CMD17641,CL0484,P011,23/05/2023,1,329.31,KO,tanger,Carte,LIV8,
CMD46790,CL0655,P068,25/06/2023,5,1985.24,livré,marrakech,Carte,LIV6,2023-06-29
CMD22260,CL0619,P016,18/04/2024,2,2369.46,annulé,casa,Carte,LIV6,
CMD06207,CL0919,P046,2023-12-31,3,1029.98,livré,CASABLANCA,Carte,LIV10,2024-01-03
CMD33978,CL0422,P009,Feb 06 2024,3,553.63,LIVRE,TNG,Carte,LIV7,2024-02-10
CMD23825,CL0597,P060,2023-01-27,1,2835.04,KO,TNG,Carte,LIV2,
CMD41128,CL0023,P096,Apr 21 2023,1,4725.56,livré,casa,Carte,LIV9,2023-04-24
CMD35799,CL0186,P005,Feb 22 2024,4,3077.32,annulé,TNG,Carte,LIV7,
CMD31095,CL0547,P007,29/10/2023,1,1939.59,KO,CASABLANCA,Carte,LIV8,
CMD44013,CL0928,P100,14/03/2024,5,2713.3,LIVRE,RBA,Carte,LIV8,2024-03-18
CMD15965,CL0514,P079,2024-04-20,2,2377.04,livré,RBA,Carte,LIV2,2024-04-25
CMD22908,CL0498,P076,Jul 22 2023,5,2378.98,annulé,tanger,Carte,LIV2,
CMD30553,CL0729,P100,19/04/2023,2,1033.86,livré,CASABLANCA,Carte,LIV9,2023-04-22
CMD43996,CL0686,P005,Jun 05 2023,5,4011.28,livré,kech,Carte,LIV6,2023-06-07
CMD33373,CL0275,P012,2024-04-06,5,2137.01,en_cours,kech,Carte,LIV6,
CMD19999,CL0701,P093,18/08/2023,3,0,en_cours,tanger,Carte,,
CMD22470,CL0832,P013,Apr 09 2024,3,3053.05,retourné,tanger,Carte,LIV8,2024-04-13
CMD15432,CL0912,P010,Oct 17 2023,5,3794.23,annulé,Agadir,Carte,LIV1,
CMD20366,CL0173,P084,10/09/2023,2,2452.29,OK,TANGER,Carte,LIV4,
CMD40698,CL0853,P044,Feb 17 2024,1,260.18,livré,kech,Carte,LIV6,2024-02-19
CMD43507,CL0723,P038,2024-03-26,2,1235.84,livré,casa,Carte,LIV8,2024-03-29
CMD38535,CL0174,P097,19/08/2023,2,3628.36,livre,marrakech,Carte,,
CMD17011,CL0801,P021,Feb 01 2023,4,2325.27,livré,RBA,Carte,LIV7,2023-02-03
CMD26752,CL0381,P087,Feb 19 2024,2,1490.22,livré,TANGER,Carte,LIV3,2024-02-21
CMD09498,CL0977,P010,01/07/2023,5,460.05,livre,kech,Carte,LIV1,
CMD07042,CL0752,P058,2024-04-03,5,2297.17,LIVRE,Agadir,Carte,LIV1,2024-04-08
CMD09199,CL0912,P023,07/05/2023,2,3213.09,annulé,marrakech,Carte,LIV9,
CMD24714,CL0298,P072,2023-05-09,5,2430.02,LIVRE,tanger,Carte,LIV3,2023-05-14
CMD01712,CL0263,P097,Nov 04 2023,5,3529.93,livré,TNG,Carte,LIV6,2023-11-08
CMD43393,CL0548,P004,2023-01-29,2,1439.52,en_cours,marrakech,Carte,LIV6,
CMD03859,CL0967,P084,Feb 14 2023,3,180.87,livré,casa,Carte,LIV10,2023-02-15
CMD28593,CL0079,P076,2023-01-19,3,2681.71,retourné,Tnja,Carte,LIV1,2023-01-22
CMD15842,CL0356,P100,13/09/2023,2,4662.74,livré,Agadir,Carte,LIV4,2023-09-15
CMD40083,CL0131,P002,2023-06-28,1,4401.28,livre,RBA,Carte,LIV1,
CMD36953,CL0003,P060,2024-01-01,4,2702.09,KO,RBA,Carte,LIV4,
CMD20191,CL0810,P039,Sep 12 2023,5,3746.91,livre,marrakech,Carte,LIV1,
CMD02676,CL0377,P044,2023-07-13,2,3343.93,KO,marrakech,Carte,LIV3,
CMD31857,CL0401,P025,2023-04-16,1,4294.66,retourné,kech,Carte,LIV1,2023-04-19
CMD20060,CL0107,P075,18/08/2023,1,1169.85,OK,tanger,Carte,LIV5,
CMD08682,CL0860,P036,06/11/2023,2,3539.38,livré,CASABLANCA,Carte,LIV4,2023-11-11
CMD43932,CL0733,P059,2023-04-19,5,4258.66,DONE,CASABLANCA,Carte,LIV4,2023-04-20
CMD42973,CL0399,P086,2023-08-22,1,1338.88,OK,Tnja,Carte,LIV6,
CMD38878,CL0483,P012,2023-08-10,2,4675.86,OK,kech,Carte,LIV10,
CMD39023,CL0521,P010,18/06/2023,2,363.96,en_cours,tanger,Carte,LIV8,
CMD02941,CL0017,P053,08/02/2024,4,820.85,livre,marrakech,Carte,LIV10,
CMD11203,CL0341,P061,Apr 01 2023,3,2305.35,LIVRE,marrakech,Carte,LIV9,2023-04-04
CMD04514,CL0549,P085,Jun 13 2023,2,1167.43,OK,TNG,Carte,LIV7,
CMD09845,CL0542,P029,Apr 13 2024,2,187.83,annulé,casa,Carte,LIV2,
CMD30960,CL0981,P076,Mar 14 2024,1,1823.83,annulé,RBA,Carte,LIV6,
CMD22488,CL0964,P057,07/10/2023,3,1720.36,livré,RBA,Carte,LIV7,2023-10-12
CMD38802,CL0088,P051,14/01/2023,5,1281.97,livré,kech,Carte,LIV3,2023-01-18
CMD21200,CL0698,P013,23/02/2023,1,482.62,annulé,RBA,Carte,LIV4,
CMD47889,CL0966,P039,Dec 02 2023,1,3831.48,DONE,casa,Carte,LIV8,2023-12-07
CMD10366,CL0332,P067,09/07/2023,5,4995.74,livré,Agadir,Carte,LIV2,2023-07-14
CMD40212,CL0545,P030,2023-06-18,1,1965.47,livré,Agadir,Carte,LIV9,2023-06-20
CMD35306,CL0968,P064,2023-10-18,4,1797.4,KO,kech,Carte,LIV2,
CMD09243,CL0727,P030,Apr 25 2023,1,3777.16,livré,TANGER,Carte,LIV5,2023-04-26
CMD10950,CL0361,P096,2023-06-22,2,2650.6,livré,marrakech,Carte,LIV6,2023-06-26
CMD47691,CL0698,P043,May 29 2023,2,3288.68,retourné,kech,Carte,LIV9,2023-05-30
CMD03325,CL0439,P044,Jul 09 2023,2,1036.86,livre,kech,Carte,LIV4,
CMD43942,CL0888,P057,27/10/2023,3,3565.44,livré,Agadir,Carte,LIV9,2023-10-29
CMD15016,CL0237,P072,20/03/2023,4,213.49,livré,Agadir,Carte,LIV1,2023-03-21
CMD05012,CL0732,P052,30/01/2024,1,3069.02,livré,RBA,Carte,LIV8,2024-02-04
CMD30244,CL0125,P029,2023-10-02,3,3914.73,KO,Agadir,Carte,LIV7,
CMD43330,CL0716,P024,05/08/2023,2,4445.32,KO,TNG,Carte,LIV5,
CMD42629,CL0529,P037,Apr 25 2023,5,4458.79,OK,casa,Carte,,
CMD32592,CL0215,P036,10/03/2024,5,4038.53,livré,casa,Carte,LIV10,2024-03-11
CMD29919,CL0250,P094,2024-01-01,2,3004.98,retourné,tanger,Carte,LIV3,2024-01-06
CMD29111,CL0960,P077,Aug 02 2023,5,1498.86,livre,RBA,Carte,LIV8,
CMD11195,CL0510,P031,2023-03-14,5,2760.21,LIVRE,TANGER,Carte,LIV3,2023-03-18
CMD25506,CL0381,P035,01/01/2023,5,2881.04,retourné,kech,Carte,LIV3,2023-01-04
CMD21026,CL0464,P073,2023-12-24,1,1386.81,en_cours,RBA,Carte,LIV9,
CMD02521,CL0223,P027,2024-02-10,2,793.02,en_cours,TNG,Carte,LIV7,
CMD47395,CL0673,P043,13/05/2024,3,427.66,OK,marrakech,Carte,LIV3,
CMD02296,CL0145,P015,Jul 15 2023,1,2945.4,OK,kech,Carte,LIV5,
CMD20897,CL0261,P017,06/07/2023,5,1293.93,LIVRE,Tnja,Carte,LIV6,2023-07-08
CMD04231,CL0229,P059,2023-05-03,3,3080.56,KO,tanger,Carte,LIV5,
CMD15995,CL0887,P093,28/08/2023,4,604.37,retourné,TNG,Carte,LIV6,2023-09-02
CMD36311,CL0667,P089,2024-01-20,4,4510.22,livré,marrakech,Carte,LIV2,2024-01-24
CMD46303,CL0743,P052,Dec 26 2023,1,702.22,livré,kech,Carte,LIV1,2023-12-31
CMD40704,CL0871,P024,Feb 16 2024,3,248.8,DONE,Tnja,Carte,LIV10,2024-02-21
CMD08592,CL0147,P019,2023-06-21,1,1603.63,en_cours,casa,Carte,LIV5,
CMD10288,CL0790,P005,2024-03-20,1,2443.13,livré,CASABLANCA,Carte,LIV5,2024-03-25
CMD38200,CL0568,P027,Nov 12 2023,5,1758.17,en_cours,CASABLANCA,Carte,LIV6,
CMD23249,CL0976,P045,17/04/2023,5,393.63,LIVRE,RBA,Carte,LIV7,2023-04-20
CMD04966,CL0885,P008,May 12 2023,5,2928.44,DONE,tanger,Carte,LIV5,2023-05-13
CMD01069,CL0882,P088,Apr 02 2023,4,4090.33,retourné,tanger,Carte,LIV5,2023-04-05
CMD11834,CL0228,P034,2024-02-06,5,160.34,annulé,RBA,Carte,LIV7,
CMD15469,CL0370,P024,Jan 13 2024,3,1886.72,LIVRE,RBA,Carte,,2024-01-17
CMD10428,CL0037,P090,2023-12-27,2,4037.58,OK,RBA,Carte,LIV4,
CMD01504,CL0513,P097,Jul 10 2023,2,2261.49,DONE,TANGER,Carte,LIV8,2023-07-15
CMD30075,CL0204,P027,Jul 05 2023,4,800.23,OK,casa,Carte,LIV6,
CMD48338,CL0089,P093,2023-08-18,2,0,annulé,CASABLANCA,Carte,LIV3,
CMD12878,CL0512,P089,28/03/2024,4,4169.05,retourné,RBA,Carte,LIV4,2024-04-01
CMD36249,CL0155,P037,Mar 21 2023,2,2783.96,annulé,TANGER,Carte,LIV4,
CMD09948,CL0860,P050,Jul 10 2023,5,1349.8,retourné,TANGER,Carte,LIV9,2023-07-15
CMD11880,CL0568,P041,Nov 09 2023,2,4574.71,OK,Tnja,Carte,LIV3,
CMD35477,CL0849,P092,18/06/2023,1,704.78,KO,Tnja,Carte,LIV9,
CMD04577,CL0781,P069,Jan 27 2023,2,2818.27,en_cours,TNG,Carte,LIV3,
CMD42227,CL0869,P099,09/11/2023,5,4179.9,KO,casa,Carte,LIV10,
CMD04527,CL0961,P062,Mar 29 2023,1,3468.24,livré,marrakech,Carte,LIV3,2023-04-03
CMD05496,CL0197,P089,Feb 09 2024,5,3550.94,livré,kech,Carte,LIV4,2024-02-12
CMD15813,CL0131,P035,22/05/2023,1,3552.62,annulé,marrakech,Carte,LIV7,
CMD24751,CL0418,P070,Jul 19 2023,5,1421.36,livré,TNG,Carte,LIV6,2023-07-20
CMD26539,CL0609,P011,Mar 10 2024,3,1357.77,DONE,CASABLANCA,Carte,,2024-03-15
CMD45124,CL0164,P068,Nov 11 2023,3,3219.21,annulé,RBA,Carte,LIV5,
CMD45738,CL0786,P084,2024-02-19,2,1107.0,KO,RBA,Carte,LIV7,
CMD09102,CL0839,P036,2023-04-07,2,2779.85,DONE,marrakech,Carte,LIV5,2023-04-09
CMD22454,CL0130,P011,Jul 23 2023,2,1771.55,livré,casa,Carte,LIV3,2023-07-26
CMD13321,CL0715,P098,05/10/2023,4,3025.63,retourné,TANGER,Carte,LIV8,2023-10-10
CMD05153,CL0095,P048,Apr 10 2024,5,2596.38,DONE,casa,Carte,LIV3,2024-04-12
CMD13169,CL0010,P010,Sep 06 2023,2,1824.16,DONE,Agadir,Carte,LIV3,2023-09-10
CMD02047,CL0839,P030,09/02/2024,2,2771.8,OK,casa,Carte,LIV1,
CMD42905,CL0215,P065,14/09/2023,3,2200.45,retourné,marrakech,Carte,LIV9,2023-09-18
CMD01465,CL0331,P091,2023-09-03,5,50.1,LIVRE,Agadir,Carte,LIV9,2023-09-06
CMD32730,CL0468,P005,13/05/2023,3,1181.8,DONE,TANGER,Carte,LIV2,2023-05-16
CMD18147,CL0662,P097,2023-01-04,3,622.99,livre,marrakech,Carte,LIV9,
CMD21054,CL0540,P085,06/10/2023,4,1072.81,livre,Agadir,Carte,LIV7,
CMD37222,CL0594,P073,Apr 26 2023,5,2836.26,livré,Tnja,Carte,LIV1,2023-05-01
CMD17297,CL0588,P056,15/01/2023,5,3405.59,OK,Agadir,Carte,LIV10,
CMD00249,CL0052,P083,Sep 18 2023,4,855.84,livré,RBA,Carte,LIV8,2023-09-20
CMD39961,CL0919,P063,Feb 20 2024,2,2723.96,DONE,CASABLANCA,Carte,LIV1,2024-02-21
CMD46137,CL0401,P049,2023-03-21,2,1818.09,DONE,RBA,Carte,LIV6,2023-03-24
CMD26097,CL0506,P015,Jan 15 2023,3,4262.97,livré,kech,Carte,LIV7,2023-01-17
CMD41691,CL0983,P069,Dec 11 2023,3,4384.61,retourné,Tnja,Carte,LIV4,2023-12-16
CMD28442,CL0794,P040,Dec 25 2023,3,4697.55,KO,Tnja,Carte,LIV1,
CMD38139,CL0436,P013,Jan 26 2024,1,0,KO,tanger,Carte,LIV3,
CMD01054,CL0589,P054,2023-04-14,3,391.46,en_cours,TANGER,Carte,LIV8,
CMD29669,CL0036,P074,May 01 2024,-1,2681.22,livré,casa,Carte,LIV4,2024-05-02
CMD24405,CL0376,P080,03/04/2024,5,967.65,retourné,TANGER,Carte,LIV2,2024-04-06
CMD03503,CL0713,P012,2024-01-15,4,4571.03,annulé,TNG,Carte,LIV3,
CMD01813,CL0706,P015,11/01/2023,2,1642.92,en_cours,RBA,Carte,LIV8,
CMD16576,CL0363,P097,2023-10-21,5,151.44,LIVRE,Agadir,Carte,,2023-10-26
CMD36952,CL0389,P003,2023-07-07,4,3397.98,KO,TNG,Carte,LIV5,
CMD37629,CL0091,P095,2023-08-14,4,534.26,retourné,TNG,Carte,LIV6,2023-08-16
CMD41723,CL0307,P082,2023-07-18,1,2642.62,en_cours,casa,Carte,LIV2,
CMD18357,CL0652,P013,Mar 17 2024,4,4546.17,LIVRE,CASABLANCA,Carte,LIV5,2024-03-18
CMD35957,CL0620,P024,Feb 21 2024,1,1319.43,OK,marrakech,Carte,LIV7,
CMD16532,CL0836,P028,Feb 27 2024,5,4068.7,retourné,marrakech,Carte,,2024-03-03
CMD18001,CL0194,P066,2023-10-24,2,3359.66,annulé,TANGER,Carte,LIV1,
CMD33360,CL0432,P070,16/02/2023,2,1378.03,en_cours,Tnja,Carte,LIV6,
CMD04890,CL0512,P004,07/03/2023,3,4608.92,OK,Tnja,Carte,,
CMD43102,CL0385,P099,16/10/2023,2,4298.65,DONE,marrakech,Carte,LIV4,2023-10-17
CMD14925,CL0318,P003,26/04/2024,4,1728.54,en_cours,TNG,Carte,LIV2,
CMD34508,CL0906,P092,2023-06-06,3,4645.55,OK,casa,Carte,LIV3,
CMD28961,CL0617,P094,2023-01-13,5,3202.21,DONE,tanger,Carte,LIV1,2023-01-18
CMD43797,CL0772,P092,2023-12-16,5,1799.26,livre,Tnja,Carte,LIV3,
CMD12958,CL0288,P089,2023-02-03,1,4640.1,OK,RBA,Carte,LIV6,
CMD33797,CL0830,P067,01/07/2023,3,4097.76,retourné,CASABLANCA,Carte,LIV5,2023-07-06
CMD23341,CL0910,P041,18/02/2023,4,2711.62,livré,RBA,Carte,LIV6,2023-02-20
CMD48028,CL0565,P034,28/03/2023,5,2772.85,livré,Agadir,Carte,LIV9,2023-04-02
CMD23514,CL0299,P050,2023-02-24,1,4827.27,DONE,tanger,Carte,LIV4,2023-02-26
CMD20194,CL0779,P034,08/12/2023,3,2987.52,annulé,Agadir,Carte,LIV9,
CMD14184,CL0869,P082,24/08/2023,5,3021.69,livre,TNG,Carte,LIV5,
CMD34540,CL0556,P085,2023-03-28,5,1596.31,livre,TANGER,Carte,LIV3,
CMD39278,CL0272,P040,09/02/2024,1,727.03,retourné,CASABLANCA,Carte,LIV4,2024-02-11
CMD33165,CL0191,P077,2023-03-15,2,3795.61,annulé,CASABLANCA,Carte,LIV3,
CMD24125,CL0428,P055,Sep 09 2023,1,4801.39,livré,Agadir,Carte,LIV9,2023-09-12
CMD46373,CL0111,P061,2023-09-05,4,2662.15,KO,casa,Carte,LIV5,
CMD09182,CL0956,P049,May 14 2024,1,4326.68,livré,TNG,Carte,LIV5,2024-05-15
CMD24734,CL0614,P040,Oct 14 2023,1,3083.12,retourné,casa,Carte,LIV4,2023-10-15
CMD21286,CL0492,P075,2023-05-27,5,2949.52,en_cours,marrakech,Carte,LIV5,
CMD07491,CL0904,P030,20/05/2023,4,2734.31,OK,CASABLANCA,Carte,LIV10,
CMD41436,CL0864,P011,Feb 07 2023,2,1250.9,livré,TANGER,Carte,LIV5,2023-02-12
CMD44428,CL0074,P030,2023-07-22,4,2426.24,livré,RBA,Carte,LIV8,2023-07-25
CMD15756,CL0198,P060,Jul 01 2023,3,190.58,annulé,casa,Carte,LIV4,
CMD38954,CL0482,P020,2023-02-26,2,1010.01,DONE,casa,Carte,LIV4,2023-02-28
CMD38545,CL0925,P050,2024-02-21,2,4981.98,annulé,CASABLANCA,Carte,LIV7,
CMD32457,CL0131,P084,30/01/2023,4,3914.59,livré,Tnja,Carte,LIV9,2023-02-04
CMD15628,CL0576,P035,Feb 21 2024,2,1039.49,annulé,casa,Carte,LIV6,
CMD47542,CL0308,P010,Jan 24 2024,3,4641.01,en_cours,Tnja,Carte,LIV1,
CMD28320,CL0344,P059,2023-07-27,3,1211.68,LIVRE,tanger,Carte,LIV1,2023-07-29
CMD27060,CL0879,P093,2024-01-14,3,4348.53,annulé,TNG,Carte,LIV5,
CMD31021,CL0211,P059,25/05/2023,3,3331.37,livre,TNG,Carte,LIV9,
CMD24614,CL0711,P060,14/05/2024,4,3183.16,livré,marrakech,Carte,LIV8,2024-05-19
CMD28192,CL0200,P029,2024-04-27,1,3517.13,livré,TNG,Carte,LIV10,2024-05-02
CMD30081,CL0871,P097,2023-12-29,4,3649.76,livré,kech,Carte,LIV2,2024-01-02
CMD14599,CL0624,P080,2023-12-26,5,4383.64,livré,RBA,Carte,LIV6,2023-12-31
CMD27856,CL0457,P046,22/09/2023,4,1810.75,en_cours,RBA,Carte,LIV1,
CMD30915,CL0165,P041,2023-08-01,4,1470.65,livré,TANGER,Carte,LIV9,2023-08-06
CMD07253,CL0871,P076,2023-05-27,2,454.24,OK,tanger,Carte,LIV1,
CMD31591,CL0405,P051,22/02/2024,1,4963.7,DONE,CASABLANCA,Carte,,2024-02-25
CMD34848,CL0080,P042,15/05/2023,1,4743.36,KO,tanger,Carte,LIV7,
CMD34026,CL0672,P089,19/06/2023,4,814.39,DONE,kech,Carte,LIV1,2023-06-23
CMD12524,CL0088,P042,2024-05-07,2,2795.89,retourné,Tnja,Carte,LIV3,2024-05-12
CMD07972,CL0297,P044,22/12/2023,3,3121.08,LIVRE,Tnja,Carte,LIV1,2023-12-23
CMD30184,CL0867,P099,18/04/2024,4,208.57,DONE,Tnja,Carte,LIV2,2024-04-23
CMD41941,CL0878,P025,2023-06-21,2,4662.96,annulé,CASABLANCA,Carte,LIV2,
CMD08278,CL0609,P043,Aug 05 2023,4,944.38,livré,kech,Carte,LIV5,2023-08-06
CMD39929,CL0251,P060,2023-11-07,4,3013.74,en_cours,kech,Carte,LIV2,
CMD42526,CL0578,P033,20/03/2023,4,1333.64,en_cours,tanger,Carte,LIV4,
CMD03489,CL0317,P055,Jan 06 2023,1,1937.37,en_cours,TNG,Carte,LIV10,
CMD46493,CL0568,P052,Jul 03 2023,1,3384.2,livré,Tnja,Carte,LIV2,2023-07-08
CMD42741,CL0699,P098,Oct 11 2023,3,4971.92,OK,CASABLANCA,Carte,LIV7,
CMD14628,CL0556,P011,03/05/2023,-1,227.91,en_cours,Agadir,Carte,LIV10,
CMD32095,CL0971,P063,26/01/2023,1,3773.32,annulé,TANGER,Carte,LIV8,
CMD32056,CL0934,P069,Mar 05 2024,5,531.74,livré,tanger,Carte,LIV1,2024-03-09
CMD27426,CL0873,P043,Mar 21 2024,2,479.52,annulé,TANGER,Carte,LIV1,
CMD47761,CL0838,P065,Aug 23 2023,3,4399.15,DONE,kech,Carte,,2023-08-26
CMD44617,CL0629,P044,Jul 30 2023,2,1441.17,OK,CASABLANCA,Carte,LIV9,
CMD16520,CL0952,P074,Aug 17 2023,3,1432.18,livré,TANGER,Carte,LIV4,2023-08-19
CMD05650,CL0976,P067,05/11/2023,3,4315.86,annulé,TANGER,Carte,LIV7,
CMD03487,CL0980,P019,10/05/2023,2,4203.45,livré,TNG,Carte,LIV6,2023-05-15
CMD28199,CL0599,P016,16/01/2024,5,4304.99,retourné,tanger,Carte,LIV2,2024-01-20
CMD13157,CL0319,P003,Aug 01 2023,1,450.06,KO,tanger,Carte,,
CMD34671,CL0414,P081,2024-01-22,3,419.7,annulé,kech,Carte,LIV10,
CMD10474,CL0070,P046,2024-04-16,1,2567.62,livré,Tnja,Carte,LIV5,2024-04-18
CMD13352,CL0385,P100,04/06/2023,3,818.96,DONE,TNG,Carte,,2023-06-09
CMD13773,CL0519,P059,2023-02-26,1,2278.33,livre,marrakech,Carte,LIV8,
CMD39120,CL0702,P091,14/04/2023,4,3112.68,livré,RBA,Carte,LIV7,2023-04-15
CMD03026,CL0820,P071,24/12/2023,2,479.51,KO,CASABLANCA,Carte,LIV4,
CMD28142,CL0932,P001,24/12/2023,3,117.2,annulé,casa,Carte,LIV7,
CMD00843,CL0422,P083,30/07/2023,3,2546.79,livré,TNG,Carte,LIV4,2023-08-03
CMD06042,CL0080,P065,17/04/2024,2,3090.17,annulé,Tnja,Carte,LIV3,
CMD29342,CL0171,P084,Jul 03 2023,2,813.33,LIVRE,RBA,Carte,LIV6,2023-07-05
CMD01083,CL0506,P067,21/01/2023,4,1645.02,livré,RBA,Carte,LIV4,2023-01-26
CMD24819,CL0016,P097,21/01/2023,1,585.46,OK,TANGER,Carte,LIV2,
CMD22540,CL0467,P085,28/04/2024,5,4400.26,OK,marrakech,Carte,LIV2,
CMD11037,CL0413,P044,2024-02-11,3,357.76,en_cours,marrakech,Carte,LIV7,
CMD32652,CL0768,P090,29/01/2023,3,4797.57,livre,casa,Carte,LIV3,
CMD06187,CL0500,P006,2023-10-14,2,2307.86,OK,RBA,Carte,LIV4,
CMD42654,CL0620,P040,2023-05-31,1,249.67,livré,tanger,Carte,LIV8,2023-06-03
CMD20114,CL0506,P030,05/08/2023,5,1770.14,livré,casa,Carte,LIV7,2023-08-09
CMD03053,CL0269,P092,Apr 14 2023,5,4443.79,retourné,Agadir,Carte,LIV3,2023-04-18
CMD26863,CL0273,P076,Feb 24 2024,2,3903.77,en_cours,RBA,Carte,LIV1,
CMD19709,CL1000,P040,Apr 14 2024,2,3885.34,annulé,kech,Carte,LIV1,
CMD19230,CL0099,P020,2023-08-17,1,3622.15,OK,TNG,Carte,LIV6,
CMD34683,CL0043,P064,Mar 31 2023,2,2721.16,annulé,TNG,Carte,LIV3,
CMD29728,CL0617,P078,Feb 19 2024,1,3019.82,KO,casa,Carte,LIV6,
CMD28275,CL0478,P095,2024-05-06,3,313.23,KO,TNG,Carte,LIV7,
CMD30308,CL0838,P014,15/11/2023,1,419.9,retourné,marrakech,Carte,LIV7,2023-11-18
CMD16253,CL0027,P050,16/04/2024,4,1254.22,livre,Tnja,Carte,LIV4,
CMD18706,CL0373,P087,Jun 29 2023,5,2343.51,livré,TANGER,Carte,LIV7,2023-07-02
CMD44355,CL0875,P043,2024-05-14,1,996.91,retourné,TANGER,Carte,LIV8,2024-05-15
CMD37415,CL0550,P042,Oct 10 2023,4,2270.25,OK,RBA,Carte,LIV3,
CMD01099,CL0536,P028,2023-07-31,2,266.11,OK,RBA,Carte,LIV1,
CMD45025,CL0415,P048,15/12/2023,3,2318.82,livré,tanger,Carte,LIV4,2023-12-16
CMD26410,CL0213,P018,Jan 19 2024,3,981.71,LIVRE,tanger,Carte,LIV4,2024-01-24
CMD28555,CL0146,P010,2023-02-27,1,1375.07,livre,Agadir,Carte,LIV10,
CMD19779,CL0021,P011,May 20 2023,1,146.16,livré,Tnja,Carte,LIV1,2023-05-25
CMD34682,CL0921,P048,05/10/2023,4,3146.5,livré,Tnja,Carte,LIV10,2023-10-10
CMD08222,CL0346,P072,2023-04-01,1,1264.07,en_cours,CASABLANCA,Carte,LIV5,
CMD17845,CL0417,P088,2023-07-23,4,1286.79,retourné,Tnja,Carte,,2023-07-28
CMD44025,CL0420,P009,09/03/2024,4,476.39,KO,kech,Carte,LIV4,
CMD33973,CL0816,P039,29/09/2023,5,1204.51,KO,CASABLANCA,Carte,LIV10,
CMD45449,CL0395,P010,2023-07-27,2,2911.45,livré,tanger,Carte,LIV9,2023-07-31
CMD33689,CL0769,P057,27/02/2024,1,79.99,livré,kech,Carte,LIV1,2024-02-29
CMD15008,CL0941,P014,Jun 24 2023,5,3118.44,livré,RBA,Carte,LIV1,2023-06-27
CMD42660,CL0503,P026,May 21 2023,3,114.6,LIVRE,marrakech,Carte,LIV9,2023-05-22
CMD42505,CL0212,P100,Aug 11 2023,5,1228.56,livré,CASABLANCA,Carte,LIV8,2023-08-15
CMD30453,CL0967,P076,17/04/2023,1,3653.72,en_cours,TNG,Carte,,
CMD25569,CL0418,P086,Jan 05 2023,1,1806.35,en_cours,kech,Carte,LIV5,
CMD09147,CL0731,P031,Jun 25 2023,3,182.48,livré,kech,Carte,LIV3,2023-06-28
CMD23535,CL0296,P096,19/03/2023,5,4568.92,livré,Tnja,Carte,LIV8,2023-03-22
CMD42847,CL0021,P069,07/01/2023,5,608.91,livré,Agadir,Carte,LIV4,2023-01-08
CMD41619,CL0331,P059,08/01/2023,3,1265.81,livre,Agadir,Carte,LIV4,
CMD33733,CL0716,P074,Mar 12 2024,5,4523.29,LIVRE,RBA,Carte,LIV6,2024-03-17
CMD17866,CL0097,P020,Jul 27 2023,1,3714.5,OK,marrakech,Carte,LIV7,
CMD38196,CL0294,P094,28/12/2023,5,1662.39,annulé,TANGER,Carte,LIV5,
CMD33307,CL0476,P068,08/07/2023,2,2625.43,DONE,kech,Carte,LIV4,2023-07-09
CMD01287,CL0344,P025,2023-10-20,1,3859.54,DONE,CASABLANCA,Carte,LIV5,2023-10-25
CMD01510,CL0793,P006,2024-04-06,4,4121.27,livré,RBA,Carte,,2024-04-09
CMD12422,CL0084,P032,Jan 20 2024,1,4689.77,livré,Agadir,Carte,LIV2,2024-01-22
CMD43068,CL0324,P083,19/10/2023,4,3111.59,livré,CASABLANCA,Carte,,2023-10-21
CMD10456,CL0822,P079,Jul 20 2023,1,2340.73,annulé,kech,Carte,LIV10,
CMD26533,CL0314,P086,2023-08-03,5,3214.86,livré,casa,Carte,LIV1,2023-08-06
CMD33751,CL0678,P010,08/02/2024,1,479.22,OK,TANGER,Carte,LIV7,
CMD43319,CL0309,P086,2024-03-07,3,1062.14,livre,tanger,Carte,LIV1,
CMD38872,CL0472,P063,05/11/2023,5,787.9,livré,tanger,Carte,LIV8,2023-11-08
CMD05614,CL0669,P052,Jan 15 2023,1,4602.27,DONE,marrakech,Carte,LIV8,2023-01-18
CMD36819,CL0512,P034,Feb 04 2023,2,2725.65,livré,marrakech,Carte,LIV10,2023-02-08
CMD47753,CL0294,P097,18/02/2024,1,3812.51,OK,casa,Carte,LIV8,
CMD31039,CL0975,P073,Apr 10 2024,5,3169.62,KO,Agadir,Carte,LIV1,
CMD34183,CL0886,P051,2023-05-06,2,1294.57,livré,marrakech,Carte,LIV1,2023-05-07
CMD07422,CL0698,P072,2023-08-12,2,877.57,OK,marrakech,Carte,LIV1,
CMD43750,CL0827,P090,2024-01-24,3,3143.15,KO,RBA,Carte,,
CMD20868,CL0484,P048,Sep 01 2023,2,4201.57,KO,tanger,Carte,,
CMD10741,CL0458,P065,2023-09-07,1,1402.23,livré,Agadir,Carte,LIV1,2023-09-08
CMD45189,CL0039,P100,2023-05-11,1,1680.04,KO,casa,Carte,LIV3,
CMD46072,CL0759,P032,Jan 17 2023,3,936.02,livré,CASABLANCA,Carte,LIV9,2023-01-18
CMD33156,CL0362,P017,03/11/2023,1,3646.94,LIVRE,tanger,Carte,LIV10,2023-11-06
CMD09414,CL0567,P025,2023-01-26,3,958.98,OK,casa,Carte,LIV10,
CMD47820,CL0165,P003,13/04/2024,3,4916.97,DONE,TNG,Carte,LIV7,2024-04-18
CMD43835,CL0927,P009,Feb 15 2024,3,4243.38,livré,Agadir,Carte,LIV5,2024-02-19
CMD12429,CL0868,P095,Oct 16 2023,5,2735.22,livre,TANGER,Carte,LIV6,
CMD24159,CL0339,P014,01/03/2024,4,1603.72,DONE,CASABLANCA,Carte,LIV2,2024-03-06
CMD18348,CL0150,P097,2023-06-23,1,3390.0,DONE,CASABLANCA,Carte,LIV8,2023-06-26
CMD27429,CL0964,P031,Mar 23 2024,5,798.04,livré,TANGER,Carte,LIV9,2024-03-26
CMD36515,CL0598,P024,Apr 03 2024,4,261.92,retourné,casa,Carte,LIV2,2024-04-08
CMD07353,CL0732,P030,20/03/2023,5,648.58,livre,tanger,Carte,LIV7,
CMD41199,CL0732,P088,21/03/2023,4,4029.16,livre,RBA,Carte,LIV8,
CMD06270,CL0668,P038,14/11/2023,1,243.28,livré,tanger,Carte,LIV7,2023-11-15
CMD40110,CL0616,P063,Jan 10 2023,1,2872.99,KO,RBA,Carte,LIV7,
CMD20154,CL0585,P092,2023-03-07,5,3836.95,livre,casa,Carte,LIV6,
CMD40705,CL0775,P065,01/01/2023,5,0,retourné,CASABLANCA,Carte,LIV10,2023-01-06
CMD12630,CL0345,P002,21/03/2023,5,2774.58,retourné,CASABLANCA,Carte,LIV4,2023-03-25
CMD27393,CL0276,P050,Feb 04 2023,3,866.03,livré,TNG,Carte,LIV8,2023-02-08
CMD36454,CL0699,P049,2023-05-14,3,0,livré,marrakech,Carte,LIV4,2023-05-19
CMD06110,CL0154,P005,2024-03-26,3,1130.81,OK,TNG,Carte,LIV8,
CMD14637,CL0200,P089,2024-01-03,1,3370.28,OK,TNG,Carte,LIV3,
CMD09010,CL0910,P062,23/01/2024,3,3230.87,livre,RBA,Carte,LIV3,
CMD12407,CL0249,P047,2023-05-06,5,1234.83,KO,TANGER,Carte,LIV7,
CMD29605,CL0881,P022,13/04/2023,2,3740.72,retourné,Tnja,Carte,LIV2,2023-04-18
CMD13758,CL0324,P028,2024-02-08,2,1799.99,retourné,kech,Carte,LIV7,2024-02-11
CMD30517,CL0682,P086,Jan 28 2023,3,4196.08,livré,casa,Carte,LIV9,2023-01-29
CMD02456,CL0418,P051,2023-01-28,3,3729.1,en_cours,tanger,Carte,LIV5,
CMD10497,CL0765,P035,May 31 2023,2,4576.05,LIVRE,marrakech,Carte,LIV9,2023-06-01
CMD05390,CL0011,P016,2024-03-17,3,2938.06,livré,tanger,Carte,LIV7,2024-03-20
CMD20258,CL0005,P035,31/12/2023,1,3350.82,KO,casa,Carte,LIV1,
CMD35616,CL0399,P080,27/02/2023,2,1919.41,LIVRE,tanger,Carte,LIV4,2023-03-01
CMD21588,CL0039,P018,09/10/2023,1,2345.61,DONE,tanger,Carte,LIV2,2023-10-12
CMD06001,CL0257,P090,2023-01-23,4,1621.97,retourné,tanger,Carte,LIV8,2023-01-26
CMD45509,CL0740,P039,29/12/2023,4,3610.4,livré,Tnja,Carte,LIV2,2024-01-01
CMD27662,CL0791,P053,Mar 06 2024,1,4492.56,livré,TNG,Carte,,2024-03-07
CMD04835,CL0925,P003,2024-01-16,2,180.08,livré,marrakech,Carte,LIV5,2024-01-17
CMD16756,CL0369,P033,Mar 26 2024,4,751.93,KO,TNG,Carte,,
CMD03399,CL0616,P033,2023-03-29,3,1536.56,livré,TNG,Carte,LIV9,2023-04-03
CMD15996,CL0668,P086,2023-02-18,4,1639.97,livré,casa,Carte,LIV10,2023-02-19
CMD28687,CL0051,P067,03/02/2024,3,2546.44,LIVRE,Agadir,Carte,LIV4,2024-02-06
CMD19695,CL0667,P018,2024-03-28,5,0,DONE,TANGER,Carte,LIV4,2024-03-31
CMD37460,CL0722,P042,Dec 28 2023,3,250.29,retourné,casa,Carte,LIV8,2024-01-02
CMD29185,CL0466,P042,Feb 01 2024,4,247.61,OK,Tnja,Carte,LIV2,
CMD46107,CL0097,P019,04/01/2024,5,3823.74,LIVRE,kech,Carte,LIV9,2024-01-08
CMD42046,CL0484,P035,Apr 09 2024,3,3154.11,en_cours,marrakech,Carte,LIV6,
CMD42950,CL0361,P092,04/04/2023,1,4781.67,OK,kech,Carte,LIV10,
CMD20146,CL0060,P026,Dec 31 2023,4,1377.2,en_cours,tanger,Carte,LIV7,
CMD03380,CL0031,P058,2024-02-10,5,3450.13,annulé,TANGER,Carte,LIV3,
CMD09922,CL0663,P099,2023-09-28,2,3671.14,KO,casa,Carte,LIV7,
CMD05726,CL0858,P011,2023-05-23,4,576.86,en_cours,casa,Carte,LIV4,
CMD29578,CL0023,P023,16/11/2023,3,1726.62,OK,tanger,Carte,LIV7,
CMD00698,CL0446,P026,17/02/2023,4,1604.58,OK,Agadir,Carte,LIV10,
CMD41608,CL0176,P086,07/03/2023,1,2221.07,DONE,marrakech,Carte,LIV7,2023-03-12
CMD25305,CL0592,P089,Feb 06 2024,4,4524.19,livre,marrakech,Carte,LIV6,
CMD14167,CL0915,P043,2023-09-27,5,4885.85,livré,CASABLANCA,Carte,LIV6,2023-10-01
CMD02688,CL0428,P088,Feb 28 2024,2,3211.64,livré,Agadir,Carte,LIV8,2024-02-29
CMD45309,CL0173,P050,07/11/2023,-1,285.93,DONE,casa,Carte,LIV3,2023-11-08
CMD10652,CL0931,P037,11/05/2023,4,3646.33,KO,kech,Carte,LIV4,
CMD12254,CL0534,P028,15/03/2023,1,556.67,KO,CASABLANCA,Carte,LIV10,
CMD21921,CL0515,P070,09/05/2024,3,2620.4,livré,TANGER,Carte,LIV7,2024-05-14
CMD22706,CL0299,P091,Feb 26 2024,2,4452.14,en_cours,Tnja,Carte,LIV5,
CMD28091,CL0210,P041,05/03/2023,3,4589.16,livre,tanger,Carte,LIV5,
CMD03929,CL0246,P087,Mar 20 2023,1,320.83,DONE,marrakech,Carte,LIV4,2023-03-22
CMD40601,CL0828,P054,2023-05-22,2,4669.88,DONE,Tnja,Carte,LIV1,2023-05-25
CMD08317,CL0430,P099,2024-04-04,5,738.37,annulé,kech,Carte,LIV6,
CMD18125,CL0706,P066,2023-04-20,3,76.32,livré,Tnja,Carte,LIV10,2023-04-22
CMD34826,CL0616,P053,02/05/2023,1,2393.9,livré,TANGER,Carte,LIV3,2023-05-07
CMD09018,CL0447,P019,2024-02-18,5,217.19,OK,casa,Carte,LIV9,
CMD10486,CL0944,P033,2024-04-05,2,1840.96,livré,TANGER,Carte,LIV2,2024-04-08
CMD31158,CL0503,P069,15/05/2024,5,2600.22,DONE,tanger,Carte,LIV4,2024-05-17
CMD20324,CL0818,P093,Oct 17 2023,2,1241.71,livré,RBA,Carte,LIV3,2023-10-21
CMD35930,CL0444,P036,Sep 04 2023,3,4127.77,livré,tanger,Carte,LIV7,2023-09-07
CMD14779,CL0044,P021,Oct 01 2023,1,0,LIVRE,tanger,Carte,,2023-10-06
CMD06937,CL0680,P071,29/12/2023,1,1348.25,DONE,casa,Carte,LIV2,2024-01-02
CMD23043,CL0909,P075,21/05/2023,2,3312.99,KO,Tnja,Carte,LIV5,
CMD33782,CL0801,P056,03/12/2023,3,1377.75,LIVRE,Tnja,Carte,LIV5,2023-12-08
CMD10224,CL0262,P097,Mar 23 2023,3,532.25,livré,Tnja,Carte,LIV3,2023-03-27
CMD47073,CL0482,P083,2023-11-16,2,4271.03,livre,Tnja,Carte,LIV2,
CMD37978,CL0035,P022,Oct 28 2023,2,1670.07,KO,CASABLANCA,Carte,LIV9,
CMD47842,CL0563,P016,2024-04-25,-1,1375.35,retourné,TNG,Carte,LIV7,2024-04-29
CMD29287,CL0041,P030,Nov 13 2023,2,1956.26,en_cours,TANGER,Carte,LIV5,
CMD15788,CL0308,P059,Apr 13 2024,3,3767.58,OK,kech,Carte,LIV3,
CMD38690,CL0748,P074,Jan 16 2024,5,4738.08,LIVRE,TANGER,Carte,LIV8,2024-01-21
CMD21477,CL0454,P083,Apr 19 2023,2,2147.68,DONE,Tnja,Carte,LIV4,2023-04-20
CMD08121,CL0496,P037,Jun 22 2023,2,300.32,LIVRE,casa,Carte,,2023-06-27
CMD00863,CL0174,P098,Aug 31 2023,4,3416.59,OK,RBA,Carte,LIV3,
CMD12249,CL0086,P032,2023-10-16,3,2977.75,annulé,kech,Carte,LIV4,
CMD48037,CL0743,P055,25/01/2024,2,2385.06,livré,Tnja,Carte,LIV9,2024-01-26
CMD11994,CL0422,P094,2023-10-31,3,4264.23,en_cours,RBA,Carte,LIV4,
CMD37351,CL0468,P027,Mar 08 2023,3,3606.86,retourné,TNG,Carte,LIV7,2023-03-12
CMD46322,CL0324,P044,03/05/2024,2,4874.67,livré,Agadir,Carte,LIV7,2024-05-05
CMD35691,CL0527,P015,Jun 09 2023,4,4484.32,en_cours,marrakech,Carte,LIV9,
CMD14319,CL0961,P032,2023-08-07,3,1372.56,LIVRE,marrakech,Carte,LIV1,2023-08-12
CMD24923,CL0842,P045,28/10/2023,4,383.7,DONE,Agadir,Carte,LIV4,2023-11-02
CMD22311,CL0264,P080,2023-01-17,2,1572.61,livré,casa,Carte,LIV3,2023-01-21
CMD45822,CL0939,P059,26/12/2023,4,4759.29,en_cours,tanger,Carte,LIV5,
CMD14526,CL0151,P001,02/01/2024,5,1064.65,OK,TNG,Carte,LIV6,
CMD05424,CL0453,P013,21/11/2023,4,4758.97,KO,kech,Carte,LIV6,
CMD39616,CL0641,P097,2023-05-01,5,4851.32,annulé,TANGER,Carte,LIV10,
CMD12768,CL0209,P051,2023-07-28,2,3873.18,KO,CASABLANCA,Carte,LIV6,
CMD16829,CL1000,P073,Mar 04 2023,5,1045.67,DONE,CASABLANCA,Carte,LIV5,2023-03-06
CMD04764,CL0147,P004,Apr 07 2023,4,4059.9,KO,TANGER,Carte,LIV2,
CMD30852,CL0164,P048,2023-02-14,5,3376.55,retourné,Agadir,Carte,LIV3,2023-02-19
CMD07338,CL0058,P069,04/03/2024,2,3122.71,livré,kech,Carte,LIV4,2024-03-05
CMD00308,CL0363,P017,Nov 27 2023,4,508.51,LIVRE,Tnja,Carte,LIV8,2023-11-28
CMD26197,CL0664,P087,02/02/2023,4,2650.56,annulé,TANGER,Carte,LIV5,
CMD07803,CL0853,P057,2023-08-22,5,2531.97,livre,casa,Carte,LIV6,
CMD10206,CL0188,P006,06/03/2023,4,1896.23,en_cours,Tnja,Carte,LIV5,
CMD42611,CL0407,P092,30/11/2023,4,3822.54,en_cours,TNG,Carte,LIV5,
CMD24728,CL0714,P089,13/07/2023,2,114.33,annulé,Tnja,Carte,LIV8,
CMD10289,CL0284,P060,2023-04-17,5,2382.06,LIVRE,CASABLANCA,Carte,LIV5,2023-04-22
CMD04248,CL0815,P039,Jan 04 2024,-1,3297.94,OK,CASABLANCA,Carte,LIV10,
CMD40315,CL0367,P003,23/07/2023,3,4742.92,en_cours,TANGER,Carte,LIV1,
CMD13973,CL0395,P052,28/04/2024,5,4119.05,DONE,kech,Carte,LIV6,2024-05-03
CMD03980,CL0552,P025,Apr 20 2023,4,230.29,livré,marrakech,Carte,LIV9,2023-04-24
CMD38519,CL0685,P072,24/01/2023,2,214.78,livre,RBA,Carte,LIV10,
CMD21025,CL0733,P087,22/02/2024,3,3813.91,retourné,kech,Carte,,2024-02-25
CMD42174,CL0885,P041,Apr 29 2023,4,2461.51,DONE,marrakech,Carte,LIV2,2023-04-30
CMD41434,CL0816,P051,Feb 23 2023,3,1276.89,livré,Tnja,Carte,LIV2,2023-02-24
CMD12109,CL0723,P050,Nov 29 2023,3,3046.9,livré,RBA,Carte,LIV5,2023-11-30
CMD31452,CL0287,P084,Jul 28 2023,4,810.95,livré,CASABLANCA,Carte,LIV4,2023-07-29
CMD35316,CL0547,P022,18/03/2023,1,1549.96,retourné,TNG,Carte,,2023-03-20
CMD30415,CL0707,P039,2023-01-11,4,4371.36,DONE,Tnja,Carte,LIV9,2023-01-16
CMD41966,CL0182,P082,15/03/2023,1,3234.33,OK,casa,Carte,LIV4,
CMD21556,CL0124,P015,04/10/2023,1,587.68,en_cours,CASABLANCA,Carte,LIV8,
CMD01092,CL0340,P093,Dec 27 2023,5,2303.89,livré,RBA,Carte,LIV4,2023-12-30
CMD28008,CL0063,P091,Apr 30 2023,1,1409.28,LIVRE,kech,Carte,LIV3,2023-05-01
CMD23584,CL0318,P037,2024-01-17,1,1365.74,livré,Agadir,Carte,LIV10,2024-01-22
CMD18689,CL0285,P091,Apr 23 2023,1,2287.81,DONE,kech,Carte,LIV2,2023-04-24
CMD19650,CL0192,P096,Jan 23 2024,5,1060.76,en_cours,RBA,Carte,LIV4,
CMD02829,CL0908,P045,Apr 23 2024,2,3833.72,livre,tanger,Carte,LIV9,
CMD17067,CL0395,P013,15/04/2023,4,3320.68,livre,Agadir,Carte,LIV7,
CMD27673,CL0923,P004,2023-01-13,1,1914.81,annulé,tanger,Carte,LIV2,
CMD09071,CL0010,P060,Jan 16 2023,5,893.17,LIVRE,TANGER,Carte,LIV1,2023-01-17
CMD26155,CL0378,P063,2023-06-10,5,1982.23,en_cours,CASABLANCA,Carte,LIV3,
CMD07867,CL0074,P031,May 30 2023,1,3887.46,livre,kech,Carte,LIV9,
CMD17702,CL0988,P011,2023-06-22,4,3609.49,annulé,Agadir,Carte,LIV6,
CMD03908,CL0704,P022,2023-02-27,3,4495.06,en_cours,CASABLANCA,Carte,LIV2,
CMD42986,CL0076,P002,2023-07-24,3,1525.82,en_cours,CASABLANCA,Carte,LIV6,
CMD00936,CL0309,P031,2023-01-08,5,3391.15,livré,casa,Carte,LIV9,2023-01-12
CMD37253,CL0211,P074,2024-01-20,1,1657.78,en_cours,Agadir,Carte,LIV10,
CMD00166,CL0409,P094,Dec 28 2023,4,4002.0,OK,TNG,Carte,LIV5,
CMD45552,CL0736,P079,2023-08-25,4,1608.65,annulé,Tnja,Carte,LIV4,
CMD15148,CL0063,P046,2024-01-13,5,2381.36,en_cours,tanger,Carte,LIV8,
CMD00883,CL0015,P070,2023-06-01,4,1174.62,DONE,TNG,Carte,LIV6,2023-06-06
CMD18649,CL0451,P073,2023-02-05,1,1284.41,en_cours,casa,Carte,LIV2,
CMD27077,CL0578,P047,2024-01-19,5,2431.93,livré,TANGER,Carte,LIV5,2024-01-23
CMD33490,CL0279,P060,2023-11-10,1,1815.78,livre,TANGER,Carte,LIV5,
CMD11326,CL0344,P098,24/06/2023,4,4243.12,livré,Agadir,Carte,LIV2,2023-06-25
CMD27555,CL0753,P028,Apr 04 2023,4,4440.85,retourné,tanger,Carte,LIV9,2023-04-05
CMD17574,CL0828,P010,31/03/2023,-1,4762.51,livré,RBA,Carte,LIV1,2023-04-03
CMD26741,CL0667,P024,2023-11-29,5,650.39,livré,casa,Carte,LIV2,2023-12-01
CMD11418,CL0926,P031,07/08/2023,3,171.32,DONE,kech,Carte,LIV3,2023-08-08
CMD23852,CL0926,P026,Jan 04 2024,2,669.43,livré,Tnja,Carte,LIV6,2024-01-08
CMD06592,CL0505,P057,16/10/2023,3,4028.08,OK,Tnja,Carte,LIV10,
CMD11186,CL0471,P001,Apr 21 2023,5,4433.28,livré,CASABLANCA,Carte,LIV10,2023-04-26
CMD47302,CL0254,P006,2023-02-26,4,887.33,livré,marrakech,Carte,LIV9,2023-02-27
CMD20703,CL0299,P086,28/11/2023,5,4126.4,LIVRE,kech,Carte,LIV4,2023-12-01
CMD15576,CL0132,P009,13/09/2023,1,4739.75,retourné,marrakech,Carte,LIV9,2023-09-17
CMD21106,CL0855,P007,2023-09-07,1,1013.95,DONE,Tnja,Carte,LIV7,2023-09-09
CMD05574,CL0766,P010,Aug 21 2023,1,4531.31,en_cours,CASABLANCA,Carte,LIV8,
CMD35235,CL0234,P076,2023-02-02,1,4127.18,livré,Tnja,Carte,LIV10,2023-02-04
CMD10278,CL0500,P032,2023-08-01,2,3400.49,livré,Tnja,Carte,LIV10,2023-08-04
CMD15225,CL0798,P096,2024-02-04,3,3246.59,livré,tanger,Carte,,2024-02-09
CMD44279,CL0785,P008,Jan 11 2024,1,4330.07,livré,TANGER,Carte,LIV3,2024-01-15
CMD27285,CL1000,P095,Mar 21 2024,2,1285.96,KO,RBA,Carte,LIV6,
CMD14636,CL0833,P004,2023-11-25,3,447.7,LIVRE,TNG,Carte,LIV1,2023-11-28
CMD08924,CL0784,P065,Apr 16 2023,1,2444.17,livre,casa,Carte,LIV4,
CMD38739,CL0977,P084,14/01/2024,3,4228.8,livré,marrakech,Carte,LIV4,2024-01-16
CMD24522,CL0848,P084,17/01/2024,5,3492.6,DONE,marrakech,Carte,LIV6,2024-01-20
CMD04625,CL0367,P079,03/07/2023,2,102.02,retourné,CASABLANCA,Carte,LIV2,2023-07-05
CMD32850,CL0548,P062,04/09/2023,4,4571.16,livré,Tnja,Carte,LIV4,2023-09-06
CMD08522,CL0118,P010,2023-01-13,1,1375.16,LIVRE,TNG,Carte,,2023-01-17
CMD33658,CL0662,P090,May 05 2024,4,4984.89,LIVRE,tanger,Carte,LIV7,2024-05-09
CMD03734,CL0328,P022,2023-11-08,1,615.62,livré,Agadir,Carte,LIV10,2023-11-13
CMD40272,CL0747,P034,2023-12-30,4,4557.58,OK,Agadir,Carte,LIV5,
CMD15860,CL0938,P065,Dec 03 2023,1,3048.54,livré,tanger,Carte,LIV8,2023-12-07
CMD10461,CL0319,P073,16/02/2023,2,686.29,en_cours,Agadir,Carte,LIV4,
CMD39179,CL0205,P050,2024-02-05,2,2334.6,annulé,CASABLANCA,Carte,LIV7,
CMD10307,CL0080,P012,23/04/2024,5,3529.46,en_cours,CASABLANCA,Carte,LIV6,
CMD26278,CL0654,P084,Dec 01 2023,3,3963.39,livré,casa,Carte,LIV6,2023-12-06
CMD47458,CL0117,P082,Dec 19 2023,2,1900.63,livre,Tnja,Carte,LIV7,
CMD39011,CL0172,P061,Apr 14 2023,4,1587.34,livré,Agadir,Carte,LIV6,2023-04-15
CMD25065,CL0367,P074,Nov 03 2023,1,2195.3,livré,RBA,Carte,LIV4,2023-11-04
CMD43810,CL0109,P092,03/04/2023,3,2099.69,KO,RBA,Carte,,
CMD41367,CL0049,P085,2024-01-15,1,3110.72,LIVRE,Agadir,Carte,LIV10,2024-01-19
CMD18097,CL0318,P076,Jul 20 2023,2,1303.74,annulé,Tnja,Carte,LIV7,
CMD12985,CL0316,P026,2023-03-03,1,4185.33,annulé,Tnja,Carte,LIV1,
CMD21040,CL0609,P066,26/07/2023,2,988.73,annulé,kech,Carte,,
CMD44710,CL0872,P062,2024-04-28,4,1019.14,annulé,Tnja,Carte,LIV7,
CMD26753,CL0218,P088,Nov 03 2023,2,3147.38,livré,TANGER,Carte,LIV2,2023-11-06
CMD12225,CL0413,P033,20/02/2023,3,4577.86,retourné,RBA,Carte,LIV2,2023-02-24
CMD39039,CL0589,P075,Jan 18 2023,5,2422.38,DONE,CASABLANCA,Carte,LIV2,2023-01-19
CMD43414,CL0279,P053,Sep 29 2023,3,1576.79,DONE,CASABLANCA,Carte,LIV1,2023-10-01
CMD41322,CL0757,P062,2023-03-11,3,2678.35,LIVRE,casa,Carte,LIV8,2023-03-15
CMD43924,CL0411,P074,06/03/2024,1,1758.46,OK,CASABLANCA,Carte,LIV2,
CMD21867,CL0027,P099,2023-05-23,4,3053.99,livré,kech,Carte,,2023-05-28
CMD06810,CL0535,P018,2023-01-29,3,903.13,retourné,casa,Carte,LIV9,2023-02-03
CMD16814,CL0695,P039,2023-02-28,5,1530.13,livré,marrakech,Carte,LIV8,2023-03-02
CMD18044,CL0010,P002,Jan 16 2024,5,4936.41,LIVRE,kech,Carte,LIV10,2024-01-20
CMD11278,CL0464,P058,May 03 2023,5,1490.96,livré,casa,Carte,LIV1,2023-05-04
CMD30216,CL0222,P024,Aug 13 2023,5,4242.96,LIVRE,kech,Carte,LIV9,2023-08-14
CMD04444,CL0861,P022,19/09/2023,2,2839.79,livré,Tnja,Carte,LIV4,2023-09-23
CMD40446,CL0778,P006,Feb 15 2024,2,4394.78,livré,kech,Carte,LIV10,2024-02-18
CMD30379,CL0877,P039,2023-06-09,4,3249.66,en_cours,tanger,Carte,LIV5,
CMD29660,CL0282,P021,May 17 2023,1,4620.96,retourné,kech,Carte,,2023-05-20
CMD26766,CL0669,P040,Feb 14 2023,4,1058.34,livré,Agadir,Carte,LIV4,2023-02-18
CMD07699,CL0134,P036,Apr 30 2023,1,1664.37,livre,RBA,Carte,LIV10,
CMD47175,CL0787,P049,05/03/2023,1,1758.93,annulé,Agadir,Carte,LIV8,
CMD44731,CL0147,P080,2023-06-27,4,1484.94,DONE,TNG,Carte,LIV3,2023-07-01
CMD41524,CL0379,P088,May 11 2023,3,4753.59,en_cours,TANGER,Carte,LIV4,
CMD41753,CL0911,P047,Aug 03 2023,2,1655.88,livré,CASABLANCA,Carte,LIV6,2023-08-08
CMD00972,CL0574,P002,08/02/2023,3,2098.56,KO,Agadir,Carte,LIV7,
CMD11329,CL0461,P007,2023-07-25,4,3489.57,en_cours,kech,Carte,LIV7,
CMD26466,CL0778,P052,Jan 14 2023,1,2710.12,LIVRE,Tnja,Carte,LIV10,2023-01-16
CMD35867,CL0372,P098,27/03/2024,3,705.12,OK,marrakech,Carte,LIV10,
CMD32931,CL0165,P035,Apr 01 2024,1,942.6,livré,CASABLANCA,Carte,LIV10,2024-04-02
CMD34853,CL0834,P093,Mar 22 2023,5,325.42,KO,Tnja,Carte,LIV1,
CMD00008,CL0003,P042,Jun 05 2023,1,3410.9,livre,RBA,Carte,LIV7,
CMD20784,CL0101,P039,Jan 13 2023,4,4208.83,livré,TNG,Carte,LIV6,2023-01-14
CMD06064,CL0280,P076,13/11/2023,3,4628.72,livré,Agadir,Carte,LIV4,2023-11-14
CMD05383,CL0983,P008,27/12/2023,3,3021.33,livré,TANGER,Carte,LIV5,2023-12-28
CMD02476,CL0835,P044,2024-05-05,5,3989.0,livré,casa,Carte,LIV1,2024-05-06
CMD04132,CL0751,P007,31/03/2023,5,2099.83,livré,casa,Carte,LIV10,2023-04-02
CMD38719,CL0099,P100,2023-12-05,4,186.5,annulé,kech,Carte,LIV3,
CMD20100,CL0806,P034,Feb 27 2024,3,2623.12,en_cours,casa,Carte,LIV4,
CMD10055,CL0096,P016,10/04/2023,4,2612.1,livré,marrakech,Carte,LIV10,2023-04-11
CMD02647,CL0626,P055,2024-02-01,5,593.2,KO,RBA,Carte,LIV8,
CMD38371,CL0416,P047,Mar 23 2023,3,3547.33,DONE,Tnja,Carte,,2023-03-24
CMD34720,CL0288,P053,May 26 2023,3,4072.72,DONE,TNG,Carte,LIV1,2023-05-31
CMD12939,CL0560,P028,2023-05-11,-1,1858.6,OK,TANGER,Carte,LIV4,
CMD18470,CL0927,P092,Apr 23 2023,4,4634.26,livre,marrakech,Carte,LIV3,
CMD11107,CL0269,P074,13/04/2023,3,4089.48,livré,TANGER,Carte,LIV10,2023-04-18
CMD17229,CL0478,P035,Feb 12 2023,4,4253.21,OK,TNG,Carte,LIV7,
CMD00216,CL0493,P065,2023-11-01,1,3544.5,livré,CASABLANCA,Carte,LIV9,2023-11-02
CMD15192,CL0837,P037,2024-03-16,4,209.7,livre,TNG,Carte,LIV7,
CMD43699,CL0130,P030,Mar 15 2024,5,4180.33,KO,marrakech,Carte,LIV4,
CMD12223,CL0123,P001,2023-01-11,2,2546.82,en_cours,CASABLANCA,Carte,LIV7,
CMD29597,CL0136,P007,2023-12-06,5,4540.0,livré,RBA,Carte,LIV8,2023-12-07
CMD24627,CL0440,P004,16/11/2023,4,1307.5,OK,casa,Carte,LIV3,
CMD25566,CL0990,P074,2023-05-02,4,625.49,annulé,marrakech,Carte,LIV8,
CMD34541,CL0280,P028,02/06/2023,2,110.03,LIVRE,Agadir,Carte,LIV9,2023-06-05
CMD26877,CL0178,P023,2024-02-05,3,3757.46,OK,TANGER,Carte,LIV9,
CMD25177,CL0859,P032,Mar 17 2024,5,0,livré,CASABLANCA,Carte,LIV3,2024-03-19
CMD14573,CL0132,P030,02/09/2023,2,1755.26,LIVRE,tanger,Carte,LIV10,2023-09-05
CMD32976,CL0671,P022,01/03/2024,4,3825.27,livré,kech,Carte,LIV2,2024-03-03
CMD22309,CL0662,P062,Feb 15 2023,4,3034.63,livre,TNG,Carte,,
CMD44372,CL0588,P063,Apr 12 2024,1,2409.52,livre,Tnja,Carte,LIV4,
CMD25463,CL0343,P077,Mar 13 2024,4,72.77,KO,RBA,Carte,LIV3,
CMD16841,CL0062,P079,Feb 16 2023,5,1027.17,DONE,Tnja,Carte,LIV4,2023-02-20
CMD14957,CL0422,P017,2023-06-17,4,2754.35,livré,RBA,Carte,LIV10,2023-06-22
CMD01378,CL0663,P063,2024-02-21,4,3667.33,livré,marrakech,Carte,LIV7,2024-02-23
CMD07304,CL0818,P066,Feb 05 2023,1,1119.62,livré,kech,Carte,LIV8,2023-02-08
CMD08042,CL0146,P100,Aug 23 2023,2,3699.71,KO,TANGER,Carte,LIV7,
CMD37937,CL0241,P055,2024-04-07,2,1074.06,LIVRE,casa,Carte,LIV5,2024-04-12
CMD42969,CL0617,P082,06/03/2023,4,352.87,KO,Tnja,Carte,LIV7,
CMD15031,CL0388,P096,08/06/2023,1,0,livré,kech,Carte,LIV6,2023-06-11
CMD30521,CL0628,P053,2023-03-19,1,2911.19,KO,RBA,Carte,LIV6,
CMD00929,CL0266,P070,2024-03-30,5,3825.72,DONE,casa,Carte,LIV10,2024-04-01
CMD29348,CL0969,P020,Oct 18 2023,4,1843.85,retourné,Tnja,Carte,LIV4,2023-10-21
CMD34714,CL0876,P097,2023-12-24,4,2286.9,annulé,casa,Carte,LIV10,
CMD17617,CL0806,P027,2024-04-27,5,4003.22,DONE,kech,Carte,LIV8,2024-04-30
CMD46346,CL0625,P074,Apr 26 2024,5,2505.02,en_cours,tanger,Carte,LIV1,
CMD46396,CL0282,P093,2023-12-13,2,608.51,OK,Tnja,Carte,LIV2,
CMD27413,CL0410,P013,May 02 2023,5,641.08,annulé,TANGER,Carte,LIV1,
CMD11010,CL0967,P042,2023-08-21,5,2499.14,KO,RBA,Carte,LIV4,
CMD19090,CL0493,P072,05/03/2023,4,3507.03,DONE,TNG,Carte,LIV1,2023-03-07
CMD23227,CL0770,P076,Apr 07 2023,1,4219.79,livré,TANGER,Carte,LIV1,2023-04-10
CMD35217,CL0276,P093,08/01/2024,1,2037.83,KO,TANGER,Carte,LIV9,
CMD15317,CL0866,P047,2023-02-26,5,4947.54,OK,casa,Carte,LIV7,
CMD25571,CL0775,P029,2023-05-17,2,4655.63,livre,RBA,Carte,LIV1,
CMD18886,CL0457,P023,Feb 04 2024,2,2660.06,en_cours,tanger,Carte,LIV2,
CMD40902,CL0567,P032,Jul 01 2023,3,4123.03,DONE,Agadir,Carte,LIV4,2023-07-04
CMD28777,CL0384,P040,Oct 24 2023,2,3712.93,KO,CASABLANCA,Carte,LIV3,
CMD33811,CL0918,P019,Jun 02 2023,2,2852.17,annulé,Agadir,Carte,LIV5,
CMD38944,CL0942,P013,04/03/2024,2,4345.98,livré,TANGER,Carte,LIV7,2024-03-05
CMD44815,CL0031,P080,Apr 02 2023,2,883.76,DONE,Agadir,Carte,LIV3,2023-04-06
CMD40339,CL0981,P054,25/12/2023,3,3044.45,OK,TNG,Carte,LIV7,
CMD39845,CL0605,P070,2023-08-12,2,4175.11,DONE,RBA,Carte,LIV6,2023-08-14
CMD02087,CL0535,P028,Sep 04 2023,4,1067.38,OK,tanger,Carte,LIV6,
CMD12504,CL0744,P014,Apr 06 2024,5,843.37,DONE,Agadir,Carte,LIV8,2024-04-11
CMD38965,CL0574,P023,2023-11-13,5,210.28,LIVRE,TANGER,Carte,LIV3,2023-11-15
CMD21991,CL0440,P064,10/03/2023,4,729.48,livré,tanger,Carte,LIV2,2023-03-15
CMD03401,CL0141,P014,Mar 12 2023,2,329.46,OK,TNG,Carte,LIV7,
CMD42270,CL0924,P094,29/11/2023,3,1010.26,OK,RBA,Carte,LIV1,
CMD47661,CL0022,P055,Feb 29 2024,4,131.17,OK,casa,Carte,LIV4,
CMD23681,CL0970,P085,10/03/2024,4,2738.33,annulé,Tnja,Carte,,
CMD38753,CL0507,P090,25/01/2023,3,4490.19,livré,CASABLANCA,Carte,LIV6,2023-01-26
CMD37929,CL0595,P049,Feb 20 2024,4,1115.85,livre,CASABLANCA,Carte,LIV8,
CMD09017,CL0420,P050,2023-02-01,1,1644.29,OK,casa,Carte,LIV5,
CMD21834,CL0339,P040,Jul 29 2023,1,2658.95,en_cours,casa,Carte,LIV8,
CMD20904,CL0136,P015,20/04/2023,1,2435.31,DONE,TNG,Carte,LIV3,2023-04-24
CMD10265,CL0906,P084,02/11/2023,4,4118.78,en_cours,tanger,Carte,LIV1,
CMD23559,CL0601,P009,Mar 27 2023,5,3645.16,annulé,kech,Carte,LIV1,
CMD25348,CL0937,P074,2023-04-24,5,3943.57,livré,marrakech,Carte,LIV9,2023-04-29
CMD23662,CL0011,P089,22/01/2024,4,1807.82,LIVRE,kech,Carte,LIV5,2024-01-27
CMD03371,CL0716,P055,24/02/2023,1,426.61,LIVRE,kech,Carte,LIV4,2023-02-25
CMD02072,CL0284,P005,Jan 04 2023,1,4744.79,en_cours,marrakech,Carte,LIV9,
CMD43595,CL0948,P078,2024-04-26,3,4387.34,livre,CASABLANCA,Carte,LIV4,
CMD02731,CL0228,P068,2023-05-20,1,4086.16,annulé,TANGER,Carte,LIV1,
CMD17784,CL0774,P091,Mar 22 2024,1,1551.63,livré,marrakech,Carte,LIV9,2024-03-23
CMD18014,CL0214,P076,11/03/2023,5,528.29,LIVRE,Tnja,Carte,LIV1,2023-03-13
CMD26899,CL0855,P011,Sep 17 2023,4,890.64,livré,tanger,Carte,LIV4,2023-09-18
CMD07012,CL0540,P086,Jul 24 2023,1,2649.02,retourné,Agadir,Carte,LIV1,2023-07-29
CMD13482,CL0400,P083,May 05 2023,4,1436.52,retourné,tanger,Carte,,2023-05-09
CMD19031,CL0981,P009,2023-02-01,1,3116.47,en_cours,TANGER,Carte,LIV7,
CMD06191,CL0675,P014,Oct 25 2023,4,1117.94,annulé,Agadir,Carte,LIV1,
CMD13830,CL0008,P085,20/05/2023,4,2121.61,livre,marrakech,Carte,LIV8,
CMD40787,CL0397,P003,2023-02-15,1,858.19,OK,casa,Carte,LIV5,
CMD32440,CL0147,P008,2023-11-10,1,1766.97,livré,TNG,Carte,LIV5,2023-11-15
CMD44493,CL0775,P060,15/01/2023,2,1445.31,livre,marrakech,Carte,LIV7,
CMD30671,CL0667,P015,2023-11-11,1,4560.7,en_cours,tanger,Carte,LIV1,
CMD09495,CL0903,P056,26/01/2024,2,3214.14,OK,TANGER,Carte,LIV6,
CMD14729,CL0306,P020,2024-01-27,4,517.4,livré,CASABLANCA,Carte,LIV1,2024-01-30
CMD28174,CL0956,P037,Sep 06 2023,4,589.13,livré,CASABLANCA,Carte,,2023-09-09
CMD14009,CL0791,P056,2024-03-17,1,583.29,livré,casa,Carte,LIV6,2024-03-18
CMD21081,CL0295,P011,25/03/2024,1,3891.05,en_cours,Tnja,Carte,,
CMD14091,CL0007,P062,11/01/2024,5,709.53,LIVRE,TNG,Carte,LIV6,2024-01-15
CMD36925,CL0471,P021,Feb 14 2023,5,1474.41,KO,TANGER,Carte,LIV1,
CMD22058,CL0958,P075,27/03/2024,1,3738.17,livré,Agadir,Carte,LIV8,2024-04-01
CMD46765,CL0792,P006,2023-10-21,5,2766.96,en_cours,TNG,Carte,LIV5,
CMD17004,CL0374,P044,07/01/2024,5,762.84,annulé,TNG,Carte,LIV1,
CMD45388,CL0414,P016,2023-11-14,1,3475.19,livré,RBA,Carte,LIV3,2023-11-18
CMD40475,CL0342,P079,Mar 18 2023,2,0,en_cours,marrakech,Carte,LIV2,
CMD41009,CL0296,P060,18/08/2023,4,3031.08,KO,marrakech,Carte,,
CMD06311,CL0532,P099,2023-08-06,5,1876.24,livré,TNG,Carte,LIV6,2023-08-08
CMD07654,CL0556,P088,21/04/2024,4,1322.62,livré,RBA,Carte,LIV4,2024-04-23
CMD02081,CL0798,P078,Aug 19 2023,3,217.51,DONE,TNG,Carte,LIV1,2023-08-20
CMD13501,CL0602,P060,Jul 31 2023,2,326.23,KO,CASABLANCA,Carte,LIV6,
CMD39259,CL0828,P023,Jan 11 2023,5,210.23,en_cours,Tnja,Carte,LIV3,
CMD42655,CL0818,P083,Jun 24 2023,5,824.24,livre,TNG,Carte,LIV6,
CMD23803,CL0357,P091,Aug 14 2023,1,4652.8,livré,CASABLANCA,Carte,LIV2,2023-08-16
CMD02182,CL0976,P018,2024-01-13,2,2785.98,livré,marrakech,Carte,LIV3,2024-01-14
CMD30237,CL0127,P040,2023-11-28,5,1154.07,livré,marrakech,Carte,LIV1,2023-12-01
CMD30767,CL0235,P087,05/04/2024,3,1820.42,livré,casa,Carte,LIV1,2024-04-08
CMD30201,CL0316,P058,05/02/2024,5,1746.52,KO,casa,Carte,LIV7,
CMD16863,CL0143,P069,2024-02-29,2,3373.84,KO,kech,Carte,LIV1,
CMD46979,CL0069,P014,Feb 13 2024,3,2206.48,livré,Tnja,Carte,LIV6,2024-02-16
CMD06532,CL0852,P070,2023-03-04,2,2346.35,KO,RBA,Carte,LIV1,
CMD40573,CL0799,P053,2024-01-15,1,684.6,livré,RBA,Carte,LIV7,2024-01-17
CMD19493,CL0702,P032,2023-01-14,3,4470.15,DONE,Tnja,Carte,LIV1,2023-01-18
CMD36448,CL0882,P065,Feb 14 2024,1,4847.21,livre,CASABLANCA,Carte,LIV8,
CMD16633,CL0306,P051,Feb 10 2024,5,923.82,livré,Agadir,Carte,LIV7,2024-02-14
CMD08641,CL0376,P058,30/11/2023,2,2012.73,livré,tanger,Carte,LIV8,2023-12-01
CMD20244,CL0962,P099,20/01/2024,3,3662.73,OK,TNG,Carte,LIV1,
CMD01923,CL0601,P077,2023-06-18,3,484.3,livre,RBA,Carte,LIV8,
CMD01585,CL0777,P062,Feb 29 2024,1,63.81,livre,TANGER,Carte,LIV5,
CMD36114,CL0828,P005,23/03/2024,5,0,DONE,TNG,Carte,LIV10,2024-03-27
CMD22663,CL0689,P074,Nov 08 2023,2,4140.6,retourné,casa,Carte,LIV2,2023-11-13
CMD43320,CL0859,P020,23/05/2023,5,1399.73,OK,RBA,Carte,LIV10,
CMD35479,CL0874,P054,Jun 26 2023,3,4657.01,DONE,TANGER,Carte,LIV9,2023-07-01
CMD42776,CL0304,P061,Jun 24 2023,5,190.67,retourné,Agadir,Carte,LIV10,2023-06-29
CMD04986,CL0200,P096,2023-04-05,1,3685.94,retourné,kech,Carte,,2023-04-08
CMD31671,CL0841,P021,2024-01-17,4,199.45,livré,marrakech,Carte,LIV10,2024-01-19
CMD20826,CL0805,P047,22/11/2023,1,2080.1,KO,RBA,Carte,LIV9,
CMD24664,CL0007,P035,Apr 08 2024,2,3108.96,en_cours,TANGER,Carte,LIV7,
CMD12720,CL0997,P056,Mar 22 2024,3,699.92,livré,marrakech,Carte,LIV10,2024-03-24
CMD22736,CL0102,P033,Dec 22 2023,4,2097.75,livré,CASABLANCA,Carte,LIV4,2023-12-24
CMD15297,CL0533,P071,2023-06-13,4,3193.01,KO,casa,Carte,LIV8,
CMD11242,CL0868,P080,Dec 09 2023,1,450.86,livré,casa,Carte,LIV5,2023-12-13
CMD45335,CL0562,P013,2023-06-22,2,4115.93,livré,TANGER,Carte,LIV5,2023-06-26
CMD28764,CL0663,P052,May 07 2023,1,3818.47,livré,marrakech,Carte,LIV3,2023-05-08
CMD00946,CL0660,P055,15/04/2023,2,742.43,annulé,kech,Carte,LIV7,
CMD31684,CL0140,P056,16/03/2024,3,4267.72,livre,kech,Carte,LIV6,
CMD09463,CL0545,P087,2023-09-06,5,601.64,retourné,TANGER,Carte,LIV1,2023-09-09
CMD16312,CL0277,P054,09/03/2024,5,743.91,OK,TNG,Carte,LIV3,
CMD08580,CL0514,P051,2023-08-17,5,191.6,retourné,TANGER,Carte,LIV4,2023-08-18
CMD34408,CL0904,P041,2023-07-03,2,2646.63,annulé,marrakech,Carte,LIV8,
CMD25015,CL0486,P063,Aug 31 2023,1,4790.93,livré,TANGER,Carte,LIV10,2023-09-05
CMD45699,CL0463,P052,2023-06-30,2,3829.24,OK,TNG,Carte,LIV6,
CMD34485,CL0001,P096,20/01/2023,3,4450.59,livré,Tnja,Carte,LIV7,2023-01-21
CMD48292,CL0489,P036,Jun 28 2023,1,3627.57,livre,CASABLANCA,Carte,LIV6,
CMD18287,CL0596,P007,2024-05-08,3,4713.77,en_cours,TANGER,Carte,LIV3,
CMD28883,CL0103,P031,14/02/2023,4,4996.56,livré,TNG,Carte,LIV9,2023-02-17
CMD17333,CL0002,P026,22/05/2023,1,4016.96,DONE,RBA,Carte,LIV5,2023-05-26
CMD34441,CL0294,P012,10/03/2023,1,435.22,KO,Tnja,Carte,LIV10,
CMD00799,CL0845,P050,Aug 07 2023,2,1164.88,OK,marrakech,Carte,LIV3,
CMD20242,CL0304,P051,2023-04-09,1,3803.14,retourné,Agadir,Carte,LIV3,2023-04-11
CMD16408,CL0599,P032,2023-12-29,3,2780.0,DONE,TANGER,Carte,LIV7,2023-12-31
CMD07313,CL0656,P088,Jan 22 2024,4,1615.95,livré,Tnja,Carte,LIV9,2024-01-24
CMD25567,CL0591,P097,19/03/2023,3,4562.78,livre,TANGER,Carte,,
CMD45451,CL0362,P098,2023-08-21,4,635.86,KO,TNG,Carte,LIV4,
CMD06813,CL0356,P092,23/03/2023,2,3632.56,KO,Tnja,Carte,LIV6,
CMD03977,CL0365,P091,2023-04-26,4,2178.43,livre,CASABLANCA,Carte,LIV3,
CMD39711,CL0068,P059,2023-02-16,1,4695.28,livré,RBA,Carte,LIV5,2023-02-21
CMD40931,CL0237,P072,Feb 14 2023,4,1334.26,LIVRE,TANGER,Carte,LIV7,2023-02-16
CMD29600,CL0527,P058,2023-06-22,1,1267.13,DONE,Tnja,Carte,LIV4,2023-06-27
CMD43111,CL0812,P087,2023-03-13,5,1293.3,livré,TNG,Carte,LIV6,2023-03-15
CMD05712,CL0126,P065,20/11/2023,3,4020.63,LIVRE,Tnja,Carte,LIV1,2023-11-25
CMD20746,CL0149,P007,2023-09-04,1,3745.6,livré,marrakech,Carte,LIV2,2023-09-07
CMD01960,CL0941,P023,04/12/2023,4,1043.18,livré,Agadir,Carte,LIV7,2023-12-06
CMD45402,CL0010,P004,2024-01-01,5,4064.1,LIVRE,RBA,Carte,LIV5,2024-01-03
CMD33335,CL0012,P078,04/02/2023,4,1062.2,OK,casa,Carte,LIV7,
CMD04164,CL0440,P046,Dec 13 2023,1,3347.27,OK,casa,Carte,LIV5,
CMD28522,CL0391,P095,30/10/2023,2,450.29,livré,kech,Carte,LIV2,2023-11-04
CMD35877,CL0011,P008,2023-04-20,4,3723.28,OK,Agadir,Carte,LIV9,
CMD38734,CL0156,P063,01/08/2023,4,1045.27,en_cours,TNG,Carte,LIV10,
CMD15119,CL0174,P068,2023-08-20,3,3997.38,OK,TNG,Carte,LIV3,
CMD33150,CL0530,P007,May 31 2023,2,0,livré,kech,Carte,LIV9,2023-06-05
CMD31656,CL0352,P086,2023-03-09,4,2671.49,livré,casa,Carte,LIV4,2023-03-14
CMD37165,CL0404,P068,11/09/2023,5,3311.29,en_cours,kech,Carte,LIV4,
CMD04169,CL0457,P025,Oct 02 2023,5,2121.62,livré,TNG,Carte,,2023-10-04
CMD04014,CL0235,P052,29/01/2024,4,1410.96,en_cours,CASABLANCA,Carte,LIV1,
CMD24066,CL0862,P099,10/08/2023,5,3930.71,livré,tanger,Carte,LIV2,2023-08-14
CMD02304,CL0688,P049,May 26 2023,5,1151.9,LIVRE,TANGER,Carte,LIV2,2023-05-27
CMD11913,CL0624,P076,2023-07-19,2,2473.45,livré,marrakech,Carte,LIV1,2023-07-22
CMD20992,CL0170,P057,09/02/2024,3,4682.62,retourné,kech,Carte,LIV1,2024-02-10
CMD47223,CL0656,P014,2024-01-19,4,2631.54,livré,marrakech,Carte,LIV9,2024-01-21
CMD12044,CL0363,P002,03/01/2023,2,3460.46,DONE,tanger,Carte,LIV2,2023-01-06
CMD22138,CL0369,P087,Sep 19 2023,2,781.7,retourné,Agadir,Carte,LIV1,2023-09-22
CMD17959,CL0323,P082,Jul 18 2023,5,185.5,livré,marrakech,Carte,LIV9,2023-07-22
CMD31046,CL0741,P067,2023-05-20,5,1345.04,livré,RBA,Carte,,2023-05-23
CMD24012,CL0584,P073,2023-08-04,3,1105.25,livré,TANGER,Carte,LIV4,2023-08-08
CMD06031,CL0976,P073,2024-05-10,5,792.74,livre,tanger,Carte,LIV1,
CMD31220,CL0940,P002,2024-03-20,2,2914.02,DONE,marrakech,Carte,LIV5,2024-03-23
CMD23994,CL0138,P034,Mar 13 2023,2,3177.12,livre,TANGER,Carte,LIV1,
CMD13455,CL0348,P040,30/08/2023,5,4555.47,annulé,casa,Carte,LIV4,
CMD11978,CL0446,P069,2023-03-25,1,3708.35,livré,Agadir,Carte,LIV5,2023-03-29
CMD27935,CL0779,P050,2023-08-17,4,1411.68,retourné,tanger,Carte,LIV10,2023-08-19
CMD10637,CL0459,P004,10/03/2023,4,4730.35,en_cours,Tnja,Carte,,
CMD47741,CL0669,P031,Dec 30 2023,2,3297.77,livré,TANGER,Carte,LIV3,2024-01-01
CMD14429,CL0854,P016,2023-09-29,1,3937.11,annulé,Agadir,Carte,LIV9,
CMD36134,CL0496,P033,25/11/2023,2,3300.84,annulé,tanger,Carte,LIV9,
CMD12871,CL0033,P079,30/12/2023,2,2489.29,livré,tanger,Carte,LIV2,2024-01-03
CMD41191,CL0951,P065,22/06/2023,1,2615.49,LIVRE,TANGER,Carte,LIV5,2023-06-24
CMD17792,CL0001,P085,26/09/2023,5,4895.56,OK,Tnja,Carte,LIV7,
CMD41919,CL0728,P070,Jul 16 2023,3,3250.17,en_cours,TANGER,Carte,LIV6,
CMD31481,CL0480,P051,2024-03-24,3,2636.03,retourné,tanger,Carte,LIV4,2024-03-26
CMD15733,CL0956,P033,2024-04-21,3,4284.49,livré,casa,Carte,LIV10,2024-04-25
CMD36845,CL0920,P045,2023-12-19,1,1275.55,en_cours,TNG,Carte,LIV1,
CMD03739,CL0253,P097,10/10/2023,2,3440.56,LIVRE,TNG,Carte,LIV10,2023-10-11
CMD47382,CL0296,P047,Apr 03 2024,1,2776.77,livré,marrakech,Carte,LIV5,2024-04-04
CMD19860,CL0566,P004,Jun 28 2023,3,1459.9,en_cours,Tnja,Carte,LIV1,
CMD34855,CL0864,P014,13/02/2023,2,3146.3,DONE,Tnja,Carte,LIV3,2023-02-14
CMD45057,CL0830,P063,Apr 12 2024,5,1891.36,livre,Agadir,Carte,LIV6,
CMD38234,CL0096,P089,22/01/2023,3,3144.94,annulé,marrakech,Carte,,
CMD04171,CL0152,P066,Feb 25 2024,4,213.3,livre,Agadir,Carte,LIV2,
CMD04012,CL0885,P013,15/05/2023,4,844.94,retourné,RBA,Carte,LIV9,2023-05-20
CMD23009,CL0819,P014,Mar 28 2024,5,200.32,KO,CASABLANCA,Carte,LIV7,
CMD26935,CL0187,P051,2023-09-11,3,3172.25,LIVRE,TNG,Carte,LIV10,2023-09-14
CMD34462,CL0649,P079,Dec 05 2023,1,3753.83,DONE,TNG,Carte,,2023-12-10
CMD46179,CL0507,P012,Nov 16 2023,3,1300.21,LIVRE,casa,Carte,LIV7,2023-11-20
CMD25334,CL0636,P051,Apr 08 2023,1,4854.62,retourné,marrakech,Carte,LIV5,2023-04-10
CMD10165,CL0896,P080,2023-01-15,5,1722.72,livre,RBA,Carte,LIV10,
CMD14293,CL0240,P033,Aug 18 2023,5,2931.89,OK,kech,Carte,LIV8,
CMD16752,CL0525,P082,2023-01-09,4,4387.04,KO,RBA,Carte,LIV4,
CMD02339,CL0394,P037,11/04/2023,1,3354.03,annulé,CASABLANCA,Carte,LIV5,
CMD33433,CL0024,P071,23/10/2023,5,3450.99,OK,kech,Carte,LIV3,
CMD20861,CL0566,P012,30/04/2024,2,3102.14,en_cours,CASABLANCA,Carte,LIV1,
CMD25759,CL0865,P001,12/05/2023,3,3937.33,KO,RBA,Carte,LIV7,
CMD22696,CL0008,P078,Apr 18 2024,5,3492.19,livré,tanger,Carte,LIV7,2024-04-20
CMD07322,CL0783,P010,29/01/2024,3,4569.71,LIVRE,CASABLANCA,Carte,LIV9,2024-02-02
CMD31056,CL0710,P077,2023-06-18,3,3188.1,livré,casa,Carte,LIV3,2023-06-23
CMD27026,CL0681,P088,May 10 2024,1,1583.46,DONE,CASABLANCA,Carte,LIV5,2024-05-15
CMD29409,CL0391,P090,Dec 16 2023,4,2002.82,en_cours,RBA,Carte,LIV8,
CMD10526,CL0267,P072,2023-10-27,1,1862.46,livré,CASABLANCA,Carte,LIV1,2023-10-28
CMD43590,CL0231,P098,2023-03-04,2,1969.94,livre,tanger,Carte,LIV1,
CMD35927,CL0051,P002,21/02/2023,2,854.95,retourné,marrakech,Carte,LIV5,2023-02-25
CMD27129,CL0876,P004,2023-04-10,4,2202.11,OK,tanger,Carte,LIV1,
CMD39915,CL0767,P001,16/12/2023,5,2705.82,LIVRE,TNG,Carte,LIV9,2023-12-21
CMD20380,CL0693,P055,2024-01-17,1,3613.53,livré,TANGER,Carte,LIV9,2024-01-20
CMD35425,CL0959,P068,Feb 28 2023,3,4481.17,LIVRE,kech,Carte,LIV10,2023-03-01
CMD34811,CL0919,P070,Nov 30 2023,2,2982.0,LIVRE,TNG,Carte,LIV3,2023-12-01
CMD23237,CL0679,P037,04/05/2023,5,155.34,livre,tanger,Carte,LIV1,
CMD11441,CL0105,P003,2023-08-08,3,3298.21,livré,TNG,Carte,LIV3,2023-08-12
CMD39198,CL0883,P080,Oct 20 2023,4,4873.92,LIVRE,casa,Carte,LIV6,2023-10-23
CMD44017,CL0593,P048,2023-10-09,3,2625.9,livré,TANGER,Carte,LIV5,2023-10-12
CMD15682,CL0246,P019,Mar 27 2024,4,938.74,OK,marrakech,Carte,LIV10,
CMD19430,CL0550,P046,2024-03-16,1,960.68,retourné,tanger,Carte,LIV1,2024-03-21
CMD35139,CL0339,P033,10/01/2024,5,756.14,retourné,casa,Carte,LIV9,2024-01-12
CMD20314,CL0183,P007,2023-08-14,4,3050.63,livre,TNG,Carte,LIV6,
CMD26530,CL0165,P010,Jul 14 2023,4,2359.92,livré,tanger,Carte,LIV5,2023-07-18
CMD22770,CL0928,P094,Oct 01 2023,2,3155.21,KO,casa,Carte,LIV9,
CMD17495,CL0172,P051,30/01/2024,3,2934.37,retourné,CASABLANCA,Carte,LIV2,2024-02-04
CMD28846,CL0265,P024,Nov 16 2023,1,4378.38,livre,TANGER,Carte,LIV5,
CMD00237,CL0427,P026,2024-02-17,5,2753.2,retourné,TNG,Carte,LIV7,2024-02-22
CMD41335,CL0455,P052,Nov 15 2023,5,4774.58,livré,TNG,Carte,LIV4,2023-11-16
CMD07416,CL0725,P042,16/02/2023,4,991.46,livré,Tnja,Carte,LIV1,2023-02-18
CMD39645,CL0298,P025,2023-08-23,2,0,OK,kech,Carte,LIV6,
CMD21050,CL0056,P085,26/09/2023,2,1424.09,OK,RBA,Carte,LIV9,
CMD17863,CL0486,P016,17/05/2023,5,979.03,livré,casa,Carte,LIV5,2023-05-18
CMD07915,CL0040,P097,May 13 2023,3,3895.28,KO,TANGER,Carte,LIV5,
CMD18787,CL0873,P034,Sep 01 2023,3,4284.08,LIVRE,kech,Carte,LIV10,2023-09-03
CMD39056,CL0120,P062,12/01/2024,1,3134.76,annulé,Tnja,Carte,LIV1,
CMD20818,CL0470,P007,2023-05-30,1,2944.74,livré,tanger,Carte,LIV3,2023-06-03
CMD08973,CL0576,P085,Oct 10 2023,2,1770.07,livré,casa,Carte,LIV5,2023-10-14
CMD01186,CL0427,P097,30/09/2023,3,1204.73,livré,Agadir,Carte,LIV6,2023-10-01
CMD04929,CL0712,P001,Aug 09 2023,1,3305.87,LIVRE,casa,Carte,LIV3,2023-08-11
CMD10021,CL0490,P068,01/02/2023,5,3965.42,KO,RBA,Carte,LIV10,
CMD21497,CL0150,P030,Mar 08 2023,4,2140.77,retourné,Tnja,Carte,LIV10,2023-03-11
CMD42708,CL0266,P031,17/02/2024,4,2129.63,livre,tanger,Carte,LIV9,
CMD28253,CL0809,P077,Feb 09 2023,3,1582.67,livré,kech,Carte,LIV1,2023-02-12
CMD10375,CL0620,P039,2023-02-11,2,4225.06,OK,CASABLANCA,Carte,LIV8,
CMD23980,CL0982,P088,2024-01-09,4,1541.34,livré,marrakech,Carte,LIV1,2024-01-13
CMD39591,CL0593,P008,2023-05-28,1,1872.47,en_cours,TANGER,Carte,LIV10,
CMD32635,CL0597,P099,Jan 23 2023,4,305.9,OK,casa,Carte,LIV4,
CMD47561,CL0917,P086,2023-03-16,1,2157.74,KO,tanger,Carte,LIV2,
CMD33378,CL0153,P054,28/02/2023,2,3835.81,OK,Agadir,Carte,LIV4,
CMD29615,CL0603,P030,2024-03-07,4,4908.44,en_cours,RBA,Carte,LIV8,
CMD38875,CL0710,P091,06/06/2023,5,4753.43,OK,kech,Carte,LIV6,
CMD35094,CL0387,P024,2023-03-09,4,55.38,livré,Tnja,Carte,LIV8,2023-03-10
CMD22544,CL0239,P065,10/05/2023,4,3482.92,annulé,marrakech,Carte,LIV6,
CMD28355,CL0759,P063,Aug 26 2023,4,1734.89,livré,tanger,Carte,LIV9,2023-08-28
CMD25927,CL0129,P055,May 16 2023,1,4064.16,KO,Tnja,Carte,LIV4,
CMD45129,CL0972,P039,Jul 08 2023,3,695.85,livre,TNG,Carte,LIV7,
CMD19403,CL0544,P032,24/02/2024,3,0,DONE,marrakech,Carte,LIV10,2024-02-26
CMD44353,CL0863,P019,Feb 04 2023,5,508.77,DONE,Agadir,Carte,LIV2,2023-02-07
CMD18645,CL0594,P056,2023-02-28,5,2952.02,retourné,RBA,Carte,LIV9,2023-03-05
CMD29877,CL0156,P006,Apr 19 2024,4,1904.35,retourné,TANGER,Carte,LIV2,2024-04-21
CMD34224,CL0311,P014,2023-01-29,1,2403.71,en_cours,marrakech,Carte,LIV4,
CMD23507,CL0792,P031,06/03/2024,2,945.21,en_cours,kech,Carte,LIV4,
CMD35529,CL0896,P080,2023-03-27,2,2081.22,retourné,TNG,Carte,LIV9,2023-04-01
CMD29212,CL0110,P059,14/06/2023,2,381.13,en_cours,tanger,Carte,LIV6,
CMD12710,CL0251,P005,Aug 18 2023,4,3973.73,en_cours,tanger,Carte,LIV9,
CMD37349,CL0865,P073,2023-02-06,1,4955.83,LIVRE,TANGER,Carte,LIV1,2023-02-11
CMD35971,CL0778,P090,02/06/2023,2,1070.79,livré,RBA,Carte,LIV6,2023-06-04
CMD31354,CL0677,P002,2023-09-21,3,97.06,en_cours,TANGER,Carte,LIV6,
CMD18364,CL0909,P003,01/12/2023,4,3486.68,annulé,TNG,Carte,LIV2,
CMD08267,CL0762,P023,2024-02-17,3,274.52,livré,Agadir,Carte,LIV8,2024-02-21
CMD35523,CL0361,P050,2024-04-15,4,2528.25,DONE,CASABLANCA,Carte,LIV2,2024-04-19
CMD33660,CL0512,P027,23/11/2023,3,4189.56,annulé,casa,Carte,LIV1,
CMD27233,CL0025,P030,Aug 31 2023,2,3558.82,retourné,casa,Carte,LIV1,2023-09-04
CMD34095,CL0074,P058,20/04/2023,1,831.5,livré,Tnja,Carte,LIV5,2023-04-21
CMD28215,CL0993,P009,13/09/2023,5,4870.99,livré,kech,Carte,LIV10,2023-09-15
CMD32204,CL0598,P042,2024-01-13,1,1007.16,livré,tanger,Carte,LIV2,2024-01-18
CMD02441,CL0989,P085,2024-02-24,5,357.48,KO,TANGER,Carte,LIV10,
CMD45028,CL0934,P007,2023-06-03,2,4681.81,livré,Agadir,Carte,LIV2,2023-06-04
CMD17251,CL0867,P070,27/10/2023,3,1888.61,livré,marrakech,Carte,LIV7,2023-10-28
CMD05941,CL0302,P082,2023-07-14,5,847.79,KO,Tnja,Carte,LIV10,
CMD08287,CL0076,P071,2023-02-07,4,1210.88,OK,Tnja,Carte,,
CMD23449,CL0214,P072,21/04/2023,3,3404.01,livré,RBA,Carte,LIV7,2023-04-25
CMD07069,CL0667,P070,14/02/2024,4,3540.83,KO,Agadir,Carte,LIV9,
CMD39490,CL0230,P083,06/05/2024,2,3810.92,OK,Tnja,Carte,LIV10,
CMD32018,CL0045,P004,08/02/2023,2,2452.03,livre,CASABLANCA,Carte,,
CMD04260,CL0548,P086,Apr 23 2024,2,4802.5,KO,Agadir,Carte,LIV3,
CMD21801,CL0823,P020,01/02/2024,5,4274.34,livré,RBA,Carte,LIV9,2024-02-06
CMD01354,CL0116,P015,Mar 20 2023,-1,3092.39,annulé,CASABLANCA,Carte,LIV4,
CMD02046,CL0705,P001,27/04/2023,5,2672.36,LIVRE,Tnja,Carte,LIV4,2023-05-01
CMD19100,CL0777,P061,Mar 19 2023,5,4019.6,DONE,casa,Carte,LIV8,2023-03-22
CMD14169,CL0803,P054,12/02/2024,2,3226.1,LIVRE,CASABLANCA,Carte,LIV9,2024-02-17
CMD37441,CL0317,P076,2024-05-05,4,4504.86,KO,Agadir,Carte,LIV9,
CMD25287,CL0101,P015,Aug 01 2023,5,3540.18,KO,kech,Carte,LIV4,
CMD09059,CL0204,P048,2023-10-31,1,3175.12,livré,RBA,Carte,LIV2,2023-11-03
CMD24578,CL0368,P045,2023-04-11,5,0,livré,Tnja,Carte,,2023-04-12
CMD07469,CL0764,P078,Jan 23 2024,2,3387.5,LIVRE,TANGER,Carte,LIV2,2024-01-27
CMD30850,CL0037,P026,29/11/2023,2,3013.85,livré,Agadir,Carte,,2023-12-03
CMD29552,CL0738,P024,2023-09-02,1,706.14,DONE,CASABLANCA,Carte,LIV8,2023-09-06
CMD41595,CL0475,P033,14/04/2024,2,3104.11,livré,TANGER,Carte,LIV2,2024-04-16
CMD22957,CL0058,P021,09/11/2023,5,68.31,annulé,tanger,Carte,LIV3,
CMD11564,CL0615,P047,2023-04-03,4,1966.17,livré,TANGER,Carte,LIV9,2023-04-06
CMD03755,CL0482,P041,2023-05-23,5,3202.93,livré,casa,Carte,LIV7,2023-05-26
CMD01829,CL0122,P035,2024-03-17,1,2063.38,livré,kech,Carte,LIV10,2024-03-22
CMD48327,CL0410,P060,07/10/2023,5,746.86,livre,Agadir,Carte,LIV10,
CMD48346,CL0020,P041,13/07/2023,3,382.33,retourné,Tnja,Carte,LIV10,2023-07-16
CMD36752,CL0026,P092,29/10/2023,1,3240.25,retourné,CASABLANCA,Carte,LIV9,2023-10-31
CMD22792,CL0432,P067,12/09/2023,5,3620.29,livre,Tnja,Carte,LIV2,
CMD36016,CL0286,P095,Mar 10 2024,1,196.18,livré,kech,Carte,LIV4,2024-03-11
CMD41573,CL0127,P052,Mar 21 2023,1,3354.71,retourné,kech,Carte,LIV4,2023-03-22
CMD08517,CL0577,P003,2023-03-13,3,505.85,LIVRE,Tnja,Carte,LIV2,2023-03-18
CMD06384,CL0386,P093,Jun 08 2023,4,4125.83,LIVRE,casa,Carte,LIV2,2023-06-12
CMD22739,CL0581,P067,2023-05-12,2,1211.67,livré,Agadir,Carte,,2023-05-16
CMD40267,CL0549,P021,2024-02-24,1,695.15,LIVRE,Agadir,Carte,LIV6,2024-02-28
CMD08264,CL0086,P013,22/04/2024,5,4761.51,LIVRE,tanger,Carte,LIV7,2024-04-25
CMD11120,CL0231,P017,2023-09-11,5,1333.16,livré,CASABLANCA,Carte,LIV5,2023-09-12
CMD30805,CL0671,P006,2023-02-25,3,3896.59,LIVRE,TNG,Carte,LIV9,2023-02-27
CMD37203,CL0976,P039,07/01/2023,3,1354.18,DONE,TANGER,Carte,LIV1,2023-01-12
CMD02205,CL0592,P012,06/02/2024,2,1916.4,livré,tanger,Carte,LIV1,2024-02-11
CMD20467,CL0562,P096,2023-07-13,5,3416.96,annulé,Agadir,Carte,LIV10,
CMD03530,CL0684,P092,2024-02-19,5,705.95,livre,marrakech,Carte,LIV3,
CMD34421,CL0465,P080,18/01/2023,2,3620.98,retourné,marrakech,Carte,LIV8,2023-01-22
CMD38192,CL0083,P074,2023-10-23,3,87.55,livré,TNG,Carte,LIV9,2023-10-27
CMD05808,CL0533,P080,Dec 01 2023,4,4363.46,livré,Tnja,Carte,LIV7,2023-12-05
CMD40880,CL0167,P043,2024-04-05,2,811.28,en_cours,Tnja,Carte,LIV7,
CMD28079,CL0291,P033,2023-08-05,5,3787.91,OK,TNG,Carte,LIV6,
CMD36468,CL0596,P037,Apr 20 2023,4,856.68,retourné,tanger,Carte,LIV3,2023-04-24
CMD12870,CL0007,P004,24/09/2023,5,4797.23,livré,tanger,Carte,LIV5,2023-09-26
CMD19459,CL0160,P016,2023-05-22,3,3191.51,KO,TNG,Carte,LIV9,
CMD43351,CL0553,P040,Jan 26 2023,3,3506.28,DONE,kech,Carte,LIV9,2023-01-28
CMD10363,CL0144,P045,May 14 2023,3,141.39,livré,Tnja,Carte,LIV3,2023-05-17
CMD38835,CL0752,P063,Feb 15 2024,2,200.79,retourné,tanger,Carte,LIV9,2024-02-20
CMD21152,CL0329,P075,19/12/2023,4,1802.84,en_cours,kech,Carte,LIV6,
CMD23348,CL0071,P023,Apr 07 2023,5,970.17,livré,tanger,Carte,LIV9,2023-04-12
CMD46091,CL0488,P090,2023-07-23,4,3643.51,retourné,marrakech,Carte,LIV6,2023-07-24
CMD18977,CL0725,P074,2023-07-04,2,4337.12,annulé,CASABLANCA,Carte,LIV3,
CMD45170,CL0468,P057,Jul 03 2023,3,2356.27,livré,marrakech,Carte,LIV1,2023-07-05
CMD32610,CL0186,P036,23/01/2024,3,4810.4,livre,tanger,Carte,LIV9,
CMD01822,CL0119,P098,30/09/2023,1,3390.83,KO,Tnja,Carte,LIV3,
CMD25076,CL0746,P088,Nov 07 2023,1,1947.87,OK,tanger,Carte,LIV5,
CMD46990,CL0159,P098,2023-04-30,4,560.91,retourné,Tnja,Carte,LIV2,2023-05-03
CMD15190,CL0428,P025,2023-04-10,1,2734.88,livré,TNG,Carte,LIV3,2023-04-15
CMD38497,CL0809,P013,Oct 06 2023,4,4366.26,annulé,CASABLANCA,Carte,LIV10,
CMD22986,CL0567,P070,2023-01-04,4,1697.34,KO,kech,Carte,LIV6,
CMD29967,CL0953,P022,28/08/2023,2,3342.33,retourné,Tnja,Carte,LIV6,2023-08-30
CMD17570,CL0537,P074,2023-10-09,1,2830.78,livré,tanger,Carte,LIV4,2023-10-14
CMD42528,CL0550,P052,29/09/2023,4,857.38,livré,tanger,Carte,,2023-10-04
CMD22707,CL0956,P034,2024-02-28,1,2906.11,KO,kech,Carte,LIV1,
CMD26234,CL0510,P089,2023-05-15,2,2747.49,OK,tanger,Carte,LIV1,
CMD10073,CL0692,P080,May 29 2023,1,617.08,retourné,RBA,Carte,LIV10,2023-06-03
CMD30212,CL0844,P065,Aug 13 2023,2,3055.85,livré,Tnja,Carte,LIV7,2023-08-16
CMD44120,CL0495,P094,2023-03-16,3,4992.01,livré,TNG,Carte,LIV3,2023-03-19
CMD05190,CL0345,P013,2024-04-20,1,1967.72,LIVRE,TANGER,Carte,LIV9,2024-04-23
CMD48089,CL0980,P085,2024-03-05,2,995.38,livré,kech,Carte,LIV4,2024-03-06
CMD20543,CL0108,P072,23/08/2023,4,562.15,DONE,RBA,Carte,LIV9,2023-08-26
CMD28317,CL0833,P078,Apr 05 2024,2,2215.53,OK,tanger,Carte,LIV5,
CMD26043,CL0606,P071,2023-02-03,2,3208.03,livré,casa,Carte,LIV6,2023-02-07
CMD14924,CL0813,P097,2023-09-18,2,4290.78,retourné,TNG,Carte,LIV10,2023-09-23
CMD08349,CL0823,P024,Oct 30 2023,4,349.37,livré,kech,Carte,LIV5,2023-11-04
CMD18910,CL0636,P090,Jan 03 2024,4,584.54,livré,RBA,Carte,LIV10,2024-01-05
CMD12775,CL0287,P086,2023-08-25,2,4390.3,retourné,TNG,Carte,LIV5,2023-08-26
CMD18501,CL0980,P072,Feb 23 2023,5,2021.3,livre,Agadir,Carte,LIV1,
CMD21822,CL0068,P087,2024-04-06,3,2091.67,DONE,RBA,Carte,LIV9,2024-04-07
CMD13038,CL0664,P063,28/06/2023,4,4139.4,retourné,Agadir,Carte,LIV4,2023-06-30
CMD35977,CL0685,P029,11/03/2023,5,187.68,livré,kech,Carte,,2023-03-12
CMD24775,CL0565,P020,07/05/2024,2,506.09,DONE,RBA,Carte,LIV2,2024-05-08
CMD36620,CL0134,P089,Jun 10 2023,4,1172.13,LIVRE,RBA,Carte,,2023-06-12
CMD40210,CL0795,P013,18/05/2023,5,3163.37,KO,tanger,Carte,LIV7,
CMD01610,CL0960,P046,03/11/2023,3,537.36,livré,TNG,Carte,,2023-11-06
CMD47077,CL0131,P040,Jan 21 2023,5,3766.57,LIVRE,marrakech,Carte,,2023-01-23
CMD46038,CL0500,P036,22/06/2023,2,4085.39,DONE,TANGER,Carte,LIV6,2023-06-26
CMD04104,CL0568,P043,2023-03-07,5,3957.79,LIVRE,marrakech,Carte,LIV6,2023-03-11
CMD04869,CL0065,P033,2024-01-09,5,1800.43,LIVRE,Tnja,Carte,LIV2,2024-01-11
CMD27533,CL0074,P090,2023-08-05,1,4171.69,annulé,TNG,Carte,LIV6,
CMD34323,CL0301,P063,2023-06-30,2,4310.11,retourné,Agadir,Carte,LIV6,2023-07-04
CMD34982,CL0442,P098,Nov 11 2023,4,4455.7,OK,tanger,Carte,LIV9,
CMD21204,CL0383,P091,Mar 13 2024,4,1923.69,OK,CASABLANCA,Carte,LIV7,
CMD26596,CL0709,P011,Sep 30 2023,4,3298.33,en_cours,TNG,Carte,LIV3,
CMD24164,CL0853,P075,13/02/2023,1,985.27,en_cours,TANGER,Carte,LIV6,
CMD05453,CL0575,P033,19/10/2023,3,2837.52,livré,Agadir,Carte,LIV6,2023-10-20
CMD40384,CL0525,P025,23/04/2023,3,4976.42,OK,kech,Carte,LIV7,
CMD32423,CL1000,P033,07/06/2023,4,465.71,livré,Agadir,Carte,,2023-06-10
CMD12354,CL0630,P050,Apr 23 2023,1,4475.73,retourné,TNG,Carte,LIV9,2023-04-27
CMD13977,CL0097,P004,24/02/2024,5,4091.87,retourné,marrakech,Carte,LIV5,2024-02-28
CMD04052,CL0739,P016,Mar 07 2024,2,4418.82,LIVRE,kech,Carte,LIV3,2024-03-12
CMD26176,CL0060,P059,22/10/2023,4,3364.93,annulé,marrakech,Carte,LIV6,
CMD29813,CL0947,P081,Feb 23 2023,4,4848.72,DONE,Tnja,Carte,LIV2,2023-02-26
CMD22081,CL0501,P009,2023-09-16,1,2891.56,livré,CASABLANCA,Carte,LIV10,2023-09-21
CMD23118,CL0135,P067,21/10/2023,5,4215.62,LIVRE,Agadir,Carte,LIV10,2023-10-23
CMD42006,CL0932,P030,05/10/2023,2,4590.42,OK,casa,Carte,LIV2,
CMD16468,CL0039,P004,2023-06-10,3,998.33,livré,CASABLANCA,Carte,LIV6,2023-06-12
CMD46924,CL0279,P025,30/03/2024,2,2571.4,LIVRE,TNG,Carte,LIV1,2024-04-03
CMD30702,CL0448,P037,2023-06-17,4,4441.71,retourné,RBA,Carte,LIV2,2023-06-20
CMD25361,CL0998,P045,Mar 19 2023,5,3631.21,LIVRE,CASABLANCA,Carte,LIV7,2023-03-20
CMD47312,CL0819,P014,08/04/2023,3,3489.64,OK,Tnja,Carte,LIV5,
CMD45299,CL0161,P086,Mar 06 2024,5,1743.88,LIVRE,marrakech,Carte,LIV10,2024-03-08
CMD13128,CL0272,P073,2024-03-01,3,4384.21,livré,RBA,Carte,LIV9,2024-03-04
CMD39054,CL0640,P088,19/12/2023,1,1884.65,livré,marrakech,Carte,LIV5,2023-12-24
CMD01125,CL0744,P035,22/10/2023,1,2973.8,livré,TANGER,Carte,LIV10,2023-10-25
CMD24654,CL0426,P029,Mar 02 2024,5,4626.68,DONE,RBA,Carte,LIV4,2024-03-03
CMD07044,CL0558,P099,02/12/2023,1,1853.43,livré,kech,Carte,LIV8,2023-12-07
CMD08609,CL0132,P070,Nov 15 2023,1,1776.34,livré,RBA,Carte,LIV4,2023-11-17
CMD29640,CL0074,P068,17/04/2024,5,3140.27,KO,kech,Carte,LIV2,
CMD04780,CL0717,P042,28/03/2024,1,1341.32,DONE,marrakech,Carte,LIV10,2024-03-30
CMD32578,CL0219,P021,2023-01-02,3,3710.53,annulé,marrakech,Carte,LIV7,
CMD00785,CL0185,P084,2024-04-18,2,2816.37,annulé,Agadir,Carte,LIV3,
CMD43578,CL0973,P046,02/12/2023,4,2750.55,KO,tanger,Carte,LIV2,
CMD38093,CL0142,P027,03/05/2024,4,0,livre,TANGER,Carte,LIV4,
CMD21804,CL0523,P060,Nov 27 2023,1,4218.42,annulé,tanger,Carte,LIV5,
CMD42147,CL0259,P067,2023-09-07,1,683.24,en_cours,casa,Carte,LIV6,
CMD45890,CL0427,P007,29/02/2024,4,3756.29,en_cours,CASABLANCA,Carte,LIV4,
CMD36939,CL0842,P009,2023-08-09,4,2253.46,DONE,TANGER,Carte,LIV8,2023-08-11
CMD42344,CL0168,P060,12/04/2023,2,203.34,KO,TANGER,Carte,LIV5,
CMD29714,CL0426,P063,May 27 2023,1,2165.1,retourné,Tnja,Carte,LIV6,2023-05-30
CMD34166,CL0514,P046,2023-08-20,5,4197.04,retourné,casa,Carte,LIV5,2023-08-23
CMD09782,CL0185,P023,23/04/2023,2,4427.19,en_cours,Agadir,Carte,LIV8,
CMD43679,CL0881,P059,31/10/2023,5,3306.54,DONE,Tnja,Carte,LIV4,2023-11-05
CMD17073,CL0185,P010,2023-09-15,4,2552.78,retourné,marrakech,Carte,LIV6,2023-09-17
CMD29537,CL0970,P078,2023-11-20,5,3959.61,livré,casa,Carte,LIV10,2023-11-21
CMD03506,CL0288,P095,21/05/2023,5,3020.29,OK,Tnja,Carte,LIV8,
CMD32419,CL0616,P089,30/05/2023,3,2582.56,livré,tanger,Carte,LIV1,2023-06-04
CMD08518,CL0714,P020,23/02/2024,1,2035.07,livré,Agadir,Carte,LIV8,2024-02-24
CMD47510,CL0104,P044,2024-05-14,4,182.44,LIVRE,tanger,Carte,LIV5,2024-05-18
CMD33418,CL0576,P006,21/10/2023,2,1738.86,livré,CASABLANCA,Carte,LIV10,2023-10-22
CMD20584,CL0257,P027,Apr 07 2024,5,3261.29,livré,casa,Carte,LIV8,2024-04-10
CMD33387,CL0128,P046,Sep 13 2023,2,247.41,en_cours,RBA,Carte,LIV5,
CMD48194,CL0312,P063,Apr 01 2024,2,3108.62,en_cours,marrakech,Carte,LIV10,
CMD42423,CL0823,P061,08/07/2023,3,3464.57,DONE,TNG,Carte,LIV5,2023-07-13
CMD37821,CL0112,P038,Sep 02 2023,3,3423.0,livré,RBA,Carte,LIV3,2023-09-07
CMD39960,CL0153,P055,08/10/2023,2,864.8,LIVRE,casa,Carte,LIV5,2023-10-13
CMD45623,CL0840,P080,Jul 01 2023,3,2670.38,annulé,Agadir,Carte,LIV9,
CMD22258,CL0558,P092,03/01/2024,2,2523.08,KO,RBA,Carte,LIV10,
CMD06799,CL0996,P067,2023-12-15,3,3208.39,DONE,CASABLANCA,Carte,LIV6,2023-12-19
CMD19805,CL0319,P055,2023-03-22,1,3855.24,LIVRE,Agadir,Carte,LIV7,2023-03-27
CMD24426,CL0993,P036,Jan 28 2024,4,1258.66,DONE,TANGER,Carte,LIV3,2024-02-01
CMD07441,CL0798,P016,Oct 10 2023,3,3356.58,retourné,Tnja,Carte,LIV5,2023-10-15
CMD34736,CL0998,P022,2023-04-12,-1,3482.0,retourné,marrakech,Carte,LIV8,2023-04-14
CMD31711,CL0921,P047,12/06/2023,2,517.92,livré,CASABLANCA,Carte,LIV9,2023-06-16
CMD06980,CL0007,P091,Apr 14 2024,1,3752.01,OK,Tnja,Carte,LIV1,
CMD16896,CL0138,P037,Oct 08 2023,2,3382.6,livre,TNG,Carte,LIV5,
CMD47357,CL0903,P039,09/08/2023,1,81.32,en_cours,casa,Carte,LIV1,
CMD17078,CL0883,P003,2023-03-04,4,4776.17,livre,casa,Carte,LIV6,
CMD30714,CL0868,P056,Jul 07 2023,2,4713.12,DONE,CASABLANCA,Carte,LIV6,2023-07-11
CMD46567,CL0922,P030,2023-04-09,4,690.05,annulé,RBA,Carte,LIV4,
CMD46297,CL0805,P036,13/03/2024,4,4558.72,retourné,Agadir,Carte,LIV7,2024-03-17
CMD44528,CL0009,P096,16/03/2024,2,2411.88,annulé,TNG,Carte,LIV5,
CMD16931,CL0541,P012,14/05/2023,1,3311.25,livré,Agadir,Carte,LIV7,2023-05-17
CMD24997,CL0513,P092,09/01/2024,4,3711.67,retourné,Agadir,Carte,LIV5,2024-01-13
CMD26448,CL0420,P081,Aug 18 2023,2,2741.02,en_cours,Tnja,Carte,LIV6,
CMD12264,CL0352,P072,2023-01-06,1,1189.6,OK,kech,Carte,LIV2,
CMD13703,CL0506,P083,Mar 29 2023,5,4999.34,OK,kech,Carte,LIV5,
CMD06970,CL0538,P065,Apr 07 2023,4,249.75,livré,TNG,Carte,LIV7,2023-04-09
CMD16412,CL0347,P077,30/03/2023,1,564.81,annulé,CASABLANCA,Carte,LIV9,
CMD45892,CL0213,P032,2023-11-02,1,4846.58,LIVRE,casa,Carte,LIV8,2023-11-07
CMD38655,CL0246,P083,2024-02-20,2,4456.82,DONE,TNG,Carte,LIV7,2024-02-23
CMD11531,CL0313,P084,2024-01-23,5,349.03,OK,marrakech,Carte,LIV7,
CMD42772,CL0733,P096,24/09/2023,1,2698.81,en_cours,Agadir,Carte,LIV6,
CMD06444,CL0002,P078,Jan 10 2023,5,4796.95,annulé,TANGER,Carte,LIV8,
CMD25457,CL0597,P014,2023-10-23,5,514.64,livré,Agadir,Carte,LIV3,2023-10-24
CMD23170,CL0314,P004,2023-09-02,2,3679.04,DONE,Agadir,Carte,LIV8,2023-09-07
CMD32160,CL0737,P075,2023-11-22,3,1805.06,DONE,Agadir,Carte,LIV6,2023-11-27
CMD02748,CL0437,P045,16/12/2023,1,4224.26,LIVRE,tanger,Carte,LIV7,2023-12-17
CMD33282,CL0285,P073,04/08/2023,5,0,OK,RBA,Carte,LIV8,
CMD27053,CL0484,P078,Jan 07 2023,5,1229.16,LIVRE,TNG,Carte,LIV5,2023-01-10
CMD28694,CL0234,P059,Nov 02 2023,2,312.01,KO,CASABLANCA,Carte,LIV3,
CMD45728,CL0788,P085,22/04/2024,5,3123.35,livré,TANGER,Carte,LIV4,2024-04-23
CMD47556,CL0192,P071,08/12/2023,1,1124.52,LIVRE,kech,Carte,LIV2,2023-12-09
CMD40640,CL0931,P087,2024-01-03,4,1205.67,livre,Agadir,Carte,LIV3,
CMD44218,CL0524,P095,2023-06-18,1,3271.3,annulé,RBA,Carte,LIV7,
CMD39177,CL0231,P039,2023-06-10,1,852.76,DONE,Agadir,Carte,LIV3,2023-06-12
CMD40847,CL0639,P036,16/05/2023,5,3777.53,en_cours,marrakech,Carte,LIV8,
CMD04056,CL0643,P010,2024-02-29,3,4813.39,KO,TNG,Carte,LIV9,
CMD46339,CL0014,P049,2023-10-31,-1,2073.03,livré,tanger,Carte,LIV1,2023-11-01
CMD13554,CL0321,P076,Apr 24 2023,4,419.82,DONE,TANGER,Carte,LIV1,2023-04-29
CMD33485,CL0013,P046,Dec 20 2023,3,4920.31,KO,Tnja,Carte,LIV2,
CMD00667,CL0190,P030,07/03/2023,4,3495.21,livré,Agadir,Carte,LIV4,2023-03-10
CMD21603,CL0113,P069,2024-01-27,3,2194.57,livre,marrakech,Carte,LIV3,
CMD15351,CL0669,P030,2023-08-30,3,0,livré,CASABLANCA,Carte,LIV6,2023-09-03
CMD18075,CL0105,P032,08/11/2023,4,1887.57,en_cours,kech,Carte,LIV6,
CMD07221,CL0235,P013,Jul 10 2023,1,1800.79,retourné,CASABLANCA,Carte,,2023-07-14
CMD16954,CL0281,P010,10/01/2023,1,1780.69,annulé,Agadir,Carte,LIV2,
CMD36898,CL0949,P011,2023-12-19,2,2951.05,livré,RBA,Carte,LIV10,2023-12-22
CMD15323,CL0929,P020,Apr 18 2024,1,3345.68,OK,RBA,Carte,LIV9,
CMD19497,CL0350,P099,27/11/2023,3,347.67,livré,marrakech,Carte,LIV9,2023-12-02
CMD42669,CL0219,P012,04/02/2024,5,61.52,KO,TNG,Carte,LIV5,
CMD21714,CL0700,P056,Mar 18 2023,3,1206.21,OK,TNG,Carte,LIV10,
CMD17821,CL0997,P095,Aug 18 2023,5,2282.76,livré,casa,Carte,LIV4,2023-08-20
CMD18058,CL0050,P081,2023-04-09,5,1189.03,livré,Agadir,Carte,LIV1,2023-04-11
CMD20001,CL0109,P039,11/04/2023,1,3620.17,OK,tanger,Carte,LIV5,
CMD14128,CL0275,P006,2023-03-22,3,2222.25,livré,casa,Carte,LIV7,2023-03-24
CMD17630,CL0167,P007,2024-01-26,1,2761.41,livré,marrakech,Carte,,2024-01-30
CMD31836,CL0368,P084,Jul 07 2023,4,1760.8,livre,CASABLANCA,Carte,LIV4,
CMD29181,CL0996,P015,Apr 27 2023,4,587.52,OK,RBA,Carte,LIV9,
CMD27327,CL0926,P040,16/04/2023,2,4144.3,annulé,marrakech,Carte,LIV10,
CMD39268,CL0684,P061,Aug 23 2023,1,3241.89,DONE,TNG,Carte,LIV2,2023-08-25
CMD20327,CL0887,P055,Apr 08 2024,5,747.62,retourné,TANGER,Carte,LIV2,2024-04-13
CMD05489,CL0757,P047,Feb 01 2024,2,2637.16,livre,Tnja,Carte,LIV4,
CMD00714,CL0297,P070,2023-03-05,1,2511.32,DONE,marrakech,Carte,LIV10,2023-03-06
CMD20698,CL0493,P034,26/12/2023,2,3357.85,LIVRE,CASABLANCA,Carte,LIV5,2023-12-30
CMD44499,CL0071,P014,29/12/2023,5,382.75,OK,casa,Carte,LIV4,
CMD13759,CL0459,P026,05/04/2024,2,3216.97,annulé,TNG,Carte,LIV10,
CMD32130,CL0198,P035,Nov 16 2023,4,568.64,livré,TANGER,Carte,LIV5,2023-11-18
CMD08029,CL0286,P049,Jan 16 2024,1,3745.03,retourné,TANGER,Carte,LIV4,2024-01-18
CMD37484,CL0633,P001,Mar 16 2024,4,4963.2,livré,tanger,Carte,LIV9,2024-03-20
CMD43040,CL0891,P024,04/04/2023,4,3249.72,livré,kech,Carte,LIV2,2023-04-05
CMD01398,CL0327,P054,Nov 05 2023,4,2070.21,retourné,Agadir,Carte,,2023-11-10
CMD43708,CL0459,P033,2023-03-25,1,3221.02,KO,TNG,Carte,LIV8,
CMD35796,CL0473,P049,2023-10-28,3,4837.94,livre,kech,Carte,LIV2,
CMD13912,CL0808,P001,2023-12-21,3,724.56,livré,marrakech,Carte,LIV10,2023-12-25
CMD36206,CL0553,P018,11/03/2023,3,2096.95,annulé,Tnja,Carte,LIV2,
CMD16056,CL0451,P071,2023-12-02,2,64.56,livré,tanger,Carte,LIV4,2023-12-05
CMD22720,CL0310,P077,09/09/2023,3,724.28,livré,marrakech,Carte,LIV10,2023-09-11
CMD43347,CL0430,P094,Sep 04 2023,1,4853.37,en_cours,TANGER,Carte,LIV1,
CMD17145,CL0145,P052,28/03/2024,4,0,livré,TANGER,Carte,LIV6,2024-04-02
CMD09361,CL0499,P060,15/02/2024,3,4306.29,OK,RBA,Carte,LIV2,
CMD34474,CL0693,P089,Mar 01 2024,3,4778.41,annulé,casa,Carte,LIV3,
CMD18229,CL0156,P093,08/03/2023,4,2302.21,livre,tanger,Carte,LIV10,
CMD44886,CL0662,P012,Apr 29 2023,5,1814.48,livré,casa,Carte,LIV4,2023-05-04
CMD10977,CL0403,P083,10/11/2023,3,1112.24,en_cours,TNG,Carte,LIV10,
CMD21910,CL0268,P072,2023-02-13,4,3319.27,OK,Agadir,Carte,LIV7,
CMD45410,CL0739,P081,03/12/2023,4,1574.66,retourné,casa,Carte,LIV1,2023-12-08
CMD12930,CL0998,P061,Feb 06 2024,4,4853.9,DONE,marrakech,Carte,LIV5,2024-02-07
CMD02677,CL0395,P047,Oct 21 2023,2,1505.21,en_cours,TNG,Carte,LIV2,
CMD05763,CL0619,P038,2023-02-12,1,1433.36,en_cours,tanger,Carte,LIV7,
CMD06612,CL0025,P070,2023-07-26,3,3104.64,retourné,marrakech,Carte,LIV6,2023-07-30
CMD45152,CL0923,P036,Aug 03 2023,3,2195.54,OK,RBA,Carte,LIV7,
CMD32132,CL0583,P018,2024-01-17,4,1921.81,livre,TNG,Carte,LIV6,
CMD40065,CL0369,P050,Jan 15 2024,1,2760.02,livré,marrakech,Carte,,2024-01-16
CMD15822,CL0695,P013,2023-08-21,4,1600.5,OK,RBA,Carte,LIV9,
CMD10869,CL0515,P071,01/02/2023,2,3505.1,KO,kech,Carte,LIV3,
CMD06249,CL0370,P044,Jul 15 2023,5,393.31,en_cours,TNG,Carte,LIV1,
CMD27202,CL0933,P098,May 11 2023,3,298.13,livré,CASABLANCA,Carte,LIV10,2023-05-16
CMD12934,CL0212,P049,09/05/2024,2,3147.63,en_cours,Tnja,Carte,LIV4,
CMD27839,CL0029,P067,07/03/2024,3,353.17,en_cours,tanger,Carte,LIV8,
CMD10656,CL0391,P081,Jan 22 2023,1,3286.11,livré,Tnja,Carte,,2023-01-27
CMD19917,CL0619,P041,09/06/2023,4,3212.78,en_cours,kech,Carte,LIV4,
CMD20396,CL0991,P041,Jan 26 2023,4,1881.32,livré,TNG,Carte,LIV10,2023-01-27
CMD03426,CL0952,P037,Sep 20 2023,4,4853.82,OK,casa,Carte,LIV10,
CMD06409,CL0084,P046,2024-04-06,3,0,OK,TNG,Carte,LIV6,
CMD16167,CL0777,P007,2023-07-16,2,2577.17,retourné,tanger,Carte,LIV3,2023-07-21
CMD05810,CL0561,P067,09/05/2024,3,3671.45,LIVRE,Tnja,Carte,LIV8,2024-05-12
CMD43031,CL0282,P009,Apr 03 2024,3,2709.61,retourné,TANGER,Carte,LIV7,2024-04-08
CMD15289,CL0622,P059,Jul 15 2023,3,1967.57,annulé,tanger,Carte,,
CMD31313,CL0490,P054,Mar 16 2024,5,4447.71,retourné,Tnja,Carte,LIV2,2024-03-19
CMD45305,CL0147,P057,13/05/2023,4,2264.92,OK,Tnja,Carte,LIV10,
CMD40622,CL0957,P070,26/03/2024,4,4282.01,livré,kech,Carte,,2024-03-28
CMD21322,CL0117,P085,Sep 27 2023,4,73.15,DONE,marrakech,Carte,LIV9,2023-10-02
CMD21481,CL0956,P056,2023-04-06,2,3370.38,livré,TANGER,Carte,,2023-04-08
CMD15103,CL0274,P087,06/08/2023,5,603.96,annulé,marrakech,Carte,LIV6,
CMD00736,CL0773,P030,Aug 01 2023,1,1334.67,livré,RBA,Carte,LIV4,2023-08-05
CMD44850,CL0865,P086,2024-04-24,1,486.28,annulé,TANGER,Carte,LIV4,
CMD30756,CL0747,P019,25/07/2023,1,4096.85,retourné,CASABLANCA,Carte,,2023-07-29
CMD31654,CL0342,P033,14/06/2023,1,702.17,LIVRE,Tnja,Carte,LIV5,2023-06-16
CMD47816,CL0308,P072,2024-02-09,4,4747.91,en_cours,Tnja,Carte,LIV8,
CMD13671,CL0119,P061,Mar 20 2024,4,3751.52,annulé,Agadir,Carte,LIV10,
CMD19926,CL0843,P038,2023-09-16,4,701.16,OK,tanger,Carte,LIV1,
CMD09070,CL0097,P001,Feb 27 2023,5,3574.33,livré,Agadir,Carte,LIV2,2023-03-04
CMD38169,CL0969,P097,19/09/2023,3,2594.04,annulé,Tnja,Carte,LIV9,
CMD32052,CL0390,P048,15/05/2023,3,4388.18,OK,Tnja,Carte,LIV9,
CMD40217,CL0344,P003,2023-09-18,3,364.59,LIVRE,tanger,Carte,LIV4,2023-09-22
CMD34582,CL0682,P038,2023-02-27,1,1709.17,en_cours,TNG,Carte,LIV3,
CMD37276,CL0843,P014,28/05/2023,4,2484.73,OK,tanger,Carte,LIV1,
CMD16029,CL0019,P089,2023-12-27,2,3347.2,livre,casa,Carte,LIV8,
CMD26324,CL0642,P072,Apr 30 2023,3,3325.89,retourné,casa,Carte,LIV1,2023-05-02
CMD35868,CL0066,P080,10/06/2023,3,466.85,KO,RBA,Carte,LIV9,
CMD15036,CL0452,P045,Feb 09 2023,3,1924.71,livré,Agadir,Carte,,2023-02-11
CMD05980,CL0662,P015,2023-05-20,1,4580.87,OK,marrakech,Carte,LIV9,
CMD10334,CL0110,P080,Feb 03 2023,2,3218.81,annulé,Tnja,Carte,LIV5,
CMD21425,CL0621,P043,2023-11-04,1,257.8,annulé,Agadir,Carte,LIV8,
CMD26273,CL0221,P046,Jul 26 2023,4,1426.53,annulé,Tnja,Carte,LIV7,
CMD04018,CL0772,P043,2023-06-24,5,4055.15,livré,Tnja,Carte,LIV5,2023-06-26
CMD23255,CL0114,P012,May 31 2023,2,2601.37,en_cours,Agadir,Carte,LIV7,
CMD40496,CL0143,P045,Mar 07 2024,3,1397.9,livré,Agadir,Carte,LIV8,2024-03-10
CMD04334,CL0587,P020,2023-07-11,5,1942.33,livre,RBA,Carte,LIV4,
CMD13061,CL0151,P082,Jan 11 2024,4,1108.91,en_cours,TNG,Carte,LIV9,
CMD00366,CL0367,P081,2023-11-28,4,926.75,livré,TNG,Carte,,2023-11-29
CMD20824,CL0158,P029,Mar 30 2023,1,724.95,LIVRE,TANGER,Carte,,2023-03-31
CMD03230,CL0116,P042,03/03/2024,3,3296.2,LIVRE,kech,Carte,LIV6,2024-03-08
CMD29928,CL0085,P056,Oct 02 2023,4,4772.61,en_cours,Tnja,Carte,LIV6,
CMD05059,CL0641,P099,31/07/2023,3,2566.94,retourné,Agadir,Carte,LIV6,2023-08-03
CMD32468,CL0449,P047,Feb 05 2024,5,4266.22,retourné,Agadir,Carte,LIV2,2024-02-09
CMD33601,CL0382,P033,2023-07-04,3,2844.94,DONE,marrakech,Carte,LIV3,2023-07-06
CMD17675,CL0160,P044,2023-09-24,-1,1242.85,OK,RBA,Carte,LIV6,
CMD17727,CL0147,P061,2023-09-30,2,2309.48,OK,Tnja,Carte,LIV10,
CMD10150,CL0531,P062,2023-09-15,1,3113.3,livré,kech,Carte,LIV3,2023-09-17
CMD36233,CL0422,P055,Mar 04 2023,3,2472.77,livré,Agadir,Carte,LIV10,2023-03-09
CMD01048,CL0612,P089,26/08/2023,2,859.98,en_cours,marrakech,Carte,,
CMD43933,CL0202,P097,Oct 23 2023,3,4333.23,en_cours,Agadir,Carte,LIV5,
CMD45082,CL0824,P062,11/01/2024,4,4262.78,annulé,tanger,Carte,LIV1,
CMD17538,CL0093,P046,30/05/2023,4,3813.71,retourné,TANGER,Carte,LIV3,2023-06-03
CMD12753,CL0577,P008,Mar 24 2023,4,4894.6,DONE,CASABLANCA,Carte,LIV1,2023-03-26
CMD42010,CL0583,P048,2023-04-10,5,2205.96,livré,TNG,Carte,LIV5,2023-04-11
CMD11352,CL0113,P058,06/05/2023,3,3109.81,en_cours,Agadir,Carte,LIV7,
CMD01815,CL0865,P047,Oct 16 2023,5,285.38,KO,tanger,Carte,LIV8,
CMD42422,CL0382,P044,Apr 12 2024,5,733.89,livré,tanger,Carte,LIV5,2024-04-13
CMD39908,CL0319,P078,22/04/2024,4,4207.55,annulé,CASABLANCA,Carte,LIV5,
CMD24711,CL0960,P063,26/03/2024,3,2473.54,DONE,CASABLANCA,Carte,LIV6,2024-03-30
CMD39327,CL0421,P069,06/10/2023,1,3429.49,DONE,TNG,Carte,LIV7,2023-10-09
CMD18271,CL0209,P022,Mar 04 2024,2,2549.79,livré,Agadir,Carte,LIV4,2024-03-06
CMD02098,CL0137,P022,20/02/2023,1,1538.75,livré,marrakech,Carte,,2023-02-23
CMD18461,CL0558,P058,2023-10-09,4,3885.81,livré,TANGER,Carte,LIV2,2023-10-14
CMD23734,CL0537,P040,Apr 27 2024,2,3470.43,livre,RBA,Carte,LIV5,
CMD13995,CL0341,P091,2023-11-02,2,4128.57,livré,Agadir,Carte,LIV2,2023-11-06
CMD10597,CL0873,P074,01/04/2024,3,4494.04,livré,TNG,Carte,LIV4,2024-04-03
CMD11739,CL0342,P097,Feb 24 2023,3,110.82,LIVRE,marrakech,Carte,LIV7,2023-02-25
CMD46108,CL0505,P059,2023-12-23,1,2376.26,livre,Tnja,Carte,,
CMD11933,CL0420,P012,2023-03-06,3,2523.31,livré,Tnja,Carte,LIV10,2023-03-08
CMD42109,CL0953,P022,23/11/2023,3,3546.47,OK,Agadir,Carte,LIV7,
CMD03704,CL0130,P033,2023-01-21,1,3467.94,livré,CASABLANCA,Carte,LIV8,2023-01-24
CMD05947,CL0888,P005,Mar 16 2024,4,1664.09,livré,TNG,Carte,LIV3,2024-03-19
CMD02355,CL0880,P067,24/08/2023,3,2825.39,livré,TANGER,Carte,LIV8,2023-08-28
CMD20345,CL0084,P025,2023-03-01,2,243.88,annulé,RBA,Carte,LIV8,
CMD27191,CL0500,P002,2023-06-02,1,285.62,livré,casa,Carte,LIV8,2023-06-05
CMD07006,CL0162,P086,Mar 27 2023,5,3291.92,livré,tanger,Carte,,2023-04-01
CMD40748,CL0007,P095,2023-04-15,5,1823.81,DONE,CASABLANCA,Carte,LIV9,2023-04-18
CMD31925,CL0520,P073,Apr 11 2024,1,3998.64,livré,TNG,Carte,LIV4,2024-04-16
CMD46605,CL0442,P025,19/08/2023,1,139.25,livré,Tnja,Carte,,2023-08-23
CMD13095,CL0095,P009,Feb 09 2024,5,3890.54,OK,tanger,Carte,LIV4,
CMD22573,CL0932,P059,Feb 13 2023,2,2526.25,livré,Tnja,Carte,LIV2,2023-02-18
CMD39617,CL0955,P056,2023-03-12,3,4641.44,retourné,Agadir,Carte,LIV1,2023-03-15
CMD03701,CL0465,P046,Aug 01 2023,5,2679.12,OK,marrakech,Carte,LIV10,
CMD34574,CL0142,P010,2023-11-20,3,1141.28,livré,tanger,Carte,LIV2,2023-11-23
CMD21243,CL0156,P044,11/02/2024,2,477.78,retourné,CASABLANCA,Carte,LIV10,2024-02-14
CMD26854,CL0411,P060,Sep 01 2023,4,606.76,livré,tanger,Carte,LIV10,2023-09-03
CMD15295,CL0085,P089,Feb 10 2023,3,853.15,annulé,casa,Carte,LIV8,
CMD13747,CL0296,P064,May 14 2023,1,2423.92,OK,TANGER,Carte,LIV3,
CMD06854,CL0638,P021,2023-11-28,3,3895.08,DONE,kech,Carte,LIV2,2023-12-03
CMD24130,CL0183,P032,07/06/2023,1,4908.46,livré,RBA,Carte,LIV6,2023-06-12
CMD01723,CL0351,P066,2023-01-04,4,4936.02,livré,tanger,Carte,LIV2,2023-01-05
CMD23645,CL0212,P006,Nov 05 2023,5,2946.04,KO,TANGER,Carte,LIV4,
CMD26013,CL0691,P099,2023-05-30,2,3898.04,LIVRE,casa,Carte,LIV1,2023-05-31
CMD23830,CL0416,P067,2023-11-24,4,3150.36,retourné,casa,Carte,LIV1,2023-11-26
CMD08491,CL0199,P047,2024-03-12,2,2974.75,LIVRE,RBA,Carte,LIV9,2024-03-17
CMD34369,CL0124,P078,Mar 18 2023,3,2130.05,LIVRE,Agadir,Carte,LIV5,2023-03-19
CMD10022,CL0123,P008,19/11/2023,4,3958.87,en_cours,Tnja,Carte,,
CMD11358,CL0013,P087,22/08/2023,2,2744.08,LIVRE,Tnja,Carte,LIV4,2023-08-26
CMD09110,CL0022,P045,09/01/2023,2,3195.94,annulé,tanger,Carte,LIV3,
CMD19792,CL0716,P024,2023-05-31,3,2247.47,LIVRE,marrakech,Carte,LIV8,2023-06-02
CMD29349,CL0107,P011,Jan 04 2023,2,4708.21,livré,CASABLANCA,Carte,LIV9,2023-01-08
CMD17416,CL0514,P073,Apr 22 2023,4,3138.75,en_cours,marrakech,Carte,LIV10,
CMD43203,CL0703,P028,Jan 17 2024,5,214.45,en_cours,casa,Carte,,
CMD40123,CL0485,P091,2024-02-19,5,677.66,en_cours,kech,Carte,LIV5,
CMD18086,CL0666,P036,2023-08-08,5,4380.78,annulé,kech,Carte,LIV2,
CMD42634,CL0425,P014,May 15 2024,2,2478.44,retourné,RBA,Carte,LIV4,2024-05-19
CMD21906,CL0373,P030,Feb 11 2024,4,4775.05,livré,CASABLANCA,Carte,LIV6,2024-02-12
CMD39111,CL0083,P031,2024-03-13,2,3735.3,DONE,marrakech,Carte,LIV1,2024-03-16
CMD35773,CL0711,P075,2024-03-26,4,2894.15,livré,TNG,Carte,LIV2,2024-03-31
CMD03847,CL0919,P042,2023-08-21,5,4553.8,livré,TANGER,Carte,LIV10,2023-08-24
CMD20797,CL0888,P018,04/04/2024,1,536.31,annulé,TANGER,Carte,LIV8,
CMD30667,CL0725,P061,2023-05-24,5,2972.75,livré,RBA,Carte,LIV10,2023-05-26
CMD04246,CL0851,P005,2023-09-23,5,4230.24,DONE,tanger,Carte,LIV6,2023-09-27
CMD02249,CL0239,P004,2024-04-19,4,2876.67,livré,TNG,Carte,LIV4,2024-04-21
CMD09029,CL0412,P010,Jun 18 2023,1,2393.42,livré,RBA,Carte,LIV4,2023-06-20
CMD07742,CL0249,P095,Apr 13 2023,5,4684.16,livré,casa,Carte,LIV5,2023-04-14
CMD13772,CL0165,P023,Nov 20 2023,5,2572.36,LIVRE,tanger,Carte,,2023-11-24
CMD24752,CL0448,P062,Jun 12 2023,1,4358.53,retourné,TANGER,Carte,LIV7,2023-06-16
CMD01226,CL0322,P044,2024-02-17,4,688.06,livré,marrakech,Carte,LIV5,2024-02-20
CMD18817,CL0038,P050,06/08/2023,5,632.63,livré,marrakech,Carte,LIV2,2023-08-09
CMD11663,CL0668,P034,26/11/2023,4,671.13,LIVRE,tanger,Carte,LIV5,2023-11-30
CMD33164,CL0165,P029,07/02/2023,4,4324.69,retourné,RBA,Carte,LIV9,2023-02-08
CMD07165,CL0077,P021,2023-03-02,3,4151.58,annulé,casa,Carte,LIV4,
CMD30535,CL0786,P026,Jan 06 2023,1,228.06,KO,CASABLANCA,Carte,LIV3,
CMD43940,CL0402,P048,2023-01-28,1,4900.77,DONE,Agadir,Carte,LIV5,2023-01-30
CMD18789,CL0604,P064,Apr 27 2024,1,3661.28,en_cours,marrakech,Carte,LIV8,
CMD23928,CL0044,P085,2024-05-13,4,1915.65,DONE,Tnja,Carte,LIV10,2024-05-15
CMD41018,CL0710,P043,Feb 22 2024,1,3329.68,livré,Tnja,Carte,LIV9,2024-02-25
CMD14572,CL0500,P039,2024-05-13,1,695.95,annulé,CASABLANCA,Carte,LIV3,
CMD17639,CL0853,P094,2023-04-28,5,4384.46,OK,marrakech,Carte,LIV4,
CMD44669,CL0751,P037,2023-12-22,1,3831.14,OK,marrakech,Carte,LIV3,
CMD03345,CL0674,P052,Sep 30 2023,5,734.26,retourné,Agadir,Carte,LIV7,2023-10-02
CMD24366,CL0457,P003,2023-09-28,4,3393.51,annulé,kech,Carte,LIV7,
CMD13465,CL0006,P030,22/03/2024,5,2072.76,DONE,RBA,Carte,LIV5,2024-03-23
CMD47543,CL0193,P018,23/06/2023,1,456.63,livré,casa,Carte,LIV3,2023-06-27
CMD33997,CL0356,P079,2023-04-21,3,0,livré,casa,Carte,LIV6,2023-04-22
CMD31912,CL0064,P009,2024-04-24,2,3668.44,livré,kech,Carte,LIV2,2024-04-28
CMD40877,CL0919,P010,Aug 31 2023,5,1862.33,livré,Agadir,Carte,LIV9,2023-09-04
CMD32173,CL0434,P053,2023-04-08,5,1443.97,livré,kech,Carte,LIV3,2023-04-09
CMD17876,CL0498,P088,2023-09-15,3,2767.03,en_cours,kech,Carte,LIV3,
CMD11382,CL0367,P052,2024-02-22,1,4735.77,livré,marrakech,Carte,LIV1,2024-02-26
CMD42709,CL0647,P032,2023-05-24,2,2264.53,livré,Agadir,Carte,LIV8,2023-05-29
CMD01428,CL0485,P040,Jan 20 2023,3,837.36,KO,kech,Carte,LIV1,
CMD18766,CL0587,P007,2023-09-17,1,1655.91,KO,CASABLANCA,Carte,LIV5,
CMD03686,CL0131,P056,08/05/2023,5,2820.37,annulé,CASABLANCA,Carte,LIV10,
CMD45692,CL0139,P037,06/05/2024,2,1404.73,OK,CASABLANCA,Carte,LIV3,
CMD13602,CL0094,P011,11/11/2023,5,4934.46,livré,marrakech,Carte,LIV10,2023-11-13
CMD30370,CL0982,P093,2023-08-17,5,4081.72,KO,marrakech,Carte,LIV10,
CMD37528,CL0968,P035,Dec 22 2023,3,3953.28,annulé,RBA,Carte,LIV10,
CMD34049,CL0122,P009,2023-02-21,1,1118.78,LIVRE,marrakech,Carte,LIV6,2023-02-22
CMD17484,CL0915,P078,Aug 09 2023,5,3674.97,livré,TNG,Carte,LIV5,2023-08-12
CMD27059,CL0205,P049,2024-03-13,3,1577.76,KO,marrakech,Carte,LIV5,
CMD19939,CL0784,P054,2023-09-27,4,1456.55,livré,casa,Carte,LIV7,2023-09-30
CMD16538,CL0383,P019,2024-01-26,2,2122.01,retourné,TANGER,Carte,LIV2,2024-01-31
CMD27664,CL0393,P009,22/11/2023,5,4792.33,OK,casa,Carte,LIV6,
CMD25070,CL0625,P038,2023-10-12,4,1392.73,OK,TNG,Carte,LIV6,
CMD10989,CL0930,P034,Jun 30 2023,1,4856.96,en_cours,tanger,Carte,LIV1,
CMD02932,CL0635,P018,May 03 2024,1,2596.59,livré,TNG,Carte,LIV10,2024-05-06
CMD06486,CL0129,P045,Aug 02 2023,5,272.75,livré,tanger,Carte,LIV3,2023-08-07
CMD23766,CL0951,P062,27/04/2024,3,4754.02,en_cours,RBA,Carte,LIV4,
CMD04562,CL0632,P097,Mar 27 2024,5,2812.18,livré,RBA,Carte,LIV4,2024-03-28
CMD29268,CL0294,P022,24/08/2023,4,3206.92,retourné,Agadir,Carte,LIV7,2023-08-27
CMD09680,CL0268,P071,17/04/2024,3,298.6,KO,casa,Carte,LIV2,
CMD02466,CL0750,P081,04/07/2023,4,198.88,en_cours,Tnja,Carte,LIV10,
CMD19809,CL0014,P059,Jan 03 2024,5,1438.88,livré,RBA,Carte,LIV6,2024-01-05
CMD23460,CL0805,P090,Apr 15 2023,3,2488.71,OK,TANGER,Carte,LIV9,
CMD32076,CL0259,P026,Jul 24 2023,1,1825.89,DONE,Tnja,Carte,,2023-07-27
CMD07442,CL0581,P082,2023-09-14,2,2627.9,KO,RBA,Carte,LIV2,
CMD37325,CL0955,P018,Feb 12 2023,1,4523.34,livré,TNG,Carte,LIV1,2023-02-17
CMD18226,CL0685,P046,Jun 26 2023,3,60.66,livré,casa,Carte,LIV6,2023-06-27
CMD23435,CL0927,P058,2024-01-08,2,2963.82,DONE,marrakech,Carte,LIV8,2024-01-10
CMD32683,CL0450,P097,13/11/2023,4,4543.71,LIVRE,CASABLANCA,Carte,LIV7,2023-11-14
CMD34542,CL0674,P022,2024-05-09,1,1191.66,LIVRE,casa,Carte,LIV9,2024-05-10
CMD08695,CL0667,P010,03/05/2023,3,3245.08,annulé,tanger,Carte,LIV5,
CMD40848,CL0382,P061,08/05/2024,5,4513.12,livré,casa,Carte,LIV10,2024-05-11
CMD02734,CL0173,P018,06/03/2023,1,1630.63,retourné,RBA,Carte,LIV2,2023-03-08
CMD40077,CL0311,P057,07/05/2023,5,2189.48,DONE,kech,Carte,,2023-05-08
CMD43265,CL0487,P024,Jan 30 2023,1,2968.55,KO,casa,Carte,LIV7,
CMD20072,CL0669,P039,19/09/2023,2,885.61,retourné,kech,Carte,LIV3,2023-09-23
CMD01390,CL0092,P076,Jun 13 2023,3,4895.95,retourné,RBA,Carte,LIV3,2023-06-15
CMD19659,CL0691,P009,08/01/2023,5,4527.36,OK,Tnja,Carte,LIV3,
CMD03777,CL0312,P059,2023-03-09,5,3041.04,retourné,tanger,Carte,LIV9,2023-03-13
CMD32585,CL0702,P090,2023-11-11,4,548.25,livré,TNG,Carte,LIV2,2023-11-14
CMD37270,CL0159,P046,17/03/2023,1,3077.79,OK,TANGER,Carte,LIV3,
CMD16162,CL0523,P095,Apr 05 2023,3,3178.21,DONE,Agadir,Carte,LIV4,2023-04-07
CMD01326,CL0012,P036,2024-05-15,3,2401.97,DONE,Tnja,Carte,LIV1,2024-05-17
CMD28934,CL0923,P037,Apr 03 2023,1,681.91,DONE,tanger,Carte,LIV9,2023-04-04
CMD38959,CL0429,P056,11/02/2023,3,3304.29,livré,TNG,Carte,LIV4,2023-02-13
CMD46487,CL0134,P057,May 08 2023,5,3901.89,DONE,Agadir,Carte,LIV3,2023-05-13
CMD01415,CL0471,P064,Feb 14 2023,1,4560.97,annulé,marrakech,Carte,LIV3,
CMD47872,CL0918,P003,19/03/2024,2,492.74,livré,casa,Carte,LIV4,2024-03-21
CMD21250,CL0151,P090,07/05/2023,4,1021.24,livré,casa,Carte,,2023-05-08
CMD06062,CL0363,P050,2023-05-19,2,4411.7,OK,tanger,Carte,LIV5,
CMD22326,CL0766,P027,2023-10-18,1,4542.24,KO,Tnja,Carte,LIV4,
CMD31572,CL0075,P063,2023-01-30,4,2332.21,livré,casa,Carte,LIV3,2023-02-02
CMD36717,CL0301,P007,May 03 2024,4,322.68,KO,casa,Carte,LIV2,
CMD18930,CL0208,P050,2024-01-27,3,2900.84,livre,kech,Carte,LIV7,
CMD20363,CL0500,P083,29/05/2023,2,2030.02,livre,kech,Carte,LIV3,
CMD30614,CL0438,P071,09/03/2023,5,2110.32,DONE,Tnja,Carte,LIV2,2023-03-12
CMD28553,CL0089,P019,Jan 18 2023,2,4517.99,retourné,kech,Carte,LIV6,2023-01-21
CMD37437,CL0282,P094,2024-01-11,4,4658.15,retourné,marrakech,Carte,LIV3,2024-01-12
CMD46185,CL0104,P035,2023-04-25,5,4815.43,KO,Agadir,Carte,LIV10,
CMD17740,CL0268,P011,2023-02-25,4,715.71,retourné,CASABLANCA,Carte,LIV7,2023-03-02
CMD26529,CL0771,P023,2023-02-10,2,584.43,annulé,TANGER,Carte,LIV9,
CMD38246,CL0443,P003,May 08 2023,4,55.9,livré,casa,Carte,LIV9,2023-05-12
CMD26143,CL0299,P073,2024-02-14,1,379.61,retourné,RBA,Carte,LIV7,2024-02-19
CMD28768,CL0042,P046,Jun 01 2023,4,356.59,livré,kech,Carte,LIV3,2023-06-03
CMD43523,CL0683,P038,Aug 01 2023,2,387.55,OK,marrakech,Carte,LIV6,
CMD34667,CL0178,P017,Feb 01 2023,4,2637.93,livré,casa,Carte,LIV7,2023-02-03
CMD18359,CL0953,P071,Feb 16 2023,3,2905.62,OK,TNG,Carte,LIV6,
CMD09122,CL0189,P015,02/05/2023,2,2180.28,livré,Tnja,Carte,LIV7,2023-05-05
CMD20699,CL0381,P033,25/03/2024,1,4813.1,KO,TNG,Carte,LIV4,
CMD31907,CL0620,P088,19/04/2023,3,2602.03,KO,CASABLANCA,Carte,LIV6,
CMD23055,CL0998,P001,2023-05-26,5,3831.57,livré,Agadir,Carte,LIV10,2023-05-31
CMD08785,CL0206,P023,Dec 16 2023,4,3544.03,livré,kech,Carte,LIV1,2023-12-19
CMD16219,CL0156,P032,2023-11-21,5,4098.91,en_cours,Agadir,Carte,LIV7,
CMD28650,CL0383,P077,06/05/2023,3,1194.59,livré,Tnja,Carte,LIV4,2023-05-07
CMD21366,CL0815,P075,2023-06-09,1,1805.15,livré,marrakech,Carte,LIV6,2023-06-14
CMD32387,CL0015,P022,01/06/2023,1,225.13,DONE,marrakech,Carte,LIV4,2023-06-02
CMD12665,CL0755,P084,Sep 17 2023,5,1344.15,annulé,RBA,Carte,LIV8,
CMD16022,CL0358,P045,Mar 14 2024,4,892.68,annulé,RBA,Carte,LIV4,
CMD09117,CL0474,P098,14/06/2023,2,266.12,retourné,TANGER,Carte,LIV3,2023-06-15
CMD39227,CL0445,P027,Apr 26 2024,1,1367.5,DONE,TNG,Carte,LIV7,2024-04-29
CMD28924,CL0643,P095,2023-01-21,2,3851.9,livre,kech,Carte,LIV9,
CMD11467,CL0609,P090,Mar 30 2023,4,754.09,DONE,CASABLANCA,Carte,LIV6,2023-04-03
CMD44727,CL0379,P092,2023-03-16,1,3400.96,livré,casa,Carte,LIV10,2023-03-19
CMD04839,CL0118,P015,15/04/2023,1,3795.8,en_cours,kech,Carte,LIV2,
CMD11987,CL0080,P010,Aug 19 2023,1,660.49,retourné,CASABLANCA,Carte,LIV7,2023-08-20
CMD46018,CL0388,P052,03/05/2024,4,2224.06,DONE,Agadir,Carte,,2024-05-04
CMD12032,CL0098,P019,Feb 15 2023,2,3611.58,DONE,CASABLANCA,Carte,LIV6,2023-02-19
CMD33572,CL0639,P095,Mar 04 2023,3,4556.65,OK,Agadir,Carte,LIV10,
CMD16780,CL0627,P026,2024-02-04,1,1570.31,livre,tanger,Carte,,
CMD18835,CL0361,P008,Aug 17 2023,2,3631.45,annulé,kech,Carte,LIV4,
CMD39034,CL0142,P100,01/03/2024,3,2522.31,livré,Tnja,Carte,LIV5,2024-03-02
CMD27700,CL0643,P039,28/10/2023,1,4919.19,livré,marrakech,Carte,LIV6,2023-10-31
CMD24420,CL0577,P043,Jan 11 2023,5,1900.18,DONE,casa,Carte,LIV3,2023-01-14
CMD08679,CL0919,P051,16/03/2023,3,94.38,livré,kech,Carte,LIV1,2023-03-20
CMD06918,CL0739,P048,23/01/2024,3,3297.76,livre,TANGER,Carte,LIV5,
CMD20203,CL0289,P028,28/01/2023,4,499.57,OK,Agadir,Carte,LIV3,
CMD35035,CL0448,P003,2023-03-17,1,4499.93,annulé,tanger,Carte,LIV10,
CMD36994,CL0757,P051,2023-02-10,3,3922.24,en_cours,kech,Carte,LIV10,
CMD21517,CL0448,P092,28/02/2023,4,243.94,livré,casa,Carte,LIV8,2023-03-01
CMD04388,CL0573,P059,07/07/2023,5,1231.11,OK,Tnja,Carte,LIV9,
CMD08113,CL0264,P058,09/01/2023,3,0,retourné,Tnja,Carte,LIV2,2023-01-13
CMD16183,CL0260,P055,27/03/2023,2,1827.49,livre,TNG,Carte,LIV4,
CMD36073,CL0255,P065,13/01/2023,2,2731.17,livré,Tnja,Carte,,2023-01-18
CMD01840,CL0434,P067,Apr 26 2024,3,3806.43,livré,tanger,Carte,LIV6,2024-04-30
CMD21381,CL0700,P023,Dec 30 2023,5,2139.1,livré,TANGER,Carte,LIV4,2023-12-31
CMD26335,CL0737,P032,14/05/2023,2,1211.39,retourné,RBA,Carte,,2023-05-15
CMD46535,CL0490,P040,11/04/2023,5,2509.54,livré,kech,Carte,LIV2,2023-04-12
CMD48391,CL0675,P010,Feb 05 2023,5,105.73,livré,Agadir,Carte,LIV9,2023-02-07
CMD06248,CL0757,P053,Mar 24 2024,3,4262.36,KO,CASABLANCA,Carte,LIV1,
CMD12772,CL0643,P036,2023-05-16,5,3734.85,annulé,TANGER,Carte,LIV3,
CMD09155,CL0506,P061,2023-11-17,4,61.82,KO,CASABLANCA,Carte,LIV9,
CMD08883,CL0406,P045,2023-05-16,4,1037.8,livré,tanger,Carte,LIV5,2023-05-20
CMD00848,CL0422,P021,Aug 26 2023,1,2892.89,livré,tanger,Carte,LIV1,2023-08-30
CMD21716,CL0934,P065,Aug 31 2023,5,2361.36,LIVRE,TANGER,Carte,LIV10,2023-09-03
CMD44092,CL0651,P058,2023-12-06,3,2085.2,en_cours,kech,Carte,LIV10,
CMD06217,CL0068,P076,14/07/2023,3,1841.24,LIVRE,casa,Carte,LIV4,2023-07-16
CMD11054,CL0115,P078,2023-02-13,3,996.49,livré,kech,Carte,LIV1,2023-02-14
CMD46810,CL0438,P060,Oct 10 2023,5,4203.18,OK,casa,Carte,LIV4,
CMD29202,CL0094,P021,31/12/2023,1,4512.91,en_cours,TNG,Carte,LIV6,
CMD36239,CL0874,P021,2023-03-08,1,3022.96,livre,TANGER,Carte,LIV4,
CMD02743,CL0746,P003,Jul 09 2023,2,1636.91,OK,casa,Carte,LIV4,
CMD31101,CL0517,P095,Mar 09 2024,3,2028.11,OK,tanger,Carte,LIV5,
CMD45227,CL0551,P092,Apr 11 2023,3,4639.23,retourné,kech,Carte,LIV2,2023-04-12
CMD02090,CL0588,P060,Dec 14 2023,5,387.72,OK,Tnja,Carte,LIV3,
CMD08621,CL0533,P023,23/03/2024,1,2490.32,LIVRE,TANGER,Carte,LIV7,2024-03-24
CMD20521,CL0746,P090,15/12/2023,3,637.84,livre,marrakech,Carte,LIV9,
CMD22678,CL0247,P010,2023-10-03,2,4671.66,en_cours,tanger,Carte,LIV5,
CMD05422,CL0244,P036,11/10/2023,2,585.21,livre,CASABLANCA,Carte,,
CMD35371,CL0616,P083,2024-05-01,3,994.97,livre,TANGER,Carte,LIV7,
CMD00198,CL0381,P007,2023-09-16,1,154.21,retourné,tanger,Carte,LIV9,2023-09-21
CMD42236,CL0125,P018,02/05/2024,3,1052.35,LIVRE,TANGER,Carte,LIV7,2024-05-03
CMD46831,CL0759,P032,2023-11-16,1,3052.58,annulé,Tnja,Carte,LIV6,
CMD12052,CL0856,P022,Jul 01 2023,1,3402.25,livré,Tnja,Carte,LIV10,2023-07-03
CMD32394,CL0982,P089,11/04/2023,1,1324.66,OK,kech,Carte,LIV6,
CMD17393,CL0121,P095,05/07/2023,3,1880.77,annulé,RBA,Carte,LIV2,
CMD25444,CL0320,P009,21/09/2023,2,4675.37,livre,TNG,Carte,LIV7,
CMD37892,CL0373,P060,2023-10-29,1,3587.36,LIVRE,casa,Carte,LIV6,2023-10-31
CMD00979,CL0816,P041,12/02/2023,1,2924.5,LIVRE,kech,Carte,LIV1,2023-02-16
CMD05727,CL0439,P017,23/09/2023,1,4793.71,LIVRE,kech,Carte,LIV9,2023-09-25
CMD43615,CL0245,P036,Apr 19 2024,3,434.41,livre,tanger,Carte,LIV10,
CMD23427,CL0601,P002,2024-02-22,5,2645.15,annulé,Tnja,Carte,LIV5,
CMD09937,CL0382,P095,2023-02-26,1,4409.04,annulé,TANGER,Carte,LIV1,
CMD02519,CL0274,P095,05/06/2023,2,4493.94,annulé,Tnja,Carte,LIV7,
CMD38694,CL0995,P013,Jul 01 2023,5,2721.0,livré,marrakech,Carte,LIV10,2023-07-05
CMD35676,CL0213,P045,26/03/2024,3,1674.22,en_cours,Tnja,Carte,LIV6,
CMD17102,CL0751,P079,17/08/2023,4,1487.37,livré,Tnja,Carte,LIV8,2023-08-19
CMD15960,CL0022,P055,Mar 07 2023,4,3996.3,livré,kech,Carte,LIV10,2023-03-09
CMD02395,CL0929,P086,2024-02-17,5,4819.46,annulé,CASABLANCA,Carte,LIV4,
CMD27291,CL0786,P099,Apr 09 2024,4,177.67,DONE,Agadir,Carte,LIV6,2024-04-12
CMD23441,CL0738,P086,09/06/2023,3,1912.6,livre,casa,Carte,LIV10,
CMD25910,CL0869,P069,15/05/2024,1,3065.32,OK,TANGER,Carte,LIV10,
CMD02971,CL0741,P011,08/04/2023,5,2748.32,KO,RBA,Carte,LIV6,
CMD39174,CL0125,P076,Mar 26 2024,3,3138.73,KO,TNG,Carte,LIV1,
CMD31238,CL0889,P002,18/09/2023,4,2529.25,livré,kech,Carte,LIV5,2023-09-23
CMD02854,CL0735,P100,Jun 30 2023,3,484.06,annulé,kech,Carte,LIV10,
CMD17138,CL0057,P055,Jun 26 2023,2,4482.53,livré,Agadir,Carte,LIV2,2023-06-30
CMD11932,CL0109,P068,2023-05-15,2,3611.9,retourné,RBA,Carte,LIV6,2023-05-18
CMD03041,CL0007,P039,2023-07-30,1,4364.19,livré,CASABLANCA,Carte,LIV5,2023-08-03
CMD35137,CL0073,P027,29/12/2023,3,2119.23,LIVRE,kech,Carte,LIV2,2023-12-31
CMD47698,CL0273,P036,Nov 12 2023,3,4390.88,livré,RBA,Carte,LIV10,2023-11-14
CMD20949,CL0914,P026,28/01/2023,2,2449.45,annulé,kech,Carte,LIV5,
CMD12567,CL0753,P016,05/04/2023,3,2752.97,livre,TNG,Carte,LIV8,
CMD01797,CL0623,P019,Jan 28 2024,3,4034.54,livré,RBA,Carte,LIV6,2024-01-30
CMD17213,CL0674,P064,15/07/2023,3,833.45,annulé,TNG,Carte,LIV10,
CMD37543,CL0611,P031,Mar 08 2024,3,3561.93,retourné,Tnja,Carte,LIV4,2024-03-10
CMD18816,CL0479,P072,Jan 07 2024,3,4441.73,retourné,Agadir,Carte,LIV9,2024-01-11
CMD24261,CL0076,P036,Apr 11 2024,2,4583.45,LIVRE,kech,Carte,LIV8,2024-04-12
CMD10818,CL0215,P001,2024-02-04,3,1125.13,livré,Tnja,Carte,,2024-02-07
CMD38206,CL0451,P022,11/08/2023,3,539.62,livré,Tnja,Carte,LIV4,2023-08-15
CMD23608,CL0466,P045,2023-03-13,3,3698.53,livré,RBA,Carte,LIV1,2023-03-14
CMD39466,CL0752,P010,29/11/2023,1,1662.4,livre,Tnja,Carte,LIV9,
CMD07184,CL0500,P078,2023-05-21,1,101.02,retourné,RBA,Carte,LIV1,2023-05-24
CMD06186,CL0720,P010,Jul 31 2023,2,4722.36,en_cours,tanger,Carte,LIV3,
CMD36203,CL0941,P096,Mar 21 2023,3,958.84,OK,TANGER,Carte,LIV5,
CMD12780,CL0540,P060,Jan 30 2023,3,4308.56,retourné,CASABLANCA,Carte,LIV3,2023-01-31
CMD39346,CL0091,P081,Aug 21 2023,4,788.71,livre,RBA,Carte,LIV7,
CMD08291,CL0977,P052,2024-03-03,2,2055.74,LIVRE,CASABLANCA,Carte,LIV3,2024-03-07
CMD18142,CL0223,P068,2023-11-27,1,2817.01,livré,RBA,Carte,LIV5,2023-11-29
CMD11292,CL0551,P071,Feb 13 2023,4,135.9,retourné,RBA,Carte,LIV8,2023-02-18
CMD40986,CL0507,P045,May 08 2023,5,3803.17,livré,RBA,Carte,LIV2,2023-05-13
CMD04888,CL0436,P006,2024-02-13,1,459.59,livré,marrakech,Carte,LIV4,2024-02-14
CMD39331,CL0217,P053,2023-01-24,4,3792.54,KO,Agadir,Carte,LIV10,
CMD30694,CL0486,P079,Feb 24 2023,3,4969.87,DONE,casa,Carte,LIV5,2023-02-28
CMD07499,CL0658,P093,2023-08-27,1,569.83,livré,Tnja,Carte,LIV9,2023-08-31
CMD47470,CL0375,P016,2023-09-03,2,2085.35,KO,TANGER,Carte,LIV2,
CMD38464,CL0885,P084,03/08/2023,1,1638.97,KO,kech,Carte,LIV3,
CMD30065,CL0041,P032,2023-04-17,2,1031.91,livré,marrakech,Carte,LIV5,2023-04-18
CMD39444,CL0500,P082,May 25 2023,5,607.51,annulé,tanger,Carte,LIV8,
CMD01662,CL0545,P034,12/03/2023,5,727.28,LIVRE,kech,Carte,LIV7,2023-03-13
CMD20322,CL0836,P022,2023-01-05,3,4536.27,retourné,CASABLANCA,Carte,LIV4,2023-01-10
CMD00678,CL0943,P018,Feb 25 2023,3,2610.79,LIVRE,TANGER,Carte,,2023-02-26
CMD29117,CL0679,P034,2023-06-18,3,2606.14,annulé,RBA,Carte,LIV3,
CMD17703,CL0074,P090,Jun 23 2023,3,4451.19,livre,CASABLANCA,Carte,LIV2,
CMD46001,CL0569,P094,2024-04-19,5,1385.57,livré,TNG,Carte,,2024-04-21
CMD26628,CL0657,P097,07/04/2024,4,4439.6,KO,kech,Carte,LIV8,
CMD21318,CL0418,P027,Dec 03 2023,4,3437.98,KO,tanger,Carte,LIV2,
CMD06677,CL0708,P059,2023-10-15,3,2012.86,livre,CASABLANCA,Carte,LIV5,
CMD19232,CL0301,P062,Mar 15 2023,3,4627.67,DONE,TANGER,Carte,LIV10,2023-03-16
CMD36534,CL0241,P099,May 09 2024,3,3223.0,DONE,CASABLANCA,Carte,LIV1,2024-05-13
CMD31814,CL0083,P027,2023-04-07,1,3786.52,livre,RBA,Carte,LIV1,
CMD28095,CL0378,P017,06/07/2023,4,2900.3,livré,Agadir,Carte,,2023-07-07
CMD40785,CL0131,P040,25/02/2024,2,2978.95,en_cours,CASABLANCA,Carte,LIV2,
CMD01380,CL0878,P004,15/11/2023,3,3966.05,livre,tanger,Carte,LIV1,
CMD38823,CL0676,P046,2023-11-05,5,531.33,livré,tanger,Carte,LIV7,2023-11-07
CMD39878,CL0369,P014,29/01/2023,3,704.55,annulé,RBA,Carte,LIV9,
CMD24651,CL0497,P077,Feb 18 2023,2,1565.86,OK,CASABLANCA,Carte,LIV3,
CMD19407,CL0627,P040,2024-04-07,2,2417.67,OK,casa,Carte,LIV9,
CMD20800,CL0815,P064,04/10/2023,2,2088.5,annulé,marrakech,Carte,LIV8,
CMD16388,CL0207,P009,Oct 16 2023,3,230.58,en_cours,marrakech,Carte,LIV3,
CMD13226,CL0341,P007,Apr 19 2023,2,419.91,OK,TANGER,Carte,LIV8,
CMD15579,CL0424,P006,Oct 07 2023,1,4672.68,retourné,TNG,Carte,LIV5,2023-10-09
CMD20040,CL0572,P063,2023-10-14,4,4477.32,OK,RBA,Carte,LIV8,
CMD21217,CL0265,P019,06/01/2024,4,3820.03,livre,TNG,Carte,LIV6,
CMD23440,CL0743,P067,Jan 09 2023,4,3365.15,livré,Agadir,Carte,LIV3,2023-01-13
CMD14149,CL0003,P030,2023-08-05,3,3570.29,livre,TANGER,Carte,LIV4,
CMD03927,CL0577,P076,25/02/2024,-1,1201.29,KO,Tnja,Carte,LIV9,
CMD39804,CL0223,P081,15/02/2023,4,461.58,en_cours,marrakech,Carte,LIV7,
CMD48075,CL0130,P001,2023-08-27,1,4425.45,livre,tanger,Carte,,
CMD33807,CL0299,P037,14/02/2023,3,4234.95,DONE,casa,Carte,LIV1,2023-02-17
CMD27034,CL0234,P042,2023-03-12,1,3851.21,livre,Tnja,Carte,LIV7,
CMD21133,CL0135,P037,Nov 28 2023,5,2990.97,LIVRE,tanger,Carte,LIV2,2023-11-30
CMD44759,CL0548,P084,2024-03-07,1,1801.06,LIVRE,TANGER,Carte,LIV9,2024-03-08
CMD36949,CL0275,P100,07/02/2024,5,1693.15,KO,Agadir,Carte,LIV5,
CMD00096,CL0564,P072,2024-04-23,3,2209.76,en_cours,casa,Carte,LIV5,
CMD18858,CL0945,P053,2023-12-30,3,3563.31,livre,casa,Carte,LIV1,
CMD32055,CL0442,P032,Nov 28 2023,3,4974.09,en_cours,TANGER,Carte,LIV4,
CMD28049,CL0151,P013,2023-08-25,3,253.4,DONE,TNG,Carte,LIV3,2023-08-30
CMD04085,CL0589,P015,2023-01-15,4,798.32,livré,TNG,Carte,LIV10,2023-01-18
CMD29033,CL0463,P002,2023-11-10,1,1963.68,retourné,kech,Carte,LIV4,2023-11-12
CMD01781,CL0844,P065,2023-04-17,3,251.78,livre,marrakech,Carte,LIV8,
CMD09244,CL0252,P061,24/11/2023,3,122.12,DONE,casa,Carte,LIV8,2023-11-25
CMD21583,CL0946,P044,2023-01-10,1,4145.69,annulé,marrakech,Carte,LIV1,
CMD46064,CL0400,P047,2023-01-02,1,2968.9,livre,Tnja,Carte,LIV10,
CMD24579,CL0235,P052,15/02/2024,2,4971.53,annulé,marrakech,Carte,LIV2,
CMD34378,CL0178,P002,23/11/2023,2,2495.98,en_cours,TNG,Carte,LIV6,
CMD28702,CL0936,P077,15/10/2023,1,3278.37,annulé,tanger,Carte,LIV4,
CMD42050,CL0809,P023,Nov 29 2023,2,1137.66,en_cours,marrakech,Carte,LIV10,
CMD29179,CL0361,P054,2023-04-02,2,4906.24,livré,tanger,Carte,LIV8,2023-04-05
CMD06627,CL0886,P091,05/01/2023,3,3895.27,livré,RBA,Carte,LIV1,2023-01-09
CMD21683,CL0362,P016,2023-08-11,3,1538.66,retourné,Agadir,Carte,LIV2,2023-08-15
CMD18374,CL0495,P063,24/12/2023,3,228.13,annulé,Agadir,Carte,LIV8,
CMD42345,CL0954,P007,26/04/2024,5,645.19,livré,RBA,Carte,LIV4,2024-04-27
CMD12029,CL0427,P079,01/07/2023,4,3840.28,livre,marrakech,Carte,LIV2,
CMD33440,CL0323,P070,Dec 13 2023,1,524.73,annulé,RBA,Carte,LIV1,
CMD06149,CL0828,P047,22/04/2023,4,1843.15,OK,Agadir,Carte,LIV2,
CMD48297,CL0060,P080,11/08/2023,5,1164.84,en_cours,marrakech,Carte,LIV7,
CMD40159,CL0855,P043,Feb 05 2024,4,4875.15,OK,Agadir,Carte,,
CMD34173,CL0209,P074,May 11 2024,5,943.29,livré,CASABLANCA,Carte,LIV4,2024-05-12
CMD18538,CL0269,P064,19/03/2024,5,3871.56,en_cours,casa,Carte,LIV3,
CMD02880,CL0757,P002,Aug 07 2023,1,993.76,livré,TNG,Carte,LIV5,2023-08-10
CMD19192,CL0097,P037,18/02/2024,5,932.61,livre,RBA,Carte,LIV5,
CMD20333,CL0199,P017,09/01/2024,2,709.28,livré,casa,Carte,LIV7,2024-01-13
CMD28138,CL0210,P036,Mar 29 2024,4,1315.84,livre,marrakech,Carte,LIV5,
CMD04946,CL0102,P092,2023-03-24,5,4152.41,en_cours,TANGER,Carte,LIV7,
CMD28846,CL0265,P024,Nov 16 2023,1,4378.38,livre,TANGER,Carte,LIV5,
CMD16365,CL0569,P035,Jan 31 2023,3,2854.33,OK,casa,Carte,LIV9,
CMD09814,CL0140,P007,Mar 10 2024,1,3572.63,LIVRE,Agadir,Carte,LIV8,2024-03-13
CMD15938,CL0327,P099,08/06/2023,2,1117.83,livre,Agadir,Carte,LIV6,
CMD44296,CL0904,P021,14/08/2023,2,0,retourné,RBA,Carte,LIV4,2023-08-17
CMD04038,CL0445,P006,23/02/2023,1,3207.28,KO,CASABLANCA,Carte,LIV9,
CMD13307,CL0409,P083,19/03/2023,2,4017.95,annulé,Tnja,Carte,LIV7,
CMD00207,CL0984,P050,10/01/2024,3,0,livre,CASABLANCA,Carte,LIV8,
CMD44811,CL0879,P085,26/06/2023,5,1310.96,LIVRE,marrakech,Carte,,2023-06-28
CMD19912,CL0120,P001,2023-12-30,5,3022.99,DONE,marrakech,Carte,LIV8,2024-01-01
CMD27294,CL0093,P015,2023-03-07,2,4532.84,livre,TANGER,Carte,,
CMD47225,CL0179,P024,Jan 13 2023,4,3188.17,en_cours,TNG,Carte,LIV3,
CMD34444,CL0165,P038,18/12/2023,3,660.47,livré,Agadir,Carte,LIV9,2023-12-22
CMD46808,CL0185,P074,Jul 21 2023,2,3891.16,KO,Tnja,Carte,LIV2,
CMD47332,CL0846,P100,Feb 20 2023,1,4470.24,livré,TANGER,Carte,LIV4,2023-02-25
CMD30589,CL0256,P048,21/01/2024,1,596.64,livré,CASABLANCA,Carte,,2024-01-25
CMD29440,CL0952,P055,May 01 2024,2,2674.59,livré,RBA,Carte,LIV3,2024-05-03
CMD23722,CL0443,P099,Apr 25 2024,3,2524.31,LIVRE,Agadir,Carte,,2024-04-28
CMD37015,CL0281,P071,May 18 2023,5,1568.69,livre,RBA,Carte,LIV7,
CMD23146,CL0428,P057,2023-12-16,4,2733.91,livré,TANGER,Carte,LIV4,2023-12-21
CMD29750,CL0440,P069,25/01/2024,5,4023.94,livré,Agadir,Carte,LIV6,2024-01-29
CMD20961,CL0583,P095,10/01/2024,3,435.08,retourné,kech,Carte,LIV8,2024-01-14
CMD09981,CL0800,P020,19/01/2024,5,245.15,KO,TNG,Carte,LIV4,
CMD16535,CL0728,P016,06/11/2023,2,770.74,annulé,CASABLANCA,Carte,LIV1,
CMD18782,CL0863,P079,20/12/2023,2,620.54,livré,marrakech,Carte,LIV8,2023-12-22
CMD42337,CL0737,P023,2023-11-19,4,1446.3,DONE,TNG,Carte,LIV9,2023-11-24
CMD24771,CL0166,P091,Jul 05 2023,4,2939.59,DONE,tanger,Carte,LIV3,2023-07-10
CMD10968,CL0960,P068,2023-05-09,5,1400.5,livré,TANGER,Carte,LIV3,2023-05-10
CMD12444,CL0636,P012,21/11/2023,4,2625.82,annulé,Agadir,Carte,LIV9,
CMD40177,CL0517,P007,Mar 26 2024,3,3282.44,KO,casa,Carte,LIV8,
CMD30970,CL0941,P030,May 18 2023,2,4157.59,annulé,TNG,Carte,,
CMD32649,CL0224,P090,Dec 30 2023,3,4644.98,livré,RBA,Carte,,2024-01-02
CMD01303,CL0001,P017,Nov 04 2023,2,3575.1,LIVRE,TNG,Carte,LIV6,2023-11-05
CMD01527,CL0541,P007,Apr 20 2023,5,4761.09,LIVRE,casa,Carte,,2023-04-21
CMD14251,CL0153,P034,Mar 14 2024,2,3565.08,livré,tanger,Carte,LIV5,2024-03-19
CMD26308,CL0580,P087,15/01/2023,5,4316.94,KO,Agadir,Carte,LIV7,
CMD02904,CL0816,P093,Apr 10 2024,1,1370.19,retourné,CASABLANCA,Carte,LIV7,2024-04-14
CMD07611,CL0297,P064,2023-03-07,3,1448.08,retourné,casa,Carte,LIV5,2023-03-10
CMD40146,CL0205,P094,2023-03-10,4,2647.71,en_cours,RBA,Carte,LIV8,
CMD44060,CL0999,P016,25/04/2024,2,3788.65,livré,RBA,Carte,LIV10,2024-04-30
CMD07917,CL0077,P100,Apr 01 2023,5,3930.42,retourné,RBA,Carte,LIV3,2023-04-03
CMD24824,CL0309,P026,Jan 02 2024,3,0,livré,marrakech,Carte,LIV7,2024-01-07
CMD39406,CL0673,P008,04/09/2023,3,2127.12,en_cours,RBA,Carte,LIV7,
CMD00954,CL0510,P081,Jun 06 2023,5,123.2,OK,Tnja,Carte,LIV6,
CMD27762,CL0883,P009,2023-06-08,5,4750.94,livre,marrakech,Carte,LIV5,
CMD23617,CL0779,P099,01/05/2024,1,2267.1,DONE,casa,Carte,LIV5,2024-05-05
CMD24378,CL0709,P015,Jan 29 2024,5,2942.88,OK,CASABLANCA,Carte,LIV4,
CMD13399,CL0520,P023,May 13 2024,4,3516.68,KO,casa,Carte,,
CMD11771,CL0018,P092,19/03/2023,1,153.94,livré,marrakech,Carte,LIV5,2023-03-24
CMD30150,CL0831,P023,2023-10-10,4,4822.47,en_cours,RBA,Carte,LIV10,
CMD01696,CL0848,P079,2023-07-27,2,1259.27,livre,casa,Carte,LIV7,
CMD41013,CL0904,P080,May 07 2024,4,1811.83,livré,RBA,Carte,LIV3,2024-05-08
CMD17276,CL0484,P077,2024-02-05,2,4224.24,livré,kech,Carte,LIV10,2024-02-09
CMD21782,CL0640,P022,2024-01-08,2,1454.35,en_cours,tanger,Carte,LIV3,
CMD36992,CL0336,P072,16/02/2023,4,4636.45,livre,TNG,Carte,LIV4,
CMD35555,CL0376,P002,19/02/2023,5,2513.12,DONE,Tnja,Carte,LIV3,2023-02-24
CMD35090,CL0508,P020,2023-01-25,5,3634.67,livré,marrakech,Carte,LIV5,2023-01-30
CMD19534,CL0892,P096,11/08/2023,5,3044.15,annulé,CASABLANCA,Carte,LIV9,
CMD21674,CL0031,P073,Jan 16 2024,5,4045.06,OK,CASABLANCA,Carte,LIV2,
CMD43959,CL0115,P069,11/02/2023,5,2418.84,OK,RBA,Carte,LIV3,
CMD40491,CL0385,P030,Feb 08 2024,1,831.76,DONE,marrakech,Carte,,2024-02-13
CMD10671,CL0238,P100,2023-09-08,4,3125.0,livré,RBA,Carte,LIV10,2023-09-12
CMD08396,CL0144,P098,2024-01-12,1,3315.35,annulé,kech,Carte,LIV7,
CMD08342,CL0685,P095,01/03/2023,4,2161.52,KO,Tnja,Carte,LIV3,
CMD04367,CL0905,P002,Feb 17 2024,2,4619.32,DONE,tanger,Carte,LIV10,2024-02-20
CMD39488,CL0179,P055,2024-04-09,4,4216.62,livre,Tnja,Carte,LIV6,
CMD46481,CL0642,P084,26/04/2023,3,75.07,KO,casa,Carte,LIV7,
CMD31917,CL0393,P041,2023-10-07,5,4110.76,livré,marrakech,Carte,,2023-10-10
CMD16178,CL0738,P002,Jun 19 2023,5,0,livré,Tnja,Carte,LIV5,2023-06-24
CMD00933,CL0927,P040,2024-05-14,1,2427.63,en_cours,Agadir,Carte,LIV5,
CMD08127,CL0019,P009,2023-07-08,5,4050.68,en_cours,marrakech,Carte,LIV4,
CMD02427,CL0396,P009,25/06/2023,2,2158.62,KO,TANGER,Carte,LIV6,
CMD12933,CL0603,P037,2023-08-26,4,3233.94,KO,kech,Carte,LIV8,
CMD25422,CL0067,P023,18/02/2024,2,1224.72,livre,RBA,Carte,LIV8,
CMD12310,CL0556,P009,Jul 20 2023,2,530.3,en_cours,CASABLANCA,Carte,LIV3,
CMD17314,CL0711,P037,2023-10-13,2,1379.07,KO,marrakech,Carte,LIV5,
CMD45958,CL0081,P067,10/11/2023,1,2742.07,en_cours,CASABLANCA,Carte,LIV6,
CMD30296,CL0180,P061,Dec 18 2023,4,3700.16,LIVRE,marrakech,Carte,LIV2,2023-12-22
CMD43571,CL0487,P078,2024-01-08,3,1122.63,KO,TNG,Carte,LIV5,
CMD03094,CL0214,P077,2023-09-18,1,247.91,livré,RBA,Carte,LIV8,2023-09-19
CMD24571,CL0109,P072,29/03/2023,4,2719.1,annulé,TNG,Carte,LIV6,
CMD22137,CL0888,P040,2023-11-16,1,3423.86,livré,marrakech,Carte,LIV10,2023-11-18
CMD23392,CL0060,P095,Oct 28 2023,2,4359.58,annulé,Agadir,Carte,LIV4,
CMD42388,CL0556,P068,2024-05-11,4,152.61,OK,tanger,Carte,LIV5,
CMD03266,CL0604,P016,22/04/2023,1,4741.7,livré,casa,Carte,LIV5,2023-04-25
CMD28937,CL0412,P009,2023-06-16,1,3679.32,annulé,marrakech,Carte,LIV4,
CMD46204,CL0665,P041,2024-03-19,5,1719.97,livré,TANGER,Carte,LIV5,2024-03-22
CMD09987,CL0554,P089,16/02/2024,1,3996.04,OK,TNG,Carte,LIV8,
CMD18402,CL0254,P096,Aug 20 2023,3,4384.37,retourné,kech,Carte,LIV4,2023-08-24
CMD21245,CL0471,P034,13/10/2023,4,3355.33,LIVRE,RBA,Carte,LIV7,2023-10-18
CMD43983,CL0165,P079,26/11/2023,5,4147.76,OK,marrakech,Carte,LIV3,
CMD03387,CL0805,P056,Jan 13 2024,3,2569.98,annulé,tanger,Carte,LIV1,
CMD34586,CL0260,P069,2024-02-14,2,594.65,livré,Agadir,Carte,LIV1,2024-02-15
CMD21197,CL0713,P035,2023-11-30,4,2799.69,livré,CASABLANCA,Carte,LIV5,2023-12-04
CMD37222,CL0594,P073,Apr 26 2023,5,2836.26,livré,Tnja,Carte,LIV1,2023-05-01
CMD43925,CL0626,P090,16/04/2024,3,611.04,DONE,marrakech,Carte,LIV4,2024-04-18
CMD34718,CL0419,P080,2023-08-26,3,3536.53,retourné,kech,Carte,LIV1,2023-08-31
CMD02931,CL0574,P002,Jun 09 2023,5,1673.09,livre,Agadir,Carte,LIV7,
CMD37640,CL0065,P064,Oct 09 2023,4,2968.85,livré,TANGER,Carte,LIV8,2023-10-11
CMD38547,CL0792,P026,Sep 17 2023,1,920.25,livré,TANGER,Carte,LIV2,2023-09-20
CMD11289,CL0873,P039,2023-12-02,2,1081.96,en_cours,TANGER,Carte,LIV6,
CMD17619,CL0680,P024,2023-05-17,5,2331.64,retourné,casa,Carte,LIV8,2023-05-19
CMD25597,CL0298,P099,10/03/2024,1,1380.22,retourné,TNG,Carte,LIV8,2024-03-14
CMD28551,CL0290,P071,18/12/2023,5,4861.99,livré,Agadir,Carte,,2023-12-22
CMD48110,CL0114,P092,03/10/2023,2,4953.96,livré,Tnja,Carte,LIV10,2023-10-08
CMD16480,CL0418,P008,17/04/2023,1,3004.64,DONE,kech,Carte,LIV3,2023-04-18
CMD41752,CL0142,P069,02/02/2023,2,4884.67,en_cours,Agadir,Carte,LIV5,
CMD40172,CL0430,P060,2023-06-14,3,2437.29,retourné,RBA,Carte,LIV4,2023-06-15
CMD13123,CL0342,P006,2023-09-13,1,0,livré,tanger,Carte,LIV9,2023-09-15
CMD09114,CL0872,P032,2023-02-18,3,1973.27,livré,casa,Carte,LIV8,2023-02-21
CMD45832,CL0485,P016,Sep 16 2023,1,2315.63,DONE,TNG,Carte,LIV7,2023-09-17
CMD35011,CL0557,P083,2024-01-31,4,1448.76,annulé,TNG,Carte,LIV2,
CMD18251,CL0999,P034,2023-10-30,5,3127.47,OK,Agadir,Carte,LIV6,
CMD27343,CL0351,P001,Dec 28 2023,4,230.99,livre,CASABLANCA,Carte,LIV5,
CMD24330,CL0877,P095,2023-07-01,1,2122.16,livré,tanger,Carte,LIV5,2023-07-04
CMD02484,CL0060,P003,03/08/2023,3,2135.41,livré,marrakech,Carte,LIV9,2023-08-06
CMD27104,CL0843,P037,06/04/2023,5,2179.24,livré,CASABLANCA,Carte,LIV1,2023-04-08
CMD13071,CL0972,P019,Apr 07 2024,2,4334.76,retourné,Tnja,Carte,LIV8,2024-04-11
CMD08789,CL0058,P036,23/03/2023,5,4696.08,livré,TANGER,Carte,LIV2,2023-03-28
CMD27715,CL0403,P074,May 10 2023,5,3571.09,livré,marrakech,Carte,LIV7,2023-05-13
CMD11693,CL0703,P099,Jan 05 2024,1,641.3,DONE,casa,Carte,LIV5,2024-01-08
CMD10563,CL0348,P081,2023-09-22,2,991.89,retourné,TANGER,Carte,LIV10,2023-09-24
CMD16160,CL0128,P097,2023-06-03,2,986.54,DONE,TNG,Carte,LIV10,2023-06-05
CMD28182,CL0151,P072,2024-01-17,4,1716.64,livré,Agadir,Carte,,2024-01-20
CMD39217,CL0593,P038,Mar 21 2024,3,3582.0,en_cours,RBA,Carte,LIV1,
CMD00603,CL0028,P038,2023-01-29,4,1677.35,livré,RBA,Carte,LIV10,2023-01-30
CMD01110,CL0785,P093,05/02/2023,5,1320.91,livré,Agadir,Carte,LIV5,2023-02-10
CMD32252,CL0480,P091,Mar 09 2024,3,356.5,livré,kech,Carte,LIV5,2024-03-14
CMD09409,CL0716,P079,Oct 29 2023,5,2981.84,OK,TNG,Carte,LIV8,
CMD22558,CL0274,P008,2024-02-17,3,971.59,livré,TNG,Carte,LIV8,2024-02-22
CMD38998,CL0313,P014,May 16 2023,1,723.83,en_cours,TNG,Carte,LIV9,
CMD05317,CL0228,P030,2024-03-03,3,4955.59,livré,CASABLANCA,Carte,LIV3,2024-03-06
CMD23336,CL0589,P011,2023-10-27,3,3730.39,annulé,Tnja,Carte,LIV2,
CMD38814,CL0750,P044,2023-10-26,4,350.33,livré,kech,Carte,LIV8,2023-10-29
CMD40840,CL0506,P072,2023-07-13,2,1491.08,livré,RBA,Carte,LIV6,2023-07-15
CMD07276,CL0470,P013,08/01/2023,2,889.76,en_cours,CASABLANCA,Carte,LIV2,
CMD24021,CL0810,P022,2023-12-31,2,4543.62,en_cours,RBA,Carte,LIV9,
CMD15263,CL0156,P091,2023-07-03,2,766.14,annulé,TNG,Carte,LIV9,
CMD04746,CL0824,P058,19/08/2023,3,3402.95,livré,marrakech,Carte,LIV2,2023-08-24
CMD42851,CL0003,P026,Mar 09 2023,4,1833.56,annulé,tanger,Carte,LIV3,
CMD06840,CL0227,P098,Nov 03 2023,3,2795.28,LIVRE,TANGER,Carte,LIV10,2023-11-04
CMD46698,CL0663,P030,2023-08-19,2,773.58,KO,TANGER,Carte,LIV5,
CMD31282,CL0601,P044,15/04/2024,2,404.52,OK,tanger,Carte,LIV2,
CMD03085,CL0401,P001,12/05/2023,4,3464.3,livré,TANGER,Carte,LIV9,2023-05-16
CMD37242,CL0059,P078,10/02/2023,4,4390.45,en_cours,CASABLANCA,Carte,LIV3,
CMD17234,CL0468,P022,23/01/2023,1,4284.14,livre,tanger,Carte,LIV4,
CMD22268,CL0050,P062,May 11 2024,2,277.54,livré,tanger,Carte,LIV1,2024-05-16
CMD20225,CL0086,P041,Nov 03 2023,1,819.07,DONE,Tnja,Carte,LIV1,2023-11-08
CMD18503,CL0223,P082,2023-05-20,2,2984.98,DONE,Tnja,Carte,LIV3,2023-05-21
CMD00856,CL0547,P040,Dec 31 2023,3,4868.56,OK,TNG,Carte,LIV4,
CMD14584,CL0870,P004,2023-11-28,4,4502.17,livré,tanger,Carte,,2023-12-03
CMD12619,CL0517,P041,16/06/2023,3,3792.38,OK,marrakech,Carte,LIV2,
CMD44914,CL0269,P083,Jun 29 2023,5,336.94,OK,CASABLANCA,Carte,LIV10,
CMD03178,CL0892,P089,2023-01-25,2,2542.83,DONE,kech,Carte,LIV2,2023-01-29
CMD02601,CL0085,P094,Apr 18 2024,3,4411.52,OK,TANGER,Carte,LIV9,
CMD05702,CL0513,P081,2023-02-02,5,149.54,en_cours,CASABLANCA,Carte,LIV4,
CMD36960,CL0593,P075,11/05/2023,2,3332.55,OK,kech,Carte,LIV5,
CMD20211,CL0726,P013,Mar 22 2023,3,0,KO,CASABLANCA,Carte,LIV8,
CMD33142,CL0836,P036,2023-11-15,3,3010.5,annulé,kech,Carte,LIV10,
CMD43210,CL0666,P084,Nov 15 2023,-1,1455.88,OK,Tnja,Carte,,
CMD24702,CL0153,P057,2024-01-17,2,1267.22,OK,CASABLANCA,Carte,LIV8,
CMD08205,CL0605,P047,2024-01-12,2,1809.32,annulé,RBA,Carte,LIV2,
CMD31516,CL0689,P013,Jan 23 2023,5,4273.61,retourné,Agadir,Carte,LIV2,2023-01-25
CMD02661,CL0736,P038,23/10/2023,1,0,annulé,TNG,Carte,LIV9,
CMD29289,CL0996,P085,29/10/2023,1,1201.23,livré,marrakech,Carte,LIV5,2023-10-30
CMD42510,CL0094,P013,17/02/2024,2,4147.1,en_cours,TNG,Carte,LIV10,
CMD39275,CL0098,P054,Jan 15 2024,1,3587.3,en_cours,casa,Carte,LIV7,
CMD22276,CL0776,P064,24/09/2023,2,3248.11,retourné,RBA,Carte,LIV8,2023-09-28
CMD45093,CL0610,P079,2023-08-24,4,2355.47,livré,RBA,Carte,LIV6,2023-08-26
CMD42990,CL0383,P085,Dec 20 2023,2,772.36,OK,TANGER,Carte,LIV9,
CMD26799,CL0326,P002,09/01/2024,1,474.48,DONE,TANGER,Carte,LIV2,2024-01-14
CMD15850,CL0076,P092,01/12/2023,4,3354.25,livré,casa,Carte,LIV5,2023-12-06
CMD47957,CL0738,P063,2023-03-08,3,870.66,annulé,marrakech,Carte,LIV1,
CMD44510,CL0990,P066,2023-01-03,4,3682.45,livre,Tnja,Carte,LIV6,
CMD06366,CL0056,P071,Oct 23 2023,3,3457.25,retourné,Tnja,Carte,LIV3,2023-10-25
CMD05440,CL0060,P052,2024-01-01,-1,3333.78,DONE,CASABLANCA,Carte,LIV4,2024-01-05
CMD24434,CL0109,P085,2023-07-12,2,273.91,KO,tanger,Carte,LIV7,
CMD38422,CL0963,P032,10/07/2023,1,3673.24,livré,tanger,Carte,LIV9,2023-07-12
CMD14473,CL0951,P036,Jun 14 2023,5,563.78,livré,RBA,Carte,,2023-06-16
CMD33022,CL0493,P076,13/05/2024,4,2619.34,livré,casa,Carte,LIV4,2024-05-16
CMD42200,CL0714,P016,31/01/2023,1,2575.32,en_cours,RBA,Carte,LIV1,
CMD02636,CL0878,P079,2023-07-05,5,4137.15,retourné,TNG,Carte,,2023-07-06
CMD30135,CL0571,P095,10/12/2023,-1,2022.41,KO,CASABLANCA,Carte,LIV8,
CMD22347,CL0281,P071,Apr 06 2023,5,4452.85,livré,Tnja,Carte,LIV2,2023-04-07
CMD39707,CL0238,P046,02/10/2023,4,614.39,livré,marrakech,Carte,,2023-10-04
CMD02065,CL0380,P028,28/11/2023,2,756.74,livré,casa,Carte,LIV1,2023-11-29
CMD29150,CL0067,P042,07/02/2023,3,3663.06,en_cours,Tnja,Carte,LIV7,
CMD01228,CL0975,P030,2023-08-05,4,2594.74,annulé,tanger,Carte,LIV7,
CMD20820,CL0295,P072,29/05/2023,3,4148.68,OK,Agadir,Carte,LIV3,
CMD21640,CL0296,P079,Nov 17 2023,2,4942.81,livre,marrakech,Carte,LIV9,
CMD48048,CL0350,P003,May 06 2024,4,4695.88,retourné,TANGER,Carte,LIV3,2024-05-11
CMD34645,CL0026,P089,31/01/2023,2,955.58,livré,TANGER,Carte,,2023-02-01
CMD38085,CL0056,P004,26/01/2024,5,768.38,LIVRE,RBA,Carte,LIV8,2024-01-29
CMD27120,CL0288,P084,23/06/2023,2,2796.98,DONE,RBA,Carte,LIV3,2023-06-25
CMD00760,CL0132,P081,15/11/2023,2,4363.58,OK,Agadir,Carte,LIV8,
CMD31440,CL0315,P079,11/05/2023,5,1059.52,retourné,RBA,Carte,LIV4,2023-05-14
CMD10463,CL0439,P081,26/08/2023,3,4037.28,livré,marrakech,Carte,LIV1,2023-08-30
CMD15530,CL0580,P073,2023-10-09,3,1798.72,livré,casa,Carte,LIV3,2023-10-12
CMD07092,CL0348,P028,2023-06-18,1,1417.03,en_cours,CASABLANCA,Carte,LIV2,
CMD34225,CL0569,P076,Jul 23 2023,5,209.02,KO,kech,Carte,LIV9,
CMD34649,CL0824,P056,Mar 23 2023,2,1003.7,DONE,RBA,Carte,LIV10,2023-03-26
CMD46083,CL0046,P043,2023-11-01,4,884.15,KO,kech,Carte,LIV6,
CMD31661,CL0294,P089,2024-01-20,3,393.63,en_cours,RBA,Carte,LIV8,
CMD05106,CL0786,P021,28/12/2023,2,496.14,annulé,casa,Carte,LIV8,
CMD34437,CL0472,P031,2023-10-18,2,4604.55,OK,kech,Carte,LIV7,
CMD08426,CL0865,P070,06/02/2023,2,1697.66,en_cours,RBA,Carte,,
CMD08882,CL0419,P063,2024-02-21,4,2823.95,en_cours,tanger,Carte,LIV2,
CMD16590,CL0898,P014,Jul 22 2023,3,4122.86,livré,tanger,Carte,LIV7,2023-07-23
CMD34124,CL0081,P003,Mar 09 2024,3,1141.0,livré,Agadir,Carte,LIV7,2024-03-13
CMD28102,CL0824,P084,19/08/2023,4,4794.43,livré,RBA,Carte,LIV6,2023-08-23
CMD33603,CL0509,P016,2023-10-08,2,1589.79,livré,tanger,Carte,LIV8,2023-10-11
CMD25366,CL0507,P080,2024-01-01,1,3679.15,KO,TANGER,Carte,LIV4,
CMD46734,CL0012,P088,05/05/2023,2,4098.86,livré,TNG,Carte,LIV5,2023-05-06
CMD24499,CL0819,P030,27/11/2023,5,2442.08,livré,tanger,Carte,LIV1,2023-11-29
CMD26869,CL0086,P006,May 31 2023,5,3377.67,DONE,tanger,Carte,LIV10,2023-06-05
CMD18458,CL0495,P092,06/05/2023,1,592.64,annulé,TNG,Carte,LIV3,
CMD40147,CL0576,P057,03/04/2023,3,2896.99,annulé,casa,Carte,LIV10,
CMD30309,CL0365,P056,04/09/2023,2,2944.88,KO,marrakech,Carte,LIV8,
CMD07045,CL0749,P002,01/09/2023,1,4619.15,OK,Tnja,Carte,LIV6,
CMD11870,CL0309,P010,16/05/2023,5,3352.1,livre,casa,Carte,LIV3,
CMD45717,CL0059,P023,Oct 29 2023,1,1748.03,retourné,TANGER,Carte,LIV5,2023-11-01
CMD34873,CL0970,P049,13/04/2023,4,4681.87,LIVRE,Agadir,Carte,LIV8,2023-04-14
CMD40625,CL0768,P084,2023-10-30,5,3438.67,en_cours,TANGER,Carte,LIV9,
CMD36196,CL0621,P091,09/02/2023,1,2292.5,livré,Tnja,Carte,LIV1,2023-02-12
CMD37895,CL0694,P028,2024-03-27,1,4915.97,livré,TNG,Carte,LIV9,2024-03-28
CMD03635,CL0490,P015,03/05/2024,2,650.79,livré,CASABLANCA,Carte,LIV3,2024-05-08
CMD39580,CL0747,P058,Apr 12 2023,2,2547.17,retourné,casa,Carte,LIV2,2023-04-17
CMD19134,CL0540,P039,Jan 13 2024,4,2962.76,livre,kech,Carte,LIV7,
CMD00454,CL0710,P013,Mar 14 2024,5,3688.35,livre,RBA,Carte,LIV8,
CMD03310,CL0173,P020,01/03/2023,3,0,LIVRE,tanger,Carte,LIV10,2023-03-06
CMD15906,CL0370,P099,05/02/2023,1,984.21,livre,tanger,Carte,LIV6,
CMD04583,CL0755,P082,03/03/2023,2,2854.03,livré,tanger,Carte,LIV5,2023-03-08
CMD15169,CL0549,P085,06/01/2024,5,1739.0,livre,Tnja,Carte,,
CMD34775,CL0103,P085,10/10/2023,2,3295.49,KO,marrakech,Carte,LIV7,
CMD39231,CL0648,P003,24/09/2023,1,3658.45,LIVRE,casa,Carte,,2023-09-27
CMD43197,CL0389,P084,2023-05-11,5,1740.81,OK,TNG,Carte,LIV5,
CMD39921,CL0121,P073,23/01/2024,3,3890.47,livré,casa,Carte,LIV2,2024-01-25
CMD03848,CL0665,P038,2023-12-08,3,3253.37,livré,CASABLANCA,Carte,,2023-12-11
CMD12332,CL0310,P014,Jun 09 2023,4,107.4,annulé,marrakech,Carte,LIV1,
CMD43564,CL0872,P058,2023-04-03,1,2895.62,livré,CASABLANCA,Carte,LIV9,2023-04-04
CMD40750,CL0907,P071,Mar 17 2024,4,1286.45,annulé,tanger,Carte,LIV5,
CMD03285,CL0605,P010,18/11/2023,1,4487.49,DONE,TANGER,Carte,LIV9,2023-11-20
CMD01735,CL0378,P054,2024-03-11,2,2858.45,livré,kech,Carte,LIV7,2024-03-16
CMD32908,CL0337,P016,2023-09-02,1,3688.11,en_cours,casa,Carte,LIV7,
CMD40804,CL0108,P028,2023-07-24,2,3488.18,DONE,casa,Carte,LIV7,2023-07-29
CMD32187,CL0851,P035,Nov 07 2023,3,3079.36,livré,kech,Carte,LIV6,2023-11-11
CMD34144,CL0086,P036,Sep 15 2023,5,757.77,DONE,Tnja,Carte,LIV4,2023-09-17
CMD19092,CL0007,P009,11/05/2023,5,3896.19,DONE,marrakech,Carte,LIV3,2023-05-12
CMD35245,CL0654,P074,27/04/2023,4,3415.98,DONE,CASABLANCA,Carte,,2023-04-29
CMD27039,CL0950,P039,Jan 10 2024,5,1261.0,livre,RBA,Carte,LIV1,
CMD16994,CL0096,P067,2024-03-02,1,4404.92,livré,marrakech,Carte,LIV9,2024-03-04
CMD02989,CL0763,P060,Apr 17 2023,4,1205.8,annulé,TANGER,Carte,LIV3,
CMD44384,CL0457,P041,03/08/2023,5,2320.49,livre,TNG,Carte,LIV10,
CMD28960,CL0214,P004,Jan 16 2023,3,1359.33,OK,Tnja,Carte,LIV5,
CMD11131,CL0851,P083,24/11/2023,4,1095.47,annulé,marrakech,Carte,LIV8,
CMD25151,CL0379,P071,Jul 23 2023,5,2406.1,livré,CASABLANCA,Carte,LIV10,2023-07-25
CMD39841,CL0136,P065,Sep 10 2023,2,3545.06,livré,RBA,Carte,LIV10,2023-09-13
CMD19370,CL0692,P013,2023-07-02,1,4339.75,OK,Agadir,Carte,,
CMD06151,CL0136,P019,Nov 14 2023,4,434.8,en_cours,Tnja,Carte,LIV3,
CMD15353,CL0365,P048,2024-02-01,3,4731.36,en_cours,tanger,Carte,LIV1,
CMD36605,CL0513,P040,Feb 06 2024,3,149.27,KO,TANGER,Carte,LIV1,
CMD31768,CL0572,P015,Mar 24 2023,2,2375.08,livré,tanger,Carte,LIV8,2023-03-27
CMD02144,CL0481,P021,2024-04-28,5,3450.27,DONE,CASABLANCA,Carte,LIV8,2024-05-01
CMD07148,CL0141,P018,02/10/2023,2,0,retourné,kech,Carte,LIV5,2023-10-06
CMD17896,CL0564,P025,23/04/2023,2,562.72,livré,TNG,Carte,LIV4,2023-04-28
CMD25691,CL0738,P077,2024-01-28,4,533.18,annulé,Agadir,Carte,LIV7,
CMD40641,CL0901,P066,Jun 27 2023,2,1976.4,livré,TANGER,Carte,LIV7,2023-07-02
CMD24696,CL0278,P091,2023-01-06,3,4971.87,DONE,TNG,Carte,,2023-01-11
CMD23532,CL0112,P054,Nov 06 2023,2,1685.72,LIVRE,Agadir,Carte,LIV10,2023-11-09
CMD30354,CL0152,P064,06/03/2023,-1,234.71,livré,Tnja,Carte,LIV9,2023-03-07
CMD44946,CL0341,P090,Oct 25 2023,4,725.46,annulé,RBA,Carte,LIV7,
CMD15466,CL0294,P046,10/12/2023,2,2610.57,LIVRE,Tnja,Carte,LIV9,2023-12-11
CMD18759,CL0071,P076,03/02/2024,5,4301.02,livré,marrakech,Carte,LIV1,2024-02-06
CMD41167,CL0411,P009,2023-01-24,2,4048.12,livre,tanger,Carte,LIV5,
CMD20130,CL0484,P098,07/04/2024,4,290.83,en_cours,marrakech,Carte,LIV3,
CMD14465,CL0907,P015,2024-01-01,3,4665.68,annulé,CASABLANCA,Carte,LIV3,
CMD09901,CL0521,P057,2023-10-13,3,4226.28,retourné,RBA,Carte,LIV8,2023-10-14
CMD46314,CL0297,P004,2023-04-14,3,3177.15,retourné,CASABLANCA,Carte,LIV5,2023-04-18
CMD10039,CL0383,P024,Jan 13 2024,5,1932.84,LIVRE,TANGER,Carte,LIV3,2024-01-15
CMD02419,CL0375,P092,10/04/2024,1,3674.49,livré,kech,Carte,LIV9,2024-04-15
CMD33551,CL0252,P038,2023-08-20,2,3319.4,retourné,TNG,Carte,LIV6,2023-08-22
CMD32793,CL0452,P014,2023-12-31,3,531.31,livré,TNG,Carte,LIV7,2024-01-02
CMD20102,CL0771,P024,2024-03-03,5,115.72,DONE,casa,Carte,LIV7,2024-03-07
CMD29060,CL0059,P078,Feb 04 2024,1,4841.56,livré,marrakech,Carte,LIV6,2024-02-09
CMD37754,CL0106,P026,05/04/2024,4,4032.91,annulé,Agadir,Carte,LIV4,
CMD39232,CL0408,P079,Jan 17 2024,3,2088.49,livré,Agadir,Carte,LIV7,2024-01-20
CMD20602,CL0104,P073,2023-11-02,3,2438.87,OK,kech,Carte,LIV9,
CMD20695,CL0711,P085,2023-05-18,5,2240.44,livre,casa,Carte,LIV6,
CMD43434,CL0552,P058,Sep 23 2023,1,2960.04,annulé,casa,Carte,LIV4,
CMD35356,CL0602,P037,2023-01-24,1,3629.28,OK,Agadir,Carte,LIV1,
CMD16529,CL0425,P021,21/01/2024,2,1440.71,livré,Tnja,Carte,LIV8,2024-01-23
CMD22525,CL0837,P066,2024-03-27,1,2057.87,annulé,RBA,Carte,LIV2,
CMD44781,CL0093,P054,2023-05-18,1,1517.3,OK,Agadir,Carte,LIV8,
CMD14205,CL0960,P093,2023-11-20,4,820.09,retourné,casa,Carte,LIV3,2023-11-21
CMD45483,CL0935,P092,Aug 24 2023,2,1269.26,livré,Agadir,Carte,,2023-08-29
CMD19243,CL0009,P049,22/11/2023,2,0,en_cours,RBA,Carte,LIV4,
CMD31639,CL0671,P056,2023-12-20,2,4792.57,en_cours,Agadir,Carte,LIV1,
CMD47800,CL0065,P041,Feb 08 2024,3,105.04,KO,marrakech,Carte,LIV5,
CMD47571,CL0611,P086,Feb 05 2024,5,1848.2,retourné,RBA,Carte,,2024-02-10
CMD10990,CL0579,P071,19/01/2024,2,2499.87,annulé,Agadir,Carte,LIV7,
CMD13000,CL0496,P077,2023-05-07,1,3204.8,livre,Tnja,Carte,LIV6,
CMD33278,CL0965,P079,Sep 03 2023,1,0,annulé,Tnja,Carte,LIV6,
CMD08370,CL0640,P003,18/03/2023,4,0,livré,Agadir,Carte,LIV3,2023-03-22
CMD31223,CL0659,P006,01/05/2024,1,4742.7,livre,casa,Carte,LIV9,
CMD32461,CL0784,P005,Jul 23 2023,4,330.25,livré,Agadir,Carte,LIV6,2023-07-25
CMD43946,CL0045,P074,2023-02-04,3,495.18,en_cours,casa,Carte,LIV9,
CMD22063,CL0466,P073,2023-05-19,5,873.87,en_cours,marrakech,Carte,LIV4,
CMD14901,CL0031,P046,2024-04-26,5,933.74,OK,kech,Carte,LIV9,
CMD03370,CL0960,P023,2023-01-30,1,1250.48,KO,RBA,Carte,LIV4,
CMD47594,CL0996,P012,08/01/2024,1,462.4,KO,Agadir,Carte,LIV7,
CMD41796,CL0650,P077,13/06/2023,4,2885.28,KO,marrakech,Carte,LIV7,
CMD44439,CL0939,P026,2024-03-08,4,590.05,livré,Tnja,Carte,LIV4,2024-03-12
CMD09353,CL0984,P005,29/01/2024,2,178.94,OK,TANGER,Carte,LIV2,
CMD36787,CL0756,P005,2023-11-25,4,846.37,annulé,CASABLANCA,Carte,LIV10,
CMD22151,CL0771,P023,Jul 13 2023,3,4273.72,KO,tanger,Carte,LIV10,
CMD41642,CL0061,P065,Aug 18 2023,5,2431.8,annulé,Tnja,Carte,LIV1,
CMD06271,CL0003,P018,2023-09-14,2,948.73,livré,kech,Carte,LIV10,2023-09-18
CMD13520,CL0281,P054,Nov 30 2023,4,2767.01,DONE,kech,Carte,LIV6,2023-12-05
CMD33405,CL0496,P033,11/03/2023,2,4188.77,annulé,Agadir,Carte,LIV9,
CMD06665,CL0990,P048,10/04/2024,1,275.96,DONE,TANGER,Carte,LIV9,2024-04-12
CMD21532,CL0146,P059,20/03/2024,1,3353.65,annulé,casa,Carte,LIV1,
CMD16816,CL0126,P092,2023-10-18,3,4985.28,OK,kech,Carte,LIV9,
CMD14459,CL0487,P019,17/11/2023,5,1225.82,retourné,Agadir,Carte,LIV6,2023-11-19
CMD11760,CL0757,P022,Mar 18 2024,3,271.03,annulé,RBA,Carte,LIV1,
CMD15155,CL0476,P011,2023-09-20,3,4261.52,en_cours,marrakech,Carte,LIV8,
CMD12695,CL0870,P041,Mar 31 2023,2,3691.39,KO,casa,Carte,LIV8,
CMD04192,CL0281,P040,01/10/2023,2,4152.52,OK,casa,Carte,LIV1,
CMD17921,CL0333,P093,2023-09-21,3,1981.37,livre,TANGER,Carte,LIV10,
CMD02650,CL0772,P015,Sep 11 2023,1,1427.83,annulé,TANGER,Carte,LIV9,
CMD43977,CL0622,P047,19/12/2023,4,2718.33,livre,TANGER,Carte,LIV7,
CMD27147,CL0116,P001,Jun 04 2023,5,4558.48,KO,Agadir,Carte,LIV1,
CMD34256,CL0422,P045,10/04/2024,2,3338.83,DONE,casa,Carte,LIV3,2024-04-14
CMD12345,CL0306,P032,Jan 07 2023,5,4423.85,OK,casa,Carte,LIV9,
CMD06950,CL0638,P036,01/04/2023,2,1817.4,retourné,kech,Carte,LIV9,2023-04-04
CMD36432,CL0529,P092,Mar 10 2024,3,257.68,annulé,RBA,Carte,LIV10,
CMD14872,CL0387,P021,Jun 13 2023,3,135.3,livré,tanger,Carte,LIV8,2023-06-14
CMD07107,CL0355,P055,12/03/2023,1,1207.25,DONE,Tnja,Carte,LIV1,2023-03-17
CMD39438,CL0611,P011,08/08/2023,1,2288.06,livre,TNG,Carte,LIV1,
CMD47979,CL0774,P044,Nov 02 2023,2,3751.56,LIVRE,Tnja,Carte,LIV1,2023-11-07
CMD14652,CL0515,P028,Jun 18 2023,3,3772.36,DONE,CASABLANCA,Carte,LIV9,2023-06-21
CMD36025,CL0879,P071,28/07/2023,5,1857.68,livré,casa,Carte,LIV7,2023-08-02
CMD32820,CL0814,P024,2024-02-16,2,3961.48,en_cours,RBA,Carte,LIV2,
CMD42287,CL0942,P090,Oct 09 2023,2,3490.75,en_cours,tanger,Carte,,
CMD11674,CL0022,P031,2023-11-03,3,3005.94,livre,casa,Carte,LIV10,
CMD33141,CL0592,P056,10/03/2023,5,3192.55,OK,Agadir,Carte,LIV6,
CMD42426,CL0923,P015,18/02/2023,5,1557.06,livré,RBA,Carte,LIV1,2023-02-21
CMD08610,CL0305,P023,Feb 27 2024,4,2257.97,OK,RBA,Carte,LIV9,
CMD39923,CL0534,P039,13/07/2023,5,2793.49,en_cours,CASABLANCA,Carte,LIV1,
CMD08198,CL0987,P015,2023-12-17,5,3853.24,livre,CASABLANCA,Carte,LIV3,
CMD12847,CL0094,P048,23/08/2023,3,3129.26,livré,TANGER,Carte,LIV7,2023-08-28
CMD15265,CL0108,P099,28/03/2024,5,2845.98,livre,tanger,Carte,LIV1,
CMD41269,CL0633,P011,2024-04-25,3,1003.85,LIVRE,TNG,Carte,LIV4,2024-04-28
CMD33269,CL0735,P020,11/05/2023,3,4155.69,retourné,tanger,Carte,LIV2,2023-05-14
CMD42719,CL0365,P011,2023-08-12,5,4003.43,livre,TNG,Carte,LIV6,
CMD46761,CL0212,P007,02/01/2023,2,1431.86,livré,tanger,Carte,LIV2,2023-01-05
CMD19418,CL0288,P087,31/01/2023,5,65.78,en_cours,RBA,Carte,LIV3,
CMD01847,CL0466,P061,30/07/2023,1,787.15,livré,Tnja,Carte,LIV7,2023-08-02
CMD38334,CL0040,P002,Aug 09 2023,4,1436.41,livre,TANGER,Carte,LIV4,
CMD06936,CL0432,P052,2023-02-15,1,1882.88,OK,casa,Carte,LIV4,
CMD28866,CL0771,P009,2023-05-13,5,175.45,livré,RBA,Carte,LIV10,2023-05-16
CMD13303,CL0242,P010,09/06/2023,2,3308.89,LIVRE,TANGER,Carte,LIV3,2023-06-12
CMD27098,CL0597,P090,30/05/2023,2,617.47,DONE,tanger,Carte,LIV10,2023-06-04
CMD13263,CL0787,P013,19/08/2023,4,2744.59,livré,Tnja,Carte,LIV6,2023-08-20
CMD30547,CL0944,P061,2023-06-05,3,1075.7,livre,Agadir,Carte,LIV6,
CMD32002,CL0167,P025,May 19 2023,3,2036.44,en_cours,RBA,Carte,LIV2,
CMD46066,CL0175,P062,2023-03-20,5,4992.51,livre,marrakech,Carte,LIV6,
CMD13166,CL0127,P045,Apr 13 2024,5,1016.29,livré,tanger,Carte,LIV6,2024-04-17
CMD18179,CL0576,P099,2024-01-20,1,3080.84,livré,RBA,Carte,LIV7,2024-01-25
CMD17954,CL0997,P011,Jan 20 2024,1,3570.39,livré,TANGER,Carte,LIV5,2024-01-22
CMD07350,CL0818,P054,May 21 2023,4,2773.4,annulé,marrakech,Carte,LIV4,
CMD09099,CL0011,P005,2023-06-25,1,3455.28,DONE,tanger,Carte,LIV4,2023-06-29
CMD38326,CL0244,P076,2024-04-04,4,2733.4,OK,Tnja,Carte,LIV10,
CMD44515,CL0273,P079,Oct 20 2023,3,3448.06,retourné,marrakech,Carte,LIV3,2023-10-23
CMD07964,CL0639,P095,Jul 16 2023,3,1647.12,retourné,casa,Carte,,2023-07-19
CMD12039,CL0655,P057,30/04/2023,2,4645.38,KO,marrakech,Carte,,
CMD34841,CL0390,P060,2023-06-02,2,542.29,livré,TANGER,Carte,LIV3,2023-06-03
CMD40795,CL0027,P099,May 01 2024,2,0,livré,CASABLANCA,Carte,LIV9,2024-05-06
CMD34442,CL0133,P100,Mar 22 2024,1,1804.96,en_cours,TANGER,Carte,LIV1,
CMD26908,CL0099,P083,02/02/2024,2,3778.32,LIVRE,marrakech,Carte,LIV3,2024-02-03
CMD19366,CL0728,P071,26/01/2024,2,2718.92,annulé,TANGER,Carte,LIV1,
CMD05834,CL0140,P035,May 11 2024,1,4285.04,annulé,kech,Carte,LIV8,
CMD10590,CL0406,P022,2023-05-25,2,134.94,livre,kech,Carte,LIV2,
CMD35447,CL0586,P002,2023-10-03,5,2452.62,LIVRE,CASABLANCA,Carte,LIV10,2023-10-07
CMD16385,CL0278,P094,05/12/2023,1,401.84,KO,TNG,Carte,LIV8,
CMD17827,CL0160,P048,Feb 29 2024,5,3354.51,OK,tanger,Carte,LIV4,
CMD42695,CL0274,P073,14/03/2024,2,2471.42,livré,CASABLANCA,Carte,LIV6,2024-03-19
CMD42845,CL0339,P092,2023-08-13,2,2321.08,LIVRE,Tnja,Carte,LIV9,2023-08-15
CMD00577,CL0822,P072,Apr 07 2023,5,367.1,livré,tanger,Carte,LIV8,2023-04-11
CMD29353,CL0850,P028,26/09/2023,2,1723.88,retourné,Agadir,Carte,LIV4,2023-09-28
CMD29259,CL0646,P072,22/02/2023,4,3682.6,OK,marrakech,Carte,LIV4,
CMD25505,CL0872,P073,26/09/2023,4,4151.12,livré,kech,Carte,LIV10,2023-09-29
CMD11432,CL0937,P081,13/08/2023,5,3172.14,LIVRE,TANGER,Carte,LIV3,2023-08-18
CMD45352,CL0497,P002,2023-10-07,1,1970.3,retourné,marrakech,Carte,LIV6,2023-10-09
CMD22585,CL0526,P069,12/07/2023,1,989.2,DONE,marrakech,Carte,LIV1,2023-07-13
CMD22568,CL0723,P056,May 17 2023,4,2249.22,livré,RBA,Carte,LIV7,2023-05-22
CMD46720,CL0706,P019,Jul 11 2023,3,611.6,livré,RBA,Carte,LIV1,2023-07-15
CMD25241,CL0871,P039,Jan 23 2023,4,3097.18,OK,Agadir,Carte,LIV4,
CMD38769,CL0362,P047,2023-06-25,1,2107.67,LIVRE,RBA,Carte,LIV9,2023-06-27
CMD13745,CL0229,P098,2023-05-23,1,1572.31,OK,Agadir,Carte,LIV1,
CMD13930,CL0060,P059,Mar 12 2023,5,0,KO,RBA,Carte,LIV8,
CMD33706,CL0152,P077,Aug 04 2023,4,2680.25,livré,tanger,Carte,LIV2,2023-08-06
CMD20115,CL0101,P021,2023-11-23,1,78.62,LIVRE,casa,Carte,LIV6,2023-11-27
CMD29814,CL0594,P033,Feb 25 2023,5,3875.95,livré,casa,Carte,LIV10,2023-02-27
CMD12963,CL0880,P077,2023-02-28,2,2161.48,livré,CASABLANCA,Carte,LIV9,2023-03-03
CMD41830,CL0807,P023,Dec 20 2023,4,2054.13,KO,kech,Carte,LIV1,
CMD29275,CL0883,P036,23/06/2023,5,4531.27,livré,Tnja,Carte,LIV7,2023-06-25
CMD41729,CL0418,P095,2024-05-12,2,4335.22,livré,TNG,Carte,LIV5,2024-05-15
CMD09335,CL0403,P037,05/12/2023,4,1709.42,livré,TANGER,Carte,LIV7,2023-12-08
CMD30143,CL0380,P044,01/04/2024,5,1813.17,en_cours,tanger,Carte,LIV6,
CMD03944,CL0504,P075,May 19 2023,1,744.48,retourné,marrakech,Carte,LIV6,2023-05-21
CMD48296,CL0303,P058,Feb 07 2023,1,1738.55,retourné,TNG,Carte,LIV4,2023-02-11
CMD42168,CL0283,P003,2023-06-11,4,1736.07,livré,CASABLANCA,Carte,LIV6,2023-06-15
CMD42053,CL0783,P031,2024-03-26,4,3344.11,livre,casa,Carte,LIV7,
CMD22685,CL0794,P081,Nov 06 2023,-1,3360.71,en_cours,TANGER,Carte,LIV5,
CMD13483,CL0762,P015,2023-10-09,1,3783.61,livré,RBA,Carte,LIV7,2023-10-11
CMD25173,CL0499,P074,2023-04-29,5,645.03,retourné,tanger,Carte,LIV9,2023-04-30
CMD03359,CL0204,P039,Mar 09 2024,-1,78.9,livré,RBA,Carte,LIV1,2024-03-12
CMD02162,CL0298,P084,17/02/2023,5,3215.56,KO,Tnja,Carte,LIV7,
CMD19488,CL0634,P052,23/03/2024,3,3547.86,DONE,marrakech,Carte,LIV3,2024-03-28
CMD32248,CL0117,P086,Jan 21 2023,5,1695.12,annulé,TNG,Carte,LIV9,
CMD30751,CL0241,P064,Sep 10 2023,4,4577.39,livré,tanger,Carte,LIV8,2023-09-13
CMD17392,CL0163,P074,12/07/2023,2,1005.98,retourné,CASABLANCA,Carte,LIV4,2023-07-16
CMD25583,CL0514,P035,Apr 25 2024,4,2709.05,OK,casa,Carte,LIV1,
CMD34743,CL0285,P005,Jun 23 2023,4,2764.55,KO,TNG,Carte,LIV1,
CMD33794,CL0378,P039,29/03/2024,1,4621.96,OK,RBA,Carte,LIV6,
CMD19626,CL0033,P090,Dec 18 2023,3,2982.06,DONE,RBA,Carte,LIV8,2023-12-20
CMD27460,CL0514,P059,2024-03-01,5,4178.69,livré,casa,Carte,LIV4,2024-03-02
CMD11465,CL0123,P066,Jul 24 2023,5,1049.01,DONE,TANGER,Carte,LIV2,2023-07-28
CMD44609,CL0987,P015,11/12/2023,5,2530.13,KO,casa,Carte,LIV6,
CMD07847,CL0397,P091,2023-09-07,5,819.6,KO,Tnja,Carte,LIV5,
CMD34109,CL0214,P085,08/11/2023,5,2837.16,LIVRE,kech,Carte,LIV2,2023-11-13
CMD22066,CL0382,P017,Jan 24 2023,3,3867.48,livré,tanger,Carte,LIV1,2023-01-26
CMD46811,CL0294,P077,31/10/2023,2,2016.78,KO,Tnja,Carte,LIV7,
CMD35200,CL0317,P091,2023-12-08,4,3262.68,DONE,CASABLANCA,Carte,LIV10,2023-12-10
CMD42661,CL0255,P062,2024-02-18,1,4721.72,livré,marrakech,Carte,LIV4,2024-02-19
CMD45817,CL0896,P044,17/08/2023,1,474.14,OK,marrakech,Carte,LIV1,
CMD38641,CL0779,P023,10/03/2024,2,3774.38,en_cours,TNG,Carte,LIV5,
CMD41213,CL0713,P038,2023-04-28,3,4895.88,annulé,marrakech,Carte,LIV10,
CMD37014,CL0133,P005,01/11/2023,3,349.67,KO,marrakech,Carte,LIV7,
CMD29435,CL0770,P009,24/03/2024,2,2570.91,DONE,Tnja,Carte,LIV6,2024-03-26
CMD15068,CL0532,P051,Jan 12 2024,2,846.71,livré,RBA,Carte,LIV1,2024-01-16
CMD23329,CL0797,P012,Jun 05 2023,1,67.92,KO,RBA,Carte,LIV10,
CMD48055,CL0383,P032,Oct 12 2023,4,1407.23,OK,Agadir,Carte,LIV9,
CMD08187,CL0674,P019,13/02/2024,4,4677.76,livré,marrakech,Carte,LIV7,2024-02-16
CMD23190,CL0302,P095,Mar 06 2024,2,2936.73,LIVRE,kech,Carte,LIV1,2024-03-08
CMD43740,CL0236,P037,2023-01-14,4,3302.66,LIVRE,Agadir,Carte,LIV10,2023-01-16
CMD43669,CL0025,P078,14/04/2023,3,3158.31,livré,TANGER,Carte,,2023-04-18
CMD30616,CL0431,P067,01/04/2023,5,2062.34,livré,CASABLANCA,Carte,LIV6,2023-04-03
CMD07816,CL0330,P032,2023-04-11,5,4670.63,livré,Agadir,Carte,LIV7,2023-04-16
CMD18297,CL0339,P026,2023-12-10,1,490.02,LIVRE,casa,Carte,LIV8,2023-12-15
CMD24533,CL0500,P026,09/09/2023,2,1038.26,livre,tanger,Carte,LIV6,
CMD25515,CL0038,P064,2024-01-19,2,4312.18,livre,Agadir,Carte,LIV3,
CMD24024,CL0705,P094,27/02/2023,4,1074.84,retourné,kech,Carte,LIV1,2023-03-01
CMD15284,CL0713,P023,Mar 10 2023,1,4304.59,livré,TANGER,Carte,LIV2,2023-03-15
CMD47400,CL0805,P047,2024-04-17,3,1743.85,en_cours,marrakech,Carte,LIV3,
CMD20339,CL0162,P064,21/04/2023,2,4244.98,annulé,tanger,Carte,LIV8,
CMD39936,CL0029,P095,15/06/2023,1,2771.23,livré,marrakech,Carte,LIV3,2023-06-19
CMD29394,CL0450,P034,2023-03-03,1,2943.99,livré,Tnja,Carte,LIV9,2023-03-06
CMD20189,CL0207,P093,Jan 06 2023,2,3633.83,KO,RBA,Carte,LIV10,
CMD11568,CL0147,P006,2023-02-28,5,2797.42,KO,Tnja,Carte,LIV2,
CMD18678,CL0186,P076,Aug 12 2023,5,4877.69,livré,tanger,Carte,LIV3,2023-08-14
CMD14977,CL0975,P041,2023-06-26,3,188.94,retourné,kech,Carte,LIV5,2023-06-30
CMD21509,CL0440,P026,24/04/2023,4,804.64,livré,kech,Carte,LIV10,2023-04-28
CMD09550,CL0253,P037,2023-05-07,1,1717.0,OK,Agadir,Carte,LIV5,
CMD44555,CL0443,P085,Sep 15 2023,4,1835.42,LIVRE,casa,Carte,LIV2,2023-09-16
CMD30438,CL0956,P082,2024-02-13,3,290.86,OK,Tnja,Carte,LIV4,
CMD44795,CL0862,P030,Jun 03 2023,4,2633.74,livré,TNG,Carte,LIV6,2023-06-07
CMD23098,CL0019,P032,2023-04-11,1,1667.9,LIVRE,Tnja,Carte,LIV7,2023-04-15
CMD46984,CL0460,P060,2023-08-02,4,2147.54,livre,RBA,Carte,LIV7,
CMD33153,CL0132,P045,Jan 31 2024,5,3940.59,DONE,tanger,Carte,LIV1,2024-02-05
CMD43441,CL0330,P007,Jul 26 2023,5,4508.04,KO,kech,Carte,LIV1,
CMD11848,CL0002,P044,Apr 07 2024,3,1620.11,livré,kech,Carte,LIV6,2024-04-12
CMD15321,CL0603,P004,07/11/2023,1,4124.26,OK,Tnja,Carte,LIV7,
CMD37830,CL0406,P035,08/02/2023,1,65.92,retourné,Agadir,Carte,LIV7,2023-02-12
CMD38580,CL0211,P038,Nov 13 2023,3,4946.95,en_cours,CASABLANCA,Carte,LIV1,
CMD28739,CL0402,P031,2023-09-18,2,1386.94,en_cours,Agadir,Carte,LIV6,
CMD16099,CL0843,P085,May 07 2024,3,2951.54,KO,tanger,Carte,LIV10,
CMD02243,CL0098,P060,2024-01-23,3,4682.89,OK,TANGER,Carte,LIV7,
CMD30576,CL0629,P016,May 08 2024,2,1507.24,livré,RBA,Carte,LIV9,2024-05-13
CMD09048,CL0227,P100,2023-07-22,4,2630.29,OK,Agadir,Carte,LIV2,
CMD21182,CL0590,P022,2024-01-27,3,1433.16,livré,RBA,Carte,LIV8,2024-01-29
CMD47256,CL0510,P027,31/01/2024,5,558.54,LIVRE,TANGER,Carte,LIV6,2024-02-05
CMD25509,CL0082,P029,Sep 06 2023,2,4854.49,retourné,marrakech,Carte,LIV3,2023-09-09
CMD19453,CL0718,P075,01/10/2023,2,1595.46,OK,RBA,Carte,LIV4,
CMD46556,CL0878,P083,Dec 06 2023,5,4865.85,annulé,CASABLANCA,Carte,LIV10,
CMD02873,CL0013,P014,Dec 04 2023,5,2071.0,livré,RBA,Carte,LIV2,2023-12-05
CMD22468,CL0043,P090,2023-10-17,3,1987.55,livre,Tnja,Carte,LIV9,
CMD24859,CL0358,P011,Jul 05 2023,3,3643.1,livré,CASABLANCA,Carte,LIV2,2023-07-09
CMD03475,CL0252,P078,Jul 07 2023,1,151.82,OK,RBA,Carte,LIV1,
CMD26208,CL0789,P014,Mar 29 2023,5,911.93,KO,CASABLANCA,Carte,LIV9,
CMD33313,CL0316,P022,21/02/2023,4,3462.83,annulé,casa,Carte,LIV4,
CMD32279,CL0923,P067,Oct 04 2023,4,2692.75,KO,marrakech,Carte,LIV10,
CMD26792,CL0918,P019,05/08/2023,1,3928.34,livré,marrakech,Carte,LIV10,2023-08-07
CMD34197,CL0926,P042,Apr 13 2023,4,4631.08,livré,Agadir,Carte,LIV3,2023-04-16
CMD22539,CL0304,P036,04/01/2023,5,741.04,OK,TANGER,Carte,LIV5,
CMD00295,CL0427,P007,2023-01-13,3,3270.57,en_cours,Tnja,Carte,LIV2,
CMD31717,CL0788,P007,May 07 2024,3,710.02,livre,kech,Carte,LIV8,
CMD34223,CL0620,P028,17/03/2023,4,3421.62,annulé,TNG,Carte,,
CMD15772,CL0941,P083,May 13 2023,2,3831.91,DONE,kech,Carte,LIV9,2023-05-14
CMD19244,CL0170,P032,Dec 27 2023,5,1855.09,livré,casa,Carte,LIV10,2023-12-30
CMD35393,CL0846,P096,Jan 23 2023,1,2243.07,LIVRE,TANGER,Carte,LIV9,2023-01-25
CMD41727,CL0729,P069,29/08/2023,-1,793.66,LIVRE,RBA,Carte,LIV1,2023-08-30
CMD14112,CL0080,P002,Nov 14 2023,5,4961.45,KO,Tnja,Carte,LIV8,
CMD31412,CL0390,P057,2023-07-21,5,1244.18,en_cours,RBA,Carte,LIV7,
CMD18897,CL0255,P049,11/04/2024,5,4030.16,livré,TANGER,Carte,,2024-04-14
CMD13557,CL0973,P058,Apr 17 2023,1,4566.15,annulé,RBA,Carte,LIV5,
CMD00436,CL0039,P017,Oct 19 2023,3,557.84,annulé,RBA,Carte,LIV8,
CMD43732,CL0089,P016,04/01/2024,4,4666.03,en_cours,RBA,Carte,LIV7,
CMD42955,CL0223,P068,05/03/2024,3,2231.01,livré,tanger,Carte,LIV6,2024-03-09
CMD05640,CL0464,P047,Sep 07 2023,5,2557.04,livre,Agadir,Carte,LIV9,
CMD38721,CL0072,P077,18/05/2023,5,4740.74,KO,marrakech,Carte,LIV4,
CMD38914,CL0375,P011,17/12/2023,2,2346.19,KO,marrakech,Carte,LIV8,
CMD25026,CL0480,P011,2023-09-12,3,0,retourné,Tnja,Carte,LIV5,2023-09-14
CMD01648,CL0620,P069,2023-01-12,1,2943.15,livre,marrakech,Carte,LIV10,
CMD18066,CL0369,P074,13/08/2023,1,3703.94,livré,CASABLANCA,Carte,LIV9,2023-08-14
CMD40543,CL0684,P060,20/04/2024,1,1185.22,livre,casa,Carte,LIV8,
CMD27766,CL0393,P064,Apr 21 2023,3,4547.11,livré,TANGER,Carte,LIV1,2023-04-25
CMD11307,CL0960,P077,2023-08-31,1,1177.53,annulé,TANGER,Carte,LIV7,
CMD23477,CL0800,P078,Oct 17 2023,5,528.5,livre,kech,Carte,LIV2,
CMD37205,CL0333,P092,23/09/2023,1,2764.86,livré,kech,Carte,LIV4,2023-09-28
CMD24960,CL0010,P019,2023-08-26,4,3265.33,retourné,kech,Carte,LIV9,2023-08-29
CMD32214,CL0753,P051,15/03/2024,5,2519.26,retourné,Tnja,Carte,LIV3,2024-03-20
CMD44597,CL0542,P010,11/03/2023,3,2772.1,retourné,RBA,Carte,LIV6,2023-03-15
CMD23182,CL0221,P055,22/02/2024,4,2772.22,livre,tanger,Carte,LIV1,
CMD27486,CL0104,P001,Feb 17 2023,3,1319.98,livre,Agadir,Carte,LIV3,
CMD27804,CL0014,P077,May 29 2023,1,2827.41,OK,casa,Carte,LIV6,
CMD31389,CL0197,P069,29/09/2023,4,293.56,retourné,RBA,Carte,LIV7,2023-09-30
CMD42480,CL0068,P047,May 01 2024,2,2736.26,KO,marrakech,Carte,LIV3,
CMD10744,CL0364,P038,02/12/2023,5,2125.07,livré,tanger,Carte,LIV6,2023-12-03
CMD15400,CL0334,P082,03/09/2023,3,4646.53,livré,Agadir,Carte,LIV10,2023-09-07
CMD01237,CL0838,P096,Oct 02 2023,2,3164.83,LIVRE,Agadir,Carte,LIV2,2023-10-07
CMD37367,CL0348,P082,19/10/2023,4,240.88,annulé,Tnja,Carte,LIV10,
CMD21461,CL0222,P016,2023-09-29,4,1014.21,OK,marrakech,Carte,LIV9,
CMD29214,CL0722,P020,May 12 2023,5,4089.0,annulé,Tnja,Carte,LIV8,
CMD35100,CL0589,P081,2023-12-29,4,592.99,livré,marrakech,Carte,LIV2,2023-12-30
CMD10295,CL0713,P049,Apr 16 2024,5,707.12,livre,CASABLANCA,Carte,LIV6,
CMD06308,CL0493,P071,24/04/2024,1,1565.63,livre,kech,Carte,LIV7,
CMD04681,CL0856,P073,05/01/2024,4,1126.25,retourné,casa,Carte,LIV5,2024-01-08
CMD44518,CL0701,P057,2023-08-26,1,4267.49,annulé,Tnja,Carte,LIV1,
CMD16593,CL0810,P086,2023-01-28,1,1289.7,livré,casa,Carte,LIV5,2023-01-29
CMD01596,CL0533,P003,02/12/2023,1,765.17,DONE,Agadir,Carte,LIV1,2023-12-06
CMD16097,CL0752,P030,2024-04-04,2,3264.51,OK,marrakech,Carte,LIV10,
CMD05466,CL0381,P032,2023-03-09,2,3871.65,en_cours,tanger,Carte,LIV10,
CMD04605,CL0644,P078,2024-04-27,1,2343.72,livre,tanger,Carte,LIV4,
CMD46261,CL0745,P023,May 05 2023,1,528.04,retourné,kech,Carte,,2023-05-06
CMD35478,CL0068,P039,17/12/2023,4,2831.34,OK,kech,Carte,LIV3,
CMD00905,CL0975,P019,2023-03-21,4,1358.35,livré,TNG,Carte,LIV5,2023-03-22
CMD32473,CL0811,P047,Nov 20 2023,3,4540.69,retourné,RBA,Carte,LIV7,2023-11-24
CMD03888,CL0634,P058,2024-03-03,4,4005.1,OK,marrakech,Carte,LIV8,
CMD07485,CL0055,P071,Oct 05 2023,3,3596.37,retourné,tanger,Carte,LIV3,2023-10-08
CMD11956,CL0788,P094,2023-09-20,2,2816.38,livré,RBA,Carte,LIV3,2023-09-24
CMD32443,CL0547,P089,2023-06-21,5,3971.96,DONE,marrakech,Carte,LIV9,2023-06-23
CMD24810,CL0484,P079,2024-03-14,4,1314.38,livré,RBA,Carte,LIV9,2024-03-17
CMD16607,CL0394,P085,Mar 16 2023,5,2491.63,KO,TANGER,Carte,,
CMD46723,CL0694,P029,Jul 05 2023,4,2602.25,en_cours,Tnja,Carte,,
CMD36168,CL0457,P028,2024-05-09,1,4205.54,OK,RBA,Carte,LIV9,
CMD40916,CL0763,P072,16/01/2023,3,2262.48,en_cours,TANGER,Carte,LIV6,
CMD40759,CL0097,P065,2023-10-28,2,2103.61,KO,CASABLANCA,Carte,LIV3,
CMD11327,CL0595,P015,2024-04-23,1,3862.83,LIVRE,CASABLANCA,Carte,LIV5,2024-04-25
CMD28965,CL0502,P054,20/03/2024,5,3682.64,KO,casa,Carte,,
CMD23408,CL0384,P077,2023-02-05,5,53.31,retourné,casa,Carte,LIV2,2023-02-10
CMD10473,CL0936,P033,24/03/2023,3,3297.57,KO,CASABLANCA,Carte,,
CMD35503,CL0722,P019,May 06 2024,2,1970.41,livré,Agadir,Carte,LIV6,2024-05-11
CMD44553,CL0983,P020,May 01 2023,5,2619.56,en_cours,Agadir,Carte,LIV5,
CMD31849,CL0292,P077,2024-04-13,4,644.93,annulé,RBA,Carte,LIV10,
CMD31017,CL0816,P022,Aug 16 2023,2,4402.07,DONE,TANGER,Carte,LIV6,2023-08-21
CMD09327,CL0294,P046,22/03/2023,2,2868.65,en_cours,marrakech,Carte,,
CMD19324,CL0794,P088,Dec 30 2023,1,2005.38,en_cours,TANGER,Carte,LIV9,
CMD30389,CL0299,P007,Mar 12 2024,5,1856.19,LIVRE,Tnja,Carte,LIV2,2024-03-14
CMD08085,CL0949,P052,2023-02-03,3,2486.09,en_cours,TANGER,Carte,LIV6,
CMD37559,CL0933,P031,2023-02-18,2,2092.33,DONE,CASABLANCA,Carte,LIV7,2023-02-19
CMD00060,CL0783,P026,12/12/2023,-1,1467.98,livré,Agadir,Carte,LIV7,2023-12-14
CMD19086,CL0211,P044,Feb 03 2023,2,4993.59,livré,RBA,Carte,,2023-02-08
CMD46362,CL0446,P095,13/01/2024,3,1796.53,LIVRE,casa,Carte,LIV5,2024-01-16
CMD28097,CL0505,P007,21/10/2023,3,2172.07,en_cours,marrakech,Carte,LIV6,
CMD06781,CL0211,P010,Dec 13 2023,4,1169.25,OK,kech,Carte,LIV9,
CMD40754,CL0088,P087,2023-08-17,3,4918.41,LIVRE,Agadir,Carte,LIV2,2023-08-20
CMD27500,CL0973,P064,16/12/2023,4,3991.2,annulé,RBA,Carte,LIV4,
CMD33296,CL0992,P029,2023-04-30,1,1094.38,DONE,RBA,Carte,LIV2,2023-05-05
CMD30950,CL0056,P038,Mar 07 2024,3,3805.92,OK,Agadir,Carte,LIV6,
CMD04211,CL0653,P097,22/05/2023,3,3887.36,livré,CASABLANCA,Carte,LIV1,2023-05-23
CMD05253,CL0861,P059,Feb 25 2024,4,2514.75,KO,TANGER,Carte,LIV6,
CMD16308,CL0895,P078,Feb 20 2023,2,306.4,livré,kech,Carte,LIV8,2023-02-22
CMD26796,CL0336,P100,27/08/2023,5,2574.52,en_cours,CASABLANCA,Carte,LIV10,
CMD19832,CL0646,P078,18/10/2023,2,871.54,KO,Tnja,Carte,LIV10,
CMD40832,CL0583,P029,2024-05-14,5,4621.51,livré,Tnja,Carte,LIV5,2024-05-15
CMD19269,CL0527,P095,Jan 15 2024,1,4160.21,livré,tanger,Carte,,2024-01-16
CMD22458,CL0403,P029,Oct 05 2023,5,3558.67,OK,kech,Carte,LIV9,
CMD04220,CL0970,P028,Oct 03 2023,4,4619.34,annulé,Tnja,Carte,LIV1,
CMD23588,CL0252,P088,2023-02-04,1,57.89,OK,Agadir,Carte,LIV6,
CMD16301,CL0125,P022,Jan 14 2024,2,721.15,annulé,Agadir,Carte,LIV8,
CMD47387,CL0393,P042,Jan 17 2023,4,1296.94,DONE,TNG,Carte,LIV10,2023-01-20
CMD17023,CL0466,P092,2023-08-22,3,3007.23,OK,Tnja,Carte,LIV9,
CMD16171,CL0535,P040,Sep 15 2023,1,2382.37,LIVRE,TNG,Carte,LIV9,2023-09-20
CMD25039,CL0350,P048,2023-10-08,2,117.89,livré,tanger,Carte,LIV1,2023-10-09
CMD08539,CL0298,P016,2023-03-28,3,1747.77,retourné,TNG,Carte,LIV3,2023-04-01
CMD04714,CL0963,P085,2023-06-19,5,4086.8,livré,RBA,Carte,,2023-06-23
CMD12988,CL0925,P077,Sep 01 2023,1,550.86,LIVRE,TANGER,Carte,LIV2,2023-09-02
CMD01468,CL0599,P099,2023-02-14,3,69.85,LIVRE,marrakech,Carte,LIV6,2023-02-16
CMD11015,CL0773,P099,Jan 15 2023,2,885.55,retourné,Tnja,Carte,LIV3,2023-01-17
CMD11898,CL0065,P046,2023-03-19,3,739.57,OK,Agadir,Carte,LIV8,
CMD19716,CL0854,P020,Jun 06 2023,1,828.57,LIVRE,Agadir,Carte,LIV10,2023-06-09
CMD13456,CL0215,P045,2023-01-29,4,4703.95,LIVRE,tanger,Carte,LIV1,2023-02-02
CMD16702,CL0960,P097,13/11/2023,1,1142.67,OK,casa,Carte,,
CMD28699,CL0300,P026,2024-03-01,1,386.96,KO,CASABLANCA,Carte,LIV4,
CMD32926,CL0450,P057,25/12/2023,2,3711.04,annulé,CASABLANCA,Carte,LIV4,
CMD46503,CL0792,P047,10/07/2023,5,4841.46,DONE,casa,Carte,LIV3,2023-07-14
CMD13028,CL0435,P065,Oct 29 2023,2,193.97,retourné,TNG,Carte,LIV7,2023-11-01
CMD34471,CL0697,P015,2023-06-17,5,3712.45,livré,kech,Carte,LIV3,2023-06-22
CMD30336,CL0339,P024,31/01/2023,2,4889.48,livré,CASABLANCA,Carte,LIV6,2023-02-01
CMD16765,CL0077,P011,28/01/2024,2,411.16,LIVRE,marrakech,Carte,LIV7,2024-01-29
CMD11019,CL0626,P020,2023-09-10,5,4648.91,DONE,tanger,Carte,LIV5,2023-09-14
CMD34359,CL0108,P047,28/01/2023,3,1767.56,livré,TNG,Carte,LIV4,2023-01-30
CMD12754,CL0107,P031,2024-02-10,4,4077.11,en_cours,kech,Carte,LIV2,
CMD00766,CL0115,P082,12/05/2023,5,4496.39,LIVRE,tanger,Carte,LIV7,2023-05-17
CMD33835,CL0869,P051,2024-04-04,3,4729.8,DONE,RBA,Carte,LIV7,2024-04-05
CMD42640,CL0992,P067,Jul 30 2023,2,363.99,OK,marrakech,Carte,LIV6,
CMD04040,CL0831,P030,2024-02-03,5,586.24,livré,marrakech,Carte,LIV10,2024-02-05
CMD25111,CL0557,P074,Jan 31 2023,4,2276.36,DONE,TANGER,Carte,LIV7,2023-02-01
CMD29727,CL0954,P008,2023-10-08,5,325.71,OK,TNG,Carte,LIV4,
CMD32833,CL0084,P082,Oct 05 2023,3,718.75,KO,TANGER,Carte,LIV6,
CMD06267,CL0499,P049,2023-10-31,3,1050.09,livré,casa,Carte,LIV2,2023-11-01
CMD33412,CL0393,P071,07/10/2023,1,1820.13,livre,Agadir,Carte,LIV2,
CMD19923,CL0736,P056,05/03/2024,1,3417.87,LIVRE,casa,Carte,LIV9,2024-03-09
CMD06756,CL0967,P072,Oct 10 2023,4,4354.9,annulé,RBA,Carte,LIV8,
CMD06557,CL0267,P078,09/06/2023,5,1261.88,livré,RBA,Carte,LIV6,2023-06-12
CMD38639,CL0452,P076,2023-05-13,2,3651.41,KO,TANGER,Carte,LIV5,
CMD19737,CL0730,P029,16/06/2023,2,2459.86,annulé,tanger,Carte,LIV10,
CMD43562,CL0972,P060,Apr 18 2023,2,2516.74,KO,CASABLANCA,Carte,,
CMD09653,CL0042,P090,Feb 21 2023,3,594.18,livré,RBA,Carte,LIV6,2023-02-24
CMD04538,CL0163,P048,Nov 09 2023,1,3746.53,retourné,tanger,Carte,LIV1,2023-11-13
CMD24785,CL0566,P093,Dec 11 2023,4,1848.68,retourné,kech,Carte,LIV4,2023-12-16
CMD09576,CL0358,P045,Jun 01 2023,2,2773.53,OK,kech,Carte,,
CMD06886,CL0703,P096,12/05/2023,5,3832.42,livré,Tnja,Carte,LIV7,2023-05-17
CMD06508,CL0274,P081,2023-03-14,5,3005.07,livré,CASABLANCA,Carte,LIV7,2023-03-15
CMD04001,CL0142,P027,2023-12-25,4,0,retourné,casa,Carte,LIV1,2023-12-29
CMD39689,CL0080,P010,19/12/2023,4,3966.19,DONE,TANGER,Carte,LIV8,2023-12-20
CMD12171,CL0376,P071,Mar 19 2024,4,2535.73,livré,TANGER,Carte,LIV5,2024-03-21
CMD36032,CL0437,P067,22/04/2023,5,146.3,KO,Tnja,Carte,LIV8,
CMD40685,CL0102,P097,Aug 31 2023,2,1363.71,livré,RBA,Carte,LIV9,2023-09-01
CMD46374,CL0109,P072,Jan 11 2024,-1,2307.01,livre,CASABLANCA,Carte,LIV1,
CMD44230,CL0932,P027,Apr 09 2024,5,401.9,retourné,TANGER,Carte,LIV5,2024-04-13
CMD27631,CL0574,P004,28/01/2024,1,899.36,LIVRE,RBA,Carte,LIV2,2024-01-30
CMD06030,CL0826,P002,30/06/2023,1,2442.46,en_cours,TANGER,Carte,LIV7,
CMD11353,CL0222,P066,07/03/2023,1,4894.59,KO,TNG,Carte,LIV6,
CMD12662,CL0299,P003,May 16 2023,1,2219.29,OK,marrakech,Carte,LIV9,
CMD39218,CL0163,P080,10/06/2023,4,2393.33,OK,kech,Carte,LIV7,
CMD30918,CL0688,P008,2024-04-16,1,3546.18,DONE,tanger,Carte,LIV2,2024-04-19
CMD47992,CL0040,P007,Jan 14 2024,2,1558.47,annulé,kech,Carte,LIV2,
CMD47664,CL0608,P062,19/01/2023,2,1675.64,retourné,TNG,Carte,LIV1,2023-01-23
CMD39547,CL0080,P038,Aug 06 2023,1,3352.16,KO,casa,Carte,LIV6,
CMD44069,CL0283,P006,23/02/2024,3,4295.72,annulé,kech,Carte,LIV2,
CMD09856,CL0090,P015,May 05 2024,3,4254.27,DONE,CASABLANCA,Carte,LIV4,2024-05-06
CMD03971,CL0574,P012,Jan 19 2023,5,4131.67,KO,Tnja,Carte,LIV10,
CMD33912,CL0682,P049,2023-12-26,1,361.48,retourné,CASABLANCA,Carte,LIV7,2023-12-31
CMD31906,CL0902,P026,2023-10-28,1,4418.51,livré,casa,Carte,LIV9,2023-11-02
CMD30034,CL0274,P016,11/09/2023,5,4557.14,en_cours,RBA,Carte,LIV6,
CMD43583,CL0059,P036,2023-03-06,5,4844.24,OK,RBA,Carte,LIV10,
CMD31675,CL0103,P090,18/07/2023,3,937.43,livré,Agadir,Carte,LIV2,2023-07-22
CMD15975,CL0407,P094,Mar 11 2023,3,2790.72,en_cours,marrakech,Carte,LIV10,
CMD25360,CL0862,P017,17/08/2023,-1,3930.51,livré,RBA,Carte,LIV2,2023-08-21
CMD11176,CL0733,P064,Jan 02 2023,2,3944.94,LIVRE,TANGER,Carte,LIV3,2023-01-04
CMD39099,CL0063,P046,2024-04-15,2,4396.5,en_cours,casa,Carte,,
CMD28234,CL0975,P059,24/04/2024,4,2769.59,KO,CASABLANCA,Carte,LIV2,
CMD43105,CL0070,P025,2023-11-11,3,3269.07,livré,kech,Carte,LIV4,2023-11-14
CMD45482,CL0872,P063,24/02/2024,4,805.84,annulé,TANGER,Carte,LIV7,
CMD19640,CL0749,P070,2024-01-02,2,4676.82,KO,tanger,Carte,LIV7,
CMD31210,CL0538,P035,2024-02-23,2,1404.6,livré,marrakech,Carte,LIV6,2024-02-28
CMD35581,CL0665,P019,Feb 13 2023,2,3660.01,OK,CASABLANCA,Carte,LIV1,
CMD38567,CL0764,P089,20/09/2023,5,979.24,retourné,RBA,Carte,LIV6,2023-09-22
CMD33655,CL0529,P055,26/08/2023,5,4894.17,livré,TNG,Carte,LIV2,2023-08-30
CMD29804,CL0505,P045,07/10/2023,4,3861.11,annulé,TNG,Carte,LIV8,
CMD48192,CL0951,P039,07/01/2024,4,4286.83,KO,Agadir,Carte,LIV9,
CMD09690,CL0697,P077,14/07/2023,3,3453.83,annulé,tanger,Carte,LIV4,
CMD23793,CL0581,P032,2024-01-31,4,1782.48,DONE,marrakech,Carte,LIV2,2024-02-01
CMD23295,CL0864,P045,2023-03-27,1,622.45,en_cours,RBA,Carte,LIV9,
CMD18282,CL0479,P078,11/09/2023,5,2745.98,en_cours,kech,Carte,LIV4,
CMD23458,CL0276,P082,15/08/2023,1,2124.68,DONE,CASABLANCA,Carte,LIV6,2023-08-20
CMD46486,CL0666,P046,2023-08-15,3,4983.03,livré,kech,Carte,LIV4,2023-08-18
CMD23621,CL0969,P084,2024-02-21,5,1480.0,KO,RBA,Carte,LIV2,
CMD09016,CL0981,P048,2023-03-06,1,1346.63,en_cours,marrakech,Carte,LIV3,
CMD37400,CL0183,P039,12/01/2024,5,3257.14,retourné,tanger,Carte,LIV5,2024-01-17
CMD09295,CL0210,P041,Apr 27 2024,2,3052.11,livré,RBA,Carte,LIV6,2024-04-30
CMD42838,CL0781,P085,2023-03-05,4,3418.55,livré,marrakech,Carte,LIV1,2023-03-10
CMD00808,CL0672,P017,2023-04-26,5,4263.21,retourné,kech,Carte,LIV9,2023-04-27
CMD35179,CL0976,P010,Feb 23 2024,1,3676.12,annulé,RBA,Carte,,
CMD19890,CL0475,P034,15/05/2023,2,3420.4,livré,tanger,Carte,LIV3,2023-05-19
CMD01800,CL0247,P076,Feb 23 2023,2,2125.95,retourné,TANGER,Carte,LIV4,2023-02-27
CMD03019,CL0831,P018,2023-04-12,5,0,en_cours,RBA,Carte,LIV4,
CMD32104,CL0086,P087,23/06/2023,2,460.35,livré,TANGER,Carte,LIV5,2023-06-26
CMD47626,CL0734,P057,2024-02-17,3,927.55,livré,marrakech,Carte,LIV8,2024-02-21
CMD34890,CL0184,P036,19/12/2023,3,975.84,livré,RBA,Carte,LIV4,2023-12-21
CMD17402,CL0614,P086,2023-09-15,1,495.84,livré,marrakech,Carte,,2023-09-19
CMD42882,CL0468,P035,20/03/2023,1,4864.3,retourné,tanger,Carte,LIV4,2023-03-24
CMD29313,CL0634,P059,2023-05-03,-1,1954.54,LIVRE,CASABLANCA,Carte,LIV1,2023-05-05
CMD45980,CL0138,P048,2023-06-04,1,1925.59,LIVRE,TNG,Carte,LIV6,2023-06-08
CMD34868,CL0268,P097,2023-05-25,3,3580.02,en_cours,Agadir,Carte,LIV6,
CMD35228,CL0192,P049,2023-09-29,5,430.56,annulé,tanger,Carte,LIV2,
CMD22294,CL0255,P081,2023-07-26,5,1891.2,KO,TNG,Carte,LIV8,
CMD27276,CL0277,P040,2024-04-21,3,2373.68,livré,RBA,Carte,LIV3,2024-04-22
CMD32974,CL0285,P083,2024-04-22,5,4123.99,annulé,Tnja,Carte,,
CMD40728,CL0836,P015,2023-09-20,2,1236.35,retourné,TANGER,Carte,LIV5,2023-09-21
CMD30854,CL0137,P048,01/11/2023,1,555.53,LIVRE,TNG,Carte,LIV8,2023-11-03
CMD12477,CL0662,P054,Sep 29 2023,3,4893.14,livré,TANGER,Carte,LIV7,2023-10-04
CMD34387,CL0031,P099,31/05/2023,4,2258.62,livré,Tnja,Carte,LIV10,2023-06-02
CMD01088,CL0134,P100,Dec 13 2023,4,3653.93,annulé,TANGER,Carte,LIV1,
CMD10476,CL0311,P089,2023-12-31,-1,3899.29,DONE,marrakech,Carte,LIV6,2024-01-02
CMD33028,CL0521,P031,Sep 27 2023,4,244.92,livré,Agadir,Carte,LIV10,2023-09-30
CMD44220,CL0918,P098,14/01/2023,2,2734.63,en_cours,TNG,Carte,LIV9,
CMD07196,CL0940,P100,29/04/2024,4,1824.13,livre,RBA,Carte,LIV5,
CMD39873,CL0351,P080,17/04/2023,1,2159.37,en_cours,tanger,Carte,LIV2,
CMD04225,CL0710,P021,2024-01-09,5,3012.65,retourné,kech,Carte,LIV6,2024-01-12
CMD46326,CL0531,P030,Aug 14 2023,5,4284.84,OK,CASABLANCA,Carte,LIV1,
CMD10699,CL0462,P078,29/03/2023,5,2485.56,livré,TANGER,Carte,LIV6,2023-03-31
CMD25480,CL0675,P074,2024-04-22,4,0,livré,Agadir,Carte,LIV8,2024-04-25
CMD00756,CL0770,P024,06/10/2023,1,1687.76,KO,Agadir,Carte,LIV5,
CMD22780,CL0854,P061,2024-03-15,5,4439.48,DONE,RBA,Carte,LIV5,2024-03-16
CMD32445,CL0541,P080,2023-10-20,1,3816.05,LIVRE,Agadir,Carte,LIV8,2023-10-23
CMD39615,CL0232,P068,2023-12-19,4,1026.21,livre,TANGER,Carte,LIV6,
CMD23875,CL0217,P096,12/01/2023,1,0,livré,kech,Carte,LIV6,2023-01-13
CMD13119,CL0929,P088,19/04/2024,1,1964.14,KO,Tnja,Carte,LIV8,
CMD33038,CL0068,P045,2024-01-09,2,3727.83,LIVRE,kech,Carte,LIV6,2024-01-14
CMD02616,CL0118,P026,10/03/2023,3,2317.21,KO,Tnja,Carte,LIV6,
CMD45785,CL0889,P073,Aug 31 2023,2,2748.44,annulé,TANGER,Carte,LIV3,
CMD39497,CL0986,P062,2023-05-14,5,1203.0,DONE,RBA,Carte,LIV2,2023-05-17
CMD03248,CL0908,P005,Aug 12 2023,4,3666.35,en_cours,TNG,Carte,LIV7,
CMD44436,CL0557,P088,2023-07-01,3,94.08,livre,tanger,Carte,LIV1,
CMD05307,CL0178,P002,2024-03-04,3,4063.72,LIVRE,RBA,Carte,LIV2,2024-03-09
CMD21063,CL0202,P088,2023-12-01,4,3042.27,KO,tanger,Carte,LIV1,
CMD20511,CL0759,P024,2023-10-11,2,2712.71,LIVRE,kech,Carte,LIV10,2023-10-12
CMD09823,CL0454,P020,16/03/2023,2,3838.73,en_cours,casa,Carte,LIV9,
CMD13345,CL0478,P056,2023-11-25,3,3002.96,KO,tanger,Carte,LIV2,
CMD06389,CL0337,P063,08/09/2023,3,3212.12,livré,tanger,Carte,LIV7,2023-09-13
CMD28401,CL0672,P081,12/03/2023,3,4862.44,en_cours,TNG,Carte,LIV2,
CMD16658,CL0815,P036,29/08/2023,1,4372.46,OK,casa,Carte,LIV5,
CMD38228,CL0031,P053,26/06/2023,5,4344.01,OK,marrakech,Carte,LIV7,
CMD08853,CL0280,P088,17/03/2024,4,4779.59,en_cours,CASABLANCA,Carte,LIV2,
CMD20442,CL0691,P094,10/06/2023,5,1651.73,annulé,Tnja,Carte,LIV6,
CMD20477,CL0408,P095,16/05/2023,5,1008.12,DONE,RBA,Carte,LIV9,2023-05-17
CMD31365,CL0409,P046,2023-05-31,2,989.55,livré,casa,Carte,LIV1,2023-06-02
CMD00694,CL0613,P066,04/03/2024,5,4380.47,livré,CASABLANCA,Carte,LIV8,2024-03-08
CMD17003,CL0239,P084,Apr 16 2024,1,1037.06,livre,kech,Carte,LIV6,
CMD24037,CL0916,P013,2023-11-27,1,1296.68,en_cours,TANGER,Carte,LIV3,
CMD29232,CL0776,P050,12/02/2023,3,328.16,annulé,Agadir,Carte,LIV6,
CMD00762,CL0763,P080,17/03/2023,4,2718.15,livré,TANGER,Carte,LIV1,2023-03-20
CMD40442,CL0714,P046,Jul 03 2023,5,3470.6,annulé,Agadir,Carte,LIV8,
CMD18664,CL0382,P043,09/05/2024,5,3776.29,en_cours,Agadir,Carte,LIV9,
CMD21813,CL0649,P093,Oct 14 2023,1,2820.77,annulé,casa,Carte,LIV6,
CMD15934,CL0384,P100,2023-12-19,3,145.77,en_cours,TNG,Carte,LIV6,
CMD19843,CL0901,P077,2023-01-06,5,2434.54,retourné,tanger,Carte,LIV8,2023-01-11
CMD45041,CL0811,P043,2023-12-14,3,2522.91,livre,TANGER,Carte,LIV1,
CMD12801,CL0689,P010,Oct 16 2023,5,1259.85,LIVRE,CASABLANCA,Carte,LIV2,2023-10-17
CMD05643,CL0755,P092,04/05/2023,2,552.71,DONE,Tnja,Carte,LIV6,2023-05-07
CMD03280,CL0513,P008,18/11/2023,1,4240.37,annulé,CASABLANCA,Carte,LIV4,
CMD16667,CL0935,P070,15/11/2023,1,1636.6,KO,tanger,Carte,LIV2,
CMD15834,CL0187,P074,2023-11-09,5,2002.52,annulé,marrakech,Carte,LIV6,
CMD03005,CL0259,P043,2023-11-05,3,932.75,livré,CASABLANCA,Carte,LIV1,2023-11-09
CMD30574,CL0054,P092,01/09/2023,5,1904.1,livré,TANGER,Carte,LIV1,2023-09-02
CMD05812,CL0703,P081,16/11/2023,3,3283.08,en_cours,TNG,Carte,LIV8,
CMD44368,CL0625,P100,2023-08-13,3,167.77,livré,RBA,Carte,LIV9,2023-08-18
CMD13611,CL0959,P025,2023-04-09,3,1436.78,annulé,marrakech,Carte,LIV9,
CMD29134,CL0550,P046,19/04/2024,1,1524.54,livre,casa,Carte,LIV7,
CMD12272,CL0535,P025,Apr 04 2023,1,1747.74,livré,casa,Carte,LIV10,2023-04-08
CMD42320,CL0604,P012,14/09/2023,4,2504.29,livré,kech,Carte,LIV2,2023-09-19
CMD32469,CL0729,P062,Apr 17 2023,4,3087.64,livre,kech,Carte,LIV2,
CMD32543,CL0644,P007,2023-03-03,5,1963.7,retourné,TANGER,Carte,LIV5,2023-03-07
CMD18913,CL0008,P010,2023-07-08,1,3033.49,annulé,tanger,Carte,LIV6,
CMD02693,CL0739,P025,Jan 13 2023,4,4990.69,livré,TANGER,Carte,LIV10,2023-01-16
CMD26889,CL0015,P076,2024-04-24,5,3673.35,en_cours,CASABLANCA,Carte,LIV5,
CMD27815,CL0733,P029,Nov 27 2023,2,2486.12,KO,TNG,Carte,LIV3,
CMD19186,CL0552,P085,09/07/2023,4,1389.0,DONE,RBA,Carte,LIV10,2023-07-14
CMD46585,CL0202,P050,19/05/2023,1,2914.84,livre,Agadir,Carte,LIV6,
CMD15319,CL0096,P067,03/10/2023,3,3632.18,annulé,tanger,Carte,LIV2,
CMD20583,CL0749,P084,2023-08-04,5,0,KO,TNG,Carte,LIV10,
CMD29579,CL0219,P084,12/05/2024,3,1452.1,livre,kech,Carte,LIV10,
CMD26055,CL0676,P021,25/04/2024,1,4556.72,livré,marrakech,Carte,LIV5,2024-04-29
CMD24744,CL0013,P057,02/05/2023,1,1532.53,KO,Agadir,Carte,LIV10,
CMD33642,CL0072,P037,2023-01-16,1,2161.68,annulé,casa,Carte,LIV4,
CMD38508,CL0059,P030,2023-08-29,3,1804.45,annulé,kech,Carte,LIV5,
CMD00336,CL0193,P085,May 29 2023,2,4449.25,DONE,Tnja,Carte,LIV5,2023-05-31
CMD25137,CL0072,P011,May 14 2023,2,3600.27,livré,Tnja,Carte,LIV8,2023-05-17
CMD29805,CL0051,P024,2023-02-10,4,64.05,LIVRE,kech,Carte,LIV8,2023-02-12
CMD08547,CL0962,P085,Feb 03 2024,1,659.88,DONE,TNG,Carte,LIV2,2024-02-05
CMD29758,CL0934,P032,2023-10-04,1,1866.69,OK,CASABLANCA,Carte,LIV5,
CMD48380,CL0502,P064,21/11/2023,2,1886.91,OK,marrakech,Carte,,
CMD27119,CL0603,P026,2024-02-15,5,1535.09,livré,CASABLANCA,Carte,LIV3,2024-02-19
CMD10000,CL0561,P093,Aug 21 2023,2,3684.98,KO,CASABLANCA,Carte,LIV3,
CMD20417,CL0716,P006,2023-03-22,4,2113.64,en_cours,tanger,Carte,LIV2,
CMD42472,CL0343,P043,04/02/2023,1,3691.45,LIVRE,marrakech,Carte,LIV2,2023-02-09
CMD12137,CL0477,P061,2023-01-02,4,2826.65,annulé,Agadir,Carte,LIV8,
CMD03469,CL0675,P038,2023-02-16,5,548.78,livré,marrakech,Carte,,2023-02-20
CMD00935,CL0931,P030,2023-09-28,4,3081.78,DONE,RBA,Carte,LIV1,2023-09-30
CMD42501,CL0149,P094,07/11/2023,1,1477.1,KO,TNG,Carte,LIV9,
CMD06815,CL0516,P009,May 01 2023,4,946.34,livré,Agadir,Carte,LIV2,2023-05-05
CMD47963,CL0773,P004,2023-05-09,5,2904.66,annulé,kech,Carte,LIV1,
CMD08730,CL0460,P047,07/02/2023,5,567.13,livré,CASABLANCA,Carte,LIV1,2023-02-10
CMD23700,CL0033,P043,06/03/2023,5,1785.06,OK,Agadir,Carte,LIV9,
CMD39207,CL0286,P091,Mar 11 2024,3,823.6,retourné,Tnja,Carte,LIV4,2024-03-15
CMD40122,CL0691,P074,Jan 31 2023,4,314.94,livré,TNG,Carte,LIV4,2023-02-03
CMD42115,CL0459,P056,Apr 08 2024,2,1717.22,DONE,Tnja,Carte,,2024-04-10
CMD16072,CL0834,P095,2024-03-06,4,629.93,livré,tanger,Carte,LIV5,2024-03-07
CMD10101,CL0439,P076,Jun 25 2023,4,2526.62,DONE,Tnja,Carte,LIV1,2023-06-27
CMD47134,CL0463,P031,Apr 09 2024,4,475.61,LIVRE,CASABLANCA,Carte,LIV7,2024-04-11
CMD47492,CL0589,P035,02/08/2023,2,2392.5,retourné,marrakech,Carte,LIV3,2023-08-03
CMD29334,CL0920,P047,05/04/2023,5,1758.42,annulé,TNG,Carte,LIV6,
CMD34002,CL0602,P020,2023-02-26,1,1478.66,livré,marrakech,Carte,LIV8,2023-03-01
CMD39608,CL0314,P050,10/10/2023,2,3371.32,annulé,TANGER,Carte,,
CMD26820,CL0346,P030,Sep 23 2023,4,2982.72,livre,tanger,Carte,LIV7,
CMD00893,CL0580,P067,30/06/2023,2,2551.63,livré,Tnja,Carte,LIV8,2023-07-04
CMD29110,CL0737,P089,Jan 26 2024,1,3988.67,livré,TANGER,Carte,LIV6,2024-01-30
CMD04127,CL0919,P047,02/04/2024,-1,3852.02,LIVRE,RBA,Carte,,2024-04-06
CMD03049,CL0603,P071,29/03/2023,4,828.75,livré,casa,Carte,,2023-03-31
CMD41672,CL0789,P089,08/03/2024,5,3065.44,retourné,TNG,Carte,LIV10,2024-03-13
CMD34846,CL0395,P088,2023-02-07,4,1108.2,livré,marrakech,Carte,LIV3,2023-02-08
CMD09242,CL0388,P073,Feb 06 2024,2,2095.05,LIVRE,TANGER,Carte,LIV3,2024-02-10
CMD36860,CL0206,P017,May 10 2023,1,2422.36,DONE,casa,Carte,LIV10,2023-05-14
CMD37708,CL0312,P022,28/04/2024,4,337.86,livré,casa,Carte,LIV2,2024-05-01
CMD48440,CL0115,P052,2023-01-28,4,2084.92,annulé,TANGER,Carte,LIV6,
CMD05704,CL0367,P035,03/06/2023,4,2410.11,livré,TANGER,Carte,LIV5,2023-06-07
CMD09721,CL0019,P029,01/02/2024,5,1487.82,livré,RBA,Carte,LIV3,2024-02-06
CMD39553,CL0332,P026,2023-08-14,2,4918.11,KO,casa,Carte,LIV7,
CMD31058,CL0579,P086,Feb 26 2023,5,3184.16,en_cours,RBA,Carte,LIV4,
CMD29720,CL0500,P047,2023-02-07,4,1178.95,livré,marrakech,Carte,LIV10,2023-02-12
CMD39009,CL0463,P065,Apr 16 2023,4,2964.98,retourné,Tnja,Carte,LIV10,2023-04-21
CMD45855,CL0316,P068,Aug 10 2023,4,790.78,en_cours,kech,Carte,LIV2,
CMD32614,CL0607,P082,2024-04-21,4,3169.48,retourné,TANGER,Carte,LIV2,2024-04-25
CMD20527,CL0776,P046,2024-05-04,5,200.23,retourné,TANGER,Carte,LIV7,2024-05-06
CMD06461,CL0268,P011,2023-12-17,2,2469.54,livré,CASABLANCA,Carte,LIV7,2023-12-18
CMD28533,CL0754,P030,02/02/2023,-1,4289.01,livré,Tnja,Carte,LIV9,2023-02-07
CMD08930,CL0907,P037,Aug 25 2023,3,2754.88,livré,casa,Carte,LIV4,2023-08-28
CMD17338,CL0098,P005,2023-11-03,5,920.27,livré,Agadir,Carte,LIV3,2023-11-05
CMD41756,CL0406,P051,May 08 2023,5,4305.45,OK,casa,Carte,LIV10,
CMD10919,CL0710,P021,28/09/2023,3,4344.75,en_cours,kech,Carte,LIV10,
CMD06792,CL0570,P061,Aug 31 2023,1,1807.04,annulé,tanger,Carte,LIV3,
CMD19248,CL0577,P001,2023-10-30,4,684.23,annulé,TANGER,Carte,LIV6,
CMD16676,CL0920,P090,Feb 27 2024,1,931.71,OK,marrakech,Carte,LIV9,
CMD22963,CL0295,P030,29/04/2023,1,1244.51,livré,tanger,Carte,LIV9,2023-04-30
CMD26198,CL0354,P037,01/04/2024,3,1340.2,DONE,marrakech,Carte,LIV7,2024-04-02
CMD08895,CL0533,P073,2023-08-10,1,3091.69,livré,RBA,Carte,LIV10,2023-08-11
CMD11074,CL0167,P032,20/04/2023,2,2787.98,livré,tanger,Carte,LIV8,2023-04-25
CMD02562,CL0841,P066,04/01/2024,1,2006.12,livré,CASABLANCA,Carte,LIV2,2024-01-09
CMD34259,CL0079,P085,02/02/2024,2,1399.24,livre,kech,Carte,LIV5,
CMD18177,CL0724,P090,2023-09-03,1,2666.37,en_cours,CASABLANCA,Carte,LIV1,
CMD44486,CL0388,P069,13/01/2023,4,4663.83,annulé,Agadir,Carte,LIV7,
CMD34277,CL0274,P047,2024-05-04,1,1369.77,livre,TANGER,Carte,LIV3,
CMD21201,CL0199,P062,2024-02-07,5,4195.95,en_cours,tanger,Carte,LIV7,
CMD26446,CL0975,P023,2023-02-24,1,4263.83,livré,Tnja,Carte,LIV7,2023-02-25
CMD44870,CL0283,P004,2023-12-31,3,4355.47,livré,tanger,Carte,LIV7,2024-01-02
CMD02247,CL0347,P014,Jul 17 2023,1,1051.47,annulé,Tnja,Carte,LIV7,
CMD27243,CL0799,P100,2024-04-16,2,4291.27,en_cours,kech,Carte,LIV1,
CMD01710,CL0002,P090,Dec 09 2023,5,129.01,en_cours,Agadir,Carte,LIV1,
CMD46126,CL0945,P077,Mar 23 2024,4,2312.05,livré,TNG,Carte,LIV10,2024-03-24
CMD21420,CL0966,P097,04/11/2023,3,2181.84,en_cours,kech,Carte,LIV2,
CMD08327,CL0646,P096,2023-03-21,3,536.78,DONE,casa,Carte,LIV2,2023-03-26
CMD35264,CL0843,P001,2024-04-05,5,1483.02,KO,casa,Carte,LIV8,
CMD09620,CL0262,P081,2023-08-24,3,1855.07,en_cours,tanger,Carte,LIV2,
CMD32154,CL0864,P083,2023-07-31,2,1274.43,DONE,casa,Carte,LIV5,2023-08-04
CMD36910,CL0647,P007,23/09/2023,4,717.03,livré,kech,Carte,LIV4,2023-09-27
CMD42271,CL0257,P040,2023-06-04,4,4389.39,retourné,Agadir,Carte,LIV4,2023-06-09
CMD17506,CL0710,P079,Jan 18 2024,2,2064.61,retourné,RBA,Carte,LIV6,2024-01-23
CMD07756,CL0316,P015,2023-01-18,3,1595.04,OK,RBA,Carte,LIV1,
CMD26776,CL0536,P020,2023-04-07,5,1814.88,LIVRE,marrakech,Carte,LIV3,2023-04-08
CMD41000,CL0580,P009,12/08/2023,2,2739.27,retourné,RBA,Carte,LIV3,2023-08-16
CMD14550,CL0063,P084,Apr 23 2024,1,1376.69,DONE,tanger,Carte,LIV8,2024-04-28
CMD03991,CL0616,P006,04/04/2023,4,4324.71,KO,TANGER,Carte,LIV5,
CMD43769,CL0379,P040,15/06/2023,3,566.18,retourné,TANGER,Carte,,2023-06-16
CMD07093,CL0835,P002,2024-01-13,3,58.28,livré,TANGER,Carte,LIV1,2024-01-15
CMD32594,CL0243,P083,Jan 01 2024,3,261.17,annulé,kech,Carte,LIV5,
CMD10703,CL0562,P024,Jul 22 2023,1,3552.76,annulé,kech,Carte,LIV9,
CMD00168,CL0382,P030,Mar 16 2023,2,3932.86,LIVRE,kech,Carte,,2023-03-20
CMD14595,CL0429,P024,Feb 10 2024,5,3750.98,livre,casa,Carte,LIV6,
CMD24641,CL0202,P069,Apr 06 2023,2,831.31,OK,CASABLANCA,Carte,LIV8,
CMD24189,CL0820,P056,2024-01-26,4,2663.19,LIVRE,TANGER,Carte,LIV6,2024-01-27
CMD42313,CL0500,P087,Apr 11 2024,3,4162.84,OK,Tnja,Carte,LIV5,
CMD00789,CL0566,P057,Sep 29 2023,4,2227.7,livré,RBA,Carte,LIV3,2023-09-30
CMD39704,CL0523,P044,29/02/2024,5,3441.77,LIVRE,RBA,Carte,LIV5,2024-03-03
CMD04565,CL0814,P074,2024-01-18,5,3770.02,en_cours,TNG,Carte,LIV9,
CMD20326,CL0372,P077,2023-07-27,4,2946.16,DONE,CASABLANCA,Carte,LIV9,2023-08-01
CMD20279,CL0418,P096,2023-01-28,3,2253.83,LIVRE,casa,Carte,LIV8,2023-02-02
CMD47555,CL0287,P048,Jun 06 2023,5,3090.46,en_cours,kech,Carte,LIV3,
CMD08664,CL0687,P090,2023-02-04,4,1962.55,livre,casa,Carte,LIV6,
CMD42544,CL0419,P055,Nov 08 2023,2,3436.43,en_cours,RBA,Carte,LIV3,
CMD04120,CL0860,P096,2023-08-10,1,3979.06,livre,TANGER,Carte,LIV1,
CMD27248,CL0636,P050,20/02/2023,3,54.38,livré,TNG,Carte,LIV7,2023-02-25
CMD45225,CL0283,P099,12/03/2023,2,1875.06,livre,Tnja,Carte,LIV1,
CMD31916,CL0285,P017,2023-01-14,1,2223.78,livré,RBA,Carte,LIV7,2023-01-15
CMD41786,CL0586,P059,12/08/2023,5,2871.86,LIVRE,kech,Carte,LIV4,2023-08-16
CMD42774,CL0919,P004,13/04/2024,3,1845.33,DONE,Agadir,Carte,LIV1,2024-04-16
CMD05016,CL0010,P052,2023-03-05,5,4869.57,livre,tanger,Carte,LIV6,
CMD47771,CL0487,P033,28/02/2024,1,636.44,livré,kech,Carte,LIV9,2024-03-01
CMD40853,CL0954,P030,Jun 16 2023,1,1727.49,LIVRE,CASABLANCA,Carte,LIV10,2023-06-17
CMD25459,CL0847,P048,26/12/2023,3,2410.44,LIVRE,Agadir,Carte,LIV8,2023-12-30
CMD22062,CL0428,P093,Jul 15 2023,3,1287.8,KO,TANGER,Carte,LIV1,
CMD39518,CL0816,P078,18/08/2023,1,4590.84,DONE,TNG,Carte,LIV9,2023-08-19
CMD11389,CL0885,P043,01/11/2023,1,4852.88,livré,RBA,Carte,LIV9,2023-11-02
CMD02027,CL0884,P052,2023-03-11,2,3210.84,LIVRE,Tnja,Carte,LIV3,2023-03-14
CMD45080,CL0912,P020,2023-11-04,4,4230.12,OK,Tnja,Carte,LIV6,
CMD22973,CL0492,P054,Oct 13 2023,4,3117.19,livré,Tnja,Carte,LIV5,2023-10-18
CMD12307,CL0146,P021,2024-01-06,3,1674.53,DONE,CASABLANCA,Carte,LIV1,2024-01-10
CMD25670,CL0851,P010,2024-01-26,1,2416.61,DONE,casa,Carte,LIV3,2024-01-29
CMD14318,CL0148,P089,2024-03-26,5,3707.65,livré,casa,Carte,LIV1,2024-03-28
CMD13923,CL0600,P039,Dec 12 2023,2,3853.68,KO,Tnja,Carte,LIV10,
CMD32205,CL0880,P016,25/03/2024,5,3836.14,livre,marrakech,Carte,LIV6,
CMD17437,CL0766,P008,22/02/2024,2,4443.01,livré,marrakech,Carte,LIV7,2024-02-27
CMD14642,CL0397,P093,Jan 13 2024,4,609.85,KO,CASABLANCA,Carte,LIV8,
CMD36882,CL0630,P040,2024-02-08,4,421.89,annulé,Agadir,Carte,LIV8,
CMD28490,CL0612,P009,04/01/2024,2,2909.21,livré,CASABLANCA,Carte,LIV8,2024-01-09
CMD42777,CL0598,P041,Dec 17 2023,1,2125.67,DONE,TNG,Carte,LIV9,2023-12-19
CMD41725,CL0030,P087,May 21 2023,1,1411.1,annulé,TNG,Carte,LIV4,
CMD45564,CL0399,P067,2024-02-10,3,2108.86,retourné,Tnja,Carte,LIV9,2024-02-14
CMD05222,CL0548,P044,2023-12-08,4,2075.26,livre,marrakech,Carte,LIV8,
CMD47893,CL0620,P004,2024-05-07,1,597.58,livré,CASABLANCA,Carte,LIV7,2024-05-08
CMD01722,CL0027,P023,Feb 23 2024,4,341.87,livre,CASABLANCA,Carte,LIV3,
CMD17485,CL0083,P047,Apr 23 2023,2,3712.8,livré,casa,Carte,,2023-04-27
CMD24518,CL0653,P050,2023-11-30,4,4882.83,livré,kech,Carte,LIV6,2023-12-05
CMD27001,CL0439,P040,2023-12-07,-1,4190.43,OK,RBA,Carte,LIV10,
CMD05226,CL0982,P008,May 15 2024,1,2076.46,DONE,kech,Carte,LIV9,2024-05-17
CMD41865,CL0071,P040,2024-05-13,5,2944.93,livré,CASABLANCA,Carte,LIV6,2024-05-14
CMD25896,CL0462,P029,2023-03-16,3,2872.07,livré,tanger,Carte,LIV6,2023-03-21
CMD46146,CL0346,P098,Oct 10 2023,1,1419.76,retourné,kech,Carte,LIV1,2023-10-15
CMD33221,CL0255,P021,12/12/2023,5,1197.04,livré,TNG,Carte,LIV8,2023-12-17
CMD14827,CL0726,P044,12/06/2023,5,571.52,retourné,CASABLANCA,Carte,LIV9,2023-06-17
CMD38303,CL0294,P068,30/10/2023,3,4857.32,OK,tanger,Carte,LIV8,
CMD35762,CL0548,P066,11/09/2023,4,458.66,retourné,tanger,Carte,LIV6,2023-09-15
CMD44410,CL0714,P088,2024-02-19,1,3878.1,livré,TNG,Carte,LIV8,2024-02-22
CMD21088,CL0269,P052,Apr 22 2024,3,1761.62,livre,kech,Carte,LIV1,
CMD32775,CL0313,P050,2023-09-08,4,1329.09,DONE,TNG,Carte,LIV10,2023-09-12
CMD23345,CL0220,P018,08/01/2024,2,1541.04,annulé,TANGER,Carte,LIV8,
CMD36586,CL0879,P088,28/01/2024,2,2970.66,OK,TNG,Carte,LIV6,
CMD07017,CL0452,P016,2023-03-05,5,2232.18,DONE,Agadir,Carte,LIV3,2023-03-10
CMD12803,CL0815,P092,18/04/2023,1,3525.26,LIVRE,Agadir,Carte,LIV8,2023-04-19
CMD20744,CL0151,P064,2023-10-03,2,1232.29,retourné,CASABLANCA,Carte,,2023-10-04
CMD08849,CL0024,P056,21/12/2023,1,2976.25,livré,kech,Carte,LIV5,2023-12-23
CMD46315,CL0986,P077,23/03/2023,5,610.88,livré,marrakech,Carte,LIV5,2023-03-24
CMD08204,CL0310,P022,08/09/2023,4,930.54,annulé,RBA,Carte,LIV5,
CMD33311,CL0549,P035,2023-07-04,3,565.95,annulé,Agadir,Carte,LIV1,
CMD15424,CL0962,P070,05/04/2024,2,2173.0,LIVRE,marrakech,Carte,LIV5,2024-04-10
CMD00350,CL0955,P095,2023-12-02,3,1155.93,livré,kech,Carte,LIV5,2023-12-04
CMD23112,CL0214,P091,2024-04-13,2,2021.03,OK,TANGER,Carte,LIV3,
CMD07382,CL0275,P082,25/01/2024,5,2358.76,en_cours,TNG,Carte,LIV4,
CMD14021,CL0441,P032,Jan 09 2023,1,3146.33,livré,Tnja,Carte,LIV3,2023-01-14
CMD19936,CL0267,P043,2024-04-28,1,4007.12,LIVRE,tanger,Carte,LIV3,2024-05-03
CMD42474,CL0054,P052,Apr 03 2023,1,195.61,KO,casa,Carte,LIV9,
CMD13029,CL0572,P090,18/07/2023,5,2116.66,livré,CASABLANCA,Carte,LIV2,2023-07-22
CMD38310,CL0719,P074,07/03/2024,3,2527.26,livré,TNG,Carte,LIV2,2024-03-10
CMD36426,CL0277,P042,23/12/2023,2,3917.63,en_cours,kech,Carte,LIV7,
CMD13441,CL0929,P027,2023-02-23,1,1377.7,OK,Agadir,Carte,LIV10,
CMD09714,CL0903,P016,02/06/2023,1,1538.03,KO,RBA,Carte,LIV9,
CMD22226,CL0149,P034,Dec 06 2023,5,4039.03,retourné,Tnja,Carte,LIV4,2023-12-07
CMD45971,CL0815,P073,Apr 04 2024,4,4663.01,livré,TANGER,Carte,LIV9,2024-04-09
CMD11244,CL0585,P043,21/11/2023,4,1035.97,livre,kech,Carte,LIV6,
CMD19730,CL0078,P026,03/04/2023,4,0,livré,casa,Carte,LIV8,2023-04-06
CMD30666,CL0587,P015,03/08/2023,5,1770.57,retourné,marrakech,Carte,LIV9,2023-08-08
CMD22906,CL0046,P053,2024-01-19,3,3486.68,KO,Agadir,Carte,LIV6,
CMD19097,CL0147,P078,Feb 20 2024,1,0,retourné,casa,Carte,LIV6,2024-02-23
CMD25851,CL0555,P055,16/08/2023,2,116.55,retourné,TNG,Carte,LIV3,2023-08-18
CMD22322,CL0361,P036,Jan 14 2024,5,2610.1,livre,casa,Carte,LIV4,
CMD29609,CL0481,P082,Oct 10 2023,2,2776.13,en_cours,CASABLANCA,Carte,LIV5,
CMD02698,CL0395,P064,28/01/2023,1,1054.74,en_cours,marrakech,Carte,LIV6,
CMD27958,CL0030,P078,09/09/2023,4,688.13,DONE,Tnja,Carte,LIV10,2023-09-10
CMD01981,CL0682,P085,17/06/2023,1,2202.26,DONE,Agadir,Carte,LIV5,2023-06-18
CMD32178,CL0029,P025,06/02/2024,3,1117.91,livré,Tnja,Carte,LIV1,2024-02-08
CMD40463,CL0261,P049,12/09/2023,5,755.39,livré,Tnja,Carte,LIV1,2023-09-17
CMD48361,CL0419,P054,08/03/2023,1,4628.8,annulé,RBA,Carte,LIV6,
CMD18606,CL0491,P084,2023-06-09,2,565.32,annulé,marrakech,Carte,LIV10,
CMD24698,CL0898,P001,2023-09-15,3,2219.43,OK,tanger,Carte,LIV5,
CMD25245,CL0006,P010,Dec 05 2023,3,2584.45,retourné,TANGER,Carte,LIV2,2023-12-06
CMD25119,CL0652,P046,Apr 03 2023,1,3787.76,OK,Tnja,Carte,LIV2,
CMD48052,CL0147,P047,20/04/2024,3,1480.25,livré,casa,Carte,LIV10,2024-04-23
CMD08892,CL0614,P041,2024-01-04,5,2090.44,annulé,CASABLANCA,Carte,LIV7,
CMD05434,CL0027,P032,Jul 10 2023,5,1709.07,livré,RBA,Carte,,2023-07-12
CMD14817,CL0956,P027,2023-10-09,4,2378.47,en_cours,RBA,Carte,LIV8,
CMD13627,CL0370,P093,Apr 14 2023,2,805.55,en_cours,marrakech,Carte,LIV1,
CMD01454,CL0240,P082,29/01/2023,2,4985.62,DONE,Agadir,Carte,LIV9,2023-02-02
CMD36149,CL0386,P087,2023-06-03,1,3098.97,en_cours,kech,Carte,LIV9,
CMD19225,CL0454,P036,2024-01-30,5,4255.44,livré,casa,Carte,LIV4,2024-02-04
CMD39889,CL0245,P073,09/12/2023,1,3745.36,en_cours,Agadir,Carte,LIV4,
CMD43371,CL0100,P072,Jan 30 2023,3,1367.08,DONE,marrakech,Carte,LIV3,2023-02-01
CMD45257,CL0920,P074,2024-02-17,5,917.53,KO,TNG,Carte,LIV7,
CMD00034,CL0079,P088,Jan 29 2024,5,4924.02,livré,tanger,Carte,LIV4,2024-02-03
CMD23727,CL0049,P086,Mar 28 2024,3,3084.85,DONE,TANGER,Carte,LIV4,2024-03-30
CMD44649,CL0625,P042,24/03/2023,2,1915.79,KO,Tnja,Carte,LIV6,
CMD27712,CL0311,P078,2024-02-06,5,4984.65,OK,marrakech,Carte,LIV7,
CMD42716,CL0484,P046,2024-01-22,2,2093.34,livré,tanger,Carte,LIV3,2024-01-27
CMD25997,CL0760,P025,2024-03-16,1,2334.57,retourné,RBA,Carte,,2024-03-18
CMD19715,CL0195,P080,Jan 09 2024,4,3939.14,DONE,TANGER,Carte,LIV8,2024-01-12
CMD17198,CL0930,P011,2023-05-13,3,481.99,LIVRE,CASABLANCA,Carte,LIV8,2023-05-15
CMD06261,CL0617,P009,28/05/2023,3,3959.76,annulé,tanger,Carte,LIV5,
CMD30464,CL0964,P059,11/08/2023,2,2679.49,livré,tanger,Carte,LIV7,2023-08-15
CMD05996,CL0264,P099,Aug 11 2023,4,4582.36,annulé,RBA,Carte,LIV9,
CMD41894,CL0688,P011,2024-01-04,3,3731.6,LIVRE,TNG,Carte,LIV8,2024-01-08
CMD43849,CL0521,P032,Nov 16 2023,5,438.08,livre,marrakech,Carte,LIV10,
CMD28667,CL0344,P057,Sep 08 2023,1,2713.33,OK,casa,Carte,LIV2,
CMD25222,CL0175,P010,Dec 09 2023,3,3963.3,annulé,tanger,Carte,LIV4,
CMD17651,CL0705,P009,2024-04-04,2,3369.34,en_cours,RBA,Carte,LIV3,
CMD34850,CL0118,P011,16/04/2024,5,1694.21,KO,TANGER,Carte,LIV7,
CMD40155,CL0445,P020,Oct 20 2023,4,3162.01,livré,kech,Carte,LIV10,2023-10-25
CMD17492,CL0304,P009,22/04/2024,1,2958.59,livre,marrakech,Carte,LIV2,
CMD25824,CL0646,P033,30/05/2023,2,1020.07,livre,TANGER,Carte,LIV10,
CMD34852,CL0230,P045,09/01/2023,1,403.34,LIVRE,TNG,Carte,,2023-01-10
CMD24390,CL0177,P065,19/04/2024,2,4066.13,livré,TANGER,Carte,LIV6,2024-04-20
CMD35339,CL0879,P088,Sep 10 2023,1,2428.01,LIVRE,RBA,Carte,LIV8,2023-09-14
CMD09876,CL0552,P015,17/03/2024,5,4073.82,OK,Agadir,Carte,LIV6,
CMD03830,CL0159,P086,2023-07-27,3,0,retourné,kech,Carte,LIV9,2023-07-31
CMD25519,CL0238,P095,Nov 23 2023,2,4423.41,livré,tanger,Carte,LIV2,2023-11-28
CMD20107,CL0818,P093,2023-10-02,3,2172.97,en_cours,marrakech,Carte,LIV8,
CMD45275,CL0284,P062,Jan 05 2024,2,3753.87,livré,CASABLANCA,Carte,LIV2,2024-01-09
CMD30661,CL0587,P055,2024-04-25,2,2233.57,livré,RBA,Carte,LIV7,2024-04-28
CMD14383,CL0798,P098,Feb 17 2023,5,3872.28,annulé,CASABLANCA,Carte,LIV7,
CMD14662,CL0154,P037,2023-03-05,2,841.98,livré,casa,Carte,LIV3,2023-03-09
CMD38683,CL0911,P053,Mar 06 2023,2,1887.13,OK,kech,Carte,LIV6,
CMD15514,CL0621,P032,Dec 21 2023,2,604.78,retourné,TNG,Carte,LIV1,2023-12-23
CMD35377,CL0783,P010,Sep 15 2023,4,2113.93,OK,CASABLANCA,Carte,LIV10,
CMD08417,CL0472,P063,2023-07-11,-1,2024.41,retourné,marrakech,Carte,LIV8,2023-07-12
CMD41526,CL0446,P061,Aug 20 2023,2,975.08,livré,TNG,Carte,LIV5,2023-08-22
CMD26207,CL0371,P099,05/02/2023,3,4675.9,retourné,Tnja,Carte,LIV5,2023-02-10
CMD00885,CL0797,P096,Feb 28 2024,5,2499.37,OK,TANGER,Carte,LIV3,
CMD06200,CL0276,P065,2023-05-19,3,4843.31,livré,CASABLANCA,Carte,LIV5,2023-05-20
CMD07706,CL0314,P083,Apr 22 2024,5,4070.74,OK,casa,Carte,LIV10,
CMD26173,CL0679,P021,2023-10-11,4,1525.83,LIVRE,RBA,Carte,LIV6,2023-10-15
CMD19410,CL0585,P097,21/09/2023,4,3256.63,LIVRE,Tnja,Carte,,2023-09-26
CMD18492,CL0202,P040,2023-01-26,1,2875.68,livre,tanger,Carte,LIV2,
CMD21068,CL0619,P012,2024-01-03,4,2810.71,KO,casa,Carte,LIV5,
CMD19053,CL0988,P008,Aug 30 2023,2,629.64,LIVRE,marrakech,Carte,LIV4,2023-09-04
CMD07328,CL0240,P045,2023-07-13,1,3521.17,livré,Agadir,Carte,LIV8,2023-07-17
CMD38716,CL0506,P064,20/06/2023,4,3643.42,DONE,marrakech,Carte,LIV1,2023-06-24
CMD23279,CL0566,P079,Dec 26 2023,1,2005.09,OK,CASABLANCA,Carte,LIV4,
CMD10512,CL0303,P017,10/02/2024,1,4420.6,livré,CASABLANCA,Carte,LIV4,2024-02-11
CMD06394,CL0078,P068,Dec 24 2023,4,3037.92,annulé,tanger,Carte,LIV1,
CMD43655,CL0073,P092,Jan 24 2023,5,2808.81,annulé,TANGER,Carte,LIV7,
CMD35995,CL0517,P068,Aug 02 2023,4,4943.24,LIVRE,marrakech,Carte,LIV3,2023-08-07
CMD40487,CL0347,P093,2023-10-01,5,1350.25,retourné,marrakech,Carte,LIV7,2023-10-04
CMD15177,CL0893,P070,2023-01-01,4,1325.42,en_cours,Tnja,Carte,LIV4,
CMD42246,CL0019,P064,16/12/2023,1,945.75,OK,CASABLANCA,Carte,LIV3,
CMD30042,CL0245,P087,Nov 28 2023,4,4746.94,retourné,Tnja,Carte,LIV5,2023-11-30
CMD39536,CL0152,P076,May 31 2023,5,121.79,OK,kech,Carte,LIV4,
CMD17126,CL0485,P098,27/02/2023,2,2258.72,LIVRE,CASABLANCA,Carte,,2023-02-28
CMD39012,CL0383,P062,2023-05-27,4,3541.09,KO,RBA,Carte,LIV3,
CMD09693,CL0367,P068,Jul 09 2023,2,2288.54,DONE,Agadir,Carte,LIV5,2023-07-12
CMD47322,CL0356,P047,27/05/2023,1,960.33,livre,RBA,Carte,LIV9,
CMD43968,CL0261,P016,2023-07-03,1,2041.37,livré,TANGER,Carte,LIV7,2023-07-07
CMD37330,CL0642,P050,Jan 24 2024,3,3537.57,LIVRE,marrakech,Carte,LIV9,2024-01-27
CMD46272,CL0908,P068,Jan 04 2024,4,3964.29,OK,kech,Carte,,
CMD31967,CL0362,P072,Dec 17 2023,3,4946.8,annulé,kech,Carte,LIV3,
CMD04911,CL0626,P063,2023-10-15,4,1948.98,DONE,TANGER,Carte,LIV9,2023-10-18
CMD05728,CL0549,P054,2023-05-04,2,2740.44,OK,RBA,Carte,,
CMD39511,CL0227,P032,Apr 05 2024,2,4265.27,KO,marrakech,Carte,LIV1,
CMD47830,CL0098,P064,2024-01-25,3,2444.47,livré,TNG,Carte,,2024-01-29
CMD35749,CL0956,P056,Nov 05 2023,1,1267.56,annulé,TNG,Carte,LIV9,
CMD11383,CL0710,P090,Dec 22 2023,1,427.19,annulé,casa,Carte,LIV10,
CMD40066,CL0553,P055,26/02/2024,5,873.65,KO,Agadir,Carte,LIV6,
CMD20911,CL0388,P016,Feb 29 2024,2,3183.03,OK,kech,Carte,LIV6,
CMD03479,CL0547,P009,2024-03-09,1,4157.26,KO,TNG,Carte,LIV9,
CMD19089,CL0502,P041,2023-04-22,5,274.89,en_cours,kech,Carte,LIV3,
CMD47989,CL0303,P006,Apr 14 2023,2,4455.2,KO,tanger,Carte,LIV8,
CMD26129,CL0869,P033,06/05/2024,3,4350.62,en_cours,CASABLANCA,Carte,LIV2,
CMD17412,CL0451,P076,24/08/2023,4,3388.93,livre,RBA,Carte,LIV7,
CMD20773,CL0190,P073,Nov 25 2023,4,3248.54,livré,Agadir,Carte,LIV7,2023-11-28
CMD47925,CL0857,P093,Jan 28 2024,5,4850.11,OK,RBA,Carte,LIV5,
CMD00329,CL0856,P035,12/01/2023,5,1264.7,LIVRE,Tnja,Carte,LIV8,2023-01-17
CMD32459,CL0111,P061,Dec 09 2023,3,3874.89,annulé,casa,Carte,LIV7,
CMD30863,CL0011,P033,07/06/2023,2,1943.66,KO,RBA,Carte,LIV5,
CMD10501,CL0618,P023,15/08/2023,4,4492.2,annulé,marrakech,Carte,LIV7,
CMD14053,CL0295,P040,2023-06-30,2,3762.94,annulé,TNG,Carte,LIV4,
CMD39593,CL0739,P061,21/02/2024,4,2048.91,annulé,TNG,Carte,LIV1,
CMD03250,CL0185,P046,2023-05-02,2,4500.89,annulé,tanger,Carte,LIV1,
CMD45210,CL0213,P052,Apr 11 2024,4,3672.61,KO,CASABLANCA,Carte,LIV8,
CMD10810,CL0858,P003,2024-01-05,1,955.48,retourné,kech,Carte,LIV8,2024-01-09
CMD14060,CL0530,P019,2023-06-11,2,4245.9,livré,TNG,Carte,LIV1,2023-06-14
CMD09466,CL0485,P076,2023-04-08,5,4469.23,retourné,CASABLANCA,Carte,LIV5,2023-04-09
CMD11976,CL0910,P081,2023-12-05,4,0,LIVRE,RBA,Carte,,2023-12-10
CMD47217,CL0354,P042,2023-11-23,2,3530.84,livré,RBA,Carte,LIV2,2023-11-25
CMD17499,CL0880,P012,03/02/2024,2,3046.31,OK,casa,Carte,LIV4,
CMD14995,CL0030,P014,24/02/2023,5,3843.04,en_cours,Agadir,Carte,LIV10,
CMD01790,CL0566,P047,2023-12-19,4,2435.7,livré,casa,Carte,LIV4,2023-12-23
CMD06167,CL0674,P033,May 14 2024,4,3714.75,livre,Tnja,Carte,LIV1,
CMD36634,CL0546,P034,2023-08-15,1,3873.92,DONE,kech,Carte,LIV1,2023-08-20
CMD00257,CL0775,P044,2023-10-16,3,233.88,annulé,marrakech,Carte,LIV5,
CMD18553,CL0758,P074,14/12/2023,4,1037.71,DONE,casa,Carte,,2023-12-17
CMD18337,CL0669,P035,2023-11-13,3,4221.51,livré,CASABLANCA,Carte,LIV8,2023-11-18
CMD42103,CL0458,P086,15/08/2023,1,2398.08,LIVRE,Tnja,Carte,LIV9,2023-08-16
CMD46375,CL0833,P044,03/01/2024,2,1604.92,livré,TANGER,Carte,LIV10,2024-01-05
CMD02089,CL0053,P074,2023-04-07,4,0,livré,tanger,Carte,LIV7,2023-04-10
CMD08650,CL0358,P049,Dec 06 2023,3,1365.74,retourné,Tnja,Carte,LIV4,2023-12-07
CMD30418,CL0526,P089,30/09/2023,2,0,livré,CASABLANCA,Carte,LIV10,2023-10-05
CMD36007,CL0928,P094,Jan 31 2023,3,3835.99,OK,kech,Carte,LIV5,
CMD42699,CL0959,P071,May 10 2024,5,859.77,LIVRE,Agadir,Carte,LIV5,2024-05-14
CMD38232,CL0025,P066,2023-10-04,3,1235.44,livré,tanger,Carte,LIV1,2023-10-06
CMD09779,CL0009,P040,May 14 2024,4,2012.68,OK,RBA,Carte,LIV1,
CMD47965,CL0762,P044,18/04/2024,3,4915.24,annulé,RBA,Carte,LIV6,
CMD15387,CL0805,P099,2023-04-12,1,3566.34,DONE,Tnja,Carte,LIV7,2023-04-15
CMD46398,CL0901,P001,20/09/2023,3,914.53,livré,TNG,Carte,LIV2,2023-09-23
CMD42194,CL0773,P053,2024-02-16,3,4639.35,livré,CASABLANCA,Carte,LIV5,2024-02-20
CMD42970,CL0521,P041,2023-09-21,4,686.26,DONE,RBA,Carte,LIV1,2023-09-24
CMD04278,CL0356,P014,Apr 23 2023,1,1496.15,livré,Agadir,Carte,LIV9,2023-04-28
CMD04877,CL0367,P086,Jun 21 2023,3,2166.4,LIVRE,Agadir,Carte,LIV10,2023-06-22
CMD06964,CL0776,P052,Apr 11 2023,1,1056.37,LIVRE,marrakech,Carte,LIV8,2023-04-13
CMD40390,CL0389,P045,Jul 11 2023,2,2653.93,livré,casa,Carte,LIV2,2023-07-15
CMD40170,CL0311,P001,2024-05-02,2,1095.34,livre,Tnja,Carte,,
CMD00169,CL0151,P068,Mar 23 2023,4,4014.16,en_cours,marrakech,Carte,LIV3,
CMD48156,CL0446,P013,Mar 18 2023,5,1589.72,LIVRE,Tnja,Carte,LIV10,2023-03-21
CMD19845,CL0498,P042,Mar 17 2024,2,3951.87,annulé,tanger,Carte,LIV1,
CMD35484,CL0514,P071,13/05/2023,2,666.64,annulé,RBA,Carte,LIV4,
CMD25204,CL0814,P006,Mar 12 2023,4,3777.29,en_cours,RBA,Carte,LIV6,
CMD03827,CL0770,P051,2023-04-15,1,4097.74,DONE,kech,Carte,LIV7,2023-04-19
CMD25801,CL0426,P075,2023-01-27,4,3049.21,KO,TNG,Carte,LIV8,
CMD24624,CL0162,P036,2023-03-07,3,3297.93,livré,CASABLANCA,Carte,LIV6,2023-03-08
CMD18721,CL0982,P096,12/03/2024,1,4553.87,retourné,tanger,Carte,LIV3,2024-03-14
CMD01095,CL0741,P006,2023-12-14,2,3991.54,livré,casa,Carte,LIV10,2023-12-18
CMD24555,CL0115,P080,2023-02-25,2,4684.77,retourné,CASABLANCA,Carte,LIV3,2023-02-27
CMD20923,CL0564,P088,Mar 26 2024,1,3677.03,OK,tanger,Carte,LIV8,
CMD23634,CL0206,P027,2024-03-04,1,2673.68,OK,CASABLANCA,Carte,LIV2,
CMD02160,CL0297,P088,27/06/2023,2,2001.01,DONE,TANGER,Carte,LIV6,2023-06-29
CMD22675,CL0478,P046,May 03 2024,2,916.62,livré,Agadir,Carte,LIV3,2024-05-05
CMD48489,CL0918,P069,Apr 30 2023,1,4258.73,livre,CASABLANCA,Carte,LIV2,
CMD46668,CL0697,P043,2023-09-18,3,1246.93,KO,TANGER,Carte,LIV2,
CMD44370,CL0873,P081,23/01/2023,2,2209.21,OK,RBA,Carte,LIV5,
CMD07183,CL0352,P010,2024-01-13,4,438.58,livre,Tnja,Carte,LIV8,
CMD22807,CL0400,P022,2023-08-14,5,1281.66,livré,marrakech,Carte,LIV3,2023-08-18
CMD20618,CL0773,P039,May 11 2023,3,4770.16,annulé,CASABLANCA,Carte,LIV4,
CMD48424,CL0992,P073,20/01/2024,4,2379.79,en_cours,tanger,Carte,LIV5,
CMD01671,CL0988,P093,2024-02-16,1,414.47,LIVRE,CASABLANCA,Carte,LIV5,2024-02-17
CMD10409,CL0060,P050,Jun 30 2023,2,4820.39,livré,casa,Carte,LIV3,2023-07-02
CMD29954,CL0995,P054,2023-02-21,3,1502.23,livré,CASABLANCA,Carte,LIV7,2023-02-26
CMD16812,CL0598,P025,07/04/2024,1,707.63,en_cours,TANGER,Carte,LIV5,
CMD03198,CL0836,P095,2024-01-01,5,187.49,livre,TANGER,Carte,LIV8,
CMD15188,CL0768,P064,2023-06-04,3,4020.85,annulé,Tnja,Carte,LIV1,
CMD35686,CL0388,P030,May 19 2023,5,2477.34,KO,TANGER,Carte,LIV10,
CMD02436,CL0787,P030,Mar 03 2023,2,741.31,DONE,casa,Carte,LIV4,2023-03-05
CMD02756,CL0961,P036,2023-01-01,5,911.67,OK,CASABLANCA,Carte,LIV5,
CMD27443,CL0220,P024,Jul 06 2023,5,2678.67,livré,TANGER,Carte,LIV9,2023-07-11
CMD44712,CL0482,P053,Apr 01 2023,3,4324.45,retourné,marrakech,Carte,LIV9,2023-04-03
CMD37775,CL0616,P015,2023-11-24,2,1287.93,en_cours,marrakech,Carte,LIV3,
CMD00136,CL0471,P063,May 10 2023,4,3804.24,annulé,Agadir,Carte,LIV3,
CMD07525,CL0521,P035,2023-08-08,4,2800.82,LIVRE,RBA,Carte,LIV7,2023-08-12
CMD42092,CL0797,P079,22/02/2023,2,3429.57,KO,CASABLANCA,Carte,LIV8,
CMD02842,CL0156,P051,25/04/2023,2,1733.68,livré,Tnja,Carte,LIV10,2023-04-28
CMD14894,CL0680,P071,2023-10-17,1,2995.31,LIVRE,CASABLANCA,Carte,LIV3,2023-10-22
CMD37286,CL0735,P002,2024-02-07,5,2105.6,en_cours,Agadir,Carte,LIV1,
CMD16709,CL0230,P080,09/01/2023,2,3810.85,livré,Tnja,Carte,LIV9,2023-01-11
CMD20769,CL0467,P020,23/03/2023,5,4971.76,livré,tanger,Carte,LIV6,2023-03-28
CMD31297,CL0825,P010,28/10/2023,5,3656.98,DONE,Tnja,Carte,LIV5,2023-11-02
CMD43540,CL0091,P093,21/12/2023,2,1903.81,annulé,Tnja,Carte,LIV4,
CMD29772,CL0098,P037,19/07/2023,2,1188.63,livré,Tnja,Carte,LIV4,2023-07-20
CMD42595,CL0883,P092,Mar 07 2024,3,2517.21,KO,TANGER,Carte,LIV6,
CMD09345,CL0171,P019,05/04/2024,1,4549.86,livre,tanger,Carte,LIV8,
CMD48246,CL0137,P068,2023-07-19,1,1504.35,livré,TANGER,Carte,LIV5,2023-07-20
CMD13034,CL0928,P070,Feb 18 2023,4,1006.7,DONE,TNG,Carte,LIV7,2023-02-21
CMD06139,CL0625,P024,2023-02-10,5,2454.7,annulé,casa,Carte,LIV4,
CMD07372,CL0431,P043,24/02/2023,1,104.75,livré,RBA,Carte,LIV9,2023-03-01
CMD22634,CL0345,P017,2023-03-02,2,1882.35,KO,Tnja,Carte,LIV3,
CMD48358,CL0634,P091,2024-01-26,5,1074.68,OK,casa,Carte,LIV1,
CMD02502,CL0583,P030,18/02/2023,2,3217.23,OK,casa,Carte,LIV7,
CMD24628,CL0739,P003,08/05/2024,5,4736.08,OK,marrakech,Carte,LIV6,
CMD38791,CL0945,P080,2023-02-04,5,936.01,retourné,RBA,Carte,LIV5,2023-02-09
CMD31504,CL0145,P097,04/02/2023,4,1571.35,livré,tanger,Carte,LIV8,2023-02-08
CMD37519,CL0555,P091,2023-05-18,3,3049.61,annulé,RBA,Carte,LIV3,
CMD00838,CL0809,P077,2023-06-06,1,144.83,livré,TANGER,Carte,LIV8,2023-06-08
CMD43711,CL0125,P048,2023-09-15,5,625.32,livré,marrakech,Carte,LIV1,2023-09-19
CMD07507,CL0349,P074,2023-03-17,2,3980.67,KO,RBA,Carte,LIV9,
CMD01739,CL0415,P063,Oct 08 2023,5,1685.37,KO,casa,Carte,LIV7,
CMD15801,CL0806,P003,29/03/2024,2,649.71,livré,TNG,Carte,LIV6,2024-04-01
CMD10490,CL0466,P048,2024-02-04,1,370.23,LIVRE,casa,Carte,LIV8,2024-02-09
CMD34161,CL0032,P066,2023-05-25,2,700.25,KO,Agadir,Carte,LIV7,
CMD10238,CL0286,P018,2023-03-04,5,1000.19,annulé,TNG,Carte,LIV9,
CMD18332,CL0848,P087,2024-05-02,5,1904.79,en_cours,tanger,Carte,LIV6,
CMD21687,CL0449,P068,Jan 27 2023,3,792.91,DONE,TNG,Carte,LIV3,2023-01-29
CMD40193,CL0661,P054,05/06/2023,4,2804.59,livré,Agadir,Carte,LIV6,2023-06-06
CMD37650,CL0630,P072,Apr 09 2024,4,3449.82,annulé,TNG,Carte,,
CMD15540,CL0155,P087,2024-01-21,4,3295.13,LIVRE,TNG,Carte,LIV2,2024-01-26
CMD31624,CL0911,P061,Dec 15 2023,5,1545.6,livré,TNG,Carte,LIV1,2023-12-19
CMD16796,CL0053,P001,24/01/2024,2,717.08,en_cours,casa,Carte,LIV4,
CMD34777,CL0202,P090,2023-11-15,5,481.16,OK,TNG,Carte,LIV2,
CMD31312,CL0817,P018,Mar 06 2023,1,3800.89,livré,kech,Carte,LIV9,2023-03-07
CMD10546,CL0619,P088,30/05/2023,2,3116.78,livré,tanger,Carte,LIV4,2023-06-02
CMD41492,CL0246,P002,2024-03-24,2,2749.36,annulé,kech,Carte,LIV8,
CMD11332,CL0568,P030,2023-11-27,2,4485.83,livré,RBA,Carte,LIV1,2023-11-28
CMD07004,CL0496,P025,20/03/2024,1,3820.84,DONE,TNG,Carte,LIV8,2024-03-22
CMD15305,CL0291,P042,2024-01-24,1,2588.23,retourné,TANGER,Carte,LIV1,2024-01-26
CMD03079,CL0458,P095,2024-04-14,5,314.06,KO,RBA,Carte,LIV10,
CMD12090,CL0141,P048,22/04/2024,4,2294.68,OK,marrakech,Carte,LIV5,
CMD24331,CL0334,P097,Jan 04 2023,3,831.82,LIVRE,CASABLANCA,Carte,LIV8,2023-01-05
CMD25783,CL0300,P001,2023-09-10,2,3693.23,KO,TANGER,Carte,LIV10,
CMD13812,CL0058,P084,May 02 2023,1,1766.11,DONE,marrakech,Carte,LIV6,2023-05-06
CMD10768,CL0652,P064,Apr 22 2024,3,3220.66,en_cours,marrakech,Carte,LIV7,
CMD10107,CL0912,P009,03/03/2023,2,3725.46,annulé,RBA,Carte,LIV6,
CMD09593,CL0935,P062,2024-04-30,1,4533.37,retourné,TNG,Carte,LIV1,2024-05-05
CMD33488,CL0307,P095,2024-03-12,3,4160.79,livre,kech,Carte,LIV9,
CMD12937,CL0077,P066,04/02/2023,2,395.13,LIVRE,RBA,Carte,LIV2,2023-02-08
CMD44227,CL0778,P016,04/12/2023,5,3992.74,OK,kech,Carte,LIV5,
CMD09189,CL0872,P029,28/05/2023,1,4755.5,DONE,kech,Carte,LIV6,2023-05-29
CMD12868,CL0023,P009,2023-07-17,4,2861.12,KO,TANGER,Carte,,
CMD14773,CL0640,P054,2023-11-18,2,2923.54,livré,CASABLANCA,Carte,LIV6,2023-11-23
CMD14537,CL0919,P021,Sep 13 2023,1,2002.2,livré,CASABLANCA,Carte,LIV10,2023-09-17
CMD22315,CL0960,P059,2023-12-02,1,115.8,livre,TANGER,Carte,LIV2,
CMD34033,CL0920,P095,13/07/2023,5,1506.4,OK,Agadir,Carte,LIV1,
CMD05934,CL0031,P077,06/03/2023,2,636.88,annulé,CASABLANCA,Carte,LIV2,
CMD08357,CL0639,P090,26/08/2023,4,2508.81,livre,kech,Carte,LIV5,
CMD44501,CL0232,P076,19/06/2023,2,1073.81,livre,Tnja,Carte,LIV2,
CMD21535,CL0750,P013,Aug 13 2023,5,740.94,retourné,TANGER,Carte,LIV1,2023-08-18
CMD35704,CL0831,P067,Feb 05 2024,2,3497.12,KO,CASABLANCA,Carte,LIV10,
CMD10821,CL0010,P085,2024-04-25,5,3653.12,LIVRE,casa,Carte,LIV1,2024-04-29
CMD03318,CL0438,P002,26/03/2024,1,988.02,livré,marrakech,Carte,LIV9,2024-03-30
CMD33742,CL0487,P004,2023-06-22,3,3391.53,livre,marrakech,Carte,,
CMD41348,CL0220,P077,28/04/2023,1,3427.67,livré,Tnja,Carte,LIV6,2023-04-29
CMD45546,CL0366,P045,Sep 19 2023,4,1217.11,KO,tanger,Carte,LIV8,
CMD06924,CL0468,P088,23/04/2024,5,2836.98,en_cours,TNG,Carte,LIV9,
CMD41875,CL0028,P051,Jan 22 2024,2,1025.57,DONE,Agadir,Carte,LIV8,2024-01-25
CMD00021,CL0598,P002,24/09/2023,5,3154.06,KO,Tnja,Carte,LIV4,
CMD14340,CL0071,P014,Apr 20 2023,2,4393.55,en_cours,kech,Carte,LIV8,
CMD24474,CL0316,P044,2023-05-19,2,4161.81,KO,tanger,Carte,LIV3,
CMD25350,CL0656,P070,May 22 2023,5,4714.12,livré,Tnja,Carte,LIV7,2023-05-26
CMD02322,CL0404,P063,2023-02-21,4,611.63,livré,kech,Carte,LIV6,2023-02-26
CMD47821,CL0477,P007,Jun 09 2023,4,1947.04,DONE,RBA,Carte,LIV3,2023-06-12
CMD43234,CL0942,P055,Mar 03 2024,5,4541.47,livré,TNG,Carte,LIV2,2024-03-08
CMD45684,CL0787,P045,2023-04-16,3,923.16,LIVRE,Tnja,Carte,LIV6,2023-04-20
CMD19498,CL0672,P052,11/09/2023,5,1681.85,OK,kech,Carte,LIV8,
CMD29932,CL0133,P061,Feb 11 2023,3,4292.27,livré,tanger,Carte,,2023-02-15
CMD39525,CL0915,P024,2023-04-16,3,4464.83,DONE,TNG,Carte,LIV3,2023-04-21
CMD12648,CL0132,P001,2023-08-31,2,1822.75,livré,tanger,Carte,LIV10,2023-09-02
CMD01135,CL0086,P097,02/03/2023,5,445.8,retourné,tanger,Carte,LIV1,2023-03-05
CMD08915,CL0480,P023,Mar 25 2024,2,557.26,LIVRE,tanger,Carte,LIV10,2024-03-30
CMD31430,CL0889,P059,13/10/2023,3,1631.86,OK,marrakech,Carte,LIV5,
CMD37500,CL0766,P088,Oct 11 2023,2,1456.6,retourné,marrakech,Carte,LIV1,2023-10-15
CMD46010,CL0451,P062,2023-04-06,5,3445.62,livré,TNG,Carte,LIV10,2023-04-11
CMD45886,CL0628,P027,2024-03-31,-1,1407.16,retourné,TANGER,Carte,LIV1,2024-04-04
CMD34529,CL0883,P072,01/04/2024,4,1881.37,DONE,CASABLANCA,Carte,LIV3,2024-04-04
CMD06266,CL0649,P098,Dec 13 2023,4,1184.31,livré,Agadir,Carte,LIV8,2023-12-16
CMD02004,CL0978,P063,May 09 2024,4,295.02,livré,Agadir,Carte,LIV4,2024-05-11
CMD19988,CL0154,P029,2024-03-06,5,3687.28,livré,Agadir,Carte,LIV1,2024-03-08
CMD03464,CL0123,P033,2023-05-24,4,1015.28,annulé,Tnja,Carte,LIV7,
CMD46683,CL0037,P022,22/03/2023,5,4889.31,retourné,kech,Carte,LIV6,2023-03-23
CMD25739,CL0355,P056,2023-11-03,2,4558.28,DONE,CASABLANCA,Carte,LIV9,2023-11-06
CMD17806,CL0559,P095,2023-10-23,1,1612.4,livre,kech,Carte,LIV7,
CMD33327,CL0219,P029,Nov 08 2023,3,1095.18,KO,Agadir,Carte,LIV6,
CMD19599,CL0473,P096,Jun 22 2023,3,4649.75,OK,Tnja,Carte,LIV7,
CMD44289,CL0338,P099,2023-11-22,1,4374.59,livre,Agadir,Carte,LIV10,
CMD48147,CL0643,P015,2023-10-12,4,4728.44,DONE,CASABLANCA,Carte,LIV2,2023-10-13
CMD24418,CL0250,P017,03/03/2024,2,1700.2,livré,TANGER,Carte,LIV5,2024-03-07
CMD08467,CL0913,P077,20/02/2023,1,943.02,livré,tanger,Carte,LIV3,2023-02-21
CMD19526,CL0357,P043,2023-11-25,5,1535.35,DONE,tanger,Carte,LIV1,2023-11-30
CMD33082,CL0878,P023,2023-12-25,1,3257.82,livré,TANGER,Carte,LIV4,2023-12-26
CMD06868,CL0510,P061,Nov 06 2023,1,1901.76,livré,TNG,Carte,LIV8,2023-11-08
CMD35649,CL0648,P014,15/04/2023,1,4822.69,livré,Tnja,Carte,LIV4,2023-04-19
CMD37265,CL0674,P058,13/02/2023,5,3986.29,OK,TNG,Carte,LIV8,
CMD13552,CL0018,P088,Mar 25 2024,2,4959.03,annulé,Agadir,Carte,LIV7,
CMD36153,CL0085,P022,29/11/2023,2,1594.17,LIVRE,tanger,Carte,LIV8,2023-12-03
CMD10566,CL0203,P006,22/01/2023,5,3640.09,KO,Tnja,Carte,LIV5,
CMD26774,CL0346,P014,2024-03-15,4,3001.26,livre,Agadir,Carte,LIV4,
CMD07039,CL0694,P084,03/11/2023,2,1168.67,livre,CASABLANCA,Carte,LIV2,
CMD11155,CL0565,P017,2023-04-12,1,1309.61,en_cours,RBA,Carte,,
CMD27491,CL0315,P032,Jan 08 2023,5,292.63,livré,Agadir,Carte,LIV6,2023-01-09
CMD09630,CL0114,P028,2023-04-01,5,2974.72,livré,marrakech,Carte,LIV2,2023-04-02
CMD08656,CL0208,P051,2023-04-01,5,965.35,livré,CASABLANCA,Carte,LIV9,2023-04-02
CMD10591,CL0916,P020,10/10/2023,2,614.7,retourné,TANGER,Carte,LIV8,2023-10-12
CMD34056,CL0434,P080,2023-11-26,3,4716.79,retourné,marrakech,Carte,LIV2,2023-11-27
CMD02492,CL0923,P021,2023-03-24,2,925.93,OK,TANGER,Carte,LIV1,
CMD02008,CL0898,P076,Aug 31 2023,3,3716.24,en_cours,TNG,Carte,LIV7,
CMD02627,CL0394,P034,22/04/2023,3,3945.7,en_cours,kech,Carte,LIV4,
CMD29448,CL0559,P070,Dec 21 2023,1,1374.36,retourné,kech,Carte,LIV9,2023-12-26
CMD25741,CL0838,P062,Jul 29 2023,3,2983.52,annulé,RBA,Carte,LIV9,
CMD07316,CL0646,P026,2024-04-03,1,2620.16,OK,CASABLANCA,Carte,LIV1,
CMD25144,CL0900,P027,2023-02-26,5,293.12,DONE,CASABLANCA,Carte,LIV8,2023-03-02
CMD40357,CL0506,P070,2023-02-25,4,1253.32,KO,kech,Carte,,
CMD01028,CL0902,P006,10/01/2023,1,1234.16,livré,TNG,Carte,LIV5,2023-01-15
CMD01002,CL0918,P080,Feb 20 2023,4,4520.44,en_cours,Agadir,Carte,LIV10,
CMD42378,CL0268,P032,2023-08-08,4,2107.89,OK,marrakech,Carte,LIV5,
CMD45711,CL0088,P098,2023-10-02,4,200.02,OK,Agadir,Carte,LIV10,
CMD37399,CL0735,P002,26/05/2023,4,3393.22,livré,marrakech,Carte,LIV10,2023-05-30
CMD05070,CL0174,P043,2023-09-23,4,352.57,DONE,marrakech,Carte,LIV2,2023-09-25
CMD21898,CL0516,P094,24/05/2023,5,3523.14,KO,Agadir,Carte,LIV2,
CMD47939,CL0773,P028,09/03/2023,2,3596.74,livré,TNG,Carte,LIV5,2023-03-13
CMD37771,CL0692,P089,Feb 23 2024,2,4709.19,OK,kech,Carte,LIV10,
CMD01327,CL0113,P072,May 24 2023,3,168.83,livré,kech,Carte,LIV5,2023-05-27
CMD26438,CL0625,P028,Sep 22 2023,1,2832.08,annulé,TANGER,Carte,LIV7,
CMD42822,CL0892,P063,2023-09-05,4,0,DONE,RBA,Carte,LIV3,2023-09-07
CMD06758,CL0850,P054,06/04/2024,1,2999.03,livré,Agadir,Carte,LIV7,2024-04-11
CMD34564,CL0575,P043,26/05/2023,2,3190.88,livré,RBA,Carte,LIV4,2023-05-29
CMD27852,CL0700,P072,May 07 2024,3,2423.85,LIVRE,TNG,Carte,LIV8,2024-05-08
CMD35391,CL0281,P003,Oct 06 2023,5,3504.27,LIVRE,TANGER,Carte,LIV5,2023-10-11
CMD03461,CL0433,P053,06/11/2023,2,1690.66,OK,Agadir,Carte,,
CMD46411,CL0447,P039,07/04/2023,1,1107.93,LIVRE,RBA,Carte,LIV8,2023-04-12
CMD29410,CL0340,P052,16/11/2023,4,1533.45,livré,RBA,Carte,LIV6,2023-11-20
CMD47074,CL0381,P062,Aug 01 2023,3,1585.54,annulé,CASABLANCA,Carte,LIV10,
CMD07872,CL0296,P022,Aug 23 2023,4,2028.12,DONE,CASABLANCA,Carte,LIV8,2023-08-26
CMD27980,CL0446,P004,2023-02-02,3,4139.05,livre,TANGER,Carte,LIV3,
CMD16631,CL0163,P030,10/05/2024,2,3470.34,livré,TNG,Carte,LIV4,2024-05-11
CMD10696,CL0588,P054,16/04/2023,2,3922.37,livré,tanger,Carte,LIV9,2023-04-19
CMD25271,CL0529,P061,24/03/2023,4,4941.44,KO,marrakech,Carte,LIV2,
CMD26473,CL0991,P019,2023-08-22,2,660.76,KO,TNG,Carte,LIV5,
CMD06888,CL0735,P003,2023-04-03,1,2672.75,livré,TNG,Carte,LIV8,2023-04-08
CMD04339,CL0921,P035,Jan 16 2023,3,4746.79,OK,marrakech,Carte,LIV5,
CMD41854,CL0712,P018,2023-04-19,4,1608.03,OK,TNG,Carte,LIV3,
CMD26125,CL0731,P071,Oct 17 2023,3,594.43,livré,casa,Carte,LIV8,2023-10-22
CMD02212,CL0370,P089,2023-11-05,3,4710.41,LIVRE,TANGER,Carte,LIV5,2023-11-07
CMD10440,CL0692,P036,2023-12-29,4,3728.83,annulé,marrakech,Carte,,
CMD02930,CL0645,P099,2023-10-18,5,4424.77,livré,CASABLANCA,Carte,LIV9,2023-10-21
CMD33695,CL0928,P065,05/06/2023,3,4787.45,livre,tanger,Carte,LIV2,
CMD26052,CL0179,P096,2023-07-13,5,1973.08,en_cours,CASABLANCA,Carte,LIV5,
CMD09309,CL0792,P011,29/07/2023,5,592.88,livré,Tnja,Carte,LIV7,2023-08-01
CMD28196,CL0233,P028,Jan 04 2023,3,4666.85,livré,Agadir,Carte,LIV10,2023-01-07
CMD30843,CL0302,P090,Aug 03 2023,2,739.77,livré,tanger,Carte,LIV4,2023-08-05
CMD07736,CL0968,P063,Oct 13 2023,4,546.44,en_cours,TNG,Carte,LIV3,
CMD44343,CL0852,P026,11/01/2024,4,2212.95,en_cours,CASABLANCA,Carte,LIV2,
CMD12076,CL0912,P058,Mar 31 2023,3,2741.17,retourné,Agadir,Carte,LIV10,2023-04-02
CMD11120,CL0231,P017,2023-09-11,5,1333.16,livré,CASABLANCA,Carte,LIV5,2023-09-12
CMD30620,CL0393,P063,05/01/2023,1,4266.32,LIVRE,marrakech,Carte,LIV4,2023-01-10
CMD08913,CL0330,P022,2023-11-20,1,1455.94,livre,tanger,Carte,LIV5,
CMD25340,CL0945,P045,2023-07-12,4,2789.59,livré,kech,Carte,LIV10,2023-07-16
CMD40757,CL0288,P038,19/02/2023,4,4702.27,KO,Tnja,Carte,LIV2,
CMD05520,CL0879,P066,16/03/2024,5,3130.17,livré,marrakech,Carte,LIV6,2024-03-17
CMD11650,CL0299,P002,11/06/2023,3,4152.74,OK,TANGER,Carte,LIV4,
CMD44833,CL0582,P100,2023-12-12,4,3497.93,livré,CASABLANCA,Carte,,2023-12-17
CMD23414,CL0624,P092,Nov 11 2023,1,3486.36,annulé,kech,Carte,LIV4,
CMD31695,CL0220,P057,2023-02-20,4,3035.37,livré,Agadir,Carte,LIV8,2023-02-21
CMD16872,CL0199,P077,Aug 28 2023,5,136.32,en_cours,RBA,Carte,LIV3,
CMD18841,CL0018,P054,Aug 04 2023,5,3330.66,DONE,Tnja,Carte,LIV3,2023-08-08
CMD38469,CL0303,P060,Jul 27 2023,5,4388.44,retourné,Tnja,Carte,LIV6,2023-07-30
CMD23232,CL0915,P067,2023-12-22,5,1531.4,retourné,CASABLANCA,Carte,LIV4,2023-12-24
CMD44887,CL0517,P064,17/08/2023,4,2640.02,OK,Agadir,Carte,LIV4,
CMD35824,CL0066,P029,Jul 15 2023,2,4738.76,retourné,kech,Carte,LIV7,2023-07-20
CMD33432,CL0970,P042,2023-11-16,2,2267.52,annulé,Agadir,Carte,LIV9,
CMD45181,CL0061,P025,2023-10-25,2,4275.51,en_cours,marrakech,Carte,LIV2,
CMD22133,CL0913,P036,2023-04-28,3,716.13,livre,CASABLANCA,Carte,LIV2,
CMD12292,CL0291,P047,16/01/2023,2,2363.58,KO,CASABLANCA,Carte,LIV8,
CMD33739,CL0985,P097,2023-07-06,2,2994.4,retourné,RBA,Carte,LIV9,2023-07-08
CMD38705,CL0046,P075,Nov 28 2023,4,2009.66,livré,marrakech,Carte,LIV8,2023-11-29
CMD37242,CL0059,P078,10/02/2023,4,4390.45,en_cours,CASABLANCA,Carte,LIV3,
CMD28013,CL0538,P034,Feb 21 2024,3,2886.1,annulé,TNG,Carte,LIV2,
CMD35984,CL0088,P017,Feb 13 2024,3,3421.61,LIVRE,CASABLANCA,Carte,LIV9,2024-02-15
CMD33499,CL0380,P078,2023-07-09,3,2967.25,LIVRE,TANGER,Carte,LIV4,2023-07-13
CMD20257,CL0815,P076,Jul 20 2023,1,1293.22,retourné,Agadir,Carte,LIV1,2023-07-21
CMD25778,CL0848,P004,May 02 2024,2,3634.19,annulé,Agadir,Carte,LIV7,
CMD39730,CL0405,P038,Mar 23 2023,4,4770.88,LIVRE,casa,Carte,LIV1,2023-03-26
CMD00608,CL0394,P035,2023-06-21,2,4217.99,livré,tanger,Carte,LIV7,2023-06-23
CMD45026,CL0189,P097,11/05/2024,3,4332.69,KO,marrakech,Carte,LIV5,
CMD18596,CL0952,P072,2023-11-01,1,3310.23,LIVRE,TANGER,Carte,LIV6,2023-11-04
CMD35061,CL0450,P052,Apr 25 2024,4,3347.84,LIVRE,Agadir,Carte,LIV7,2024-04-27
CMD02137,CL0833,P051,2024-05-07,2,563.51,livré,kech,Carte,LIV9,2024-05-11
CMD10698,CL0079,P018,05/09/2023,3,214.96,livré,TNG,Carte,LIV10,2023-09-10
CMD35346,CL0927,P084,2023-04-14,5,584.73,livré,RBA,Carte,LIV4,2023-04-18
CMD13422,CL0308,P011,Dec 21 2023,1,3038.37,DONE,TANGER,Carte,LIV9,2023-12-25
CMD32235,CL0481,P008,2024-05-09,3,2402.92,livré,kech,Carte,LIV8,2024-05-14
CMD05580,CL0060,P096,2023-07-15,2,2440.73,livré,TANGER,Carte,LIV8,2023-07-18
CMD11974,CL0069,P029,Feb 08 2023,4,4748.37,en_cours,casa,Carte,LIV6,
CMD40308,CL0474,P086,Aug 04 2023,1,2194.75,OK,TANGER,Carte,LIV9,
CMD37946,CL0942,P050,Feb 14 2024,5,3154.77,livré,Agadir,Carte,LIV1,2024-02-17
CMD45339,CL0473,P073,Mar 24 2024,4,4986.84,retourné,casa,Carte,,2024-03-29
CMD38437,CL0305,P082,Jan 18 2023,5,3544.6,KO,tanger,Carte,,
CMD26576,CL0851,P051,Apr 11 2023,5,2490.06,KO,Tnja,Carte,LIV3,
CMD17626,CL0553,P059,May 31 2023,2,2273.83,en_cours,TNG,Carte,LIV9,
CMD41473,CL0529,P034,Jan 25 2023,2,518.93,retourné,CASABLANCA,Carte,,2023-01-26
CMD24271,CL0743,P037,2023-05-05,5,796.37,LIVRE,Tnja,Carte,LIV5,2023-05-08
CMD29142,CL0030,P067,Jan 06 2024,3,4000.31,livré,Agadir,Carte,LIV2,2024-01-08
CMD35419,CL0029,P096,Mar 17 2023,4,2927.07,retourné,CASABLANCA,Carte,LIV2,2023-03-18
CMD02545,CL0095,P082,2023-10-28,3,780.88,retourné,tanger,Carte,,2023-11-02
CMD20852,CL0812,P068,Jan 26 2023,3,2911.24,retourné,RBA,Carte,LIV7,2023-01-27
CMD05256,CL0186,P006,11/12/2023,2,2061.97,KO,casa,Carte,LIV2,
CMD42538,CL0083,P052,13/01/2024,4,4895.42,LIVRE,CASABLANCA,Carte,LIV4,2024-01-14
CMD36746,CL0868,P034,Sep 23 2023,5,1342.82,en_cours,RBA,Carte,LIV2,
CMD11801,CL0283,P072,10/04/2024,1,405.33,LIVRE,TNG,Carte,LIV2,2024-04-14
CMD29325,CL0181,P081,2023-05-07,1,4301.62,en_cours,TANGER,Carte,LIV7,
CMD47636,CL0274,P082,21/05/2023,2,1581.95,DONE,Agadir,Carte,LIV1,2023-05-26
CMD27089,CL0512,P071,Mar 11 2023,1,1081.63,en_cours,TANGER,Carte,LIV1,
CMD21360,CL0722,P014,14/06/2023,5,4573.66,OK,tanger,Carte,LIV7,
CMD20609,CL0536,P038,Oct 23 2023,4,1464.73,en_cours,Agadir,Carte,LIV1,
CMD34859,CL0448,P043,2024-02-05,3,3299.02,LIVRE,marrakech,Carte,,2024-02-08
CMD05913,CL0120,P028,Apr 08 2023,3,2494.07,KO,Agadir,Carte,LIV7,
CMD26319,CL0454,P096,Aug 19 2023,1,2898.04,annulé,CASABLANCA,Carte,,
CMD40777,CL0930,P040,2023-12-27,2,4783.87,livré,TANGER,Carte,LIV7,2023-12-30
CMD15731,CL0017,P080,Mar 19 2023,5,323.9,livré,TANGER,Carte,LIV3,2023-03-23
CMD02279,CL0436,P068,Oct 16 2023,5,1992.69,livré,tanger,Carte,LIV4,2023-10-20
CMD26890,CL0460,P062,Feb 12 2023,3,3852.95,KO,Tnja,Carte,LIV4,
CMD44374,CL0882,P093,May 06 2024,1,2097.99,annulé,TNG,Carte,LIV7,
CMD31749,CL0635,P100,Mar 31 2023,5,3475.24,KO,RBA,Carte,LIV6,
CMD13904,CL0424,P088,Mar 12 2024,3,910.5,livré,RBA,Carte,LIV9,2024-03-17
CMD22797,CL0702,P004,2023-03-20,2,4524.42,KO,Tnja,Carte,LIV10,
CMD40203,CL0555,P003,2024-01-29,3,2731.36,livré,TNG,Carte,LIV2,2024-02-02
CMD01481,CL0907,P013,Mar 25 2023,5,3550.89,DONE,tanger,Carte,,2023-03-28
CMD15042,CL0276,P092,21/05/2023,1,1257.88,DONE,Agadir,Carte,,2023-05-25
CMD47119,CL0094,P016,Sep 16 2023,4,2738.77,livre,CASABLANCA,Carte,LIV5,
CMD33963,CL0251,P100,13/12/2023,5,1798.07,annulé,Tnja,Carte,LIV9,
CMD03419,CL0151,P095,14/05/2023,4,3707.62,en_cours,CASABLANCA,Carte,LIV7,
CMD18074,CL0958,P016,2023-07-27,5,1664.24,DONE,tanger,Carte,LIV8,2023-08-01
CMD45562,CL0538,P049,Aug 27 2023,2,313.66,OK,Tnja,Carte,LIV1,
CMD21479,CL0336,P041,May 29 2023,4,3096.75,en_cours,tanger,Carte,LIV8,
CMD28750,CL0046,P070,18/04/2024,2,3935.91,KO,RBA,Carte,LIV1,
CMD24817,CL0909,P037,2023-03-11,5,1793.46,annulé,tanger,Carte,LIV7,
CMD03585,CL0869,P095,May 02 2024,2,1287.4,KO,CASABLANCA,Carte,LIV5,
CMD32254,CL0400,P031,29/09/2023,2,3717.66,livré,Agadir,Carte,LIV6,2023-09-30
CMD23813,CL0045,P053,10/02/2024,3,1571.43,annulé,Tnja,Carte,LIV4,
CMD16825,CL0303,P100,2023-01-12,2,820.29,DONE,tanger,Carte,LIV7,2023-01-15
CMD21958,CL0503,P032,11/01/2023,2,0,retourné,RBA,Carte,LIV1,2023-01-16
CMD31255,CL0565,P013,Dec 26 2023,1,673.63,livré,kech,Carte,LIV8,2023-12-31
CMD31579,CL0500,P049,2023-05-13,1,480.84,annulé,TNG,Carte,LIV2,
CMD08566,CL0686,P065,2024-04-17,3,2680.56,KO,Tnja,Carte,LIV5,
CMD22207,CL0553,P059,Jan 23 2023,1,711.67,annulé,RBA,Carte,LIV10,
CMD45813,CL0008,P013,Sep 19 2023,4,3221.04,retourné,kech,Carte,LIV10,2023-09-24
CMD19539,CL0434,P084,Nov 28 2023,3,4121.65,livré,tanger,Carte,LIV7,2023-12-02
CMD12558,CL0122,P030,21/10/2023,4,626.67,LIVRE,TNG,Carte,LIV10,2023-10-22
CMD13135,CL0650,P003,08/01/2024,2,3287.89,OK,CASABLANCA,Carte,LIV6,
CMD09037,CL0485,P008,13/02/2023,2,659.37,retourné,marrakech,Carte,,2023-02-17
CMD19743,CL0400,P064,Feb 08 2024,1,855.31,DONE,tanger,Carte,,2024-02-12
CMD18731,CL0083,P018,07/09/2023,1,1200.89,OK,RBA,Carte,LIV6,
CMD09026,CL0534,P087,03/02/2024,1,3102.01,LIVRE,RBA,Carte,LIV8,2024-02-05
CMD28552,CL0470,P026,2023-12-11,3,119.24,en_cours,tanger,Carte,LIV4,
CMD04799,CL0986,P070,Jun 30 2023,2,2068.42,livré,kech,Carte,LIV7,2023-07-01
CMD47591,CL0291,P006,Aug 14 2023,2,1935.29,LIVRE,Agadir,Carte,LIV7,2023-08-17
CMD35321,CL0303,P099,2023-02-10,5,2443.48,OK,Agadir,Carte,LIV5,
CMD42329,CL0191,P079,2023-09-10,-1,4261.42,livré,CASABLANCA,Carte,LIV8,2023-09-12
CMD14003,CL0522,P078,2024-04-16,1,3030.75,annulé,tanger,Carte,LIV4,
CMD27409,CL0160,P100,27/01/2023,5,1666.92,livré,tanger,Carte,LIV8,2023-02-01
CMD31627,CL0485,P048,Apr 04 2023,5,3135.41,OK,TNG,Carte,LIV10,
CMD27070,CL0503,P035,Oct 29 2023,5,4469.42,livré,Agadir,Carte,LIV1,2023-10-31
CMD10737,CL0949,P070,2023-12-04,2,3589.22,en_cours,TANGER,Carte,LIV10,
CMD18880,CL0321,P052,Apr 25 2024,1,1241.44,retourné,casa,Carte,LIV4,2024-04-29
CMD03695,CL0822,P078,2023-02-06,4,1565.89,livré,casa,Carte,,2023-02-09
CMD29292,CL0751,P009,Dec 29 2023,3,2702.5,livré,Tnja,Carte,LIV8,2023-12-30
CMD30739,CL0387,P055,2024-02-02,1,314.8,annulé,tanger,Carte,,
CMD40292,CL0037,P006,28/10/2023,2,2887.0,livré,CASABLANCA,Carte,LIV9,2023-10-29
CMD19196,CL0523,P006,Feb 02 2023,1,945.62,DONE,TNG,Carte,LIV10,2023-02-05
CMD29432,CL0907,P082,Dec 08 2023,2,2530.45,livré,Tnja,Carte,LIV1,2023-12-13
CMD38991,CL0354,P086,2024-03-02,4,2902.73,livre,casa,Carte,LIV10,
CMD43026,CL0535,P024,Sep 17 2023,1,588.33,livré,casa,Carte,LIV1,2023-09-22
CMD17975,CL0583,P012,Apr 15 2023,5,3831.27,retourné,TNG,Carte,LIV3,2023-04-16
CMD31863,CL0808,P097,Oct 04 2023,4,4950.37,LIVRE,Tnja,Carte,LIV5,2023-10-07
CMD21103,CL0662,P084,22/04/2023,1,2232.15,livré,casa,Carte,LIV1,2023-04-27
CMD02055,CL0248,P034,08/04/2023,4,3947.39,livre,casa,Carte,LIV5,
CMD31641,CL0805,P086,2023-10-18,4,617.62,DONE,casa,Carte,,2023-10-19
CMD43662,CL0130,P078,20/04/2023,4,365.82,retourné,TNG,Carte,LIV6,2023-04-25
CMD24981,CL0289,P095,2024-03-29,4,915.08,LIVRE,marrakech,Carte,LIV1,2024-04-02
CMD08781,CL0929,P073,14/02/2023,4,1713.63,livre,tanger,Carte,LIV3,
CMD38471,CL0994,P020,2024-01-31,3,975.35,LIVRE,casa,Carte,LIV3,2024-02-03
CMD27708,CL0255,P014,2023-09-18,2,1455.72,OK,casa,Carte,LIV6,
CMD17842,CL0983,P050,Oct 08 2023,5,1423.28,livre,kech,Carte,LIV6,
CMD00440,CL0946,P054,12/10/2023,5,3957.39,en_cours,casa,Carte,LIV1,
CMD15779,CL0101,P090,2023-11-24,3,3786.21,livre,tanger,Carte,LIV7,
CMD28130,CL0656,P029,2023-12-03,5,4898.71,en_cours,TNG,Carte,LIV1,
CMD37610,CL0999,P015,30/01/2024,1,4405.72,livré,CASABLANCA,Carte,LIV5,2024-02-01
CMD09457,CL0132,P072,2023-07-08,2,4843.58,livré,CASABLANCA,Carte,,2023-07-12
CMD37659,CL0597,P041,2023-10-24,3,541.1,livre,Tnja,Carte,LIV2,
CMD14193,CL0851,P098,24/11/2023,4,655.07,LIVRE,RBA,Carte,LIV1,2023-11-25
CMD35216,CL0117,P077,Jun 14 2023,4,414.24,livré,TNG,Carte,,2023-06-17
CMD24619,CL0912,P044,Mar 31 2024,5,1737.3,retourné,TNG,Carte,LIV4,2024-04-05
CMD42078,CL0377,P069,23/04/2023,4,3974.55,livré,CASABLANCA,Carte,LIV8,2023-04-28
CMD43607,CL0678,P038,Sep 11 2023,4,1196.43,KO,marrakech,Carte,LIV9,
CMD17471,CL0151,P006,2023-05-14,2,1721.98,annulé,CASABLANCA,Carte,LIV8,
CMD06922,CL0442,P093,21/05/2023,3,2614.28,livré,CASABLANCA,Carte,LIV3,2023-05-23
CMD45663,CL0084,P042,Sep 12 2023,1,3021.77,livre,CASABLANCA,Carte,LIV5,
CMD04591,CL0474,P073,Feb 12 2024,1,2591.65,KO,Tnja,Carte,LIV2,
CMD12436,CL0060,P044,18/04/2023,5,1277.47,en_cours,Agadir,Carte,LIV8,
CMD31554,CL0425,P053,Mar 03 2024,2,660.33,livre,casa,Carte,LIV5,
CMD41986,CL0469,P060,03/09/2023,5,2102.73,KO,CASABLANCA,Carte,LIV3,
CMD00870,CL0182,P048,Apr 07 2023,2,1221.36,livré,casa,Carte,,2023-04-10
CMD14800,CL0049,P014,10/06/2023,2,3673.06,livré,Agadir,Carte,LIV4,2023-06-11
CMD46142,CL0483,P065,2024-01-16,5,4948.77,retourné,kech,Carte,,2024-01-18
CMD48494,CL0072,P042,2023-01-04,5,1943.0,annulé,Tnja,Carte,LIV4,
CMD42742,CL0652,P050,07/05/2024,4,1373.69,annulé,TANGER,Carte,LIV4,
CMD24404,CL0329,P042,11/02/2023,5,2890.36,livre,TNG,Carte,LIV9,
CMD03195,CL0440,P036,22/02/2024,2,1196.21,livré,kech,Carte,LIV2,2024-02-26
CMD00215,CL0330,P007,16/02/2023,5,310.05,livré,CASABLANCA,Carte,LIV10,2023-02-17
CMD11872,CL0656,P072,2024-05-03,2,2833.65,OK,marrakech,Carte,LIV6,
CMD19315,CL0040,P091,2023-06-14,3,1546.43,en_cours,Agadir,Carte,LIV7,
CMD06878,CL0714,P097,04/07/2023,3,3346.64,OK,CASABLANCA,Carte,LIV1,
CMD20607,CL0630,P059,Mar 08 2024,3,4388.43,annulé,Agadir,Carte,LIV10,
CMD47399,CL0468,P029,04/05/2024,5,3070.49,livré,Tnja,Carte,LIV5,2024-05-09
CMD09176,CL0851,P008,2024-03-18,1,3344.22,retourné,CASABLANCA,Carte,LIV6,2024-03-23
CMD45757,CL0784,P032,2023-04-28,3,983.74,OK,Agadir,Carte,,
CMD10719,CL0565,P087,2023-08-04,2,4940.7,LIVRE,kech,Carte,LIV3,2023-08-08
CMD14937,CL0244,P034,2024-02-21,4,359.71,retourné,Agadir,Carte,LIV9,2024-02-24
CMD24599,CL0828,P088,20/01/2024,4,4658.94,LIVRE,casa,Carte,LIV5,2024-01-21
CMD47785,CL0011,P059,May 08 2023,4,2721.64,livré,TNG,Carte,LIV5,2023-05-11
CMD23872,CL0004,P081,2023-12-13,5,1628.86,DONE,casa,Carte,LIV4,2023-12-16
CMD43700,CL0697,P014,09/03/2023,3,3345.32,livré,TNG,Carte,LIV10,2023-03-10
CMD04039,CL0194,P007,Feb 24 2023,2,3323.52,OK,Tnja,Carte,LIV2,
CMD35302,CL0759,P001,2024-03-27,4,198.85,LIVRE,TNG,Carte,LIV9,2024-03-28
CMD43276,CL0387,P083,Mar 15 2023,3,4741.88,livre,Tnja,Carte,LIV1,
CMD28527,CL0452,P088,2023-11-07,2,234.72,LIVRE,casa,Carte,LIV3,2023-11-12
CMD22646,CL0383,P044,2023-11-11,1,3721.31,livré,Tnja,Carte,LIV8,2023-11-12
CMD08502,CL0979,P099,Sep 06 2023,5,118.24,retourné,kech,Carte,LIV7,2023-09-10
CMD16740,CL0316,P039,2023-11-01,5,2433.5,en_cours,kech,Carte,LIV5,
CMD48118,CL0202,P053,2024-04-13,3,4458.02,en_cours,marrakech,Carte,LIV6,
CMD41088,CL0862,P047,2024-02-25,3,4474.01,livré,casa,Carte,LIV7,2024-02-27
CMD48385,CL0946,P014,2024-02-01,3,910.7,livré,tanger,Carte,LIV3,2024-02-06
CMD12036,CL0871,P013,Mar 05 2024,4,4329.86,retourné,TANGER,Carte,LIV2,2024-03-09
CMD08887,CL0265,P093,Apr 21 2023,1,1465.16,annulé,TANGER,Carte,LIV5,
CMD37444,CL0733,P077,2023-08-28,2,2502.17,livre,marrakech,Carte,,
CMD30941,CL0822,P017,29/09/2023,2,1298.49,LIVRE,CASABLANCA,Carte,LIV1,2023-10-03
CMD45619,CL0807,P019,2023-02-02,1,794.59,livre,CASABLANCA,Carte,LIV2,
CMD16108,CL0298,P033,May 12 2024,4,4444.42,LIVRE,Agadir,Carte,LIV2,2024-05-14
CMD42198,CL0044,P098,Oct 16 2023,4,1181.38,livré,kech,Carte,LIV6,2023-10-17
CMD12614,CL0712,P076,Apr 11 2024,4,3376.11,livre,tanger,Carte,LIV10,
CMD45122,CL0092,P095,07/09/2023,4,840.76,livre,CASABLANCA,Carte,LIV5,
CMD05283,CL0414,P018,Jan 15 2023,2,4095.01,LIVRE,kech,Carte,LIV3,2023-01-18
CMD29799,CL0253,P028,2023-07-03,2,1632.69,en_cours,casa,Carte,LIV4,
CMD15240,CL0186,P086,03/05/2023,4,4513.73,DONE,casa,Carte,LIV9,2023-05-08
CMD02418,CL0926,P080,2023-08-15,4,2341.14,livré,RBA,Carte,LIV7,2023-08-17
CMD20334,CL0135,P083,2023-04-30,3,2476.76,livré,casa,Carte,LIV10,2023-05-03
CMD31598,CL0957,P060,2024-05-01,1,2634.41,livré,CASABLANCA,Carte,LIV6,2024-05-05
CMD03317,CL0173,P026,2024-01-26,3,1063.48,annulé,RBA,Carte,LIV9,
CMD47787,CL0511,P042,2024-03-26,1,2993.43,annulé,TNG,Carte,LIV10,
CMD21456,CL0087,P098,May 11 2024,2,2255.87,livré,kech,Carte,LIV4,2024-05-12
CMD18087,CL0366,P075,02/02/2024,2,582.26,livre,TNG,Carte,LIV7,
CMD12242,CL0981,P044,01/01/2024,5,4752.07,annulé,Tnja,Carte,LIV5,
CMD00688,CL0522,P002,2023-10-30,1,0,LIVRE,tanger,Carte,LIV6,2023-11-02
CMD24530,CL0246,P069,2024-04-07,5,0,livré,marrakech,Carte,LIV9,2024-04-09
CMD33838,CL0277,P094,2024-01-16,3,1271.47,livré,CASABLANCA,Carte,LIV4,2024-01-19
CMD04891,CL0684,P015,Oct 20 2023,1,4835.08,retourné,TNG,Carte,LIV3,2023-10-21
CMD38874,CL0915,P007,10/11/2023,3,3401.51,retourné,kech,Carte,LIV2,2023-11-11
CMD01653,CL0257,P052,2024-03-22,5,2217.74,LIVRE,TNG,Carte,LIV8,2024-03-24
CMD27562,CL0220,P094,2023-02-26,1,730.93,livre,TNG,Carte,LIV10,
CMD02350,CL0113,P028,Jun 26 2023,2,2935.48,LIVRE,Agadir,Carte,LIV10,2023-07-01
CMD03798,CL0470,P092,29/05/2023,1,3144.09,retourné,Tnja,Carte,LIV3,2023-06-03
CMD27137,CL0169,P073,30/08/2023,1,151.14,OK,kech,Carte,LIV1,
CMD24015,CL0577,P058,15/09/2023,5,661.62,livre,kech,Carte,LIV10,
CMD42587,CL0583,P028,2023-05-20,4,2214.86,OK,Agadir,Carte,LIV4,
CMD14328,CL0417,P096,11/03/2024,2,1375.02,annulé,marrakech,Carte,LIV9,
CMD02346,CL0371,P061,29/04/2023,1,3046.46,livré,casa,Carte,LIV9,2023-05-02
CMD00254,CL0992,P044,10/12/2023,2,409.77,livré,tanger,Carte,LIV9,2023-12-13
CMD12361,CL0245,P021,Dec 04 2023,2,2793.14,livre,Tnja,Carte,LIV4,
CMD26397,CL0563,P024,Jan 15 2024,1,4235.84,DONE,TANGER,Carte,LIV1,2024-01-20
CMD20829,CL0045,P047,2024-01-17,2,1422.31,retourné,casa,Carte,LIV7,2024-01-21
CMD25274,CL0222,P058,31/08/2023,5,910.29,en_cours,TNG,Carte,LIV4,
CMD42058,CL0937,P046,Dec 29 2023,4,4448.01,en_cours,marrakech,Carte,LIV7,
CMD00037,CL0613,P091,2024-04-28,3,2134.63,OK,Tnja,Carte,,
CMD41876,CL0098,P084,2023-11-06,2,4360.05,livré,CASABLANCA,Carte,LIV2,2023-11-07
CMD10163,CL0030,P069,2023-11-11,2,3486.79,DONE,kech,Carte,LIV8,2023-11-13
CMD00565,CL0978,P071,Jan 09 2024,3,389.92,livre,TNG,Carte,LIV1,
CMD24681,CL0935,P032,2023-03-23,1,4119.65,livré,Agadir,Carte,LIV9,2023-03-24
CMD46849,CL0165,P084,12/06/2023,3,1448.75,en_cours,RBA,Carte,LIV7,
CMD05067,CL0983,P088,2024-03-27,5,2046.15,OK,Agadir,Carte,LIV10,
CMD29398,CL0887,P054,Jan 29 2023,5,0,OK,marrakech,Carte,LIV8,
CMD21219,CL0045,P048,2023-12-07,5,1377.89,OK,TNG,Carte,LIV6,
CMD03211,CL0656,P041,2024-05-14,1,4499.17,livré,TANGER,Carte,LIV9,2024-05-17
CMD04399,CL0977,P033,13/04/2023,2,2726.39,annulé,Agadir,Carte,,
CMD27999,CL0485,P089,Nov 25 2023,3,4542.42,retourné,Agadir,Carte,LIV9,2023-11-30
CMD28724,CL0242,P081,16/12/2023,2,1276.11,livré,CASABLANCA,Carte,LIV3,2023-12-19
CMD35961,CL0008,P032,2023-03-29,1,233.0,retourné,tanger,Carte,LIV8,2023-04-01
CMD04450,CL0272,P062,2024-02-29,3,1991.38,KO,TNG,Carte,LIV3,
CMD33711,CL0585,P049,17/03/2024,3,473.72,livré,TNG,Carte,LIV3,2024-03-18
CMD02920,CL0969,P078,10/01/2024,4,4223.08,OK,Tnja,Carte,LIV4,
CMD30445,CL0628,P010,2024-01-30,5,3573.88,livré,TNG,Carte,LIV4,2024-02-01
CMD45883,CL0995,P032,14/02/2023,1,519.41,livré,RBA,Carte,LIV10,2023-02-18
CMD01520,CL0943,P006,2023-06-25,1,3957.51,OK,casa,Carte,LIV9,
CMD46055,CL0757,P033,2023-08-01,5,3975.2,KO,marrakech,Carte,LIV3,
CMD46164,CL0702,P021,2023-10-04,5,3517.42,DONE,marrakech,Carte,LIV7,2023-10-05
CMD24309,CL0460,P076,03/03/2024,5,2468.11,livré,kech,Carte,LIV8,2024-03-08
CMD26955,CL0414,P082,2023-04-17,4,2707.83,livré,kech,Carte,,2023-04-20
CMD01685,CL0043,P053,02/10/2023,5,110.33,livré,RBA,Carte,LIV3,2023-10-03
CMD22658,CL0940,P018,20/04/2023,3,3860.15,LIVRE,Agadir,Carte,LIV4,2023-04-25
CMD37787,CL0654,P069,2023-07-27,2,483.76,annulé,marrakech,Carte,LIV3,
CMD21504,CL0272,P010,2023-11-15,1,1381.48,OK,kech,Carte,LIV6,
CMD02319,CL0076,P003,2023-02-28,1,2366.74,livré,RBA,Carte,LIV7,2023-03-03
CMD26645,CL0486,P022,05/10/2023,2,2061.93,livré,TANGER,Carte,LIV7,2023-10-10
CMD13607,CL0068,P031,22/04/2023,3,2929.1,en_cours,marrakech,Carte,,
CMD43411,CL0993,P054,Oct 07 2023,5,1145.36,livré,TNG,Carte,LIV5,2023-10-08
CMD10825,CL0328,P024,Jul 19 2023,4,4857.31,annulé,Agadir,Carte,LIV1,
CMD30078,CL0367,P094,2024-02-03,4,3113.92,livré,tanger,Carte,LIV10,2024-02-04
CMD26598,CL0057,P046,29/04/2024,3,1143.73,KO,TANGER,Carte,,
CMD08614,CL0157,P081,2023-10-28,1,3850.85,livré,TNG,Carte,LIV7,2023-11-02
CMD00772,CL0142,P022,03/04/2023,3,1865.51,en_cours,kech,Carte,LIV5,
CMD18081,CL0723,P067,21/04/2023,5,2808.21,DONE,TNG,Carte,LIV3,2023-04-24
CMD44769,CL0457,P075,22/01/2023,4,4370.89,LIVRE,TNG,Carte,LIV8,2023-01-25
CMD08015,CL0898,P013,Jun 23 2023,2,2101.69,livré,TNG,Carte,LIV4,2023-06-26
CMD33867,CL0050,P095,02/06/2023,2,1774.79,livré,kech,Carte,,2023-06-05
CMD26318,CL0692,P083,19/01/2023,5,4710.53,livré,TNG,Carte,LIV3,2023-01-24
CMD39970,CL0001,P088,Apr 11 2024,3,1357.29,livre,CASABLANCA,Carte,LIV10,
CMD05371,CL0470,P044,Feb 12 2023,5,4647.62,livré,TNG,Carte,LIV3,2023-02-16
CMD40874,CL0505,P040,Feb 16 2024,1,336.08,annulé,CASABLANCA,Carte,LIV5,
CMD35227,CL0736,P004,Dec 15 2023,4,690.99,livré,TNG,Carte,LIV5,2023-12-20
CMD35436,CL0514,P022,Mar 16 2023,1,2918.21,retourné,RBA,Carte,LIV7,2023-03-17
CMD15786,CL0354,P007,2023-02-17,4,3698.06,OK,kech,Carte,LIV1,
CMD23356,CL0503,P015,2023-09-12,2,4791.26,retourné,TANGER,Carte,LIV4,2023-09-15
CMD05897,CL0870,P041,10/04/2023,5,3279.83,en_cours,Agadir,Carte,LIV2,
CMD10435,CL0431,P072,2024-04-21,5,1428.81,livré,tanger,Carte,LIV4,2024-04-25
CMD27123,CL0215,P059,Aug 28 2023,4,3381.16,OK,marrakech,Carte,LIV8,
CMD06581,CL0447,P028,Mar 27 2024,3,2450.81,en_cours,RBA,Carte,LIV1,
CMD04306,CL0683,P087,Jan 30 2024,1,2019.19,KO,TANGER,Carte,LIV9,
CMD32593,CL0399,P063,2023-07-19,5,525.59,livré,TANGER,Carte,LIV3,2023-07-23
CMD47777,CL0237,P033,06/03/2023,3,1634.77,OK,casa,Carte,LIV9,
CMD41869,CL0033,P012,04/11/2023,4,3499.85,livré,Tnja,Carte,LIV10,2023-11-09
CMD45944,CL0375,P048,Apr 01 2023,2,3158.94,livré,kech,Carte,LIV2,2023-04-04
CMD28362,CL0542,P019,23/12/2023,4,1801.59,KO,RBA,Carte,LIV1,
CMD38078,CL0764,P022,Feb 25 2023,1,4016.27,livré,CASABLANCA,Carte,LIV5,2023-02-28
CMD03488,CL0787,P002,2024-03-10,3,4630.58,livré,tanger,Carte,LIV3,2024-03-11
CMD35777,CL0438,P030,Jan 30 2024,2,3661.97,DONE,kech,Carte,LIV7,2024-02-03
CMD17557,CL0194,P029,Feb 10 2023,1,1333.53,en_cours,TANGER,Carte,LIV8,
CMD24265,CL0159,P083,28/02/2024,1,215.28,KO,Agadir,Carte,LIV4,
CMD32319,CL0926,P096,2023-05-22,5,3507.21,livré,TANGER,Carte,LIV8,2023-05-24
CMD34878,CL0075,P009,2024-01-12,3,887.53,LIVRE,tanger,Carte,LIV9,2024-01-14
CMD16143,CL0404,P034,2023-07-15,4,457.62,livre,CASABLANCA,Carte,LIV6,
CMD38650,CL0634,P077,Mar 27 2023,1,3223.8,en_cours,TANGER,Carte,,
CMD36487,CL0917,P065,25/05/2023,3,208.89,OK,Agadir,Carte,LIV4,
CMD27604,CL0126,P062,Apr 14 2023,2,645.56,retourné,Agadir,Carte,LIV6,2023-04-15
CMD31280,CL0880,P018,2024-04-16,2,3374.6,DONE,casa,Carte,LIV2,2024-04-20
CMD30045,CL0849,P070,02/04/2023,2,4493.55,livré,TNG,Carte,LIV4,2023-04-06
CMD23247,CL0365,P007,Jan 25 2023,1,2088.34,livré,kech,Carte,LIV2,2023-01-27
CMD06092,CL0991,P048,Feb 14 2024,2,247.76,livre,kech,Carte,,
CMD27860,CL0680,P064,13/08/2023,3,1051.28,livré,tanger,Carte,LIV9,2023-08-14
CMD39219,CL0701,P010,2023-08-06,4,1339.76,retourné,TNG,Carte,LIV6,2023-08-08
CMD02026,CL0146,P062,Apr 15 2023,3,2110.45,livre,kech,Carte,LIV8,
CMD29375,CL0629,P040,2024-03-29,3,1027.64,KO,Tnja,Carte,,
CMD21090,CL0643,P074,May 07 2023,1,3825.33,annulé,TNG,Carte,LIV2,
CMD39579,CL0462,P033,2023-09-20,4,2990.03,livré,Agadir,Carte,LIV9,2023-09-21
CMD47518,CL0027,P036,Apr 22 2023,4,4514.01,OK,Tnja,Carte,LIV7,
CMD17124,CL0549,P053,Apr 28 2024,4,4635.41,livré,kech,Carte,LIV6,2024-05-03
CMD18149,CL0420,P093,Mar 04 2024,4,1433.02,livré,Agadir,Carte,LIV8,2024-03-05
CMD25003,CL0872,P027,06/05/2024,3,2310.61,LIVRE,CASABLANCA,Carte,LIV3,2024-05-10
CMD14616,CL0802,P003,Mar 26 2023,4,2058.44,livré,kech,Carte,LIV3,2023-03-28
CMD34110,CL0208,P100,04/03/2023,3,4581.19,livré,CASABLANCA,Carte,LIV2,2023-03-09
CMD23797,CL0420,P098,13/01/2024,3,2228.68,LIVRE,TNG,Carte,LIV6,2024-01-14
CMD13297,CL1000,P024,2023-09-22,3,3366.67,annulé,TNG,Carte,LIV5,
CMD45954,CL0216,P090,05/01/2024,4,4112.09,livre,tanger,Carte,LIV5,
CMD29864,CL0115,P080,03/10/2023,4,2215.98,en_cours,TANGER,Carte,LIV4,
CMD07156,CL0722,P037,Feb 05 2023,4,2623.77,livré,RBA,Carte,LIV1,2023-02-06
CMD34717,CL0646,P002,23/10/2023,5,2870.98,livré,casa,Carte,LIV6,2023-10-24
CMD31955,CL0502,P071,2024-02-15,5,3944.45,annulé,Tnja,Carte,LIV8,
CMD03954,CL0694,P079,Jul 05 2023,3,2282.0,livré,casa,Carte,LIV2,2023-07-07
CMD10451,CL0912,P078,May 22 2023,1,1121.94,en_cours,Tnja,Carte,LIV6,
CMD29869,CL0616,P072,22/01/2023,5,917.35,livre,CASABLANCA,Carte,LIV5,
CMD00208,CL0651,P012,2023-07-19,3,3989.25,livré,TNG,Carte,,2023-07-24
CMD20642,CL0365,P011,2023-01-13,3,2009.83,livré,marrakech,Carte,LIV5,2023-01-18
CMD36702,CL0089,P030,Feb 22 2023,3,2289.99,LIVRE,kech,Carte,LIV7,2023-02-27
CMD37434,CL0867,P080,2023-01-11,3,140.74,DONE,marrakech,Carte,LIV2,2023-01-13
CMD07714,CL0469,P077,Dec 04 2023,2,271.49,livré,tanger,Carte,LIV1,2023-12-08
CMD29951,CL0714,P048,Aug 14 2023,2,2424.67,retourné,Agadir,Carte,LIV2,2023-08-15
CMD36915,CL0686,P042,Mar 31 2024,1,2805.24,en_cours,CASABLANCA,Carte,LIV1,
CMD11451,CL0735,P046,14/03/2024,5,3542.16,livré,CASABLANCA,Carte,,2024-03-15
CMD26524,CL0010,P091,12/10/2023,2,4456.4,OK,CASABLANCA,Carte,LIV10,
CMD27697,CL0949,P036,Feb 26 2023,1,3589.05,livré,Agadir,Carte,LIV8,2023-03-03
CMD02827,CL0441,P078,29/09/2023,5,1862.72,LIVRE,casa,Carte,LIV1,2023-10-03
CMD46228,CL0410,P083,Aug 21 2023,3,0,KO,CASABLANCA,Carte,LIV10,
CMD07404,CL0418,P084,2023-07-02,4,2847.4,livre,Agadir,Carte,LIV2,
CMD20126,CL0040,P048,Jul 17 2023,2,2915.76,livré,TANGER,Carte,LIV1,2023-07-18
CMD19872,CL0072,P084,25/01/2024,2,589.8,livré,Tnja,Carte,LIV5,2024-01-27
CMD29278,CL0742,P083,2024-01-06,5,2494.65,livre,casa,Carte,LIV1,
CMD30469,CL0515,P054,Sep 12 2023,1,1623.15,annulé,TNG,Carte,LIV2,
CMD05153,CL0095,P048,Apr 10 2024,5,2596.38,DONE,casa,Carte,LIV3,2024-04-12
CMD23778,CL0887,P049,07/03/2024,4,2314.83,OK,TNG,Carte,LIV10,
CMD31133,CL0859,P064,03/04/2023,1,1605.82,annulé,Agadir,Carte,LIV6,
CMD22713,CL0587,P005,Jun 15 2023,2,4771.57,OK,Agadir,Carte,LIV8,
CMD32224,CL0657,P067,Jan 20 2023,3,3618.26,DONE,TANGER,Carte,LIV1,2023-01-21
CMD29321,CL0478,P034,2024-04-27,5,276.21,DONE,RBA,Carte,LIV8,2024-04-28
CMD33202,CL0651,P053,2023-10-19,4,3049.27,retourné,casa,Carte,LIV8,2023-10-23
CMD23986,CL0860,P018,11/10/2023,4,2886.26,OK,marrakech,Carte,LIV10,
CMD10910,CL0121,P086,06/10/2023,2,715.19,OK,Tnja,Carte,LIV2,
CMD12875,CL0274,P054,19/05/2023,3,4823.57,en_cours,TNG,Carte,LIV8,
CMD36933,CL0955,P088,Aug 24 2023,2,3800.82,livré,tanger,Carte,LIV3,2023-08-29
CMD19180,CL0154,P043,Jul 21 2023,1,4942.83,livré,casa,Carte,LIV7,2023-07-25
CMD32725,CL0146,P089,Dec 15 2023,1,375.05,KO,Tnja,Carte,LIV1,
CMD12274,CL0895,P048,22/03/2024,1,2645.69,en_cours,casa,Carte,LIV4,
CMD01674,CL0027,P043,2023-11-14,5,287.88,livré,TANGER,Carte,LIV4,2023-11-18
CMD00121,CL0875,P099,Dec 27 2023,2,3642.3,livré,Agadir,Carte,LIV2,2023-12-29
CMD23591,CL0894,P001,2023-12-30,3,3180.2,livré,casa,Carte,LIV8,2024-01-03
CMD29807,CL0185,P073,Mar 15 2024,4,3653.29,KO,Tnja,Carte,LIV1,
CMD20877,CL0133,P064,Aug 13 2023,2,3667.47,annulé,RBA,Carte,LIV7,
CMD14527,CL0225,P026,2024-01-21,1,4340.9,KO,Agadir,Carte,LIV3,
CMD02992,CL0548,P032,07/12/2023,4,4691.5,en_cours,Tnja,Carte,LIV9,
CMD14771,CL0535,P059,Dec 30 2023,5,3046.18,annulé,TANGER,Carte,LIV3,
CMD07589,CL0686,P096,Jun 23 2023,1,1965.3,annulé,TANGER,Carte,,
CMD31469,CL0013,P077,2023-07-02,5,4867.67,KO,TNG,Carte,LIV8,
CMD05850,CL0189,P003,2023-09-25,2,1606.42,livre,TNG,Carte,LIV8,
CMD04008,CL0170,P050,Mar 31 2023,2,424.67,retourné,casa,Carte,LIV6,2023-04-03
CMD34399,CL0752,P008,2023-06-22,4,1855.08,en_cours,TANGER,Carte,LIV6,
CMD19046,CL0908,P026,Aug 13 2023,3,4378.3,livre,Tnja,Carte,LIV10,
CMD43091,CL0787,P061,Nov 29 2023,-1,2815.59,annulé,RBA,Carte,LIV8,
CMD45317,CL0604,P016,2023-08-07,2,4017.39,livré,marrakech,Carte,LIV4,2023-08-12
CMD46225,CL0162,P004,2023-07-06,1,1397.37,livre,casa,Carte,LIV9,
CMD35712,CL0985,P046,04/08/2023,3,3631.28,retourné,CASABLANCA,Carte,LIV2,2023-08-08
CMD43550,CL0047,P007,2024-04-22,5,2341.2,livré,casa,Carte,LIV7,2024-04-23
CMD04902,CL0172,P032,29/04/2023,4,1709.73,retourné,casa,Carte,LIV1,2023-04-30
CMD15241,CL0880,P036,23/02/2024,1,3336.3,annulé,tanger,Carte,LIV5,
CMD34487,CL0872,P068,Jan 21 2024,1,4783.03,annulé,kech,Carte,LIV1,
CMD34738,CL0851,P088,Mar 04 2024,5,2931.37,annulé,TANGER,Carte,LIV9,
CMD38755,CL0537,P027,2023-03-23,2,1388.28,annulé,Agadir,Carte,,
CMD23061,CL0738,P071,Aug 17 2023,1,4550.01,livré,Agadir,Carte,LIV4,2023-08-19
CMD05113,CL0302,P097,Dec 17 2023,1,1248.34,livré,CASABLANCA,Carte,LIV7,2023-12-22
CMD42035,CL0063,P064,2023-02-12,4,1352.48,livré,tanger,Carte,LIV8,2023-02-17
CMD25781,CL0156,P010,2023-12-13,5,1818.14,livre,TANGER,Carte,LIV10,
CMD28021,CL0155,P092,2023-04-30,3,3948.13,DONE,TANGER,Carte,LIV1,2023-05-03
CMD45183,CL0563,P001,2023-09-02,3,2107.37,livré,Tnja,Carte,LIV8,2023-09-06
CMD36630,CL0741,P058,13/03/2024,5,3310.97,annulé,TANGER,Carte,LIV1,
CMD39149,CL0753,P034,Nov 19 2023,5,2064.78,livre,TANGER,Carte,LIV2,
CMD24246,CL0903,P010,Dec 01 2023,5,1854.08,KO,marrakech,Carte,LIV1,
CMD41684,CL0796,P041,2023-07-25,2,383.28,livré,tanger,Carte,LIV10,2023-07-26
CMD14848,CL0908,P005,16/04/2024,4,224.66,DONE,kech,Carte,LIV8,2024-04-18
CMD10298,CL0289,P058,Mar 10 2024,3,1679.51,KO,kech,Carte,LIV4,
CMD08669,CL0866,P067,2023-09-03,4,552.6,DONE,TANGER,Carte,,2023-09-04
CMD08587,CL0862,P037,Dec 15 2023,2,2071.68,en_cours,marrakech,Carte,LIV8,
CMD19668,CL0844,P091,2024-01-25,2,3549.63,livré,casa,Carte,LIV7,2024-01-30
CMD19525,CL0490,P083,Oct 07 2023,3,3099.97,livré,Agadir,Carte,LIV3,2023-10-10
CMD38134,CL0939,P018,Jun 19 2023,3,4622.68,KO,casa,Carte,LIV2,
CMD37961,CL0676,P039,2023-11-09,3,3943.09,LIVRE,marrakech,Carte,LIV7,2023-11-14
CMD44053,CL0641,P046,03/08/2023,2,2870.43,livré,casa,Carte,LIV3,2023-08-07
CMD31735,CL0452,P097,27/03/2024,5,511.86,livre,CASABLANCA,Carte,LIV3,
CMD14756,CL0599,P013,18/11/2023,1,4795.39,livré,Tnja,Carte,LIV4,2023-11-20
CMD09634,CL0275,P064,2023-10-11,2,301.44,annulé,TNG,Carte,LIV6,
CMD12530,CL0601,P050,09/01/2023,4,1582.34,en_cours,tanger,Carte,LIV9,
CMD14735,CL0351,P094,Oct 31 2023,5,4247.02,LIVRE,marrakech,Carte,LIV10,2023-11-02
CMD14026,CL0560,P094,20/01/2024,3,0,OK,marrakech,Carte,LIV2,
CMD29081,CL0772,P087,04/05/2023,1,3753.2,OK,marrakech,Carte,LIV8,
CMD31403,CL0517,P021,24/06/2023,5,879.56,en_cours,marrakech,Carte,LIV1,
CMD29784,CL0492,P048,23/10/2023,4,2757.42,en_cours,Tnja,Carte,LIV9,
CMD03576,CL0941,P064,10/12/2023,1,4938.45,OK,casa,Carte,LIV3,
CMD40266,CL0217,P010,01/04/2023,5,202.89,livré,RBA,Carte,LIV7,2023-04-05
CMD34515,CL0219,P057,Sep 27 2023,2,1258.06,OK,TNG,Carte,LIV1,
CMD10276,CL0191,P074,2023-10-01,3,927.3,LIVRE,casa,Carte,LIV3,2023-10-05
CMD12612,CL0376,P009,13/07/2023,3,4671.35,KO,kech,Carte,LIV4,
CMD47576,CL0726,P059,Feb 27 2024,3,994.2,en_cours,Agadir,Carte,LIV6,
CMD22698,CL0317,P044,28/01/2024,4,1339.29,OK,casa,Carte,LIV2,
CMD38673,CL0142,P064,Mar 21 2024,2,4875.77,LIVRE,Agadir,Carte,LIV5,2024-03-24
CMD28261,CL0619,P046,22/04/2024,1,1906.17,en_cours,CASABLANCA,Carte,LIV5,
CMD26188,CL0310,P088,19/05/2023,3,3742.36,OK,CASABLANCA,Carte,LIV6,
CMD03793,CL0732,P099,Dec 05 2023,3,3663.32,LIVRE,tanger,Carte,LIV7,2023-12-08
CMD20218,CL0782,P095,Mar 27 2024,1,1375.1,retourné,TNG,Carte,LIV1,2024-03-30
CMD21060,CL0056,P019,03/08/2023,3,2308.83,LIVRE,Agadir,Carte,LIV7,2023-08-06
CMD17496,CL0027,P044,05/10/2023,2,4525.02,livré,CASABLANCA,Carte,LIV3,2023-10-09
CMD45497,CL0883,P003,Aug 04 2023,2,2545.2,livré,kech,Carte,LIV2,2023-08-06
CMD04490,CL0980,P074,2024-02-21,4,3665.91,livré,TNG,Carte,LIV5,2024-02-25
CMD18277,CL0553,P098,2024-04-06,2,385.94,KO,RBA,Carte,LIV9,
CMD21694,CL0521,P062,2023-01-07,4,4718.51,KO,marrakech,Carte,LIV2,
CMD29898,CL0833,P012,Sep 06 2023,3,4299.34,livré,kech,Carte,LIV2,2023-09-11
CMD18144,CL0014,P016,2023-10-31,1,365.9,LIVRE,casa,Carte,LIV3,2023-11-01
CMD02213,CL0726,P029,2023-12-05,5,462.18,livré,RBA,Carte,LIV6,2023-12-07
CMD40648,CL0210,P006,21/10/2023,2,4171.52,en_cours,Tnja,Carte,LIV9,
CMD45505,CL0126,P026,23/06/2023,3,1968.37,annulé,RBA,Carte,LIV1,
CMD30520,CL0094,P061,Apr 17 2023,3,3853.1,livré,Agadir,Carte,LIV7,2023-04-19
CMD29458,CL0038,P061,Apr 15 2023,1,3748.15,OK,TNG,Carte,LIV10,
CMD45522,CL0872,P049,2023-09-27,1,313.78,retourné,RBA,Carte,LIV5,2023-09-30
CMD07728,CL0519,P006,2023-05-20,5,346.26,LIVRE,Agadir,Carte,LIV7,2023-05-24
CMD01851,CL0552,P021,2023-09-20,3,66.5,livre,CASABLANCA,Carte,LIV1,
CMD20928,CL0031,P017,21/02/2023,4,2128.01,livré,Tnja,Carte,LIV6,2023-02-23
CMD39225,CL0576,P023,2023-01-26,3,3893.53,OK,marrakech,Carte,LIV5,
CMD19369,CL0564,P097,08/10/2023,1,1745.36,livre,TNG,Carte,LIV6,
CMD06285,CL0338,P084,2024-02-05,5,1063.84,livre,casa,Carte,LIV2,
CMD04006,CL0107,P017,2023-05-09,3,617.29,livré,casa,Carte,LIV3,2023-05-13
CMD23004,CL0583,P024,Sep 18 2023,5,2758.88,livré,casa,Carte,LIV1,2023-09-19
CMD47966,CL0301,P072,2023-06-29,5,2805.81,livré,kech,Carte,LIV2,2023-07-02
CMD03881,CL0824,P070,2024-05-02,5,2557.67,DONE,TANGER,Carte,LIV3,2024-05-05
CMD47215,CL0048,P080,12/02/2023,2,381.62,DONE,kech,Carte,LIV3,2023-02-16
CMD25016,CL0096,P054,10/06/2023,4,1052.58,retourné,tanger,Carte,LIV1,2023-06-13
CMD30889,CL0083,P034,Oct 05 2023,1,1009.67,LIVRE,Tnja,Carte,LIV5,2023-10-08
CMD30914,CL0096,P030,03/11/2023,5,1761.02,KO,Tnja,Carte,LIV6,
CMD34818,CL0179,P095,2023-11-11,4,4700.32,DONE,TANGER,Carte,LIV1,2023-11-14
CMD04617,CL0925,P074,Sep 30 2023,1,1253.86,LIVRE,casa,Carte,LIV3,2023-10-03
CMD06420,CL0961,P002,11/02/2023,5,715.09,livré,kech,Carte,LIV9,2023-02-16
CMD02517,CL0248,P042,May 26 2023,5,4633.99,livre,tanger,Carte,LIV8,
CMD46036,CL0938,P038,22/12/2023,3,589.78,LIVRE,tanger,Carte,LIV1,2023-12-24
CMD27081,CL0473,P020,30/01/2024,2,1920.06,livré,tanger,Carte,LIV8,2024-02-04
CMD45405,CL0690,P098,Aug 01 2023,5,2451.53,retourné,kech,Carte,LIV10,2023-08-05
CMD25541,CL0966,P047,06/05/2024,5,1603.24,retourné,kech,Carte,LIV2,2024-05-10
CMD43444,CL0735,P083,2023-11-11,2,2971.17,en_cours,kech,Carte,LIV7,
CMD43770,CL0995,P020,04/04/2024,2,2141.6,livré,TANGER,Carte,LIV9,2024-04-09
CMD42105,CL0172,P004,09/07/2023,5,4885.62,DONE,Tnja,Carte,,2023-07-10
CMD00918,CL0489,P026,Jan 03 2024,3,774.01,livré,Tnja,Carte,LIV9,2024-01-04
CMD08584,CL0050,P090,Jan 22 2023,3,867.38,livre,casa,Carte,,
CMD31292,CL0128,P078,Mar 25 2024,5,1638.17,retourné,TANGER,Carte,,2024-03-26
CMD26111,CL0225,P097,10/01/2023,1,3364.47,LIVRE,tanger,Carte,LIV2,2023-01-12
CMD31041,CL0776,P033,14/02/2023,4,2647.73,retourné,Tnja,Carte,,2023-02-16
CMD35836,CL0393,P099,12/08/2023,4,4581.92,KO,RBA,Carte,LIV2,
CMD35222,CL0012,P020,2024-04-28,4,2711.35,retourné,marrakech,Carte,LIV10,2024-04-29
CMD24634,CL0694,P082,Jan 30 2024,4,3134.06,KO,casa,Carte,LIV5,
CMD16619,CL0681,P026,05/03/2023,5,2072.88,livre,RBA,Carte,LIV7,
CMD04554,CL0812,P082,2023-07-08,3,1132.13,annulé,Tnja,Carte,LIV6,
CMD19505,CL0219,P092,Feb 13 2024,4,819.69,retourné,Agadir,Carte,LIV9,2024-02-17
CMD11262,CL0181,P073,13/07/2023,4,3594.42,LIVRE,Tnja,Carte,,2023-07-17
CMD27244,CL0709,P025,2023-12-23,1,1056.95,LIVRE,casa,Carte,LIV3,2023-12-28
CMD21836,CL0458,P009,2023-04-05,5,2163.39,livré,RBA,Carte,,2023-04-10
CMD39170,CL0711,P019,14/03/2023,2,2954.46,annulé,TANGER,Carte,LIV1,
CMD47463,CL0918,P076,2023-01-06,4,3388.95,retourné,Tnja,Carte,LIV7,2023-01-09
CMD42785,CL0163,P018,Nov 07 2023,5,1870.33,en_cours,marrakech,Carte,LIV2,
CMD30744,CL0849,P042,Dec 21 2023,3,2206.91,en_cours,RBA,Carte,LIV3,
CMD23862,CL0832,P020,2023-05-10,1,2199.03,LIVRE,casa,Carte,LIV2,2023-05-15
CMD25939,CL0777,P038,Sep 02 2023,1,1875.86,livré,Tnja,Carte,LIV7,2023-09-06
CMD10974,CL0916,P049,2023-02-09,5,4110.15,livré,TNG,Carte,LIV5,2023-02-10
CMD40772,CL0782,P027,Jun 01 2023,2,4862.89,retourné,TANGER,Carte,LIV5,2023-06-03
CMD15582,CL0011,P055,Sep 17 2023,2,1625.47,livré,tanger,Carte,LIV7,2023-09-20
CMD07710,CL0959,P064,May 05 2023,5,2896.2,en_cours,Tnja,Carte,LIV8,
CMD26804,CL0093,P084,28/02/2024,4,2540.92,annulé,casa,Carte,,
CMD21697,CL0665,P087,25/12/2023,4,4443.16,livré,marrakech,Carte,LIV10,2023-12-27
CMD08490,CL0410,P006,05/10/2023,5,4501.05,retourné,CASABLANCA,Carte,LIV1,2023-10-08
CMD38184,CL0130,P029,Oct 02 2023,5,4597.65,livré,TANGER,Carte,LIV8,2023-10-07
CMD17883,CL0185,P056,2023-09-26,3,1931.67,annulé,TNG,Carte,LIV2,
CMD44725,CL0923,P091,2024-04-14,2,1843.96,livré,kech,Carte,LIV1,2024-04-15
CMD19198,CL0003,P098,Jan 26 2023,5,4940.33,LIVRE,Tnja,Carte,LIV2,2023-01-28
CMD40416,CL0375,P042,Jun 15 2023,2,4244.77,livré,marrakech,Carte,LIV5,2023-06-18
CMD39778,CL0177,P059,Mar 14 2023,5,3956.28,retourné,marrakech,Carte,LIV2,2023-03-18
CMD10518,CL0138,P085,Feb 23 2024,3,3266.46,KO,kech,Carte,LIV1,
CMD08704,CL0270,P029,2024-04-30,3,2553.34,en_cours,casa,Carte,LIV2,
CMD34053,CL0562,P078,Feb 20 2024,4,2261.21,livre,CASABLANCA,Carte,LIV1,
CMD44967,CL0055,P096,Dec 01 2023,3,4250.95,LIVRE,kech,Carte,LIV1,2023-12-03
CMD17159,CL0840,P007,03/07/2023,5,4630.48,DONE,tanger,Carte,LIV8,2023-07-08
CMD26160,CL0725,P011,2023-10-27,1,3903.45,livré,TNG,Carte,LIV3,2023-11-01
CMD04445,CL0359,P077,Sep 20 2023,5,606.27,livre,RBA,Carte,,
CMD09160,CL0119,P032,09/06/2023,3,1398.78,livré,CASABLANCA,Carte,LIV2,2023-06-12
CMD42952,CL0259,P054,Mar 08 2023,-1,350.5,annulé,RBA,Carte,LIV9,
CMD04965,CL0513,P028,2023-07-05,3,4140.13,LIVRE,kech,Carte,LIV2,2023-07-10
CMD35269,CL0941,P064,Jan 23 2023,1,1351.5,LIVRE,casa,Carte,LIV8,2023-01-25
CMD36508,CL0590,P081,20/05/2023,5,3650.66,livré,marrakech,Carte,LIV6,2023-05-23
CMD11883,CL0386,P025,2024-05-12,3,4218.98,livre,TANGER,Carte,LIV9,
CMD30562,CL0160,P057,24/04/2023,3,1429.31,DONE,Agadir,Carte,LIV8,2023-04-29
CMD37624,CL0978,P077,2023-03-30,3,1888.45,livré,Tnja,Carte,LIV4,2023-04-04
CMD28043,CL0992,P047,2024-01-18,1,3272.22,LIVRE,Agadir,Carte,LIV10,2024-01-19
CMD13031,CL0650,P080,Feb 17 2023,3,4401.08,annulé,tanger,Carte,LIV2,
CMD04004,CL0363,P065,Jan 15 2024,2,2382.29,livré,kech,Carte,LIV2,2024-01-20
CMD46783,CL0455,P027,11/05/2024,4,2777.61,DONE,TANGER,Carte,LIV10,2024-05-16
CMD24818,CL0251,P011,2024-01-25,5,1166.33,annulé,casa,Carte,LIV7,
CMD07001,CL0820,P013,05/10/2023,2,2622.45,livré,TANGER,Carte,LIV1,2023-10-09
CMD12955,CL0582,P068,Sep 21 2023,2,4326.29,livré,TNG,Carte,LIV2,2023-09-24
CMD08658,CL0954,P096,Aug 03 2023,3,2335.23,annulé,Tnja,Carte,LIV8,
CMD00279,CL0673,P070,15/11/2023,3,326.61,en_cours,TANGER,Carte,LIV10,
CMD47444,CL0388,P065,Feb 04 2023,3,3271.74,retourné,tanger,Carte,LIV6,2023-02-05
CMD12700,CL0939,P085,09/01/2024,4,4860.36,annulé,RBA,Carte,LIV1,
CMD34326,CL0638,P093,25/05/2023,2,2324.46,retourné,marrakech,Carte,LIV1,2023-05-30
CMD33234,CL0879,P087,29/10/2023,5,1867.82,livré,TANGER,Carte,LIV3,2023-10-31
CMD29374,CL0273,P094,Jul 09 2023,4,3453.8,livre,casa,Carte,LIV2,
CMD44256,CL0343,P085,Dec 20 2023,4,3413.8,livré,RBA,Carte,LIV4,2023-12-23
CMD19942,CL0191,P084,Dec 08 2023,5,2832.42,livré,Agadir,Carte,LIV8,2023-12-09
CMD18938,CL0920,P022,2023-11-04,4,4077.94,OK,Tnja,Carte,LIV10,
CMD16255,CL0988,P026,2023-02-16,3,1973.91,livre,marrakech,Carte,LIV5,
CMD03738,CL0729,P099,16/05/2023,5,168.62,en_cours,Tnja,Carte,,
CMD15159,CL0138,P080,Jan 14 2023,4,4544.88,DONE,tanger,Carte,LIV10,2023-01-18
CMD08724,CL0347,P026,06/02/2023,5,1192.1,en_cours,casa,Carte,LIV3,
CMD42446,CL0370,P075,Aug 06 2023,3,1987.02,en_cours,casa,Carte,LIV8,
CMD02427,CL0396,P009,25/06/2023,2,2158.62,KO,TANGER,Carte,LIV6,
CMD41721,CL0419,P019,01/08/2023,4,2412.14,retourné,RBA,Carte,LIV6,2023-08-04
CMD16124,CL0972,P036,2024-04-21,5,768.21,livre,kech,Carte,LIV5,
CMD42642,CL0631,P082,Apr 27 2023,3,4389.03,livré,casa,Carte,LIV3,2023-04-30
CMD21954,CL0994,P025,19/12/2023,4,679.17,DONE,Agadir,Carte,LIV7,2023-12-21
CMD11685,CL0779,P011,May 09 2024,3,1431.93,livré,TNG,Carte,LIV2,2024-05-13
CMD48019,CL0086,P006,2023-10-05,1,3572.85,DONE,kech,Carte,LIV4,2023-10-06
CMD10386,CL0318,P005,Feb 09 2024,3,3010.3,livré,casa,Carte,LIV9,2024-02-10
CMD02605,CL0123,P004,2023-03-21,3,936.68,livré,Agadir,Carte,LIV4,2023-03-22
CMD32851,CL0040,P063,2023-05-09,2,933.32,en_cours,kech,Carte,LIV7,
CMD34583,CL0501,P085,2023-03-23,5,3162.31,livré,marrakech,Carte,LIV5,2023-03-27
CMD10844,CL0797,P066,10/03/2023,2,2085.0,KO,CASABLANCA,Carte,LIV3,
CMD04434,CL0462,P075,2024-01-19,4,53.59,livre,tanger,Carte,LIV10,
CMD32281,CL0633,P092,2023-04-10,5,4230.58,annulé,tanger,Carte,LIV3,
CMD31397,CL0972,P047,Apr 05 2024,2,909.75,livré,marrakech,Carte,LIV2,2024-04-07
CMD03728,CL0170,P008,14/12/2023,1,1380.44,livré,tanger,Carte,LIV8,2023-12-19
CMD30511,CL0318,P067,2023-03-06,1,926.35,KO,tanger,Carte,LIV3,
CMD16210,CL0348,P001,2024-01-27,3,2232.39,livré,kech,Carte,LIV2,2024-01-29
CMD35702,CL0845,P084,Jan 20 2024,4,1151.29,annulé,Tnja,Carte,,
CMD13608,CL0852,P036,Feb 08 2024,5,2432.54,DONE,Agadir,Carte,,2024-02-11
CMD02685,CL0392,P026,03/03/2024,2,914.78,livre,TANGER,Carte,LIV2,
CMD03409,CL0675,P097,Aug 23 2023,2,2580.93,DONE,TANGER,Carte,LIV7,2023-08-25
CMD34220,CL0926,P096,25/04/2023,5,3329.07,en_cours,TANGER,Carte,LIV4,
CMD03372,CL0152,P067,Mar 24 2023,3,4171.15,livré,Agadir,Carte,LIV6,2023-03-28
CMD06001,CL0257,P090,2023-01-23,4,1621.97,retourné,tanger,Carte,LIV8,2023-01-26
CMD13968,CL0631,P027,2023-09-23,5,583.65,retourné,marrakech,Carte,LIV10,2023-09-28
CMD38689,CL0132,P096,2024-01-09,4,3005.39,livré,CASABLANCA,Carte,LIV6,2024-01-13
CMD13504,CL0411,P013,20/03/2023,5,1680.66,LIVRE,Agadir,Carte,LIV5,2023-03-21
CMD42221,CL0408,P013,2023-05-14,1,215.52,annulé,marrakech,Carte,LIV5,
CMD17822,CL0278,P097,Aug 19 2023,3,3556.6,LIVRE,Agadir,Carte,LIV8,2023-08-24
CMD03735,CL0292,P054,2023-06-13,2,1757.66,LIVRE,casa,Carte,LIV7,2023-06-16
CMD18852,CL0195,P006,Jan 08 2023,5,1520.96,LIVRE,Agadir,Carte,LIV2,2023-01-13
CMD48454,CL0770,P022,Jan 30 2024,3,286.75,LIVRE,Tnja,Carte,LIV9,2024-02-01
CMD28332,CL0257,P100,2024-01-04,2,4251.51,OK,CASABLANCA,Carte,LIV8,
CMD23263,CL0013,P090,Feb 27 2024,1,404.46,livre,CASABLANCA,Carte,LIV5,
CMD41648,CL0236,P018,20/04/2024,2,2492.78,LIVRE,Agadir,Carte,LIV9,2024-04-23
CMD14403,CL0198,P005,2024-01-10,5,1210.56,DONE,Agadir,Carte,LIV4,2024-01-15
CMD24073,CL0131,P042,2024-05-15,2,2110.3,DONE,Agadir,Carte,LIV6,2024-05-20
CMD19233,CL0723,P076,03/05/2024,4,2760.02,DONE,tanger,Carte,,2024-05-06
CMD27094,CL0010,P053,Feb 14 2024,5,3293.35,KO,Agadir,Carte,,
CMD26394,CL0153,P039,04/06/2023,2,4332.4,DONE,Tnja,Carte,LIV9,2023-06-09
CMD22649,CL0709,P092,Feb 05 2023,3,2236.32,OK,RBA,Carte,LIV1,
CMD36100,CL0689,P081,2023-08-26,4,3901.38,retourné,TANGER,Carte,LIV7,2023-08-31
CMD23658,CL0498,P054,2023-09-25,5,3365.48,livré,TNG,Carte,LIV1,2023-09-27
CMD46161,CL0615,P083,19/06/2023,3,1174.34,DONE,tanger,Carte,LIV10,2023-06-24
CMD46461,CL0773,P038,04/03/2023,2,2603.8,en_cours,marrakech,Carte,LIV5,
CMD08868,CL0825,P041,2023-04-04,1,3121.97,livré,TANGER,Carte,LIV10,2023-04-09
CMD40477,CL0220,P054,25/01/2023,4,1780.98,retourné,tanger,Carte,LIV10,2023-01-27
CMD34274,CL0990,P017,2023-08-02,4,2372.36,OK,marrakech,Carte,LIV1,
CMD19846,CL0232,P010,23/12/2023,1,3874.95,OK,tanger,Carte,LIV9,
CMD43314,CL0520,P020,Apr 05 2023,3,2114.89,OK,casa,Carte,LIV9,
CMD20336,CL0536,P010,Mar 06 2023,2,3891.53,livré,Agadir,Carte,LIV7,2023-03-08
CMD40666,CL0696,P080,Nov 04 2023,2,1946.04,livré,RBA,Carte,LIV6,2023-11-09
CMD23960,CL0568,P066,Sep 14 2023,1,1545.7,retourné,RBA,Carte,LIV9,2023-09-17
CMD31859,CL0088,P055,2023-02-17,4,3918.29,livré,Tnja,Carte,LIV10,2023-02-18
CMD46163,CL0560,P055,20/01/2024,2,3119.47,en_cours,Agadir,Carte,LIV4,
CMD43085,CL0249,P027,2023-06-11,1,348.51,livré,kech,Carte,LIV9,2023-06-14
CMD26760,CL0627,P036,2023-03-02,3,546.02,livré,tanger,Carte,LIV2,2023-03-03
CMD21488,CL0936,P084,2024-02-05,4,4347.33,annulé,TNG,Carte,LIV3,
CMD01865,CL0737,P065,10/09/2023,3,968.46,livré,TANGER,Carte,LIV5,2023-09-14
CMD45015,CL0070,P024,2023-09-05,5,4975.46,livre,tanger,Carte,LIV2,
CMD12730,CL0588,P034,Mar 11 2024,3,3962.93,livre,kech,Carte,LIV1,
CMD00331,CL0009,P021,Apr 26 2024,3,2671.24,livré,casa,Carte,LIV10,2024-04-27
CMD36947,CL0628,P094,2024-04-10,3,3937.38,LIVRE,kech,Carte,LIV5,2024-04-15
CMD20195,CL0965,P016,Jan 14 2024,5,4765.13,KO,RBA,Carte,LIV3,
CMD13258,CL0680,P023,Apr 06 2023,4,1691.49,livré,Agadir,Carte,LIV10,2023-04-09
CMD01598,CL0522,P027,2024-01-25,1,4332.64,OK,TANGER,Carte,LIV9,
CMD38892,CL0916,P100,Jan 30 2024,4,1912.5,livré,TNG,Carte,LIV6,2024-02-04
CMD28541,CL0638,P053,2024-02-29,5,2040.63,DONE,TANGER,Carte,LIV4,2024-03-04
CMD45430,CL0226,P051,Dec 20 2023,5,3762.5,KO,RBA,Carte,LIV9,
CMD15253,CL0697,P045,2023-10-24,1,2222.26,en_cours,marrakech,Carte,LIV2,
CMD15684,CL0917,P087,Jul 01 2023,1,767.69,livre,casa,Carte,LIV5,
CMD16309,CL0893,P004,24/10/2023,5,1500.96,livré,TANGER,Carte,LIV6,2023-10-28
CMD37596,CL0733,P024,May 01 2024,1,0,en_cours,tanger,Carte,LIV10,
CMD01496,CL0610,P020,08/11/2023,2,950.93,livré,casa,Carte,LIV1,2023-11-11
CMD31408,CL0651,P055,27/09/2023,5,4719.49,OK,RBA,Carte,,
CMD44924,CL0300,P028,Apr 18 2024,1,1686.21,DONE,TANGER,Carte,LIV3,2024-04-22
CMD30654,CL0231,P005,16/08/2023,5,4952.25,retourné,TANGER,Carte,LIV9,2023-08-18
CMD31079,CL0844,P076,2023-11-24,3,299.37,DONE,kech,Carte,LIV10,2023-11-27
CMD12362,CL0989,P028,29/12/2023,4,4049.33,DONE,marrakech,Carte,LIV10,2024-01-01
CMD24558,CL0317,P072,2023-07-19,4,538.82,OK,tanger,Carte,LIV1,
CMD36710,CL0611,P069,Jan 23 2024,1,3979.9,KO,tanger,Carte,LIV4,
CMD48206,CL0574,P091,2023-11-22,1,423.49,en_cours,tanger,Carte,,
CMD26602,CL0999,P091,2023-05-17,5,52.8,livré,CASABLANCA,Carte,LIV1,2023-05-19
CMD29636,CL0304,P043,2023-12-16,1,4840.33,livré,marrakech,Carte,LIV2,2023-12-17
CMD12962,CL0706,P058,2023-08-28,5,1873.23,en_cours,TNG,Carte,LIV6,
CMD17091,CL0642,P093,2024-04-01,5,1062.29,en_cours,CASABLANCA,Carte,LIV4,
CMD43255,CL0437,P053,2023-08-27,5,1575.69,en_cours,marrakech,Carte,LIV2,
CMD15059,CL0916,P040,2023-01-22,5,1858.45,annulé,kech,Carte,LIV6,
CMD47419,CL0856,P059,Dec 11 2023,3,1474.71,LIVRE,casa,Carte,LIV8,2023-12-16
CMD18948,CL0353,P091,Sep 08 2023,5,2014.42,DONE,Agadir,Carte,LIV5,2023-09-11
CMD04633,CL0845,P043,2023-05-03,1,3956.68,LIVRE,TNG,Carte,LIV1,2023-05-08
CMD24712,CL0335,P043,Apr 03 2024,4,3903.78,livre,Agadir,Carte,LIV4,
CMD23733,CL0993,P032,Feb 04 2024,2,4623.16,annulé,CASABLANCA,Carte,LIV4,
CMD35656,CL0137,P073,Apr 27 2024,2,2793.97,livre,Tnja,Carte,LIV7,
CMD15132,CL0457,P056,2024-02-02,3,419.71,DONE,tanger,Carte,LIV1,2024-02-04
CMD10749,CL0667,P087,31/01/2024,5,4510.15,retourné,CASABLANCA,Carte,LIV7,2024-02-02
CMD25346,CL0892,P027,2024-02-18,3,3327.87,LIVRE,tanger,Carte,LIV9,2024-02-23
CMD33495,CL0226,P087,2024-01-20,4,4212.9,annulé,CASABLANCA,Carte,LIV4,
CMD41961,CL0953,P085,Jan 24 2024,2,4248.63,annulé,Tnja,Carte,LIV9,
CMD05749,CL0845,P065,May 06 2024,3,2376.4,annulé,CASABLANCA,Carte,,
CMD02016,CL0104,P015,11/12/2023,2,3110.9,KO,Agadir,Carte,LIV10,
CMD37965,CL0162,P054,Jun 15 2023,1,2889.34,DONE,CASABLANCA,Carte,,2023-06-16
CMD09925,CL0956,P036,2024-05-15,5,803.36,annulé,casa,Carte,LIV7,
CMD01473,CL0686,P064,17/06/2023,3,1947.11,annulé,casa,Carte,LIV7,
CMD06156,CL0640,P031,15/04/2023,3,1507.46,retourné,TNG,Carte,LIV6,2023-04-16
CMD47350,CL0626,P066,28/01/2023,3,1834.69,KO,CASABLANCA,Carte,LIV7,
CMD42596,CL0566,P008,Mar 08 2024,5,2702.4,livré,RBA,Carte,,2024-03-10
CMD45576,CL0614,P097,18/06/2023,4,177.07,livré,Tnja,Carte,LIV2,2023-06-21
CMD12102,CL0181,P046,Mar 11 2024,4,870.94,livré,Agadir,Carte,LIV10,2024-03-14
CMD18601,CL0328,P042,Sep 29 2023,5,0,annulé,TANGER,Carte,LIV3,
CMD44390,CL0632,P053,Jan 11 2024,1,1020.43,retourné,casa,Carte,LIV9,2024-01-13
CMD42325,CL0384,P013,2023-08-08,1,203.37,OK,TANGER,Carte,LIV8,
CMD06791,CL0444,P047,Jan 06 2023,1,664.05,livré,TNG,Carte,LIV5,2023-01-07
CMD43099,CL0206,P062,2024-01-05,5,833.51,livre,TNG,Carte,LIV7,
CMD16745,CL0358,P093,15/07/2023,4,1907.96,DONE,tanger,Carte,LIV8,2023-07-20
CMD24249,CL0145,P098,04/01/2024,4,2708.2,retourné,Tnja,Carte,LIV5,2024-01-08
CMD34331,CL0533,P006,20/08/2023,4,4777.61,KO,TANGER,Carte,LIV5,
CMD10218,CL0789,P083,Apr 29 2024,3,2942.06,annulé,Agadir,Carte,LIV3,
CMD04963,CL0099,P070,2023-04-09,3,504.25,livré,TNG,Carte,LIV8,2023-04-12
CMD46388,CL0467,P050,Aug 22 2023,3,4116.01,livre,TANGER,Carte,LIV2,
CMD16310,CL0264,P026,2023-04-07,4,4854.86,livré,casa,Carte,LIV6,2023-04-09
CMD22204,CL0149,P044,18/04/2023,1,4955.28,retourné,RBA,Carte,LIV2,2023-04-23
CMD22728,CL0333,P045,2024-01-05,3,2598.38,retourné,marrakech,Carte,LIV7,2024-01-07
CMD05138,CL0641,P091,2024-01-26,2,443.74,OK,TNG,Carte,LIV7,
CMD05642,CL0870,P014,27/02/2024,4,3271.47,annulé,RBA,Carte,LIV3,
CMD42625,CL0153,P066,2023-11-10,5,3607.68,retourné,Tnja,Carte,LIV5,2023-11-15
CMD16549,CL0984,P018,Jun 06 2023,5,2589.65,annulé,kech,Carte,LIV3,
CMD30557,CL0974,P069,Jun 05 2023,5,2766.42,OK,Agadir,Carte,LIV4,
CMD06989,CL0616,P001,2024-01-29,5,1022.76,DONE,kech,Carte,,2024-02-02
CMD06905,CL0125,P064,06/05/2023,4,1031.59,annulé,Agadir,Carte,LIV4,
CMD45848,CL0308,P035,27/12/2023,1,2094.32,KO,TNG,Carte,LIV9,
CMD07887,CL0549,P056,03/11/2023,3,157.87,DONE,marrakech,Carte,LIV3,2023-11-08
CMD30658,CL0667,P031,14/08/2023,4,840.78,KO,Agadir,Carte,LIV10,
CMD08000,CL0066,P009,07/03/2023,4,99.66,annulé,casa,Carte,LIV10,
CMD47021,CL0995,P046,2024-05-01,2,3479.34,en_cours,kech,Carte,LIV6,
CMD44998,CL0924,P044,2023-09-19,4,4263.41,livré,casa,Carte,LIV5,2023-09-23
CMD25299,CL0789,P042,2024-02-29,5,4804.73,livré,marrakech,Carte,LIV6,2024-03-03
CMD44016,CL0006,P040,Aug 29 2023,5,3403.73,livré,CASABLANCA,Carte,LIV7,2023-09-03
CMD07808,CL0254,P023,10/04/2023,4,0,OK,casa,Carte,LIV8,
CMD05027,CL0748,P097,11/05/2023,2,3932.48,livré,Tnja,Carte,LIV2,2023-05-13
CMD17006,CL0561,P056,2023-04-05,3,3339.08,en_cours,casa,Carte,LIV1,
CMD25984,CL0186,P027,01/07/2023,2,2175.72,en_cours,RBA,Carte,LIV1,
CMD22966,CL0464,P079,Oct 31 2023,2,4970.3,KO,casa,Carte,LIV7,
CMD08708,CL0077,P010,2023-02-17,4,1432.16,en_cours,kech,Carte,,
CMD28132,CL0868,P100,Jan 01 2024,4,0,annulé,kech,Carte,LIV10,
CMD24118,CL0136,P055,17/12/2023,1,1995.26,DONE,RBA,Carte,LIV7,2023-12-20
CMD11156,CL0872,P024,Mar 03 2024,1,1256.21,livré,kech,Carte,LIV7,2024-03-06
CMD30465,CL0531,P066,Mar 25 2023,5,373.96,retourné,CASABLANCA,Carte,LIV9,2023-03-30
CMD27592,CL0427,P097,2024-01-04,3,3935.25,livré,tanger,Carte,LIV2,2024-01-06
CMD01802,CL0844,P085,2023-08-12,2,1965.04,DONE,CASABLANCA,Carte,LIV5,2023-08-16
CMD34666,CL0217,P071,2023-01-26,5,664.08,KO,Agadir,Carte,LIV9,
CMD19431,CL0956,P011,2024-03-06,5,4435.38,annulé,kech,Carte,LIV10,
CMD41711,CL0122,P100,2024-01-04,5,2833.09,annulé,Tnja,Carte,LIV6,
CMD17356,CL0807,P083,Sep 30 2023,4,3553.84,KO,CASABLANCA,Carte,LIV2,
CMD07291,CL0668,P012,Jul 06 2023,5,4442.49,OK,RBA,Carte,,
CMD30499,CL0637,P084,26/04/2024,4,3215.36,KO,Agadir,Carte,,
CMD40687,CL0568,P009,2023-04-09,4,4741.42,en_cours,casa,Carte,LIV2,
CMD42858,CL0937,P070,10/06/2023,2,1713.43,retourné,tanger,Carte,LIV5,2023-06-14
CMD44948,CL0335,P029,2023-07-23,4,495.44,en_cours,RBA,Carte,LIV4,
CMD34996,CL0410,P056,May 10 2023,5,4172.92,DONE,CASABLANCA,Carte,LIV5,2023-05-12
CMD06613,CL0961,P011,Oct 08 2023,3,3541.18,annulé,TANGER,Carte,LIV1,
CMD25568,CL0768,P097,Mar 15 2023,2,2884.42,LIVRE,tanger,Carte,LIV10,2023-03-18
CMD33397,CL0574,P043,09/02/2024,4,1509.77,KO,marrakech,Carte,LIV4,
CMD24742,CL0627,P097,2023-04-05,5,3756.24,OK,Tnja,Carte,,
CMD21123,CL0477,P083,Apr 04 2024,4,3206.49,livré,Agadir,Carte,LIV3,2024-04-09
CMD42489,CL0282,P070,2023-11-20,2,3791.5,LIVRE,casa,Carte,LIV5,2023-11-24
CMD47385,CL0958,P009,Oct 07 2023,4,3624.2,KO,RBA,Carte,LIV8,
CMD11341,CL0232,P082,Apr 21 2024,1,1925.29,KO,marrakech,Carte,LIV10,
CMD33377,CL0967,P032,Apr 05 2023,3,2535.98,KO,Tnja,Carte,LIV6,
CMD10030,CL0800,P037,Feb 15 2023,2,3665.63,retourné,TANGER,Carte,LIV10,2023-02-17
CMD00009,CL0476,P041,Oct 18 2023,2,583.91,KO,Agadir,Carte,LIV7,
CMD36970,CL0151,P091,Jun 10 2023,1,3804.77,livré,RBA,Carte,LIV3,2023-06-11
CMD28474,CL0791,P013,17/01/2023,3,3177.96,DONE,CASABLANCA,Carte,LIV3,2023-01-19
CMD28973,CL0679,P073,2023-04-08,4,1176.46,annulé,TANGER,Carte,LIV8,
CMD26905,CL0091,P088,Aug 29 2023,3,923.22,livré,RBA,Carte,LIV9,2023-08-31
CMD09486,CL0037,P043,30/10/2023,3,0,en_cours,TNG,Carte,LIV1,
CMD11882,CL0264,P041,Mar 12 2023,2,0,retourné,kech,Carte,LIV8,2023-03-14
CMD15515,CL0423,P044,2023-04-13,5,1916.83,livré,casa,Carte,LIV9,2023-04-18
CMD39138,CL0370,P075,Feb 23 2023,3,0,LIVRE,kech,Carte,LIV9,2023-02-26
CMD37808,CL0281,P006,2023-04-01,1,2394.91,livre,RBA,Carte,LIV7,
CMD47432,CL0269,P046,2023-09-19,2,217.11,KO,tanger,Carte,LIV2,
CMD03420,CL0417,P033,25/12/2023,1,1722.88,livré,RBA,Carte,,2023-12-29
CMD42026,CL0734,P086,2023-10-24,5,1053.62,LIVRE,Tnja,Carte,LIV10,2023-10-25
CMD40408,CL0501,P069,06/09/2023,3,3462.64,annulé,RBA,Carte,LIV7,
CMD00515,CL0284,P092,27/03/2024,1,3436.9,KO,TNG,Carte,LIV4,
CMD26684,CL0554,P033,Jul 04 2023,4,4883.1,livre,RBA,Carte,LIV6,
CMD42178,CL0177,P036,14/02/2023,3,3566.9,livre,TNG,Carte,LIV10,
CMD48340,CL0938,P086,Jun 25 2023,3,3545.11,livré,CASABLANCA,Carte,LIV6,2023-06-26
CMD42089,CL0418,P017,Apr 28 2024,-1,666.81,retourné,tanger,Carte,LIV8,2024-05-03
CMD40186,CL0761,P042,Oct 23 2023,5,2306.61,DONE,casa,Carte,LIV4,2023-10-26
CMD26281,CL0987,P035,2024-01-10,3,3766.05,livré,kech,Carte,LIV10,2024-01-14
CMD42418,CL0780,P015,Jan 24 2024,3,4683.31,livré,RBA,Carte,,2024-01-28
CMD20063,CL0163,P070,04/10/2023,4,3519.64,OK,Tnja,Carte,LIV4,
CMD12216,CL0110,P001,2024-04-23,4,186.32,livre,RBA,Carte,LIV4,
CMD32719,CL0834,P009,29/12/2023,4,4037.2,LIVRE,Agadir,Carte,LIV2,2024-01-03
CMD10763,CL0997,P084,01/12/2023,1,1234.39,livré,Tnja,Carte,LIV10,2023-12-05
CMD10161,CL0017,P033,26/03/2023,2,2734.96,livré,kech,Carte,LIV4,2023-03-30
CMD23649,CL0075,P091,20/02/2024,3,4909.16,livré,marrakech,Carte,LIV7,2024-02-25
CMD28305,CL0589,P032,Jul 25 2023,3,1391.29,DONE,TANGER,Carte,LIV1,2023-07-27
CMD12464,CL0224,P004,2024-03-21,4,2238.31,en_cours,casa,Carte,LIV1,
CMD38175,CL0900,P016,01/06/2023,4,2475.74,LIVRE,tanger,Carte,LIV9,2023-06-02
CMD40034,CL0349,P030,16/05/2023,1,2974.62,livré,Agadir,Carte,LIV7,2023-05-17
CMD34840,CL0230,P049,Jul 16 2023,3,2324.76,KO,kech,Carte,LIV7,
CMD38505,CL0507,P081,28/12/2023,2,3143.09,DONE,casa,Carte,LIV6,2024-01-01
CMD47310,CL0074,P021,2023-11-19,3,2884.97,livré,Agadir,Carte,LIV9,2023-11-20
CMD18136,CL0556,P021,25/03/2023,4,2593.47,LIVRE,RBA,Carte,LIV5,2023-03-28
CMD28058,CL0810,P070,22/07/2023,1,431.32,livré,CASABLANCA,Carte,LIV9,2023-07-24
CMD41513,CL0397,P050,Aug 21 2023,5,1550.18,livré,Agadir,Carte,LIV10,2023-08-22
CMD39548,CL0730,P077,04/07/2023,3,3429.45,DONE,marrakech,Carte,LIV3,2023-07-06
CMD05733,CL0452,P100,2024-04-06,3,3970.09,annulé,casa,Carte,LIV3,
CMD07738,CL0672,P040,26/07/2023,5,2412.92,livré,Agadir,Carte,LIV6,2023-07-31
CMD22666,CL0530,P056,Aug 22 2023,1,2049.76,OK,kech,Carte,LIV7,
CMD05071,CL0586,P017,12/03/2024,3,2646.55,DONE,tanger,Carte,LIV4,2024-03-14
CMD08931,CL0935,P035,2023-06-20,2,3368.85,LIVRE,RBA,Carte,LIV6,2023-06-22
CMD39193,CL0594,P060,May 20 2023,1,2775.11,retourné,kech,Carte,LIV4,2023-05-25
CMD36412,CL0674,P019,2023-06-01,5,2946.95,en_cours,TANGER,Carte,LIV7,
CMD23157,CL0002,P026,04/11/2023,3,179.86,OK,CASABLANCA,Carte,LIV5,
CMD15571,CL0131,P061,12/09/2023,4,3850.71,livré,tanger,Carte,LIV2,2023-09-13
CMD35603,CL0468,P043,2023-10-09,2,3126.9,livré,TNG,Carte,LIV5,2023-10-14
CMD22600,CL0079,P038,01/05/2024,5,4267.03,livré,marrakech,Carte,LIV4,2024-05-05
CMD36849,CL0363,P097,2023-06-12,4,722.02,LIVRE,TANGER,Carte,LIV2,2023-06-13
CMD23948,CL0984,P053,09/04/2023,2,986.5,livré,tanger,Carte,LIV4,2023-04-13
CMD25363,CL0267,P014,2023-03-08,3,1193.69,OK,Agadir,Carte,LIV9,
CMD22352,CL0414,P083,Nov 20 2023,1,4962.75,livre,CASABLANCA,Carte,,
CMD37972,CL0346,P055,Jan 03 2023,4,1262.26,livre,Tnja,Carte,LIV4,
CMD44239,CL0944,P079,2023-01-19,2,1994.53,KO,RBA,Carte,LIV4,
CMD38337,CL0433,P068,Apr 16 2024,3,248.46,OK,CASABLANCA,Carte,LIV2,
CMD19736,CL0168,P014,09/06/2023,2,4586.66,livré,kech,Carte,LIV10,2023-06-10
CMD11014,CL0359,P033,2024-03-19,4,3941.82,livré,casa,Carte,LIV3,2024-03-20
CMD00103,CL0190,P059,21/02/2024,3,67.84,annulé,casa,Carte,LIV6,
CMD41590,CL0202,P007,2023-12-26,5,656.77,retourné,casa,Carte,LIV2,2023-12-31
CMD45889,CL0762,P019,28/12/2023,2,2937.36,KO,casa,Carte,LIV7,
CMD26503,CL0159,P050,2023-05-06,5,225.79,livré,CASABLANCA,Carte,LIV10,2023-05-08
CMD03524,CL0540,P069,28/01/2024,5,890.0,DONE,Tnja,Carte,LIV5,2024-02-01
CMD42707,CL0477,P012,Jan 19 2023,4,1552.47,OK,Tnja,Carte,LIV9,
CMD40478,CL0036,P052,2023-07-18,5,2310.79,OK,Agadir,Carte,LIV8,
CMD00246,CL0229,P014,Nov 19 2023,2,893.96,livré,CASABLANCA,Carte,LIV1,2023-11-20
CMD00804,CL0709,P059,Jan 31 2024,3,1706.92,retourné,Agadir,Carte,LIV1,2024-02-03
CMD47468,CL0537,P002,26/08/2023,4,1691.1,annulé,casa,Carte,LIV6,
CMD37770,CL0566,P094,2023-02-25,5,4523.11,livré,marrakech,Carte,LIV6,2023-03-01
CMD21354,CL0147,P024,2023-06-15,4,640.53,en_cours,casa,Carte,LIV8,
CMD35198,CL0917,P075,2023-08-18,2,4026.21,annulé,tanger,Carte,LIV8,
CMD01036,CL0852,P007,20/08/2023,2,798.79,livré,Agadir,Carte,LIV2,2023-08-22
CMD12940,CL0226,P065,Sep 09 2023,5,4591.71,livré,TNG,Carte,,2023-09-13
CMD16515,CL0916,P074,Sep 23 2023,1,969.18,OK,Tnja,Carte,LIV5,
CMD34767,CL0112,P089,2023-06-30,2,4920.83,KO,Tnja,Carte,LIV10,
CMD39489,CL0031,P033,04/08/2023,2,3832.04,livre,tanger,Carte,LIV9,
CMD44577,CL0943,P094,2023-10-15,1,4282.98,OK,TNG,Carte,LIV6,
CMD04382,CL0094,P080,Jun 12 2023,1,1478.31,en_cours,CASABLANCA,Carte,LIV7,
CMD15443,CL0001,P025,16/01/2024,1,3801.23,livre,TANGER,Carte,LIV2,
CMD05140,CL0104,P042,Jul 20 2023,2,4973.97,OK,Tnja,Carte,LIV9,
CMD28801,CL0446,P077,Mar 15 2024,2,4598.24,livré,kech,Carte,LIV7,2024-03-20
CMD08765,CL0878,P051,2023-02-20,5,1771.05,en_cours,tanger,Carte,LIV3,
CMD13430,CL0482,P072,Jul 21 2023,4,2368.08,livré,RBA,Carte,LIV5,2023-07-22
CMD13854,CL0277,P065,Apr 11 2023,4,0,livré,kech,Carte,LIV9,2023-04-15
CMD36299,CL0662,P006,29/06/2023,5,1573.88,en_cours,TNG,Carte,LIV9,
CMD02718,CL0010,P059,Jan 04 2024,3,4960.06,LIVRE,Agadir,Carte,LIV4,2024-01-05
CMD23259,CL0518,P078,2023-07-19,5,3755.11,DONE,Agadir,Carte,LIV4,2023-07-20
CMD00784,CL0803,P020,Feb 25 2023,1,4166.36,annulé,tanger,Carte,LIV10,
CMD20739,CL0106,P069,Jul 06 2023,3,2076.88,DONE,kech,Carte,LIV7,2023-07-10
CMD41978,CL0759,P062,Feb 24 2023,1,3443.1,DONE,CASABLANCA,Carte,LIV1,2023-02-28
CMD27062,CL0522,P071,Jun 14 2023,4,3674.71,DONE,Tnja,Carte,LIV6,2023-06-15
CMD40020,CL0574,P064,Jul 20 2023,3,898.44,LIVRE,Agadir,Carte,LIV10,2023-07-22
CMD33774,CL0184,P011,2024-02-05,2,364.04,livré,tanger,Carte,LIV3,2024-02-10
CMD37335,CL0677,P092,2023-05-15,1,529.2,en_cours,Tnja,Carte,LIV1,
CMD46019,CL0429,P020,21/03/2024,4,2163.83,LIVRE,tanger,Carte,LIV10,2024-03-24
CMD21702,CL0110,P068,01/01/2024,2,4649.45,annulé,CASABLANCA,Carte,LIV8,
CMD41330,CL0162,P041,Mar 13 2023,5,4965.27,KO,kech,Carte,LIV10,
CMD47905,CL0613,P097,Jul 01 2023,4,300.08,OK,CASABLANCA,Carte,LIV1,
CMD47442,CL0338,P056,04/08/2023,3,3946.84,OK,casa,Carte,LIV7,
CMD16007,CL0977,P016,20/02/2023,2,4367.09,livré,Tnja,Carte,LIV2,2023-02-24
CMD13160,CL0202,P079,2024-01-16,5,3151.82,livré,Agadir,Carte,LIV7,2024-01-21
CMD45383,CL0367,P046,Aug 24 2023,4,2878.25,en_cours,kech,Carte,LIV2,
CMD37573,CL0240,P064,2023-10-24,5,2060.12,annulé,kech,Carte,LIV8,
CMD31105,CL0956,P093,11/04/2023,4,3870.95,en_cours,tanger,Carte,LIV5,
CMD07095,CL0994,P044,Mar 25 2024,1,1876.83,livré,marrakech,Carte,LIV3,2024-03-27
CMD07335,CL0834,P035,2024-01-25,5,1630.46,OK,casa,Carte,LIV5,
CMD33891,CL0273,P089,23/04/2024,1,1263.32,livre,Tnja,Carte,LIV10,
CMD40875,CL0263,P003,2023-10-30,2,2685.72,livré,Tnja,Carte,LIV8,2023-11-02
CMD03611,CL0415,P090,Apr 06 2023,3,157.28,DONE,CASABLANCA,Carte,LIV5,2023-04-11
CMD36055,CL0381,P043,May 15 2024,2,4342.74,LIVRE,kech,Carte,LIV5,2024-05-20
CMD28719,CL0427,P016,2023-06-20,2,3894.71,livre,kech,Carte,LIV1,
CMD01980,CL0420,P059,2023-08-06,2,4350.4,livré,CASABLANCA,Carte,LIV3,2023-08-07
CMD42853,CL0361,P041,2024-02-18,1,1966.56,KO,casa,Carte,LIV5,
CMD12019,CL0298,P086,2023-04-03,3,1991.31,DONE,marrakech,Carte,LIV2,2023-04-06
CMD09866,CL0804,P087,14/10/2023,3,2404.92,livré,kech,Carte,LIV8,2023-10-19
CMD16477,CL0620,P021,May 12 2023,1,4300.62,livré,tanger,Carte,LIV4,2023-05-17
CMD20986,CL0423,P021,25/11/2023,5,2768.81,livre,tanger,Carte,LIV8,
CMD45425,CL0485,P034,Mar 05 2024,4,3695.8,livré,Tnja,Carte,LIV3,2024-03-09
CMD42080,CL0134,P090,2023-03-10,4,1477.97,livre,kech,Carte,LIV3,
CMD05786,CL0905,P060,Apr 29 2023,1,4419.34,OK,Tnja,Carte,LIV8,
CMD12283,CL0470,P012,18/12/2023,2,2741.09,livré,RBA,Carte,LIV7,2023-12-19
CMD01870,CL0937,P007,2023-11-06,2,4259.47,KO,casa,Carte,LIV1,
CMD12130,CL0012,P081,2023-01-12,1,4276.93,retourné,kech,Carte,LIV5,2023-01-14
CMD23856,CL0365,P046,Nov 28 2023,2,1187.01,en_cours,marrakech,Carte,LIV9,
CMD45694,CL0890,P014,21/11/2023,4,511.0,LIVRE,tanger,Carte,LIV1,2023-11-22
CMD37089,CL0622,P003,04/02/2023,4,4765.14,LIVRE,CASABLANCA,Carte,LIV8,2023-02-08
CMD44335,CL0579,P087,28/07/2023,5,1780.77,DONE,casa,Carte,LIV10,2023-07-30
CMD48330,CL0177,P025,14/11/2023,1,3003.74,DONE,casa,Carte,LIV7,2023-11-17
CMD04060,CL0964,P030,2023-02-16,1,4576.29,DONE,tanger,Carte,LIV4,2023-02-18
CMD37548,CL0258,P045,2023-02-12,4,3737.09,livre,kech,Carte,LIV3,
CMD08689,CL0285,P065,26/11/2023,4,3583.2,KO,CASABLANCA,Carte,LIV4,
CMD35546,CL0031,P014,Feb 19 2023,4,585.19,livré,RBA,Carte,LIV8,2023-02-20
CMD27544,CL0806,P084,Jan 03 2024,5,3517.41,annulé,Tnja,Carte,LIV2,
CMD01120,CL0722,P019,2023-10-04,2,697.14,en_cours,marrakech,Carte,LIV6,
CMD38956,CL0641,P035,24/02/2024,5,4166.7,livre,TANGER,Carte,LIV9,
CMD18504,CL0672,P057,20/01/2023,3,1780.63,retourné,Agadir,Carte,LIV2,2023-01-24
CMD38798,CL0409,P017,07/02/2023,3,1955.77,livré,RBA,Carte,LIV8,2023-02-10
CMD20049,CL0187,P070,2023-03-13,4,394.87,livré,casa,Carte,LIV7,2023-03-18
CMD22779,CL0432,P082,02/03/2023,4,4760.13,OK,TNG,Carte,LIV7,
CMD13311,CL0841,P041,25/11/2023,3,1425.77,en_cours,TNG,Carte,LIV2,
CMD43786,CL0256,P040,2023-08-02,3,3184.64,DONE,tanger,Carte,LIV2,2023-08-07
CMD37909,CL0398,P070,09/10/2023,5,1803.54,livré,kech,Carte,LIV8,2023-10-12
CMD05464,CL0127,P089,22/04/2024,5,4126.61,en_cours,kech,Carte,,
CMD47283,CL0167,P037,Apr 05 2024,3,891.9,en_cours,marrakech,Carte,LIV2,
CMD23565,CL0899,P018,30/04/2024,-1,63.15,retourné,Agadir,Carte,LIV5,2024-05-01
CMD45616,CL0835,P051,13/04/2024,5,3722.53,en_cours,TANGER,Carte,,
CMD10314,CL0219,P043,2023-09-22,5,1465.99,annulé,CASABLANCA,Carte,LIV5,
CMD20247,CL0681,P052,2024-02-14,2,2697.89,retourné,marrakech,Carte,LIV1,2024-02-19
CMD26331,CL0254,P075,Feb 14 2024,2,2346.28,en_cours,Tnja,Carte,LIV6,
CMD24098,CL0042,P074,2023-06-06,4,2346.39,livré,CASABLANCA,Carte,LIV6,2023-06-09
CMD42857,CL0508,P081,2023-02-21,2,1806.27,DONE,Agadir,Carte,LIV6,2023-02-23
CMD33251,CL0976,P038,2023-06-03,-1,3544.46,livré,CASABLANCA,Carte,LIV8,2023-06-05
CMD04294,CL0430,P093,2023-07-16,5,884.87,livré,marrakech,Carte,LIV8,2023-07-20
CMD04522,CL0267,P049,14/08/2023,1,4378.57,livré,casa,Carte,LIV3,2023-08-16
CMD33011,CL0994,P071,2023-01-04,1,1034.68,livré,Tnja,Carte,LIV5,2023-01-05
CMD37184,CL0388,P006,Dec 18 2023,3,3025.41,DONE,Agadir,Carte,LIV9,2023-12-20
CMD02899,CL0910,P023,2023-04-07,5,85.75,livré,Agadir,Carte,LIV1,2023-04-12
CMD33654,CL0506,P037,Jan 02 2024,5,340.53,annulé,TANGER,Carte,LIV9,
CMD33096,CL0731,P002,2024-03-06,1,2482.75,livré,Tnja,Carte,LIV10,2024-03-08
CMD02709,CL0851,P094,Jun 23 2023,2,2641.46,livré,tanger,Carte,,2023-06-27
CMD02801,CL0565,P060,2023-07-24,5,2890.57,livré,TNG,Carte,LIV2,2023-07-25
CMD28747,CL0719,P001,May 28 2023,3,1740.76,livre,CASABLANCA,Carte,LIV7,
CMD08449,CL0724,P056,26/12/2023,1,2317.54,KO,TNG,Carte,LIV7,
CMD00965,CL0444,P040,2024-03-03,2,203.59,KO,marrakech,Carte,LIV7,
CMD33177,CL0479,P019,2023-05-23,5,542.27,livré,TNG,Carte,LIV3,2023-05-25
CMD19211,CL0383,P091,2024-01-10,2,1598.8,retourné,tanger,Carte,LIV6,2024-01-15
CMD34477,CL0394,P091,2023-03-08,3,1910.25,livré,RBA,Carte,LIV7,2023-03-09
CMD12914,CL0102,P086,2023-04-24,2,1561.46,OK,tanger,Carte,LIV9,
CMD40225,CL0298,P034,03/12/2023,1,3777.35,livré,Tnja,Carte,LIV6,2023-12-06
CMD06764,CL0203,P099,04/12/2023,4,1369.51,annulé,tanger,Carte,LIV1,
CMD09223,CL0894,P038,2023-01-28,4,3868.36,livré,casa,Carte,LIV5,2023-02-01
CMD21662,CL0892,P083,15/01/2023,4,2549.06,DONE,TNG,Carte,LIV7,2023-01-19
CMD27614,CL0721,P099,10/02/2024,4,4963.46,OK,tanger,Carte,LIV4,
CMD44286,CL0390,P073,2023-08-13,4,612.62,en_cours,RBA,Carte,LIV2,
CMD02568,CL0545,P065,15/03/2024,1,1647.27,retourné,TANGER,Carte,,2024-03-20
CMD37042,CL0042,P060,2023-06-22,5,2642.76,livré,Tnja,Carte,LIV6,2023-06-26
CMD40302,CL0494,P086,2023-02-17,3,4187.1,en_cours,RBA,Carte,LIV6,
CMD29950,CL0700,P087,Mar 22 2023,2,4303.97,en_cours,CASABLANCA,Carte,LIV2,
CMD09306,CL0781,P051,27/02/2024,4,2848.41,DONE,Agadir,Carte,LIV3,2024-02-28
CMD30882,CL0425,P086,Feb 11 2024,2,2653.91,OK,TANGER,Carte,LIV2,
CMD41765,CL0488,P050,2023-07-31,4,1749.08,en_cours,RBA,Carte,LIV10,
CMD20309,CL0627,P008,08/08/2023,3,4527.02,retourné,tanger,Carte,LIV2,2023-08-13
CMD15623,CL0127,P039,16/09/2023,2,2878.34,annulé,Agadir,Carte,LIV8,
CMD46751,CL0920,P005,07/12/2023,3,633.2,livré,TANGER,Carte,LIV7,2023-12-11
CMD05573,CL0273,P078,2024-04-07,5,1501.62,livré,Agadir,Carte,LIV10,2024-04-11
CMD09860,CL0879,P033,01/04/2023,5,3487.23,annulé,marrakech,Carte,LIV4,
CMD46419,CL0320,P067,2023-06-25,4,2236.92,livré,Tnja,Carte,LIV5,2023-06-27
CMD06702,CL0223,P013,2023-09-04,3,648.93,retourné,Agadir,Carte,LIV6,2023-09-06
CMD12400,CL0406,P065,Mar 04 2023,2,3347.46,LIVRE,TNG,Carte,LIV5,2023-03-05
CMD43323,CL0874,P070,11/01/2023,2,773.03,livre,tanger,Carte,,
CMD14115,CL0153,P059,06/04/2024,3,504.58,annulé,tanger,Carte,LIV4,
CMD00730,CL0844,P084,Apr 07 2024,4,160.12,annulé,Tnja,Carte,LIV5,
CMD02397,CL0577,P094,17/12/2023,2,4422.65,DONE,TNG,Carte,LIV3,2023-12-19
CMD05683,CL0991,P073,Feb 05 2024,4,0,retourné,marrakech,Carte,LIV9,2024-02-10
CMD24358,CL0718,P076,Jan 14 2024,1,4385.39,livré,Tnja,Carte,LIV1,2024-01-16
CMD06019,CL0727,P020,May 09 2023,3,4396.44,annulé,TANGER,Carte,LIV4,
CMD38400,CL0702,P010,Nov 28 2023,2,1247.26,livre,CASABLANCA,Carte,LIV7,
CMD21666,CL0240,P054,2023-10-20,1,2544.76,livré,marrakech,Carte,LIV9,2023-10-21
CMD38335,CL0901,P099,Mar 12 2023,1,171.28,livre,TNG,Carte,LIV6,
CMD25333,CL0396,P009,Apr 13 2024,4,3205.46,livré,TANGER,Carte,LIV4,2024-04-14
CMD18801,CL0233,P034,02/03/2023,2,2681.5,annulé,TANGER,Carte,LIV1,
CMD15667,CL0105,P049,02/08/2023,3,4572.28,annulé,Tnja,Carte,LIV5,
CMD42884,CL0055,P007,2023-10-18,3,1552.64,en_cours,marrakech,Carte,LIV8,
CMD07278,CL0207,P044,07/05/2023,5,3628.62,livre,CASABLANCA,Carte,LIV10,
CMD42514,CL0839,P039,22/02/2024,3,1943.91,LIVRE,RBA,Carte,LIV5,2024-02-23
CMD12535,CL0542,P035,Sep 09 2023,4,1038.77,en_cours,kech,Carte,LIV7,
CMD43650,CL0084,P013,16/12/2023,-1,4751.89,livré,Tnja,Carte,LIV3,2023-12-19
CMD43894,CL0210,P063,2024-01-07,5,4804.16,livre,marrakech,Carte,LIV9,
CMD33683,CL0961,P013,Apr 11 2024,5,2547.54,KO,marrakech,Carte,LIV4,
CMD29121,CL0604,P039,Mar 29 2024,4,4703.2,DONE,kech,Carte,LIV1,2024-04-01
CMD43519,CL0258,P003,08/11/2023,2,752.56,en_cours,TANGER,Carte,LIV7,
CMD08549,CL0896,P100,Jul 06 2023,2,3957.67,livré,TNG,Carte,LIV2,2023-07-08
CMD22465,CL0718,P034,May 05 2023,1,2472.29,en_cours,marrakech,Carte,LIV5,
CMD06834,CL0026,P100,Aug 29 2023,3,1405.56,en_cours,TANGER,Carte,LIV10,
CMD00487,CL0506,P015,24/12/2023,4,3644.36,DONE,CASABLANCA,Carte,LIV1,2023-12-29
CMD39292,CL0425,P001,15/02/2023,3,113.21,livré,tanger,Carte,LIV9,2023-02-17
CMD11702,CL0781,P052,18/07/2023,4,2759.8,OK,kech,Carte,LIV2,
CMD05364,CL0254,P048,Jun 08 2023,5,3506.86,DONE,marrakech,Carte,LIV8,2023-06-12
CMD06934,CL0064,P060,2023-07-27,2,1560.47,LIVRE,TNG,Carte,LIV9,2023-07-31
CMD31352,CL0664,P052,20/01/2023,4,2950.81,livré,TANGER,Carte,LIV10,2023-01-22
CMD24014,CL0445,P100,Apr 23 2024,1,2120.87,annulé,TANGER,Carte,LIV10,
CMD28167,CL0952,P093,2024-04-28,5,3615.68,annulé,TANGER,Carte,LIV10,
CMD15899,CL0054,P002,2023-12-24,2,635.6,livré,Agadir,Carte,LIV9,2023-12-27
CMD20135,CL0368,P076,05/12/2023,4,0,livre,RBA,Carte,LIV2,
CMD39506,CL0738,P013,Mar 30 2024,1,4293.37,livré,kech,Carte,LIV1,2024-04-03
CMD26762,CL0651,P030,23/04/2024,5,572.77,livré,TANGER,Carte,LIV5,2024-04-26
CMD18280,CL0850,P074,2023-08-13,1,2103.85,livre,Agadir,Carte,LIV6,
CMD03336,CL0408,P006,Jan 15 2023,1,2783.48,livré,CASABLANCA,Carte,LIV1,2023-01-16
CMD46109,CL0625,P076,2023-05-17,1,508.64,DONE,marrakech,Carte,LIV2,2023-05-22
CMD03486,CL0056,P035,Jun 20 2023,2,495.99,KO,tanger,Carte,LIV4,
CMD06144,CL0183,P051,08/04/2023,5,3773.26,livré,Tnja,Carte,LIV5,2023-04-12
CMD08880,CL0826,P059,09/04/2024,1,2099.11,livré,Tnja,Carte,LIV4,2024-04-10
CMD30426,CL0752,P100,Jun 03 2023,5,603.5,livré,marrakech,Carte,LIV1,2023-06-04
CMD36123,CL0396,P021,16/05/2023,3,342.58,retourné,CASABLANCA,Carte,,2023-05-21
CMD32434,CL0077,P031,Mar 28 2023,1,1222.85,KO,kech,Carte,,
CMD34969,CL0979,P042,Dec 12 2023,5,2797.48,DONE,Agadir,Carte,LIV5,2023-12-13
CMD40398,CL0943,P079,2023-09-09,1,3611.56,livré,CASABLANCA,Carte,LIV8,2023-09-11
CMD08099,CL0753,P009,Oct 07 2023,5,3303.46,retourné,RBA,Carte,LIV4,2023-10-10
CMD33524,CL0759,P009,04/05/2024,5,3069.51,en_cours,TNG,Carte,LIV8,
CMD30018,CL0246,P084,2024-03-14,5,3540.78,OK,CASABLANCA,Carte,LIV5,
CMD10293,CL0965,P098,2023-01-14,1,4373.99,livré,marrakech,Carte,LIV1,2023-01-17
CMD12410,CL0907,P023,Nov 16 2023,4,3284.12,KO,casa,Carte,LIV7,
CMD08835,CL0627,P062,2023-03-04,1,1263.94,LIVRE,Agadir,Carte,LIV4,2023-03-08
CMD34339,CL0845,P049,12/01/2024,1,154.69,retourné,CASABLANCA,Carte,LIV7,2024-01-13
CMD21945,CL0295,P008,2023-10-05,5,2554.23,OK,kech,Carte,LIV2,
CMD20185,CL0585,P033,2023-04-26,5,2547.15,livré,Agadir,Carte,LIV4,2023-04-29
CMD27381,CL0860,P068,13/01/2024,4,1807.42,annulé,TNG,Carte,LIV9,
CMD39097,CL0840,P042,17/08/2023,1,1608.77,en_cours,Agadir,Carte,LIV4,
CMD10469,CL0691,P098,2023-06-09,1,991.87,OK,kech,Carte,LIV4,
CMD25416,CL0076,P034,2024-03-13,3,4227.79,retourné,Tnja,Carte,LIV6,2024-03-18
CMD23454,CL0326,P023,08/07/2023,1,2656.66,annulé,tanger,Carte,LIV2,
CMD30952,CL0155,P096,2023-04-23,2,364.02,livré,CASABLANCA,Carte,,2023-04-25
CMD40518,CL0860,P005,20/02/2024,4,2845.1,KO,tanger,Carte,LIV8,
CMD39906,CL0347,P056,Nov 22 2023,4,2971.57,LIVRE,Agadir,Carte,LIV3,2023-11-26
CMD17225,CL0415,P097,30/01/2024,4,486.62,livré,tanger,Carte,LIV6,2024-01-31
CMD35875,CL0660,P001,2023-08-04,3,4510.88,livré,CASABLANCA,Carte,LIV5,2023-08-07
CMD20168,CL0272,P001,2023-01-01,1,4864.13,annulé,tanger,Carte,LIV2,
CMD10739,CL0075,P054,2023-07-24,5,4163.71,livré,TANGER,Carte,LIV3,2023-07-26
CMD17878,CL0435,P055,14/02/2024,3,4284.93,LIVRE,Tnja,Carte,LIV9,2024-02-15
CMD11416,CL0005,P052,Jul 15 2023,4,596.83,livré,TANGER,Carte,LIV3,2023-07-17
CMD09412,CL0384,P013,Nov 22 2023,1,2630.18,livré,CASABLANCA,Carte,LIV6,2023-11-26
CMD08888,CL0119,P076,Mar 28 2023,4,2708.0,en_cours,CASABLANCA,Carte,LIV7,
CMD40718,CL0074,P099,Mar 05 2023,5,3656.14,en_cours,TANGER,Carte,LIV7,
CMD29351,CL0756,P071,Feb 16 2024,4,3728.54,en_cours,CASABLANCA,Carte,LIV2,
CMD03074,CL0571,P078,05/03/2024,2,4493.67,livré,CASABLANCA,Carte,LIV9,2024-03-08
CMD25755,CL0212,P053,Mar 06 2024,1,3753.21,livré,RBA,Carte,LIV7,2024-03-10
CMD20601,CL0631,P037,26/06/2023,5,740.43,OK,CASABLANCA,Carte,LIV3,
CMD04585,CL0016,P004,2023-11-15,2,3845.9,livré,tanger,Carte,LIV9,2023-11-20
CMD24257,CL0791,P011,19/02/2024,4,3120.65,livré,tanger,Carte,LIV4,2024-02-21
CMD38010,CL0976,P049,Jun 04 2023,3,4101.21,LIVRE,casa,Carte,LIV10,2023-06-08
CMD15979,CL0171,P036,29/01/2023,4,1016.75,DONE,TANGER,Carte,LIV6,2023-02-02
CMD04193,CL0862,P038,10/02/2023,5,517.73,LIVRE,CASABLANCA,Carte,LIV2,2023-02-13
CMD23400,CL0241,P097,2023-04-06,2,3378.53,OK,casa,Carte,LIV8,
CMD48229,CL0521,P006,12/06/2023,4,3809.77,livré,casa,Carte,LIV10,2023-06-15
CMD17841,CL0037,P081,Sep 28 2023,3,4788.87,DONE,casa,Carte,LIV6,2023-09-30
CMD05037,CL0447,P076,14/01/2024,3,3927.56,livré,Tnja,Carte,LIV9,2024-01-15
CMD11085,CL0429,P046,Feb 17 2024,5,1467.91,livré,TNG,Carte,,2024-02-20
CMD22271,CL0297,P057,Oct 04 2023,3,3967.39,retourné,TANGER,Carte,LIV6,2023-10-09
CMD22135,CL0901,P084,27/10/2023,4,1779.63,retourné,TANGER,Carte,LIV2,2023-10-30
CMD09526,CL0586,P070,Aug 31 2023,2,3533.54,KO,Tnja,Carte,LIV4,
CMD28492,CL0792,P025,May 12 2023,3,4043.93,livre,TANGER,Carte,LIV5,
CMD37077,CL0720,P049,24/04/2023,5,2503.17,retourné,Tnja,Carte,LIV9,2023-04-29
CMD10798,CL0092,P097,02/02/2024,1,1285.76,livré,RBA,Carte,LIV3,2024-02-06
CMD19937,CL0695,P057,2023-12-07,5,3088.83,KO,Agadir,Carte,LIV1,
CMD14297,CL0429,P002,07/10/2023,3,3070.39,livre,casa,Carte,LIV5,
CMD48172,CL0757,P060,22/06/2023,5,541.52,OK,CASABLANCA,Carte,LIV6,
CMD22000,CL0207,P039,Aug 06 2023,1,2121.41,livré,CASABLANCA,Carte,LIV9,2023-08-07
CMD17839,CL0982,P035,Nov 24 2023,4,2702.43,livré,kech,Carte,LIV5,2023-11-25
CMD07116,CL0920,P016,2023-05-06,1,4829.37,OK,TANGER,Carte,LIV10,
CMD15357,CL0267,P064,Jan 31 2023,5,4921.13,DONE,marrakech,Carte,LIV10,2023-02-05
CMD15591,CL0716,P099,10/01/2023,1,1744.19,retourné,kech,Carte,LIV4,2023-01-14
CMD05685,CL0055,P071,Feb 13 2023,5,1656.88,livré,Agadir,Carte,LIV5,2023-02-15
CMD39319,CL0669,P007,2023-11-03,1,3730.18,OK,TNG,Carte,LIV1,
CMD12587,CL0386,P083,01/06/2023,2,4308.58,annulé,tanger,Carte,LIV7,
CMD24328,CL0746,P019,2024-05-13,2,1893.1,KO,CASABLANCA,Carte,LIV7,
CMD11060,CL0536,P096,22/12/2023,4,707.82,retourné,Tnja,Carte,LIV8,2023-12-24
CMD34676,CL0547,P046,Oct 13 2023,5,177.03,DONE,casa,Carte,LIV1,2023-10-14
CMD26214,CL0204,P055,26/04/2023,1,4764.47,OK,kech,Carte,LIV8,
CMD05689,CL0508,P045,2024-04-30,5,3741.82,KO,TNG,Carte,LIV2,
CMD16509,CL0953,P099,2023-11-13,2,4161.83,OK,marrakech,Carte,LIV3,
CMD47754,CL0039,P098,Jun 15 2023,2,2494.41,OK,tanger,Carte,LIV7,
CMD10219,CL0491,P015,2024-05-05,4,0,annulé,Agadir,Carte,LIV2,
CMD31793,CL0378,P089,2023-12-24,3,3223.83,KO,CASABLANCA,Carte,LIV10,
CMD38302,CL0193,P099,Mar 31 2023,3,2890.93,en_cours,tanger,Carte,LIV1,
CMD34607,CL0879,P081,21/02/2023,2,1568.08,livré,CASABLANCA,Carte,LIV1,2023-02-26
CMD29567,CL0740,P024,26/01/2023,3,4364.34,KO,marrakech,Carte,LIV2,
CMD36464,CL0173,P054,2024-03-01,4,1148.62,DONE,casa,Carte,LIV8,2024-03-06
CMD42319,CL0884,P032,20/12/2023,5,3675.01,annulé,TANGER,Carte,LIV3,
CMD00063,CL0680,P050,Mar 03 2023,5,4062.84,annulé,casa,Carte,,
CMD46758,CL0575,P058,13/03/2024,3,1752.54,livré,casa,Carte,LIV2,2024-03-14
CMD38094,CL0186,P052,May 21 2023,5,3818.68,livré,Agadir,Carte,LIV8,2023-05-24
CMD20849,CL0673,P028,2023-11-15,3,4146.45,KO,RBA,Carte,LIV5,
CMD29143,CL0346,P031,2024-01-12,2,2195.6,livré,RBA,Carte,LIV7,2024-01-16
CMD00327,CL0243,P013,Apr 08 2024,4,557.1,DONE,casa,Carte,LIV2,2024-04-11
CMD10709,CL0285,P078,Mar 19 2024,1,1841.98,annulé,Agadir,Carte,LIV2,
CMD31485,CL0567,P019,04/12/2023,4,2840.15,en_cours,Agadir,Carte,,
CMD19130,CL0539,P060,Sep 02 2023,2,4315.82,livre,TNG,Carte,LIV9,
CMD26495,CL0301,P019,2023-10-02,3,111.61,livré,kech,Carte,LIV9,2023-10-07
CMD06316,CL0872,P038,Apr 03 2024,1,857.59,livré,TANGER,Carte,LIV7,2024-04-06
CMD16052,CL0511,P066,Mar 18 2024,3,3761.5,retourné,RBA,Carte,LIV10,2024-03-23
CMD23210,CL0881,P070,Apr 29 2024,5,1142.72,livré,marrakech,Carte,LIV10,2024-04-30
CMD43097,CL0095,P052,Sep 03 2023,5,512.48,en_cours,RBA,Carte,LIV6,
CMD00672,CL0836,P080,2023-10-13,2,4504.74,retourné,tanger,Carte,LIV1,2023-10-16
CMD32253,CL0713,P047,Sep 16 2023,1,4368.9,annulé,Tnja,Carte,LIV4,
CMD05003,CL0342,P094,Sep 06 2023,4,1052.91,livré,RBA,Carte,LIV2,2023-09-08
CMD01345,CL0721,P026,Jun 07 2023,1,3658.29,retourné,CASABLANCA,Carte,LIV3,2023-06-08
CMD35998,CL0252,P072,Mar 10 2023,2,594.71,retourné,TNG,Carte,LIV9,2023-03-13
CMD12217,CL0095,P066,2023-11-20,3,2623.02,KO,casa,Carte,LIV8,
CMD28207,CL0648,P016,08/10/2023,2,451.35,livre,Tnja,Carte,LIV1,
CMD06977,CL0271,P077,2023-04-16,1,0,livré,casa,Carte,LIV5,2023-04-19
CMD37869,CL0181,P026,26/02/2024,2,3158.02,KO,CASABLANCA,Carte,LIV7,
CMD43779,CL0188,P067,08/04/2024,3,2986.83,OK,RBA,Carte,LIV9,
CMD06256,CL0060,P050,05/01/2024,3,858.29,DONE,Tnja,Carte,LIV3,2024-01-09
CMD42814,CL0910,P079,Apr 29 2024,3,3584.48,DONE,kech,Carte,LIV7,2024-05-02
CMD06995,CL0798,P018,06/07/2023,3,3617.74,KO,RBA,Carte,LIV2,
CMD16961,CL0929,P036,Jul 03 2023,5,2333.4,livré,kech,Carte,LIV1,2023-07-08
CMD35758,CL0661,P090,Jul 06 2023,2,4284.74,livre,RBA,Carte,LIV1,
CMD18083,CL0124,P096,2023-06-28,5,1259.85,livré,TANGER,Carte,LIV10,2023-07-02
CMD20005,CL0433,P085,11/04/2024,5,4590.26,LIVRE,TANGER,Carte,LIV5,2024-04-15
CMD39187,CL0667,P022,05/07/2023,2,3491.91,livre,marrakech,Carte,LIV9,
CMD36768,CL0149,P078,2024-02-25,1,460.64,en_cours,casa,Carte,LIV7,
CMD23595,CL0092,P064,2023-03-15,3,4763.28,livré,CASABLANCA,Carte,LIV10,2023-03-17
CMD07268,CL0487,P030,Feb 18 2024,2,3672.78,DONE,tanger,Carte,LIV4,2024-02-23
CMD13927,CL0800,P099,2023-07-23,1,3991.85,retourné,TNG,Carte,LIV6,2023-07-24
CMD17075,CL0814,P070,Aug 11 2023,1,58.94,LIVRE,TANGER,Carte,LIV5,2023-08-13
CMD22165,CL0943,P004,2023-10-06,3,4460.82,livre,RBA,Carte,LIV7,
CMD02858,CL0581,P034,2023-08-18,1,2645.06,livré,RBA,Carte,LIV7,2023-08-23
CMD32483,CL0121,P071,2023-04-04,5,328.14,annulé,Tnja,Carte,LIV5,
CMD21818,CL0821,P032,2023-03-11,1,3771.47,retourné,TANGER,Carte,LIV3,2023-03-12
CMD00335,CL0396,P091,08/11/2023,5,3949.92,OK,kech,Carte,LIV1,
CMD18422,CL0946,P041,2023-07-20,5,1622.8,en_cours,RBA,Carte,LIV5,
CMD40964,CL0722,P059,19/02/2024,1,2464.51,livre,TNG,Carte,LIV8,
CMD28366,CL0067,P074,Nov 05 2023,5,2601.46,OK,Agadir,Carte,LIV8,
CMD39049,CL0379,P060,26/01/2024,5,823.36,KO,tanger,Carte,LIV4,
CMD40366,CL0221,P002,28/05/2023,4,4193.99,livre,CASABLANCA,Carte,,
CMD27597,CL0653,P063,04/11/2023,1,2711.17,OK,TANGER,Carte,LIV2,
CMD14137,CL0542,P040,Mar 05 2023,4,3997.55,OK,TANGER,Carte,LIV7,
CMD14667,CL0638,P044,May 15 2023,5,1983.49,livre,Agadir,Carte,,
CMD22831,CL0594,P072,Mar 20 2024,3,368.4,DONE,marrakech,Carte,LIV6,2024-03-21
CMD04563,CL0128,P019,2024-01-15,1,4176.15,OK,Tnja,Carte,LIV2,
CMD14953,CL0166,P074,2024-02-26,2,1498.42,livre,marrakech,Carte,LIV3,
CMD23826,CL0900,P012,15/09/2023,2,4029.6,DONE,tanger,Carte,LIV5,2023-09-17
CMD10254,CL0180,P071,2023-04-30,1,191.32,annulé,TNG,Carte,LIV7,
CMD27778,CL0935,P007,Jun 15 2023,5,4941.0,OK,TANGER,Carte,,
CMD16915,CL0540,P028,2023-08-09,5,2869.28,OK,casa,Carte,LIV10,
CMD03254,CL0528,P059,24/06/2023,2,4299.2,KO,RBA,Carte,,
CMD28983,CL0088,P012,23/11/2023,3,1296.87,retourné,Tnja,Carte,LIV10,2023-11-26
CMD09799,CL0704,P072,2023-07-30,1,1593.79,livré,CASABLANCA,Carte,LIV6,2023-08-01
CMD02223,CL0704,P057,21/09/2023,5,2413.19,livré,tanger,Carte,LIV9,2023-09-25
CMD04205,CL0751,P010,11/01/2024,2,3865.9,livre,casa,Carte,LIV1,
CMD25476,CL0854,P062,May 06 2024,4,1057.15,DONE,tanger,Carte,LIV6,2024-05-09
CMD27494,CL0413,P088,2023-10-01,4,578.72,livré,RBA,Carte,LIV9,2023-10-05
CMD14807,CL0240,P041,2023-05-24,4,1394.95,livré,TANGER,Carte,LIV2,2023-05-27
CMD38649,CL0988,P029,2024-03-27,3,4915.65,retourné,tanger,Carte,LIV1,2024-03-29
CMD14510,CL0938,P038,2023-06-30,5,3261.6,OK,TANGER,Carte,LIV5,
CMD35764,CL0897,P019,24/12/2023,5,2505.17,KO,tanger,Carte,LIV9,
CMD08180,CL0775,P061,Jan 02 2024,5,3066.77,annulé,casa,Carte,LIV6,
CMD20831,CL0582,P021,Mar 12 2024,4,4352.9,livré,TNG,Carte,LIV4,2024-03-15
CMD45618,CL0881,P081,Oct 10 2023,3,3893.8,KO,TANGER,Carte,LIV3,
CMD17231,CL0579,P078,2023-12-29,3,528.97,livre,kech,Carte,LIV7,
CMD43332,CL0343,P087,Aug 26 2023,5,0,livre,marrakech,Carte,LIV6,
CMD16299,CL0908,P063,Sep 17 2023,5,1773.56,KO,tanger,Carte,LIV4,
CMD14558,CL0315,P013,04/12/2023,5,1016.16,annulé,Agadir,Carte,,
CMD17028,CL0847,P029,23/10/2023,5,1771.79,livré,Tnja,Carte,,2023-10-26
CMD42317,CL0183,P052,2023-02-06,3,1250.27,annulé,Agadir,Carte,LIV4,
CMD40310,CL0971,P029,2024-03-16,5,2550.23,livre,Agadir,Carte,LIV1,
CMD21202,CL0325,P034,29/02/2024,2,181.66,annulé,CASABLANCA,Carte,LIV1,
CMD24489,CL0182,P024,Apr 18 2023,4,3935.58,DONE,TANGER,Carte,LIV1,2023-04-19
CMD06481,CL0868,P090,2023-09-02,4,3770.5,OK,TANGER,Carte,LIV5,
CMD12974,CL0560,P038,20/03/2024,5,886.84,LIVRE,TANGER,Carte,LIV10,2024-03-23
CMD11445,CL0506,P004,Jan 28 2024,1,3083.36,DONE,casa,Carte,LIV8,2024-01-29
CMD05442,CL0938,P025,Nov 11 2023,5,4317.5,livre,kech,Carte,LIV10,
CMD15721,CL0252,P056,2023-09-13,3,4885.17,annulé,Agadir,Carte,LIV7,
CMD04960,CL0653,P090,28/04/2023,1,1648.4,retourné,tanger,Carte,LIV10,2023-04-29
CMD46332,CL0976,P048,2024-04-27,4,3994.14,KO,RBA,Carte,LIV8,
CMD19084,CL0034,P018,29/04/2024,3,2170.71,LIVRE,Agadir,Carte,LIV2,2024-05-01
CMD32534,CL0279,P036,Oct 13 2023,2,4464.92,livre,marrakech,Carte,LIV9,
CMD09464,CL0486,P055,01/08/2023,1,3989.33,LIVRE,Tnja,Carte,LIV1,2023-08-04
CMD09513,CL0707,P052,08/02/2023,1,460.14,en_cours,casa,Carte,LIV7,
CMD01864,CL0594,P070,Apr 13 2024,3,710.12,DONE,casa,Carte,,2024-04-15
CMD03978,CL0143,P084,04/03/2023,1,2375.07,livre,TANGER,Carte,LIV4,
CMD24400,CL0532,P050,Jun 21 2023,-1,1106.18,retourné,kech,Carte,LIV10,2023-06-23
CMD02328,CL0005,P074,2023-09-06,5,669.5,livré,Tnja,Carte,LIV10,2023-09-10
CMD10331,CL0947,P073,Jan 03 2024,5,498.43,DONE,RBA,Carte,LIV1,2024-01-05
CMD13356,CL0153,P080,2024-03-09,5,93.95,en_cours,Agadir,Carte,LIV3,
CMD06231,CL0064,P062,Feb 23 2024,5,2434.53,livre,TANGER,Carte,LIV7,
CMD26557,CL0035,P028,Jun 27 2023,5,2959.44,KO,tanger,Carte,LIV6,
CMD10390,CL0557,P035,24/12/2023,5,1245.67,KO,CASABLANCA,Carte,LIV3,
CMD33535,CL0365,P089,2023-04-03,4,574.8,retourné,kech,Carte,LIV1,2023-04-08
CMD30716,CL0290,P027,Nov 15 2023,4,3257.8,DONE,Agadir,Carte,LIV7,2023-11-19
CMD18141,CL0025,P075,Dec 19 2023,4,327.68,en_cours,TANGER,Carte,,
CMD37458,CL0825,P025,20/10/2023,4,2079.32,OK,kech,Carte,LIV7,
CMD36391,CL0952,P047,2023-06-19,2,2087.52,OK,marrakech,Carte,LIV4,
CMD18444,CL0774,P058,03/04/2023,5,615.99,en_cours,RBA,Carte,LIV2,
CMD46959,CL0574,P097,2023-11-12,5,2658.57,livré,TANGER,Carte,LIV8,2023-11-15
CMD43685,CL0095,P063,Apr 28 2024,3,2593.31,LIVRE,casa,Carte,LIV4,2024-04-29
CMD14018,CL0457,P069,Jan 10 2023,5,4753.96,LIVRE,casa,Carte,LIV10,2023-01-11
CMD34242,CL0216,P028,20/02/2024,5,621.16,KO,TNG,Carte,LIV8,
CMD21752,CL0732,P099,11/02/2023,5,2284.22,DONE,TNG,Carte,LIV6,2023-02-13
CMD25600,CL0853,P077,2023-09-20,3,656.22,en_cours,CASABLANCA,Carte,LIV10,
CMD01531,CL0407,P017,Aug 01 2023,2,1489.96,retourné,marrakech,Carte,LIV6,2023-08-02
CMD07985,CL0982,P072,May 13 2024,5,677.16,DONE,Tnja,Carte,LIV6,2024-05-18
CMD41208,CL0411,P025,09/04/2023,2,1056.64,livré,CASABLANCA,Carte,LIV4,2023-04-13
CMD17026,CL0982,P063,10/11/2023,5,1266.96,livre,marrakech,Carte,LIV1,
CMD12198,CL0363,P098,2024-04-10,4,1081.72,LIVRE,TANGER,Carte,LIV5,2024-04-12
CMD07188,CL0904,P011,29/04/2024,5,2525.79,livré,tanger,Carte,LIV6,2024-05-04
CMD16637,CL0291,P080,21/01/2023,3,335.15,annulé,kech,Carte,LIV7,
CMD14157,CL0162,P010,05/08/2023,3,1162.85,LIVRE,Tnja,Carte,LIV2,2023-08-09
CMD40066,CL0553,P055,26/02/2024,5,873.65,KO,Agadir,Carte,LIV6,
CMD13098,CL1000,P058,03/01/2024,3,1687.15,en_cours,casa,Carte,LIV2,
CMD40332,CL0033,P026,2023-06-25,3,1476.39,livré,Tnja,Carte,LIV8,2023-06-30
CMD44199,CL0163,P084,25/09/2023,5,2615.84,en_cours,TANGER,Carte,LIV2,
CMD47817,CL0511,P020,13/01/2023,2,4244.1,en_cours,RBA,Carte,LIV10,
CMD35601,CL0693,P007,17/01/2023,2,2203.35,livré,Tnja,Carte,LIV3,2023-01-18
CMD07862,CL0997,P013,28/11/2023,2,1967.93,KO,RBA,Carte,LIV5,
CMD47367,CL0662,P052,Mar 16 2024,4,2069.83,livre,TNG,Carte,LIV5,
CMD16303,CL0850,P086,23/01/2023,5,3342.09,retourné,TNG,Carte,LIV4,2023-01-28
CMD08711,CL0460,P071,Apr 26 2023,4,4868.59,livre,Agadir,Carte,LIV7,
CMD30561,CL0252,P071,2024-02-11,1,4831.84,DONE,Tnja,Carte,LIV4,2024-02-15
CMD07352,CL0833,P027,2023-06-05,4,1181.17,livré,TANGER,Carte,LIV8,2023-06-08
CMD10127,CL0023,P060,Feb 12 2023,3,2195.05,en_cours,TNG,Carte,LIV9,
CMD38553,CL0902,P066,Mar 12 2024,1,3015.36,en_cours,TNG,Carte,LIV6,
CMD35590,CL0429,P096,Oct 24 2023,5,4443.01,annulé,marrakech,Carte,LIV9,
CMD16187,CL0746,P020,14/08/2023,4,4969.82,livré,casa,Carte,LIV9,2023-08-18
CMD12435,CL0877,P060,17/01/2023,1,1655.15,livré,casa,Carte,LIV3,2023-01-20
CMD36766,CL0259,P006,Jun 17 2023,5,4265.78,LIVRE,CASABLANCA,Carte,LIV7,2023-06-20
CMD36352,CL0632,P077,25/09/2023,4,3932.21,livré,kech,Carte,LIV6,2023-09-27
CMD03439,CL0712,P008,14/03/2023,1,793.73,livré,TNG,Carte,LIV5,2023-03-15
CMD24009,CL0252,P082,Mar 30 2023,5,920.07,livré,tanger,Carte,LIV1,2023-03-31
CMD36749,CL0557,P034,Mar 05 2024,1,403.37,retourné,kech,Carte,LIV5,2024-03-07
CMD26209,CL0107,P021,02/07/2023,3,2328.17,livré,tanger,Carte,LIV5,2023-07-07
CMD03390,CL0854,P008,15/01/2023,3,2201.21,DONE,casa,Carte,LIV3,2023-01-16
CMD06650,CL0888,P027,Mar 24 2024,5,4707.42,livré,kech,Carte,LIV5,2024-03-27
CMD25520,CL0655,P024,02/04/2024,3,396.07,OK,casa,Carte,LIV1,
CMD04295,CL0594,P056,2023-01-03,4,2480.46,OK,Agadir,Carte,LIV1,
CMD36726,CL0260,P021,2023-11-20,5,1521.47,annulé,casa,Carte,LIV6,
CMD27833,CL0829,P044,23/06/2023,3,4819.12,annulé,TNG,Carte,LIV7,
CMD15689,CL0579,P034,2023-05-28,4,1454.89,DONE,Tnja,Carte,LIV2,2023-05-29
CMD01837,CL0867,P037,Apr 10 2023,1,1875.14,livré,RBA,Carte,LIV5,2023-04-12
CMD46732,CL0445,P097,2024-02-04,2,2076.04,DONE,Tnja,Carte,LIV3,2024-02-05
CMD28411,CL0351,P047,Jan 19 2023,1,2283.53,livré,RBA,Carte,LIV4,2023-01-24
CMD00282,CL0333,P039,Jul 10 2023,1,2169.51,livre,Tnja,Carte,LIV5,
CMD07055,CL0581,P013,13/07/2023,2,240.51,annulé,Tnja,Carte,LIV5,
CMD16963,CL0282,P053,07/07/2023,3,1135.07,OK,RBA,Carte,LIV5,
CMD21056,CL0540,P085,03/01/2024,4,1562.56,DONE,tanger,Carte,,2024-01-05
CMD22357,CL0443,P015,2023-05-16,5,396.48,livré,Tnja,Carte,LIV8,2023-05-19
CMD12732,CL0747,P004,Feb 01 2024,1,1649.59,en_cours,Agadir,Carte,LIV5,
CMD36235,CL0962,P081,Jul 20 2023,5,4435.37,annulé,tanger,Carte,LIV3,
CMD33152,CL0948,P061,2023-07-01,1,1423.77,DONE,marrakech,Carte,LIV6,2023-07-05
CMD32439,CL0521,P026,Mar 03 2023,2,4797.11,OK,tanger,Carte,LIV6,
CMD24438,CL0434,P023,2023-12-21,4,4578.28,annulé,CASABLANCA,Carte,LIV5,
CMD09061,CL0584,P086,06/04/2023,3,3923.66,annulé,TANGER,Carte,LIV10,
CMD00519,CL0155,P007,07/02/2024,1,4689.08,livré,kech,Carte,LIV2,2024-02-09
CMD34213,CL0502,P015,Nov 28 2023,2,4083.49,DONE,kech,Carte,LIV5,2023-12-03
CMD03466,CL0045,P068,2023-11-03,4,864.01,annulé,Agadir,Carte,LIV3,
CMD05922,CL0199,P035,2024-05-14,3,4072.52,KO,RBA,Carte,LIV6,
CMD19094,CL0431,P013,03/01/2024,3,4308.08,LIVRE,marrakech,Carte,LIV7,2024-01-08
CMD35961,CL0008,P032,2023-03-29,1,233.0,retourné,tanger,Carte,LIV8,2023-04-01
CMD45300,CL0103,P056,09/05/2023,5,3150.19,OK,Tnja,Carte,LIV7,
CMD42381,CL0834,P094,26/10/2023,1,3372.74,DONE,kech,Carte,LIV6,2023-10-29
CMD38420,CL0807,P051,2024-05-09,5,4331.59,retourné,RBA,Carte,LIV5,2024-05-13
CMD19023,CL0278,P081,21/03/2023,5,3474.04,LIVRE,kech,Carte,LIV2,2023-03-25
CMD04417,CL0122,P097,Apr 12 2024,1,4441.44,livré,Agadir,Carte,LIV10,2024-04-16
CMD33618,CL0422,P002,Apr 17 2024,4,845.84,livre,Tnja,Carte,LIV9,
CMD02615,CL0182,P052,Dec 13 2023,2,2870.79,retourné,kech,Carte,LIV9,2023-12-17
CMD30083,CL0390,P015,Mar 31 2023,5,4516.13,LIVRE,marrakech,Carte,LIV1,2023-04-05
CMD28424,CL0763,P020,2023-12-24,3,0,KO,RBA,Carte,LIV3,
CMD12980,CL0544,P050,2023-06-09,2,3789.04,livre,Agadir,Carte,LIV6,
CMD29856,CL0906,P018,2023-03-14,1,518.07,LIVRE,TANGER,Carte,LIV10,2023-03-18
CMD05312,CL0553,P010,Jun 27 2023,5,96.82,livré,TANGER,Carte,LIV4,2023-06-28
CMD23609,CL0060,P004,Oct 22 2023,5,1728.45,livre,TANGER,Carte,LIV2,
CMD17179,CL0356,P037,2023-07-30,5,3663.16,KO,CASABLANCA,Carte,LIV5,
CMD25743,CL0483,P024,30/03/2023,3,3930.67,annulé,casa,Carte,LIV10,
CMD46030,CL0101,P014,2024-04-29,2,3063.57,livré,TANGER,Carte,LIV2,2024-05-02
CMD48169,CL0511,P088,2023-04-20,5,1867.83,livré,Agadir,Carte,LIV4,2023-04-23
CMD34734,CL0914,P054,Jan 14 2023,1,2852.73,livré,casa,Carte,LIV5,2023-01-18
CMD20325,CL0914,P079,2023-03-13,5,749.14,livré,TNG,Carte,LIV5,2023-03-17
CMD04358,CL0796,P032,10/06/2023,2,4476.14,livré,CASABLANCA,Carte,LIV8,2023-06-13
CMD45880,CL0663,P083,2023-12-13,3,897.22,livré,TNG,Carte,LIV5,2023-12-17
CMD01098,CL0373,P050,2023-11-09,5,2770.78,KO,TANGER,Carte,LIV4,
CMD47834,CL0234,P069,Jun 15 2023,3,942.47,livré,TANGER,Carte,LIV8,2023-06-16
CMD29620,CL0593,P035,15/01/2023,5,987.34,annulé,RBA,Carte,LIV3,
CMD35847,CL0634,P041,Feb 24 2023,5,605.56,KO,kech,Carte,LIV10,
CMD02569,CL0741,P094,28/04/2023,3,4835.93,en_cours,tanger,Carte,LIV10,
CMD23320,CL0856,P047,13/03/2024,1,1851.98,en_cours,kech,Carte,LIV10,
CMD46748,CL0934,P005,2024-02-18,5,4259.74,livré,TNG,Carte,LIV6,2024-02-22
CMD28549,CL0513,P019,2023-07-28,2,79.15,retourné,Tnja,Carte,LIV8,2023-07-29
CMD12911,CL0376,P059,2023-05-01,1,4171.62,OK,casa,Carte,LIV2,
CMD38916,CL0929,P040,Apr 05 2023,1,2127.8,livré,RBA,Carte,LIV4,2023-04-07
CMD36805,CL0499,P042,Feb 03 2024,5,3629.0,livré,Agadir,Carte,LIV5,2024-02-04
CMD12393,CL0491,P043,2023-05-06,2,2234.57,OK,TNG,Carte,LIV4,
CMD40806,CL0874,P052,09/05/2024,2,705.31,livré,RBA,Carte,LIV1,2024-05-10
CMD44959,CL0564,P081,Sep 28 2023,1,1734.19,retourné,tanger,Carte,LIV2,2023-09-29
CMD25533,CL0789,P024,13/02/2024,4,2947.74,en_cours,RBA,Carte,LIV1,
CMD08857,CL0263,P030,25/06/2023,2,1039.18,livre,CASABLANCA,Carte,LIV6,
CMD09137,CL0063,P075,21/01/2023,3,313.48,livré,tanger,Carte,LIV1,2023-01-26
CMD14179,CL0938,P064,30/01/2023,3,702.08,OK,casa,Carte,LIV5,
CMD34395,CL0717,P090,2024-03-01,4,967.95,en_cours,TANGER,Carte,LIV3,
CMD24223,CL0405,P015,2024-04-22,1,4998.31,LIVRE,TNG,Carte,LIV2,2024-04-25
CMD27223,CL0667,P005,2023-03-27,2,1358.51,LIVRE,Agadir,Carte,LIV6,2023-03-30
CMD13309,CL0289,P077,Feb 14 2023,4,4199.92,DONE,CASABLANCA,Carte,LIV8,2023-02-18
CMD12794,CL0139,P040,Jun 05 2023,5,4458.13,retourné,marrakech,Carte,LIV4,2023-06-06
CMD37198,CL0021,P019,2023-10-04,4,4058.56,livré,RBA,Carte,LIV9,2023-10-09
CMD16098,CL0680,P009,2023-11-21,1,1546.53,DONE,casa,Carte,LIV4,2023-11-25
CMD30401,CL0979,P012,24/02/2024,4,3612.12,retourné,marrakech,Carte,LIV8,2024-02-26
CMD26658,CL0275,P087,2023-05-02,5,297.45,livré,RBA,Carte,LIV5,2023-05-06
CMD23751,CL0501,P028,23/09/2023,3,2031.07,livré,Tnja,Carte,LIV5,2023-09-27
CMD24190,CL0225,P065,Jun 17 2023,5,908.25,livré,TANGER,Carte,LIV5,2023-06-22
CMD15846,CL0030,P036,Mar 25 2023,4,4556.19,OK,kech,Carte,LIV7,
CMD12404,CL0249,P037,13/05/2023,4,2669.13,KO,tanger,Carte,LIV8,
CMD25808,CL0438,P073,Aug 27 2023,2,1245.72,en_cours,TANGER,Carte,LIV2,
CMD13236,CL0078,P059,01/07/2023,4,2668.13,livre,marrakech,Carte,LIV1,
CMD02878,CL0386,P073,2023-12-13,3,4115.3,DONE,kech,Carte,LIV10,2023-12-17
CMD48339,CL0990,P006,2023-04-26,4,773.8,retourné,tanger,Carte,,2023-04-27
CMD07595,CL0276,P035,2023-07-12,3,3527.73,livré,tanger,Carte,LIV8,2023-07-13
CMD33498,CL0120,P070,2024-04-17,2,4954.19,DONE,marrakech,Carte,LIV2,2024-04-22
CMD23032,CL0107,P073,06/09/2023,4,4734.38,DONE,Tnja,Carte,LIV5,2023-09-09
CMD08800,CL0964,P072,2023-12-30,2,280.69,livré,Tnja,Carte,LIV10,2023-12-31
CMD14544,CL0409,P043,Aug 03 2023,1,4697.08,en_cours,RBA,Carte,LIV7,
CMD33751,CL0678,P010,08/02/2024,1,479.22,OK,TANGER,Carte,LIV7,
CMD03644,CL0666,P022,2023-05-11,1,2314.87,OK,casa,Carte,LIV7,
CMD24408,CL0873,P067,Mar 05 2024,2,2445.9,annulé,marrakech,Carte,LIV5,
CMD32586,CL0732,P010,20/05/2023,4,2646.17,retourné,Tnja,Carte,LIV10,2023-05-24
CMD12693,CL0939,P058,Feb 17 2024,5,651.33,DONE,tanger,Carte,LIV7,2024-02-18
CMD31464,CL0980,P036,Oct 28 2023,5,1740.08,livre,TANGER,Carte,LIV4,
CMD34872,CL0576,P092,2023-10-03,4,2356.19,annulé,kech,Carte,LIV10,
CMD46309,CL0986,P032,2023-04-30,4,3773.56,annulé,tanger,Carte,LIV9,
CMD43477,CL0597,P086,Jan 13 2024,3,3562.34,en_cours,casa,Carte,LIV2,
CMD28293,CL0200,P064,2024-04-22,2,1323.82,annulé,casa,Carte,LIV4,
CMD35097,CL0898,P004,2023-04-02,4,4789.05,livré,CASABLANCA,Carte,LIV5,2023-04-05
CMD06250,CL0351,P026,25/10/2023,1,3130.89,livré,kech,Carte,LIV8,2023-10-27
CMD43415,CL0617,P053,10/04/2023,4,4740.84,livre,Tnja,Carte,LIV7,
CMD34425,CL0673,P089,Nov 03 2023,5,3137.33,livré,RBA,Carte,LIV2,2023-11-06
CMD26169,CL0541,P020,2023-03-28,2,4711.99,livré,RBA,Carte,LIV5,2023-03-30
CMD02424,CL0267,P025,2024-01-07,4,2909.58,DONE,casa,Carte,LIV10,2024-01-08
CMD44472,CL0810,P033,Feb 29 2024,5,1572.36,livré,Tnja,Carte,LIV5,2024-03-05
CMD42593,CL0798,P026,Sep 06 2023,4,3775.22,annulé,TANGER,Carte,LIV5,
CMD10731,CL0311,P020,15/03/2023,5,2803.44,KO,casa,Carte,,
CMD25590,CL0659,P019,2024-02-27,2,2562.17,livre,RBA,Carte,LIV3,
CMD21997,CL0126,P083,May 04 2024,4,1297.28,livre,TANGER,Carte,LIV5,
CMD36793,CL0667,P099,Feb 23 2023,4,2434.61,retourné,kech,Carte,LIV7,2023-02-27
CMD27946,CL0342,P025,2023-01-24,2,1768.65,livré,kech,Carte,LIV1,2023-01-29
CMD47273,CL0558,P016,17/02/2023,4,3553.46,en_cours,TNG,Carte,LIV6,
CMD29700,CL0251,P097,2023-01-08,2,3143.72,annulé,Agadir,Carte,LIV4,
CMD07873,CL0654,P093,Aug 12 2023,4,3520.14,DONE,TANGER,Carte,LIV4,2023-08-16
CMD38850,CL0446,P050,13/01/2024,1,2472.34,livré,CASABLANCA,Carte,LIV3,2024-01-18
CMD31518,CL0127,P093,Jun 23 2023,5,1798.43,annulé,casa,Carte,LIV1,
CMD21620,CL0129,P098,Sep 19 2023,5,4393.88,livré,casa,Carte,LIV1,2023-09-23
CMD04765,CL0501,P084,Apr 16 2023,2,4455.64,KO,CASABLANCA,Carte,LIV2,
CMD05497,CL0791,P044,2023-03-24,4,1840.18,livre,RBA,Carte,LIV3,
CMD20989,CL0869,P096,09/05/2023,3,438.57,annulé,marrakech,Carte,LIV1,
CMD07643,CL0826,P056,2023-09-04,5,1085.94,DONE,casa,Carte,LIV7,2023-09-05
CMD47062,CL0659,P011,2023-05-14,1,826.95,retourné,kech,Carte,LIV2,2023-05-17
CMD34883,CL0514,P094,May 24 2023,3,1478.59,livré,casa,Carte,LIV10,2023-05-25
CMD23328,CL0653,P025,11/06/2023,1,2514.15,DONE,RBA,Carte,LIV3,2023-06-14
CMD42441,CL0757,P016,Apr 20 2024,4,3532.85,retourné,marrakech,Carte,LIV2,2024-04-24
CMD12598,CL0667,P006,28/02/2023,1,4907.23,annulé,marrakech,Carte,LIV7,
CMD45457,CL0937,P079,Dec 21 2023,3,2862.03,OK,Agadir,Carte,LIV9,
CMD23635,CL0056,P030,2024-03-17,3,2836.05,DONE,TNG,Carte,LIV8,2024-03-22
CMD36537,CL0117,P010,08/05/2024,3,4351.16,LIVRE,casa,Carte,LIV10,2024-05-10
CMD07590,CL0594,P064,May 15 2023,2,2250.5,OK,tanger,Carte,LIV10,
CMD48050,CL0885,P028,2023-06-22,3,1641.07,LIVRE,RBA,Carte,LIV3,2023-06-23
CMD39470,CL0251,P051,Jul 05 2023,4,1278.96,OK,casa,Carte,LIV5,
CMD25493,CL0502,P086,06/04/2023,3,2304.53,OK,Tnja,Carte,LIV5,
CMD36254,CL0061,P064,18/02/2024,1,4129.77,OK,TNG,Carte,LIV10,
CMD26960,CL0120,P027,09/01/2023,1,4898.27,livre,TNG,Carte,LIV9,
CMD35856,CL0401,P052,02/07/2023,2,447.01,LIVRE,TNG,Carte,LIV2,2023-07-05
CMD16888,CL0277,P005,Mar 13 2023,4,91.35,annulé,casa,Carte,LIV2,
CMD35897,CL0430,P015,25/04/2023,4,4329.06,livré,TNG,Carte,LIV5,2023-04-29
CMD46781,CL0894,P052,Jan 31 2023,5,1563.87,OK,TANGER,Carte,LIV2,
CMD26355,CL0347,P079,Jun 19 2023,5,2785.65,livré,casa,Carte,LIV10,2023-06-20
CMD40612,CL0206,P001,12/06/2023,2,2344.96,KO,kech,Carte,LIV4,
CMD06701,CL0960,P030,Dec 28 2023,3,3031.79,livré,CASABLANCA,Carte,LIV6,2023-12-31
CMD00141,CL0828,P073,Jan 23 2023,2,242.08,KO,TNG,Carte,LIV9,
CMD18583,CL0017,P042,Nov 26 2023,5,3737.1,DONE,CASABLANCA,Carte,LIV4,2023-12-01
CMD23027,CL0211,P027,19/02/2024,1,4954.37,retourné,TANGER,Carte,LIV7,2024-02-23
CMD24403,CL0929,P078,07/06/2023,2,2095.51,livré,casa,Carte,LIV3,2023-06-11
CMD01929,CL0633,P017,2023-07-15,2,2744.99,retourné,TNG,Carte,LIV2,2023-07-16
CMD21672,CL0742,P001,Oct 24 2023,5,4409.77,annulé,casa,Carte,LIV8,
CMD40909,CL0313,P043,18/02/2023,5,3842.66,retourné,tanger,Carte,LIV10,2023-02-23
CMD19847,CL0592,P087,27/07/2023,3,758.37,retourné,RBA,Carte,LIV2,2023-07-30
CMD34067,CL0060,P080,Jan 09 2024,3,4665.09,LIVRE,TANGER,Carte,LIV6,2024-01-11
CMD29460,CL0259,P024,19/03/2023,4,2846.95,livré,tanger,Carte,LIV6,2023-03-21
CMD07205,CL0888,P059,2024-02-12,4,548.96,en_cours,casa,Carte,LIV8,
CMD05095,CL0295,P090,11/04/2024,3,3606.03,LIVRE,casa,Carte,LIV6,2024-04-16
CMD00499,CL0049,P078,Aug 02 2023,3,2091.51,livré,CASABLANCA,Carte,LIV7,2023-08-04
CMD45264,CL0929,P083,Jan 08 2024,4,1157.06,OK,kech,Carte,LIV6,
CMD48228,CL0816,P065,Jul 12 2023,3,4246.59,annulé,Tnja,Carte,LIV8,
CMD11504,CL0042,P090,11/04/2023,1,428.95,livré,Tnja,Carte,LIV5,2023-04-14
CMD30371,CL0459,P046,Jul 12 2023,5,2700.3,en_cours,TANGER,Carte,LIV6,
CMD06362,CL0228,P068,2023-02-21,1,4281.05,OK,tanger,Carte,LIV6,
CMD32260,CL0691,P024,2023-03-10,4,308.89,LIVRE,RBA,Carte,LIV3,2023-03-12
CMD18717,CL0002,P100,Jan 09 2023,1,1147.79,KO,CASABLANCA,Carte,LIV7,
CMD30502,CL0430,P016,Nov 11 2023,3,1912.96,livré,Tnja,Carte,LIV2,2023-11-16
CMD41599,CL0289,P029,2023-01-17,4,98.62,DONE,TANGER,Carte,LIV8,2023-01-22
CMD45828,CL0714,P039,2023-03-10,5,2681.4,LIVRE,Tnja,Carte,LIV8,2023-03-13
CMD11918,CL0713,P054,2023-08-19,1,4500.93,annulé,Agadir,Carte,LIV1,
CMD47783,CL0798,P057,2024-01-14,5,4635.99,OK,tanger,Carte,LIV6,
CMD05288,CL0233,P004,Apr 18 2023,5,1073.04,annulé,Tnja,Carte,LIV6,
CMD45367,CL0201,P083,Feb 14 2024,5,4271.86,retourné,TANGER,Carte,,2024-02-19
CMD00492,CL0975,P029,Mar 01 2024,1,4080.37,livré,kech,Carte,,2024-03-03
CMD20531,CL0592,P036,26/08/2023,2,2763.73,livré,casa,Carte,LIV3,2023-08-29
CMD29027,CL0204,P050,07/09/2023,5,252.91,annulé,tanger,Carte,LIV6,
CMD13481,CL0533,P009,Aug 02 2023,2,1979.28,OK,marrakech,Carte,LIV4,
CMD38562,CL0638,P088,Sep 25 2023,-1,1709.96,LIVRE,Agadir,Carte,LIV4,2023-09-26
CMD26710,CL0959,P099,2023-10-20,5,3291.1,annulé,TANGER,Carte,LIV7,
CMD37886,CL0465,P045,Sep 14 2023,3,2619.74,DONE,tanger,Carte,,2023-09-15
CMD22384,CL0331,P042,21/03/2023,5,2438.41,livré,Tnja,Carte,LIV10,2023-03-22
CMD37811,CL0768,P064,28/01/2024,1,4170.37,DONE,TANGER,Carte,LIV8,2024-01-30
CMD05825,CL0175,P099,24/09/2023,4,2440.96,KO,kech,Carte,,
CMD30933,CL0898,P020,Feb 27 2024,4,4650.94,DONE,casa,Carte,LIV1,2024-02-29
CMD11438,CL0985,P042,2023-08-20,5,0,livré,Agadir,Carte,LIV8,2023-08-22
CMD43325,CL0406,P031,Aug 04 2023,4,1186.13,DONE,kech,Carte,LIV3,2023-08-07
CMD30363,CL0891,P019,2023-07-25,3,1012.24,livré,Tnja,Carte,LIV6,2023-07-28
CMD18672,CL0484,P014,2023-04-10,4,775.97,livré,TANGER,Carte,,2023-04-13
CMD48324,CL0204,P078,Jan 01 2024,5,2542.44,DONE,kech,Carte,LIV7,2024-01-03
CMD16297,CL0934,P015,2023-11-28,1,2635.97,KO,TNG,Carte,LIV10,
CMD26527,CL0856,P076,2024-01-18,1,734.72,KO,Agadir,Carte,LIV1,
CMD08340,CL0481,P099,Mar 09 2024,1,1333.27,annulé,kech,Carte,LIV1,
CMD16622,CL0861,P073,2023-11-10,-1,1902.77,DONE,CASABLANCA,Carte,,2023-11-13
CMD32735,CL0347,P032,2023-03-01,5,1130.44,livré,TNG,Carte,LIV5,2023-03-05
CMD38635,CL0910,P068,2023-05-06,2,1087.47,DONE,TANGER,Carte,LIV2,2023-05-08
CMD02324,CL0204,P093,13/12/2023,2,962.55,retourné,tanger,Carte,LIV6,2023-12-18
CMD18357,CL0652,P013,Mar 17 2024,4,4546.17,LIVRE,CASABLANCA,Carte,LIV5,2024-03-18
CMD33302,CL0811,P077,Feb 10 2023,5,2011.06,LIVRE,CASABLANCA,Carte,LIV3,2023-02-12
CMD17168,CL0936,P058,Apr 09 2024,4,1078.71,KO,TNG,Carte,LIV7,
CMD46090,CL0612,P017,22/03/2023,5,985.52,KO,RBA,Carte,LIV4,
CMD01190,CL0312,P075,Oct 02 2023,3,0,OK,casa,Carte,,
CMD21335,CL0765,P069,Apr 09 2024,2,3514.68,livre,kech,Carte,LIV7,
CMD43620,CL0579,P010,Mar 14 2024,3,4892.09,retourné,tanger,Carte,LIV3,2024-03-16
CMD13360,CL0234,P026,Apr 16 2023,2,1688.6,livré,casa,Carte,LIV9,2023-04-18
CMD41380,CL0749,P030,08/01/2023,5,4316.42,OK,casa,Carte,LIV3,
CMD37618,CL0568,P040,Mar 02 2023,2,1758.18,en_cours,CASABLANCA,Carte,LIV2,
CMD17823,CL0759,P012,2024-05-09,4,1373.87,livre,TNG,Carte,LIV1,
CMD22155,CL0292,P099,Feb 25 2023,4,719.5,livré,TNG,Carte,LIV8,2023-03-02
CMD05656,CL0976,P061,Oct 23 2023,1,2843.71,OK,RBA,Carte,LIV10,
CMD46549,CL0917,P090,Oct 19 2023,1,3893.74,LIVRE,TANGER,Carte,LIV5,2023-10-23
CMD26795,CL0745,P052,15/07/2023,4,2450.66,OK,CASABLANCA,Carte,LIV9,
CMD12951,CL0060,P072,2023-06-13,1,1879.43,LIVRE,TANGER,Carte,LIV10,2023-06-18
CMD47110,CL0264,P086,2023-10-16,1,3173.78,KO,RBA,Carte,LIV10,
CMD06574,CL0907,P083,13/08/2023,2,2903.34,livré,RBA,Carte,LIV10,2023-08-18
CMD05911,CL0776,P071,May 21 2023,3,2315.3,annulé,kech,Carte,LIV10,
CMD12956,CL0757,P092,30/03/2023,2,4637.78,retourné,TNG,Carte,LIV3,2023-04-04
CMD45192,CL0345,P013,2023-04-13,2,3325.91,en_cours,Agadir,Carte,LIV9,
CMD36846,CL0914,P081,2024-02-05,3,1508.8,KO,TANGER,Carte,LIV1,
CMD30475,CL0906,P093,22/01/2023,3,2727.03,livre,marrakech,Carte,LIV9,
CMD41002,CL0667,P072,2023-10-22,5,1883.94,en_cours,TNG,Carte,LIV10,
CMD12049,CL0582,P026,2023-03-13,5,636.84,livré,casa,Carte,LIV8,2023-03-14
CMD46931,CL0186,P070,Jan 18 2023,2,276.66,OK,Agadir,Carte,LIV8,
CMD35349,CL0994,P011,Feb 12 2023,1,1458.52,livré,CASABLANCA,Carte,LIV5,2023-02-13
CMD45847,CL0320,P090,Jan 02 2023,3,1843.7,livré,marrakech,Carte,LIV7,2023-01-05
CMD22432,CL0536,P050,2024-04-20,2,612.21,retourné,Agadir,Carte,LIV2,2024-04-21
CMD14361,CL0373,P089,Mar 04 2024,1,2101.22,KO,TNG,Carte,LIV7,
CMD37578,CL0750,P083,Mar 21 2023,1,3803.01,livré,casa,Carte,LIV2,2023-03-23
CMD38285,CL0268,P006,2023-05-01,2,431.73,DONE,TANGER,Carte,LIV1,2023-05-02
CMD32001,CL0247,P006,Apr 11 2024,5,4374.17,DONE,RBA,Carte,LIV6,2024-04-16
CMD25004,CL0765,P030,06/10/2023,5,2826.46,OK,Tnja,Carte,LIV9,
CMD36031,CL0347,P038,2024-04-28,2,2848.9,OK,Agadir,Carte,LIV4,
CMD03240,CL0663,P080,25/04/2023,1,2078.27,KO,Tnja,Carte,LIV5,
CMD07665,CL0706,P085,2023-07-19,4,2923.07,en_cours,TANGER,Carte,LIV2,
CMD34295,CL0344,P055,2023-07-11,4,1560.34,en_cours,marrakech,Carte,LIV10,
CMD19305,CL0242,P033,Mar 15 2024,5,1636.1,annulé,TANGER,Carte,LIV1,
CMD38047,CL0901,P072,2024-04-14,4,261.11,annulé,kech,Carte,,
CMD24722,CL0756,P012,24/03/2024,1,4706.67,livré,TNG,Carte,LIV1,2024-03-27
CMD02625,CL0048,P025,23/08/2023,1,4063.17,OK,tanger,Carte,LIV4,
CMD27353,CL0705,P085,18/12/2023,3,1594.73,OK,tanger,Carte,LIV10,
CMD03101,CL0993,P056,08/08/2023,5,1250.9,livre,CASABLANCA,Carte,,
CMD09602,CL0294,P047,08/05/2023,4,4819.82,en_cours,Agadir,Carte,LIV8,
CMD43049,CL0824,P017,2023-03-26,4,3652.83,KO,CASABLANCA,Carte,LIV9,
CMD41467,CL0015,P056,16/10/2023,1,3398.59,annulé,casa,Carte,LIV10,
CMD03865,CL0560,P046,27/11/2023,4,875.66,LIVRE,Tnja,Carte,LIV5,2023-11-30
CMD08752,CL0859,P011,Apr 05 2023,1,3071.06,livré,marrakech,Carte,LIV8,2023-04-08
CMD18395,CL0461,P027,Mar 16 2023,1,3802.17,livre,TNG,Carte,LIV3,
CMD11034,CL0646,P083,2023-05-01,4,1153.26,livre,Agadir,Carte,,
CMD19864,CL0295,P068,2024-03-02,2,1895.64,retourné,casa,Carte,LIV8,2024-03-04
CMD18388,CL0340,P066,08/08/2023,4,929.29,OK,TANGER,Carte,LIV4,
CMD02954,CL0443,P065,2024-05-01,1,1514.69,KO,CASABLANCA,Carte,LIV1,
CMD07138,CL0892,P032,Jul 21 2023,1,3196.58,OK,marrakech,Carte,LIV10,
CMD44819,CL0148,P052,2023-12-20,3,211.17,livré,CASABLANCA,Carte,LIV8,2023-12-21
CMD41808,CL0230,P063,Mar 02 2024,2,1795.57,retourné,TNG,Carte,LIV9,2024-03-04
CMD24755,CL0623,P082,2023-02-10,2,2513.66,LIVRE,kech,Carte,LIV7,2023-02-13
CMD03288,CL0068,P021,2023-12-23,2,3188.17,KO,marrakech,Carte,LIV10,
CMD30638,CL0920,P045,Apr 30 2023,2,4550.6,KO,TNG,Carte,LIV5,
CMD45837,CL0871,P013,23/05/2023,2,4782.19,livré,kech,Carte,LIV1,2023-05-28
CMD00022,CL0121,P004,May 06 2023,2,2044.07,KO,RBA,Carte,LIV6,
CMD13810,CL0713,P007,Nov 14 2023,2,309.38,LIVRE,marrakech,Carte,LIV1,2023-11-17
CMD18029,CL0538,P079,2023-08-22,1,671.67,LIVRE,CASABLANCA,Carte,,2023-08-23
CMD32167,CL0788,P057,Jul 26 2023,3,3408.79,OK,casa,Carte,LIV8,
CMD15139,CL0813,P072,27/01/2023,1,3887.84,livré,marrakech,Carte,LIV6,2023-01-29
CMD34075,CL0721,P013,May 10 2024,2,2846.51,livré,RBA,Carte,LIV4,2024-05-12
CMD19579,CL0490,P072,08/11/2023,1,1188.75,livre,TANGER,Carte,LIV6,
CMD12279,CL0887,P100,28/04/2024,5,1809.26,livré,Tnja,Carte,,2024-04-30
CMD00273,CL0287,P058,May 22 2023,2,2504.6,livré,casa,Carte,LIV6,2023-05-24
CMD10666,CL0144,P029,07/04/2024,4,4064.98,DONE,marrakech,Carte,LIV7,2024-04-12
CMD41732,CL0879,P075,Mar 05 2023,5,3101.11,DONE,casa,Carte,LIV4,2023-03-09
CMD07694,CL0870,P085,Feb 25 2023,1,197.16,annulé,TANGER,Carte,LIV6,
CMD31391,CL0768,P099,Jan 22 2024,2,4941.18,livre,marrakech,Carte,LIV7,
CMD24179,CL0646,P082,04/06/2023,5,2323.43,LIVRE,tanger,Carte,LIV2,2023-06-06
CMD28976,CL0719,P023,Feb 27 2023,2,2626.59,livré,RBA,Carte,,2023-03-03
CMD35545,CL0303,P005,Nov 28 2023,1,475.16,en_cours,Tnja,Carte,LIV8,
CMD11071,CL0353,P053,2023-01-11,1,3740.48,DONE,kech,Carte,LIV9,2023-01-14
CMD37244,CL0819,P046,24/05/2023,4,1298.95,livré,tanger,Carte,LIV10,2023-05-25
CMD29168,CL0517,P028,Mar 14 2024,3,2123.91,livré,marrakech,Carte,LIV10,2024-03-16
CMD24484,CL0729,P004,2023-02-23,5,2433.28,livré,Tnja,Carte,LIV7,2023-02-27
CMD27142,CL0048,P090,Mar 24 2024,2,2624.34,retourné,TNG,Carte,LIV10,2024-03-29
CMD10226,CL0280,P010,Feb 10 2023,2,1951.48,livré,kech,Carte,LIV8,2023-02-13
CMD29364,CL0945,P069,2024-01-15,2,3629.87,OK,RBA,Carte,LIV2,
CMD07921,CL0980,P047,23/07/2023,5,359.06,livré,CASABLANCA,Carte,LIV8,2023-07-28
CMD26363,CL0973,P095,Nov 17 2023,1,1124.18,livré,Tnja,Carte,LIV4,2023-11-20
CMD38341,CL0999,P006,Mar 08 2023,5,4587.24,en_cours,TNG,Carte,LIV3,
CMD31256,CL0228,P009,Apr 21 2023,1,2531.35,en_cours,tanger,Carte,LIV9,
CMD39274,CL0694,P020,16/01/2023,5,3301.86,LIVRE,CASABLANCA,Carte,LIV2,2023-01-19
CMD36797,CL0309,P097,Apr 05 2023,4,1921.1,livré,TANGER,Carte,LIV3,2023-04-10
CMD16355,CL0116,P072,08/08/2023,1,2590.4,annulé,casa,Carte,LIV8,
CMD31470,CL0366,P040,Jan 21 2024,5,263.96,en_cours,RBA,Carte,LIV10,
CMD38197,CL0600,P095,2023-06-22,4,2921.01,annulé,Tnja,Carte,LIV1,
CMD32447,CL0517,P012,2023-03-11,5,513.21,livre,kech,Carte,LIV5,
CMD24584,CL0503,P090,20/06/2023,1,2748.08,livre,marrakech,Carte,LIV1,
CMD11048,CL0122,P064,2023-02-05,2,3706.38,livré,kech,Carte,LIV4,2023-02-08
CMD17820,CL0487,P060,2023-10-27,5,2595.82,LIVRE,casa,Carte,LIV3,2023-10-31
CMD02405,CL0711,P021,25/09/2023,2,2446.09,livre,tanger,Carte,LIV7,
CMD03159,CL0360,P093,28/04/2024,2,2548.93,annulé,marrakech,Carte,LIV1,
CMD02266,CL0202,P061,Feb 22 2024,3,2438.26,livre,tanger,Carte,LIV10,
CMD20067,CL0290,P032,Jan 19 2024,4,2104.58,livre,Tnja,Carte,LIV5,
CMD09771,CL0208,P057,Jun 02 2023,2,2859.95,en_cours,tanger,Carte,LIV3,
CMD10343,CL0573,P056,2023-06-13,1,690.8,livré,tanger,Carte,LIV2,2023-06-15
CMD00619,CL0241,P044,2023-06-30,3,2579.27,en_cours,CASABLANCA,Carte,,
CMD23573,CL0523,P066,Feb 06 2023,2,1640.82,LIVRE,tanger,Carte,LIV10,2023-02-10
CMD07684,CL0787,P077,2023-10-13,3,4667.36,en_cours,kech,Carte,LIV6,
CMD04355,CL0748,P048,23/09/2023,4,4761.64,DONE,Agadir,Carte,LIV4,2023-09-25
CMD13813,CL0466,P066,26/01/2024,4,2473.8,KO,TNG,Carte,LIV7,
CMD18376,CL0259,P078,2024-04-05,4,825.84,livré,RBA,Carte,LIV10,2024-04-07
CMD00186,CL0469,P013,2024-05-07,3,3826.53,DONE,RBA,Carte,LIV6,2024-05-08
CMD40415,CL0908,P087,Jan 03 2023,4,1716.93,livré,CASABLANCA,Carte,LIV2,2023-01-07
CMD01644,CL0035,P100,Mar 10 2023,1,4300.16,livré,CASABLANCA,Carte,LIV4,2023-03-15
CMD21432,CL0282,P083,2024-02-27,2,153.89,retourné,casa,Carte,LIV8,2024-02-28
CMD21462,CL0674,P039,2023-10-31,4,3900.76,en_cours,marrakech,Carte,LIV3,
CMD00473,CL0556,P098,21/03/2024,2,2660.29,DONE,Tnja,Carte,LIV1,2024-03-26
CMD24427,CL0965,P042,2023-06-20,1,2472.02,livré,marrakech,Carte,LIV10,2023-06-21
CMD33800,CL0162,P012,03/01/2023,2,2870.38,retourné,RBA,Carte,,2023-01-06
CMD45295,CL0111,P084,08/12/2023,3,2310.89,OK,Tnja,Carte,LIV2,
CMD34933,CL0836,P068,Jul 27 2023,1,412.8,en_cours,Tnja,Carte,LIV2,
CMD14476,CL0457,P072,2024-04-11,4,755.1,DONE,TANGER,Carte,LIV3,2024-04-14
CMD36219,CL0603,P064,2023-12-26,4,3195.44,LIVRE,TNG,Carte,LIV3,2023-12-29
CMD17947,CL0907,P062,Sep 12 2023,5,597.03,livre,casa,Carte,,
CMD14320,CL0879,P033,Jun 09 2023,4,4084.96,retourné,marrakech,Carte,LIV3,2023-06-12
CMD41439,CL0281,P061,2023-01-24,5,689.53,livré,Tnja,Carte,LIV8,2023-01-25
CMD45974,CL0839,P028,04/01/2023,5,3106.53,en_cours,tanger,Carte,LIV2,
CMD06388,CL0979,P005,Jan 15 2024,1,1405.3,OK,tanger,Carte,LIV2,
CMD38709,CL0792,P067,2023-04-21,3,1994.52,livré,Agadir,Carte,LIV9,2023-04-26
CMD30552,CL0054,P097,15/02/2023,3,3392.56,livré,casa,Carte,LIV6,2023-02-19
CMD15448,CL0152,P008,Jan 27 2024,2,4517.22,livré,TANGER,Carte,LIV10,2024-01-29
CMD13103,CL0051,P078,2023-02-07,3,315.03,livré,Agadir,Carte,LIV4,2023-02-11
CMD07275,CL0591,P011,11/10/2023,2,4913.35,en_cours,TANGER,Carte,LIV5,
CMD43939,CL0923,P006,2023-11-24,3,1545.35,DONE,TNG,Carte,LIV4,2023-11-25
CMD26551,CL0448,P077,2024-05-14,1,3228.71,livré,Tnja,Carte,LIV1,2024-05-16
CMD21138,CL0662,P026,09/02/2024,2,2768.31,livre,casa,Carte,LIV3,
CMD19342,CL0379,P084,27/11/2023,4,3558.74,KO,TANGER,Carte,LIV7,
CMD45704,CL0745,P065,15/11/2023,1,1630.26,KO,TANGER,Carte,LIV6,
CMD18904,CL0869,P089,Apr 07 2024,4,2342.26,LIVRE,CASABLANCA,Carte,LIV1,2024-04-09
CMD42272,CL0056,P074,Dec 23 2023,4,1422.89,livré,TNG,Carte,LIV2,2023-12-24
CMD28504,CL0676,P059,11/04/2023,-1,3056.11,livré,casa,Carte,LIV1,2023-04-13
CMD44637,CL0997,P054,09/05/2024,3,72.95,annulé,casa,Carte,LIV9,
CMD29198,CL0932,P026,22/10/2023,5,2979.76,livré,RBA,Carte,LIV8,2023-10-27
CMD12989,CL0029,P057,2023-10-01,2,2867.84,livre,marrakech,Carte,LIV9,
CMD23165,CL0218,P038,14/01/2024,1,2924.47,livré,casa,Carte,LIV3,2024-01-18
CMD07528,CL0106,P077,26/02/2023,5,4810.39,retourné,tanger,Carte,LIV10,2023-02-28
CMD29219,CL0384,P085,Mar 20 2023,2,1885.21,annulé,casa,Carte,LIV10,
CMD09347,CL0059,P029,Jun 07 2023,4,2806.23,livre,TNG,Carte,LIV9,
CMD45315,CL0371,P024,07/01/2023,2,4488.83,DONE,casa,Carte,,2023-01-10
CMD23934,CL0409,P016,2023-02-22,3,2054.76,retourné,tanger,Carte,LIV7,2023-02-23
CMD19385,CL0243,P088,23/11/2023,2,134.78,livré,RBA,Carte,LIV5,2023-11-27
CMD43999,CL0712,P031,2023-12-14,4,391.09,LIVRE,TNG,Carte,LIV9,2023-12-17
CMD35681,CL0044,P010,09/02/2024,4,2999.72,livré,RBA,Carte,LIV7,2024-02-13
CMD05815,CL0913,P054,2023-01-04,3,4863.56,livré,casa,Carte,LIV10,2023-01-08
CMD22216,CL0447,P068,2023-08-23,5,819.89,en_cours,casa,Carte,LIV4,
CMD10387,CL0978,P027,2024-02-29,4,3863.12,en_cours,casa,Carte,LIV3,
CMD30276,CL0892,P035,Nov 02 2023,5,2043.08,DONE,TANGER,Carte,LIV6,2023-11-04
CMD00861,CL0194,P017,2023-12-23,4,4129.3,LIVRE,Tnja,Carte,LIV9,2023-12-25
CMD40910,CL0994,P089,2023-05-18,3,4611.15,KO,TNG,Carte,LIV10,
CMD31932,CL0781,P061,2023-09-21,2,4036.68,annulé,TNG,Carte,LIV7,
CMD42088,CL0171,P063,Nov 01 2023,1,3508.45,OK,kech,Carte,,
CMD12533,CL0213,P072,2023-02-08,2,1223.91,livré,kech,Carte,LIV10,2023-02-12
CMD42157,CL0161,P091,Feb 23 2024,5,3818.62,DONE,kech,Carte,LIV1,2024-02-25
CMD35344,CL0679,P082,Oct 09 2023,1,350.63,livre,Agadir,Carte,LIV8,
CMD14220,CL0100,P021,26/03/2023,1,1760.04,livré,CASABLANCA,Carte,LIV8,2023-03-28
CMD26617,CL0706,P054,Aug 04 2023,4,307.23,KO,marrakech,Carte,,
CMD13079,CL0880,P063,28/05/2023,1,4972.37,livré,TNG,Carte,LIV9,2023-05-29
CMD01494,CL0176,P042,May 03 2024,3,3052.57,livré,casa,Carte,LIV9,2024-05-04
CMD16853,CL0656,P027,26/07/2023,5,2202.36,retourné,casa,Carte,LIV5,2023-07-28
CMD24135,CL0675,P043,Oct 09 2023,3,4344.62,livré,TANGER,Carte,LIV4,2023-10-12
CMD47480,CL0128,P082,2023-02-01,2,1993.2,OK,kech,Carte,LIV5,
CMD36603,CL0560,P015,Dec 12 2023,5,2242.83,livré,TNG,Carte,LIV10,2023-12-14
CMD36211,CL0837,P079,May 07 2024,1,165.35,livre,TANGER,Carte,LIV6,
CMD46457,CL0313,P078,09/04/2024,2,2128.21,LIVRE,CASABLANCA,Carte,LIV1,2024-04-11
CMD24586,CL0169,P018,24/11/2023,4,4628.48,OK,tanger,Carte,LIV5,
CMD00280,CL0627,P067,May 29 2023,2,755.96,KO,CASABLANCA,Carte,,
CMD13890,CL0257,P023,27/03/2024,1,4808.21,livré,casa,Carte,LIV10,2024-04-01
CMD05513,CL0221,P011,2023-10-31,5,1298.57,livre,Tnja,Carte,LIV5,
CMD03126,CL0236,P001,12/10/2023,3,4863.22,retourné,marrakech,Carte,LIV3,2023-10-16
CMD27585,CL0839,P008,2023-08-21,5,190.72,retourné,casa,Carte,LIV10,2023-08-22
CMD14130,CL0746,P002,2023-07-07,1,4388.44,en_cours,RBA,Carte,LIV6,
CMD13657,CL0162,P050,Jan 06 2024,4,2857.82,en_cours,casa,Carte,LIV9,
CMD38055,CL0306,P076,2023-09-20,2,4524.42,OK,RBA,Carte,LIV3,
CMD24096,CL0734,P026,2024-04-05,2,2222.89,DONE,TNG,Carte,,2024-04-10
CMD23807,CL0359,P005,2023-01-07,5,3716.96,livré,casa,Carte,LIV2,2023-01-12
CMD41849,CL0670,P088,2023-09-10,3,1232.57,annulé,tanger,Carte,LIV10,
CMD22567,CL0635,P036,2024-01-04,5,983.94,KO,RBA,Carte,,
CMD43494,CL0014,P039,2024-03-04,5,4002.01,LIVRE,Tnja,Carte,LIV4,2024-03-06
CMD35654,CL0893,P053,2023-12-17,5,3630.08,livré,kech,Carte,LIV10,2023-12-22
CMD34126,CL0780,P044,Apr 09 2023,4,4812.0,KO,RBA,Carte,LIV10,
CMD14795,CL0464,P003,Feb 08 2024,2,1822.23,livre,RBA,Carte,LIV4,
CMD15371,CL0803,P052,2023-01-10,4,1318.88,livré,Tnja,Carte,LIV6,2023-01-14
CMD29895,CL0156,P040,Nov 10 2023,1,0,livré,Agadir,Carte,LIV2,2023-11-12
CMD12296,CL0919,P010,2023-05-19,4,3152.5,retourné,marrakech,Carte,LIV7,2023-05-24
CMD32548,CL0222,P070,Jun 19 2023,1,1869.56,OK,Tnja,Carte,LIV3,
CMD02853,CL0956,P064,Sep 20 2023,5,184.65,OK,TANGER,Carte,LIV2,
CMD39244,CL0524,P071,Aug 12 2023,3,3237.52,annulé,TNG,Carte,LIV7,
CMD18831,CL0308,P009,2023-09-03,3,3854.51,livré,Tnja,Carte,LIV5,2023-09-06
CMD17299,CL0690,P057,Sep 24 2023,2,1797.7,LIVRE,tanger,Carte,LIV4,2023-09-25
CMD47474,CL0758,P075,2023-05-08,5,3135.79,LIVRE,TNG,Carte,LIV6,2023-05-10
CMD46550,CL0252,P028,04/03/2024,3,1024.94,livré,Tnja,Carte,LIV4,2024-03-07
CMD33474,CL0798,P086,Apr 14 2023,1,2784.29,DONE,CASABLANCA,Carte,LIV3,2023-04-18
CMD31044,CL0126,P076,Nov 23 2023,1,3950.9,livré,kech,Carte,LIV8,2023-11-25
CMD40488,CL0981,P030,05/07/2023,2,1883.71,livré,TNG,Carte,LIV5,2023-07-06
CMD36826,CL0193,P067,27/01/2023,1,3220.16,livré,casa,Carte,LIV5,2023-02-01
CMD23397,CL0129,P060,Sep 13 2023,5,2999.32,annulé,RBA,Carte,LIV8,
CMD38565,CL0889,P029,Jul 29 2023,1,4231.97,livre,tanger,Carte,LIV10,
CMD33762,CL0776,P060,2023-10-30,4,4365.53,en_cours,casa,Carte,LIV7,
CMD35864,CL0190,P063,Jul 29 2023,5,2569.55,annulé,marrakech,Carte,LIV4,
CMD43651,CL0724,P020,2024-01-10,5,2253.16,livre,marrakech,Carte,LIV7,
CMD11362,CL0074,P075,Dec 07 2023,3,2142.26,en_cours,casa,Carte,LIV1,
CMD47544,CL0312,P020,Jul 15 2023,4,1006.03,annulé,casa,Carte,LIV6,
CMD05535,CL0424,P022,2023-08-13,5,2142.39,OK,Tnja,Carte,LIV8,
CMD14743,CL0291,P050,2023-02-15,4,4886.33,KO,Tnja,Carte,LIV7,
CMD40439,CL0785,P051,Feb 24 2023,3,4072.13,OK,marrakech,Carte,LIV7,
CMD24313,CL0683,P048,14/05/2024,4,4090.85,livré,kech,Carte,LIV7,2024-05-15
CMD18146,CL0239,P054,Mar 05 2023,1,844.07,livré,tanger,Carte,LIV4,2023-03-06
CMD13459,CL0410,P029,28/08/2023,5,2706.58,livré,kech,Carte,LIV5,2023-08-30
CMD43220,CL0742,P070,26/01/2024,5,4327.4,DONE,CASABLANCA,Carte,LIV4,2024-01-27
CMD39155,CL0167,P062,12/03/2023,2,3712.56,livré,tanger,Carte,LIV9,2023-03-15
CMD29009,CL0901,P005,2024-05-04,4,2077.21,KO,marrakech,Carte,LIV4,
CMD34392,CL0743,P066,23/03/2024,1,1873.95,en_cours,Tnja,Carte,LIV4,
CMD27978,CL1000,P041,2023-09-22,1,3808.35,OK,casa,Carte,LIV3,
CMD41323,CL0804,P069,Apr 12 2024,2,4646.54,livré,Tnja,Carte,,2024-04-13
CMD02821,CL0858,P027,Dec 24 2023,4,3019.94,livre,CASABLANCA,Carte,LIV8,
CMD46969,CL0406,P074,15/03/2024,1,632.38,livré,Agadir,Carte,LIV5,2024-03-17
CMD11338,CL0359,P051,06/01/2023,2,3700.37,livré,marrakech,Carte,LIV5,2023-01-11
CMD23275,CL0313,P038,Jan 27 2024,5,0,annulé,TANGER,Carte,LIV1,
CMD32416,CL0732,P007,Oct 20 2023,2,215.85,LIVRE,marrakech,Carte,LIV9,2023-10-23
CMD37243,CL0185,P046,Jul 17 2023,5,4484.99,en_cours,marrakech,Carte,LIV1,
CMD35638,CL0207,P085,03/01/2023,2,1178.37,annulé,Tnja,Carte,LIV1,
CMD27164,CL0764,P001,2024-04-23,2,1822.04,en_cours,TNG,Carte,LIV1,
CMD21390,CL0295,P030,2023-07-24,2,4180.38,livré,Tnja,Carte,LIV6,2023-07-26
CMD11021,CL0527,P092,20/11/2023,3,3586.07,en_cours,Agadir,Carte,,
CMD21510,CL0360,P055,Apr 15 2024,2,4383.36,en_cours,TNG,Carte,LIV3,
CMD36057,CL0793,P084,Dec 02 2023,5,2701.18,annulé,casa,Carte,LIV4,
CMD41851,CL0495,P074,06/04/2023,2,424.81,annulé,casa,Carte,LIV1,
CMD20872,CL0771,P020,Nov 03 2023,5,0,OK,TANGER,Carte,LIV7,
CMD39972,CL0955,P086,23/11/2023,4,219.06,DONE,marrakech,Carte,LIV6,2023-11-27
CMD22487,CL0821,P041,06/08/2023,1,4802.17,LIVRE,CASABLANCA,Carte,LIV10,2023-08-08
CMD12004,CL0296,P095,2023-02-19,2,746.69,en_cours,Agadir,Carte,,
CMD14259,CL0496,P071,Jan 01 2023,3,1531.18,en_cours,Tnja,Carte,LIV6,
CMD39562,CL0094,P075,2023-02-01,2,3960.78,DONE,marrakech,Carte,LIV7,2023-02-04
CMD17493,CL0474,P087,Feb 03 2024,3,2912.0,KO,tanger,Carte,LIV10,
CMD42110,CL0268,P068,06/09/2023,5,800.94,livré,kech,Carte,LIV8,2023-09-11
CMD19686,CL0654,P064,Jul 21 2023,3,2030.9,livre,tanger,Carte,LIV10,
CMD29716,CL0999,P034,22/06/2023,2,1234.37,en_cours,Tnja,Carte,LIV9,
CMD22361,CL0980,P096,2024-02-28,2,3953.41,livré,TANGER,Carte,LIV8,2024-03-02
CMD47625,CL0057,P075,Mar 24 2024,5,0,livré,TNG,Carte,LIV10,2024-03-25
CMD25970,CL0794,P003,2023-06-20,2,3956.28,livré,CASABLANCA,Carte,LIV2,2023-06-21
CMD47386,CL0276,P028,2023-03-11,1,4610.44,livre,marrakech,Carte,LIV6,
CMD30462,CL0107,P004,2024-03-19,3,4218.13,livré,TNG,Carte,LIV9,2024-03-24
CMD01599,CL0676,P075,Apr 20 2024,2,4902.41,KO,RBA,Carte,LIV3,
CMD32634,CL0143,P098,2024-04-03,2,1322.25,retourné,casa,Carte,LIV2,2024-04-07
CMD04177,CL0660,P051,2024-03-18,1,1131.09,KO,TANGER,Carte,LIV6,
CMD10982,CL0229,P004,2023-10-16,2,4826.22,DONE,TNG,Carte,LIV4,2023-10-17
CMD14749,CL0243,P074,09/10/2023,1,2668.01,livre,TNG,Carte,,
CMD18015,CL0805,P019,07/02/2023,4,3176.22,KO,RBA,Carte,LIV5,
CMD14368,CL0058,P090,2023-07-17,1,3516.54,en_cours,CASABLANCA,Carte,LIV9,
CMD28940,CL0292,P018,Mar 10 2023,2,2409.47,livré,CASABLANCA,Carte,LIV2,2023-03-15
CMD23039,CL0497,P012,2024-03-27,2,3743.6,annulé,kech,Carte,LIV10,
CMD48305,CL0961,P017,2024-01-19,2,804.06,KO,casa,Carte,LIV5,
CMD11842,CL0065,P070,2023-04-09,4,1044.6,livre,Agadir,Carte,LIV6,
CMD11839,CL0637,P046,Jan 26 2023,2,64.29,LIVRE,kech,Carte,LIV3,2023-01-31
CMD44534,CL0691,P070,12/06/2023,3,1202.17,retourné,TNG,Carte,LIV2,2023-06-14
CMD44345,CL0281,P027,Feb 03 2023,1,1448.56,retourné,RBA,Carte,LIV9,2023-02-08
CMD21487,CL0113,P050,2023-11-15,5,1028.03,retourné,TNG,Carte,LIV8,2023-11-19
CMD43601,CL0811,P029,2023-06-17,3,1704.79,DONE,TANGER,Carte,LIV2,2023-06-22
CMD31448,CL0023,P029,2023-07-03,4,4017.97,KO,marrakech,Carte,LIV6,
CMD15575,CL0007,P052,2023-05-04,4,1996.05,DONE,Agadir,Carte,LIV9,2023-05-08
CMD14453,CL0082,P002,13/04/2024,2,2771.58,livré,Agadir,Carte,LIV5,2024-04-14
CMD08974,CL0708,P028,2023-07-28,1,1422.79,livre,RBA,Carte,LIV4,
CMD03836,CL0624,P050,Nov 18 2023,4,1991.81,livré,TANGER,Carte,LIV8,2023-11-20
CMD27996,CL0208,P062,Jan 20 2024,1,4474.79,retourné,casa,Carte,LIV10,2024-01-24
CMD22562,CL0039,P050,2024-04-25,3,695.91,retourné,TNG,Carte,LIV2,2024-04-26
CMD20954,CL0252,P087,20/11/2023,2,3123.16,KO,tanger,Carte,LIV3,
CMD44665,CL0632,P036,16/07/2023,1,2327.82,livré,TNG,Carte,LIV10,2023-07-19
CMD06682,CL0611,P043,Dec 26 2023,4,1213.59,livre,casa,Carte,,
CMD02302,CL0669,P037,2024-03-30,1,1509.97,livre,Agadir,Carte,LIV6,
CMD16263,CL0275,P017,2023-01-29,5,4078.5,annulé,Tnja,Carte,LIV10,
CMD06890,CL0219,P064,Jul 03 2023,2,602.6,annulé,marrakech,Carte,LIV6,
CMD34287,CL0674,P043,03/01/2023,5,594.55,livré,Tnja,Carte,LIV6,2023-01-06
CMD41787,CL0324,P007,02/03/2023,2,2664.31,livré,marrakech,Carte,LIV6,2023-03-07
CMD02706,CL0093,P059,2023-12-01,5,583.94,LIVRE,kech,Carte,,2023-12-06
CMD09479,CL0847,P016,24/12/2023,1,2806.73,en_cours,Tnja,Carte,LIV2,
CMD27862,CL0743,P020,15/06/2023,4,4156.11,LIVRE,kech,Carte,LIV4,2023-06-20
CMD24423,CL0864,P070,2023-06-12,1,4144.68,LIVRE,TANGER,Carte,LIV8,2023-06-15
CMD16006,CL0700,P090,2023-01-04,2,560.35,retourné,RBA,Carte,LIV2,2023-01-08
CMD25080,CL0191,P007,17/01/2024,1,198.19,livre,Tnja,Carte,LIV4,
CMD17353,CL0526,P049,2023-01-19,1,1519.57,en_cours,Agadir,Carte,,
CMD15847,CL0679,P025,10/05/2023,1,3058.54,livré,TANGER,Carte,LIV9,2023-05-14
CMD19265,CL0478,P003,May 12 2023,3,4928.57,OK,marrakech,Carte,LIV5,
CMD23697,CL0853,P095,08/03/2024,2,635.84,annulé,tanger,Carte,LIV7,
CMD15894,CL0371,P030,15/01/2024,2,3213.28,livré,TANGER,Carte,LIV6,2024-01-20
CMD14093,CL0984,P010,2023-10-22,1,2485.81,livré,Agadir,Carte,LIV6,2023-10-23
CMD18542,CL0361,P076,03/03/2024,2,2192.37,retourné,casa,Carte,LIV5,2024-03-06
CMD38107,CL0921,P017,2023-02-07,4,3773.66,LIVRE,CASABLANCA,Carte,LIV3,2023-02-12
CMD22681,CL0698,P088,26/10/2023,5,4806.82,livré,tanger,Carte,,2023-10-31
CMD20256,CL0563,P012,Nov 30 2023,3,1794.7,OK,Tnja,Carte,LIV9,
CMD35113,CL0100,P051,Mar 26 2023,5,1982.66,en_cours,marrakech,Carte,LIV2,
CMD38074,CL0042,P044,26/02/2023,5,1696.68,annulé,RBA,Carte,LIV7,
CMD46642,CL0261,P017,2023-10-26,3,1430.04,LIVRE,TANGER,Carte,LIV8,2023-10-28
CMD06566,CL0478,P014,Sep 04 2023,2,4229.27,livre,TNG,Carte,LIV4,
CMD43776,CL0276,P061,Apr 16 2024,3,3961.74,livré,RBA,Carte,LIV6,2024-04-19
CMD41463,CL0997,P002,04/05/2023,4,2797.73,LIVRE,Agadir,Carte,LIV4,2023-05-09
CMD31951,CL0384,P022,Apr 08 2024,3,3391.36,livré,Tnja,Carte,LIV1,2024-04-12
CMD11306,CL0111,P038,Aug 01 2023,5,1852.66,DONE,marrakech,Carte,LIV10,2023-08-06
CMD00992,CL0686,P005,Mar 23 2023,3,2524.86,livré,tanger,Carte,LIV3,2023-03-28
CMD33178,CL0864,P014,02/08/2023,4,4052.34,en_cours,marrakech,Carte,LIV4,
CMD29915,CL0735,P053,2024-03-10,1,3075.84,OK,TNG,Carte,LIV4,
CMD11484,CL0094,P052,Feb 21 2023,5,4824.99,OK,marrakech,Carte,LIV3,
CMD10247,CL0766,P073,2024-01-29,2,3270.53,livré,marrakech,Carte,LIV5,2024-02-01
CMD36506,CL0340,P051,19/10/2023,4,3138.35,livré,marrakech,Carte,LIV4,2023-10-20
CMD36305,CL0801,P012,Apr 24 2024,2,126.97,annulé,marrakech,Carte,,
CMD22587,CL0973,P041,11/08/2023,5,4142.34,DONE,TANGER,Carte,LIV9,2023-08-14
CMD37828,CL0224,P071,2023-12-13,3,1511.56,livré,CASABLANCA,Carte,LIV7,2023-12-17
CMD28218,CL0493,P055,02/12/2023,3,1515.4,livré,CASABLANCA,Carte,LIV5,2023-12-05
CMD18983,CL0879,P071,24/11/2023,1,1819.46,retourné,Tnja,Carte,LIV5,2023-11-27
CMD32134,CL0399,P046,Sep 04 2023,4,671.42,DONE,TNG,Carte,,2023-09-07
CMD20073,CL0287,P023,07/07/2023,4,3989.47,retourné,TANGER,Carte,LIV3,2023-07-10
CMD00058,CL0066,P077,Dec 20 2023,4,2812.2,OK,tanger,Carte,LIV5,
CMD44116,CL0017,P062,2024-01-17,2,2440.85,livré,marrakech,Carte,LIV5,2024-01-21
CMD40997,CL0653,P045,Nov 23 2023,3,164.92,LIVRE,TANGER,Carte,LIV7,2023-11-28
CMD21866,CL0841,P049,Feb 28 2024,5,2991.25,OK,casa,Carte,LIV5,
CMD39966,CL0956,P045,2024-02-08,2,3283.89,livre,marrakech,Carte,LIV10,
CMD18680,CL0476,P045,2023-12-29,5,4075.99,DONE,Tnja,Carte,LIV10,2024-01-01
CMD28560,CL0026,P040,Dec 30 2023,4,2491.67,retourné,Tnja,Carte,LIV7,2024-01-01
CMD42335,CL0925,P084,Aug 03 2023,2,1720.96,KO,RBA,Carte,LIV8,
CMD34801,CL0959,P088,2024-04-10,1,3054.01,livré,Agadir,Carte,LIV2,2024-04-13
CMD28267,CL0530,P047,2024-03-01,4,487.77,livré,marrakech,Carte,LIV1,2024-03-04
CMD03877,CL0592,P017,Mar 18 2023,3,4326.84,KO,tanger,Carte,LIV7,
CMD15845,CL0104,P100,2023-10-31,5,0,livré,marrakech,Carte,LIV1,2023-11-03
CMD20271,CL0432,P085,2024-03-11,1,3280.41,livré,marrakech,Carte,LIV5,2024-03-14
CMD41488,CL0280,P004,May 05 2024,1,2093.11,livré,Tnja,Carte,LIV1,2024-05-06
CMD01320,CL0724,P078,May 03 2024,1,3518.12,LIVRE,TNG,Carte,,2024-05-07
CMD40004,CL0910,P034,2023-08-27,2,4949.98,OK,kech,Carte,LIV5,
CMD40842,CL0318,P096,Sep 15 2023,2,1399.28,livré,tanger,Carte,LIV5,2023-09-18
CMD37428,CL0636,P094,25/07/2023,2,194.11,en_cours,RBA,Carte,LIV10,
CMD20466,CL0566,P100,2024-05-05,2,3111.39,livré,tanger,Carte,LIV8,2024-05-10
CMD42746,CL0867,P043,17/03/2024,3,2225.56,DONE,TANGER,Carte,LIV9,2024-03-18
CMD09342,CL0660,P030,Dec 19 2023,3,661.78,livré,Tnja,Carte,LIV8,2023-12-23
CMD18788,CL0014,P024,2023-02-28,1,2471.97,annulé,TANGER,Carte,LIV1,
CMD42839,CL0120,P078,2023-02-01,2,2498.61,LIVRE,kech,Carte,LIV5,2023-02-05
CMD29957,CL0972,P011,Nov 01 2023,4,1327.19,livre,Agadir,Carte,LIV10,
CMD29936,CL0284,P025,18/10/2023,5,1947.46,livré,TANGER,Carte,LIV9,2023-10-22
CMD28663,CL0637,P016,May 07 2023,4,4095.92,livre,Agadir,Carte,LIV7,
CMD03016,CL0756,P060,07/03/2024,5,3734.35,OK,Agadir,Carte,LIV5,
CMD46844,CL0942,P040,23/03/2024,1,3289.88,livré,RBA,Carte,,2024-03-28
CMD16179,CL0592,P016,08/04/2024,4,3426.68,OK,TNG,Carte,LIV8,
CMD43498,CL0746,P098,2023-09-22,4,3863.44,DONE,marrakech,Carte,LIV9,2023-09-25
CMD29449,CL0721,P006,2024-04-08,1,3728.87,KO,TANGER,Carte,LIV5,
CMD15751,CL0803,P014,May 16 2023,1,2047.64,annulé,kech,Carte,LIV6,
CMD14268,CL0034,P065,2023-03-19,1,2610.99,annulé,casa,Carte,LIV3,
CMD00614,CL0640,P068,Jul 04 2023,2,2456.19,en_cours,marrakech,Carte,LIV10,
CMD08185,CL0655,P025,Mar 19 2023,5,4799.73,livré,kech,Carte,LIV9,2023-03-20
CMD43600,CL0881,P026,2023-06-26,3,3206.72,retourné,Tnja,Carte,LIV2,2023-06-28
CMD35096,CL0168,P076,2023-04-21,4,1820.84,KO,TNG,Carte,LIV8,
CMD42238,CL0990,P018,2023-03-26,4,1331.58,en_cours,TANGER,Carte,LIV10,
CMD30768,CL0899,P082,Jul 02 2023,1,1025.17,livre,Tnja,Carte,LIV8,
CMD06107,CL0277,P028,2024-01-14,4,3669.97,livre,kech,Carte,LIV7,
CMD34604,CL0873,P077,27/07/2023,4,1130.93,annulé,RBA,Carte,LIV9,
CMD01244,CL0533,P027,20/02/2024,4,4139.69,retourné,marrakech,Carte,LIV9,2024-02-22
CMD05826,CL0507,P060,25/03/2024,5,2808.07,en_cours,Agadir,Carte,LIV4,
CMD11264,CL0433,P045,2023-02-15,1,2806.99,livre,Agadir,Carte,LIV9,
CMD32632,CL0650,P047,2023-01-15,5,3864.52,en_cours,kech,Carte,LIV9,
CMD11608,CL0003,P027,May 05 2024,4,4444.02,OK,RBA,Carte,LIV1,
CMD35107,CL0335,P083,2023-10-21,2,3275.41,LIVRE,TNG,Carte,LIV9,2023-10-26
CMD22429,CL0496,P025,2023-01-09,4,2542.22,en_cours,Tnja,Carte,LIV5,
CMD07788,CL0028,P061,20/10/2023,5,3705.14,LIVRE,kech,Carte,LIV3,2023-10-21
CMD27648,CL0380,P034,10/03/2024,5,3485.95,livre,TANGER,Carte,,
CMD40937,CL0802,P024,2023-04-06,1,3319.8,annulé,marrakech,Carte,LIV6,
CMD03513,CL0086,P014,18/04/2024,2,2264.74,livré,TNG,Carte,LIV5,2024-04-20
CMD19865,CL0731,P025,May 06 2024,4,4029.32,livré,tanger,Carte,LIV2,2024-05-07
CMD03308,CL0614,P058,Sep 04 2023,4,4703.19,LIVRE,marrakech,Carte,LIV3,2023-09-06
CMD13558,CL0102,P012,2023-12-13,1,3464.21,livré,kech,Carte,LIV3,2023-12-18
CMD46086,CL0740,P023,Jun 23 2023,1,213.67,livré,RBA,Carte,LIV9,2023-06-28
CMD28564,CL0474,P036,01/12/2023,5,1470.76,livre,marrakech,Carte,LIV3,
CMD09935,CL0320,P026,2023-01-25,5,4590.87,annulé,CASABLANCA,Carte,LIV2,
CMD22464,CL0249,P008,30/09/2023,3,1830.39,en_cours,TANGER,Carte,LIV3,
CMD09013,CL0244,P100,2024-02-08,4,729.66,LIVRE,Agadir,Carte,,2024-02-12
CMD02730,CL0577,P062,18/03/2024,1,2660.87,livré,CASABLANCA,Carte,LIV8,2024-03-21
CMD46995,CL0420,P092,07/01/2024,5,336.34,en_cours,TANGER,Carte,LIV5,
CMD17912,CL0280,P020,06/03/2023,2,1754.62,livré,marrakech,Carte,LIV6,2023-03-07
CMD31901,CL0954,P063,Feb 19 2023,5,2467.24,livré,kech,Carte,LIV4,2023-02-22
CMD34324,CL0723,P035,Jul 03 2023,4,1872.69,KO,marrakech,Carte,LIV10,
CMD46628,CL0389,P082,09/03/2024,2,2140.21,en_cours,TANGER,Carte,LIV3,
CMD13796,CL0265,P025,2024-04-16,3,1469.55,LIVRE,Agadir,Carte,LIV2,2024-04-20
CMD17320,CL0332,P091,Jan 29 2023,5,669.75,livré,Agadir,Carte,LIV3,2023-01-31
CMD18057,CL0025,P056,13/01/2024,1,1679.99,livre,Agadir,Carte,LIV7,
CMD09656,CL0694,P093,10/11/2023,4,4614.65,livré,Tnja,Carte,LIV3,2023-11-12
CMD38540,CL0489,P027,Feb 11 2023,4,3703.76,en_cours,TNG,Carte,LIV1,
CMD27981,CL0550,P022,11/12/2023,1,1021.49,en_cours,casa,Carte,,
CMD16420,CL0792,P023,2023-03-04,4,4939.84,livré,TANGER,Carte,LIV7,2023-03-07
CMD46872,CL0936,P081,Jul 10 2023,3,361.72,retourné,TNG,Carte,LIV2,2023-07-14
CMD30595,CL0376,P047,15/03/2024,1,2926.73,en_cours,marrakech,Carte,LIV3,
CMD04156,CL0983,P099,2023-11-05,3,2200.4,KO,kech,Carte,LIV2,
CMD06875,CL0855,P037,Mar 15 2024,1,2512.18,retourné,RBA,Carte,LIV10,2024-03-17
CMD29482,CL0657,P034,19/08/2023,3,3212.86,LIVRE,TANGER,Carte,LIV5,2023-08-23
CMD13801,CL0011,P099,19/01/2024,4,285.16,DONE,casa,Carte,LIV8,2024-01-20
CMD48470,CL0094,P027,2023-09-05,4,217.51,livré,CASABLANCA,Carte,LIV7,2023-09-07
CMD21332,CL0592,P035,May 02 2023,1,400.2,OK,TANGER,Carte,LIV1,
CMD30059,CL0366,P025,Dec 07 2023,5,4419.55,livré,TNG,Carte,LIV5,2023-12-10
CMD07910,CL0055,P060,2024-03-22,4,2834.28,retourné,TANGER,Carte,LIV2,2024-03-26
CMD04269,CL0637,P040,Jun 20 2023,2,2520.15,livré,kech,Carte,LIV5,2023-06-22
CMD27415,CL0497,P019,31/08/2023,3,777.98,livré,tanger,Carte,LIV3,2023-09-02
CMD33648,CL0261,P019,26/03/2023,1,3743.1,en_cours,Agadir,Carte,LIV9,
CMD13814,CL0560,P008,Jun 10 2023,1,4232.35,livre,tanger,Carte,LIV3,
CMD09776,CL0556,P100,2023-04-07,5,1968.57,livré,TNG,Carte,LIV2,2023-04-11
CMD24514,CL0873,P013,2023-12-25,3,4596.96,en_cours,Tnja,Carte,LIV5,
CMD05186,CL0502,P017,2023-11-28,1,3969.81,LIVRE,marrakech,Carte,LIV8,2023-12-03
CMD26387,CL0585,P076,2023-02-25,4,892.69,livre,kech,Carte,LIV6,
CMD08282,CL0834,P028,30/07/2023,5,2321.37,livré,tanger,Carte,LIV5,2023-08-02
CMD07060,CL0879,P010,Oct 26 2023,3,3079.71,en_cours,TNG,Carte,LIV3,
CMD11002,CL0415,P019,19/04/2024,4,4256.15,livré,casa,Carte,LIV7,2024-04-21
CMD21077,CL0009,P008,16/03/2024,4,3957.88,livré,Agadir,Carte,LIV1,2024-03-21
CMD34018,CL0845,P083,2024-04-13,2,4976.38,livré,TANGER,Carte,LIV7,2024-04-17
CMD10405,CL0419,P011,2024-02-20,2,1920.78,annulé,Tnja,Carte,LIV1,
CMD14034,CL0972,P025,2023-05-12,3,1731.7,livre,TANGER,Carte,,
CMD31003,CL0502,P067,19/03/2023,5,3078.77,LIVRE,TNG,Carte,LIV6,2023-03-24
CMD31326,CL0264,P037,2023-01-18,1,2870.57,LIVRE,casa,Carte,LIV1,2023-01-22
CMD18322,CL0873,P049,May 15 2023,2,1744.16,KO,marrakech,Carte,LIV7,
CMD44627,CL0877,P088,Jul 05 2023,3,3388.99,livré,casa,Carte,LIV8,2023-07-10
CMD31956,CL0209,P002,2023-07-19,4,0,retourné,CASABLANCA,Carte,LIV3,2023-07-24
CMD18099,CL0663,P092,03/03/2023,1,2826.83,livre,TNG,Carte,,
CMD15067,CL0780,P076,Feb 17 2024,1,942.31,KO,Tnja,Carte,LIV2,
CMD46474,CL0451,P047,23/04/2024,3,233.64,LIVRE,CASABLANCA,Carte,LIV3,2024-04-25
CMD18219,CL0366,P034,May 10 2023,3,386.17,KO,Tnja,Carte,LIV7,
CMD39965,CL0653,P035,Aug 02 2023,1,2530.58,OK,TNG,Carte,LIV3,
CMD29382,CL0211,P092,May 30 2023,3,904.13,retourné,tanger,Carte,LIV9,2023-06-03
CMD00084,CL0134,P050,Apr 11 2023,1,1974.63,KO,TANGER,Carte,,
CMD46854,CL0148,P015,2023-08-26,2,961.47,annulé,TNG,Carte,LIV9,
CMD45856,CL0378,P091,03/02/2024,-1,434.87,livré,RBA,Carte,LIV8,2024-02-08
CMD15808,CL0427,P009,26/06/2023,2,2674.02,annulé,CASABLANCA,Carte,LIV7,
CMD07579,CL0690,P077,20/07/2023,2,1961.68,livré,marrakech,Carte,LIV4,2023-07-21
CMD04691,CL0460,P091,15/06/2023,4,4506.86,en_cours,tanger,Carte,LIV1,
CMD29834,CL0232,P030,2023-01-10,3,623.62,LIVRE,RBA,Carte,LIV1,2023-01-12
CMD07244,CL0265,P039,Oct 24 2023,5,2139.18,livré,kech,Carte,LIV5,2023-10-28
CMD33882,CL0642,P023,Aug 08 2023,1,2177.61,KO,Tnja,Carte,LIV2,
CMD42475,CL0038,P021,2023-08-05,3,3287.9,livre,marrakech,Carte,LIV3,
CMD42069,CL0195,P058,25/01/2024,5,2362.76,KO,TNG,Carte,LIV2,
CMD15356,CL0003,P050,2024-03-09,4,3854.44,livré,Agadir,Carte,LIV7,2024-03-13
CMD39848,CL0142,P063,2023-07-09,5,2683.38,retourné,TNG,Carte,LIV2,2023-07-12
CMD01333,CL0887,P047,Jun 26 2023,1,3558.18,KO,marrakech,Carte,LIV2,
CMD03690,CL0999,P002,Jan 11 2024,5,584.89,livré,RBA,Carte,LIV7,2024-01-16
CMD06757,CL0449,P014,08/02/2023,5,3440.6,KO,kech,Carte,LIV5,
CMD19603,CL0072,P001,2024-01-17,2,349.66,LIVRE,Agadir,Carte,LIV3,2024-01-19
CMD12488,CL0400,P053,2024-01-24,2,616.99,DONE,CASABLANCA,Carte,LIV5,2024-01-26
CMD43863,CL0092,P040,Dec 25 2023,4,3887.17,DONE,tanger,Carte,LIV2,2023-12-28
CMD48040,CL0800,P097,2023-04-22,4,2173.86,retourné,kech,Carte,LIV9,2023-04-25
CMD36959,CL0283,P062,Feb 22 2023,4,4317.78,retourné,marrakech,Carte,LIV1,2023-02-23
CMD04150,CL0600,P034,2024-01-30,5,4197.69,livré,Agadir,Carte,LIV8,2024-02-04
CMD28378,CL0094,P067,2024-03-14,5,1210.87,livré,tanger,Carte,LIV4,2024-03-18
CMD34318,CL0675,P084,2023-01-05,4,1191.44,annulé,CASABLANCA,Carte,LIV1,
CMD29082,CL0172,P030,11/12/2023,5,2661.14,livré,tanger,Carte,LIV5,2023-12-15
CMD11038,CL0929,P057,2023-10-27,4,426.75,livré,kech,Carte,LIV9,2023-10-31
CMD07838,CL0312,P039,Feb 29 2024,1,3893.31,OK,Tnja,Carte,LIV9,
CMD08131,CL0544,P087,Jun 20 2023,2,131.55,livre,TNG,Carte,LIV7,
CMD44453,CL0926,P015,Nov 06 2023,3,1652.46,livre,RBA,Carte,LIV8,
CMD11149,CL0315,P091,20/02/2023,3,396.46,livré,Agadir,Carte,LIV5,2023-02-23
CMD15629,CL0109,P033,May 24 2023,3,708.13,DONE,Agadir,Carte,LIV4,2023-05-29
CMD26709,CL0245,P087,Sep 27 2023,5,2977.01,LIVRE,TNG,Carte,LIV6,2023-10-01
CMD06770,CL0283,P087,Aug 27 2023,1,3629.12,LIVRE,Tnja,Carte,LIV9,2023-09-01
CMD03431,CL0619,P009,2023-01-29,4,884.56,OK,CASABLANCA,Carte,,
CMD36340,CL0301,P073,08/03/2023,2,4981.52,LIVRE,kech,Carte,,2023-03-10
CMD33608,CL0742,P001,Sep 07 2023,4,2622.83,DONE,marrakech,Carte,LIV10,2023-09-10
CMD36115,CL0296,P027,Jun 14 2023,5,4226.3,KO,CASABLANCA,Carte,LIV8,
CMD23058,CL0812,P052,24/04/2024,2,2053.92,DONE,RBA,Carte,LIV6,2024-04-29
CMD13638,CL0544,P043,Oct 02 2023,2,4241.61,livre,Tnja,Carte,LIV1,
CMD43555,CL0669,P042,Feb 15 2023,2,3923.32,livré,TANGER,Carte,LIV6,2023-02-18
CMD41161,CL0151,P052,2023-08-08,2,609.54,en_cours,casa,Carte,,
CMD22903,CL0945,P084,Feb 22 2023,5,171.38,LIVRE,tanger,Carte,LIV3,2023-02-27
CMD10861,CL0025,P004,Aug 20 2023,3,3384.58,livré,TNG,Carte,LIV7,2023-08-22
CMD28441,CL0489,P072,2023-11-07,4,0,DONE,marrakech,Carte,LIV1,2023-11-10
CMD10960,CL0136,P093,2023-05-23,4,4841.23,OK,Tnja,Carte,LIV6,
CMD35524,CL0073,P052,2023-09-18,1,3828.42,livre,CASABLANCA,Carte,LIV8,
CMD18288,CL0919,P076,Apr 29 2023,2,1381.14,livré,Agadir,Carte,LIV6,2023-05-03
CMD21470,CL0847,P092,Mar 24 2024,4,4215.72,livré,RBA,Carte,LIV9,2024-03-25
CMD14733,CL0345,P060,20/03/2024,5,1936.5,livré,casa,Carte,LIV7,2024-03-25
CMD09954,CL0483,P081,Dec 05 2023,2,702.45,livre,kech,Carte,LIV7,
CMD05145,CL0136,P071,27/12/2023,5,4161.06,retourné,kech,Carte,,2023-12-31
CMD48412,CL0137,P001,23/08/2023,1,859.24,livre,CASABLANCA,Carte,LIV3,
CMD40833,CL0849,P042,14/01/2024,1,3332.33,retourné,RBA,Carte,LIV2,2024-01-17
CMD28796,CL0683,P014,Oct 13 2023,1,2247.27,livré,CASABLANCA,Carte,,2023-10-18
CMD42190,CL0249,P080,2023-07-09,5,2461.58,livre,TNG,Carte,LIV9,
CMD47871,CL0075,P026,2023-03-01,5,206.48,LIVRE,TANGER,Carte,LIV3,2023-03-03
CMD10499,CL0081,P097,2023-09-12,5,3301.13,livré,Agadir,Carte,LIV4,2023-09-13
CMD23809,CL0967,P029,Jul 23 2023,2,2858.39,LIVRE,CASABLANCA,Carte,LIV5,2023-07-27
CMD38282,CL0992,P047,Jul 19 2023,4,3721.58,annulé,RBA,Carte,LIV9,
CMD20261,CL0256,P037,03/07/2023,4,694.41,DONE,casa,Carte,LIV5,2023-07-04
CMD47726,CL0915,P027,2023-11-22,3,3862.96,livré,Tnja,Carte,,2023-11-23
CMD31123,CL0607,P071,2023-01-07,3,4204.17,DONE,Tnja,Carte,LIV2,2023-01-12
CMD03759,CL0311,P005,Oct 23 2023,4,2744.21,annulé,Agadir,Carte,LIV6,
CMD17049,CL0400,P079,Oct 20 2023,4,4726.15,annulé,Tnja,Carte,LIV4,
CMD37237,CL0723,P029,Dec 29 2023,1,1816.15,retourné,kech,Carte,LIV3,2024-01-03
CMD27384,CL0440,P022,26/07/2023,5,3295.01,annulé,tanger,Carte,LIV6,
CMD19652,CL0843,P056,Mar 21 2024,1,3259.35,LIVRE,TNG,Carte,LIV5,2024-03-24
CMD03184,CL0102,P037,2024-05-01,3,249.45,OK,TANGER,Carte,,
CMD03130,CL0014,P011,14/06/2023,4,3649.1,livré,Agadir,Carte,LIV4,2023-06-18
CMD47514,CL0560,P010,2024-03-07,1,1573.73,livré,marrakech,Carte,LIV7,2024-03-12
CMD01455,CL0554,P074,22/09/2023,3,1972.97,livre,Tnja,Carte,LIV4,
CMD38324,CL0588,P056,2023-07-22,4,4746.75,DONE,Tnja,Carte,LIV4,2023-07-25
CMD02811,CL0914,P058,May 06 2024,2,436.15,KO,CASABLANCA,Carte,LIV4,
CMD44709,CL0897,P031,07/05/2023,1,4170.22,en_cours,casa,Carte,LIV6,
CMD21815,CL0499,P032,Sep 06 2023,1,651.03,annulé,marrakech,Carte,LIV3,
CMD09685,CL0024,P093,Feb 13 2023,3,244.18,livré,TANGER,Carte,LIV1,2023-02-17
CMD20622,CL0211,P027,2024-05-08,1,1864.84,livre,kech,Carte,LIV10,
CMD40528,CL0205,P065,2023-08-12,3,4640.02,en_cours,TNG,Carte,LIV1,
CMD10065,CL0947,P059,Jan 06 2024,4,3926.08,en_cours,kech,Carte,LIV2,
CMD06369,CL0006,P050,24/10/2023,3,3900.27,LIVRE,marrakech,Carte,,2023-10-29
CMD31239,CL0646,P073,May 14 2023,4,1710.77,OK,Agadir,Carte,LIV1,
CMD14468,CL0908,P024,2023-03-07,1,317.85,livré,casa,Carte,LIV10,2023-03-09
CMD20623,CL0525,P003,2023-08-12,5,4320.05,en_cours,Tnja,Carte,LIV10,
CMD13703,CL0506,P083,Mar 29 2023,5,4999.34,OK,kech,Carte,LIV5,
CMD35630,CL0412,P099,21/02/2024,2,4770.97,livre,RBA,Carte,LIV2,
CMD48239,CL0042,P014,May 11 2023,4,2906.95,LIVRE,TANGER,Carte,LIV6,2023-05-15
CMD44527,CL0061,P017,26/03/2023,5,1060.97,livré,RBA,Carte,LIV9,2023-03-27
CMD34125,CL0289,P045,03/05/2023,3,675.17,livré,RBA,Carte,LIV7,2023-05-07
CMD07080,CL0048,P021,2023-03-10,4,3129.32,KO,Tnja,Carte,,
CMD28612,CL0019,P067,26/06/2023,5,4810.83,retourné,TNG,Carte,LIV6,2023-06-29
CMD36608,CL0220,P024,01/01/2024,3,2316.75,annulé,TANGER,Carte,LIV4,
CMD01807,CL0450,P064,2023-12-25,4,4287.52,annulé,Tnja,Carte,LIV3,
CMD15423,CL0718,P048,Jul 31 2023,1,1296.97,retourné,casa,Carte,LIV7,2023-08-04
CMD32406,CL0072,P069,Apr 22 2023,2,404.65,annulé,Agadir,Carte,LIV7,
CMD21369,CL0173,P062,Oct 23 2023,1,700.91,annulé,RBA,Carte,LIV8,
CMD43127,CL0363,P027,2023-02-27,5,1896.87,OK,casa,Carte,LIV3,
CMD11878,CL0301,P038,Apr 13 2023,3,4466.99,LIVRE,TANGER,Carte,LIV2,2023-04-14
CMD43177,CL0075,P044,May 22 2023,3,1794.1,livre,Agadir,Carte,LIV4,
CMD41062,CL0765,P088,Oct 19 2023,1,2802.29,retourné,kech,Carte,LIV4,2023-10-22
CMD35169,CL0858,P071,10/04/2023,1,3274.17,livré,tanger,Carte,LIV3,2023-04-11
CMD18942,CL0721,P039,Apr 25 2024,4,4706.77,OK,Agadir,Carte,LIV10,
CMD33548,CL0121,P048,Mar 27 2023,2,2704.03,LIVRE,RBA,Carte,LIV7,2023-04-01
CMD16645,CL0136,P056,Nov 19 2023,3,2163.63,livré,TANGER,Carte,LIV1,2023-11-24
CMD19179,CL0720,P091,Apr 03 2023,4,3935.33,OK,marrakech,Carte,LIV4,
CMD25474,CL0708,P051,2023-08-24,5,1797.0,livré,casa,Carte,LIV10,2023-08-27
CMD10190,CL0629,P075,15/02/2023,1,3328.96,DONE,CASABLANCA,Carte,LIV5,2023-02-16
CMD33255,CL0970,P099,Jul 22 2023,2,3977.76,OK,Agadir,Carte,LIV7,
CMD27987,CL0167,P073,18/04/2023,3,3930.06,KO,kech,Carte,LIV4,
CMD32000,CL0976,P058,15/04/2024,1,268.04,LIVRE,casa,Carte,LIV4,2024-04-17
CMD30116,CL0154,P091,Jun 17 2023,5,1838.72,en_cours,TANGER,Carte,LIV9,
CMD48271,CL0520,P049,2024-02-27,3,1831.96,KO,marrakech,Carte,LIV4,
CMD10513,CL0848,P096,08/08/2023,5,3174.62,en_cours,casa,Carte,LIV4,
CMD16216,CL0808,P089,Jan 16 2024,3,2648.22,LIVRE,TNG,Carte,LIV6,2024-01-20
CMD17726,CL0495,P068,2023-03-24,2,2047.61,OK,RBA,Carte,LIV8,
CMD14641,CL0399,P082,2024-03-26,1,4996.25,en_cours,casa,Carte,LIV9,
CMD11689,CL0363,P005,28/03/2023,2,905.91,LIVRE,Agadir,Carte,LIV5,2023-03-29
CMD17695,CL0691,P026,2024-01-19,5,1826.82,DONE,kech,Carte,LIV10,2024-01-20
CMD18855,CL0983,P027,16/04/2024,2,322.77,KO,Agadir,Carte,LIV9,
CMD48253,CL0890,P029,28/03/2023,2,4535.45,livré,marrakech,Carte,LIV6,2023-04-02
CMD44915,CL0716,P093,2023-10-06,2,1361.45,en_cours,RBA,Carte,LIV3,
CMD46477,CL0551,P058,Mar 01 2024,2,3808.52,KO,TANGER,Carte,LIV4,
CMD45612,CL0436,P014,14/09/2023,5,179.55,en_cours,marrakech,Carte,LIV10,
CMD34420,CL0856,P005,Feb 05 2023,4,4905.43,livre,Agadir,Carte,LIV2,
CMD37320,CL0936,P023,2024-01-23,4,3225.11,annulé,Agadir,Carte,LIV2,
CMD44098,CL0782,P040,May 13 2024,3,4008.44,LIVRE,TANGER,Carte,,2024-05-15
CMD40565,CL0557,P036,May 11 2023,3,4421.15,OK,marrakech,Carte,LIV1,
CMD48125,CL0851,P097,2023-02-14,3,4697.71,en_cours,CASABLANCA,Carte,LIV7,
CMD31410,CL0283,P080,2023-05-01,4,898.45,livré,CASABLANCA,Carte,LIV9,2023-05-03
CMD12808,CL0883,P033,Jul 21 2023,3,3508.36,en_cours,Tnja,Carte,LIV3,
CMD26677,CL0882,P092,2023-07-04,1,1349.07,retourné,TANGER,Carte,LIV9,2023-07-06
CMD45946,CL0796,P014,Oct 12 2023,1,439.97,retourné,CASABLANCA,Carte,LIV1,2023-10-17
CMD25940,CL0045,P087,Oct 21 2023,5,802.81,LIVRE,casa,Carte,LIV1,2023-10-24
CMD02385,CL0544,P100,2023-03-03,1,2258.62,OK,marrakech,Carte,,
CMD09703,CL0397,P061,11/03/2024,5,2828.33,en_cours,CASABLANCA,Carte,LIV5,
CMD10416,CL0821,P013,18/03/2023,3,2415.88,livré,TANGER,Carte,LIV7,2023-03-23
CMD30368,CL0341,P021,Jun 20 2023,5,3582.58,OK,TNG,Carte,LIV5,
CMD32105,CL0890,P024,10/02/2024,4,1550.6,KO,Agadir,Carte,LIV7,
CMD39904,CL0543,P052,2024-01-19,1,2404.92,livré,RBA,Carte,LIV4,2024-01-24
CMD42497,CL0819,P033,2023-03-11,5,3320.82,KO,RBA,Carte,LIV2,
CMD43531,CL0642,P073,Jan 31 2024,3,2615.43,DONE,RBA,Carte,LIV9,2024-02-01
CMD32829,CL0355,P015,2023-07-12,2,2790.97,KO,RBA,Carte,LIV4,
CMD31594,CL0585,P057,2023-09-16,4,2984.42,DONE,TNG,Carte,,2023-09-19
CMD36173,CL0427,P038,Jan 18 2023,3,4860.07,LIVRE,TNG,Carte,LIV4,2023-01-22
CMD10884,CL0480,P053,12/05/2024,1,2482.42,LIVRE,marrakech,Carte,LIV10,2024-05-17
CMD41661,CL0820,P095,18/10/2023,2,1862.67,en_cours,Agadir,Carte,LIV8,
CMD08220,CL0958,P022,30/10/2023,4,2489.35,LIVRE,CASABLANCA,Carte,LIV1,2023-11-02
CMD32697,CL0452,P052,Jun 21 2023,3,1595.53,DONE,marrakech,Carte,LIV7,2023-06-23
CMD10680,CL0867,P094,2023-11-22,1,3783.62,livré,CASABLANCA,Carte,LIV1,2023-11-23
CMD06423,CL0395,P046,11/03/2023,5,3084.04,DONE,TANGER,Carte,LIV3,2023-03-16
CMD28878,CL0242,P096,2024-05-06,1,1539.96,livre,CASABLANCA,Carte,LIV6,
CMD44459,CL0922,P022,10/02/2023,2,3857.76,livré,marrakech,Carte,LIV2,2023-02-13
CMD17410,CL0897,P084,08/12/2023,5,1213.12,livre,CASABLANCA,Carte,LIV6,
CMD05058,CL0785,P038,2023-03-30,5,2630.41,livré,TANGER,Carte,LIV10,2023-03-31
CMD32271,CL0426,P074,Feb 11 2024,2,3522.85,OK,casa,Carte,LIV2,
CMD03404,CL0257,P071,04/02/2024,1,3742.84,en_cours,CASABLANCA,Carte,LIV2,
CMD01325,CL0237,P024,2023-11-09,1,959.5,DONE,casa,Carte,LIV4,2023-11-11
CMD12884,CL0924,P010,2023-07-19,3,2512.1,LIVRE,casa,Carte,LIV7,2023-07-20
CMD36544,CL0070,P037,27/06/2023,3,4874.71,livre,marrakech,Carte,LIV8,
CMD29521,CL0654,P012,2024-02-16,2,3991.95,livré,Tnja,Carte,LIV2,2024-02-19
CMD14804,CL0485,P096,Nov 01 2023,5,4056.06,livré,CASABLANCA,Carte,LIV8,2023-11-06
CMD02421,CL0652,P070,2023-01-09,1,807.6,livré,casa,Carte,LIV5,2023-01-11
CMD14204,CL0894,P085,2024-05-11,5,234.5,DONE,Tnja,Carte,LIV9,2024-05-14
CMD21387,CL0140,P084,23/08/2023,2,3394.87,livré,casa,Carte,LIV8,2023-08-26
CMD40108,CL0450,P006,2024-02-28,4,187.2,LIVRE,casa,Carte,LIV9,2024-03-03
CMD05339,CL0477,P034,02/12/2023,-1,4446.38,OK,marrakech,Carte,,
CMD09473,CL0752,P026,2023-09-03,1,4335.38,KO,kech,Carte,LIV3,
CMD28969,CL0588,P096,09/04/2023,5,3119.0,LIVRE,CASABLANCA,Carte,LIV6,2023-04-12
CMD43749,CL0950,P089,17/04/2023,2,4490.94,KO,TANGER,Carte,LIV1,
CMD40476,CL0885,P060,25/01/2023,4,2487.23,OK,marrakech,Carte,LIV5,
CMD04940,CL0393,P046,Feb 22 2024,3,4263.58,LIVRE,Tnja,Carte,LIV4,2024-02-24
CMD05130,CL0850,P078,2023-12-17,4,2681.44,retourné,Agadir,Carte,LIV3,2023-12-18
CMD06300,CL0847,P045,27/05/2023,5,4281.38,DONE,RBA,Carte,LIV9,2023-05-28
CMD32264,CL0142,P070,25/04/2024,3,4791.57,annulé,tanger,Carte,LIV10,
CMD39474,CL0472,P011,2023-10-08,5,67.11,OK,CASABLANCA,Carte,LIV4,
CMD22292,CL0828,P057,Sep 27 2023,3,1702.79,DONE,kech,Carte,LIV7,2023-10-02
CMD20120,CL0335,P053,04/01/2024,2,1983.41,en_cours,TANGER,Carte,LIV4,
CMD48266,CL0291,P069,25/05/2023,3,262.56,livré,marrakech,Carte,LIV8,2023-05-27
CMD00963,CL0447,P035,Mar 23 2024,1,1502.72,OK,Tnja,Carte,LIV3,
CMD36966,CL0894,P024,2023-09-19,1,4059.01,livré,tanger,Carte,,2023-09-20
CMD26360,CL0482,P009,28/03/2024,1,400.73,livré,tanger,Carte,LIV4,2024-03-30
CMD30097,CL0603,P059,Jun 24 2023,5,1051.07,LIVRE,tanger,Carte,LIV6,2023-06-27
CMD38720,CL0202,P037,2023-05-07,2,3164.39,en_cours,Agadir,Carte,LIV3,
CMD37926,CL0521,P078,2023-07-19,2,4788.7,livre,TANGER,Carte,LIV6,
CMD09038,CL0437,P021,25/04/2024,2,1073.18,LIVRE,marrakech,Carte,LIV5,2024-04-29
CMD23587,CL0826,P014,14/03/2023,3,4267.15,DONE,TANGER,Carte,LIV2,2023-03-15
CMD30295,CL0724,P042,2023-02-02,4,3374.44,livre,tanger,Carte,LIV9,
CMD46275,CL0403,P018,Feb 27 2024,2,4443.49,en_cours,TNG,Carte,LIV6,
CMD31372,CL0327,P068,2023-06-11,3,3810.03,LIVRE,Tnja,Carte,LIV8,2023-06-13
CMD27286,CL0676,P021,2023-11-13,3,3426.11,DONE,TNG,Carte,LIV3,2023-11-17
CMD40377,CL0345,P023,2023-05-04,3,3535.93,livré,RBA,Carte,LIV7,2023-05-09
CMD01395,CL0666,P091,2023-01-25,3,3509.49,OK,CASABLANCA,Carte,LIV5,
CMD23768,CL0489,P084,22/09/2023,1,1195.38,LIVRE,marrakech,Carte,LIV1,2023-09-26
CMD42638,CL0741,P010,02/03/2023,4,3413.99,KO,Agadir,Carte,LIV7,
CMD04265,CL0105,P011,Nov 08 2023,3,4199.76,retourné,Tnja,Carte,LIV9,2023-11-13
CMD33337,CL0274,P095,2023-09-03,5,3264.0,livre,casa,Carte,LIV9,
CMD44416,CL0097,P099,2023-05-22,2,2109.91,retourné,CASABLANCA,Carte,LIV7,2023-05-25
CMD29291,CL0674,P056,2023-05-25,1,3328.07,annulé,tanger,Carte,LIV3,
CMD37018,CL0043,P066,07/03/2024,3,4515.78,DONE,Tnja,Carte,LIV6,2024-03-10
CMD15288,CL0072,P057,Jul 20 2023,5,1157.93,livré,Agadir,Carte,LIV4,2023-07-21
CMD11170,CL0700,P003,2023-01-24,2,4458.69,annulé,CASABLANCA,Carte,LIV6,
CMD11089,CL0577,P025,Oct 20 2023,3,1614.71,DONE,Tnja,Carte,LIV5,2023-10-23
CMD25289,CL0720,P030,Mar 05 2023,1,3994.52,retourné,tanger,Carte,LIV2,2023-03-06
CMD12458,CL0864,P053,02/05/2024,1,366.54,DONE,TANGER,Carte,,2024-05-06
CMD34589,CL0901,P071,Jan 08 2023,5,2064.15,KO,Tnja,Carte,LIV4,
CMD07581,CL0327,P042,27/05/2023,5,4668.35,annulé,RBA,Carte,LIV7,
CMD26289,CL0334,P026,2023-08-15,5,3778.11,livré,TNG,Carte,LIV10,2023-08-16
CMD01906,CL0172,P058,Jan 08 2024,5,3107.21,retourné,RBA,Carte,,2024-01-12
CMD05486,CL0734,P016,2023-03-10,1,1479.92,livré,marrakech,Carte,LIV6,2023-03-11
CMD10422,CL0401,P082,02/01/2023,5,1566.34,DONE,Tnja,Carte,LIV2,2023-01-04
CMD18589,CL0350,P010,2024-04-16,5,3006.56,OK,kech,Carte,LIV9,
CMD42394,CL0632,P037,Jun 21 2023,3,156.26,livré,CASABLANCA,Carte,LIV8,2023-06-26
CMD46434,CL0922,P064,16/11/2023,2,4997.33,retourné,CASABLANCA,Carte,LIV2,2023-11-20
CMD27867,CL0254,P066,Aug 08 2023,3,2008.62,livré,TNG,Carte,LIV5,2023-08-10
CMD02448,CL0218,P032,Apr 27 2024,4,2693.36,DONE,CASABLANCA,Carte,LIV8,2024-04-28
CMD36491,CL0896,P011,Mar 01 2024,2,4011.54,livre,TNG,Carte,LIV3,
CMD23342,CL0382,P065,Feb 28 2023,3,2471.15,DONE,TNG,Carte,LIV4,2023-03-01
CMD20083,CL0571,P093,19/03/2023,4,1205.24,annulé,Agadir,Carte,LIV7,
CMD20394,CL0303,P014,Jan 09 2024,4,668.33,retourné,marrakech,Carte,LIV1,2024-01-10
CMD11660,CL0267,P055,24/12/2023,3,4766.29,livré,Tnja,Carte,LIV6,2023-12-27
CMD12673,CL0118,P100,16/09/2023,1,2854.26,LIVRE,TANGER,Carte,LIV6,2023-09-21
CMD48230,CL0567,P051,Jan 23 2023,1,0,annulé,TNG,Carte,LIV3,
CMD21358,CL0382,P060,09/05/2023,3,1557.8,livré,casa,Carte,LIV10,2023-05-11
CMD42036,CL0068,P054,2023-10-19,4,4173.85,DONE,TNG,Carte,LIV7,2023-10-22
CMD28717,CL0684,P013,2023-05-02,5,876.38,LIVRE,TNG,Carte,LIV7,2023-05-07
CMD25913,CL0749,P046,Aug 09 2023,3,3654.84,livré,Tnja,Carte,LIV9,2023-08-13
CMD35531,CL0937,P044,Feb 12 2023,3,711.44,OK,casa,Carte,LIV10,
CMD07531,CL0147,P054,Mar 31 2024,4,3453.65,livre,TANGER,Carte,LIV2,
CMD11568,CL0147,P006,2023-02-28,5,2797.42,KO,Tnja,Carte,LIV2,
CMD06643,CL0112,P077,2024-04-15,5,1390.52,en_cours,tanger,Carte,LIV1,
CMD08840,CL0397,P014,2023-06-22,2,3214.93,en_cours,Agadir,Carte,LIV4,
CMD25060,CL0395,P065,2024-04-25,3,3209.39,en_cours,TANGER,Carte,LIV2,
CMD07425,CL0049,P063,Jan 18 2024,2,1909.51,LIVRE,RBA,Carte,LIV5,2024-01-23
CMD40421,CL0082,P049,Jan 26 2023,5,4640.05,livre,Tnja,Carte,LIV10,
CMD25148,CL0161,P069,04/10/2023,4,4899.12,livre,marrakech,Carte,LIV3,
CMD17701,CL0343,P008,22/06/2023,4,4424.62,livre,TANGER,Carte,,
CMD39081,CL0497,P096,20/05/2023,4,363.96,annulé,TNG,Carte,LIV2,
CMD19547,CL0450,P029,16/10/2023,1,0,OK,Agadir,Carte,LIV1,
CMD17343,CL0986,P015,Nov 26 2023,3,3391.62,retourné,marrakech,Carte,LIV1,2023-11-29
CMD11334,CL0571,P073,10/03/2024,4,3862.91,retourné,casa,Carte,,2024-03-14
CMD07835,CL0664,P040,Oct 25 2023,2,3924.42,LIVRE,Tnja,Carte,LIV5,2023-10-30
CMD26255,CL0602,P020,2023-05-21,1,3386.56,en_cours,TNG,Carte,LIV6,
CMD43860,CL0680,P088,2023-10-02,5,195.4,LIVRE,RBA,Carte,LIV6,2023-10-05
CMD40113,CL0394,P078,Jun 22 2023,2,921.57,DONE,TANGER,Carte,LIV8,2023-06-26
CMD20344,CL0836,P045,02/09/2023,4,2716.61,livre,Agadir,Carte,LIV9,
CMD18168,CL0527,P043,Jan 07 2023,1,3454.63,livré,Agadir,Carte,LIV4,2023-01-11
CMD18575,CL0907,P043,2024-03-14,5,3958.22,LIVRE,TNG,Carte,LIV1,2024-03-19
CMD12764,CL0034,P006,2023-12-30,2,4923.71,livré,marrakech,Carte,LIV1,2024-01-02
CMD44856,CL0361,P092,Mar 16 2024,3,4349.09,annulé,marrakech,Carte,LIV10,
CMD20696,CL0203,P006,Apr 08 2024,3,2824.4,KO,casa,Carte,LIV4,
CMD39395,CL0064,P005,23/01/2024,1,1203.75,LIVRE,TNG,Carte,LIV2,2024-01-24
CMD06898,CL0486,P079,Mar 03 2024,3,4511.78,annulé,casa,Carte,LIV10,
CMD42677,CL0422,P024,Jan 11 2023,5,3136.14,DONE,tanger,Carte,LIV8,2023-01-12
CMD44401,CL0495,P095,16/05/2023,5,1939.17,livré,casa,Carte,,2023-05-18
CMD15747,CL0463,P034,02/03/2023,4,1536.66,livre,CASABLANCA,Carte,LIV1,
CMD32291,CL0400,P019,26/09/2023,5,2754.44,livré,Tnja,Carte,LIV4,2023-10-01
CMD13145,CL0542,P028,02/01/2023,5,1477.56,livré,Agadir,Carte,LIV6,2023-01-05
CMD33183,CL0731,P016,Sep 27 2023,1,737.78,livré,kech,Carte,LIV5,2023-09-28
CMD46671,CL0210,P055,30/04/2023,1,4936.62,DONE,CASABLANCA,Carte,LIV4,2023-05-02
CMD27341,CL0464,P053,Feb 08 2024,5,1823.42,annulé,Tnja,Carte,,
CMD47151,CL0912,P052,2023-01-06,4,1508.73,livré,Tnja,Carte,LIV8,2023-01-07
CMD18607,CL0544,P012,05/07/2023,5,731.39,livre,RBA,Carte,LIV2,
CMD33639,CL0582,P030,Oct 04 2023,5,2562.7,retourné,RBA,Carte,LIV5,2023-10-09
CMD44095,CL0027,P085,2024-04-30,2,4801.57,livré,tanger,Carte,LIV3,2024-05-02
CMD21109,CL0284,P009,Nov 26 2023,5,1450.38,OK,tanger,Carte,LIV7,
CMD42141,CL0552,P073,Jun 04 2023,4,69.39,livre,RBA,Carte,LIV4,
CMD33093,CL0184,P097,Mar 02 2023,3,4959.23,annulé,kech,Carte,LIV10,
CMD16818,CL0512,P083,18/11/2023,-1,253.02,livre,casa,Carte,LIV5,
CMD05323,CL0749,P027,Jul 29 2023,3,2048.49,annulé,marrakech,Carte,LIV5,
CMD42975,CL0416,P048,2023-10-21,4,2618.79,LIVRE,Tnja,Carte,LIV8,2023-10-22
CMD18117,CL0515,P027,2023-04-18,5,2403.14,en_cours,tanger,Carte,LIV2,
CMD34821,CL0868,P004,2023-05-15,1,3262.14,livré,TNG,Carte,,2023-05-16
CMD33940,CL0945,P066,2023-02-14,2,4779.35,livre,Tnja,Carte,LIV5,
CMD01773,CL0671,P025,May 04 2024,2,1906.43,retourné,casa,Carte,LIV1,2024-05-09
CMD02082,CL0606,P043,15/03/2023,1,4156.48,KO,kech,Carte,LIV5,
CMD14551,CL0008,P091,2024-01-24,3,3944.67,OK,RBA,Carte,LIV7,
CMD15044,CL0093,P065,2023-01-28,4,2728.43,KO,Agadir,Carte,LIV1,
CMD03543,CL0593,P023,Apr 13 2024,5,2279.84,livre,marrakech,Carte,LIV5,
CMD05762,CL0137,P055,03/09/2023,2,1601.64,livre,TANGER,Carte,LIV6,
CMD06227,CL0785,P034,Apr 04 2023,5,4698.47,DONE,TNG,Carte,LIV3,2023-04-09
CMD31054,CL0142,P051,2024-03-27,3,2222.58,livré,kech,Carte,LIV10,2024-03-29
CMD28778,CL0534,P021,05/03/2023,3,3896.62,DONE,kech,Carte,LIV6,2023-03-08
CMD18758,CL0052,P096,Apr 20 2023,1,2243.18,retourné,tanger,Carte,LIV2,2023-04-25
CMD36141,CL0026,P067,2024-04-20,4,3641.63,livré,RBA,Carte,LIV5,2024-04-24
CMD19879,CL0569,P053,2023-06-21,5,3573.3,livré,TNG,Carte,LIV6,2023-06-22
CMD22406,CL0948,P022,27/04/2024,4,3329.9,retourné,TNG,Carte,LIV2,2024-04-29
CMD14084,CL0751,P088,2023-09-19,4,1341.55,livré,casa,Carte,LIV8,2023-09-20
CMD20830,CL0102,P081,16/04/2024,5,4020.92,livré,Tnja,Carte,LIV9,2024-04-21
CMD16296,CL0598,P073,2023-10-18,5,4422.58,livre,CASABLANCA,Carte,LIV3,
CMD27383,CL0772,P093,2023-09-21,4,4771.56,OK,TNG,Carte,LIV5,
CMD24623,CL0274,P071,25/02/2023,2,763.23,annulé,CASABLANCA,Carte,LIV6,
CMD02703,CL0644,P085,Mar 21 2024,4,2871.54,OK,marrakech,Carte,,
CMD01774,CL0063,P006,14/02/2023,1,2532.84,livré,Tnja,Carte,LIV2,2023-02-18
CMD23701,CL0760,P006,Feb 03 2023,1,3833.06,livré,Tnja,Carte,LIV3,2023-02-07
CMD34563,CL0541,P002,2024-03-03,3,1654.08,DONE,CASABLANCA,Carte,LIV9,2024-03-04
CMD33273,CL0363,P006,06/04/2024,4,1907.57,en_cours,TANGER,Carte,LIV4,
CMD01301,CL0280,P019,Jun 14 2023,2,1023.83,livré,kech,Carte,LIV7,2023-06-18
CMD03194,CL0433,P023,2024-02-27,2,657.67,LIVRE,casa,Carte,LIV2,2024-03-03
CMD45674,CL0336,P017,Sep 14 2023,3,610.26,KO,casa,Carte,LIV8,
CMD05457,CL0132,P020,Jan 26 2024,4,2050.57,annulé,tanger,Carte,LIV9,
CMD16923,CL0926,P058,23/07/2023,5,3365.97,LIVRE,CASABLANCA,Carte,LIV10,2023-07-28
CMD07256,CL0912,P079,13/03/2023,5,3095.32,annulé,marrakech,Carte,LIV9,
CMD43349,CL0073,P012,26/02/2024,4,3096.86,livré,TNG,Carte,LIV8,2024-03-01
CMD28884,CL0451,P087,2024-01-08,2,592.29,livré,tanger,Carte,LIV10,2024-01-11
CMD42736,CL0425,P071,28/09/2023,5,4975.43,LIVRE,Agadir,Carte,LIV5,2023-09-30
CMD06637,CL0455,P096,Apr 17 2024,2,618.41,en_cours,TNG,Carte,LIV4,
CMD23804,CL0635,P036,2023-05-03,1,2747.3,annulé,RBA,Carte,LIV8,
CMD42633,CL0296,P027,Jan 04 2024,2,3207.62,en_cours,marrakech,Carte,LIV9,
CMD15197,CL0720,P084,26/03/2024,4,445.81,DONE,CASABLANCA,Carte,LIV4,2024-03-30
CMD48276,CL0602,P020,18/01/2024,2,1505.1,DONE,casa,Carte,LIV10,2024-01-23
CMD32650,CL0488,P077,Jan 12 2023,4,3378.97,livre,Tnja,Carte,LIV4,
CMD38095,CL0189,P049,Mar 19 2024,1,2161.96,en_cours,Agadir,Carte,LIV8,
CMD43176,CL0699,P083,Jul 31 2023,3,1016.14,livré,TANGER,Carte,LIV8,2023-08-01
CMD07695,CL0732,P073,Feb 14 2023,1,2138.22,livré,marrakech,Carte,LIV8,2023-02-18
CMD05076,CL0035,P090,27/01/2024,4,1979.63,livré,casa,Carte,LIV4,2024-01-28
CMD00344,CL0972,P087,2023-07-29,5,3188.92,DONE,marrakech,Carte,LIV3,2023-08-03
CMD18011,CL0356,P078,2023-06-14,5,1492.19,KO,Tnja,Carte,LIV2,
CMD20029,CL0256,P041,2023-07-06,4,528.36,livre,marrakech,Carte,LIV1,
CMD38203,CL0540,P003,May 14 2023,2,2869.42,en_cours,TNG,Carte,LIV8,
CMD23664,CL0464,P045,Mar 03 2023,1,311.32,livré,Tnja,Carte,LIV5,2023-03-04
CMD30154,CL0565,P043,May 11 2023,5,4632.88,livre,CASABLANCA,Carte,LIV3,
CMD39925,CL0954,P018,2023-12-05,2,3334.35,annulé,casa,Carte,LIV3,
CMD44876,CL0202,P043,Jan 21 2024,2,4826.22,livré,casa,Carte,LIV4,2024-01-25
CMD10650,CL0323,P070,22/02/2023,4,1700.39,DONE,kech,Carte,LIV3,2023-02-26
CMD17751,CL0210,P022,09/03/2023,4,4801.7,livré,kech,Carte,LIV3,2023-03-10
CMD02257,CL0554,P050,Jan 01 2024,2,0,en_cours,casa,Carte,LIV8,
CMD13150,CL0842,P040,Feb 06 2023,3,4324.29,annulé,CASABLANCA,Carte,LIV7,
CMD46932,CL0388,P013,2023-05-06,3,2804.01,LIVRE,CASABLANCA,Carte,,2023-05-09
CMD16241,CL0286,P063,2023-11-11,5,4858.48,KO,tanger,Carte,LIV3,
CMD32739,CL0798,P032,19/02/2024,4,2659.8,livré,casa,Carte,LIV9,2024-02-23
CMD21351,CL0274,P030,Jan 09 2024,3,1125.95,DONE,Agadir,Carte,LIV1,2024-01-14
CMD44036,CL0966,P088,2023-10-24,5,2958.93,livré,TANGER,Carte,LIV5,2023-10-29
CMD28679,CL0143,P067,Nov 10 2023,5,435.06,KO,casa,Carte,LIV10,
CMD28144,CL0346,P076,01/07/2023,4,82.92,livré,TANGER,Carte,LIV1,2023-07-02
CMD21236,CL0169,P005,07/03/2023,4,2361.69,livré,kech,Carte,,2023-03-08
CMD36101,CL0558,P091,Apr 10 2024,1,176.7,OK,Agadir,Carte,LIV8,
CMD01108,CL0826,P051,Oct 26 2023,3,950.8,KO,Tnja,Carte,LIV3,
CMD15959,CL0261,P095,04/03/2024,1,3709.64,livré,Agadir,Carte,LIV5,2024-03-06
CMD07506,CL0781,P090,2024-02-07,4,2204.69,retourné,CASABLANCA,Carte,LIV1,2024-02-11
CMD37957,CL0175,P069,Mar 26 2024,4,3791.87,livré,Agadir,Carte,LIV2,2024-03-31
CMD25160,CL0814,P071,Nov 13 2023,4,2521.84,retourné,marrakech,Carte,LIV8,2023-11-15
CMD38439,CL0060,P021,2024-02-23,2,279.39,livré,CASABLANCA,Carte,,2024-02-26
CMD29743,CL0127,P062,Oct 18 2023,1,1515.04,LIVRE,TANGER,Carte,LIV9,2023-10-19
CMD16892,CL0785,P068,03/03/2023,5,3494.22,livré,Tnja,Carte,LIV2,2023-03-04
CMD08763,CL0311,P036,2024-01-23,2,3551.7,livré,tanger,Carte,,2024-01-26
CMD10725,CL0141,P038,20/10/2023,3,2778.29,livré,TNG,Carte,LIV7,2023-10-21
CMD28360,CL0237,P037,Jul 18 2023,1,939.51,OK,tanger,Carte,LIV6,
CMD07586,CL0951,P005,06/10/2023,5,540.39,en_cours,tanger,Carte,LIV7,
CMD43653,CL0531,P074,2023-07-25,4,1864.66,LIVRE,kech,Carte,LIV9,2023-07-28
CMD12879,CL0315,P099,2023-07-15,4,1594.76,livré,marrakech,Carte,LIV1,2023-07-20
CMD07444,CL0910,P033,2023-06-30,2,3354.05,retourné,Agadir,Carte,,2023-07-02
CMD24656,CL0861,P013,2023-10-12,5,3515.09,annulé,TANGER,Carte,LIV8,
CMD05107,CL0559,P017,27/03/2024,2,2583.37,livré,TANGER,Carte,LIV7,2024-03-28
CMD31688,CL0444,P057,2023-12-21,3,1424.52,livré,Tnja,Carte,LIV8,2023-12-26
CMD05184,CL0940,P092,2023-09-21,5,3957.51,livre,marrakech,Carte,LIV2,
CMD43028,CL0247,P006,2023-05-17,5,4450.59,livré,Agadir,Carte,LIV10,2023-05-22
CMD43305,CL0886,P097,Jul 19 2023,4,3968.43,DONE,casa,Carte,LIV3,2023-07-21
CMD05751,CL0892,P022,2023-01-08,5,3232.31,livré,Agadir,Carte,LIV10,2023-01-12
CMD25484,CL0373,P097,2023-09-12,1,3485.18,livré,casa,Carte,LIV5,2023-09-17
CMD47724,CL0745,P069,Jul 09 2023,5,4612.44,livré,CASABLANCA,Carte,LIV8,2023-07-11
CMD31437,CL0174,P014,Apr 23 2024,4,2278.92,en_cours,Agadir,Carte,LIV1,
CMD01818,CL0200,P083,21/04/2023,1,1974.12,KO,TNG,Carte,LIV2,
CMD05505,CL0361,P008,Nov 08 2023,2,4515.72,DONE,Agadir,Carte,LIV7,2023-11-11
CMD09331,CL0267,P015,May 24 2023,3,4557.92,OK,TANGER,Carte,LIV3,
CMD23161,CL0866,P095,Apr 02 2023,2,2002.3,livré,casa,Carte,LIV4,2023-04-04
CMD30043,CL0568,P031,2023-09-25,3,2184.91,OK,casa,Carte,LIV5,
CMD36408,CL0009,P038,20/01/2024,3,2405.27,annulé,CASABLANCA,Carte,LIV7,
CMD33959,CL0193,P052,22/12/2023,5,2320.97,livre,casa,Carte,LIV7,
CMD05923,CL0787,P089,2023-01-17,3,2211.06,DONE,CASABLANCA,Carte,LIV6,2023-01-19
CMD25063,CL0277,P031,Apr 18 2023,4,4695.33,OK,Tnja,Carte,LIV4,
CMD03844,CL0299,P052,2023-04-03,2,3724.64,livré,tanger,Carte,LIV8,2023-04-05
CMD32889,CL0744,P047,2023-11-08,1,1016.61,livré,casa,Carte,LIV2,2023-11-10
CMD26696,CL0918,P070,Jan 17 2023,2,2550.23,LIVRE,TANGER,Carte,LIV8,2023-01-22
CMD48453,CL0879,P043,15/01/2023,5,3382.54,retourné,tanger,Carte,LIV7,2023-01-16
CMD48141,CL0994,P092,28/11/2023,3,910.4,livre,TANGER,Carte,LIV9,
CMD16455,CL0197,P013,Mar 17 2024,1,2466.61,livré,Tnja,Carte,LIV6,2024-03-21
CMD44741,CL0076,P020,Oct 12 2023,2,97.45,livre,casa,Carte,LIV4,
CMD24539,CL0550,P097,2023-08-06,4,3219.66,annulé,casa,Carte,,
CMD05978,CL0280,P029,01/04/2023,2,4969.91,livré,kech,Carte,LIV3,2023-04-06
CMD35488,CL0436,P055,21/01/2024,5,3773.02,en_cours,tanger,Carte,LIV3,
CMD30277,CL0047,P065,May 20 2023,5,0,OK,TNG,Carte,,
CMD16955,CL0755,P051,28/03/2023,3,4018.04,livré,marrakech,Carte,LIV6,2023-03-30
CMD30398,CL0644,P088,Apr 26 2024,4,4130.18,livre,TNG,Carte,LIV1,
CMD24524,CL0913,P088,24/04/2023,2,1626.31,OK,RBA,Carte,LIV7,
CMD38628,CL0795,P010,Dec 21 2023,3,3837.1,annulé,marrakech,Carte,LIV6,
CMD34903,CL0239,P053,2023-07-30,5,2498.44,livré,TANGER,Carte,LIV4,2023-07-31
CMD10171,CL0226,P046,Dec 05 2023,1,3677.48,LIVRE,Tnja,Carte,LIV4,2023-12-10
CMD35551,CL0132,P088,2023-05-23,3,1548.6,DONE,marrakech,Carte,,2023-05-26
CMD33856,CL0379,P001,Jan 31 2024,2,432.63,retourné,TANGER,Carte,LIV9,2024-02-04
CMD18166,CL0648,P096,2023-07-27,1,0,DONE,Tnja,Carte,LIV9,2023-07-28
CMD30467,CL0111,P042,Dec 01 2023,2,1823.13,livré,marrakech,Carte,LIV5,2023-12-05
CMD13252,CL0629,P098,Dec 30 2023,2,500.72,livré,tanger,Carte,LIV1,2024-01-01
CMD21125,CL0088,P044,23/08/2023,3,2803.68,OK,TNG,Carte,LIV7,
CMD19429,CL0738,P098,30/06/2023,1,4356.56,KO,RBA,Carte,LIV10,
CMD05435,CL0099,P056,Sep 23 2023,2,2725.81,livré,Tnja,Carte,LIV8,2023-09-27
CMD00627,CL0142,P081,Mar 03 2024,3,605.2,livré,TNG,Carte,LIV1,2024-03-04
CMD11098,CL0082,P073,13/10/2023,2,1072.93,livre,TANGER,Carte,LIV4,
CMD21233,CL0169,P054,20/06/2023,1,3773.15,DONE,RBA,Carte,LIV3,2023-06-22
CMD31068,CL0904,P078,Jun 29 2023,4,3293.0,KO,marrakech,Carte,LIV5,
CMD20643,CL0698,P047,2023-06-25,2,2396.31,retourné,Agadir,Carte,LIV7,2023-06-29
CMD21658,CL0946,P061,2024-01-21,1,3378.5,OK,casa,Carte,LIV8,
CMD31785,CL0014,P088,2023-01-31,5,1772.0,annulé,Agadir,Carte,LIV10,
CMD37876,CL0006,P009,2023-02-15,5,883.73,DONE,Tnja,Carte,LIV7,2023-02-19
CMD14985,CL0583,P009,Jun 09 2023,5,4530.03,DONE,casa,Carte,LIV2,2023-06-12
CMD33275,CL0312,P029,07/04/2023,1,546.91,livré,tanger,Carte,LIV10,2023-04-10
CMD13060,CL0344,P002,Jun 08 2023,3,1537.36,LIVRE,tanger,Carte,LIV3,2023-06-09
CMD20204,CL0836,P005,2023-01-03,5,1137.41,livré,marrakech,Carte,LIV6,2023-01-05
CMD33053,CL0730,P049,May 02 2023,3,3473.07,livré,TANGER,Carte,LIV2,2023-05-05
CMD06309,CL0723,P050,Oct 20 2023,4,2116.63,OK,marrakech,Carte,LIV7,
CMD22023,CL0594,P025,Apr 12 2024,5,1142.77,annulé,TNG,Carte,LIV10,
CMD36556,CL0446,P067,Oct 14 2023,1,2911.06,KO,Tnja,Carte,LIV5,
CMD33662,CL0089,P064,Dec 10 2023,1,3414.73,livré,CASABLANCA,Carte,LIV5,2023-12-15
CMD43766,CL0916,P096,Feb 20 2024,2,3001.96,en_cours,casa,Carte,LIV1,
CMD18745,CL0116,P081,19/10/2023,1,3350.47,retourné,kech,Carte,LIV5,2023-10-23
CMD47852,CL0752,P018,Jan 03 2024,2,4421.24,en_cours,RBA,Carte,LIV4,
CMD04418,CL0671,P050,Jul 23 2023,4,690.86,OK,RBA,Carte,LIV1,
CMD44108,CL0955,P073,27/09/2023,3,2213.83,livré,casa,Carte,LIV8,2023-10-01
CMD39409,CL0552,P066,Apr 04 2023,3,805.17,retourné,kech,Carte,,2023-04-09
CMD03940,CL0102,P097,2023-12-02,1,3367.89,OK,casa,Carte,LIV3,
CMD47396,CL0292,P012,2024-03-26,4,3500.12,livre,Tnja,Carte,LIV7,
CMD13867,CL0758,P015,27/05/2023,4,63.08,retourné,marrakech,Carte,LIV7,2023-05-28
CMD34940,CL0027,P079,02/11/2023,1,3302.62,livré,RBA,Carte,LIV8,2023-11-04
CMD26373,CL0319,P094,2024-04-26,4,2579.96,annulé,TANGER,Carte,LIV4,
CMD11705,CL0470,P021,2023-05-24,4,4431.86,en_cours,TNG,Carte,LIV1,
CMD14816,CL0291,P056,08/01/2024,3,1262.08,livre,casa,Carte,,
CMD38548,CL0840,P052,20/03/2024,3,3221.57,en_cours,CASABLANCA,Carte,LIV4,
CMD47808,CL0487,P078,Jan 15 2023,3,0,annulé,Agadir,Carte,LIV4,
CMD24585,CL0478,P063,20/02/2023,1,913.83,livre,marrakech,Carte,LIV7,
CMD47189,CL0711,P040,03/04/2024,4,3988.03,KO,TNG,Carte,LIV3,
CMD28823,CL0236,P089,2023-11-10,1,1696.99,livre,CASABLANCA,Carte,LIV3,
CMD41307,CL0929,P014,2023-01-02,1,4858.84,livré,tanger,Carte,LIV7,2023-01-07
CMD14301,CL0123,P078,26/11/2023,5,454.86,livre,Tnja,Carte,LIV2,
CMD21168,CL0484,P064,Jan 26 2023,4,1065.97,OK,TANGER,Carte,LIV9,
CMD07979,CL0984,P023,Apr 03 2023,3,4512.73,livré,Tnja,Carte,LIV3,2023-04-06
CMD07474,CL0849,P030,Jul 01 2023,5,1716.8,LIVRE,CASABLANCA,Carte,LIV8,2023-07-03
CMD13366,CL0830,P028,08/02/2023,4,2011.38,DONE,RBA,Carte,LIV7,2023-02-11
CMD34196,CL0390,P059,2023-06-21,3,2982.74,annulé,Tnja,Carte,,
CMD17173,CL0739,P067,2023-03-25,4,2794.33,livré,casa,Carte,LIV1,2023-03-26
CMD41631,CL0102,P027,16/12/2023,1,2454.57,livre,RBA,Carte,LIV7,
CMD44916,CL0885,P021,18/06/2023,1,1380.48,en_cours,kech,Carte,,
CMD18495,CL0452,P056,25/03/2023,1,574.12,en_cours,CASABLANCA,Carte,LIV6,
CMD13297,CL1000,P024,2023-09-22,3,3366.67,annulé,TNG,Carte,LIV5,
CMD17155,CL0275,P015,May 25 2023,1,4294.19,livré,casa,Carte,LIV2,2023-05-28
CMD19026,CL0921,P028,Oct 10 2023,1,923.45,annulé,TANGER,Carte,LIV5,
CMD44911,CL0646,P089,15/03/2024,4,1332.71,en_cours,casa,Carte,LIV10,
CMD34290,CL0821,P041,15/02/2024,1,4946.12,LIVRE,kech,Carte,LIV5,2024-02-18
CMD39798,CL0788,P009,Jan 26 2024,3,3870.61,livré,tanger,Carte,LIV8,2024-01-28
CMD12641,CL0633,P012,2024-04-20,5,3825.44,OK,marrakech,Carte,,
CMD24734,CL0614,P040,Oct 14 2023,1,3083.12,retourné,casa,Carte,LIV4,2023-10-15
CMD29299,CL0038,P042,2023-10-25,3,2041.19,DONE,tanger,Carte,LIV4,2023-10-28
CMD01351,CL0433,P057,2023-12-07,3,3074.07,livré,CASABLANCA,Carte,LIV3,2023-12-11
CMD25566,CL0990,P074,2023-05-02,4,625.49,annulé,marrakech,Carte,LIV8,
CMD19804,CL0171,P050,2023-09-21,1,4371.51,en_cours,TNG,Carte,LIV10,
CMD44253,CL0971,P037,Feb 26 2024,5,2057.99,livre,TNG,Carte,LIV7,
CMD37903,CL0609,P076,2023-02-19,2,3845.2,livré,Tnja,Carte,,2023-02-20
CMD37037,CL0154,P025,May 11 2024,5,2536.32,LIVRE,casa,Carte,LIV10,2024-05-12
CMD12234,CL0374,P029,2024-04-16,3,4797.33,livre,RBA,Carte,LIV7,
CMD08394,CL0865,P093,08/05/2024,1,1974.97,en_cours,Agadir,Carte,LIV7,
CMD48458,CL0041,P095,Apr 19 2023,3,4147.1,livré,marrakech,Carte,LIV5,2023-04-21
CMD42558,CL0941,P007,30/05/2023,5,1303.75,livré,TNG,Carte,LIV5,2023-06-03
CMD14311,CL0927,P084,Jan 25 2024,5,3592.27,KO,Agadir,Carte,LIV3,
CMD05894,CL0941,P001,19/05/2023,2,3643.95,LIVRE,tanger,Carte,LIV8,2023-05-24
CMD47781,CL0873,P012,2024-03-07,5,2293.13,livré,Agadir,Carte,LIV7,2024-03-09
CMD45171,CL0174,P100,2023-11-08,1,862.98,KO,kech,Carte,LIV5,
CMD45406,CL0542,P059,2023-02-20,2,1882.29,retourné,RBA,Carte,LIV3,2023-02-23
CMD47637,CL0372,P002,Feb 12 2024,1,4650.28,livre,Agadir,Carte,,
CMD43152,CL0651,P046,Mar 06 2024,1,2526.04,KO,Tnja,Carte,LIV2,
CMD03352,CL0917,P022,Mar 28 2023,3,1582.18,OK,marrakech,Carte,LIV10,
CMD03095,CL0118,P052,11/02/2023,2,4302.4,KO,marrakech,Carte,LIV7,
CMD47427,CL0940,P069,Mar 22 2023,5,644.19,livre,RBA,Carte,LIV8,
CMD31357,CL0954,P066,2023-02-07,1,1579.08,annulé,kech,Carte,LIV4,
CMD04442,CL0961,P060,10/12/2023,4,2085.48,KO,TNG,Carte,LIV1,
CMD26783,CL0743,P047,2023-10-09,5,984.32,OK,Tnja,Carte,LIV10,
CMD11629,CL0332,P031,20/12/2023,2,1289.4,OK,tanger,Carte,LIV1,
CMD18150,CL0717,P021,2023-02-06,5,4126.44,en_cours,Tnja,Carte,LIV1,
CMD29155,CL0821,P065,2024-01-19,1,1884.1,retourné,casa,Carte,LIV9,2024-01-21
CMD04942,CL0105,P078,Feb 15 2024,3,1125.29,annulé,marrakech,Carte,LIV2,
CMD33330,CL0177,P042,04/05/2024,4,4992.73,livré,tanger,Carte,LIV3,2024-05-09
CMD30560,CL0868,P071,2023-10-22,1,3997.5,livré,casa,Carte,LIV7,2023-10-23
CMD43952,CL0808,P077,2023-08-03,3,4227.11,DONE,Agadir,Carte,LIV7,2023-08-06
CMD30486,CL0255,P076,2024-04-10,1,363.8,livre,Agadir,Carte,LIV7,
CMD16034,CL0957,P045,2023-11-20,2,4951.16,LIVRE,casa,Carte,LIV7,2023-11-23
CMD23911,CL0437,P023,06/02/2023,3,835.34,OK,Agadir,Carte,LIV9,
CMD26456,CL0345,P036,2023-03-07,2,458.23,retourné,TANGER,Carte,LIV2,2023-03-09
CMD42137,CL0114,P015,2023-08-24,4,2484.83,DONE,RBA,Carte,LIV5,2023-08-26
CMD29224,CL0599,P079,May 25 2023,1,3812.67,DONE,marrakech,Carte,LIV2,2023-05-30
CMD03062,CL0359,P021,2023-12-20,1,4238.87,LIVRE,Tnja,Carte,LIV2,2023-12-25
CMD25087,CL0910,P009,Apr 13 2024,1,2420.77,annulé,tanger,Carte,LIV2,
CMD36018,CL0814,P075,15/07/2023,5,260.92,KO,TANGER,Carte,LIV6,
CMD24471,CL0123,P021,2023-12-24,4,4111.58,en_cours,RBA,Carte,LIV2,
CMD15242,CL0607,P073,Jun 28 2023,5,1151.59,en_cours,tanger,Carte,LIV4,
CMD00938,CL0499,P013,2024-01-28,1,3559.09,livré,casa,Carte,,2024-01-30
CMD19758,CL0836,P016,2023-01-06,1,1628.75,OK,RBA,Carte,LIV9,
CMD27887,CL0677,P042,2024-01-14,2,1543.03,OK,TNG,Carte,LIV1,
CMD44694,CL0141,P032,2023-10-31,1,1881.13,livré,TNG,Carte,LIV6,2023-11-01
CMD19050,CL0906,P010,2023-02-20,2,102.24,LIVRE,RBA,Carte,LIV3,2023-02-21
CMD21474,CL0407,P015,Dec 04 2023,2,4923.77,DONE,casa,Carte,LIV10,2023-12-07
CMD17376,CL0054,P058,2023-12-03,-1,0,retourné,Agadir,Carte,LIV9,2023-12-05
CMD32313,CL0655,P015,2024-01-21,3,324.3,livré,Agadir,Carte,LIV2,2024-01-25
CMD30532,CL0833,P027,2024-03-10,4,2346.37,LIVRE,casa,Carte,LIV9,2024-03-13
CMD17113,CL0220,P036,30/01/2023,3,2648.94,livré,tanger,Carte,LIV2,2023-01-31
CMD32774,CL0109,P089,Apr 06 2024,4,1021.02,retourné,tanger,Carte,LIV2,2024-04-07
CMD00502,CL0084,P035,2024-01-17,2,3545.3,retourné,marrakech,Carte,,2024-01-22
CMD01107,CL0091,P080,2023-12-28,5,4239.78,DONE,kech,Carte,LIV4,2023-12-30
CMD48471,CL0390,P011,2023-11-13,2,579.35,retourné,Agadir,Carte,LIV1,2023-11-14
CMD37658,CL0696,P098,2023-12-20,3,0,annulé,TNG,Carte,LIV6,
CMD15941,CL0230,P017,2023-03-07,5,1860.64,KO,casa,Carte,LIV3,
CMD38624,CL0525,P083,Apr 02 2023,1,3649.16,livré,Tnja,Carte,LIV10,2023-04-03
CMD11523,CL0912,P067,2024-03-25,4,1574.5,retourné,Tnja,Carte,,2024-03-29
CMD48185,CL0381,P089,13/06/2023,2,2738.36,livré,TANGER,Carte,LIV1,2023-06-17
CMD42571,CL0428,P022,18/01/2024,3,3953.9,livré,CASABLANCA,Carte,LIV4,2024-01-19
CMD23242,CL0026,P070,31/03/2024,4,1136.42,livré,TANGER,Carte,,2024-04-02
CMD11616,CL0259,P083,Aug 05 2023,2,4676.77,DONE,Tnja,Carte,LIV1,2023-08-06
CMD15799,CL0970,P018,2023-06-23,3,989.17,retourné,CASABLANCA,Carte,LIV3,2023-06-27
CMD00471,CL0927,P067,May 13 2023,4,2335.44,livre,marrakech,Carte,,
CMD36423,CL0450,P100,31/03/2023,5,3375.36,KO,Agadir,Carte,LIV1,
CMD09884,CL0962,P082,2024-01-22,4,2390.45,livré,casa,Carte,LIV6,2024-01-27
CMD46294,CL0705,P009,2023-05-02,5,189.85,KO,Tnja,Carte,LIV9,
CMD06814,CL0354,P021,Jul 21 2023,5,884.45,livre,RBA,Carte,LIV1,
CMD18686,CL0745,P001,25/05/2023,3,460.74,livre,TANGER,Carte,LIV8,
CMD05863,CL0046,P091,Mar 08 2024,1,2356.22,en_cours,Tnja,Carte,LIV7,
CMD36281,CL0401,P086,2023-11-18,2,118.82,livré,tanger,Carte,LIV8,2023-11-19
CMD04248,CL0815,P039,Jan 04 2024,-1,3297.94,OK,CASABLANCA,Carte,LIV10,
CMD27950,CL0621,P054,2023-12-16,5,1728.16,livré,TNG,Carte,LIV1,2023-12-20
CMD02469,CL0786,P068,29/01/2024,5,2265.14,livré,marrakech,Carte,LIV7,2024-01-31
CMD26915,CL0890,P052,2024-03-23,1,3568.52,DONE,kech,Carte,LIV3,2024-03-25
CMD17197,CL0857,P068,2023-11-21,5,0,retourné,kech,Carte,LIV5,2023-11-22
CMD08412,CL0553,P010,Sep 19 2023,1,3195.54,livré,RBA,Carte,LIV8,2023-09-22
CMD17631,CL0317,P042,28/07/2023,4,4203.06,livré,tanger,Carte,LIV1,2023-07-29
CMD24432,CL0173,P086,May 01 2024,5,2422.15,LIVRE,kech,Carte,LIV1,2024-05-04
CMD36936,CL0558,P083,11/04/2023,3,3793.8,KO,Tnja,Carte,,
CMD17226,CL0418,P070,2023-11-09,5,4032.15,livré,kech,Carte,LIV6,2023-11-12
CMD26823,CL0891,P094,09/07/2023,2,3337.43,OK,TANGER,Carte,LIV10,
CMD26062,CL0486,P065,06/07/2023,2,3179.87,DONE,tanger,Carte,LIV4,2023-07-11
CMD21189,CL0998,P032,03/10/2023,4,3236.21,LIVRE,tanger,Carte,LIV8,2023-10-05
CMD07180,CL0029,P031,26/09/2023,5,2377.24,retourné,TNG,Carte,,2023-09-28
CMD23663,CL0490,P070,Apr 23 2024,3,4296.15,annulé,TANGER,Carte,LIV1,
CMD15166,CL0842,P094,Sep 29 2023,5,1438.17,OK,kech,Carte,LIV2,
CMD02850,CL0948,P026,Apr 26 2023,4,639.86,en_cours,RBA,Carte,LIV1,
CMD05057,CL0501,P029,2024-04-23,3,3890.04,en_cours,tanger,Carte,LIV8,
CMD10835,CL0831,P077,2023-09-29,5,2853.72,livre,kech,Carte,LIV3,
CMD05265,CL0789,P078,11/04/2024,1,4626.99,livré,TNG,Carte,LIV4,2024-04-16
CMD21858,CL0483,P089,Mar 01 2023,1,1099.48,livré,Tnja,Carte,LIV4,2023-03-06
CMD22833,CL0175,P026,15/02/2023,3,3187.53,livré,CASABLANCA,Carte,,2023-02-17
CMD42871,CL0918,P046,11/02/2024,4,2915.73,LIVRE,Agadir,Carte,LIV8,2024-02-13
CMD00382,CL0920,P087,2023-11-01,4,4319.44,livré,Agadir,Carte,LIV6,2023-11-03
CMD05997,CL0651,P022,2023-01-22,5,670.63,livré,Agadir,Carte,LIV3,2023-01-26
CMD07604,CL0804,P029,Mar 29 2024,2,4559.81,livré,kech,Carte,LIV8,2024-04-01
CMD03332,CL0510,P066,2023-12-28,4,4952.41,KO,tanger,Carte,LIV2,
CMD19877,CL0571,P059,2023-10-10,2,401.36,OK,RBA,Carte,LIV9,
CMD04569,CL0324,P090,2023-04-24,5,4744.6,livré,TANGER,Carte,LIV10,2023-04-26
CMD23083,CL0103,P045,Jun 17 2023,2,1353.23,retourné,RBA,Carte,,2023-06-19
CMD38770,CL0944,P062,Jun 07 2023,2,3502.27,retourné,casa,Carte,LIV5,2023-06-11
CMD26132,CL0296,P034,14/06/2023,2,4560.62,annulé,kech,Carte,LIV9,
CMD25750,CL0211,P005,Feb 25 2024,1,2776.18,livré,kech,Carte,,2024-02-27
CMD23506,CL0714,P017,Jul 14 2023,3,1499.41,livré,tanger,Carte,LIV5,2023-07-16
CMD30825,CL0009,P089,24/06/2023,5,4081.11,en_cours,casa,Carte,LIV9,
CMD07141,CL0579,P037,Oct 14 2023,4,3087.64,annulé,tanger,Carte,LIV5,
CMD26740,CL0950,P071,2023-03-08,5,3411.38,annulé,TANGER,Carte,LIV2,
CMD35506,CL0157,P035,2024-02-11,2,0,retourné,TNG,Carte,,2024-02-14
CMD35740,CL0704,P048,2024-01-02,4,4065.13,annulé,Tnja,Carte,LIV8,
CMD09518,CL0804,P030,Jul 31 2023,5,82.3,livré,Tnja,Carte,LIV9,2023-08-04
CMD16095,CL0151,P011,Jan 15 2023,4,4764.21,livré,marrakech,Carte,LIV10,2023-01-19
CMD11708,CL0616,P015,2024-01-27,2,587.27,LIVRE,tanger,Carte,LIV1,2024-01-29
CMD46507,CL0826,P040,Dec 08 2023,5,1625.34,DONE,TANGER,Carte,LIV8,2023-12-11
CMD04898,CL0848,P046,21/08/2023,3,3096.47,LIVRE,TNG,Carte,LIV6,2023-08-24
CMD25181,CL0753,P057,Aug 22 2023,4,2501.77,en_cours,tanger,Carte,LIV10,
CMD02564,CL0566,P084,27/12/2023,4,2634.72,KO,CASABLANCA,Carte,LIV5,
CMD15393,CL0742,P005,2024-01-25,4,4814.06,DONE,Tnja,Carte,LIV8,2024-01-30
CMD39658,CL0105,P070,Mar 07 2023,2,3279.99,livré,CASABLANCA,Carte,,2023-03-11
CMD22343,CL0550,P030,25/03/2024,1,3714.39,DONE,kech,Carte,LIV6,2024-03-26
CMD09666,CL0423,P090,2023-02-24,4,2651.05,livré,casa,Carte,LIV2,2023-02-27
CMD14404,CL0015,P025,Sep 21 2023,2,3553.27,annulé,Tnja,Carte,LIV1,
CMD34431,CL0915,P009,2024-01-24,3,2010.43,DONE,marrakech,Carte,LIV9,2024-01-29
CMD23755,CL0021,P023,13/03/2024,4,4988.03,LIVRE,tanger,Carte,LIV3,2024-03-14
CMD19516,CL0118,P099,2023-05-05,3,4349.59,DONE,Agadir,Carte,LIV5,2023-05-07
CMD24536,CL0310,P059,02/05/2023,1,2562.27,LIVRE,RBA,Carte,LIV9,2023-05-04
CMD02757,CL0672,P040,03/03/2023,1,3161.8,OK,TNG,Carte,LIV9,
CMD28814,CL0238,P096,Nov 11 2023,3,3424.22,annulé,marrakech,Carte,LIV10,
CMD33982,CL0449,P049,2023-02-05,2,2310.91,LIVRE,Agadir,Carte,LIV6,2023-02-06
CMD42816,CL0956,P009,2024-03-17,2,680.48,KO,TNG,Carte,LIV6,
CMD11742,CL0608,P048,2023-05-30,3,1810.07,KO,CASABLANCA,Carte,LIV4,
CMD10358,CL0088,P079,Aug 03 2023,2,163.07,en_cours,casa,Carte,LIV7,
CMD25561,CL0339,P088,05/04/2023,2,4041.84,livré,marrakech,Carte,LIV5,2023-04-06
CMD45622,CL0150,P042,Feb 26 2023,2,537.84,livré,casa,Carte,LIV7,2023-03-03
CMD12233,CL0607,P040,27/04/2024,3,1940.19,livré,tanger,Carte,,2024-04-28
CMD03956,CL0715,P068,15/08/2023,3,3542.48,LIVRE,RBA,Carte,LIV3,2023-08-17
CMD25941,CL0318,P089,19/04/2024,3,2010.58,DONE,Agadir,Carte,LIV8,2024-04-22
CMD42377,CL0035,P100,Jan 02 2023,5,3760.61,livré,TANGER,Carte,LIV8,2023-01-07
CMD25797,CL0445,P058,2024-01-01,5,1730.77,livré,TNG,Carte,LIV2,2024-01-03
CMD26581,CL0011,P049,17/03/2024,5,3829.8,annulé,RBA,Carte,LIV6,
CMD13267,CL0718,P032,Dec 16 2023,2,3850.42,en_cours,kech,Carte,LIV4,
CMD23230,CL0495,P061,2023-12-10,1,2422.75,KO,TANGER,Carte,LIV8,
CMD36753,CL0591,P063,2023-09-06,-1,2865.17,livré,RBA,Carte,LIV10,2023-09-09
CMD28370,CL0611,P017,07/08/2023,2,2761.89,livré,TNG,Carte,LIV5,2023-08-10
CMD40057,CL0592,P053,12/03/2024,2,3946.13,DONE,TNG,Carte,LIV8,2024-03-14
CMD27563,CL0252,P073,11/08/2023,2,694.18,OK,Tnja,Carte,LIV2,
CMD44023,CL0487,P083,Feb 01 2024,1,3279.88,annulé,TNG,Carte,LIV6,
CMD10102,CL0734,P017,10/05/2024,1,2353.35,DONE,Agadir,Carte,LIV4,2024-05-12
CMD20680,CL0554,P016,2023-03-10,1,4624.9,LIVRE,Agadir,Carte,LIV8,2023-03-14
CMD20889,CL0121,P011,2024-01-19,3,1746.86,en_cours,marrakech,Carte,LIV7,
CMD05132,CL0414,P087,16/04/2023,1,2977.57,livré,Tnja,Carte,,2023-04-21
CMD03919,CL0163,P017,Jan 15 2023,2,682.21,KO,casa,Carte,LIV2,
CMD03471,CL0535,P002,06/03/2023,2,2908.62,OK,TNG,Carte,LIV9,
CMD29026,CL0368,P080,2024-03-01,4,1499.64,retourné,TANGER,Carte,LIV1,2024-03-04
CMD36857,CL0263,P020,May 14 2024,4,4345.98,en_cours,TNG,Carte,LIV6,
CMD24064,CL0824,P051,15/06/2023,3,3640.08,retourné,RBA,Carte,LIV5,2023-06-17
CMD38274,CL0513,P041,17/02/2024,2,1177.37,livré,CASABLANCA,Carte,,2024-02-18
CMD20444,CL0097,P009,13/11/2023,1,530.48,livré,Tnja,Carte,LIV8,2023-11-18
CMD36557,CL0381,P003,2023-08-21,2,4309.23,DONE,TNG,Carte,LIV8,2023-08-22
CMD00916,CL0003,P031,01/05/2024,4,1464.04,livre,Tnja,Carte,LIV9,
CMD00140,CL0699,P007,2024-04-17,5,3279.83,en_cours,kech,Carte,LIV10,
CMD26810,CL0860,P074,08/05/2024,1,1148.66,KO,TANGER,Carte,LIV4,
CMD21570,CL0561,P024,Feb 20 2024,3,261.11,retourné,CASABLANCA,Carte,LIV2,2024-02-25
CMD33465,CL0308,P058,2023-01-06,4,4564.07,livré,Tnja,Carte,LIV10,2023-01-08
CMD45869,CL0726,P005,Jun 17 2023,2,1713.88,LIVRE,TANGER,Carte,LIV2,2023-06-22
CMD37053,CL0973,P098,16/09/2023,1,1433.29,annulé,TANGER,Carte,LIV7,
CMD26154,CL0891,P069,14/05/2023,1,2713.38,livré,Agadir,Carte,LIV7,2023-05-17
CMD03900,CL0043,P069,26/05/2023,3,619.39,livré,kech,Carte,LIV5,2023-05-31
CMD10060,CL0413,P044,2023-09-30,2,3643.3,DONE,TANGER,Carte,LIV4,2023-10-05
CMD36719,CL0110,P069,2023-05-23,1,652.97,livré,CASABLANCA,Carte,LIV4,2023-05-24
CMD29126,CL0853,P050,13/04/2023,3,696.22,KO,kech,Carte,LIV10,
CMD34298,CL0539,P048,01/02/2023,1,4591.26,livré,TANGER,Carte,LIV3,2023-02-06
CMD46820,CL0864,P100,Jan 28 2023,3,4664.51,annulé,TNG,Carte,LIV6,
CMD20088,CL0775,P056,2024-01-18,4,3508.39,livré,CASABLANCA,Carte,LIV2,2024-01-19
CMD19109,CL0209,P074,2023-01-28,2,3827.19,en_cours,kech,Carte,LIV8,
CMD47439,CL0343,P097,05/04/2024,4,2721.31,livré,marrakech,Carte,LIV9,2024-04-10
CMD35768,CL0409,P002,2023-11-11,2,4866.68,DONE,Agadir,Carte,LIV8,2023-11-12
CMD18806,CL0529,P069,2024-01-16,1,1955.07,livré,marrakech,Carte,,2024-01-20
CMD42711,CL0978,P046,2024-01-06,5,976.72,annulé,TNG,Carte,,
CMD28602,CL0190,P069,20/01/2023,1,1038.93,KO,TANGER,Carte,,
CMD15115,CL0274,P018,01/08/2023,1,2091.5,DONE,Agadir,Carte,LIV6,2023-08-03
CMD06056,CL0407,P084,Mar 22 2024,3,3508.01,livré,Agadir,Carte,LIV3,2024-03-23
CMD00621,CL0918,P009,05/03/2023,4,1777.4,annulé,Agadir,Carte,LIV10,
CMD26949,CL0689,P076,May 28 2023,1,4011.46,livré,TNG,Carte,LIV10,2023-06-01
CMD27314,CL0775,P075,Mar 12 2023,3,2835.33,retourné,Agadir,Carte,LIV10,2023-03-16
CMD06545,CL0831,P079,13/09/2023,1,3178.48,en_cours,casa,Carte,LIV4,
CMD10553,CL0103,P072,Oct 18 2023,4,993.77,livre,Tnja,Carte,,
CMD03516,CL0462,P095,12/10/2023,2,1210.71,LIVRE,RBA,Carte,LIV2,2023-10-15
CMD46016,CL0591,P016,03/05/2023,3,4146.23,en_cours,TANGER,Carte,LIV6,
CMD28980,CL0957,P009,10/12/2023,5,2612.8,DONE,Agadir,Carte,LIV8,2023-12-15
CMD36997,CL0598,P067,2023-10-20,3,1894.12,KO,TNG,Carte,LIV9,
CMD46560,CL0545,P002,2024-03-24,1,3241.4,KO,TANGER,Carte,LIV3,
CMD37392,CL0024,P039,Nov 18 2023,3,2988.72,livré,Tnja,Carte,LIV8,2023-11-19
CMD47340,CL0359,P067,18/01/2023,2,2304.33,OK,marrakech,Carte,LIV1,
CMD32684,CL0976,P026,2023-03-06,1,1408.15,livré,tanger,Carte,LIV7,2023-03-11
CMD06656,CL0332,P055,Oct 21 2023,1,4795.29,en_cours,Agadir,Carte,,
CMD06706,CL0246,P004,Mar 06 2024,3,1821.74,en_cours,casa,Carte,LIV3,
CMD33510,CL0097,P049,06/02/2023,5,178.8,livré,casa,Carte,LIV10,2023-02-11
CMD42179,CL0768,P003,2023-05-03,4,2065.68,en_cours,Agadir,Carte,LIV1,
CMD13197,CL0070,P067,2023-03-26,3,4803.93,livré,CASABLANCA,Carte,LIV9,2023-03-31
CMD35072,CL0556,P093,Sep 30 2023,1,2041.43,livré,CASABLANCA,Carte,LIV2,2023-10-01
CMD40009,CL0633,P086,2024-01-26,3,1248.54,livré,kech,Carte,LIV4,2024-01-31
CMD05129,CL0863,P023,Sep 16 2023,1,877.88,retourné,CASABLANCA,Carte,LIV8,2023-09-19
CMD21738,CL0132,P003,15/07/2023,4,1297.06,OK,TNG,Carte,LIV6,
CMD39862,CL0334,P094,15/01/2023,4,3809.04,retourné,kech,Carte,LIV8,2023-01-19
CMD40784,CL0416,P003,20/02/2024,5,167.12,retourné,Tnja,Carte,LIV1,2024-02-23
CMD24167,CL0131,P090,26/06/2023,5,2637.45,OK,casa,Carte,,
CMD27155,CL0312,P097,23/02/2024,4,4065.88,annulé,kech,Carte,LIV1,
CMD46195,CL0626,P092,17/04/2023,5,1925.17,en_cours,RBA,Carte,LIV10,
CMD35664,CL0672,P093,Mar 22 2023,4,0,livré,kech,Carte,LIV4,2023-03-26
CMD11550,CL0785,P061,2023-01-27,5,2343.72,LIVRE,RBA,Carte,,2023-01-30
CMD08534,CL0690,P040,Jan 03 2023,5,4183.75,livré,tanger,Carte,LIV5,2023-01-04
CMD42586,CL0954,P061,Apr 28 2024,1,2414.98,retourné,tanger,Carte,LIV1,2024-04-30
CMD43398,CL0355,P063,2024-03-27,1,618.76,annulé,TNG,Carte,LIV9,
CMD07819,CL0281,P020,Mar 25 2024,3,916.14,livré,Agadir,Carte,LIV7,2024-03-30
CMD07409,CL0843,P008,2024-03-05,5,2865.08,livré,casa,Carte,LIV4,2024-03-06
CMD26831,CL0858,P096,22/12/2023,4,3957.2,en_cours,TANGER,Carte,LIV10,
CMD18344,CL0607,P031,13/04/2024,2,3867.16,KO,Agadir,Carte,LIV8,
CMD33590,CL0484,P070,18/03/2023,4,3125.66,en_cours,casa,Carte,LIV1,
CMD33435,CL0356,P047,2023-02-15,4,2641.56,livré,casa,Carte,LIV5,2023-02-20
CMD03649,CL0702,P095,2023-10-16,1,1966.72,annulé,kech,Carte,LIV1,
CMD39330,CL0677,P059,Sep 25 2023,3,1923.37,retourné,Agadir,Carte,LIV4,2023-09-27
CMD36830,CL0268,P071,28/01/2024,1,3086.2,KO,RBA,Carte,LIV1,
CMD44213,CL0231,P036,27/06/2023,2,4916.27,OK,casa,Carte,LIV2,
CMD25041,CL0387,P057,2023-04-21,1,3858.04,livré,casa,Carte,LIV3,2023-04-22
CMD00194,CL0464,P068,2023-03-16,4,1020.57,LIVRE,marrakech,Carte,LIV6,2023-03-19
CMD12432,CL0405,P079,2023-06-11,2,3527.99,livré,casa,Carte,LIV10,2023-06-15
CMD34756,CL0093,P016,31/01/2024,2,1208.67,livré,TNG,Carte,LIV8,2024-02-01
CMD09411,CL0460,P047,2023-03-11,2,2397.89,en_cours,TNG,Carte,LIV7,
CMD45261,CL0843,P017,04/07/2023,5,2409.05,livré,Agadir,Carte,LIV9,2023-07-07
CMD26087,CL0241,P059,Jan 11 2023,2,1102.05,livre,Tnja,Carte,LIV4,
CMD10273,CL0877,P034,Apr 17 2023,4,1835.72,LIVRE,TANGER,Carte,LIV10,2023-04-19
CMD38885,CL0498,P047,2023-09-10,3,2851.78,livré,TNG,Carte,LIV6,2023-09-13
CMD37279,CL0374,P087,2023-05-26,2,1220.25,livré,marrakech,Carte,LIV6,2023-05-29
CMD41170,CL0979,P008,2024-05-08,-1,506.99,livré,marrakech,Carte,LIV8,2024-05-11
CMD38671,CL0920,P096,2023-12-10,5,1414.67,retourné,TNG,Carte,LIV6,2023-12-11
CMD16478,CL0205,P014,Jan 01 2024,5,2631.2,retourné,RBA,Carte,LIV4,2024-01-02
CMD33322,CL0836,P014,2023-11-29,4,1429.51,livré,marrakech,Carte,LIV4,2023-11-30
CMD11683,CL0060,P007,2023-08-18,4,1905.06,LIVRE,casa,Carte,LIV3,2023-08-21
CMD29327,CL0212,P056,26/06/2023,5,0,en_cours,tanger,Carte,LIV8,
CMD41070,CL0938,P014,11/09/2023,3,3919.98,LIVRE,tanger,Carte,LIV6,2023-09-15
CMD31886,CL0981,P011,10/11/2023,2,1370.5,KO,tanger,Carte,LIV5,
CMD08077,CL0240,P077,17/03/2023,4,2722.57,retourné,CASABLANCA,Carte,LIV4,2023-03-19
CMD40300,CL0156,P088,2023-05-11,3,4097.81,livré,TANGER,Carte,LIV5,2023-05-15
CMD11879,CL0706,P001,2023-09-30,2,143.32,livré,Agadir,Carte,LIV4,2023-10-01
CMD00297,CL0812,P095,Jan 19 2023,2,0,livre,CASABLANCA,Carte,LIV2,
CMD17599,CL0456,P066,Feb 21 2023,5,1181.6,OK,tanger,Carte,LIV10,
CMD47989,CL0303,P006,Apr 14 2023,2,4455.2,KO,tanger,Carte,LIV8,
CMD48362,CL0399,P017,Feb 17 2023,3,1754.7,livré,kech,Carte,LIV2,2023-02-22
CMD20006,CL0647,P060,27/07/2023,1,1227.36,LIVRE,marrakech,Carte,LIV6,2023-07-29
CMD41826,CL0406,P076,08/04/2023,2,3055.5,livré,kech,Carte,LIV6,2023-04-12
CMD22867,CL0127,P030,Jan 29 2024,2,345.03,livre,marrakech,Carte,LIV8,
CMD09790,CL0367,P055,May 12 2024,1,1248.39,DONE,RBA,Carte,LIV1,2024-05-13
CMD41104,CL0204,P065,18/05/2023,1,3019.48,DONE,casa,Carte,LIV1,2023-05-20
CMD08902,CL0916,P033,10/03/2023,-1,1500.53,en_cours,Tnja,Carte,LIV5,
CMD00019,CL0357,P099,Jul 16 2023,4,124.74,LIVRE,casa,Carte,LIV9,2023-07-21
CMD15409,CL0242,P048,04/05/2023,4,826.66,livré,marrakech,Carte,LIV5,2023-05-05
CMD36422,CL0759,P055,2023-11-13,3,1769.57,OK,Agadir,Carte,LIV3,
CMD09198,CL0047,P018,2023-06-02,1,4451.43,retourné,tanger,Carte,LIV4,2023-06-03
CMD22214,CL0678,P035,Dec 26 2023,4,467.69,KO,marrakech,Carte,LIV4,
CMD30945,CL0657,P011,2023-06-02,4,1562.46,en_cours,casa,Carte,LIV2,
CMD09549,CL0824,P048,2023-03-12,3,2638.01,livre,TNG,Carte,LIV4,
CMD15175,CL0146,P021,06/02/2024,3,902.08,livré,marrakech,Carte,LIV2,2024-02-10
CMD41552,CL0900,P012,Apr 28 2023,1,679.88,DONE,casa,Carte,LIV7,2023-05-01
CMD14257,CL0028,P033,2023-01-14,1,62.11,livré,CASABLANCA,Carte,LIV4,2023-01-18
CMD23194,CL0258,P021,27/07/2023,4,1105.13,LIVRE,TANGER,Carte,LIV4,2023-08-01
CMD30412,CL0278,P061,2023-12-18,4,4493.66,retourné,kech,Carte,,2023-12-22
CMD38405,CL0574,P031,2023-01-05,1,4015.79,en_cours,tanger,Carte,LIV2,
CMD34182,CL0813,P014,24/01/2024,4,1644.01,livre,Tnja,Carte,LIV4,
CMD43802,CL0122,P097,24/01/2024,5,4052.72,livré,tanger,Carte,LIV6,2024-01-29
CMD06816,CL0986,P040,01/02/2023,4,455.73,livré,kech,Carte,LIV6,2023-02-05
CMD23739,CL0564,P018,2023-02-26,3,4484.09,LIVRE,Tnja,Carte,LIV8,2023-02-28
CMD03809,CL0294,P040,2023-02-23,3,2727.51,livré,CASABLANCA,Carte,LIV8,2023-02-25
CMD25559,CL0702,P052,22/11/2023,4,664.12,annulé,TANGER,Carte,LIV10,
CMD48272,CL0715,P068,26/06/2023,1,2446.56,livré,TANGER,Carte,LIV6,2023-06-27
CMD24899,CL0292,P100,Feb 10 2023,3,4407.92,annulé,TNG,Carte,LIV4,
CMD30546,CL0244,P087,03/07/2023,4,0,livré,casa,Carte,LIV7,2023-07-05
CMD32409,CL0551,P037,07/10/2023,4,3879.21,livré,TNG,Carte,LIV2,2023-10-09
CMD31832,CL0690,P048,2023-07-20,3,1716.52,LIVRE,TANGER,Carte,LIV5,2023-07-24
CMD25757,CL0836,P075,Jun 12 2023,4,797.57,LIVRE,CASABLANCA,Carte,LIV1,2023-06-16
CMD37403,CL0540,P075,2023-11-29,4,4681.18,en_cours,TNG,Carte,LIV7,
CMD35842,CL0418,P092,2023-02-19,2,3157.14,livré,kech,Carte,LIV10,2023-02-21
CMD11051,CL0609,P091,2023-02-17,2,86.32,OK,RBA,Carte,LIV2,
CMD33670,CL0010,P094,06/03/2023,1,934.66,livré,TNG,Carte,LIV6,2023-03-09
CMD46075,CL0363,P007,Jan 20 2024,5,3774.8,retourné,RBA,Carte,LIV7,2024-01-21
CMD09024,CL0307,P008,Jan 06 2024,2,1081.91,livré,RBA,Carte,LIV9,2024-01-10
CMD03512,CL0141,P050,28/02/2024,4,211.76,LIVRE,Agadir,Carte,LIV10,2024-03-01
CMD35429,CL0941,P054,2024-04-27,5,1947.29,livré,CASABLANCA,Carte,LIV4,2024-04-29
CMD43346,CL0954,P049,2023-08-07,5,1485.64,livre,marrakech,Carte,LIV7,
CMD06130,CL0200,P031,09/12/2023,1,3684.71,livré,RBA,Carte,LIV2,2023-12-14
CMD30618,CL0489,P019,Sep 15 2023,3,1810.54,KO,TANGER,Carte,LIV6,
CMD36199,CL0817,P048,2023-08-06,4,3195.72,retourné,TANGER,Carte,LIV2,2023-08-07
CMD21438,CL0064,P017,21/11/2023,5,0,annulé,TANGER,Carte,,
CMD07090,CL0856,P086,2023-10-14,1,302.65,livré,casa,Carte,LIV8,2023-10-15
CMD08114,CL0814,P046,2023-12-26,2,4378.66,KO,Agadir,Carte,LIV10,
CMD38626,CL0080,P059,11/04/2023,3,1895.98,OK,Agadir,Carte,LIV4,
CMD35466,CL0636,P033,2023-06-02,4,4168.16,en_cours,TANGER,Carte,LIV10,
CMD40966,CL0385,P072,16/11/2023,4,2763.34,livre,CASABLANCA,Carte,LIV10,
CMD33112,CL0803,P070,May 30 2023,1,122.87,livre,casa,Carte,LIV5,
CMD48062,CL0467,P005,May 23 2023,2,2700.98,retourné,tanger,Carte,LIV8,2023-05-24
CMD06348,CL0517,P059,2023-11-02,5,1369.73,livré,CASABLANCA,Carte,LIV2,2023-11-04
CMD02851,CL0970,P027,Apr 29 2023,2,2427.95,OK,kech,Carte,LIV7,
CMD00027,CL0954,P047,25/10/2023,5,3072.19,DONE,Tnja,Carte,LIV4,2023-10-26
CMD39439,CL0693,P073,11/03/2024,3,3628.67,retourné,RBA,Carte,LIV10,2024-03-13
CMD38025,CL0030,P045,2023-10-30,5,740.8,LIVRE,marrakech,Carte,LIV8,2023-11-01
CMD11219,CL0399,P078,2023-03-07,5,4515.0,DONE,kech,Carte,LIV5,2023-03-08
CMD45940,CL0721,P040,Feb 04 2024,2,1022.16,livré,kech,Carte,LIV10,2024-02-05
CMD02076,CL0633,P099,27/06/2023,5,3299.51,en_cours,CASABLANCA,Carte,LIV7,
CMD25217,CL0458,P085,2023-09-21,3,1182.48,en_cours,TANGER,Carte,LIV3,
CMD29688,CL0025,P029,01/06/2023,4,4392.72,annulé,TANGER,Carte,LIV9,
CMD25946,CL0442,P007,2023-07-31,1,3858.04,livre,RBA,Carte,LIV4,
CMD32824,CL0311,P094,Oct 07 2023,5,251.25,retourné,kech,Carte,LIV1,2023-10-09
CMD15009,CL0130,P013,Aug 28 2023,1,951.41,KO,Agadir,Carte,LIV10,
CMD38752,CL0040,P048,24/03/2023,4,752.43,livré,casa,Carte,LIV4,2023-03-28
CMD27246,CL0007,P040,2023-06-07,2,1057.1,KO,RBA,Carte,LIV7,
CMD42391,CL0348,P067,27/11/2023,2,3422.7,DONE,TNG,Carte,LIV3,2023-11-29
CMD38189,CL0906,P067,2023-06-01,1,3538.78,livré,TNG,Carte,LIV4,2023-06-05
CMD09827,CL0436,P038,Oct 12 2023,3,4263.07,livré,marrakech,Carte,LIV7,2023-10-14
CMD44238,CL0389,P083,2024-03-31,2,612.02,livre,TANGER,Carte,LIV8,
CMD16202,CL0047,P054,13/03/2024,2,4575.34,livre,TNG,Carte,LIV3,
CMD01091,CL0540,P063,Mar 07 2023,4,1207.5,livré,TANGER,Carte,LIV2,2023-03-08
CMD12066,CL0706,P022,08/03/2023,4,4010.62,DONE,RBA,Carte,LIV1,2023-03-12
CMD01649,CL0842,P062,24/04/2024,2,568.02,LIVRE,kech,Carte,LIV8,2024-04-29
CMD47199,CL0536,P034,2023-09-19,5,4388.34,OK,RBA,Carte,LIV2,
CMD17365,CL0306,P029,27/04/2023,2,1200.03,retourné,Tnja,Carte,LIV10,2023-04-28
CMD31215,CL0921,P087,10/03/2023,4,415.33,en_cours,Tnja,Carte,LIV4,
CMD41312,CL0598,P075,2024-02-12,1,4372.35,livre,TNG,Carte,LIV2,
CMD03258,CL0922,P059,2023-02-16,2,1736.39,KO,kech,Carte,LIV1,
CMD10132,CL0682,P063,Oct 21 2023,4,4372.09,livré,marrakech,Carte,LIV8,2023-10-26
CMD47609,CL0422,P074,03/04/2023,4,3025.55,DONE,TNG,Carte,LIV2,2023-04-06
CMD41564,CL0370,P057,03/11/2023,3,1920.33,OK,Tnja,Carte,LIV4,
CMD46827,CL0593,P056,28/03/2023,3,529.95,OK,marrakech,Carte,LIV9,
CMD17724,CL0522,P007,14/12/2023,3,3868.31,retourné,kech,Carte,LIV9,2023-12-19
CMD31744,CL0647,P042,Dec 29 2023,1,709.6,retourné,TANGER,Carte,LIV6,2024-01-03
CMD34133,CL0946,P006,2023-06-12,1,4445.12,livré,TANGER,Carte,LIV8,2023-06-17
CMD43586,CL0448,P061,2023-07-31,3,3599.71,livré,TNG,Carte,LIV6,2023-08-02
CMD31987,CL0182,P063,Apr 11 2024,3,4587.67,en_cours,tanger,Carte,LIV8,
CMD33511,CL0978,P050,Aug 06 2023,4,1383.53,KO,Tnja,Carte,LIV4,
CMD45400,CL0131,P023,20/09/2023,5,2894.36,OK,Tnja,Carte,,
CMD23085,CL0085,P055,05/02/2024,5,1807.43,livre,marrakech,Carte,LIV3,
CMD20065,CL0577,P029,Mar 15 2024,4,4255.01,en_cours,TANGER,Carte,LIV6,
CMD06964,CL0776,P052,Apr 11 2023,1,1056.37,LIVRE,marrakech,Carte,LIV8,2023-04-13
CMD19227,CL0826,P042,2023-10-30,1,2960.6,OK,casa,Carte,LIV3,
CMD22392,CL0032,P021,Mar 12 2023,1,1469.4,annulé,TANGER,Carte,LIV10,
CMD28685,CL0168,P086,2023-10-31,3,1345.62,livré,TNG,Carte,LIV8,2023-11-05
CMD43896,CL0812,P042,Sep 21 2023,2,105.78,OK,casa,Carte,LIV6,
CMD19854,CL0606,P007,Jun 08 2023,5,4965.15,annulé,tanger,Carte,LIV7,
CMD24018,CL0069,P091,Jul 26 2023,2,0,en_cours,tanger,Carte,LIV4,
CMD16563,CL0909,P014,2023-07-18,4,4541.87,livré,tanger,Carte,LIV9,2023-07-19
CMD22922,CL0504,P044,Oct 02 2023,4,405.68,annulé,TANGER,Carte,LIV5,
CMD30582,CL0605,P073,Aug 31 2023,3,326.98,livré,TNG,Carte,LIV10,2023-09-03
CMD11249,CL0658,P063,30/08/2023,3,3960.48,OK,kech,Carte,LIV8,
CMD09907,CL0189,P024,2024-02-20,2,4638.7,OK,Agadir,Carte,LIV6,
CMD32584,CL0109,P018,01/09/2023,3,4648.24,livré,TANGER,Carte,LIV6,2023-09-02
CMD30345,CL0207,P009,Jan 20 2024,3,2925.15,DONE,Agadir,Carte,LIV1,2024-01-21
CMD05849,CL0112,P099,2023-11-13,3,1655.11,livre,casa,Carte,,
CMD01480,CL0828,P021,Dec 03 2023,1,1047.81,DONE,Tnja,Carte,LIV10,2023-12-04
CMD32349,CL0157,P005,13/11/2023,3,171.04,KO,TANGER,Carte,LIV10,
CMD07423,CL0647,P039,Apr 23 2024,1,4191.29,DONE,TANGER,Carte,LIV7,2024-04-27
CMD28425,CL0871,P003,25/04/2023,1,3401.93,livré,RBA,Carte,LIV9,2023-04-27
CMD03539,CL0543,P012,2024-04-10,1,3960.19,OK,tanger,Carte,LIV9,
CMD43627,CL0371,P097,Mar 27 2023,2,4072.85,annulé,Agadir,Carte,LIV9,
CMD25149,CL0579,P028,21/04/2024,3,2653.45,livré,marrakech,Carte,LIV8,2024-04-23
CMD43798,CL0894,P014,Jul 13 2023,5,3961.37,livré,tanger,Carte,LIV3,2023-07-16
CMD41905,CL0452,P057,Jun 19 2023,5,764.77,KO,marrakech,Carte,LIV8,
CMD00448,CL0903,P003,Jan 10 2023,5,2676.66,KO,TANGER,Carte,LIV6,
CMD11800,CL0074,P100,2023-01-22,5,3980.48,LIVRE,tanger,Carte,LIV3,2023-01-24
CMD46048,CL0525,P019,2024-04-09,1,2533.94,LIVRE,Tnja,Carte,LIV8,2024-04-11
CMD39757,CL0949,P052,08/06/2023,5,440.65,retourné,RBA,Carte,,2023-06-12
CMD20386,CL0579,P003,2023-04-28,1,3407.95,KO,RBA,Carte,LIV2,
CMD09352,CL0955,P080,Jan 02 2024,3,3415.42,livré,Agadir,Carte,LIV2,2024-01-06
CMD47352,CL0153,P005,01/04/2023,3,4862.91,en_cours,kech,Carte,LIV4,
CMD17196,CL0406,P019,13/10/2023,2,3525.21,livre,TANGER,Carte,LIV7,
CMD18532,CL0872,P082,28/03/2023,1,3488.79,retourné,TANGER,Carte,LIV4,2023-03-31
CMD02556,CL0243,P022,13/01/2023,2,729.17,en_cours,Tnja,Carte,LIV9,
CMD19895,CL0922,P085,15/01/2023,5,875.37,retourné,casa,Carte,LIV10,2023-01-16
CMD29564,CL0610,P048,2023-09-20,3,1104.47,retourné,CASABLANCA,Carte,LIV8,2023-09-24
CMD10961,CL0576,P074,Oct 29 2023,2,1830.07,livré,Tnja,Carte,LIV5,2023-11-03
CMD18520,CL0889,P088,30/04/2024,1,4593.3,en_cours,TANGER,Carte,LIV4,
CMD18051,CL0902,P071,Jan 16 2024,4,3749.15,retourné,Agadir,Carte,LIV5,2024-01-19
CMD20371,CL0713,P023,Aug 16 2023,4,2907.7,en_cours,Agadir,Carte,LIV9,
CMD22695,CL0050,P082,06/12/2023,4,1389.25,KO,tanger,Carte,LIV7,
CMD40370,CL0968,P098,2023-08-02,3,2069.2,en_cours,RBA,Carte,LIV3,
CMD09015,CL0159,P074,2024-05-06,1,3949.06,OK,TANGER,Carte,,
CMD41280,CL0401,P021,07/11/2023,1,2994.2,livré,Agadir,Carte,LIV8,2023-11-11
CMD04616,CL0671,P075,Feb 27 2024,4,3856.07,livré,TANGER,Carte,,2024-03-01
CMD35279,CL0542,P026,2023-12-18,2,4943.92,livré,TANGER,Carte,LIV4,2023-12-19
CMD38552,CL0375,P061,Feb 03 2023,2,0,OK,marrakech,Carte,,
CMD19434,CL0274,P098,13/06/2023,1,577.0,LIVRE,Tnja,Carte,LIV4,2023-06-18
CMD47597,CL0900,P024,Jan 01 2023,3,3032.7,en_cours,tanger,Carte,LIV7,
CMD09748,CL0073,P030,Aug 01 2023,4,4261.96,livre,kech,Carte,LIV10,
CMD19309,CL0446,P054,27/04/2024,2,2425.49,retourné,TANGER,Carte,LIV2,2024-05-02
CMD08927,CL0931,P020,13/04/2024,1,611.14,annulé,TNG,Carte,LIV3,
CMD32750,CL0437,P077,30/09/2023,3,3759.27,retourné,RBA,Carte,LIV9,2023-10-02
CMD03993,CL0735,P042,Apr 27 2024,5,3357.72,livré,Agadir,Carte,LIV10,2024-04-30
CMD22947,CL0020,P083,Jul 20 2023,1,3458.06,OK,kech,Carte,LIV10,
CMD15437,CL0725,P084,May 08 2023,3,1731.56,DONE,marrakech,Carte,LIV3,2023-05-13
CMD30041,CL0018,P099,2023-03-04,4,1058.8,LIVRE,CASABLANCA,Carte,LIV10,2023-03-06
CMD29152,CL0986,P099,24/06/2023,3,202.0,OK,Agadir,Carte,LIV3,
CMD23831,CL0408,P032,18/08/2023,-1,4719.76,DONE,tanger,Carte,LIV7,2023-08-23
CMD12285,CL0041,P001,17/02/2024,4,2580.37,annulé,marrakech,Carte,LIV8,
CMD30118,CL0265,P001,Jul 02 2023,5,2027.17,LIVRE,marrakech,Carte,LIV7,2023-07-07
CMD34006,CL0784,P043,12/11/2023,2,715.31,livré,Tnja,Carte,LIV8,2023-11-15
CMD13734,CL0558,P042,2023-09-16,5,4714.89,DONE,marrakech,Carte,LIV5,2023-09-21
CMD25264,CL0878,P003,Feb 16 2023,4,4500.2,KO,casa,Carte,LIV8,
CMD27361,CL0774,P060,25/04/2023,5,4060.63,annulé,Tnja,Carte,LIV10,
CMD32629,CL0494,P046,2023-02-09,1,3884.1,annulé,tanger,Carte,LIV7,
CMD00531,CL0063,P054,2023-09-13,3,2241.3,DONE,tanger,Carte,LIV9,2023-09-17
CMD00556,CL0913,P006,2023-07-10,4,4088.41,livré,marrakech,Carte,LIV9,2023-07-12
CMD09642,CL0568,P034,07/03/2024,4,274.65,KO,marrakech,Carte,LIV8,
CMD07947,CL0231,P069,Jan 08 2023,1,530.61,annulé,CASABLANCA,Carte,LIV4,
CMD23360,CL0352,P019,15/02/2024,5,4397.62,livre,Tnja,Carte,LIV9,
CMD02372,CL0237,P004,Feb 22 2024,4,1135.71,LIVRE,kech,Carte,LIV7,2024-02-26
CMD29593,CL0826,P020,Oct 11 2023,5,4756.96,en_cours,casa,Carte,LIV6,
CMD48345,CL0494,P084,30/12/2023,1,4876.17,LIVRE,kech,Carte,LIV5,2024-01-02
CMD40682,CL0091,P050,2024-03-14,1,4427.5,retourné,kech,Carte,,2024-03-16
CMD47285,CL0332,P042,2024-02-11,3,345.64,livré,Agadir,Carte,LIV8,2024-02-14
CMD43226,CL0125,P098,Nov 03 2023,4,1424.92,livré,marrakech,Carte,LIV8,2023-11-07
CMD02804,CL0547,P010,Mar 24 2024,2,1501.3,LIVRE,TANGER,Carte,LIV8,2024-03-28
CMD08950,CL0014,P071,28/01/2024,1,1221.13,retourné,kech,Carte,LIV7,2024-01-29
CMD00783,CL0391,P057,12/02/2024,4,2123.81,en_cours,CASABLANCA,Carte,LIV7,
CMD12115,CL0211,P053,Mar 18 2023,5,1274.57,livré,RBA,Carte,LIV7,2023-03-20
CMD13005,CL0690,P007,Oct 27 2023,3,4120.36,en_cours,Tnja,Carte,LIV7,
CMD28817,CL0050,P021,17/06/2023,2,2715.54,LIVRE,tanger,Carte,LIV4,2023-06-20
CMD10676,CL0589,P074,08/01/2024,5,3738.8,annulé,casa,Carte,LIV2,
CMD35499,CL0803,P100,2023-09-20,4,0,LIVRE,kech,Carte,LIV6,2023-09-21
CMD08030,CL0445,P031,27/04/2024,5,0,annulé,marrakech,Carte,LIV2,
CMD13719,CL0128,P080,Apr 15 2024,3,3708.2,annulé,marrakech,Carte,LIV5,
CMD08401,CL0823,P044,17/06/2023,4,2733.7,livré,kech,Carte,LIV4,2023-06-22
CMD07199,CL0408,P034,2023-03-10,2,4162.38,OK,TNG,Carte,LIV1,
CMD02321,CL0342,P023,Feb 11 2024,1,3751.83,DONE,Agadir,Carte,LIV4,2024-02-16
CMD18409,CL0055,P088,2023-01-02,4,766.76,livré,Tnja,Carte,LIV9,2023-01-04
CMD48184,CL0350,P030,27/10/2023,5,1656.36,LIVRE,Agadir,Carte,LIV10,2023-10-29
CMD02664,CL0453,P047,07/07/2023,4,766.36,retourné,Tnja,Carte,LIV3,2023-07-12
CMD35990,CL0228,P011,09/05/2024,5,1656.75,en_cours,Agadir,Carte,LIV4,
CMD28217,CL0296,P016,14/01/2023,3,4037.24,en_cours,TANGER,Carte,LIV6,
CMD44663,CL0966,P070,03/11/2023,4,4940.9,livré,Tnja,Carte,LIV3,2023-11-08
CMD18394,CL0040,P059,May 01 2024,1,3056.76,DONE,marrakech,Carte,LIV2,2024-05-04
CMD14392,CL0129,P039,2023-04-23,4,2642.84,en_cours,kech,Carte,LIV9,
CMD07555,CL0275,P058,Oct 19 2023,1,892.77,LIVRE,TANGER,Carte,LIV6,2023-10-20
CMD41808,CL0230,P063,Mar 02 2024,2,1795.57,retourné,TNG,Carte,LIV9,2024-03-04
CMD28742,CL0190,P076,2023-05-10,4,2630.7,livré,RBA,Carte,LIV9,2023-05-12
CMD36839,CL0289,P023,Feb 07 2023,1,1040.3,LIVRE,marrakech,Carte,LIV1,2023-02-12
CMD44448,CL0758,P043,Apr 01 2024,2,3487.86,DONE,marrakech,Carte,,2024-04-06
CMD10208,CL0339,P003,19/12/2023,3,765.83,OK,marrakech,Carte,LIV5,
CMD42648,CL0455,P025,May 14 2024,1,522.43,KO,kech,Carte,LIV2,
CMD22895,CL0658,P028,Apr 22 2024,4,2399.54,retourné,RBA,Carte,LIV10,2024-04-23
CMD27116,CL0505,P049,2024-01-29,2,1428.81,livré,TNG,Carte,LIV3,2024-01-31
CMD35745,CL0813,P064,Jun 16 2023,3,924.14,retourné,Agadir,Carte,LIV2,2023-06-21
CMD10634,CL0164,P027,12/02/2023,1,196.35,en_cours,Tnja,Carte,LIV8,
CMD22127,CL0778,P041,Apr 16 2023,4,2703.77,en_cours,TNG,Carte,LIV3,
CMD45245,CL0958,P035,2023-06-28,5,2231.04,LIVRE,Tnja,Carte,LIV7,2023-07-03
CMD10274,CL0166,P010,Jul 08 2023,4,757.15,retourné,marrakech,Carte,LIV5,2023-07-12
CMD40229,CL0956,P078,2023-06-13,4,103.22,livre,Agadir,Carte,LIV8,
CMD36393,CL0964,P025,01/02/2024,1,2419.01,LIVRE,tanger,Carte,LIV8,2024-02-04
CMD35894,CL0658,P009,Nov 26 2023,1,4928.86,DONE,marrakech,Carte,LIV6,2023-11-27
CMD08383,CL0660,P033,Feb 06 2023,5,4591.38,KO,tanger,Carte,LIV7,
CMD39832,CL0151,P015,16/09/2023,3,4753.75,livré,CASABLANCA,Carte,LIV4,2023-09-19
CMD29050,CL0064,P096,May 06 2023,4,1063.03,DONE,casa,Carte,LIV7,2023-05-11
CMD05298,CL0209,P026,2023-06-05,5,2926.83,KO,Agadir,Carte,LIV1,
CMD23103,CL0115,P094,20/09/2023,2,1235.63,livré,Tnja,Carte,LIV10,2023-09-23
CMD13525,CL0928,P073,31/08/2023,3,1827.38,retourné,marrakech,Carte,LIV9,2023-09-01
CMD19694,CL0785,P099,2023-02-01,2,515.0,LIVRE,TNG,Carte,LIV1,2023-02-06
CMD20479,CL0302,P055,29/04/2024,2,4213.96,livré,casa,Carte,LIV10,2024-05-02
CMD11603,CL0689,P070,Apr 24 2023,3,2142.01,annulé,tanger,Carte,LIV5,
CMD45846,CL0964,P039,Feb 28 2023,4,4066.85,livré,tanger,Carte,LIV8,2023-03-01
CMD48101,CL0248,P020,2024-05-03,3,3491.46,OK,TANGER,Carte,LIV2,
CMD11388,CL0016,P020,2023-01-17,2,3104.55,livre,CASABLANCA,Carte,LIV1,
CMD18267,CL0953,P003,Jun 25 2023,4,2778.15,annulé,TANGER,Carte,,
CMD20450,CL0591,P078,12/02/2024,4,3136.13,OK,TNG,Carte,LIV10,
CMD26492,CL0643,P041,15/03/2023,2,3407.37,DONE,TNG,Carte,,2023-03-18
CMD01384,CL0333,P044,Jan 31 2024,4,1246.78,DONE,TNG,Carte,LIV1,2024-02-03
CMD30929,CL0715,P033,20/05/2023,3,2554.31,livré,Agadir,Carte,LIV1,2023-05-25
CMD18765,CL0498,P002,29/10/2023,1,2427.02,OK,CASABLANCA,Carte,,
CMD18249,CL0810,P001,2023-01-12,2,3573.95,retourné,TANGER,Carte,LIV7,2023-01-14
CMD25818,CL0020,P070,Feb 07 2024,4,2825.97,DONE,Tnja,Carte,LIV2,2024-02-08
CMD03923,CL0780,P092,Mar 12 2024,4,4704.01,DONE,tanger,Carte,LIV9,2024-03-15
CMD00298,CL0374,P073,2024-04-25,2,4013.71,OK,casa,Carte,LIV6,
CMD19048,CL0437,P070,Mar 02 2024,5,655.06,livré,marrakech,Carte,LIV5,2024-03-05
CMD47524,CL0093,P002,Apr 17 2024,1,4275.88,DONE,RBA,Carte,LIV9,2024-04-18
CMD22809,CL0964,P013,03/03/2023,1,1409.16,OK,marrakech,Carte,LIV7,
CMD16728,CL0895,P080,24/08/2023,1,3443.63,DONE,CASABLANCA,Carte,LIV7,2023-08-27
CMD08199,CL0976,P042,2024-01-20,4,2960.27,annulé,kech,Carte,LIV7,
CMD24535,CL0617,P027,2023-07-06,3,2828.31,LIVRE,TNG,Carte,LIV1,2023-07-09
CMD47928,CL0025,P093,2023-07-21,1,3939.76,LIVRE,CASABLANCA,Carte,LIV4,2023-07-26
CMD44341,CL0580,P002,02/05/2024,1,241.42,retourné,Agadir,Carte,LIV4,2024-05-06
CMD15877,CL0288,P073,2023-02-28,1,4649.71,en_cours,Agadir,Carte,LIV4,
CMD33606,CL0450,P013,Oct 10 2023,5,2109.74,livré,Tnja,Carte,LIV3,2023-10-11
CMD07761,CL0240,P040,Apr 09 2024,4,844.92,livré,kech,Carte,LIV8,2024-04-14
CMD43251,CL0897,P094,Dec 27 2023,1,2826.49,KO,RBA,Carte,LIV4,
CMD05276,CL0856,P067,09/02/2023,4,2231.07,livré,Agadir,Carte,LIV8,2023-02-11
CMD39671,CL0840,P059,May 16 2023,1,668.67,annulé,kech,Carte,,
CMD30815,CL0317,P072,Aug 07 2023,3,1365.43,LIVRE,casa,Carte,LIV1,2023-08-12
CMD02964,CL0445,P012,03/03/2024,5,4430.14,retourné,Agadir,Carte,LIV10,2024-03-05
CMD47100,CL0818,P005,10/06/2023,1,820.13,retourné,casa,Carte,LIV5,2023-06-13
CMD35288,CL0351,P063,13/04/2024,3,3304.25,annulé,kech,Carte,LIV1,
CMD24840,CL0255,P080,08/04/2023,2,897.71,DONE,RBA,Carte,LIV10,2023-04-09
CMD15766,CL0486,P020,Jan 05 2023,2,2214.71,livre,CASABLANCA,Carte,LIV8,
CMD45307,CL0309,P009,2023-03-30,5,4132.82,livré,Agadir,Carte,LIV3,2023-03-31
CMD02467,CL0704,P074,05/08/2023,1,2549.77,LIVRE,CASABLANCA,Carte,LIV3,2023-08-08
CMD19360,CL0444,P068,2024-04-07,1,701.05,livré,marrakech,Carte,LIV9,2024-04-09
CMD13011,CL0628,P085,Apr 26 2024,5,215.25,retourné,Tnja,Carte,,2024-04-27
CMD40531,CL0075,P040,Aug 03 2023,4,3915.24,livré,marrakech,Carte,LIV2,2023-08-07
CMD00690,CL0570,P088,13/03/2024,4,1732.44,en_cours,marrakech,Carte,LIV5,
CMD20993,CL0096,P019,02/05/2024,4,4654.05,annulé,TANGER,Carte,LIV6,
CMD09610,CL0924,P053,Apr 30 2024,1,3943.91,annulé,Tnja,Carte,LIV2,
CMD40393,CL0996,P019,Sep 21 2023,5,3409.98,annulé,tanger,Carte,,
CMD14357,CL0597,P011,2024-02-23,4,4442.98,livré,CASABLANCA,Carte,LIV10,2024-02-24
CMD02113,CL0507,P051,2023-05-11,4,2472.49,livré,marrakech,Carte,LIV6,2023-05-16
CMD33919,CL0784,P025,05/08/2023,1,1377.75,annulé,kech,Carte,LIV2,
CMD14609,CL0196,P099,2024-02-21,1,687.89,OK,kech,Carte,,
CMD30948,CL0256,P068,Mar 27 2023,2,4017.97,OK,RBA,Carte,LIV10,
CMD05158,CL0665,P090,2023-08-16,2,4793.64,en_cours,Tnja,Carte,LIV7,
CMD47489,CL0209,P022,May 15 2024,3,4941.18,livré,TANGER,Carte,LIV8,2024-05-18
CMD27920,CL0829,P090,Apr 03 2023,2,2809.13,livré,marrakech,Carte,LIV7,2023-04-06
CMD31062,CL0533,P043,May 09 2023,5,1964.34,KO,TANGER,Carte,,
CMD29434,CL0030,P068,16/05/2023,1,4047.52,livré,TANGER,Carte,LIV5,2023-05-21
CMD06118,CL0199,P049,2023-01-26,5,851.85,livré,Agadir,Carte,LIV4,2023-01-31
CMD04564,CL0523,P062,28/03/2023,5,3201.53,LIVRE,casa,Carte,LIV8,2023-04-01
CMD42161,CL0427,P004,Jan 14 2023,4,3357.67,livre,TANGER,Carte,LIV7,
CMD11586,CL0859,P099,02/01/2023,5,115.74,LIVRE,tanger,Carte,LIV8,2023-01-06
CMD06954,CL0503,P022,08/06/2023,3,4895.79,OK,casa,Carte,LIV7,
CMD11045,CL0134,P073,Apr 07 2023,5,3067.69,OK,CASABLANCA,Carte,,
CMD15077,CL0992,P007,Oct 09 2023,4,3770.31,DONE,marrakech,Carte,LIV1,2023-10-10
CMD36484,CL0796,P022,2023-09-26,1,3401.4,KO,Agadir,Carte,LIV10,
CMD45285,CL0307,P061,24/10/2023,3,0,DONE,kech,Carte,LIV7,2023-10-26
CMD22916,CL0066,P024,May 11 2024,2,4394.84,livré,marrakech,Carte,LIV8,2024-05-13
CMD40247,CL0687,P040,Feb 07 2023,2,1914.11,livré,marrakech,Carte,LIV4,2023-02-11
CMD08801,CL0427,P031,20/03/2024,4,2599.24,OK,TANGER,Carte,LIV5,
CMD11102,CL0545,P069,Mar 10 2023,4,4453.33,annulé,Tnja,Carte,LIV2,
CMD45530,CL0873,P088,Jan 04 2023,4,1388.78,DONE,CASABLANCA,Carte,LIV1,2023-01-07
CMD39819,CL0451,P027,Oct 07 2023,5,4333.38,DONE,Agadir,Carte,LIV2,2023-10-12
CMD19761,CL0317,P009,26/02/2024,1,1332.48,livré,CASABLANCA,Carte,LIV8,2024-02-28
CMD04029,CL0356,P013,2023-08-17,5,164.2,OK,Tnja,Carte,LIV9,
CMD27728,CL0223,P001,2023-06-17,1,118.78,en_cours,CASABLANCA,Carte,LIV6,
CMD09997,CL0024,P079,2023-10-08,5,443.59,livre,kech,Carte,LIV5,
CMD42524,CL0709,P006,17/12/2023,4,3892.53,OK,TANGER,Carte,LIV9,
CMD45659,CL0490,P035,15/12/2023,1,868.94,DONE,RBA,Carte,LIV8,2023-12-17
CMD31729,CL0882,P035,27/03/2023,3,1281.32,DONE,casa,Carte,LIV4,2023-03-30
CMD22674,CL0445,P044,02/07/2023,2,1796.13,OK,marrakech,Carte,LIV2,
CMD31625,CL0274,P063,2023-10-28,1,3127.91,LIVRE,marrakech,Carte,LIV9,2023-10-30
CMD21288,CL0549,P031,17/03/2024,1,4291.99,livré,TNG,Carte,LIV8,2024-03-21
CMD05008,CL0411,P006,Oct 12 2023,5,1607.53,livré,tanger,Carte,LIV1,2023-10-14
CMD20057,CL0361,P095,2023-02-06,4,0,annulé,casa,Carte,LIV4,
CMD07508,CL0188,P064,2024-04-29,3,1600.83,KO,RBA,Carte,LIV4,
CMD23349,CL0458,P076,Apr 06 2024,2,1183.55,LIVRE,RBA,Carte,LIV7,2024-04-11
CMD48301,CL0800,P094,12/05/2023,3,3199.67,livre,Agadir,Carte,,
CMD06961,CL0449,P072,07/07/2023,5,1547.01,retourné,marrakech,Carte,LIV5,2023-07-10
CMD18450,CL0843,P088,Dec 22 2023,5,250.85,en_cours,marrakech,Carte,LIV7,
CMD40786,CL0004,P018,29/01/2023,5,2781.3,livré,Agadir,Carte,LIV3,2023-02-03
CMD23880,CL0802,P007,11/01/2024,4,3344.15,en_cours,CASABLANCA,Carte,LIV1,
CMD12892,CL0483,P024,Apr 17 2024,5,1516.5,retourné,casa,Carte,LIV4,2024-04-18
CMD34935,CL0815,P079,25/03/2023,4,2808.85,retourné,Agadir,Carte,LIV2,2023-03-29
CMD21710,CL0451,P087,18/10/2023,1,4607.74,en_cours,Tnja,Carte,,
CMD23193,CL0504,P011,Apr 27 2024,5,2485.59,livré,marrakech,Carte,,2024-05-01
CMD32553,CL0500,P060,2023-08-03,1,138.58,livre,Tnja,Carte,LIV3,
CMD16634,CL0571,P010,2023-10-07,4,3700.57,retourné,Agadir,Carte,LIV7,2023-10-08
CMD18386,CL0920,P051,2024-04-02,4,4561.48,livré,marrakech,Carte,LIV5,2024-04-07
CMD42535,CL0412,P043,Apr 12 2024,3,2276.23,DONE,tanger,Carte,LIV3,2024-04-14
CMD44726,CL0294,P046,13/07/2023,3,1905.03,OK,RBA,Carte,LIV4,
CMD36376,CL0651,P002,Oct 17 2023,4,3739.11,en_cours,tanger,Carte,LIV7,
CMD35219,CL0367,P022,May 26 2023,1,3168.6,livré,Tnja,Carte,LIV3,2023-05-29
CMD29341,CL0213,P045,2023-06-17,3,4627.54,livré,kech,Carte,LIV1,2023-06-21
CMD47033,CL0892,P040,2023-07-07,2,3601.78,retourné,Agadir,Carte,LIV7,2023-07-11
CMD42540,CL0732,P013,2023-11-18,1,4154.77,OK,Agadir,Carte,LIV8,
CMD38280,CL0527,P035,29/02/2024,2,3870.69,en_cours,Agadir,Carte,LIV9,
CMD31672,CL0175,P015,30/12/2023,3,4644.57,KO,CASABLANCA,Carte,LIV5,
CMD21313,CL0334,P087,Jul 16 2023,2,199.2,en_cours,casa,Carte,LIV4,
CMD25458,CL0306,P078,Jun 28 2023,3,2635.01,livré,TANGER,Carte,LIV9,2023-06-29
CMD01524,CL0168,P064,Mar 18 2024,3,1352.93,LIVRE,RBA,Carte,LIV9,2024-03-19
CMD17235,CL0349,P035,Dec 02 2023,5,2422.98,livré,RBA,Carte,LIV10,2023-12-04
CMD10029,CL0229,P006,Apr 09 2023,5,2476.14,KO,kech,Carte,LIV9,
CMD45792,CL0982,P063,May 01 2024,2,404.11,OK,kech,Carte,LIV7,
CMD29694,CL0933,P002,Mar 25 2023,3,786.65,LIVRE,TNG,Carte,LIV10,2023-03-27
CMD47853,CL0040,P060,Dec 30 2023,4,2749.17,KO,tanger,Carte,LIV5,
CMD14317,CL0646,P042,18/08/2023,1,3638.35,livré,Agadir,Carte,LIV1,2023-08-22
CMD09332,CL0813,P022,2023-02-18,3,992.55,livre,RBA,Carte,LIV2,
CMD09366,CL0561,P041,Mar 20 2024,4,1786.55,livré,RBA,Carte,LIV5,2024-03-21
CMD07397,CL0737,P021,2024-02-15,4,766.08,livré,tanger,Carte,LIV9,2024-02-16
CMD38947,CL0976,P053,2023-03-09,2,3898.12,DONE,CASABLANCA,Carte,LIV1,2023-03-13
CMD22897,CL0510,P032,25/08/2023,3,3376.11,livré,TNG,Carte,LIV5,2023-08-27
CMD34687,CL0265,P072,Feb 21 2023,4,226.89,retourné,Tnja,Carte,LIV3,2023-02-26
CMD12539,CL0760,P026,Apr 12 2023,2,361.99,retourné,CASABLANCA,Carte,LIV8,2023-04-15
CMD16237,CL0470,P082,2024-02-26,2,3400.34,en_cours,RBA,Carte,LIV4,
CMD35688,CL0824,P097,Apr 18 2023,4,1244.52,livré,CASABLANCA,Carte,LIV7,2023-04-23
CMD06364,CL0115,P049,06/11/2023,4,1449.44,livre,Tnja,Carte,LIV2,
CMD08601,CL0031,P096,Apr 17 2024,2,1107.3,KO,TNG,Carte,LIV10,
CMD46191,CL0081,P042,16/03/2023,3,2234.95,livré,Agadir,Carte,,2023-03-21
CMD19523,CL0092,P015,2023-10-24,5,275.03,livré,CASABLANCA,Carte,LIV8,2023-10-27
CMD31719,CL0712,P034,21/03/2024,3,521.45,livré,kech,Carte,LIV5,2024-03-22
CMD36401,CL0521,P054,24/05/2023,4,3217.38,livré,tanger,Carte,LIV9,2023-05-26
CMD42947,CL0850,P036,28/06/2023,4,775.55,retourné,TANGER,Carte,LIV10,2023-07-01
CMD34429,CL0096,P061,2023-09-10,4,4258.17,livré,TNG,Carte,LIV2,2023-09-15
CMD18320,CL0773,P092,01/05/2024,4,3210.72,livré,kech,Carte,LIV7,2024-05-03
CMD43752,CL0356,P080,08/04/2024,3,3774.08,livré,Tnja,Carte,LIV10,2024-04-11
CMD14713,CL0149,P070,2023-07-08,5,2655.82,retourné,CASABLANCA,Carte,LIV9,2023-07-11
CMD29723,CL0799,P007,Mar 25 2023,4,1535.04,OK,tanger,Carte,,
CMD10406,CL0194,P025,Nov 03 2023,5,517.61,livré,marrakech,Carte,LIV5,2023-11-05
CMD18102,CL0992,P053,25/12/2023,3,4955.61,LIVRE,kech,Carte,LIV4,2023-12-30
CMD36723,CL0463,P012,Feb 09 2024,1,3700.51,OK,TNG,Carte,,
CMD38761,CL0024,P034,Apr 18 2024,4,3801.68,annulé,TNG,Carte,LIV5,
CMD39861,CL0172,P058,24/07/2023,1,2366.04,livré,Agadir,Carte,LIV10,2023-07-26
CMD29977,CL0185,P030,Sep 16 2023,5,3994.88,annulé,Agadir,Carte,LIV1,
CMD22166,CL0754,P013,2024-05-11,1,2666.46,livre,kech,Carte,LIV10,
CMD32127,CL0177,P042,2023-03-07,1,1165.68,en_cours,casa,Carte,LIV10,
CMD20717,CL0715,P082,Jan 31 2023,3,2195.75,OK,RBA,Carte,LIV3,
CMD18266,CL0352,P019,May 01 2023,1,3096.32,en_cours,marrakech,Carte,LIV5,
CMD17955,CL0717,P098,2023-05-02,5,3443.46,livré,CASABLANCA,Carte,LIV10,2023-05-03
CMD19372,CL0214,P032,2024-02-13,4,217.3,OK,RBA,Carte,LIV10,
CMD05480,CL0923,P057,2023-11-26,5,4389.65,livre,TNG,Carte,LIV9,
CMD11589,CL0932,P065,21/04/2023,5,2118.48,annulé,tanger,Carte,LIV5,
CMD30558,CL0890,P079,05/02/2024,3,2220.38,livré,Tnja,Carte,LIV8,2024-02-10
CMD35296,CL0815,P065,06/04/2024,3,718.14,LIVRE,marrakech,Carte,LIV9,2024-04-07
CMD04059,CL0270,P009,2023-04-07,2,3749.16,retourné,CASABLANCA,Carte,LIV1,2023-04-08
CMD10956,CL0271,P045,2023-01-13,2,526.08,DONE,marrakech,Carte,LIV2,2023-01-14
CMD18976,CL0884,P090,28/02/2023,5,4701.11,LIVRE,CASABLANCA,Carte,LIV1,2023-03-04
CMD05257,CL0663,P085,Mar 21 2024,2,4169.47,OK,TANGER,Carte,LIV4,
CMD41338,CL0655,P090,2024-04-14,3,405.58,DONE,TANGER,Carte,,2024-04-19
CMD10628,CL0167,P032,10/01/2023,1,1450.72,KO,Agadir,Carte,,
CMD11232,CL0727,P074,2024-05-01,2,560.8,LIVRE,Agadir,Carte,LIV6,2024-05-03
CMD06933,CL0509,P008,2023-04-07,1,3766.22,livré,RBA,Carte,LIV7,2023-04-12
CMD21370,CL0655,P002,24/12/2023,1,4699.67,livré,TNG,Carte,,2023-12-28
CMD24779,CL0981,P010,2023-05-22,3,303.94,livré,casa,Carte,LIV4,2023-05-24
CMD48431,CL0356,P081,18/07/2023,2,1995.14,livré,CASABLANCA,Carte,LIV9,2023-07-19
CMD33790,CL0848,P029,24/01/2023,2,3883.64,livré,RBA,Carte,LIV5,2023-01-25
CMD14687,CL0362,P080,Oct 27 2023,1,2219.34,OK,RBA,Carte,LIV6,
CMD10164,CL0319,P059,2023-07-13,4,3679.58,OK,Agadir,Carte,LIV10,
CMD35652,CL0308,P014,30/04/2024,4,4509.66,OK,tanger,Carte,LIV8,
CMD28314,CL0650,P038,30/10/2023,2,1867.65,LIVRE,tanger,Carte,LIV6,2023-11-04
CMD31047,CL0785,P006,Mar 17 2023,4,489.74,livré,TNG,Carte,LIV9,2023-03-19
CMD24231,CL0822,P060,16/11/2023,4,2159.53,annulé,Tnja,Carte,LIV6,
CMD24911,CL0330,P067,Jan 03 2024,5,3846.73,livré,CASABLANCA,Carte,LIV9,2024-01-06
CMD29216,CL0956,P058,Nov 04 2023,4,4891.91,DONE,TNG,Carte,LIV9,2023-11-09
CMD08797,CL0905,P046,2023-03-11,3,3756.12,livré,Tnja,Carte,LIV8,2023-03-14
CMD18528,CL0118,P008,03/04/2023,-1,1201.1,retourné,TANGER,Carte,LIV10,2023-04-05
CMD45749,CL0370,P080,2024-03-22,3,4605.45,livré,Agadir,Carte,LIV9,2024-03-25
CMD10264,CL0027,P090,06/08/2023,3,1111.07,livre,Tnja,Carte,,
CMD34799,CL0405,P003,2023-06-05,5,3387.72,livré,TNG,Carte,LIV8,2023-06-07
CMD42392,CL0220,P027,2023-11-11,4,1850.93,KO,CASABLANCA,Carte,LIV1,
CMD04227,CL0504,P034,2023-06-06,2,4841.34,livré,RBA,Carte,LIV9,2023-06-08
CMD42735,CL0994,P020,2023-05-07,5,2989.52,LIVRE,marrakech,Carte,,2023-05-10
CMD23950,CL0970,P053,08/09/2023,2,4736.22,en_cours,TANGER,Carte,LIV10,
CMD12239,CL0837,P053,Feb 02 2023,4,463.88,OK,TNG,Carte,LIV2,
CMD25608,CL0963,P087,Nov 16 2023,2,2940.59,annulé,Agadir,Carte,LIV6,
CMD32664,CL0087,P057,26/10/2023,4,2482.77,DONE,RBA,Carte,LIV9,2023-10-31
CMD32165,CL0970,P090,Jun 25 2023,3,3293.24,en_cours,marrakech,Carte,LIV8,
CMD10756,CL0575,P034,2023-03-19,3,1987.03,livré,casa,Carte,LIV7,2023-03-24
CMD18258,CL0485,P039,Jul 03 2023,3,4797.01,livre,CASABLANCA,Carte,LIV9,
CMD43164,CL0162,P053,2023-08-31,4,2909.45,DONE,Agadir,Carte,LIV2,2023-09-03
CMD42937,CL0484,P016,Apr 11 2024,3,3462.75,livré,TANGER,Carte,LIV6,2024-04-12
CMD18987,CL0620,P022,07/05/2023,2,1312.61,DONE,tanger,Carte,LIV7,2023-05-10
CMD26864,CL0504,P049,26/11/2023,1,264.97,KO,CASABLANCA,Carte,LIV5,
CMD00869,CL0311,P036,2023-11-06,2,1399.75,livré,TANGER,Carte,LIV7,2023-11-09
CMD34763,CL0257,P050,2024-04-19,1,2717.86,livré,TANGER,Carte,LIV1,2024-04-20
CMD40661,CL0126,P019,Feb 19 2024,1,3176.35,OK,marrakech,Carte,LIV7,
CMD05798,CL0742,P016,Dec 10 2023,3,4298.86,LIVRE,casa,Carte,LIV9,2023-12-14
CMD13553,CL0300,P072,May 01 2023,1,2891.06,livré,tanger,Carte,LIV1,2023-05-04
CMD31983,CL0001,P075,Feb 13 2023,3,900.24,retourné,marrakech,Carte,LIV3,2023-02-18
CMD42582,CL0419,P044,04/04/2024,5,4024.85,DONE,TNG,Carte,LIV1,2024-04-07
CMD06726,CL0058,P080,Jul 22 2023,2,102.48,KO,TNG,Carte,,
CMD46230,CL0645,P002,Mar 04 2023,4,2921.04,retourné,Tnja,Carte,LIV10,2023-03-08
CMD34214,CL0088,P065,Feb 24 2024,3,1170.8,livré,casa,Carte,LIV2,2024-02-25
CMD35741,CL0358,P095,Sep 01 2023,2,4412.05,livré,kech,Carte,LIV10,2023-09-06
CMD24004,CL0584,P040,Aug 02 2023,2,981.65,LIVRE,Agadir,Carte,,2023-08-03
CMD06925,CL0264,P010,Feb 15 2024,2,1652.89,OK,Agadir,Carte,LIV7,
CMD37429,CL0858,P033,19/08/2023,4,2083.26,livré,Agadir,Carte,LIV5,2023-08-22
CMD21297,CL0058,P057,2023-12-07,3,4823.11,livre,CASABLANCA,Carte,LIV10,
CMD41750,CL0911,P037,29/07/2023,2,698.04,retourné,TANGER,Carte,LIV4,2023-08-01
CMD13631,CL0432,P059,2024-03-08,1,2527.89,livré,Tnja,Carte,LIV5,2024-03-10
CMD28175,CL0810,P044,Feb 16 2024,5,573.12,en_cours,RBA,Carte,LIV9,
CMD04403,CL0502,P083,May 06 2023,1,3060.54,KO,casa,Carte,LIV4,
CMD01529,CL0351,P019,Jan 14 2024,3,2532.02,LIVRE,kech,Carte,LIV1,2024-01-18
CMD38865,CL0258,P041,Jul 02 2023,4,1877.76,KO,TNG,Carte,LIV5,
CMD08819,CL0727,P079,24/08/2023,3,690.95,livre,casa,Carte,LIV6,
CMD11417,CL0064,P044,Apr 23 2024,4,3552.35,DONE,marrakech,Carte,LIV7,2024-04-24
CMD14400,CL0712,P045,Aug 12 2023,1,3236.82,livré,kech,Carte,LIV10,2023-08-15
CMD46174,CL0741,P037,01/09/2023,3,3805.74,livré,RBA,Carte,LIV6,2023-09-05
CMD35172,CL0712,P063,2023-09-13,1,535.29,annulé,marrakech,Carte,LIV7,
CMD06099,CL0575,P050,2023-02-23,3,712.08,LIVRE,CASABLANCA,Carte,LIV10,2023-02-24
CMD31330,CL0789,P021,Feb 26 2023,3,2073.64,en_cours,tanger,Carte,LIV9,
CMD40901,CL0580,P069,2023-01-03,5,438.86,retourné,Agadir,Carte,LIV1,2023-01-04
CMD35432,CL0448,P081,25/07/2023,4,2429.22,livré,CASABLANCA,Carte,LIV9,2023-07-26
CMD39905,CL0717,P041,Oct 23 2023,1,529.24,en_cours,kech,Carte,LIV6,
CMD42529,CL0196,P081,Aug 23 2023,5,1453.91,LIVRE,marrakech,Carte,LIV6,2023-08-25
CMD16094,CL0821,P059,Mar 24 2024,5,656.6,DONE,TNG,Carte,LIV1,2024-03-29
CMD36053,CL0426,P079,2023-12-05,4,4112.94,en_cours,marrakech,Carte,LIV4,
CMD13674,CL0549,P076,2023-12-31,4,1470.99,OK,Agadir,Carte,LIV7,
CMD02778,CL0797,P020,Apr 06 2024,3,181.38,DONE,casa,Carte,LIV2,2024-04-07
CMD28364,CL0934,P063,18/12/2023,4,1463.19,livré,RBA,Carte,LIV2,2023-12-19
CMD26504,CL0637,P009,Jan 29 2024,5,888.41,OK,RBA,Carte,LIV1,
CMD30892,CL0445,P045,2024-03-11,4,1572.54,livré,casa,Carte,LIV1,2024-03-14
CMD40985,CL0182,P077,08/04/2023,5,477.44,KO,kech,Carte,LIV3,
CMD38557,CL0875,P025,Dec 25 2023,5,1980.11,LIVRE,marrakech,Carte,LIV8,2023-12-27
CMD46025,CL0360,P018,04/03/2023,3,1989.32,DONE,casa,Carte,LIV5,2023-03-06
CMD03778,CL0898,P032,2023-04-10,2,4009.04,en_cours,TANGER,Carte,LIV4,
CMD21835,CL0380,P018,Feb 24 2023,2,1757.65,LIVRE,CASABLANCA,Carte,LIV9,2023-02-26
CMD43575,CL0250,P077,2023-10-27,1,3469.87,annulé,TANGER,Carte,LIV4,
CMD13054,CL0200,P006,21/01/2023,5,3812.56,livre,kech,Carte,LIV4,
CMD44733,CL0365,P044,14/03/2023,5,288.5,LIVRE,TNG,Carte,LIV3,2023-03-19
CMD46696,CL0733,P024,26/08/2023,4,1291.79,KO,kech,Carte,LIV8,
CMD26003,CL0499,P028,2023-02-02,5,1958.93,KO,Tnja,Carte,LIV10,
CMD35827,CL0756,P094,Aug 19 2023,2,4581.92,LIVRE,Agadir,Carte,LIV10,2023-08-20
CMD02455,CL0707,P070,08/01/2024,5,1998.9,livré,tanger,Carte,LIV7,2024-01-13
CMD09277,CL0503,P025,12/07/2023,4,2876.6,OK,marrakech,Carte,LIV8,
CMD03060,CL0782,P015,Apr 30 2024,2,3154.58,en_cours,Tnja,Carte,LIV7,
CMD46500,CL0389,P073,2023-04-04,5,92.23,OK,tanger,Carte,LIV4,
CMD11024,CL0954,P027,2023-03-11,4,1084.64,OK,RBA,Carte,LIV6,
CMD34867,CL0231,P023,Jul 11 2023,4,794.15,annulé,Agadir,Carte,LIV4,
CMD37699,CL0547,P009,2023-07-08,1,4974.31,livré,CASABLANCA,Carte,LIV9,2023-07-11
CMD26851,CL0835,P078,Sep 20 2023,4,1231.35,livré,Tnja,Carte,LIV10,2023-09-25
CMD12674,CL0076,P064,2024-02-11,5,4429.49,annulé,kech,Carte,LIV4,
CMD39416,CL0238,P073,Dec 15 2023,4,4675.34,livré,Agadir,Carte,LIV5,2023-12-17
CMD45672,CL0243,P055,May 09 2024,3,1948.53,LIVRE,marrakech,Carte,LIV5,2024-05-12
CMD30866,CL0498,P097,30/08/2023,1,894.64,livré,TANGER,Carte,LIV10,2023-08-31
CMD30443,CL0116,P095,Nov 30 2023,1,4177.51,livre,CASABLANCA,Carte,LIV1,
CMD03133,CL0681,P004,10/05/2023,5,0,retourné,Tnja,Carte,LIV9,2023-05-13
CMD12316,CL0852,P085,Jan 31 2024,5,2280.31,LIVRE,marrakech,Carte,LIV7,2024-02-03
CMD08108,CL0320,P022,May 07 2023,2,0,livré,TNG,Carte,LIV5,2023-05-08
CMD07938,CL0707,P071,2024-03-14,3,4344.77,livré,kech,Carte,LIV3,2024-03-18
CMD17315,CL0726,P094,26/05/2023,5,2420.64,livré,kech,Carte,LIV4,2023-05-27
CMD04251,CL0519,P056,Mar 12 2024,4,820.05,DONE,tanger,Carte,LIV8,2024-03-13
CMD27521,CL0526,P064,2023-01-22,4,4817.06,livré,RBA,Carte,LIV4,2023-01-24
CMD14250,CL0491,P025,Mar 14 2023,4,4910.33,en_cours,marrakech,Carte,LIV3,
CMD40672,CL0393,P071,2023-06-08,1,1078.97,annulé,TNG,Carte,LIV5,
CMD29691,CL0417,P003,2023-11-04,4,1218.32,livre,tanger,Carte,LIV10,
CMD26139,CL0671,P066,07/07/2023,5,171.73,annulé,TANGER,Carte,LIV4,
CMD40883,CL0191,P043,Apr 15 2024,4,1491.53,OK,Tnja,Carte,LIV7,
CMD14061,CL0578,P073,Jul 13 2023,3,1518.59,DONE,RBA,Carte,LIV1,2023-07-15
CMD36473,CL0300,P072,15/06/2023,4,1258.88,en_cours,casa,Carte,LIV2,
CMD01032,CL0898,P090,09/06/2023,3,2882.74,livre,TNG,Carte,LIV1,
CMD03829,CL0586,P053,2024-04-18,4,4246.88,livre,TANGER,Carte,LIV3,
CMD12729,CL0959,P076,Apr 05 2023,2,3265.22,KO,CASABLANCA,Carte,LIV1,
CMD43542,CL0451,P036,2023-10-11,-1,4812.11,livré,tanger,Carte,LIV5,2023-10-12
CMD30228,CL0552,P021,Nov 12 2023,1,4009.94,DONE,marrakech,Carte,LIV10,2023-11-15
CMD47720,CL0983,P079,04/02/2024,2,3962.43,retourné,Agadir,Carte,LIV4,2024-02-08
CMD12367,CL0248,P038,2023-04-08,4,2964.96,OK,CASABLANCA,Carte,LIV2,
CMD05468,CL0527,P021,2023-02-19,1,1141.3,livré,tanger,Carte,LIV1,2023-02-24
CMD48074,CL0323,P055,03/09/2023,3,1496.61,livré,casa,Carte,LIV10,2023-09-06
CMD32862,CL0643,P036,14/05/2024,5,1029.62,livré,TANGER,Carte,LIV9,2024-05-19
CMD05757,CL0873,P068,2023-08-29,3,3160.52,livré,TNG,Carte,LIV10,2023-08-31
CMD33220,CL0604,P025,2023-10-01,3,124.51,livré,Agadir,Carte,LIV8,2023-10-05
CMD05693,CL0635,P082,2023-03-18,3,3203.72,livré,Agadir,Carte,LIV8,2023-03-23
CMD26613,CL0492,P098,Jun 29 2023,2,1466.33,en_cours,Agadir,Carte,LIV1,
CMD33599,CL0573,P012,12/01/2023,5,1928.39,annulé,RBA,Carte,LIV4,
CMD25304,CL0423,P057,Apr 06 2024,5,1417.23,DONE,tanger,Carte,LIV6,2024-04-09
CMD43352,CL0125,P057,13/09/2023,5,1489.29,livré,kech,Carte,LIV6,2023-09-18
CMD11344,CL0658,P073,Nov 11 2023,5,4074.7,OK,TANGER,Carte,LIV1,
CMD38343,CL0317,P098,2023-02-09,4,2656.34,DONE,casa,Carte,LIV2,2023-02-10
CMD12349,CL0550,P004,2024-04-10,1,1696.63,en_cours,kech,Carte,,
CMD01711,CL0180,P072,15/02/2023,2,515.04,en_cours,CASABLANCA,Carte,LIV7,
CMD12371,CL0956,P095,2024-03-23,4,3696.14,DONE,TANGER,Carte,,2024-03-24
CMD07118,CL0432,P002,Feb 08 2024,2,2742.3,LIVRE,RBA,Carte,LIV5,2024-02-10
CMD21455,CL0884,P023,28/11/2023,1,4979.58,en_cours,TNG,Carte,LIV3,
CMD47464,CL0205,P060,Sep 24 2023,2,3706.84,livre,TANGER,Carte,LIV2,
CMD15274,CL0788,P088,09/06/2023,5,4149.68,livre,RBA,Carte,LIV2,
CMD30188,CL0371,P089,2023-04-01,3,1726.86,DONE,Tnja,Carte,LIV3,2023-04-06
CMD03730,CL0329,P027,06/08/2023,5,4143.3,livré,RBA,Carte,LIV1,2023-08-09
CMD19575,CL0702,P042,Oct 29 2023,2,1734.47,retourné,casa,Carte,LIV3,2023-11-03
CMD41279,CL0106,P027,Dec 10 2023,3,3710.3,KO,casa,Carte,LIV2,
CMD07321,CL0139,P032,2023-05-23,2,737.86,OK,TANGER,Carte,LIV6,
CMD32265,CL0668,P072,2023-08-24,3,1211.21,livré,TANGER,Carte,LIV1,2023-08-26
CMD24602,CL0204,P091,11/01/2023,5,2809.61,KO,TANGER,Carte,LIV9,
CMD07484,CL0521,P071,2024-05-12,2,2980.43,en_cours,kech,Carte,LIV10,
CMD00630,CL0293,P028,11/12/2023,2,1696.86,livre,kech,Carte,LIV7,
CMD33802,CL0726,P075,Oct 12 2023,5,3564.41,livré,marrakech,Carte,LIV10,2023-10-14
CMD09791,CL0239,P001,25/01/2023,1,2732.74,livré,RBA,Carte,LIV5,2023-01-30
CMD12554,CL0016,P039,Sep 04 2023,1,1687.77,KO,Agadir,Carte,LIV3,
CMD26174,CL0657,P092,2023-09-01,1,956.8,livré,casa,Carte,LIV6,2023-09-06
CMD10211,CL0435,P040,2024-02-17,2,611.24,LIVRE,Tnja,Carte,LIV5,2024-02-19
CMD41332,CL0050,P093,06/08/2023,2,4309.81,retourné,TNG,Carte,LIV2,2023-08-08
CMD31170,CL0458,P077,2023-08-06,-1,550.3,OK,tanger,Carte,LIV2,
CMD28664,CL0336,P087,12/02/2024,4,4377.6,retourné,kech,Carte,LIV2,2024-02-13
CMD40600,CL0952,P056,Apr 21 2024,4,3538.04,DONE,kech,Carte,LIV7,2024-04-23
CMD19572,CL0420,P087,10/09/2023,4,1713.21,livre,tanger,Carte,LIV4,
CMD19027,CL0800,P024,Feb 19 2024,3,1707.55,livré,Tnja,Carte,LIV5,2024-02-22
CMD04233,CL0385,P006,2023-09-19,1,2661.35,annulé,tanger,Carte,LIV1,
CMD17587,CL0175,P099,Aug 30 2023,4,3859.04,DONE,CASABLANCA,Carte,LIV5,2023-09-02
CMD38652,CL0815,P001,2024-04-28,3,4824.4,retourné,kech,Carte,LIV8,2024-05-03
CMD33442,CL0977,P083,2024-02-27,2,1319.65,livre,TNG,Carte,LIV1,
CMD41188,CL0168,P002,2023-09-27,2,2840.7,annulé,CASABLANCA,Carte,LIV9,
CMD08464,CL0229,P090,2023-10-22,1,187.58,KO,kech,Carte,LIV8,
CMD04221,CL0007,P046,02/04/2024,1,266.45,annulé,tanger,Carte,LIV8,
CMD13365,CL0680,P009,2024-03-14,2,3824.57,DONE,TNG,Carte,LIV7,2024-03-18
CMD03902,CL0184,P047,Feb 27 2024,5,853.54,annulé,TNG,Carte,LIV5,
CMD20955,CL0783,P022,Apr 29 2023,4,638.16,livré,TNG,Carte,LIV5,2023-04-30
CMD17409,CL0789,P018,Jul 01 2023,5,4283.08,livre,tanger,Carte,LIV8,
CMD04338,CL0774,P012,2023-11-07,3,4926.5,DONE,tanger,Carte,LIV8,2023-11-10
CMD06390,CL0112,P030,May 12 2024,4,872.94,livré,TANGER,Carte,LIV10,2024-05-13
CMD42173,CL0312,P035,Jan 09 2023,2,2187.67,livré,TANGER,Carte,LIV2,2023-01-13
CMD09344,CL0692,P060,2024-01-13,2,3459.91,DONE,CASABLANCA,Carte,LIV4,2024-01-14
CMD29226,CL0239,P011,Apr 26 2024,3,2925.03,livré,casa,Carte,LIV9,2024-04-27
CMD37899,CL0433,P071,25/06/2023,2,3232.5,livré,marrakech,Carte,LIV3,2023-06-28
CMD29151,CL0240,P062,14/03/2024,5,3095.54,KO,CASABLANCA,Carte,LIV5,
CMD48485,CL0230,P094,29/08/2023,1,635.99,annulé,TANGER,Carte,LIV4,
CMD30139,CL0160,P095,20/04/2023,5,2841.67,livré,TNG,Carte,,2023-04-22
CMD32217,CL0663,P091,Apr 14 2024,3,3520.87,livré,marrakech,Carte,LIV4,2024-04-16
CMD11943,CL0554,P047,Mar 01 2023,1,1429.54,annulé,casa,Carte,LIV3,
CMD43597,CL0844,P057,14/02/2024,3,1600.32,LIVRE,Agadir,Carte,LIV5,2024-02-18
CMD17992,CL0974,P093,09/11/2023,1,4715.81,livré,CASABLANCA,Carte,LIV3,2023-11-13
CMD14444,CL0819,P099,26/07/2023,3,3057.38,annulé,Tnja,Carte,LIV3,
CMD18744,CL0092,P042,31/12/2023,3,3588.67,DONE,RBA,Carte,LIV9,2024-01-02
CMD34687,CL0265,P072,Feb 21 2023,4,226.89,retourné,Tnja,Carte,LIV3,2023-02-26
CMD24961,CL0401,P087,19/07/2023,2,1966.42,LIVRE,marrakech,Carte,LIV3,2023-07-20
CMD08248,CL0906,P055,2023-09-03,2,0,livré,tanger,Carte,LIV2,2023-09-06
CMD34406,CL0940,P012,May 03 2024,1,1446.91,retourné,Tnja,Carte,LIV7,2024-05-08
CMD44021,CL0111,P099,2023-06-16,4,502.45,OK,casa,Carte,LIV1,
CMD42987,CL0629,P018,Nov 26 2023,2,2677.1,LIVRE,RBA,Carte,LIV1,2023-11-28
CMD30204,CL0488,P048,2023-02-20,1,664.04,annulé,casa,Carte,,
CMD20715,CL0470,P048,25/07/2023,3,4579.52,retourné,kech,Carte,LIV2,2023-07-27
CMD43225,CL0827,P091,25/03/2023,5,4229.56,DONE,RBA,Carte,LIV5,2023-03-28
CMD39272,CL0493,P036,Dec 27 2023,1,3763.98,livré,Agadir,Carte,LIV1,2023-12-31
CMD16662,CL0267,P047,Nov 10 2023,5,4615.91,KO,tanger,Carte,LIV4,
CMD44222,CL0363,P057,2023-06-06,5,777.98,livré,TNG,Carte,LIV10,2023-06-07
CMD00744,CL0163,P019,2024-03-07,2,4061.63,LIVRE,RBA,Carte,LIV4,2024-03-11
CMD13624,CL0282,P070,24/01/2024,2,2290.7,OK,kech,Carte,LIV8,
CMD24057,CL0973,P033,Nov 30 2023,3,158.14,livre,TNG,Carte,LIV1,
CMD08356,CL0160,P021,2023-09-02,4,4796.6,en_cours,kech,Carte,LIV1,
CMD16319,CL0665,P066,Oct 07 2023,2,383.52,annulé,Tnja,Carte,LIV8,
CMD04357,CL0961,P013,Dec 29 2023,5,4385.84,livré,kech,Carte,LIV2,2024-01-01
CMD23631,CL0205,P004,2023-05-31,4,4569.1,livre,Agadir,Carte,LIV5,
CMD42805,CL0884,P038,27/03/2024,2,1801.35,LIVRE,Agadir,Carte,LIV10,2024-04-01
CMD31468,CL0516,P036,Aug 02 2023,4,2160.89,KO,casa,Carte,LIV3,
CMD42936,CL0689,P037,Dec 26 2023,1,4811.58,DONE,Tnja,Carte,LIV10,2023-12-28
CMD30856,CL0932,P098,20/10/2023,4,404.09,livré,CASABLANCA,Carte,LIV2,2023-10-23
CMD06405,CL0812,P053,Apr 10 2023,3,573.26,annulé,casa,Carte,LIV2,
CMD24399,CL0164,P015,May 06 2023,2,2769.48,livré,casa,Carte,LIV5,2023-05-08
CMD27499,CL0354,P008,17/02/2024,1,362.0,retourné,Agadir,Carte,LIV7,2024-02-18
CMD05962,CL0723,P031,2024-04-08,1,2657.72,KO,CASABLANCA,Carte,LIV1,
CMD04166,CL0749,P032,04/04/2023,4,261.02,OK,RBA,Carte,LIV9,
CMD17816,CL0292,P031,25/04/2024,4,643.93,KO,TANGER,Carte,LIV6,
CMD26287,CL0546,P025,May 19 2023,4,4795.63,retourné,marrakech,Carte,LIV4,2023-05-20
CMD08984,CL0166,P064,02/10/2023,2,2219.23,KO,CASABLANCA,Carte,LIV6,
CMD25368,CL0244,P041,2024-04-13,2,686.35,livré,kech,Carte,LIV2,2024-04-16
CMD40499,CL0309,P018,15/05/2023,1,441.42,livré,RBA,Carte,,2023-05-19
CMD42308,CL0225,P036,Nov 28 2023,4,4440.91,livre,casa,Carte,LIV8,
CMD27939,CL0180,P059,2023-01-04,5,841.37,KO,kech,Carte,LIV6,
CMD36065,CL0950,P006,2023-01-19,4,3096.19,livre,RBA,Carte,LIV1,
CMD38676,CL0914,P041,2023-05-16,5,2644.03,livré,RBA,Carte,LIV2,2023-05-20
CMD35955,CL0889,P084,Oct 14 2023,2,2740.27,retourné,CASABLANCA,Carte,LIV1,2023-10-19
CMD40570,CL0891,P084,16/02/2024,2,3530.88,DONE,RBA,Carte,LIV8,2024-02-21
CMD18237,CL0077,P085,26/04/2024,2,2007.55,LIVRE,TANGER,Carte,LIV7,2024-04-27
CMD03825,CL0111,P038,23/02/2024,5,1786.23,en_cours,TANGER,Carte,LIV4,
CMD29021,CL0940,P029,2024-03-07,5,2369.86,livré,tanger,Carte,LIV6,2024-03-08
CMD46815,CL0156,P077,08/03/2023,3,2446.97,annulé,kech,Carte,LIV8,
CMD04883,CL0038,P029,Jun 14 2023,1,0,livré,TANGER,Carte,LIV7,2023-06-16
CMD21905,CL0249,P009,Feb 07 2023,1,4013.45,LIVRE,RBA,Carte,LIV4,2023-02-09
CMD43020,CL0075,P015,2023-03-11,2,3795.98,KO,Agadir,Carte,LIV5,
CMD27965,CL0303,P003,20/03/2023,4,135.64,livré,TANGER,Carte,LIV6,2023-03-25
CMD28067,CL0776,P087,2023-11-16,5,648.5,livre,RBA,Carte,LIV5,
CMD00871,CL0084,P016,Feb 04 2023,1,4480.43,livré,RBA,Carte,LIV5,2023-02-05
CMD28461,CL0767,P022,2023-06-12,4,274.13,KO,casa,Carte,LIV2,
CMD29427,CL0267,P064,2024-04-04,2,430.1,en_cours,marrakech,Carte,LIV2,
CMD02510,CL0299,P058,Mar 29 2023,1,4986.7,livré,casa,Carte,LIV3,2023-04-01
CMD21419,CL0868,P044,May 02 2024,5,537.87,LIVRE,kech,Carte,,2024-05-05
CMD22471,CL0268,P067,Feb 18 2024,4,709.66,livré,marrakech,Carte,LIV8,2024-02-20
CMD02354,CL0837,P034,2023-11-15,4,3095.45,livre,Tnja,Carte,LIV3,
CMD16489,CL0046,P034,Nov 29 2023,2,2897.03,KO,Tnja,Carte,LIV3,
CMD39332,CL0249,P023,08/02/2024,3,3965.53,LIVRE,tanger,Carte,LIV8,2024-02-11
CMD20454,CL0534,P063,Dec 30 2023,4,3686.53,livré,tanger,Carte,LIV1,2024-01-03
CMD31298,CL0240,P022,2023-08-24,4,4360.09,livré,casa,Carte,LIV3,2023-08-27
CMD42295,CL0253,P010,17/01/2024,1,286.04,LIVRE,TANGER,Carte,LIV4,2024-01-20
CMD34177,CL0350,P065,2023-02-03,1,3950.09,LIVRE,Agadir,Carte,LIV4,2023-02-05
CMD12346,CL0820,P090,2023-01-05,5,0,LIVRE,TNG,Carte,LIV3,2023-01-09
CMD40693,CL0270,P087,Feb 13 2023,1,4553.37,annulé,RBA,Carte,LIV6,
CMD19049,CL0971,P039,Jul 19 2023,2,4437.89,annulé,TANGER,Carte,LIV9,
CMD37380,CL0362,P022,2023-09-27,1,134.84,livré,TANGER,Carte,LIV1,2023-09-28
CMD38442,CL0980,P027,Dec 28 2023,5,2013.96,OK,RBA,Carte,LIV3,
CMD15666,CL0292,P055,2023-07-13,2,3923.93,livré,casa,Carte,LIV10,2023-07-16
CMD46338,CL0370,P072,2023-05-29,3,3481.63,DONE,casa,Carte,LIV1,2023-06-02
CMD35359,CL0018,P004,15/06/2023,5,1167.43,OK,marrakech,Carte,LIV6,
CMD17359,CL0770,P019,10/09/2023,3,4219.51,livré,Agadir,Carte,LIV3,2023-09-11
CMD39978,CL0568,P030,2023-12-10,3,1615.62,LIVRE,RBA,Carte,LIV3,2023-12-11
CMD00074,CL0735,P060,Mar 02 2023,5,2714.71,livré,Agadir,Carte,LIV2,2023-03-05
CMD04519,CL0837,P017,Jan 11 2023,2,4762.13,OK,casa,Carte,LIV7,
CMD08739,CL0936,P097,2023-08-25,2,1929.28,annulé,Tnja,Carte,,
CMD16285,CL0591,P076,Jan 28 2023,3,2197.02,livre,TANGER,Carte,LIV8,
CMD18554,CL0215,P056,Dec 16 2023,3,4993.21,livré,RBA,Carte,LIV7,2023-12-19
CMD08322,CL0568,P069,Jun 23 2023,5,3647.28,DONE,marrakech,Carte,LIV4,2023-06-24
CMD19339,CL0823,P069,2024-03-21,1,3030.47,KO,TANGER,Carte,LIV2,
CMD02337,CL0437,P003,Sep 15 2023,3,2776.62,livré,CASABLANCA,Carte,LIV10,2023-09-17
CMD34575,CL0862,P068,Nov 06 2023,2,3967.49,livré,CASABLANCA,Carte,LIV5,2023-11-07
CMD20197,CL0427,P070,Jun 17 2023,1,1155.08,retourné,TNG,Carte,LIV9,2023-06-22
CMD19907,CL0127,P059,2023-01-12,5,3447.8,livré,RBA,Carte,LIV7,2023-01-17
CMD10244,CL0442,P020,2024-03-28,4,2301.3,DONE,TANGER,Carte,LIV5,2024-03-31
CMD34041,CL0829,P054,02/02/2023,4,885.15,annulé,TANGER,Carte,LIV9,
CMD08452,CL0726,P024,17/05/2023,3,3882.42,DONE,Agadir,Carte,LIV3,2023-05-20
CMD01294,CL0213,P020,2024-03-27,3,3545.73,OK,tanger,Carte,LIV5,
CMD13279,CL0611,P088,Apr 09 2023,3,442.62,retourné,tanger,Carte,LIV10,2023-04-10
CMD46537,CL0464,P077,2023-11-06,4,1266.82,retourné,Tnja,Carte,LIV6,2023-11-07
CMD14562,CL0792,P052,06/05/2023,3,1326.53,livre,tanger,Carte,LIV6,
CMD12738,CL0718,P012,08/12/2023,1,849.63,livré,RBA,Carte,,2023-12-10
CMD07047,CL0913,P086,2023-05-30,1,122.87,livré,kech,Carte,LIV8,2023-06-02
CMD23704,CL0083,P008,2024-03-20,5,4295.32,OK,RBA,Carte,LIV6,
CMD25343,CL0551,P086,Jun 21 2023,3,2401.52,annulé,TNG,Carte,LIV7,
CMD10795,CL0964,P069,2023-07-26,5,1763.35,en_cours,Tnja,Carte,LIV5,
CMD19986,CL0217,P055,Mar 22 2023,1,3314.29,annulé,tanger,Carte,LIV7,
CMD18342,CL0223,P040,Mar 27 2023,3,498.46,annulé,Tnja,Carte,LIV4,
CMD37557,CL0049,P075,2023-02-23,2,274.3,livré,RBA,Carte,LIV3,2023-02-24
CMD21247,CL0255,P034,2023-06-13,2,1570.98,retourné,marrakech,Carte,,2023-06-16
CMD28389,CL0972,P086,2023-08-01,5,4850.31,en_cours,Tnja,Carte,LIV2,
CMD08808,CL0360,P019,2023-01-14,1,2736.44,en_cours,tanger,Carte,LIV6,
CMD23128,CL0175,P035,Jan 08 2023,4,528.94,LIVRE,tanger,Carte,LIV1,2023-01-13
CMD16764,CL0845,P027,28/03/2023,3,3079.99,livré,TANGER,Carte,LIV8,2023-03-31
CMD04724,CL0246,P097,26/11/2023,5,1396.67,LIVRE,Agadir,Carte,LIV9,2023-11-28
CMD08753,CL0522,P098,May 18 2023,1,2376.02,livré,TNG,Carte,LIV5,2023-05-19
CMD04194,CL0105,P011,19/09/2023,2,4521.04,livre,Agadir,Carte,LIV2,
CMD08472,CL0313,P010,Jul 03 2023,4,327.78,annulé,casa,Carte,LIV10,
CMD22007,CL0890,P025,Apr 10 2023,1,350.3,DONE,tanger,Carte,LIV6,2023-04-13
CMD36021,CL0159,P019,2023-01-28,5,148.3,livre,TANGER,Carte,LIV8,
CMD10139,CL0419,P053,2023-09-26,5,135.15,livre,tanger,Carte,LIV5,
CMD01577,CL0789,P080,2023-05-01,2,4519.52,en_cours,marrakech,Carte,LIV6,
CMD32995,CL0945,P053,26/01/2024,2,3584.75,LIVRE,marrakech,Carte,LIV10,2024-01-31
CMD11678,CL0220,P004,2023-04-26,1,1958.09,OK,kech,Carte,LIV3,
CMD12219,CL0891,P059,Feb 25 2023,3,910.2,en_cours,Agadir,Carte,LIV5,
CMD41186,CL0946,P068,Jun 17 2023,2,3036.18,livré,kech,Carte,LIV10,2023-06-21
CMD24620,CL0040,P087,2023-03-06,1,1291.29,KO,TNG,Carte,LIV4,
CMD09022,CL0337,P090,23/11/2023,2,0,retourné,Agadir,Carte,LIV9,2023-11-25
CMD10063,CL0280,P042,2024-05-13,4,1601.93,annulé,CASABLANCA,Carte,,
CMD36922,CL0956,P012,2023-07-01,3,3451.73,livré,TNG,Carte,LIV1,2023-07-04
CMD15006,CL0856,P095,2023-03-23,5,2507.26,livré,Tnja,Carte,LIV7,2023-03-24
CMD34760,CL0393,P082,May 13 2023,2,3286.62,LIVRE,Tnja,Carte,LIV3,2023-05-17
CMD15015,CL0143,P065,21/11/2023,3,133.07,retourné,TANGER,Carte,LIV1,2023-11-24
CMD06298,CL0869,P027,Mar 13 2024,1,901.88,annulé,TNG,Carte,LIV1,
CMD39094,CL0244,P048,31/12/2023,2,683.88,retourné,RBA,Carte,LIV10,2024-01-04
CMD23590,CL0531,P090,10/09/2023,3,981.07,LIVRE,TANGER,Carte,LIV7,2023-09-13
CMD10544,CL0617,P084,Feb 09 2024,4,4083.41,LIVRE,Tnja,Carte,LIV6,2024-02-13
CMD14972,CL0185,P005,Oct 23 2023,5,1330.51,OK,CASABLANCA,Carte,LIV8,
CMD39007,CL0682,P063,07/09/2023,3,4118.11,LIVRE,RBA,Carte,LIV2,2023-09-10
CMD23167,CL0061,P052,Mar 23 2024,3,1127.43,livré,Agadir,Carte,LIV9,2024-03-27
CMD19537,CL0585,P016,2023-11-12,2,985.88,livre,kech,Carte,LIV4,
CMD41378,CL0546,P025,Jul 14 2023,1,1798.0,retourné,Agadir,Carte,LIV4,2023-07-19
CMD29659,CL0279,P067,2023-11-10,1,3720.43,DONE,TANGER,Carte,LIV5,2023-11-15
CMD33985,CL0340,P082,03/03/2024,3,4817.37,OK,TNG,Carte,LIV4,
CMD36293,CL0817,P044,2023-08-06,3,4834.87,OK,CASABLANCA,Carte,LIV1,
CMD05582,CL0410,P006,Dec 22 2023,3,3338.27,annulé,Tnja,Carte,LIV1,
CMD19409,CL0270,P027,May 16 2023,3,342.03,DONE,TNG,Carte,LIV1,2023-05-21
CMD11462,CL0567,P003,Apr 09 2023,4,4978.97,livre,TANGER,Carte,LIV2,
CMD15405,CL0120,P095,2023-03-15,2,2209.16,DONE,Tnja,Carte,LIV4,2023-03-17
CMD37190,CL0823,P066,13/11/2023,4,939.44,en_cours,Agadir,Carte,,
CMD38481,CL0723,P006,Dec 12 2023,4,337.05,livré,tanger,Carte,LIV2,2023-12-15
CMD07477,CL0955,P047,17/01/2023,4,3610.15,livré,CASABLANCA,Carte,LIV3,2023-01-20
CMD39357,CL0164,P023,Aug 28 2023,2,4197.18,retourné,Agadir,Carte,LIV1,2023-08-29
CMD25128,CL0919,P091,Dec 19 2023,2,4550.43,OK,Agadir,Carte,LIV5,
CMD00777,CL0514,P048,Feb 11 2023,5,437.12,OK,casa,Carte,LIV9,
CMD18908,CL0570,P003,Nov 04 2023,4,527.48,annulé,Tnja,Carte,,
CMD15616,CL0272,P094,29/05/2023,4,4448.69,KO,marrakech,Carte,LIV6,
CMD43890,CL0053,P042,31/07/2023,2,800.94,KO,marrakech,Carte,LIV3,
CMD09443,CL0300,P077,2023-10-27,1,3251.4,annulé,marrakech,Carte,LIV6,
CMD11394,CL0276,P089,2023-07-09,3,3768.46,OK,TNG,Carte,LIV1,
CMD45759,CL0796,P066,Feb 09 2023,2,4641.71,en_cours,kech,Carte,,
CMD18263,CL0416,P093,2024-04-29,5,2311.39,en_cours,marrakech,Carte,LIV1,
CMD35483,CL0138,P013,09/07/2023,1,0,annulé,marrakech,Carte,LIV8,
CMD17329,CL0253,P082,03/09/2023,1,439.88,DONE,TNG,Carte,LIV7,2023-09-04
CMD33557,CL0891,P011,2023-04-04,4,3070.84,livré,kech,Carte,LIV4,2023-04-06
CMD10399,CL0791,P049,Apr 01 2024,2,2343.86,retourné,TNG,Carte,LIV7,2024-04-04
CMD21524,CL0625,P072,2023-10-02,4,481.72,livré,TNG,Carte,LIV10,2023-10-05
CMD13823,CL0051,P068,Aug 26 2023,5,1918.9,annulé,Tnja,Carte,LIV8,
CMD28131,CL0782,P067,2024-03-30,3,1888.12,livré,Tnja,Carte,LIV3,2024-03-31
CMD06199,CL0541,P003,21/06/2023,3,1070.13,LIVRE,TNG,Carte,LIV9,2023-06-22
CMD05172,CL0750,P019,Nov 29 2023,5,2513.48,retourné,casa,Carte,LIV8,2023-12-04
CMD16363,CL0313,P066,2023-12-24,1,4796.09,OK,TNG,Carte,LIV9,
CMD38838,CL0633,P082,2023-03-05,2,3867.43,livre,casa,Carte,LIV2,
CMD46333,CL0207,P098,13/07/2023,4,4169.74,en_cours,casa,Carte,LIV8,
CMD02446,CL0869,P024,2024-02-11,2,3053.32,livré,RBA,Carte,LIV4,2024-02-13
CMD08824,CL0763,P056,08/02/2023,2,3956.16,livré,TANGER,Carte,LIV2,2023-02-13
CMD21226,CL0701,P040,Jun 03 2023,5,1349.14,OK,CASABLANCA,Carte,LIV2,
CMD48216,CL0360,P024,06/03/2023,3,0,annulé,Agadir,Carte,LIV6,
CMD27719,CL0874,P071,2024-01-21,4,3084.02,livre,marrakech,Carte,,
CMD22342,CL0465,P078,2023-03-27,2,3830.28,retourné,TANGER,Carte,LIV3,2023-03-29
CMD47779,CL0806,P041,2023-09-24,4,3959.28,KO,Agadir,Carte,LIV5,
CMD05391,CL0303,P051,14/01/2023,2,2998.7,livre,marrakech,Carte,LIV5,
CMD13310,CL0152,P022,07/10/2023,5,3432.6,OK,RBA,Carte,LIV7,
CMD36541,CL0576,P062,11/03/2023,2,1195.94,en_cours,TANGER,Carte,LIV7,
CMD06330,CL0915,P099,Jun 21 2023,4,157.04,livre,marrakech,Carte,LIV2,
CMD38810,CL0826,P029,Mar 18 2023,1,4262.81,livré,marrakech,Carte,LIV7,2023-03-22
CMD26818,CL0381,P080,May 03 2023,4,3971.85,en_cours,tanger,Carte,LIV4,
CMD20647,CL0414,P004,2024-04-10,4,2814.42,livré,TANGER,Carte,LIV8,2024-04-12
CMD34216,CL0947,P039,2023-12-25,3,4850.37,LIVRE,casa,Carte,LIV3,2023-12-27
CMD34255,CL0345,P066,02/11/2023,3,1742.23,retourné,casa,Carte,,2023-11-06
CMD18216,CL0695,P028,Mar 27 2024,5,996.82,en_cours,TNG,Carte,LIV4,
CMD21712,CL0145,P033,2023-03-19,2,3031.21,livré,marrakech,Carte,LIV6,2023-03-23
CMD02167,CL0375,P074,Jan 18 2024,2,3905.95,livré,TNG,Carte,LIV6,2024-01-21
CMD12357,CL0373,P010,12/09/2023,5,211.15,KO,RBA,Carte,LIV8,
CMD20041,CL0497,P048,Aug 19 2023,1,3946.77,DONE,RBA,Carte,LIV3,2023-08-22
CMD04897,CL0639,P092,Nov 12 2023,2,3780.1,LIVRE,kech,Carte,LIV6,2023-11-16
CMD01197,CL0930,P090,2024-03-22,5,2549.96,livré,CASABLANCA,Carte,LIV9,2024-03-26
CMD41689,CL0395,P040,01/02/2024,3,2121.87,KO,CASABLANCA,Carte,LIV5,
CMD21606,CL0987,P009,Apr 27 2023,3,2257.36,livre,tanger,Carte,LIV2,
CMD44681,CL0835,P097,2024-04-26,1,4387.47,annulé,RBA,Carte,,
CMD36747,CL0068,P097,Feb 24 2023,1,4239.44,annulé,casa,Carte,LIV1,
CMD02079,CL0386,P071,Aug 17 2023,3,1028.22,KO,Agadir,Carte,LIV5,
CMD29890,CL0922,P025,11/09/2023,3,802.04,livré,casa,Carte,LIV8,2023-09-13
CMD39897,CL0123,P074,03/02/2024,5,813.9,KO,Agadir,Carte,,
CMD09351,CL0804,P036,01/07/2023,5,1974.04,LIVRE,CASABLANCA,Carte,LIV4,2023-07-03
CMD38387,CL0322,P050,Apr 14 2024,4,1094.9,OK,RBA,Carte,LIV4,
CMD21158,CL0941,P032,23/11/2023,1,4509.08,OK,tanger,Carte,LIV10,
CMD20433,CL0993,P053,2023-09-12,2,0,LIVRE,marrakech,Carte,LIV2,2023-09-16
CMD40100,CL0818,P062,2024-01-20,1,1535.58,livre,tanger,Carte,LIV4,
CMD05992,CL0876,P039,16/09/2023,2,1856.29,OK,TNG,Carte,LIV8,
CMD27695,CL0120,P024,2023-04-10,3,4074.48,KO,TNG,Carte,LIV4,
CMD46930,CL0203,P073,2023-05-28,4,822.14,livré,TANGER,Carte,LIV4,2023-06-01
CMD14203,CL0820,P028,17/05/2023,2,76.23,OK,tanger,Carte,LIV7,
CMD36687,CL0334,P092,2024-02-09,2,3747.4,DONE,Tnja,Carte,LIV10,2024-02-12
CMD03225,CL0884,P065,27/09/2023,5,2510.37,DONE,casa,Carte,LIV8,2023-10-01
CMD03322,CL0839,P023,15/11/2023,4,2360.8,livre,Agadir,Carte,LIV8,
CMD31114,CL0540,P082,Oct 14 2023,3,2031.18,OK,casa,Carte,LIV8,
CMD06160,CL0234,P064,17/04/2023,3,4279.94,annulé,marrakech,Carte,LIV8,
CMD13118,CL0530,P067,14/10/2023,5,455.39,en_cours,TANGER,Carte,LIV2,
CMD35922,CL0897,P054,2023-09-06,4,174.47,DONE,Agadir,Carte,LIV8,2023-09-09
CMD47825,CL0646,P062,20/12/2023,2,3215.17,DONE,casa,Carte,LIV10,2023-12-25
CMD43823,CL0307,P089,2023-07-31,5,1397.63,annulé,casa,Carte,LIV8,
CMD01211,CL0549,P012,2023-11-13,1,4355.0,livré,kech,Carte,LIV2,2023-11-15
CMD42994,CL0279,P001,2023-10-22,4,2139.58,OK,Agadir,Carte,LIV3,
CMD31969,CL0922,P033,25/09/2023,4,4898.08,livré,casa,Carte,LIV2,2023-09-30
CMD26699,CL0938,P041,29/05/2023,-1,374.03,KO,TNG,Carte,,
CMD32369,CL0392,P005,2024-03-19,3,2198.74,DONE,TANGER,Carte,LIV7,2024-03-24
CMD09319,CL0681,P027,16/03/2023,3,697.39,livré,tanger,Carte,LIV9,2023-03-21
CMD17084,CL0407,P086,25/01/2024,5,1562.03,KO,TANGER,Carte,LIV4,
CMD38975,CL0628,P007,Jan 30 2024,5,1615.04,livre,tanger,Carte,LIV8,
CMD10872,CL0989,P042,Feb 28 2024,3,2628.07,OK,tanger,Carte,LIV4,
CMD14677,CL0827,P018,2023-07-06,5,1787.71,DONE,CASABLANCA,Carte,LIV2,2023-07-11
CMD41393,CL0384,P029,2023-08-02,2,1079.62,livré,tanger,Carte,,2023-08-04
CMD02805,CL0919,P013,2024-02-19,4,1349.86,DONE,Agadir,Carte,LIV1,2024-02-23
CMD42795,CL0354,P094,20/03/2023,2,2811.16,DONE,Tnja,Carte,LIV2,2023-03-23
CMD03969,CL0803,P005,2023-05-02,-1,2778.2,livre,marrakech,Carte,LIV10,
CMD27022,CL0461,P064,10/03/2023,3,4963.08,livre,Tnja,Carte,LIV5,
CMD45424,CL0817,P018,15/04/2023,3,1666.18,DONE,tanger,Carte,LIV5,2023-04-19
CMD45465,CL0677,P034,2023-05-20,4,3541.16,KO,Tnja,Carte,LIV5,
CMD00107,CL0244,P060,Jan 30 2023,4,841.02,annulé,CASABLANCA,Carte,LIV2,
CMD39250,CL0951,P036,2023-11-16,3,2991.59,DONE,marrakech,Carte,LIV4,2023-11-18
CMD01487,CL0999,P079,2024-01-21,1,4153.09,livré,tanger,Carte,LIV6,2024-01-23
CMD40603,CL0226,P098,May 21 2023,5,2939.43,OK,CASABLANCA,Carte,LIV7,
CMD02659,CL0234,P080,Dec 06 2023,5,358.34,en_cours,TNG,Carte,LIV10,
CMD45139,CL0830,P019,2024-03-30,5,1408.52,livre,TNG,Carte,LIV9,
CMD47770,CL0751,P016,2024-04-27,5,4900.74,livré,RBA,Carte,LIV4,2024-04-30
CMD25952,CL0594,P018,09/12/2023,4,4851.82,en_cours,kech,Carte,LIV7,
CMD29577,CL0256,P026,Oct 05 2023,4,2804.76,retourné,TANGER,Carte,LIV5,2023-10-08
CMD12401,CL0991,P024,Mar 21 2023,2,468.21,en_cours,TNG,Carte,LIV3,
CMD01355,CL0125,P006,2023-09-14,4,2675.36,retourné,CASABLANCA,Carte,LIV5,2023-09-17
CMD15335,CL0789,P057,2023-09-29,2,2840.62,livre,casa,Carte,LIV7,
CMD04863,CL0402,P059,23/06/2023,3,4488.76,annulé,TANGER,Carte,LIV1,
CMD11505,CL0164,P038,22/12/2023,4,3364.19,livré,tanger,Carte,LIV4,2023-12-27
CMD34685,CL0052,P011,31/10/2023,3,2536.39,livré,casa,Carte,LIV2,2023-11-02
CMD10051,CL0376,P094,2023-02-27,5,3893.03,OK,Agadir,Carte,LIV7,
CMD34063,CL0020,P002,2023-01-22,1,3230.54,annulé,CASABLANCA,Carte,LIV8,
CMD11677,CL0542,P027,Aug 24 2023,2,688.61,retourné,marrakech,Carte,LIV5,2023-08-29
CMD43816,CL0018,P100,28/03/2023,3,396.34,retourné,Agadir,Carte,LIV10,2023-04-01
CMD08470,CL0818,P091,08/07/2023,5,4723.98,livré,TNG,Carte,LIV6,2023-07-09
CMD21426,CL0168,P007,2023-10-27,5,4532.65,KO,CASABLANCA,Carte,LIV3,
CMD19609,CL0368,P028,2024-02-10,2,228.3,annulé,casa,Carte,LIV10,
CMD10711,CL0463,P091,Dec 07 2023,4,4852.11,livre,CASABLANCA,Carte,LIV10,
CMD36978,CL0621,P079,18/01/2023,5,832.23,LIVRE,kech,Carte,LIV7,2023-01-19
CMD25782,CL0885,P082,13/11/2023,4,4481.17,DONE,marrakech,Carte,LIV5,2023-11-16
CMD27663,CL0147,P019,23/01/2024,1,2529.41,retourné,marrakech,Carte,LIV9,2024-01-28
CMD01057,CL0641,P035,Sep 01 2023,2,2586.84,DONE,RBA,Carte,LIV7,2023-09-02
CMD24299,CL0256,P028,Apr 10 2023,1,3660.61,livré,Tnja,Carte,LIV3,2023-04-15
CMD17486,CL0588,P042,16/08/2023,5,2357.34,LIVRE,marrakech,Carte,LIV6,2023-08-17
CMD43886,CL0982,P038,2023-10-10,2,1352.25,livré,CASABLANCA,Carte,LIV2,2023-10-11
CMD43288,CL0946,P012,2023-08-29,3,1019.74,annulé,Tnja,Carte,LIV3,
CMD17444,CL0619,P052,29/04/2024,4,2919.92,annulé,TNG,Carte,LIV2,
CMD35212,CL0099,P089,Sep 12 2023,5,2266.7,annulé,CASABLANCA,Carte,LIV5,
CMD40489,CL0927,P020,2024-03-07,1,2645.37,annulé,casa,Carte,LIV3,
CMD10353,CL0223,P011,Mar 18 2023,3,4892.12,en_cours,TANGER,Carte,LIV7,
CMD27595,CL0556,P006,11/07/2023,1,687.25,livre,casa,Carte,LIV4,
CMD09991,CL0431,P089,09/05/2023,3,4242.28,livre,RBA,Carte,LIV7,
CMD07355,CL0056,P007,Jan 28 2024,1,2088.83,livré,casa,Carte,LIV3,2024-01-30
CMD39216,CL0204,P075,May 09 2023,2,1950.52,KO,TANGER,Carte,LIV6,
CMD16028,CL0125,P071,Nov 25 2023,1,3668.93,KO,CASABLANCA,Carte,LIV8,
CMD00056,CL0785,P017,03/03/2024,3,1122.55,livre,TANGER,Carte,LIV5,
CMD41955,CL0828,P047,2024-02-26,5,4577.92,livré,TNG,Carte,LIV8,2024-03-02
CMD38511,CL0267,P021,08/06/2023,4,348.96,annulé,Tnja,Carte,LIV1,
CMD00793,CL0721,P085,2023-02-25,3,3139.69,OK,RBA,Carte,LIV2,
CMD26906,CL0634,P097,Mar 10 2023,1,4549.76,retourné,TNG,Carte,LIV7,2023-03-13
CMD01286,CL0947,P058,2024-05-03,1,1207.33,annulé,Tnja,Carte,LIV9,
CMD10312,CL0533,P095,07/08/2023,3,363.02,en_cours,Agadir,Carte,LIV9,
CMD39359,CL0183,P082,Feb 06 2024,2,2811.47,annulé,Agadir,Carte,,
CMD10393,CL0870,P032,May 06 2024,5,489.52,en_cours,Tnja,Carte,LIV4,
CMD06651,CL0130,P036,Apr 12 2023,3,3233.0,en_cours,casa,Carte,,
CMD02732,CL0102,P091,2024-04-20,1,4643.08,annulé,kech,Carte,LIV10,
CMD40073,CL0009,P016,14/06/2023,4,885.76,livré,tanger,Carte,LIV3,2023-06-19
CMD38135,CL0160,P001,2023-04-02,4,4231.43,DONE,CASABLANCA,Carte,LIV3,2023-04-05
CMD43209,CL0253,P008,09/02/2023,5,4609.22,LIVRE,kech,Carte,,2023-02-13
CMD29015,CL0345,P032,2023-06-29,5,1570.1,livre,RBA,Carte,LIV8,
CMD07028,CL0592,P042,19/10/2023,3,453.66,livré,Agadir,Carte,LIV9,2023-10-20
CMD32741,CL0583,P032,2023-06-23,2,498.12,retourné,marrakech,Carte,LIV9,2023-06-27
CMD00543,CL0751,P055,2024-02-26,3,2574.9,OK,Agadir,Carte,LIV4,
CMD48215,CL0171,P066,Nov 11 2023,1,3571.97,DONE,tanger,Carte,LIV10,2023-11-15
CMD17606,CL0002,P021,Mar 27 2024,3,4030.7,livré,RBA,Carte,LIV2,2024-03-30
CMD38317,CL0726,P081,2023-03-20,4,761.53,OK,TANGER,Carte,LIV4,
CMD15578,CL0210,P097,2023-04-16,1,256.37,livre,marrakech,Carte,LIV4,
CMD29244,CL0197,P058,Jan 17 2024,2,842.85,livré,RBA,Carte,LIV5,2024-01-22
CMD00966,CL0479,P087,May 24 2023,3,338.09,OK,Tnja,Carte,LIV6,
CMD39916,CL0056,P035,2024-02-21,4,4048.04,annulé,TANGER,Carte,LIV3,
CMD22216,CL0447,P068,2023-08-23,5,819.89,en_cours,casa,Carte,LIV4,
CMD23476,CL0731,P027,2024-02-22,2,2105.91,livré,Agadir,Carte,LIV4,2024-02-25
CMD38684,CL0992,P089,Mar 24 2024,2,2547.43,en_cours,casa,Carte,LIV1,
CMD28010,CL0423,P049,10/11/2023,2,4558.17,DONE,Tnja,Carte,LIV4,2023-11-15
CMD20075,CL0983,P009,10/07/2023,1,1334.52,retourné,RBA,Carte,LIV2,2023-07-12
CMD22790,CL0383,P020,Sep 07 2023,4,873.17,OK,kech,Carte,,
CMD09736,CL0806,P086,2023-04-25,3,2296.93,livré,Tnja,Carte,,2023-04-29
CMD13491,CL0089,P072,2023-04-09,4,3571.19,LIVRE,tanger,Carte,LIV3,2023-04-14
CMD31910,CL0006,P083,Jun 25 2023,4,4382.79,livré,kech,Carte,LIV5,2023-06-27
CMD03002,CL0159,P016,2023-06-04,1,2483.18,livré,Agadir,Carte,LIV7,2023-06-05
CMD34593,CL0428,P025,06/08/2023,3,3353.39,LIVRE,TNG,Carte,LIV10,2023-08-09
CMD06852,CL0318,P095,Feb 08 2023,5,1164.91,livré,RBA,Carte,LIV7,2023-02-12
CMD41042,CL0605,P059,2024-05-06,1,0,DONE,CASABLANCA,Carte,LIV10,2024-05-08
CMD17530,CL0993,P038,Apr 02 2023,3,2750.95,LIVRE,RBA,Carte,LIV9,2023-04-06
CMD18496,CL0421,P048,Apr 19 2024,5,1636.96,KO,casa,Carte,LIV5,
CMD43032,CL0769,P031,Jul 03 2023,4,4924.74,LIVRE,TANGER,Carte,LIV7,2023-07-05
CMD19657,CL0373,P046,04/10/2023,2,693.6,annulé,TANGER,Carte,LIV10,
CMD39088,CL0169,P045,2024-03-24,4,1467.13,OK,casa,Carte,LIV7,
CMD37536,CL0616,P076,Jan 18 2024,3,3420.82,livre,marrakech,Carte,LIV10,
CMD02010,CL0864,P045,Feb 20 2023,3,703.88,KO,TNG,Carte,LIV2,
CMD42304,CL0649,P052,22/10/2023,4,1710.84,livré,casa,Carte,LIV8,2023-10-25
CMD47163,CL0040,P023,16/03/2023,1,1863.9,KO,kech,Carte,LIV8,
CMD32978,CL0387,P002,2023-04-21,3,4801.11,retourné,casa,Carte,LIV9,2023-04-22
CMD13698,CL0479,P037,2024-03-15,4,2979.57,DONE,marrakech,Carte,LIV9,2024-03-17
CMD43588,CL0484,P043,Nov 13 2023,3,2507.78,livré,Tnja,Carte,LIV6,2023-11-14
CMD38747,CL0428,P095,2023-11-02,1,3106.57,livré,Agadir,Carte,LIV10,2023-11-07
CMD22889,CL0713,P023,2024-01-06,3,4482.36,annulé,RBA,Carte,LIV4,
CMD18860,CL0711,P039,12/04/2024,4,3458.05,livré,Agadir,Carte,LIV6,2024-04-13
CMD25835,CL0362,P020,2023-09-20,1,1970.31,livre,Agadir,Carte,LIV8,
CMD38178,CL0401,P090,Oct 03 2023,2,4924.07,livré,TANGER,Carte,LIV2,2023-10-08
CMD41291,CL0189,P070,Jan 24 2024,3,4996.06,en_cours,marrakech,Carte,LIV7,
CMD28590,CL0140,P072,2024-03-30,5,4985.3,DONE,Agadir,Carte,LIV2,2024-04-04
CMD03685,CL0173,P015,Mar 16 2024,4,3210.88,livré,CASABLANCA,Carte,LIV4,2024-03-18
CMD48399,CL0170,P089,28/11/2023,4,2061.98,LIVRE,kech,Carte,LIV8,2023-12-02
CMD45904,CL0073,P036,12/01/2023,4,2840.77,DONE,kech,Carte,LIV6,2023-01-15
CMD05115,CL0494,P037,2023-05-07,4,2452.75,livré,CASABLANCA,Carte,LIV7,2023-05-09
CMD26024,CL0288,P062,Dec 24 2023,3,4606.36,LIVRE,marrakech,Carte,LIV6,2023-12-29
CMD27909,CL0646,P040,Oct 21 2023,4,3387.2,livré,Agadir,Carte,LIV7,2023-10-26
CMD30315,CL0208,P064,May 08 2023,1,2252.55,DONE,casa,Carte,LIV4,2023-05-09
CMD07554,CL0188,P004,2024-03-15,1,4068.55,livré,kech,Carte,LIV10,2024-03-17
CMD44462,CL0991,P012,2024-02-14,5,545.89,retourné,marrakech,Carte,LIV10,2024-02-16
CMD41374,CL0930,P076,Jul 12 2023,2,2922.24,retourné,TANGER,Carte,LIV2,2023-07-16
CMD15471,CL0013,P100,01/12/2023,3,722.04,livré,CASABLANCA,Carte,LIV6,2023-12-02
CMD24595,CL0535,P007,Aug 21 2023,5,1439.93,KO,tanger,Carte,LIV9,
CMD27571,CL0618,P092,Mar 28 2023,4,969.35,livre,tanger,Carte,,
CMD42659,CL0589,P030,Oct 06 2023,2,4761.43,en_cours,tanger,Carte,LIV10,
CMD17691,CL0853,P069,Aug 14 2023,1,420.39,retourné,CASABLANCA,Carte,LIV2,2023-08-18
CMD00384,CL0312,P029,2023-02-01,5,895.35,en_cours,Agadir,Carte,LIV5,
CMD22378,CL0819,P061,Dec 04 2023,3,3957.11,annulé,Agadir,Carte,LIV10,
CMD23716,CL0390,P056,2024-03-11,2,3214.63,livré,TANGER,Carte,,2024-03-12
CMD20297,CL0120,P021,Feb 06 2024,3,2511.35,livre,RBA,Carte,LIV8,
CMD19915,CL0854,P100,Jan 16 2023,2,1961.01,livré,kech,Carte,LIV5,2023-01-18
CMD27264,CL0018,P086,Jan 07 2024,2,1594.18,LIVRE,casa,Carte,LIV8,2024-01-11
CMD26313,CL0931,P039,2023-01-31,1,1041.0,retourné,RBA,Carte,LIV7,2023-02-05
CMD04499,CL0097,P089,2023-10-11,2,4657.36,livré,Tnja,Carte,LIV8,2023-10-15
CMD32300,CL0440,P096,14/01/2023,4,4490.97,livré,tanger,Carte,LIV5,2023-01-17
CMD20445,CL0737,P022,2024-01-17,4,2306.91,en_cours,marrakech,Carte,LIV7,
CMD08749,CL0308,P036,04/02/2023,3,1356.37,DONE,marrakech,Carte,LIV8,2023-02-05
CMD19010,CL0033,P043,2023-03-30,4,3947.42,DONE,tanger,Carte,LIV8,2023-04-02
CMD17957,CL0651,P062,Jun 12 2023,5,3340.53,DONE,TANGER,Carte,LIV10,2023-06-17
CMD04044,CL0696,P062,2023-03-14,3,1882.13,livré,Tnja,Carte,LIV6,2023-03-15
CMD22508,CL0620,P073,03/05/2024,1,2740.28,retourné,Agadir,Carte,LIV6,2024-05-07
CMD35621,CL0457,P068,May 06 2023,5,4229.95,annulé,TNG,Carte,LIV6,
CMD13710,CL0487,P064,2023-01-14,-1,3467.57,DONE,Agadir,Carte,LIV1,2023-01-19
CMD33486,CL0200,P093,Jul 13 2023,2,3318.21,livré,TANGER,Carte,LIV3,2023-07-16
CMD31565,CL0780,P094,2023-07-12,2,2917.87,livré,tanger,Carte,LIV3,2023-07-13
CMD39222,CL0480,P052,2023-09-27,4,3493.64,annulé,tanger,Carte,LIV7,
CMD45340,CL0588,P080,Apr 14 2023,5,3156.0,livré,kech,Carte,LIV10,2023-04-18
CMD01440,CL0038,P011,15/02/2024,4,4534.67,retourné,casa,Carte,LIV1,2024-02-20
CMD15032,CL0185,P062,2023-05-02,1,2037.26,livré,tanger,Carte,LIV7,2023-05-06
CMD22855,CL0708,P048,Jun 06 2023,4,2183.12,annulé,kech,Carte,LIV8,
CMD13176,CL0986,P038,17/01/2023,4,939.05,LIVRE,kech,Carte,LIV1,2023-01-22
CMD12651,CL0678,P004,Jan 13 2024,4,3436.59,annulé,marrakech,Carte,LIV1,
CMD30861,CL0294,P072,May 07 2023,3,4003.77,DONE,marrakech,Carte,LIV5,2023-05-10
CMD16316,CL0311,P072,2023-04-24,4,3204.9,livre,marrakech,Carte,LIV10,
CMD26347,CL0100,P001,Dec 25 2023,3,1995.78,KO,kech,Carte,LIV7,
CMD27273,CL0327,P092,2024-01-10,5,3445.69,livré,tanger,Carte,,2024-01-12
CMD12866,CL0844,P045,Jul 10 2023,5,2012.89,OK,marrakech,Carte,LIV6,
CMD29061,CL0267,P075,May 14 2024,2,3230.02,retourné,TNG,Carte,LIV9,2024-05-16
CMD47150,CL0818,P082,10/09/2023,5,2687.13,LIVRE,TANGER,Carte,LIV1,2023-09-12
CMD37901,CL0304,P078,2023-05-04,3,3649.12,KO,Agadir,Carte,LIV8,
CMD38071,CL0775,P090,2023-04-03,4,4407.22,DONE,Tnja,Carte,LIV3,2023-04-06
CMD00551,CL0498,P074,2024-04-11,2,3791.57,livré,marrakech,Carte,LIV7,2024-04-16
CMD34367,CL0221,P016,01/12/2023,2,1217.1,DONE,Tnja,Carte,LIV4,2023-12-06
CMD02526,CL0961,P088,Oct 31 2023,4,2850.08,LIVRE,CASABLANCA,Carte,,2023-11-03
CMD13877,CL0153,P086,22/02/2023,5,2149.56,annulé,TANGER,Carte,LIV2,
CMD47701,CL0108,P100,Feb 08 2023,5,3253.83,DONE,Agadir,Carte,LIV2,2023-02-11
CMD20451,CL0571,P097,31/03/2023,2,2181.99,LIVRE,kech,Carte,LIV6,2023-04-02
CMD27227,CL0255,P036,Feb 18 2024,4,343.88,KO,marrakech,Carte,LIV3,
CMD34695,CL0648,P041,20/09/2023,1,896.75,en_cours,Tnja,Carte,LIV2,
CMD30421,CL0294,P032,Jun 18 2023,4,710.74,livré,RBA,Carte,LIV3,2023-06-20
CMD29125,CL0127,P033,Jan 13 2023,5,4826.75,livre,kech,Carte,LIV9,
CMD25275,CL0335,P009,21/01/2023,1,3012.87,LIVRE,marrakech,Carte,LIV7,2023-01-24
CMD17189,CL0615,P032,Jan 24 2024,5,2081.08,retourné,RBA,Carte,LIV5,2024-01-28
CMD19795,CL0230,P085,22/02/2023,1,2270.17,KO,tanger,Carte,LIV10,
CMD23412,CL0454,P028,07/11/2023,3,1808.71,LIVRE,RBA,Carte,LIV7,2023-11-10
CMD37097,CL0620,P047,2023-10-25,1,2701.4,KO,TNG,Carte,LIV5,
CMD04596,CL0683,P080,21/04/2024,1,3306.14,livre,tanger,Carte,LIV4,
CMD28294,CL0351,P081,2023-03-30,1,0,annulé,kech,Carte,LIV3,
CMD46925,CL0951,P049,30/07/2023,3,1736.88,livré,TANGER,Carte,LIV1,2023-08-04
CMD22419,CL0130,P082,21/01/2023,5,1037.92,livre,kech,Carte,LIV8,
CMD33770,CL0744,P034,Jan 28 2023,4,0,en_cours,TANGER,Carte,LIV6,
CMD38898,CL0923,P095,15/04/2024,1,1185.55,en_cours,TANGER,Carte,LIV6,
CMD09067,CL0595,P051,Jul 10 2023,5,4343.73,livré,marrakech,Carte,LIV8,2023-07-11
CMD40000,CL0328,P027,Jan 07 2023,4,860.68,DONE,TNG,Carte,LIV4,2023-01-10
CMD10738,CL0841,P001,Jul 11 2023,3,4271.26,livre,kech,Carte,LIV2,
CMD37288,CL0113,P030,Feb 08 2024,3,4420.83,LIVRE,TNG,Carte,LIV9,2024-02-10
CMD37225,CL0488,P067,Feb 14 2024,5,4476.54,DONE,Agadir,Carte,LIV5,2024-02-16
CMD11226,CL0508,P100,11/04/2024,1,3348.01,livré,CASABLANCA,Carte,LIV6,2024-04-13
CMD43064,CL0832,P039,2023-01-29,5,963.78,KO,tanger,Carte,,
CMD41724,CL0087,P079,Jul 01 2023,2,477.57,LIVRE,casa,Carte,LIV10,2023-07-03
CMD13678,CL0052,P047,Jul 22 2023,1,3592.76,annulé,TANGER,Carte,,
CMD18591,CL0995,P025,Nov 12 2023,5,2050.47,livré,marrakech,Carte,LIV8,2023-11-17
CMD25606,CL0129,P037,25/02/2024,5,371.78,livré,Tnja,Carte,LIV10,2024-02-29
CMD07857,CL0856,P018,01/04/2024,3,4884.37,livré,TNG,Carte,LIV5,2024-04-06
CMD18921,CL0232,P015,2023-05-08,1,2609.32,annulé,kech,Carte,LIV7,
CMD09087,CL0198,P094,03/12/2023,1,2463.51,livré,CASABLANCA,Carte,LIV10,2023-12-06
CMD41287,CL0199,P073,Jun 23 2023,5,2900.22,livré,RBA,Carte,LIV6,2023-06-26
CMD15707,CL0976,P021,2023-12-01,5,4251.51,livré,TANGER,Carte,,2023-12-06
CMD09906,CL0974,P092,10/04/2024,2,3736.51,OK,CASABLANCA,Carte,LIV4,
CMD42979,CL0871,P011,Dec 25 2023,2,664.32,KO,kech,Carte,LIV6,
CMD35497,CL0054,P060,2023-05-08,3,3424.36,LIVRE,Tnja,Carte,LIV3,2023-05-10
CMD20021,CL0879,P037,Mar 28 2024,4,1556.23,DONE,CASABLANCA,Carte,LIV2,2024-03-31
CMD16228,CL0566,P077,2023-06-28,1,3892.19,annulé,Tnja,Carte,LIV9,
CMD13416,CL0701,P081,2023-05-17,2,4706.94,KO,kech,Carte,,
CMD18843,CL0011,P092,Jan 21 2023,5,1185.44,livré,Tnja,Carte,LIV3,2023-01-26
CMD22195,CL0990,P084,2023-09-09,5,2295.12,livré,Agadir,Carte,LIV4,2023-09-12
CMD03930,CL0038,P033,2024-03-28,1,101.82,livré,casa,Carte,LIV4,2024-03-29
CMD07889,CL0318,P045,Jul 21 2023,2,4753.6,livré,CASABLANCA,Carte,LIV7,2023-07-22
CMD40033,CL0714,P098,2023-09-05,4,3362.03,OK,TNG,Carte,LIV1,
CMD12348,CL0077,P082,2023-05-04,5,2253.0,livré,casa,Carte,LIV3,2023-05-09
CMD38813,CL0959,P079,19/10/2023,1,4070.86,livre,Agadir,Carte,LIV6,
CMD11723,CL0842,P058,27/03/2024,2,1409.49,livré,kech,Carte,LIV4,2024-04-01
CMD29256,CL0892,P081,Mar 15 2024,5,1589.94,livre,kech,Carte,LIV10,
CMD35318,CL0222,P059,07/02/2024,3,1461.43,livre,Agadir,Carte,LIV2,
CMD01447,CL0330,P060,2023-02-19,2,930.95,annulé,TANGER,Carte,LIV9,
CMD39674,CL0742,P004,Apr 05 2024,2,677.37,OK,TANGER,Carte,LIV9,
CMD46873,CL0564,P063,2024-04-03,3,4533.9,retourné,casa,Carte,LIV6,2024-04-08
CMD47401,CL0593,P061,25/02/2024,5,4366.82,annulé,tanger,Carte,LIV6,
CMD15406,CL0528,P065,Jul 14 2023,5,2863.4,retourné,casa,Carte,LIV5,2023-07-18
CMD01283,CL0898,P020,09/12/2023,1,4384.61,livre,RBA,Carte,LIV9,
CMD31809,CL0821,P070,2023-03-26,4,4528.76,retourné,tanger,Carte,LIV3,2023-03-28
CMD29058,CL0830,P002,Jan 08 2024,1,706.02,livre,kech,Carte,LIV1,
CMD01188,CL0028,P084,10/02/2024,4,3725.34,KO,kech,Carte,LIV1,
CMD17319,CL0115,P043,Jan 26 2023,3,3398.04,livré,Tnja,Carte,LIV1,2023-01-31
CMD27140,CL0177,P079,13/03/2024,-1,984.62,livré,CASABLANCA,Carte,,2024-03-17
CMD33483,CL0967,P043,Apr 15 2023,1,145.5,en_cours,casa,Carte,LIV4,
CMD15029,CL0483,P032,Jan 26 2024,5,1564.25,KO,tanger,Carte,LIV5,
CMD27177,CL0940,P019,Feb 12 2024,2,2561.82,OK,RBA,Carte,LIV4,
CMD00234,CL0690,P024,2024-05-01,1,4267.36,KO,casa,Carte,LIV4,
CMD38781,CL0811,P076,2023-04-11,3,2614.08,livré,casa,Carte,LIV4,2023-04-14
CMD19602,CL0330,P023,28/03/2023,5,2480.41,livré,kech,Carte,LIV10,2023-04-02
CMD34572,CL0326,P037,05/03/2024,4,1767.8,OK,casa,Carte,LIV2,
CMD20475,CL0633,P052,2023-10-15,2,4884.41,OK,casa,Carte,LIV7,
CMD34849,CL1000,P087,2023-02-09,1,892.36,annulé,TNG,Carte,LIV1,
CMD40428,CL0611,P029,Apr 11 2024,1,2864.12,livré,marrakech,Carte,LIV10,2024-04-12
CMD47099,CL0645,P095,12/02/2024,3,3306.89,en_cours,CASABLANCA,Carte,LIV8,
CMD08210,CL0896,P006,2023-03-17,5,3328.5,DONE,TANGER,Carte,LIV4,2023-03-22
CMD28117,CL0632,P016,2023-02-04,4,1917.15,KO,Agadir,Carte,LIV10,
CMD19924,CL0063,P095,Dec 25 2023,1,2510.16,LIVRE,Agadir,Carte,LIV10,2023-12-27
CMD41527,CL0599,P095,05/10/2023,2,4421.87,KO,RBA,Carte,LIV2,
CMD21660,CL0320,P084,02/06/2023,4,1520.3,annulé,RBA,Carte,LIV2,
CMD00862,CL0517,P005,Oct 27 2023,4,1010.21,livré,marrakech,Carte,,2023-10-29
CMD34466,CL0327,P072,Dec 04 2023,4,4747.36,KO,TNG,Carte,LIV6,
CMD31314,CL0966,P055,Mar 29 2023,3,1663.0,OK,kech,Carte,LIV5,
CMD29993,CL0777,P040,27/03/2024,1,3129.17,KO,TANGER,Carte,LIV7,
CMD00337,CL0353,P090,05/03/2024,4,1525.05,retourné,kech,Carte,LIV6,2024-03-07
CMD41023,CL0606,P081,16/04/2023,4,1139.47,OK,Agadir,Carte,LIV1,
CMD25686,CL0782,P061,27/02/2024,4,4696.29,livré,TNG,Carte,LIV7,2024-02-28
CMD08605,CL0209,P076,Sep 05 2023,4,2017.44,en_cours,casa,Carte,LIV10,
CMD14552,CL0146,P082,2023-10-18,2,1824.98,DONE,casa,Carte,LIV10,2023-10-23
CMD27066,CL0351,P080,25/07/2023,5,4670.39,en_cours,CASABLANCA,Carte,LIV5,
CMD06371,CL0935,P064,Sep 10 2023,1,200.57,LIVRE,TANGER,Carte,LIV6,2023-09-13
CMD10621,CL0432,P033,06/04/2024,5,764.45,livré,casa,Carte,LIV8,2024-04-08
CMD01876,CL0956,P071,19/12/2023,2,4229.63,OK,marrakech,Carte,LIV10,
CMD04005,CL0306,P065,10/05/2024,2,3283.98,DONE,tanger,Carte,LIV2,2024-05-11
CMD43701,CL0999,P070,03/04/2024,5,4283.81,livré,TANGER,Carte,LIV8,2024-04-05
CMD31097,CL0740,P081,Nov 06 2023,2,3898.69,LIVRE,tanger,Carte,LIV1,2023-11-08
CMD43525,CL0883,P089,Jun 26 2023,5,2580.86,OK,TNG,Carte,LIV1,
CMD36107,CL0844,P021,2024-03-28,-1,3298.95,livré,kech,Carte,LIV8,2024-04-01
CMD09713,CL0945,P008,2023-06-05,4,480.35,OK,TNG,Carte,,
CMD40199,CL0382,P068,12/06/2023,3,3487.34,OK,Tnja,Carte,LIV7,
CMD14180,CL0786,P048,2023-05-16,5,3446.32,livré,Tnja,Carte,LIV9,2023-05-20
CMD09758,CL0237,P077,2023-07-17,2,4508.62,livré,CASABLANCA,Carte,LIV9,2023-07-19
CMD02921,CL0331,P024,14/03/2023,3,4114.97,livre,kech,Carte,LIV1,
CMD03802,CL0842,P003,Apr 24 2023,3,3722.85,en_cours,marrakech,Carte,LIV4,
CMD32452,CL0649,P090,09/05/2024,4,1795.1,livré,kech,Carte,LIV8,2024-05-13
CMD11282,CL0606,P044,Dec 06 2023,5,2369.95,livré,TANGER,Carte,LIV10,2023-12-11
CMD19470,CL0808,P081,2023-09-27,1,339.25,OK,marrakech,Carte,LIV5,
CMD31807,CL0560,P074,29/05/2023,4,1348.99,en_cours,casa,Carte,LIV6,
CMD08576,CL0971,P002,08/09/2023,5,2697.13,en_cours,Tnja,Carte,LIV4,
CMD22593,CL0102,P041,2023-10-06,4,1510.71,KO,RBA,Carte,LIV10,
CMD03132,CL0111,P039,2023-01-11,1,2646.07,OK,CASABLANCA,Carte,LIV5,
CMD34812,CL0019,P068,2023-03-01,1,2744.63,livré,TANGER,Carte,LIV6,2023-03-04
CMD16093,CL0930,P013,2023-10-14,3,0,livre,CASABLANCA,Carte,LIV9,
CMD31241,CL0983,P007,Mar 19 2023,3,4927.0,annulé,RBA,Carte,LIV6,
CMD24031,CL0608,P053,19/02/2023,4,2507.26,LIVRE,TANGER,Carte,LIV1,2023-02-24
CMD26708,CL0908,P045,13/02/2023,2,1707.99,annulé,RBA,Carte,LIV8,
CMD05543,CL0689,P097,Feb 17 2023,1,2443.44,en_cours,kech,Carte,LIV5,
CMD27825,CL0069,P036,Feb 10 2024,1,581.98,DONE,CASABLANCA,Carte,LIV3,2024-02-14
CMD39293,CL0639,P042,2023-06-30,1,3580.92,OK,RBA,Carte,LIV1,
CMD20092,CL0451,P041,29/09/2023,3,1575.35,livré,tanger,Carte,LIV3,2023-10-03
CMD09073,CL0315,P095,2023-05-04,-1,4344.72,retourné,casa,Carte,LIV7,2023-05-08
CMD45495,CL0407,P057,08/01/2024,2,2539.55,LIVRE,CASABLANCA,Carte,,2024-01-12
CMD18184,CL0064,P085,02/01/2024,5,4759.95,OK,CASABLANCA,Carte,LIV1,
CMD30103,CL0429,P009,30/01/2023,2,4051.73,KO,TNG,Carte,LIV1,
CMD20193,CL0425,P097,25/05/2023,5,4727.86,KO,marrakech,Carte,,
CMD14660,CL0882,P029,2023-03-01,4,4556.35,DONE,marrakech,Carte,LIV2,2023-03-05
CMD44990,CL0796,P037,Sep 08 2023,-1,4571.45,retourné,marrakech,Carte,LIV9,2023-09-13
CMD25099,CL0801,P092,06/11/2023,4,2301.9,OK,RBA,Carte,LIV10,
CMD12986,CL0794,P055,2024-05-06,3,4559.7,annulé,Tnja,Carte,LIV4,
CMD27503,CL0731,P065,2023-10-20,3,3034.19,retourné,TANGER,Carte,,2023-10-24
CMD08368,CL0723,P053,2023-12-26,5,2451.63,OK,tanger,Carte,LIV8,
CMD01600,CL1000,P074,Jan 25 2023,2,581.9,OK,Agadir,Carte,LIV4,
CMD48313,CL0856,P072,Oct 15 2023,2,3615.33,en_cours,kech,Carte,LIV3,
CMD05529,CL0357,P005,Feb 14 2023,5,1054.94,DONE,casa,Carte,LIV4,2023-02-16
CMD32982,CL0653,P003,15/01/2023,1,231.52,annulé,TANGER,Carte,LIV8,
CMD33214,CL0195,P046,03/05/2024,5,1383.1,DONE,TANGER,Carte,LIV5,2024-05-08
CMD18510,CL0320,P018,20/07/2023,5,1088.1,en_cours,casa,Carte,LIV4,
CMD03898,CL0070,P056,24/12/2023,2,3846.34,livré,marrakech,Carte,LIV7,2023-12-25
CMD48333,CL0333,P004,2023-04-29,1,4508.81,DONE,RBA,Carte,LIV1,2023-05-03
CMD12228,CL0018,P021,2023-07-15,1,3833.26,livré,TNG,Carte,LIV2,2023-07-20
CMD02325,CL0346,P035,2023-01-21,3,2476.19,LIVRE,casa,Carte,LIV3,2023-01-25
CMD13134,CL0418,P032,02/06/2023,4,565.75,livré,RBA,Carte,LIV2,2023-06-05
CMD37747,CL0303,P071,2023-08-09,2,2345.72,livré,CASABLANCA,Carte,LIV2,2023-08-12
CMD13476,CL0460,P036,Dec 29 2023,5,3805.0,OK,RBA,Carte,LIV7,
CMD14962,CL0582,P086,May 22 2023,5,4883.04,annulé,Agadir,Carte,LIV1,
CMD12718,CL0988,P096,Oct 29 2023,5,4557.24,livré,casa,Carte,LIV6,2023-10-30
CMD27840,CL0097,P080,27/03/2024,2,2531.1,annulé,marrakech,Carte,LIV1,
CMD02586,CL0574,P033,2023-10-28,1,3012.15,annulé,RBA,Carte,LIV7,
CMD22338,CL0108,P082,Feb 23 2023,2,4179.9,retourné,TANGER,Carte,LIV6,2023-02-28
CMD06582,CL0712,P023,30/07/2023,4,1430.61,DONE,TNG,Carte,LIV4,2023-08-03
CMD20733,CL0407,P061,2023-04-16,1,1363.8,retourné,Tnja,Carte,LIV2,2023-04-20
CMD40323,CL0541,P099,2023-09-13,5,2925.85,annulé,marrakech,Carte,LIV8,
CMD18537,CL0363,P071,Apr 21 2024,1,1513.95,en_cours,CASABLANCA,Carte,LIV1,
CMD33182,CL0239,P038,29/12/2023,1,4519.56,retourné,Tnja,Carte,LIV2,2024-01-03
CMD22320,CL0037,P024,13/05/2024,1,3509.21,livré,casa,Carte,LIV9,2024-05-17
CMD21207,CL0387,P097,2024-05-11,1,3693.72,OK,marrakech,Carte,,
CMD07343,CL0716,P003,2023-10-11,1,427.9,annulé,CASABLANCA,Carte,LIV3,
CMD14970,CL0305,P087,08/10/2023,1,4048.46,annulé,tanger,Carte,LIV10,
CMD11030,CL0919,P092,2023-02-23,4,0,livré,tanger,Carte,LIV6,2023-02-27
CMD02891,CL0149,P017,2023-12-16,1,3285.64,livré,Tnja,Carte,LIV2,2023-12-19
CMD27369,CL0326,P002,20/11/2023,3,3393.15,annulé,casa,Carte,LIV5,
CMD35795,CL0934,P034,24/03/2024,1,2179.5,livre,kech,Carte,LIV5,
CMD30657,CL0154,P090,2023-10-05,2,3789.37,DONE,kech,Carte,LIV4,2023-10-06
CMD21061,CL0692,P042,28/12/2023,5,2993.57,en_cours,Tnja,Carte,LIV6,
CMD44129,CL0424,P047,09/12/2023,3,563.86,livré,TNG,Carte,LIV4,2023-12-14
CMD10283,CL0211,P073,2024-03-05,3,898.03,KO,RBA,Carte,,
CMD08914,CL0219,P022,2023-07-11,3,1183.97,livré,Tnja,Carte,LIV2,2023-07-14
CMD02936,CL0518,P025,27/11/2023,2,3475.68,DONE,tanger,Carte,LIV4,2023-11-29
CMD28239,CL0045,P052,Jan 03 2023,1,3891.74,DONE,casa,Carte,LIV6,2023-01-06
CMD32758,CL0812,P069,05/02/2023,5,3335.0,DONE,marrakech,Carte,LIV2,2023-02-08
CMD26200,CL0499,P045,Jan 29 2023,3,2186.75,livré,Tnja,Carte,LIV7,2023-01-31
CMD14720,CL0861,P044,2023-05-14,5,936.01,annulé,TANGER,Carte,LIV2,
CMD28580,CL0317,P098,2024-02-03,5,3657.76,livre,casa,Carte,LIV1,
CMD42389,CL0683,P016,Apr 25 2024,5,2557.71,KO,tanger,Carte,LIV5,
CMD09740,CL0334,P093,Jul 18 2023,2,578.69,en_cours,kech,Carte,LIV4,
CMD31797,CL0119,P072,2023-11-27,2,53.46,DONE,Agadir,Carte,LIV2,2023-11-28
CMD33775,CL0997,P040,2024-03-20,1,4835.88,livré,TNG,Carte,,2024-03-25
CMD13496,CL0878,P024,2024-02-19,5,2857.72,livré,kech,Carte,LIV5,2024-02-23
CMD37716,CL0048,P021,18/03/2023,4,3620.57,LIVRE,RBA,Carte,LIV6,2023-03-23
CMD18982,CL0529,P010,Jan 05 2024,5,1567.09,en_cours,casa,Carte,LIV2,
CMD19600,CL0485,P085,Dec 02 2023,4,1972.3,KO,TNG,Carte,LIV10,
CMD46458,CL0842,P023,22/02/2024,3,1187.07,DONE,Agadir,Carte,LIV2,2024-02-27
CMD35967,CL0290,P051,07/01/2023,4,4641.1,OK,RBA,Carte,LIV6,
CMD33709,CL0918,P077,Dec 26 2023,2,4648.61,livre,Agadir,Carte,LIV2,
CMD12276,CL0653,P071,Dec 31 2023,2,4346.81,en_cours,RBA,Carte,LIV8,
CMD36237,CL0326,P088,Mar 07 2024,5,4170.02,KO,TNG,Carte,LIV6,
CMD34681,CL0699,P065,15/04/2023,1,4562.84,OK,casa,Carte,LIV9,
CMD03454,CL0590,P031,15/07/2023,5,2036.58,LIVRE,casa,Carte,LIV8,2023-07-17
CMD26589,CL0251,P058,Dec 04 2023,5,3067.49,en_cours,kech,Carte,LIV3,
CMD38249,CL0366,P071,Aug 08 2023,3,343.54,DONE,marrakech,Carte,LIV1,2023-08-12
CMD41385,CL0451,P021,Mar 16 2023,3,1853.79,livré,casa,Carte,,2023-03-21
CMD05465,CL0630,P023,Mar 15 2023,3,257.17,en_cours,kech,Carte,LIV3,
CMD10136,CL0376,P013,Oct 22 2023,5,1426.16,KO,TNG,Carte,LIV7,
CMD11207,CL0773,P071,May 04 2023,2,3020.64,DONE,TNG,Carte,LIV2,2023-05-09
CMD11322,CL0207,P052,Jun 12 2023,4,3731.21,annulé,casa,Carte,LIV6,
CMD21021,CL0647,P096,15/09/2023,4,623.8,DONE,kech,Carte,LIV2,2023-09-19
CMD13591,CL0542,P065,2024-01-03,5,4525.95,livré,TANGER,Carte,LIV1,2024-01-08
CMD15693,CL0152,P026,2023-09-07,1,1076.68,retourné,TANGER,Carte,,2023-09-08
CMD08351,CL0116,P048,2023-01-13,4,4187.04,LIVRE,TANGER,Carte,LIV3,2023-01-14
CMD16826,CL0664,P066,Feb 26 2024,3,774.62,en_cours,CASABLANCA,Carte,LIV8,
CMD45702,CL0352,P072,2023-04-16,2,4423.23,OK,Tnja,Carte,LIV7,
CMD07728,CL0519,P006,2023-05-20,5,346.26,LIVRE,Agadir,Carte,LIV7,2023-05-24
CMD29645,CL0490,P084,2023-04-28,3,3728.69,annulé,Agadir,Carte,LIV2,
CMD18898,CL0276,P100,2024-02-03,2,4273.06,livré,TNG,Carte,LIV2,2024-02-05
CMD35370,CL0730,P041,Oct 09 2023,4,385.91,DONE,CASABLANCA,Carte,LIV10,2023-10-14
CMD32554,CL0466,P028,2023-11-18,2,4109.55,annulé,marrakech,Carte,LIV3,
CMD29596,CL0710,P061,2024-05-05,2,4187.75,retourné,Tnja,Carte,LIV9,2024-05-06
CMD14495,CL0201,P084,Feb 02 2023,1,3746.36,KO,Agadir,Carte,,
CMD02433,CL0694,P073,Jan 30 2023,1,1296.8,livré,TNG,Carte,LIV7,2023-01-31
CMD34885,CL0957,P016,2023-10-04,2,768.96,OK,casa,Carte,,
CMD03703,CL0146,P070,Mar 05 2024,4,4544.69,DONE,tanger,Carte,LIV4,2024-03-10
CMD09870,CL0939,P065,2024-01-02,1,484.77,livré,marrakech,Carte,LIV4,2024-01-03
CMD46866,CL0211,P099,Apr 15 2023,4,925.96,OK,TNG,Carte,LIV10,
CMD28286,CL1000,P083,12/03/2024,1,4317.85,DONE,Tnja,Carte,LIV7,2024-03-15
CMD08478,CL0314,P096,25/03/2024,5,2414.71,retourné,tanger,Carte,LIV2,2024-03-28
CMD48007,CL0489,P016,2023-08-01,4,1455.38,retourné,tanger,Carte,LIV4,2023-08-04
CMD31939,CL0321,P012,30/06/2023,1,510.7,LIVRE,Tnja,Carte,LIV3,2023-07-02
CMD11386,CL0540,P040,24/01/2023,5,600.67,DONE,casa,Carte,LIV1,2023-01-27
CMD29970,CL0746,P057,May 04 2024,5,1563.23,OK,TANGER,Carte,,
CMD31502,CL0288,P068,Mar 19 2024,5,4986.64,livré,Agadir,Carte,,2024-03-24
CMD16281,CL0617,P034,Jan 08 2024,3,0,LIVRE,CASABLANCA,Carte,LIV8,2024-01-10
CMD24515,CL0418,P068,Sep 04 2023,4,4809.32,LIVRE,marrakech,Carte,LIV7,2023-09-07
CMD31522,CL0708,P038,Nov 14 2023,3,4008.97,en_cours,CASABLANCA,Carte,LIV6,
CMD33351,CL0763,P040,02/03/2024,1,1091.31,livre,RBA,Carte,LIV1,
CMD38403,CL0626,P029,2024-01-02,2,3556.11,DONE,kech,Carte,LIV8,2024-01-03
CMD26022,CL0065,P037,2023-06-15,4,349.25,DONE,tanger,Carte,LIV10,2023-06-16
CMD14921,CL0976,P095,2023-12-12,4,4690.1,annulé,Agadir,Carte,LIV7,
CMD06911,CL0883,P017,Nov 25 2023,2,3375.24,livre,kech,Carte,LIV9,
CMD31277,CL0862,P023,2023-07-29,5,3372.0,LIVRE,kech,Carte,LIV6,2023-08-02
CMD09835,CL0055,P073,26/02/2024,2,152.2,livré,Agadir,Carte,LIV6,2024-02-28
CMD13373,CL0880,P047,2023-06-19,3,2405.54,livre,TANGER,Carte,LIV6,
CMD06838,CL0143,P006,Jul 04 2023,3,434.47,retourné,Tnja,Carte,LIV7,2023-07-09
CMD32830,CL0156,P060,Jul 11 2023,2,933.14,DONE,kech,Carte,LIV10,2023-07-16
CMD39751,CL0958,P017,20/09/2023,5,4174.77,LIVRE,CASABLANCA,Carte,LIV6,2023-09-21
CMD38208,CL0242,P071,2023-02-27,2,1486.07,DONE,tanger,Carte,LIV9,2023-02-28
CMD20860,CL0156,P042,May 01 2023,2,1179.59,annulé,TNG,Carte,LIV4,
CMD32374,CL0492,P048,05/03/2024,3,4970.8,livré,kech,Carte,LIV1,2024-03-07
CMD44464,CL0188,P062,Oct 25 2023,4,1370.13,annulé,TNG,Carte,LIV10,
CMD00220,CL0669,P062,Jan 14 2023,4,1550.62,retourné,CASABLANCA,Carte,LIV2,2023-01-18
CMD04566,CL0411,P075,26/02/2023,4,1049.44,DONE,marrakech,Carte,LIV7,2023-02-28
CMD38381,CL0075,P017,09/11/2023,3,4939.04,livré,TNG,Carte,LIV8,2023-11-10
CMD42997,CL0728,P044,Oct 21 2023,4,4110.07,annulé,casa,Carte,LIV5,
CMD03329,CL0901,P006,2023-08-31,2,1181.31,DONE,marrakech,Carte,LIV2,2023-09-05
CMD13987,CL0023,P013,2023-03-05,4,1184.89,livre,RBA,Carte,LIV3,
CMD02642,CL0937,P047,2023-02-18,5,2093.74,en_cours,TANGER,Carte,LIV3,
CMD45327,CL0417,P084,2024-01-06,5,3608.1,annulé,tanger,Carte,LIV8,
CMD27843,CL0941,P082,2023-01-02,5,1129.56,DONE,casa,Carte,,2023-01-06
CMD17892,CL0801,P068,20/07/2023,2,1657.46,LIVRE,kech,Carte,LIV9,2023-07-24
CMD35644,CL0762,P036,13/01/2023,5,4485.55,livré,marrakech,Carte,LIV10,2023-01-14
CMD36488,CL0021,P026,2023-09-27,1,1745.75,DONE,RBA,Carte,LIV2,2023-09-30
CMD40802,CL0355,P017,08/04/2024,4,4064.31,LIVRE,RBA,Carte,LIV5,2024-04-13
CMD18434,CL0414,P080,27/07/2023,2,2084.53,livré,TANGER,Carte,,2023-07-29
CMD42706,CL0501,P053,2023-12-24,3,2617.03,livré,CASABLANCA,Carte,LIV4,2023-12-26
CMD37350,CL0848,P092,Mar 17 2024,4,4643.62,retourné,TANGER,Carte,LIV7,2024-03-18
CMD29906,CL0421,P068,Dec 30 2023,3,773.56,livre,kech,Carte,LIV3,
CMD12703,CL0235,P075,Jan 30 2023,4,108.81,livré,kech,Carte,LIV3,2023-02-04
CMD29249,CL0642,P038,19/09/2023,5,1977.41,livré,marrakech,Carte,LIV4,2023-09-20
CMD28803,CL0025,P089,20/10/2023,5,52.39,annulé,CASABLANCA,Carte,LIV4,
CMD48130,CL0215,P056,04/11/2023,1,4129.01,livré,marrakech,Carte,LIV5,2023-11-09
CMD42059,CL0698,P088,28/08/2023,2,624.73,KO,Tnja,Carte,LIV8,
CMD30098,CL0150,P066,May 11 2024,3,1849.78,livré,casa,Carte,LIV5,2024-05-15
CMD13655,CL0288,P021,31/01/2023,2,1244.75,LIVRE,Agadir,Carte,LIV4,2023-02-01
CMD02580,CL0364,P055,19/03/2023,2,1043.29,DONE,tanger,Carte,,2023-03-23
CMD35375,CL0392,P040,10/02/2024,4,2174.89,DONE,kech,Carte,LIV6,2024-02-15
CMD28806,CL0033,P086,01/04/2023,3,865.64,KO,TANGER,Carte,LIV7,
CMD15676,CL0785,P064,Jan 21 2024,3,1721.26,OK,tanger,Carte,,
CMD18507,CL0695,P043,17/04/2024,5,3111.56,retourné,TNG,Carte,LIV3,2024-04-19
CMD13260,CL0764,P097,2023-03-10,3,2325.87,KO,casa,Carte,LIV4,
CMD09066,CL0665,P065,2024-01-30,5,3933.36,DONE,TANGER,Carte,LIV10,2024-01-31
CMD34458,CL0332,P059,2023-04-27,3,4987.72,OK,TANGER,Carte,LIV1,
CMD28054,CL0585,P046,2024-02-14,4,686.45,OK,Agadir,Carte,LIV7,
CMD47274,CL0381,P026,Dec 31 2023,4,1307.46,OK,Tnja,Carte,LIV1,
CMD26460,CL0423,P062,24/11/2023,3,1808.98,livre,Tnja,Carte,LIV10,
CMD17081,CL0136,P092,10/02/2023,4,152.88,LIVRE,TANGER,Carte,LIV3,2023-02-11
CMD33394,CL0385,P078,Jan 22 2024,5,3166.57,livré,marrakech,Carte,LIV2,2024-01-25
CMD35591,CL0602,P024,Mar 03 2023,3,4338.69,retourné,marrakech,Carte,LIV10,2023-03-07
CMD31419,CL0313,P027,Jan 02 2024,1,723.51,livré,TNG,Carte,LIV3,2024-01-07
CMD05475,CL0654,P066,Apr 29 2023,2,912.3,livré,CASABLANCA,Carte,LIV2,2023-05-03
CMD28468,CL0261,P028,Apr 06 2023,2,3825.03,KO,TANGER,Carte,LIV3,
CMD04228,CL0470,P010,Apr 26 2024,3,527.02,KO,kech,Carte,LIV6,
CMD41254,CL0774,P032,2023-10-01,5,109.82,livré,RBA,Carte,LIV7,2023-10-04
CMD30473,CL0513,P069,Nov 09 2023,2,4474.76,livré,RBA,Carte,,2023-11-12
CMD43173,CL0216,P044,2023-05-01,2,2732.63,KO,casa,Carte,LIV4,
CMD19041,CL0974,P063,03/03/2024,2,3743.57,livré,Agadir,Carte,LIV2,2024-03-04
CMD29591,CL0349,P094,04/04/2024,5,2186.58,retourné,RBA,Carte,LIV5,2024-04-08
CMD21682,CL0515,P055,2023-10-19,5,1311.74,LIVRE,tanger,Carte,LIV6,2023-10-22
CMD02442,CL0085,P015,24/10/2023,3,1223.59,LIVRE,kech,Carte,LIV7,2023-10-28
CMD25733,CL0200,P052,Feb 16 2024,4,4683.82,livré,tanger,Carte,LIV1,2024-02-18
CMD34468,CL0527,P028,Aug 16 2023,4,2228.43,livré,CASABLANCA,Carte,LIV10,2023-08-18
CMD07519,CL0500,P071,21/01/2024,2,1527.1,KO,tanger,Carte,LIV10,
CMD26113,CL0774,P044,19/04/2023,3,3878.3,KO,kech,Carte,LIV3,
CMD13840,CL0205,P010,09/02/2023,5,2742.38,LIVRE,marrakech,Carte,LIV8,2023-02-13
CMD14171,CL0353,P096,20/02/2024,4,4342.97,LIVRE,marrakech,Carte,LIV10,2024-02-22
CMD47113,CL0417,P053,12/01/2023,2,3412.16,en_cours,CASABLANCA,Carte,LIV6,
CMD37107,CL0086,P015,Apr 26 2023,5,3169.63,livre,TANGER,Carte,LIV6,
CMD39535,CL0044,P066,2023-05-30,2,1798.44,livre,RBA,Carte,LIV10,
CMD18479,CL0595,P001,2023-08-08,5,1191.46,en_cours,tanger,Carte,LIV3,
CMD07104,CL0451,P036,Sep 17 2023,4,3022.96,OK,RBA,Carte,LIV7,
CMD14210,CL0659,P054,02/06/2023,2,1834.57,KO,Tnja,Carte,LIV5,
CMD02966,CL0494,P085,2023-11-16,2,1792.3,retourné,casa,Carte,LIV4,2023-11-20
CMD46470,CL0197,P071,24/04/2023,3,3685.94,DONE,Agadir,Carte,LIV6,2023-04-25
CMD22856,CL0002,P068,Aug 21 2023,1,2210.98,livré,kech,Carte,LIV10,2023-08-23
CMD05377,CL0432,P011,Feb 19 2023,4,4393.81,annulé,TNG,Carte,LIV10,
CMD28470,CL0542,P009,Feb 15 2023,5,2244.43,livré,TNG,Carte,LIV1,2023-02-17
CMD36307,CL0357,P031,Jan 24 2023,2,3782.2,livre,RBA,Carte,LIV9,
CMD29587,CL0600,P042,Jun 09 2023,3,0,LIVRE,Tnja,Carte,LIV9,2023-06-13
CMD04816,CL0423,P018,Mar 23 2024,4,1950.99,livré,Agadir,Carte,LIV7,2024-03-24
CMD44284,CL0092,P085,2024-04-19,4,3576.97,annulé,Agadir,Carte,LIV7,
CMD39855,CL0828,P083,May 04 2023,1,4647.14,livré,tanger,Carte,LIV1,2023-05-09
CMD44889,CL0390,P064,28/05/2023,1,1866.66,LIVRE,Agadir,Carte,LIV3,2023-05-31
CMD16925,CL0630,P022,2024-03-09,3,1127.87,OK,TNG,Carte,LIV5,
CMD22116,CL0914,P054,2023-09-27,5,4705.99,livre,marrakech,Carte,LIV9,
CMD08166,CL0143,P015,2023-08-18,1,2608.26,livre,TANGER,Carte,LIV1,
CMD19555,CL0481,P008,21/09/2023,-1,3495.87,retourné,TNG,Carte,LIV7,2023-09-24
CMD30206,CL0858,P043,17/12/2023,3,220.11,LIVRE,CASABLANCA,Carte,LIV7,2023-12-22
CMD14226,CL0248,P028,Oct 19 2023,5,2783.14,annulé,TNG,Carte,LIV6,
CMD45743,CL0569,P072,16/01/2024,5,4336.25,annulé,casa,Carte,LIV9,
CMD12582,CL0538,P068,07/02/2024,5,607.33,en_cours,TNG,Carte,LIV4,
CMD39633,CL0199,P091,Aug 30 2023,4,4876.65,livré,CASABLANCA,Carte,LIV8,2023-09-01
CMD08215,CL0289,P048,2023-03-17,1,2243.47,livré,tanger,Carte,LIV10,2023-03-19
CMD34112,CL0011,P034,08/09/2023,5,696.16,retourné,TANGER,Carte,LIV5,2023-09-13
CMD12265,CL0341,P023,2023-03-10,3,3075.58,LIVRE,TNG,Carte,LIV8,2023-03-13
CMD19307,CL0999,P021,25/11/2023,5,4937.34,livré,kech,Carte,LIV10,2023-11-28
CMD19279,CL0926,P070,Jul 31 2023,5,2838.25,retourné,marrakech,Carte,LIV10,2023-08-01
CMD09796,CL0347,P076,20/05/2023,1,2494.82,annulé,Agadir,Carte,LIV5,
CMD27799,CL0878,P055,09/12/2023,3,4156.4,LIVRE,TNG,Carte,LIV2,2023-12-14
CMD00290,CL0181,P007,Mar 06 2024,2,2461.35,LIVRE,Tnja,Carte,LIV7,2024-03-10
CMD30652,CL0184,P089,06/03/2023,2,0,KO,marrakech,Carte,LIV4,
CMD02498,CL0741,P015,2023-01-20,2,600.15,en_cours,tanger,Carte,LIV4,
CMD42333,CL0121,P007,2023-01-24,2,453.5,livre,TNG,Carte,LIV8,
CMD18644,CL0258,P046,Nov 15 2023,4,3689.59,livré,tanger,Carte,LIV10,2023-11-20
CMD47341,CL0752,P078,2023-06-16,5,4291.5,livré,TNG,Carte,LIV3,2023-06-19
CMD39159,CL0341,P079,2023-11-17,3,2714.79,livré,casa,Carte,,2023-11-20
CMD24407,CL0016,P075,24/10/2023,4,1289.29,retourné,casa,Carte,LIV4,2023-10-26
CMD32825,CL0935,P082,Feb 29 2024,1,730.05,DONE,Agadir,Carte,LIV4,2024-03-05
CMD22980,CL0820,P051,2023-11-05,4,4610.32,retourné,Agadir,Carte,LIV1,2023-11-06
CMD17635,CL0228,P088,Jan 31 2023,1,4879.78,livré,TANGER,Carte,LIV6,2023-02-01
CMD44249,CL0862,P076,05/01/2023,1,3554.66,annulé,CASABLANCA,Carte,LIV10,
CMD28616,CL0815,P005,01/08/2023,1,1032.87,OK,casa,Carte,LIV7,
CMD45878,CL0538,P005,2024-03-05,4,0,annulé,TANGER,Carte,LIV5,
CMD19340,CL0313,P011,06/07/2023,1,71.16,DONE,marrakech,Carte,LIV1,2023-07-08
CMD12597,CL0947,P081,2024-03-18,1,4889.74,DONE,kech,Carte,LIV10,2024-03-22
CMD37816,CL0245,P027,May 31 2023,2,1590.38,livre,kech,Carte,LIV3,
CMD18737,CL0077,P062,May 10 2023,5,2429.41,KO,Agadir,Carte,LIV2,
CMD02988,CL0156,P030,Jan 11 2024,4,2428.74,KO,CASABLANCA,Carte,LIV5,
CMD29921,CL0887,P016,26/04/2023,1,4607.16,OK,kech,Carte,LIV9,
CMD07020,CL0345,P066,Jan 27 2024,4,589.41,livré,RBA,Carte,LIV8,2024-01-28
CMD32673,CL0318,P007,23/11/2023,1,2983.97,annulé,TNG,Carte,LIV4,
CMD47131,CL0115,P058,2023-10-03,1,4114.12,DONE,TANGER,Carte,LIV10,2023-10-07
CMD42267,CL0493,P100,2024-02-01,3,719.85,livré,Tnja,Carte,LIV9,2024-02-04
CMD05853,CL0025,P085,2023-07-12,5,3237.81,annulé,RBA,Carte,LIV2,
CMD12197,CL0761,P016,Jul 05 2023,3,2823.14,DONE,RBA,Carte,LIV7,2023-07-07
CMD21348,CL0871,P001,2024-03-04,4,1218.3,en_cours,TANGER,Carte,LIV9,
CMD22434,CL0429,P089,May 31 2023,2,2600.77,livre,casa,Carte,LIV1,
CMD11539,CL0508,P034,06/11/2023,5,4366.36,DONE,CASABLANCA,Carte,LIV7,2023-11-08
CMD46799,CL0465,P029,2023-01-31,1,1897.68,KO,TANGER,Carte,LIV1,
CMD36901,CL0278,P003,Apr 26 2024,2,1668.66,livré,Tnja,Carte,LIV10,2024-04-27
CMD43282,CL0265,P052,Oct 22 2023,4,1540.77,OK,CASABLANCA,Carte,LIV8,
CMD35106,CL0475,P016,Mar 18 2023,1,0,OK,TANGER,Carte,LIV3,
CMD23180,CL0767,P097,Feb 24 2024,3,4472.82,LIVRE,casa,Carte,LIV4,2024-02-29
CMD09951,CL0217,P087,Aug 03 2023,4,2778.03,KO,kech,Carte,LIV6,
CMD38647,CL0358,P010,03/04/2023,1,2100.61,LIVRE,tanger,Carte,LIV6,2023-04-08
CMD11318,CL0254,P013,Aug 08 2023,2,1737.02,DONE,CASABLANCA,Carte,LIV8,2023-08-09
CMD32472,CL0213,P088,07/04/2023,4,3494.82,DONE,CASABLANCA,Carte,LIV4,2023-04-08
CMD23120,CL0471,P081,23/04/2024,2,2165.45,livré,Agadir,Carte,LIV3,2024-04-28
CMD34636,CL0426,P029,Mar 09 2024,4,3136.52,LIVRE,marrakech,Carte,LIV3,2024-03-14
CMD14559,CL0067,P045,2024-01-16,1,3633.34,livré,RBA,Carte,LIV7,2024-01-17
CMD21374,CL0418,P013,Jun 03 2023,1,1778.5,DONE,TNG,Carte,LIV10,2023-06-06
CMD21695,CL0893,P043,2023-11-14,3,2677.63,livré,casa,Carte,LIV5,2023-11-19
CMD32810,CL0439,P039,2023-10-14,1,2303.41,annulé,TNG,Carte,,
CMD06796,CL0015,P088,01/11/2023,2,3524.75,livré,marrakech,Carte,LIV7,2023-11-04
CMD28216,CL0927,P029,May 20 2023,4,2363.9,KO,RBA,Carte,LIV5,
CMD07936,CL0641,P013,23/04/2023,2,2199.02,DONE,TANGER,Carte,LIV3,2023-04-26
CMD17284,CL0777,P019,Apr 26 2023,3,3081.03,livré,marrakech,Carte,LIV4,2023-04-30
CMD39024,CL0848,P076,Oct 28 2023,-1,2704.21,livre,Agadir,Carte,LIV9,
CMD00497,CL0423,P090,17/01/2023,4,918.87,livré,casa,Carte,LIV9,2023-01-21
CMD38936,CL0461,P069,2023-11-28,1,4400.01,retourné,Tnja,Carte,LIV4,2023-12-03
CMD41857,CL0494,P024,Apr 11 2024,5,4998.81,DONE,TANGER,Carte,LIV4,2024-04-13
CMD26205,CL0636,P054,13/12/2023,3,164.37,livré,casa,Carte,LIV6,2023-12-15
CMD08952,CL0273,P065,03/11/2023,2,2458.19,livré,TNG,Carte,,2023-11-08
CMD26917,CL0386,P037,2023-11-27,4,3042.1,livre,marrakech,Carte,LIV9,
CMD25436,CL0004,P076,2024-02-12,3,1123.79,livré,TANGER,Carte,LIV5,2024-02-16
CMD02404,CL0108,P059,Sep 20 2023,1,709.01,LIVRE,TANGER,Carte,LIV9,2023-09-22
CMD48416,CL0151,P032,2023-05-15,3,2389.29,en_cours,TANGER,Carte,LIV9,
CMD41156,CL0278,P025,01/01/2023,3,4177.26,livré,marrakech,Carte,LIV10,2023-01-05
CMD21932,CL0926,P097,2023-02-10,3,890.46,en_cours,tanger,Carte,LIV4,
CMD21649,CL0846,P079,2023-10-28,5,1695.68,OK,Tnja,Carte,LIV8,
CMD40727,CL0561,P052,Apr 30 2024,3,4146.45,livre,marrakech,Carte,LIV1,
CMD04793,CL0250,P061,14/10/2023,3,1592.07,livré,TNG,Carte,LIV2,2023-10-17
CMD17380,CL0167,P034,Jan 17 2023,3,2180.25,livré,Tnja,Carte,LIV2,2023-01-22
CMD08596,CL0001,P002,Oct 09 2023,2,1865.98,en_cours,Tnja,Carte,LIV7,
CMD33300,CL0512,P061,Dec 16 2023,3,3817.96,livré,TANGER,Carte,LIV8,2023-12-21
CMD30740,CL0656,P071,10/01/2023,5,1140.49,livré,Agadir,Carte,LIV5,2023-01-11
CMD17561,CL0344,P012,Feb 26 2024,5,1584.86,DONE,kech,Carte,LIV10,2024-03-02
CMD45671,CL0321,P020,2023-09-19,3,4766.71,annulé,tanger,Carte,LIV9,
CMD44561,CL0054,P011,Apr 11 2023,3,3465.81,en_cours,marrakech,Carte,,
CMD31690,CL0503,P072,2024-05-11,4,2396.37,LIVRE,marrakech,Carte,LIV4,2024-05-13
CMD26103,CL0614,P080,Oct 16 2023,3,1435.53,KO,casa,Carte,LIV5,
CMD15572,CL0371,P099,2024-03-28,5,4206.55,LIVRE,casa,Carte,,2024-03-29
CMD02122,CL0318,P011,2023-02-02,4,4407.71,LIVRE,tanger,Carte,,2023-02-06
CMD05618,CL0971,P020,Mar 29 2024,1,3512.92,livre,casa,Carte,LIV8,
CMD25911,CL0880,P060,2024-02-15,1,2288.54,retourné,CASABLANCA,Carte,LIV10,2024-02-19
CMD23104,CL0570,P041,Aug 04 2023,3,1448.3,en_cours,tanger,Carte,,
CMD23107,CL0076,P095,05/04/2024,4,3340.42,LIVRE,Tnja,Carte,LIV8,2024-04-07
CMD28203,CL0717,P059,04/02/2023,1,718.39,annulé,Tnja,Carte,LIV9,
CMD05881,CL0521,P044,03/06/2023,1,1342.66,livré,tanger,Carte,LIV3,2023-06-08
CMD06861,CL0026,P022,26/09/2023,5,150.4,livré,Tnja,Carte,LIV5,2023-09-27
CMD01433,CL0712,P037,25/09/2023,4,336.21,OK,TNG,Carte,LIV10,
CMD23615,CL0932,P014,Apr 22 2023,4,1552.28,annulé,tanger,Carte,LIV2,
CMD35457,CL0495,P036,2023-03-24,2,1894.39,annulé,Agadir,Carte,LIV1,
CMD17009,CL0291,P097,04/08/2023,3,3944.47,KO,tanger,Carte,LIV8,
CMD04602,CL0377,P073,2023-04-01,5,3567.56,LIVRE,Tnja,Carte,LIV2,2023-04-03
CMD44933,CL0120,P011,Mar 21 2024,1,2315.41,KO,Tnja,Carte,LIV9,
CMD04105,CL0816,P030,2023-05-27,1,1420.41,LIVRE,marrakech,Carte,LIV5,2023-05-29
CMD10077,CL0155,P068,05/07/2023,1,580.55,livré,TANGER,Carte,LIV2,2023-07-08
CMD07744,CL0735,P016,Sep 30 2023,2,3210.98,en_cours,Tnja,Carte,LIV3,
CMD42140,CL0673,P051,2024-02-06,3,2535.2,livre,casa,Carte,LIV4,
CMD00270,CL0363,P092,Mar 12 2024,5,2392.15,livré,TANGER,Carte,LIV2,2024-03-14
CMD29592,CL0592,P098,2023-08-27,1,4411.81,retourné,Agadir,Carte,,2023-08-30
CMD29494,CL0505,P007,31/01/2024,3,3283.69,LIVRE,TNG,Carte,LIV3,2024-02-04
CMD42216,CL0277,P078,12/04/2024,2,3657.65,en_cours,marrakech,Carte,LIV4,
CMD23646,CL0981,P097,Jun 17 2023,2,4350.3,LIVRE,RBA,Carte,LIV5,2023-06-20
CMD19849,CL0906,P100,Mar 21 2023,1,0,en_cours,Tnja,Carte,LIV5,
CMD28304,CL0387,P067,06/09/2023,2,2680.58,LIVRE,marrakech,Carte,LIV8,2023-09-10
CMD27868,CL0124,P080,24/01/2024,4,1621.12,LIVRE,CASABLANCA,Carte,LIV2,2024-01-29
CMD31174,CL0107,P015,17/04/2023,1,1052.32,livre,marrakech,Carte,LIV3,
CMD41052,CL0499,P045,2023-06-20,2,3374.58,DONE,TNG,Carte,LIV8,2023-06-23
CMD44891,CL0466,P079,2023-09-29,1,4839.04,livré,CASABLANCA,Carte,LIV6,2023-09-30
CMD38751,CL0207,P010,2023-02-19,1,870.8,en_cours,TNG,Carte,LIV10,
CMD47167,CL0819,P039,2023-01-01,3,3180.44,livré,tanger,Carte,LIV10,2023-01-06
CMD44302,CL0008,P009,2023-08-16,2,3816.15,LIVRE,TNG,Carte,LIV8,2023-08-20
CMD15386,CL0294,P019,2023-12-01,4,1119.01,en_cours,TNG,Carte,,
CMD47268,CL0260,P073,11/02/2024,4,722.36,en_cours,tanger,Carte,LIV5,
CMD07571,CL0180,P043,2024-05-07,2,1099.12,livré,casa,Carte,LIV4,2024-05-08
CMD05461,CL0045,P072,Mar 07 2023,2,2636.25,livre,RBA,Carte,LIV5,
CMD18870,CL0022,P093,2024-05-03,5,4625.87,en_cours,tanger,Carte,,
CMD47819,CL0049,P009,Mar 21 2023,1,4265.41,livre,Tnja,Carte,LIV2,
CMD10812,CL0083,P052,Feb 05 2023,2,4126.17,livre,marrakech,Carte,LIV4,
CMD20143,CL0161,P043,2023-08-30,2,4969.79,DONE,Tnja,Carte,,2023-09-02
CMD39569,CL0731,P027,2023-05-27,3,2567.67,annulé,CASABLANCA,Carte,LIV6,
CMD46340,CL0347,P028,2024-02-20,3,2613.41,livré,TNG,Carte,LIV4,2024-02-24
CMD18155,CL0197,P065,Jan 29 2023,2,3430.76,en_cours,TNG,Carte,LIV2,
CMD05792,CL0809,P080,24/07/2023,1,1428.4,retourné,Agadir,Carte,LIV6,2023-07-29
CMD39158,CL0722,P048,25/03/2024,1,4744.54,KO,TANGER,Carte,,
CMD14571,CL0912,P039,19/01/2024,2,466.22,KO,Agadir,Carte,LIV5,
CMD34427,CL0401,P082,2023-02-16,5,3290.44,livré,TNG,Carte,LIV3,2023-02-21
CMD19552,CL0379,P067,2023-03-20,3,4109.14,livré,Agadir,Carte,LIV4,2023-03-23
CMD00748,CL0303,P070,29/06/2023,1,4242.62,OK,Agadir,Carte,LIV5,
CMD16656,CL0114,P094,23/02/2024,2,3747.34,retourné,CASABLANCA,Carte,LIV8,2024-02-25
CMD05249,CL0373,P013,Nov 02 2023,-1,731.36,livré,TNG,Carte,,2023-11-03
CMD40311,CL0826,P015,02/03/2023,5,2993.75,LIVRE,casa,Carte,LIV1,2023-03-07
CMD33242,CL0495,P041,Mar 15 2024,3,1047.19,en_cours,kech,Carte,LIV6,
CMD32135,CL0204,P024,13/05/2024,1,331.27,KO,Agadir,Carte,LIV7,
CMD14730,CL0658,P027,Mar 11 2024,2,4118.79,livré,tanger,Carte,LIV2,2024-03-13
CMD35293,CL0796,P034,24/04/2023,3,1032.91,retourné,Agadir,Carte,LIV4,2023-04-25
CMD29302,CL0856,P069,May 29 2023,2,3644.27,retourné,casa,Carte,LIV1,2023-06-03
CMD36106,CL0418,P001,22/05/2023,2,2271.63,annulé,tanger,Carte,LIV9,
CMD31511,CL0446,P067,2024-03-11,1,1940.07,livre,TNG,Carte,LIV4,
CMD40669,CL0215,P029,06/08/2023,4,3322.03,DONE,marrakech,Carte,,2023-08-10
CMD01393,CL0447,P077,11/04/2024,1,4175.12,OK,Agadir,Carte,,
CMD45421,CL0138,P010,Apr 10 2024,1,2084.9,OK,Agadir,Carte,LIV8,
CMD30326,CL0130,P061,17/08/2023,4,0,en_cours,kech,Carte,LIV3,
CMD38431,CL0126,P014,2023-03-19,3,4015.35,LIVRE,TNG,Carte,LIV5,2023-03-21
CMD42361,CL0910,P091,2023-07-15,4,443.32,annulé,kech,Carte,,
CMD03966,CL0968,P062,Jan 23 2024,3,3987.26,retourné,RBA,Carte,LIV9,2024-01-28
CMD28296,CL0731,P044,07/08/2023,4,3487.19,DONE,tanger,Carte,LIV7,2023-08-10
CMD34260,CL0219,P007,Apr 02 2024,1,1572.5,livré,kech,Carte,LIV10,2024-04-07
CMD30956,CL0431,P037,May 10 2023,4,2189.86,livré,kech,Carte,LIV6,2023-05-12
CMD03412,CL0180,P025,2024-03-01,2,2088.71,en_cours,TNG,Carte,LIV1,
CMD18185,CL0385,P043,2024-04-05,1,1517.0,LIVRE,casa,Carte,LIV6,2024-04-09
CMD11121,CL0932,P031,02/01/2024,2,1026.85,livre,TANGER,Carte,LIV5,
CMD00895,CL0951,P037,2024-05-09,1,1128.76,LIVRE,tanger,Carte,LIV7,2024-05-10
CMD22445,CL0328,P094,Oct 24 2023,3,286.26,en_cours,tanger,Carte,LIV6,
CMD34262,CL0462,P076,2023-07-07,1,2812.68,en_cours,Agadir,Carte,LIV10,
CMD31764,CL0861,P003,Apr 20 2023,3,4334.38,OK,CASABLANCA,Carte,LIV10,
CMD10922,CL0803,P090,01/01/2024,2,3216.02,LIVRE,marrakech,Carte,,2024-01-04
CMD48051,CL0144,P094,Aug 28 2023,1,1261.8,annulé,tanger,Carte,LIV2,
CMD04779,CL0264,P047,2023-04-04,2,3512.12,livré,CASABLANCA,Carte,LIV3,2023-04-09
CMD46792,CL0764,P072,19/01/2024,5,1506.43,DONE,kech,Carte,LIV7,2024-01-24
CMD40129,CL0445,P019,Jan 06 2023,1,4627.21,KO,marrakech,Carte,LIV4,
CMD07754,CL0886,P038,19/07/2023,1,3137.31,en_cours,TNG,Carte,LIV1,
CMD31247,CL0324,P012,Apr 28 2024,4,1726.51,livré,TANGER,Carte,LIV5,2024-05-02
CMD39980,CL0433,P066,24/05/2023,4,1882.73,livré,casa,Carte,LIV4,2023-05-27
CMD08599,CL0106,P030,May 12 2024,1,988.07,livre,CASABLANCA,Carte,LIV10,
CMD00150,CL0349,P011,Jan 03 2023,2,376.77,livré,TANGER,Carte,LIV3,2023-01-08
CMD14174,CL0908,P076,Apr 10 2024,3,1436.24,livre,kech,Carte,LIV10,
CMD33748,CL0198,P099,27/04/2024,4,388.35,retourné,marrakech,Carte,LIV8,2024-05-02
CMD18355,CL0347,P068,08/07/2023,4,606.03,livré,Tnja,Carte,LIV4,2023-07-12
CMD28014,CL0608,P094,Jan 06 2024,5,3159.89,livré,marrakech,Carte,LIV2,2024-01-10
CMD14746,CL0623,P014,28/04/2024,2,907.99,retourné,TNG,Carte,,2024-05-02
CMD25806,CL0795,P098,12/12/2023,4,1304.73,livré,Tnja,Carte,LIV10,2023-12-16
CMD08807,CL0855,P090,30/12/2023,1,3520.99,livré,Agadir,Carte,LIV6,2024-01-01
CMD38033,CL0582,P018,01/07/2023,3,3799.98,OK,kech,Carte,LIV8,
CMD25834,CL0992,P012,Oct 25 2023,3,1573.84,LIVRE,TNG,Carte,LIV9,2023-10-26
CMD04528,CL0613,P019,2024-02-22,1,283.92,annulé,TNG,Carte,LIV8,
CMD24342,CL0311,P027,17/04/2023,2,3489.7,DONE,TNG,Carte,LIV2,2023-04-20
CMD34779,CL0784,P034,17/05/2023,3,2061.55,livré,marrakech,Carte,LIV4,2023-05-20
CMD29175,CL0488,P092,13/11/2023,3,4775.24,annulé,TANGER,Carte,LIV6,
CMD23655,CL0150,P042,2023-01-05,5,665.99,LIVRE,Tnja,Carte,LIV3,2023-01-09
CMD43504,CL0924,P034,10/11/2023,1,1515.05,livré,TANGER,Carte,LIV8,2023-11-13
CMD07945,CL0505,P004,Dec 28 2023,5,4683.02,annulé,TANGER,Carte,LIV10,
CMD03220,CL0402,P062,11/10/2023,1,3613.5,livré,Tnja,Carte,LIV8,2023-10-14
CMD09497,CL0531,P063,Mar 12 2024,2,1462.89,OK,Tnja,Carte,,
CMD30797,CL0242,P081,20/12/2023,3,1413.04,en_cours,Tnja,Carte,LIV5,
CMD10352,CL0646,P015,2023-11-16,4,1917.46,livré,TANGER,Carte,LIV10,2023-11-17
CMD30035,CL0243,P034,Feb 07 2024,2,976.4,livre,RBA,Carte,LIV9,
CMD13720,CL0131,P073,Jun 12 2023,2,2881.84,livre,CASABLANCA,Carte,LIV5,
CMD17704,CL0052,P050,23/02/2023,3,4956.81,OK,RBA,Carte,LIV1,
CMD33631,CL0886,P089,Apr 24 2024,4,4665.43,livre,casa,Carte,LIV7,
CMD26095,CL0855,P089,28/05/2023,3,3283.32,annulé,Tnja,Carte,LIV4,
CMD09187,CL0803,P069,19/10/2023,3,2229.07,OK,Agadir,Carte,LIV7,
CMD36926,CL0558,P079,Mar 17 2023,3,2982.49,annulé,RBA,Carte,LIV5,
CMD36267,CL0351,P021,2023-12-03,2,2832.34,OK,TANGER,Carte,LIV1,
CMD43715,CL0923,P024,Feb 08 2023,1,1117.5,DONE,TANGER,Carte,LIV10,2023-02-10
CMD20877,CL0133,P064,Aug 13 2023,2,3667.47,annulé,RBA,Carte,LIV7,
CMD35720,CL0283,P087,03/11/2023,5,1208.41,livré,marrakech,Carte,LIV7,2023-11-08
CMD08506,CL0051,P086,22/01/2024,1,4347.23,livre,casa,Carte,LIV7,
CMD12867,CL0191,P084,14/09/2023,1,4383.56,KO,RBA,Carte,LIV8,
CMD29771,CL0086,P060,2023-01-09,5,1296.13,livré,TNG,Carte,LIV2,2023-01-14
CMD36899,CL0495,P028,Sep 24 2023,5,2985.36,livré,casa,Carte,LIV8,2023-09-28
CMD48249,CL0746,P076,2023-10-25,2,751.6,DONE,tanger,Carte,LIV7,2023-10-28
CMD39026,CL0208,P029,11/02/2023,3,3509.28,retourné,Tnja,Carte,,2023-02-15
CMD28171,CL0206,P053,2023-03-22,4,1752.01,LIVRE,Agadir,Carte,,2023-03-23
CMD22291,CL0135,P009,2024-04-19,1,2242.78,livré,marrakech,Carte,LIV3,2024-04-23
CMD09219,CL0942,P003,Mar 16 2023,4,4759.09,KO,RBA,Carte,LIV1,
CMD42099,CL0886,P024,2023-10-10,1,837.36,retourné,casa,Carte,LIV3,2023-10-12
CMD36050,CL0529,P084,Feb 19 2024,2,3655.07,livré,TNG,Carte,LIV5,2024-02-21
CMD07433,CL0801,P025,Mar 26 2024,1,1147.01,livre,marrakech,Carte,LIV10,
CMD25407,CL0373,P012,Jul 05 2023,5,4702.31,OK,TANGER,Carte,,
CMD12425,CL0405,P041,Nov 02 2023,4,3452.12,LIVRE,Agadir,Carte,LIV9,2023-11-07
CMD00612,CL0026,P024,Dec 20 2023,5,4276.43,retourné,Agadir,Carte,LIV10,2023-12-21
CMD17707,CL0424,P073,Feb 19 2023,2,4082.25,LIVRE,Agadir,Carte,LIV4,2023-02-20
CMD41456,CL0591,P046,30/05/2023,3,946.89,retourné,marrakech,Carte,LIV4,2023-06-04
CMD43193,CL0204,P002,02/11/2023,3,4481.75,DONE,Agadir,Carte,LIV6,2023-11-04
CMD16654,CL0083,P024,Jun 27 2023,3,1028.78,OK,tanger,Carte,LIV1,
CMD47268,CL0260,P073,11/02/2024,4,722.36,en_cours,tanger,Carte,LIV5,
CMD43759,CL0352,P056,Dec 23 2023,4,3587.0,LIVRE,RBA,Carte,LIV2,2023-12-24
CMD22788,CL0488,P035,2023-10-24,3,0,retourné,RBA,Carte,LIV2,2023-10-29
CMD22828,CL0215,P028,2023-07-13,5,3751.66,LIVRE,Tnja,Carte,LIV10,2023-07-14
CMD22534,CL0714,P076,26/03/2023,1,853.19,livré,Tnja,Carte,LIV3,2023-03-28
CMD39729,CL0489,P015,20/04/2023,5,4241.11,livré,Agadir,Carte,LIV5,2023-04-24
CMD16172,CL0101,P051,2023-02-21,1,56.85,DONE,RBA,Carte,LIV8,2023-02-25
CMD30439,CL0211,P074,2023-10-15,5,1361.49,livre,Tnja,Carte,LIV1,
CMD02291,CL0930,P079,Oct 01 2023,3,690.28,annulé,casa,Carte,LIV3,
CMD31633,CL0260,P078,06/05/2024,4,3682.32,livré,RBA,Carte,LIV9,2024-05-11
CMD40490,CL0133,P094,Aug 16 2023,1,1656.85,KO,kech,Carte,LIV1,
CMD13432,CL1000,P048,Jul 01 2023,2,2924.03,annulé,RBA,Carte,LIV3,
CMD27210,CL0605,P040,Jun 12 2023,2,2838.93,DONE,tanger,Carte,LIV4,2023-06-14
CMD47615,CL0617,P072,Jul 29 2023,2,1734.5,livré,casa,Carte,,2023-08-03
CMD41568,CL0356,P044,2023-07-10,4,153.6,OK,Agadir,Carte,LIV7,
CMD07461,CL0691,P035,2023-11-23,4,1142.63,en_cours,RBA,Carte,LIV7,
CMD41117,CL0655,P073,2024-03-12,5,2895.5,livre,CASABLANCA,Carte,LIV8,
CMD45390,CL0501,P001,2023-03-10,1,905.66,livré,Agadir,Carte,LIV8,2023-03-15
CMD07456,CL0578,P080,May 28 2023,5,4664.66,KO,RBA,Carte,LIV9,
CMD13728,CL0557,P031,Feb 05 2024,5,3245.22,en_cours,RBA,Carte,LIV2,
CMD28421,CL0183,P081,Jan 13 2024,2,4530.7,livre,marrakech,Carte,LIV4,
CMD10617,CL0915,P044,2023-06-09,1,4783.53,OK,TNG,Carte,LIV3,
CMD46422,CL0732,P075,10/08/2023,2,4618.86,en_cours,TANGER,Carte,LIV4,
CMD41305,CL0901,P028,2023-07-20,1,3690.66,en_cours,casa,Carte,LIV5,
CMD02281,CL0663,P001,2023-01-04,1,3396.25,annulé,marrakech,Carte,LIV1,
CMD18660,CL0651,P064,05/12/2023,1,3576.61,LIVRE,TNG,Carte,LIV3,2023-12-10
CMD36812,CL0352,P049,14/11/2023,5,3132.65,LIVRE,casa,Carte,LIV9,2023-11-15
CMD16524,CL0248,P034,Jan 16 2023,5,2127.92,DONE,RBA,Carte,LIV7,2023-01-18
CMD40234,CL0682,P082,Jan 08 2023,2,779.61,en_cours,Agadir,Carte,LIV8,
CMD05554,CL0519,P066,Apr 04 2023,5,4855.89,KO,casa,Carte,LIV8,
CMD11844,CL0158,P071,04/04/2023,2,3301.16,KO,TNG,Carte,LIV7,
CMD24336,CL0776,P057,2024-03-10,4,2609.08,livré,marrakech,Carte,LIV8,2024-03-14
CMD02389,CL0314,P076,Mar 16 2023,3,3602.46,livré,marrakech,Carte,LIV9,2023-03-19
CMD02977,CL0481,P064,19/09/2023,5,3759.3,OK,marrakech,Carte,LIV6,
CMD18666,CL0582,P062,2023-08-28,2,2012.63,en_cours,TNG,Carte,LIV9,
CMD35501,CL0854,P024,28/10/2023,2,248.97,DONE,CASABLANCA,Carte,LIV4,2023-10-31
CMD46287,CL0577,P018,20/08/2023,3,615.87,KO,casa,Carte,LIV4,
CMD25129,CL0005,P092,Apr 26 2024,4,955.65,KO,CASABLANCA,Carte,LIV8,
CMD18711,CL0469,P004,Nov 11 2023,3,1616.98,livré,casa,Carte,LIV7,2023-11-15
CMD00015,CL0896,P083,2023-10-21,3,4193.15,en_cours,tanger,Carte,,
CMD04099,CL0973,P089,11/06/2023,3,1074.47,en_cours,RBA,Carte,LIV7,
CMD21356,CL0135,P064,Mar 12 2023,1,4121.57,en_cours,CASABLANCA,Carte,LIV9,
CMD13615,CL0533,P020,27/01/2023,4,3580.24,livré,CASABLANCA,Carte,,2023-01-30
CMD13277,CL0602,P046,Jan 19 2023,5,1651.61,livre,tanger,Carte,,
CMD26414,CL0309,P002,16/02/2024,2,4927.99,livré,TNG,Carte,LIV7,2024-02-17
CMD08441,CL0877,P025,Nov 07 2023,1,4276.43,livré,casa,Carte,,2023-11-12
CMD19476,CL0568,P084,19/04/2023,2,1086.43,livré,marrakech,Carte,LIV2,2023-04-21
CMD42764,CL0144,P072,2023-05-25,2,3237.11,DONE,TANGER,Carte,LIV5,2023-05-28
CMD40961,CL0619,P094,2023-08-01,4,3001.41,OK,RBA,Carte,LIV6,
CMD29492,CL0959,P055,Aug 03 2023,5,2728.91,KO,TANGER,Carte,LIV4,
CMD46206,CL0789,P014,Feb 01 2023,1,2674.87,KO,CASABLANCA,Carte,LIV4,
CMD08859,CL0920,P033,07/02/2024,1,3876.19,livré,TANGER,Carte,,2024-02-11
CMD08193,CL0890,P038,Jun 17 2023,2,2619.37,DONE,TNG,Carte,LIV2,2023-06-21
CMD08660,CL0380,P033,21/04/2023,1,606.82,retourné,Agadir,Carte,LIV1,2023-04-22
CMD42268,CL0266,P043,Jan 17 2024,2,3577.91,livré,TNG,Carte,LIV4,2024-01-20
CMD08830,CL0476,P040,30/03/2023,2,1882.76,annulé,RBA,Carte,LIV3,
CMD25727,CL0075,P055,09/03/2023,3,1308.9,DONE,TNG,Carte,LIV7,2023-03-14
CMD36351,CL0555,P042,2024-04-26,3,1901.69,LIVRE,casa,Carte,LIV9,2024-04-28
CMD21164,CL0461,P067,2023-04-29,3,4199.44,en_cours,TNG,Carte,LIV7,
CMD23600,CL0706,P006,Feb 29 2024,4,3551.41,annulé,CASABLANCA,Carte,LIV8,
CMD46978,CL0107,P045,2023-05-31,5,181.97,livré,TANGER,Carte,LIV2,2023-06-03
CMD14947,CL0593,P064,Sep 24 2023,2,1111.13,livré,tanger,Carte,LIV5,2023-09-25
CMD26354,CL0908,P081,2023-02-04,3,1012.65,en_cours,Tnja,Carte,LIV10,
CMD42496,CL0009,P028,2024-01-06,2,3152.55,livré,Tnja,Carte,,2024-01-11
CMD02796,CL0092,P062,Dec 12 2023,3,2835.51,KO,TNG,Carte,LIV9,
CMD38087,CL0587,P029,07/04/2024,1,3860.1,livré,kech,Carte,LIV2,2024-04-09
CMD29861,CL0016,P041,12/12/2023,1,235.99,DONE,Agadir,Carte,LIV6,2023-12-15
CMD07211,CL0060,P012,17/11/2023,5,2515.82,annulé,TNG,Carte,LIV7,
CMD41522,CL0650,P072,Feb 18 2024,3,4811.38,LIVRE,TNG,Carte,LIV2,2024-02-20
CMD30057,CL0806,P056,Jan 17 2023,2,2067.1,retourné,RBA,Carte,LIV3,2023-01-18
CMD19210,CL0978,P098,Jun 01 2023,5,0,LIVRE,kech,Carte,LIV6,2023-06-06
CMD12456,CL0379,P054,27/06/2023,5,1957.4,livré,tanger,Carte,LIV1,2023-06-29
CMD03118,CL0700,P018,03/06/2023,3,4452.03,livre,Tnja,Carte,LIV2,
CMD42679,CL0488,P099,11/12/2023,5,4837.42,livré,casa,Carte,LIV1,2023-12-13
CMD00305,CL0987,P076,Feb 07 2024,1,3415.38,OK,TANGER,Carte,LIV5,
CMD08811,CL0302,P041,2023-03-25,5,2776.13,DONE,casa,Carte,,2023-03-29
CMD02236,CL0159,P043,12/01/2024,4,2944.71,livré,CASABLANCA,Carte,LIV7,2024-01-13
CMD06021,CL0774,P030,2023-12-23,2,1962.1,OK,TNG,Carte,LIV3,
CMD29345,CL0611,P028,Mar 13 2024,3,2911.21,en_cours,kech,Carte,LIV7,
CMD24695,CL0944,P011,02/05/2024,5,4632.53,DONE,TNG,Carte,LIV5,2024-05-03
CMD01945,CL0308,P005,Jun 16 2023,3,1400.81,livré,marrakech,Carte,LIV1,2023-06-20
CMD18697,CL0513,P040,2023-05-01,1,2778.71,livré,RBA,Carte,LIV6,2023-05-02
CMD11565,CL0833,P005,18/08/2023,1,55.46,livré,tanger,Carte,LIV8,2023-08-22
CMD21001,CL0143,P060,2024-03-05,1,4326.73,livre,tanger,Carte,LIV1,
CMD00061,CL0594,P077,2023-02-08,4,2911.48,livré,Tnja,Carte,LIV1,2023-02-12
CMD15586,CL0919,P004,2024-01-13,1,2120.95,livré,Tnja,Carte,LIV7,2024-01-14
CMD34430,CL0258,P081,2023-02-02,5,1332.02,DONE,Agadir,Carte,LIV9,2023-02-04
CMD16209,CL0436,P063,11/02/2024,4,1354.42,livre,casa,Carte,LIV9,
CMD13182,CL0790,P072,10/04/2024,3,1298.62,livré,CASABLANCA,Carte,LIV5,2024-04-11
CMD21307,CL0359,P079,Mar 26 2024,5,4199.58,livré,Tnja,Carte,LIV9,2024-03-31
CMD16714,CL0634,P080,2023-04-03,5,1092.4,OK,marrakech,Carte,LIV10,
CMD21262,CL0043,P058,Jan 23 2024,1,2931.8,annulé,CASABLANCA,Carte,LIV3,
CMD18171,CL0589,P063,2023-10-02,4,4720.78,retourné,tanger,Carte,LIV4,2023-10-03
CMD28025,CL0749,P087,2024-01-28,1,2540.77,OK,Tnja,Carte,LIV1,
CMD29377,CL0800,P057,Jan 01 2023,5,1211.29,retourné,Agadir,Carte,LIV2,2023-01-03
CMD11752,CL0114,P051,Oct 14 2023,4,1200.71,retourné,Tnja,Carte,LIV10,2023-10-15
CMD18848,CL0816,P032,Sep 25 2023,5,615.43,livre,TANGER,Carte,LIV3,
CMD23921,CL0418,P060,Oct 10 2023,2,4216.65,LIVRE,RBA,Carte,LIV5,2023-10-14
CMD15665,CL0433,P011,2023-03-24,2,4177.42,LIVRE,TANGER,Carte,LIV9,2023-03-25
CMD04141,CL0455,P032,Feb 07 2024,4,258.75,OK,Tnja,Carte,,
CMD39607,CL0934,P037,2024-05-03,3,2681.47,livré,casa,Carte,LIV6,2024-05-06
CMD04479,CL0575,P021,Jan 12 2024,2,3657.63,livré,marrakech,Carte,LIV1,2024-01-17
CMD02791,CL0086,P014,Jan 20 2024,1,3057.07,annulé,RBA,Carte,LIV9,
CMD05365,CL0654,P086,Jun 13 2023,5,3672.51,livré,kech,Carte,LIV5,2023-06-16
CMD26423,CL0066,P034,2024-04-15,4,4113.6,DONE,TANGER,Carte,LIV2,2024-04-19
CMD03383,CL0105,P075,Jan 01 2024,3,1488.44,OK,kech,Carte,LIV10,
CMD40343,CL0955,P089,2024-03-01,4,4311.98,DONE,marrakech,Carte,LIV7,2024-03-06
CMD41437,CL0786,P070,Mar 05 2024,2,2415.92,annulé,CASABLANCA,Carte,LIV5,
CMD12286,CL0619,P050,20/07/2023,2,2313.82,OK,Agadir,Carte,LIV7,
CMD40337,CL0629,P059,01/08/2023,4,4223.81,OK,Agadir,Carte,LIV1,
CMD02924,CL0082,P047,22/03/2024,5,752.85,annulé,tanger,Carte,LIV6,
CMD44645,CL0250,P043,09/04/2023,3,4253.2,LIVRE,Agadir,Carte,LIV9,2023-04-11
CMD33889,CL0202,P026,10/02/2023,1,811.0,livré,tanger,Carte,LIV5,2023-02-15
CMD24874,CL0625,P066,Nov 18 2023,2,2541.06,annulé,Agadir,Carte,LIV10,
CMD00222,CL0899,P003,2023-06-02,2,2276.92,livré,casa,Carte,LIV3,2023-06-07
CMD15101,CL0876,P023,14/02/2024,-1,1665.83,DONE,CASABLANCA,Carte,LIV8,2024-02-18
CMD46147,CL0678,P022,2023-09-17,5,1635.52,retourné,TANGER,Carte,LIV3,2023-09-19
CMD05328,CL0369,P071,Mar 25 2024,5,3754.84,OK,Tnja,Carte,LIV3,
CMD47877,CL0475,P051,16/03/2024,1,1471.02,OK,tanger,Carte,LIV5,
CMD39982,CL0622,P004,2023-01-15,1,314.82,livré,casa,Carte,LIV7,2023-01-16
CMD16684,CL0761,P009,2023-04-09,2,2611.96,KO,marrakech,Carte,LIV4,
CMD35270,CL0244,P099,2023-06-08,4,3809.97,livré,Agadir,Carte,,2023-06-09
CMD44792,CL0244,P049,Apr 05 2024,4,385.74,livré,TNG,Carte,LIV4,2024-04-08
CMD05674,CL0973,P070,04/02/2024,1,3230.53,livre,TNG,Carte,LIV1,
CMD26701,CL0246,P092,2023-07-20,5,0,livré,Tnja,Carte,LIV6,2023-07-25
CMD30673,CL0084,P066,Mar 10 2023,2,2252.15,annulé,tanger,Carte,LIV3,
CMD23472,CL0602,P041,2024-03-05,5,4280.06,DONE,casa,Carte,LIV9,2024-03-07
CMD20576,CL0640,P030,Jun 08 2023,2,681.59,livre,kech,Carte,LIV9,
CMD38974,CL0271,P027,02/12/2023,3,4041.46,livré,Tnja,Carte,LIV9,2023-12-07
CMD08330,CL0052,P042,2023-07-09,5,2212.68,retourné,TNG,Carte,LIV1,2023-07-10
CMD13179,CL0237,P018,2023-10-15,5,410.3,OK,Tnja,Carte,LIV10,
CMD01617,CL0479,P018,05/08/2023,2,2085.08,LIVRE,Tnja,Carte,LIV1,2023-08-07
CMD45726,CL0419,P034,2023-04-13,5,4709.64,en_cours,Tnja,Carte,LIV3,
CMD00847,CL0101,P076,23/04/2024,1,4386.76,OK,RBA,Carte,LIV9,
CMD05666,CL0026,P077,15/02/2023,3,4210.23,KO,casa,Carte,LIV7,
CMD13478,CL0013,P068,15/04/2024,2,4488.49,livre,casa,Carte,LIV4,
CMD04196,CL0418,P093,May 31 2023,1,4250.41,livré,TANGER,Carte,LIV2,2023-06-03
CMD15054,CL0899,P070,2023-07-16,1,4024.64,LIVRE,RBA,Carte,LIV8,2023-07-21
CMD22715,CL0509,P060,25/03/2024,2,4634.64,en_cours,TANGER,Carte,LIV7,
CMD07515,CL0242,P032,25/01/2024,5,4421.22,livré,TANGER,Carte,LIV5,2024-01-30
CMD11926,CL0892,P032,05/01/2023,3,3795.23,KO,marrakech,Carte,LIV9,
CMD34140,CL0107,P004,06/03/2023,2,2755.67,DONE,tanger,Carte,LIV3,2023-03-11
CMD24996,CL0295,P061,2023-03-06,5,1036.96,OK,CASABLANCA,Carte,LIV5,
CMD10389,CL0941,P014,Nov 07 2023,2,1379.57,livre,CASABLANCA,Carte,LIV7,
CMD14424,CL0618,P058,06/05/2023,4,740.65,livre,marrakech,Carte,LIV1,
CMD29158,CL0608,P002,2023-03-14,3,2848.59,retourné,Tnja,Carte,LIV8,2023-03-18
CMD41051,CL0599,P026,Jul 09 2023,1,510.72,annulé,kech,Carte,LIV2,
CMD36347,CL0577,P045,2023-10-31,1,2201.4,en_cours,kech,Carte,LIV6,
CMD16415,CL0788,P063,2023-01-25,3,1717.76,livré,RBA,Carte,LIV5,2023-01-26
CMD37951,CL0595,P025,Jan 05 2023,3,663.83,annulé,TNG,Carte,LIV6,
CMD11106,CL0065,P018,Aug 05 2023,2,663.09,livré,marrakech,Carte,LIV10,2023-08-06
CMD26781,CL0592,P005,Aug 14 2023,5,571.98,livre,RBA,Carte,,
CMD12159,CL0650,P020,Mar 17 2023,2,0,livré,tanger,Carte,LIV7,2023-03-21
CMD10835,CL0831,P077,2023-09-29,5,2853.72,livre,kech,Carte,LIV3,
CMD47976,CL0625,P071,Dec 22 2023,4,1119.32,livré,RBA,Carte,LIV10,2023-12-25
CMD47280,CL0921,P057,20/04/2024,1,4320.58,KO,TNG,Carte,LIV9,
CMD10760,CL0734,P063,10/05/2024,3,320.49,livré,marrakech,Carte,LIV4,2024-05-11
CMD39954,CL0773,P001,18/07/2023,-1,784.77,OK,Tnja,Carte,LIV6,
CMD43796,CL0777,P043,Oct 14 2023,4,3311.71,DONE,TANGER,Carte,LIV3,2023-10-18
CMD06442,CL0362,P061,17/12/2023,2,3898.86,KO,casa,Carte,LIV5,
CMD47478,CL0689,P008,Feb 06 2023,4,4857.41,livré,Agadir,Carte,LIV6,2023-02-11
CMD37844,CL0238,P039,Jan 18 2024,4,1542.77,DONE,TNG,Carte,LIV7,2024-01-23
CMD02916,CL0142,P056,Apr 12 2023,1,4609.76,DONE,tanger,Carte,LIV2,2023-04-15
CMD24663,CL0428,P086,2023-01-12,3,4881.75,retourné,TANGER,Carte,LIV8,2023-01-17
CMD26015,CL0543,P014,May 13 2024,5,235.29,OK,CASABLANCA,Carte,LIV7,
CMD25938,CL0153,P039,Jul 22 2023,1,1252.41,livré,TANGER,Carte,LIV6,2023-07-24
CMD10753,CL0204,P021,2023-06-02,2,3212.21,livre,Tnja,Carte,LIV10,
CMD01615,CL0020,P098,Apr 18 2024,3,4589.14,livré,marrakech,Carte,LIV10,2024-04-19
CMD29025,CL0376,P072,2024-02-03,4,1121.72,KO,Tnja,Carte,LIV8,
CMD27670,CL0955,P025,2023-11-23,1,1776.2,livre,casa,Carte,LIV7,
CMD06809,CL0699,P073,11/06/2023,5,3250.26,OK,tanger,Carte,LIV9,
CMD43281,CL0986,P035,2023-06-24,4,2132.41,en_cours,TNG,Carte,LIV3,
CMD28807,CL0132,P039,23/02/2023,4,1132.65,annulé,TANGER,Carte,LIV9,
CMD24270,CL0699,P042,2024-04-10,1,3050.48,DONE,Tnja,Carte,LIV1,2024-04-15
CMD46188,CL0873,P097,Feb 02 2023,1,1175.75,DONE,RBA,Carte,LIV6,2023-02-05
CMD07739,CL0510,P003,05/07/2023,2,1172.8,livré,kech,Carte,LIV1,2023-07-06
CMD10301,CL0254,P077,27/12/2023,3,650.31,DONE,TNG,Carte,LIV4,2023-12-30
CMD39516,CL0346,P026,2023-08-18,1,1828.12,livré,RBA,Carte,,2023-08-19
CMD29213,CL0968,P066,10/05/2023,1,620.21,en_cours,marrakech,Carte,LIV2,
CMD40001,CL0309,P033,2023-02-18,4,4019.48,OK,Agadir,Carte,LIV5,
CMD29649,CL0642,P036,15/04/2023,1,2315.03,livré,Agadir,Carte,LIV10,2023-04-20
CMD40952,CL0504,P041,2024-01-19,2,3399.35,DONE,TANGER,Carte,LIV5,2024-01-21
CMD20025,CL0189,P068,27/04/2024,5,4442.62,livre,marrakech,Carte,LIV3,
CMD37491,CL0838,P022,Mar 15 2023,-1,2517.62,en_cours,Tnja,Carte,LIV5,
CMD37149,CL0112,P047,2023-01-29,2,4442.34,livré,kech,Carte,LIV4,2023-01-31
CMD27397,CL0114,P096,04/10/2023,1,3435.44,retourné,RBA,Carte,,2023-10-08
CMD18472,CL0004,P058,Mar 17 2023,5,4605.78,DONE,RBA,Carte,LIV3,2023-03-20
CMD41951,CL0065,P013,14/03/2023,2,3776.87,livré,Tnja,Carte,LIV3,2023-03-19
CMD39118,CL0082,P020,2023-05-13,2,3846.85,KO,RBA,Carte,LIV7,
CMD10481,CL0419,P054,Apr 03 2024,3,1684.4,LIVRE,Agadir,Carte,LIV2,2024-04-04
CMD22259,CL0626,P084,Apr 07 2024,3,766.33,livré,TANGER,Carte,LIV9,2024-04-08
CMD26871,CL0690,P068,2024-02-09,4,692.52,livre,casa,Carte,LIV9,
CMD45269,CL0428,P093,08/01/2023,1,3936.4,LIVRE,Tnja,Carte,LIV2,2023-01-11
CMD23503,CL0131,P078,2024-04-24,5,3696.08,KO,Agadir,Carte,LIV5,
CMD10988,CL0158,P062,Oct 11 2023,4,436.1,OK,kech,Carte,LIV9,
CMD40071,CL0028,P004,24/12/2023,4,3236.04,livré,marrakech,Carte,LIV9,2023-12-25
CMD13778,CL0426,P022,2023-01-14,3,4460.66,annulé,kech,Carte,LIV10,
CMD27689,CL0724,P010,08/03/2023,2,1162.48,livré,TNG,Carte,LIV9,2023-03-13
CMD11769,CL0757,P095,2023-01-05,4,1642.31,KO,marrakech,Carte,LIV6,
CMD31340,CL0125,P078,06/08/2023,1,878.4,annulé,TNG,Carte,LIV2,
CMD06301,CL0536,P011,Jul 23 2023,1,2282.98,livré,RBA,Carte,,2023-07-24
CMD02461,CL0665,P089,29/11/2023,3,4379.73,KO,marrakech,Carte,LIV1,
CMD31495,CL0891,P096,Jan 09 2024,3,2751.9,livré,Agadir,Carte,LIV8,2024-01-14
CMD06817,CL0866,P063,2023-11-13,2,1005.66,livré,marrakech,Carte,LIV2,2023-11-17
CMD15264,CL0958,P090,Apr 17 2024,3,4444.72,livré,RBA,Carte,LIV4,2024-04-19
CMD09051,CL0599,P084,17/10/2023,2,472.29,DONE,Agadir,Carte,LIV2,2023-10-19
CMD04195,CL0948,P086,01/04/2023,5,2013.99,retourné,kech,Carte,LIV6,2023-04-04
CMD44929,CL0695,P083,Sep 19 2023,2,3872.44,DONE,Agadir,Carte,LIV10,2023-09-22
CMD30200,CL0167,P021,05/03/2023,1,929.65,livré,RBA,Carte,LIV3,2023-03-09
CMD09308,CL0955,P100,2023-11-17,1,2210.57,DONE,kech,Carte,LIV10,2023-11-19
CMD01634,CL0441,P091,17/01/2023,1,4875.54,livré,Tnja,Carte,LIV7,2023-01-22
CMD41996,CL0445,P003,18/02/2023,5,1863.26,livré,CASABLANCA,Carte,LIV9,2023-02-22
CMD24178,CL0477,P037,May 05 2023,5,372.32,retourné,Tnja,Carte,LIV1,2023-05-10
CMD47944,CL0467,P078,2023-01-16,3,3380.52,LIVRE,CASABLANCA,Carte,LIV3,2023-01-20
CMD30930,CL0703,P082,Oct 15 2023,1,3545.48,en_cours,RBA,Carte,LIV1,
CMD26175,CL0007,P002,2024-04-22,4,2868.94,livré,TNG,Carte,LIV1,2024-04-23
CMD19164,CL0814,P055,Jan 26 2024,4,2850.05,OK,kech,Carte,LIV2,
CMD24877,CL0439,P027,2023-11-18,1,1166.26,en_cours,Tnja,Carte,LIV6,
CMD19499,CL0163,P058,2023-08-25,1,3853.95,OK,TANGER,Carte,LIV9,
CMD40093,CL0298,P092,06/06/2023,4,4673.59,retourné,casa,Carte,LIV5,2023-06-07
CMD06767,CL0745,P033,Jan 27 2023,2,2229.14,retourné,TNG,Carte,LIV7,2023-01-29
CMD14088,CL0177,P013,2023-05-26,3,4028.45,livré,TNG,Carte,LIV7,2023-05-31
CMD42118,CL0633,P026,2023-12-23,4,4721.14,annulé,CASABLANCA,Carte,LIV6,
CMD21153,CL0296,P013,20/02/2023,3,2531.83,livre,Tnja,Carte,LIV1,
CMD09483,CL0249,P024,Jan 22 2024,2,3913.22,annulé,Tnja,Carte,LIV6,
CMD33212,CL0905,P007,2024-03-17,4,293.11,annulé,tanger,Carte,LIV4,
CMD19705,CL0681,P028,05/10/2023,3,3508.73,DONE,CASABLANCA,Carte,,2023-10-10
CMD08171,CL0918,P007,May 08 2024,2,2254.91,livre,kech,Carte,LIV3,
CMD34769,CL0664,P063,Oct 18 2023,3,4928.07,livré,TNG,Carte,LIV10,2023-10-19
CMD16117,CL0198,P015,2023-05-23,1,4924.07,DONE,kech,Carte,LIV5,2023-05-26
CMD16900,CL0347,P007,23/08/2023,1,1104.93,livré,Agadir,Carte,LIV2,2023-08-24
CMD41276,CL0974,P012,2024-02-14,3,1977.54,en_cours,casa,Carte,LIV4,
CMD00437,CL0915,P037,09/03/2023,2,4944.76,livré,Agadir,Carte,LIV6,2023-03-13
CMD38493,CL0241,P078,05/08/2023,2,3031.06,livré,TNG,Carte,LIV6,2023-08-07
CMD28210,CL0965,P063,Mar 18 2023,1,351.51,livre,RBA,Carte,LIV2,
CMD45937,CL0317,P057,2024-02-14,5,3302.19,DONE,Tnja,Carte,LIV7,2024-02-17
CMD04067,CL0929,P061,Jul 14 2023,5,614.26,livré,CASABLANCA,Carte,LIV5,2023-07-19
CMD42376,CL0775,P042,2023-12-26,5,4282.36,annulé,TNG,Carte,LIV4,
CMD28550,CL0072,P088,Oct 18 2023,1,4323.89,LIVRE,Agadir,Carte,LIV4,2023-10-22
CMD23871,CL0993,P047,24/10/2023,4,1046.43,annulé,TANGER,Carte,LIV7,
CMD36390,CL0863,P004,2024-05-14,2,1173.45,retourné,kech,Carte,LIV3,2024-05-17
CMD36776,CL0599,P098,2024-02-03,5,671.75,livré,kech,Carte,LIV5,2024-02-05
CMD32268,CL0370,P065,Apr 27 2024,5,1593.4,LIVRE,kech,Carte,LIV2,2024-05-02
CMD17080,CL0346,P050,15/02/2024,2,4809.25,OK,Tnja,Carte,LIV1,
CMD17129,CL0964,P053,2023-06-30,1,4897.68,livré,Agadir,Carte,LIV9,2023-07-05
CMD34414,CL0306,P089,Jun 25 2023,5,2825.3,annulé,Agadir,Carte,LIV1,
CMD30607,CL0065,P034,01/02/2024,3,4227.93,livré,Tnja,Carte,LIV2,2024-02-02
CMD15609,CL0539,P031,Jan 19 2023,1,1968.64,livré,Tnja,Carte,LIV1,2023-01-21
CMD37308,CL0354,P019,Jul 04 2023,4,3168.8,en_cours,kech,Carte,LIV9,
CMD15202,CL0097,P031,2023-09-11,3,2173.01,livré,CASABLANCA,Carte,LIV10,2023-09-13
CMD31128,CL0293,P071,2023-12-18,3,4902.83,annulé,kech,Carte,LIV7,
CMD16845,CL0454,P069,Jun 16 2023,5,3326.05,retourné,tanger,Carte,LIV5,2023-06-21
CMD43010,CL0706,P067,2023-12-20,2,1514.72,retourné,Agadir,Carte,LIV10,2023-12-24
CMD11786,CL0541,P082,Oct 13 2023,4,3420.11,en_cours,TANGER,Carte,LIV7,
CMD42299,CL0740,P047,Apr 12 2024,2,1506.58,livré,TNG,Carte,LIV6,2024-04-16
CMD46256,CL0785,P030,2023-01-22,3,2473.57,livré,Tnja,Carte,LIV7,2023-01-25
CMD07740,CL0873,P065,05/01/2024,4,1431.44,livre,Tnja,Carte,LIV3,
CMD38140,CL0633,P082,27/02/2024,5,462.4,KO,TANGER,Carte,,
CMD22841,CL0592,P076,2023-01-29,1,785.69,livré,TNG,Carte,LIV4,2023-01-31
CMD13308,CL0538,P038,05/05/2024,2,1715.86,annulé,CASABLANCA,Carte,LIV4,
CMD30303,CL0252,P063,17/03/2023,1,3466.37,livré,CASABLANCA,Carte,LIV4,2023-03-20
CMD03579,CL0903,P071,18/04/2023,1,2758.01,KO,Agadir,Carte,LIV8,
CMD41669,CL0136,P049,26/03/2024,5,876.86,livré,TANGER,Carte,LIV1,2024-03-29
CMD00997,CL0083,P087,08/05/2024,4,2847.35,DONE,tanger,Carte,LIV2,2024-05-11
CMD21386,CL0285,P044,21/04/2024,4,920.51,DONE,RBA,Carte,LIV9,2024-04-26
CMD06353,CL0875,P082,Feb 03 2023,5,1683.07,livré,marrakech,Carte,LIV6,2023-02-04
CMD30151,CL0564,P039,2023-06-24,5,392.05,livré,Agadir,Carte,LIV3,2023-06-25
CMD46743,CL0015,P046,2023-03-27,5,205.9,livre,TNG,Carte,LIV1,
CMD38083,CL0973,P080,2023-07-07,3,2415.71,KO,RBA,Carte,LIV7,
CMD42656,CL0805,P088,02/03/2024,3,2287.7,livre,tanger,Carte,LIV8,
CMD41667,CL0540,P045,Feb 14 2024,5,4018.23,KO,RBA,Carte,LIV6,
CMD01366,CL0048,P075,2023-10-29,2,463.6,annulé,kech,Carte,LIV10,
CMD09857,CL0167,P023,2023-12-25,4,3012.4,OK,tanger,Carte,LIV6,
CMD20045,CL0973,P097,Feb 16 2023,1,2841.67,LIVRE,marrakech,Carte,LIV3,2023-02-21
CMD03945,CL0094,P016,12/02/2023,1,4946.42,livré,kech,Carte,LIV3,2023-02-13
CMD18403,CL0101,P054,Mar 21 2024,4,3080.71,livre,CASABLANCA,Carte,LIV6,
CMD01924,CL0500,P038,2023-03-29,1,3649.77,livré,tanger,Carte,LIV7,2023-04-02
CMD34296,CL0408,P021,05/08/2023,1,2526.91,retourné,casa,Carte,LIV10,2023-08-06
CMD02357,CL0389,P030,09/03/2023,2,4434.42,OK,CASABLANCA,Carte,LIV2,
CMD39899,CL0748,P018,May 15 2024,1,3160.0,livré,TNG,Carte,LIV6,2024-05-19
CMD47420,CL0569,P065,07/03/2023,3,1037.88,LIVRE,Agadir,Carte,LIV1,2023-03-10
CMD29872,CL0761,P096,2024-02-06,3,293.95,LIVRE,casa,Carte,LIV4,2024-02-07
CMD18483,CL0036,P048,02/07/2023,1,4900.18,livré,casa,Carte,LIV2,2023-07-03
CMD39025,CL0935,P095,Feb 05 2023,5,1912.95,retourné,kech,Carte,LIV6,2023-02-07
CMD13201,CL0344,P015,Jan 23 2023,3,3810.17,livré,tanger,Carte,,2023-01-24
CMD45272,CL0227,P089,05/04/2024,4,223.34,livré,RBA,Carte,LIV8,2024-04-10
CMD04595,CL0327,P056,2023-09-01,2,3287.57,OK,marrakech,Carte,LIV8,
CMD22610,CL0383,P005,18/02/2023,5,4956.3,LIVRE,casa,Carte,,2023-02-21
CMD22704,CL0380,P072,03/05/2023,5,4866.45,KO,TNG,Carte,LIV6,
CMD23976,CL0734,P025,2023-07-18,1,204.68,livre,casa,Carte,LIV5,
CMD32098,CL0543,P056,2023-01-22,5,2133.64,LIVRE,tanger,Carte,LIV8,2023-01-27
CMD40771,CL0603,P010,Aug 30 2023,5,491.02,KO,kech,Carte,LIV6,
CMD41171,CL0823,P047,2023-11-23,5,2246.15,livré,Agadir,Carte,LIV5,2023-11-28
CMD30130,CL0843,P059,11/04/2024,5,1155.68,retourné,Agadir,Carte,LIV7,2024-04-14
CMD02138,CL0556,P025,Jul 04 2023,3,1532.29,livre,TNG,Carte,LIV10,
CMD21071,CL0039,P095,2024-04-04,1,1045.64,annulé,TNG,Carte,LIV7,
CMD38972,CL0554,P036,Feb 26 2024,1,2020.27,livré,casa,Carte,LIV3,2024-03-02
CMD41755,CL0172,P089,29/08/2023,2,3858.09,OK,CASABLANCA,Carte,LIV1,
CMD10129,CL0420,P077,May 19 2023,5,2896.52,en_cours,TNG,Carte,LIV6,
CMD16327,CL0124,P035,08/06/2023,3,2325.34,LIVRE,CASABLANCA,Carte,LIV7,2023-06-09
CMD02096,CL0445,P026,2024-01-09,2,2888.73,en_cours,marrakech,Carte,LIV9,
CMD03368,CL0596,P067,Apr 06 2024,1,3349.05,retourné,tanger,Carte,LIV9,2024-04-07
CMD30798,CL0942,P076,2023-06-02,1,4415.01,livré,casa,Carte,LIV10,2023-06-05
CMD22353,CL0009,P084,06/01/2023,5,2144.13,livré,kech,Carte,LIV10,2023-01-09
CMD16989,CL0143,P037,2023-12-23,4,2171.67,LIVRE,kech,Carte,LIV1,2023-12-26
CMD02860,CL0644,P067,2023-11-23,4,3404.13,livre,Tnja,Carte,LIV10,
CMD12011,CL0551,P071,06/03/2024,5,4807.48,KO,Tnja,Carte,LIV7,
CMD23552,CL0356,P032,Jan 29 2024,1,2235.18,LIVRE,marrakech,Carte,LIV10,2024-02-02
CMD09019,CL0414,P067,2023-04-18,1,2911.01,LIVRE,CASABLANCA,Carte,LIV2,2023-04-22
CMD13927,CL0800,P099,2023-07-23,1,3991.85,retourné,TNG,Carte,LIV6,2023-07-24
CMD21916,CL0154,P034,2023-04-28,1,1899.27,livre,kech,Carte,LIV7,
CMD08257,CL0360,P096,Jan 02 2024,1,4711.62,annulé,tanger,Carte,LIV1,
CMD24647,CL0287,P084,11/05/2023,5,3439.47,KO,CASABLANCA,Carte,LIV8,
CMD29855,CL0110,P077,Feb 04 2023,3,1080.13,livre,kech,Carte,LIV8,
CMD28889,CL0504,P020,2023-09-01,3,2143.32,livre,marrakech,Carte,LIV7,
CMD45788,CL0339,P002,28/03/2024,5,461.19,retourné,CASABLANCA,Carte,LIV6,2024-04-02
CMD23872,CL0004,P081,2023-12-13,5,1628.86,DONE,casa,Carte,LIV4,2023-12-16
CMD28987,CL0462,P009,17/01/2023,4,1060.7,livré,tanger,Carte,LIV5,2023-01-19
CMD22036,CL0348,P093,2023-05-30,5,3554.67,livré,tanger,Carte,LIV1,2023-06-04
CMD15624,CL0016,P046,2024-01-23,2,481.39,DONE,RBA,Carte,,2024-01-25
CMD38596,CL0698,P081,04/05/2023,3,3742.8,livre,tanger,Carte,LIV7,
CMD36979,CL0323,P059,2023-01-07,2,154.12,KO,RBA,Carte,LIV5,
CMD42022,CL0193,P080,24/04/2024,5,352.16,DONE,casa,Carte,LIV8,2024-04-28
CMD23166,CL0725,P011,May 02 2023,2,630.32,livré,RBA,Carte,LIV5,2023-05-06
CMD41049,CL0902,P095,Feb 16 2024,5,605.11,en_cours,TANGER,Carte,LIV6,
CMD45547,CL0757,P070,17/02/2023,3,1446.28,annulé,CASABLANCA,Carte,LIV6,
CMD00555,CL0593,P037,Feb 01 2023,1,3298.45,retourné,TNG,Carte,,2023-02-02
CMD36187,CL0777,P088,02/12/2023,5,2372.12,annulé,marrakech,Carte,LIV2,
CMD08063,CL0517,P014,2023-04-14,3,741.6,DONE,marrakech,Carte,LIV2,2023-04-17
CMD14653,CL0550,P062,01/12/2023,3,1984.45,LIVRE,Agadir,Carte,LIV7,2023-12-05
CMD26303,CL0527,P074,2023-09-07,1,799.25,LIVRE,kech,Carte,LIV8,2023-09-08
CMD11190,CL0677,P013,2024-02-13,2,3789.07,retourné,TNG,Carte,LIV10,2024-02-18
CMD46774,CL0476,P056,2023-12-06,5,2854.22,OK,CASABLANCA,Carte,LIV8,
CMD00398,CL0971,P056,25/11/2023,5,3025.11,livre,TNG,Carte,LIV10,
CMD11871,CL0449,P004,13/03/2024,1,4415.68,retourné,kech,Carte,LIV5,2024-03-17
CMD13931,CL0123,P010,Oct 10 2023,5,2079.37,LIVRE,RBA,Carte,LIV4,2023-10-12
CMD40282,CL0137,P025,Jul 16 2023,3,2602.8,en_cours,marrakech,Carte,LIV1,
CMD21975,CL0605,P045,Feb 09 2023,4,4218.16,retourné,TANGER,Carte,LIV3,2023-02-12
CMD36681,CL0091,P050,31/07/2023,4,4185.15,en_cours,casa,Carte,LIV2,
CMD43629,CL0775,P025,2023-10-31,5,1882.24,OK,marrakech,Carte,LIV10,
CMD27031,CL0145,P098,Jul 18 2023,3,1289.15,annulé,RBA,Carte,LIV4,
CMD44900,CL0410,P049,Apr 24 2024,4,465.41,livre,casa,Carte,LIV2,
CMD08217,CL0155,P034,16/01/2024,4,2988.56,DONE,CASABLANCA,Carte,LIV9,2024-01-20
CMD21078,CL0104,P062,2023-06-12,2,1113.01,DONE,TNG,Carte,LIV4,2023-06-15
CMD24449,CL0267,P091,30/04/2023,1,987.72,annulé,RBA,Carte,LIV8,
CMD30094,CL0935,P062,Mar 06 2023,4,2816.78,DONE,TNG,Carte,LIV10,2023-03-09
CMD02624,CL0618,P087,2024-04-01,2,426.75,retourné,casa,Carte,LIV3,2024-04-03
CMD09383,CL0100,P056,2024-03-28,5,2276.93,en_cours,marrakech,Carte,LIV10,
CMD24199,CL0946,P018,Jan 10 2024,4,935.64,OK,Tnja,Carte,LIV8,
CMD07843,CL0071,P063,2024-03-04,4,4768.89,en_cours,kech,Carte,LIV1,
CMD04870,CL0208,P081,May 14 2023,1,4962.01,annulé,CASABLANCA,Carte,LIV8,
CMD00737,CL0659,P026,Jul 21 2023,2,3858.66,DONE,tanger,Carte,LIV8,2023-07-25
CMD01155,CL0089,P032,15/03/2024,4,294.45,retourné,Tnja,Carte,LIV5,2024-03-18
CMD43641,CL0288,P014,21/01/2024,2,4274.48,DONE,marrakech,Carte,LIV9,2024-01-26
CMD32616,CL0701,P081,2023-01-02,3,3327.62,LIVRE,Tnja,Carte,LIV6,2023-01-06
CMD33268,CL0417,P008,Apr 27 2023,2,4908.26,livré,Tnja,Carte,LIV4,2023-05-01
CMD35774,CL0401,P027,21/03/2024,2,0,livre,TANGER,Carte,LIV5,
CMD26004,CL0967,P019,Apr 16 2023,2,3390.1,livré,marrakech,Carte,LIV2,2023-04-21
CMD17483,CL0891,P013,Mar 31 2023,5,2466.74,LIVRE,TNG,Carte,LIV6,2023-04-03
CMD45239,CL0569,P013,04/03/2023,1,2269.44,livré,Tnja,Carte,LIV5,2023-03-05
CMD14019,CL0339,P050,20/10/2023,2,390.99,OK,marrakech,Carte,LIV10,
CMD14648,CL0936,P048,2023-04-22,5,3990.71,OK,TNG,Carte,,
CMD25904,CL0945,P096,21/02/2024,1,3196.48,livré,Agadir,Carte,LIV6,2024-02-23
CMD44847,CL0875,P014,Nov 03 2023,2,1480.49,DONE,RBA,Carte,LIV7,2023-11-04
CMD13131,CL0531,P040,2023-03-09,1,3203.89,livré,tanger,Carte,LIV5,2023-03-12
CMD24802,CL0842,P005,05/02/2024,4,3137.95,KO,kech,Carte,LIV7,
CMD31212,CL0547,P011,2023-10-12,3,0,OK,tanger,Carte,LIV9,
CMD12121,CL0138,P078,19/02/2024,4,1790.09,DONE,CASABLANCA,Carte,LIV3,2024-02-22
CMD24829,CL0754,P023,May 19 2023,4,1621.08,en_cours,marrakech,Carte,LIV6,
CMD13983,CL0460,P071,Feb 16 2023,5,1000.6,OK,TNG,Carte,LIV8,
CMD25320,CL0083,P005,18/06/2023,1,3878.52,livre,TNG,Carte,LIV2,
CMD36537,CL0117,P010,08/05/2024,3,4351.16,LIVRE,casa,Carte,LIV10,2024-05-10
CMD32837,CL0773,P077,Jun 15 2023,5,3640.06,livré,TNG,Carte,LIV4,2023-06-19
CMD47374,CL0523,P088,27/05/2023,5,211.31,KO,Agadir,Carte,LIV3,
CMD13232,CL0049,P012,23/08/2023,4,4592.58,KO,Agadir,Carte,LIV2,
CMD03137,CL0224,P097,2024-04-30,1,657.97,en_cours,casa,Carte,LIV5,
CMD32140,CL0937,P048,15/04/2024,5,250.76,OK,Tnja,Carte,LIV1,
CMD39821,CL0987,P047,2024-05-05,1,4626.56,LIVRE,Agadir,Carte,LIV3,2024-05-10
CMD43268,CL0969,P062,14/07/2023,3,4074.2,livre,RBA,Carte,LIV9,
CMD08990,CL0432,P045,03/04/2023,3,403.66,en_cours,RBA,Carte,LIV4,
CMD16848,CL0078,P045,May 09 2023,5,1760.34,en_cours,kech,Carte,LIV4,
CMD12843,CL0483,P065,2023-07-06,5,0,retourné,Agadir,Carte,LIV9,2023-07-11
CMD36463,CL0588,P036,04/02/2024,1,217.31,KO,CASABLANCA,Carte,,
CMD03920,CL0649,P010,Feb 09 2024,5,2150.4,retourné,Tnja,Carte,LIV1,2024-02-12
CMD26857,CL0630,P048,22/03/2024,4,1778.88,livré,marrakech,Carte,LIV9,2024-03-26
CMD43841,CL0162,P094,2023-08-25,-1,2440.18,OK,casa,Carte,LIV4,
CMD45595,CL0664,P099,11/07/2023,2,3608.73,annulé,TANGER,Carte,LIV8,
CMD08117,CL0073,P026,Jul 22 2023,4,171.55,DONE,CASABLANCA,Carte,LIV8,2023-07-27
CMD03817,CL0124,P038,05/04/2024,2,3757.83,KO,casa,Carte,LIV7,
CMD13364,CL0547,P074,Sep 08 2023,5,3069.87,retourné,kech,Carte,LIV9,2023-09-13
CMD36612,CL0268,P014,Jun 19 2023,2,1639.35,DONE,casa,Carte,LIV4,2023-06-23
CMD45458,CL0440,P045,07/09/2023,5,4807.67,KO,RBA,Carte,LIV8,
CMD08975,CL0346,P074,2024-05-05,3,1212.71,retourné,kech,Carte,LIV7,2024-05-07
CMD18550,CL0749,P079,26/05/2023,2,2735.11,annulé,TANGER,Carte,LIV8,
CMD14255,CL0986,P069,19/12/2023,4,1682.97,OK,CASABLANCA,Carte,LIV8,
CMD03680,CL0551,P016,2023-04-06,4,2978.77,livré,RBA,Carte,LIV7,2023-04-07
CMD44606,CL0880,P035,2023-05-14,1,3800.51,livre,casa,Carte,LIV9,
CMD43937,CL0923,P081,2023-04-24,4,339.46,KO,marrakech,Carte,LIV7,
CMD04027,CL0734,P085,Sep 09 2023,5,2431.25,KO,kech,Carte,LIV2,
CMD40731,CL0395,P020,2023-08-29,2,4165.06,OK,Agadir,Carte,LIV3,
CMD32373,CL0909,P031,25/03/2023,3,4817.66,retourné,tanger,Carte,LIV10,2023-03-26
CMD27107,CL0557,P033,27/11/2023,4,1977.43,livré,RBA,Carte,LIV8,2023-11-28
CMD10849,CL0316,P084,23/06/2023,4,3238.03,en_cours,CASABLANCA,Carte,LIV9,
CMD33504,CL0933,P070,2024-03-14,1,1429.13,annulé,Tnja,Carte,LIV7,
CMD00859,CL0418,P082,29/04/2024,1,2438.62,livré,marrakech,Carte,LIV8,2024-04-30
CMD38457,CL0491,P005,30/08/2023,5,3491.06,annulé,casa,Carte,LIV3,
CMD47681,CL0086,P008,Oct 17 2023,1,2352.41,OK,tanger,Carte,LIV9,
CMD45716,CL0900,P016,2024-01-08,3,3275.39,en_cours,marrakech,Carte,LIV4,
CMD39852,CL0706,P088,27/02/2023,-1,264.55,OK,casa,Carte,LIV9,
CMD23656,CL0832,P082,May 13 2024,5,4465.69,retourné,Tnja,Carte,LIV4,2024-05-18
CMD36701,CL0885,P074,Dec 21 2023,5,3713.59,livré,Tnja,Carte,LIV1,2023-12-26
CMD10876,CL0734,P014,Aug 13 2023,2,81.81,livré,kech,Carte,LIV9,2023-08-18
CMD14507,CL0470,P004,16/03/2024,1,2677.67,annulé,TNG,Carte,LIV4,
CMD07398,CL0162,P046,2024-04-22,1,1737.83,DONE,marrakech,Carte,LIV6,2024-04-25
CMD00458,CL0903,P052,23/12/2023,1,4880.62,OK,TNG,Carte,LIV2,
CMD37743,CL0445,P041,2024-02-21,2,2325.77,en_cours,marrakech,Carte,LIV5,
CMD15089,CL0258,P059,2023-02-26,3,4315.07,livre,casa,Carte,LIV3,
CMD14035,CL0334,P067,15/04/2023,2,0,livré,TNG,Carte,LIV8,2023-04-17
CMD07690,CL0672,P055,27/01/2023,2,768.92,livré,kech,Carte,LIV8,2023-02-01
CMD46437,CL0284,P013,10/05/2024,3,296.22,OK,RBA,Carte,LIV8,
CMD27067,CL0497,P026,17/12/2023,5,4146.73,livré,Tnja,Carte,LIV7,2023-12-20
CMD09658,CL0982,P004,19/03/2023,5,1472.55,DONE,tanger,Carte,LIV3,2023-03-23
CMD26357,CL0400,P043,Oct 16 2023,1,3564.19,annulé,TNG,Carte,LIV2,
CMD36125,CL0180,P065,18/01/2024,4,337.54,LIVRE,kech,Carte,LIV3,2024-01-20
CMD16527,CL0338,P022,2023-05-12,5,424.9,livré,TANGER,Carte,LIV4,2023-05-17
CMD03796,CL0304,P037,Jan 07 2024,2,4814.04,livre,kech,Carte,LIV3,
CMD35692,CL0491,P061,2023-10-16,1,3203.51,KO,TNG,Carte,LIV7,
CMD07978,CL0265,P004,Mar 27 2023,4,1443.98,livré,tanger,Carte,LIV2,2023-03-31
CMD22894,CL0325,P036,2023-11-21,2,2195.81,livré,marrakech,Carte,LIV8,2023-11-23
CMD47169,CL0930,P078,2023-11-02,5,1727.53,livré,TANGER,Carte,LIV6,2023-11-07
CMD14548,CL0874,P043,Jan 23 2023,2,971.55,livré,CASABLANCA,Carte,LIV4,2023-01-24
CMD14375,CL0982,P023,24/03/2023,5,2005.85,LIVRE,CASABLANCA,Carte,,2023-03-27
CMD10972,CL0706,P002,08/01/2024,3,2431.65,livré,Agadir,Carte,,2024-01-13
CMD40939,CL0695,P004,2024-04-03,1,2404.31,livré,TNG,Carte,LIV7,2024-04-07
CMD46117,CL0593,P092,2024-04-13,1,3466.54,livré,marrakech,Carte,LIV1,2024-04-17
CMD33964,CL0720,P042,Apr 25 2023,4,2372.97,KO,tanger,Carte,LIV6,
CMD02759,CL0886,P089,Mar 06 2023,5,4406.05,livré,Tnja,Carte,LIV8,2023-03-10
CMD19321,CL0222,P099,Jun 07 2023,1,146.92,LIVRE,casa,Carte,LIV3,2023-06-11
CMD00055,CL0186,P076,Jul 10 2023,5,2277.65,annulé,Agadir,Carte,LIV10,
CMD16080,CL0764,P005,Jan 04 2024,2,928.83,KO,kech,Carte,LIV6,
CMD16546,CL0320,P098,Feb 02 2024,1,2924.06,annulé,casa,Carte,LIV6,
CMD35039,CL0178,P067,2023-03-25,1,232.34,livré,casa,Carte,LIV4,2023-03-28
CMD48002,CL0385,P028,2023-09-01,5,94.22,livré,TANGER,Carte,LIV8,2023-09-03
CMD38363,CL0899,P055,2023-10-22,4,2433.03,livré,Tnja,Carte,LIV9,2023-10-25
CMD39651,CL0376,P030,2024-04-01,5,1966.73,KO,RBA,Carte,LIV8,
CMD01867,CL0956,P024,02/07/2023,2,1358.69,OK,tanger,Carte,LIV9,
CMD32318,CL0314,P034,2024-02-19,2,545.14,annulé,Tnja,Carte,LIV5,
CMD23357,CL0319,P024,2024-05-12,1,4614.44,annulé,CASABLANCA,Carte,LIV9,
CMD44514,CL0156,P075,Mar 03 2023,5,4311.32,KO,TANGER,Carte,LIV6,
CMD09812,CL0968,P028,Aug 24 2023,4,1828.98,KO,Tnja,Carte,LIV10,
CMD04155,CL0173,P040,2023-07-01,2,2957.0,KO,TNG,Carte,LIV3,
CMD42909,CL0425,P017,May 04 2024,5,87.73,retourné,casa,Carte,LIV2,2024-05-06
CMD18544,CL0816,P082,2023-09-22,5,4942.23,OK,Tnja,Carte,LIV1,
CMD04413,CL0138,P062,Sep 13 2023,1,4627.74,en_cours,marrakech,Carte,LIV6,
CMD07132,CL0941,P033,21/03/2023,5,3605.71,livre,Tnja,Carte,LIV6,
CMD26118,CL0028,P027,2023-07-15,5,150.91,retourné,TNG,Carte,LIV7,2023-07-18
CMD04305,CL0599,P004,19/11/2023,4,810.71,OK,TANGER,Carte,LIV3,
CMD01442,CL0173,P024,Mar 28 2024,1,3621.61,DONE,CASABLANCA,Carte,LIV8,2024-03-31
CMD27714,CL0364,P004,2023-03-14,1,1085.44,livré,CASABLANCA,Carte,LIV4,2023-03-15
CMD09704,CL0957,P066,03/01/2024,1,589.67,KO,kech,Carte,LIV4,
CMD27589,CL0812,P037,Feb 01 2023,3,1225.03,annulé,Tnja,Carte,LIV9,
CMD25097,CL0046,P050,2023-04-25,5,1180.1,livré,RBA,Carte,LIV6,2023-04-27
CMD46521,CL0781,P075,2023-11-10,5,2988.64,en_cours,marrakech,Carte,LIV5,
CMD34921,CL0936,P077,2024-02-16,5,4334.98,livré,TANGER,Carte,LIV7,2024-02-19
CMD35254,CL0563,P019,15/04/2023,3,0,en_cours,kech,Carte,LIV7,
CMD41980,CL0777,P001,07/12/2023,3,2671.21,livré,marrakech,Carte,LIV2,2023-12-09
CMD27923,CL0536,P035,15/09/2023,1,2485.88,LIVRE,RBA,Carte,LIV4,2023-09-17
CMD12602,CL0596,P008,Mar 10 2024,5,1320.59,annulé,RBA,Carte,LIV5,
CMD02380,CL0031,P057,2023-07-02,5,4058.13,retourné,marrakech,Carte,LIV5,2023-07-07
CMD25842,CL0939,P051,02/03/2023,3,1770.48,en_cours,RBA,Carte,LIV1,
CMD00468,CL0462,P074,Feb 18 2023,5,4994.53,livré,kech,Carte,LIV10,2023-02-19
CMD37442,CL0444,P081,Feb 01 2024,2,343.91,DONE,casa,Carte,LIV1,2024-02-06
CMD45633,CL0126,P094,12/03/2023,3,1061.09,annulé,RBA,Carte,,
CMD02876,CL0255,P060,Feb 18 2023,1,2163.64,retourné,marrakech,Carte,LIV1,2023-02-20
CMD15606,CL0694,P013,07/02/2024,4,673.18,LIVRE,CASABLANCA,Carte,LIV4,2024-02-12
CMD00463,CL0187,P089,2023-12-31,4,0,retourné,marrakech,Carte,LIV3,2024-01-02
CMD25342,CL0638,P018,28/07/2023,2,3690.42,livré,CASABLANCA,Carte,LIV10,2023-08-01
CMD37517,CL0483,P020,30/03/2024,1,4222.82,livré,kech,Carte,,2024-04-04
CMD19916,CL0040,P039,19/06/2023,3,118.76,livré,tanger,Carte,LIV5,2023-06-22
CMD36635,CL0308,P064,2023-01-02,4,3508.17,livré,TANGER,Carte,LIV8,2023-01-03
CMD41058,CL0008,P089,16/03/2024,2,2505.25,KO,casa,Carte,LIV1,
CMD05174,CL0540,P007,Jul 22 2023,3,3832.49,LIVRE,TANGER,Carte,LIV4,2023-07-26
CMD06462,CL0113,P048,2023-03-24,3,1315.66,en_cours,TNG,Carte,LIV6,
CMD32590,CL0895,P001,Jan 07 2023,3,4794.33,retourné,tanger,Carte,LIV3,2023-01-09
CMD30835,CL0813,P018,Jul 29 2023,4,3466.11,livré,CASABLANCA,Carte,LIV7,2023-07-30
CMD21651,CL0145,P030,27/08/2023,3,650.7,livré,TANGER,Carte,LIV1,2023-08-31
CMD23913,CL0334,P056,2023-05-27,3,4043.64,KO,RBA,Carte,LIV5,
CMD03129,CL0429,P098,04/01/2024,2,2657.49,retourné,CASABLANCA,Carte,LIV7,2024-01-07
CMD44635,CL0651,P012,Feb 27 2023,1,2116.11,annulé,tanger,Carte,LIV2,
CMD37947,CL0424,P078,2023-09-07,1,735.27,livré,CASABLANCA,Carte,LIV1,2023-09-10
CMD45664,CL0726,P083,May 16 2023,4,4565.2,DONE,Agadir,Carte,LIV4,2023-05-20
CMD14911,CL0253,P017,24/10/2023,3,945.94,retourné,TNG,Carte,LIV7,2023-10-27
CMD44896,CL0063,P001,2023-11-08,2,1702.51,OK,TNG,Carte,LIV6,
CMD45832,CL0485,P016,Sep 16 2023,1,2315.63,DONE,TNG,Carte,LIV7,2023-09-17
CMD45329,CL0411,P032,10/04/2023,5,379.99,livré,kech,Carte,LIV3,2023-04-14
CMD00005,CL0845,P015,2023-06-11,5,1659.19,livré,tanger,Carte,LIV7,2023-06-13
CMD48223,CL0265,P043,28/06/2023,1,4505.3,en_cours,RBA,Carte,,
CMD26002,CL0247,P064,2024-05-14,4,3200.49,en_cours,kech,Carte,LIV10,
CMD12372,CL0985,P054,08/02/2023,4,2792.64,LIVRE,Tnja,Carte,LIV7,2023-02-13
CMD20673,CL0198,P035,22/01/2023,1,1778.73,livré,Agadir,Carte,LIV9,2023-01-25
CMD28911,CL0844,P055,18/09/2023,1,683.99,livré,CASABLANCA,Carte,LIV3,2023-09-21
CMD40930,CL0612,P098,28/01/2024,5,0,DONE,CASABLANCA,Carte,LIV2,2024-01-30
CMD00468,CL0462,P074,Feb 18 2023,5,4994.53,livré,kech,Carte,LIV10,2023-02-19
CMD43822,CL0869,P077,Oct 21 2023,2,1373.89,OK,CASABLANCA,Carte,LIV8,
CMD29306,CL0097,P029,2023-09-09,4,4317.33,annulé,Agadir,Carte,LIV2,
CMD33515,CL0566,P015,30/01/2023,3,4383.05,livre,TNG,Carte,LIV1,
CMD30737,CL0940,P086,2023-01-08,3,3903.88,retourné,kech,Carte,LIV4,2023-01-12
CMD02925,CL0454,P056,2023-03-17,-1,4978.59,livré,kech,Carte,LIV5,2023-03-20
CMD27838,CL0706,P028,May 14 2024,5,2555.45,KO,Agadir,Carte,LIV3,
CMD37102,CL0810,P033,2023-12-26,1,4627.56,DONE,marrakech,Carte,LIV8,2023-12-30
CMD19404,CL0394,P003,28/03/2024,3,2912.39,livré,tanger,Carte,LIV9,2024-03-31
CMD21553,CL0503,P022,18/01/2023,2,188.44,livré,TANGER,Carte,LIV9,2023-01-22
CMD15886,CL0734,P025,Mar 06 2023,5,4930.83,livré,CASABLANCA,Carte,LIV10,2023-03-07
CMD44148,CL0101,P038,Feb 23 2023,3,1109.36,retourné,casa,Carte,LIV6,2023-02-27
CMD02349,CL0811,P048,Oct 08 2023,3,3332.95,retourné,Agadir,Carte,LIV9,2023-10-11
CMD23691,CL0460,P054,03/09/2023,4,2600.83,livre,CASABLANCA,Carte,LIV5,
CMD14376,CL0900,P032,06/07/2023,1,1031.68,OK,casa,Carte,LIV2,
CMD19448,CL0102,P041,11/02/2024,1,1580.04,LIVRE,tanger,Carte,,2024-02-13
CMD35368,CL0754,P003,2023-02-12,1,2398.74,annulé,casa,Carte,LIV2,
CMD45034,CL0630,P020,May 08 2023,1,1239.56,OK,Agadir,Carte,LIV5,
CMD27738,CL0541,P054,2023-12-02,2,3622.16,livré,CASABLANCA,Carte,LIV10,2023-12-05
CMD05905,CL0261,P017,26/05/2023,1,647.46,en_cours,casa,Carte,LIV3,
CMD20692,CL0984,P012,2023-05-23,3,2126.64,annulé,Tnja,Carte,LIV9,
CMD33516,CL0472,P046,24/04/2024,1,2377.79,livre,Tnja,Carte,LIV3,
CMD30932,CL0104,P079,2023-07-31,3,3245.99,en_cours,CASABLANCA,Carte,LIV2,
CMD04771,CL0098,P061,17/08/2023,3,350.5,annulé,TNG,Carte,LIV1,
CMD30649,CL0631,P082,21/02/2024,4,1217.12,retourné,Tnja,Carte,,2024-02-26
CMD03467,CL0547,P016,2023-12-01,5,3307.81,LIVRE,tanger,Carte,,2023-12-03
CMD15890,CL0248,P083,20/02/2023,2,2927.95,livre,TNG,Carte,LIV10,
CMD32598,CL0150,P070,Dec 14 2023,1,4512.32,retourné,TNG,Carte,LIV4,2023-12-15
CMD28330,CL0274,P054,May 14 2023,3,4922.15,annulé,CASABLANCA,Carte,LIV3,
CMD23997,CL0808,P010,Feb 07 2023,4,0,livré,TNG,Carte,LIV2,2023-02-12
CMD08275,CL0296,P056,2023-01-25,1,360.46,LIVRE,marrakech,Carte,LIV7,2023-01-26
CMD05509,CL0198,P097,31/01/2024,2,2291.07,livré,CASABLANCA,Carte,LIV6,2024-02-01
CMD29736,CL0345,P081,2024-01-23,3,1881.25,annulé,TNG,Carte,LIV5,
CMD19440,CL0813,P030,Jun 29 2023,1,2963.31,en_cours,TNG,Carte,LIV6,
CMD38090,CL0447,P065,Aug 06 2023,1,4359.52,DONE,CASABLANCA,Carte,LIV6,2023-08-10
CMD17720,CL0822,P007,2023-08-08,5,356.89,LIVRE,tanger,Carte,LIV2,2023-08-13
CMD01256,CL0831,P009,30/01/2023,3,1950.69,livré,marrakech,Carte,LIV7,2023-01-31
CMD41910,CL0235,P067,2023-09-05,2,3219.44,livré,tanger,Carte,LIV1,2023-09-09
CMD03021,CL0364,P001,May 10 2023,1,1234.79,LIVRE,marrakech,Carte,LIV8,2023-05-15
CMD45063,CL0172,P060,04/05/2023,4,2010.51,KO,Tnja,Carte,LIV8,
CMD18694,CL0950,P047,Oct 11 2023,1,4931.02,KO,RBA,Carte,LIV8,
CMD48387,CL0474,P034,11/02/2024,5,3153.49,annulé,kech,Carte,LIV3,
CMD46002,CL0697,P053,2023-09-12,3,961.52,LIVRE,casa,Carte,LIV5,2023-09-16
CMD39306,CL0528,P024,25/03/2023,5,4639.17,LIVRE,TANGER,Carte,LIV2,2023-03-27
CMD34871,CL0111,P063,12/04/2024,2,729.22,annulé,TNG,Carte,LIV8,
CMD08736,CL0505,P032,2023-01-08,2,3044.17,annulé,TNG,Carte,LIV9,
CMD11110,CL0709,P070,24/06/2023,4,4418.24,OK,marrakech,Carte,LIV6,
CMD43955,CL0728,P005,09/12/2023,4,2485.92,livré,TANGER,Carte,LIV5,2023-12-13
CMD00467,CL0687,P019,2024-02-23,3,4781.95,en_cours,RBA,Carte,LIV2,
CMD32950,CL0925,P010,28/02/2024,2,144.69,livre,TANGER,Carte,LIV1,
CMD03141,CL0236,P089,Nov 25 2023,4,4362.02,livre,marrakech,Carte,LIV2,
CMD47262,CL0516,P050,01/05/2023,1,3604.03,livré,casa,Carte,LIV2,2023-05-04
CMD18653,CL0067,P004,Feb 22 2023,5,1994.18,retourné,Agadir,Carte,LIV10,2023-02-24
CMD27529,CL0763,P084,2023-05-31,4,4675.94,DONE,Agadir,Carte,LIV7,2023-06-01
CMD31116,CL0772,P067,2023-07-04,1,964.64,OK,CASABLANCA,Carte,LIV3,
CMD09281,CL0817,P042,May 05 2024,2,475.87,DONE,RBA,Carte,LIV8,2024-05-08
CMD25723,CL0481,P058,2024-04-07,5,1304.14,LIVRE,Agadir,Carte,LIV2,2024-04-10
CMD15991,CL0526,P081,09/03/2023,2,294.25,retourné,marrakech,Carte,LIV8,2023-03-14
CMD26797,CL0581,P074,2023-10-15,2,3382.38,OK,TANGER,Carte,LIV3,
CMD47562,CL0246,P096,13/09/2023,3,1051.69,KO,Agadir,Carte,LIV8,
CMD08373,CL0040,P081,Apr 06 2023,1,2641.7,annulé,kech,Carte,LIV10,
CMD42910,CL0705,P052,May 09 2024,5,0,DONE,Tnja,Carte,LIV4,2024-05-13
CMD34785,CL0082,P020,2024-03-22,3,4351.51,retourné,RBA,Carte,LIV2,2024-03-25
CMD35476,CL0743,P003,11/09/2023,3,342.9,livre,casa,Carte,LIV10,
CMD00475,CL0599,P058,2023-05-29,1,4818.39,livré,tanger,Carte,LIV10,2023-05-30
CMD47448,CL0830,P034,25/08/2023,4,173.63,retourné,Agadir,Carte,LIV2,2023-08-30
CMD13442,CL0850,P032,22/04/2023,2,2472.86,OK,kech,Carte,LIV3,
CMD13531,CL0328,P089,20/03/2023,1,4445.28,OK,Agadir,Carte,LIV3,
CMD37736,CL0314,P062,2023-01-22,2,4116.75,LIVRE,Tnja,Carte,LIV5,2023-01-26
CMD41660,CL0300,P083,2023-05-06,1,1373.67,annulé,Tnja,Carte,LIV7,
CMD44655,CL0046,P030,2023-08-10,1,3658.56,DONE,TNG,Carte,LIV1,2023-08-14
CMD24639,CL0872,P056,Jan 05 2024,4,535.76,livré,TNG,Carte,LIV4,2024-01-08
CMD25205,CL0900,P046,2023-07-26,5,3309.62,en_cours,RBA,Carte,LIV9,
CMD47196,CL0062,P069,01/05/2023,4,1280.68,OK,TNG,Carte,LIV8,
CMD20572,CL0031,P011,Oct 30 2023,1,4877.22,retourné,TANGER,Carte,LIV5,2023-11-02
CMD22868,CL0777,P082,2024-04-05,5,2198.8,KO,casa,Carte,LIV1,
CMD41707,CL0400,P058,2023-03-24,4,3593.18,DONE,tanger,Carte,LIV8,2023-03-26
CMD30884,CL0444,P042,18/12/2023,4,2733.02,OK,TANGER,Carte,LIV7,
CMD44071,CL0690,P034,Aug 18 2023,3,2133.76,livre,Tnja,Carte,LIV10,
CMD31207,CL0447,P066,15/04/2023,2,1462.79,retourné,tanger,Carte,,2023-04-18
CMD41405,CL0767,P072,Aug 19 2023,2,3067.68,LIVRE,Agadir,Carte,LIV5,2023-08-23
CMD01810,CL0801,P049,23/07/2023,1,4932.73,livré,tanger,Carte,LIV6,2023-07-24
CMD29766,CL0823,P062,Feb 14 2024,1,3110.05,livré,TNG,Carte,,2024-02-16
CMD25245,CL0006,P010,Dec 05 2023,3,2584.45,retourné,TANGER,Carte,LIV2,2023-12-06
CMD20018,CL0886,P088,15/02/2024,4,2479.53,annulé,kech,Carte,LIV1,
CMD27745,CL0851,P031,2023-01-07,2,782.57,livré,Tnja,Carte,LIV3,2023-01-12
CMD37706,CL0433,P092,Nov 08 2023,2,4662.64,LIVRE,TNG,Carte,LIV10,2023-11-10
CMD00490,CL0284,P037,Jan 03 2023,4,4097.19,annulé,TANGER,Carte,,
CMD17027,CL0543,P063,18/07/2023,5,0,en_cours,RBA,Carte,LIV10,
CMD21796,CL0455,P098,2023-07-15,1,1014.29,livré,TANGER,Carte,LIV1,2023-07-19
CMD45610,CL0371,P067,29/11/2023,2,1871.92,livré,Agadir,Carte,LIV6,2023-12-01
CMD00364,CL0598,P080,Jul 15 2023,3,2490.34,LIVRE,marrakech,Carte,LIV8,2023-07-16
CMD20463,CL0815,P012,Feb 08 2024,5,1038.67,LIVRE,TANGER,Carte,LIV2,2024-02-12
CMD15481,CL0520,P036,2023-11-09,5,3838.32,LIVRE,Tnja,Carte,LIV7,2023-11-14
CMD16001,CL0893,P020,2023-01-10,3,1716.31,annulé,Agadir,Carte,LIV6,
CMD04290,CL0114,P095,2024-02-22,5,3774.77,OK,tanger,Carte,LIV2,
CMD02101,CL0889,P020,Oct 26 2023,2,2517.72,livré,Agadir,Carte,LIV2,2023-10-30
CMD04489,CL0244,P095,Apr 08 2023,4,3411.89,en_cours,marrakech,Carte,LIV10,
CMD19549,CL0034,P009,Aug 10 2023,4,1406.43,annulé,CASABLANCA,Carte,LIV3,
CMD08828,CL0320,P041,26/04/2023,2,4061.09,annulé,RBA,Carte,LIV1,
CMD24747,CL0335,P033,2023-10-06,1,161.66,KO,Tnja,Carte,LIV1,
CMD40605,CL0481,P092,2023-07-16,1,70.48,livré,casa,Carte,LIV1,2023-07-19
CMD21957,CL0193,P064,2024-03-01,3,4822.46,livré,CASABLANCA,Carte,LIV4,2024-03-05
CMD06593,CL0169,P094,2023-05-24,5,3132.88,annulé,CASABLANCA,Carte,,
CMD21784,CL0184,P056,Oct 07 2023,4,1372.95,livre,Agadir,Carte,LIV6,
CMD41957,CL0307,P052,2024-03-16,5,121.91,en_cours,TANGER,Carte,LIV2,
CMD35038,CL0708,P011,2024-05-09,5,1454.27,OK,RBA,Carte,LIV7,
CMD38473,CL0671,P092,13/07/2023,5,4700.04,DONE,TNG,Carte,LIV8,2023-07-18
CMD20688,CL0676,P090,May 15 2024,5,2992.41,livré,RBA,Carte,LIV2,2024-05-17
CMD37049,CL0250,P031,30/01/2023,1,3853.67,LIVRE,tanger,Carte,LIV4,2023-02-02
CMD34499,CL0970,P051,28/02/2024,2,4156.59,KO,kech,Carte,LIV10,
CMD42714,CL0622,P068,22/02/2023,4,3643.75,KO,TNG,Carte,LIV8,
CMD24565,CL0807,P007,2023-06-23,2,2416.37,KO,CASABLANCA,Carte,LIV2,
CMD37227,CL0257,P044,13/04/2024,3,334.25,livré,kech,Carte,LIV6,2024-04-17
CMD05635,CL0892,P080,Nov 12 2023,5,392.3,OK,CASABLANCA,Carte,LIV5,
CMD16465,CL0157,P003,2023-07-03,-1,4983.77,retourné,RBA,Carte,LIV8,2023-07-08
CMD29014,CL0275,P045,19/03/2024,5,0,livré,TNG,Carte,LIV3,2024-03-24
CMD26967,CL0522,P061,Oct 13 2023,5,646.23,livre,Agadir,Carte,LIV8,
CMD45453,CL0693,P085,2023-04-10,5,51.59,LIVRE,Tnja,Carte,LIV3,2023-04-13
CMD03838,CL0613,P081,Sep 18 2023,4,1225.68,OK,kech,Carte,LIV1,
CMD10145,CL0138,P035,Jan 12 2023,3,3443.7,en_cours,RBA,Carte,LIV7,
CMD08820,CL0706,P035,17/02/2024,3,3144.24,KO,TANGER,Carte,LIV6,
CMD41057,CL0921,P051,20/12/2023,4,4699.5,OK,kech,Carte,LIV10,
CMD04784,CL0242,P098,Aug 31 2023,5,3417.84,livre,marrakech,Carte,LIV1,
CMD27515,CL0914,P016,Feb 03 2024,1,4370.13,KO,TNG,Carte,LIV8,
CMD42872,CL0281,P051,14/12/2023,4,601.24,en_cours,Agadir,Carte,,
CMD45051,CL0955,P001,Sep 20 2023,1,3761.8,LIVRE,RBA,Carte,LIV5,2023-09-25
CMD29971,CL0611,P040,01/04/2023,3,4510.4,en_cours,RBA,Carte,LIV5,
CMD34267,CL0833,P058,11/04/2024,4,3729.47,livre,Agadir,Carte,LIV7,
CMD39095,CL0988,P052,10/01/2024,3,4512.24,livre,TNG,Carte,LIV6,
CMD08206,CL0906,P030,Aug 02 2023,3,3365.68,en_cours,casa,Carte,LIV9,
CMD07913,CL0591,P008,19/09/2023,3,3390.1,KO,TANGER,Carte,LIV2,
CMD33258,CL0175,P024,Jul 11 2023,2,3957.73,DONE,RBA,Carte,LIV2,2023-07-16
CMD32915,CL0071,P098,Mar 24 2023,4,2424.36,KO,Agadir,Carte,,
CMD42440,CL0598,P047,15/03/2024,4,4808.33,livré,CASABLANCA,Carte,LIV5,2024-03-19
CMD06986,CL0115,P066,2023-02-15,4,2215.45,livré,TANGER,Carte,LIV7,2023-02-20
CMD04559,CL0668,P028,11/03/2023,5,2496.58,LIVRE,Tnja,Carte,LIV4,2023-03-16
CMD21428,CL0678,P057,15/11/2023,5,2886.86,livré,Agadir,Carte,LIV10,2023-11-20
CMD14731,CL0251,P040,Nov 08 2023,3,627.04,LIVRE,TANGER,Carte,LIV2,2023-11-12
CMD30080,CL0741,P006,Dec 25 2023,5,4606.4,en_cours,marrakech,Carte,LIV8,
CMD05854,CL0913,P099,2023-09-20,2,1816.24,KO,RBA,Carte,LIV3,
CMD27845,CL0511,P016,Feb 07 2023,2,2803.44,en_cours,Tnja,Carte,,
CMD32596,CL0965,P085,Aug 27 2023,1,2670.56,LIVRE,Agadir,Carte,LIV2,2023-08-30
CMD31539,CL0300,P078,May 05 2024,4,4664.86,OK,TANGER,Carte,LIV8,
CMD23220,CL0965,P033,19/06/2023,1,0,DONE,marrakech,Carte,,2023-06-21
CMD08501,CL0588,P065,2023-01-20,1,1239.08,annulé,CASABLANCA,Carte,LIV6,
CMD25437,CL0154,P080,Jan 11 2024,1,3270.34,livre,TANGER,Carte,LIV5,
CMD09292,CL0127,P021,06/06/2023,2,1822.01,LIVRE,TNG,Carte,LIV9,2023-06-09
CMD44259,CL0490,P096,Jul 02 2023,1,3345.47,en_cours,tanger,Carte,LIV5,
CMD32770,CL0198,P045,19/07/2023,3,425.25,retourné,Agadir,Carte,LIV8,2023-07-23
CMD25025,CL0185,P020,2023-12-17,2,212.67,KO,TNG,Carte,LIV9,
CMD34305,CL0663,P052,Feb 21 2023,1,626.72,annulé,Agadir,Carte,LIV2,
CMD02189,CL0423,P054,May 10 2024,1,4213.37,OK,TNG,Carte,LIV3,
CMD47469,CL0432,P014,2024-02-06,2,601.19,en_cours,tanger,Carte,LIV3,
CMD32668,CL0022,P044,Mar 07 2024,1,233.9,OK,tanger,Carte,LIV5,
CMD35806,CL0118,P092,2023-05-20,1,3542.4,livré,TNG,Carte,LIV6,2023-05-21
CMD47383,CL0512,P095,23/05/2023,4,1777.92,livre,marrakech,Carte,LIV6,
CMD40597,CL0287,P005,10/04/2024,2,961.37,LIVRE,casa,Carte,LIV8,2024-04-14
CMD01422,CL0408,P089,Jan 15 2024,1,1861.78,en_cours,tanger,Carte,LIV4,
CMD00073,CL0127,P004,Jun 27 2023,4,2698.91,livre,Agadir,Carte,LIV1,
CMD27552,CL0549,P088,2023-04-06,3,1256.15,OK,casa,Carte,LIV2,
CMD18661,CL0180,P036,2023-01-19,2,4818.76,livré,CASABLANCA,Carte,LIV2,2023-01-23
CMD42479,CL0459,P017,06/01/2024,4,294.49,livre,Tnja,Carte,LIV5,
CMD03037,CL0169,P001,Nov 01 2023,3,2563.32,livré,Tnja,Carte,LIV4,2023-11-05
CMD23900,CL0259,P035,2023-09-23,3,2592.83,DONE,TNG,Carte,LIV8,2023-09-24
CMD24974,CL0437,P070,Sep 12 2023,3,686.51,LIVRE,kech,Carte,LIV3,2023-09-15
CMD41549,CL0233,P005,Sep 29 2023,3,2608.32,en_cours,CASABLANCA,Carte,LIV4,
CMD39561,CL0182,P073,20/02/2023,2,1237.54,OK,TNG,Carte,,
CMD24041,CL0015,P085,2024-01-24,4,3692.64,retourné,casa,Carte,LIV3,2024-01-28
CMD33880,CL0632,P072,Nov 23 2023,4,1250.46,livré,tanger,Carte,LIV4,2023-11-24
CMD19679,CL0336,P066,2024-03-27,5,4357.69,KO,tanger,Carte,LIV8,
CMD47547,CL0483,P053,May 08 2023,4,4774.04,livré,RBA,Carte,LIV5,2023-05-10
CMD44199,CL0163,P084,25/09/2023,5,2615.84,en_cours,TANGER,Carte,LIV2,
CMD01243,CL0339,P016,2023-03-15,5,2173.33,retourné,CASABLANCA,Carte,LIV3,2023-03-17
CMD39665,CL0178,P020,Apr 11 2023,5,4678.65,livre,Tnja,Carte,LIV5,
CMD25230,CL0686,P035,Jul 31 2023,1,1920.54,LIVRE,TNG,Carte,LIV5,2023-08-03
CMD32569,CL0919,P015,11/05/2024,1,1006.23,livré,RBA,Carte,LIV2,2024-05-12
CMD37847,CL0454,P068,09/05/2023,4,1535.36,annulé,RBA,Carte,LIV2,
CMD24497,CL0964,P021,2024-01-01,4,2832.36,retourné,TNG,Carte,LIV7,2024-01-05
CMD21489,CL0877,P095,Feb 15 2023,5,3302.22,livre,Agadir,Carte,LIV8,
CMD34980,CL0497,P092,May 22 2023,5,1696.53,en_cours,CASABLANCA,Carte,LIV2,
CMD29414,CL0702,P041,18/05/2023,4,3642.98,livré,kech,Carte,LIV7,2023-05-23
CMD00707,CL0208,P092,2023-12-31,5,1874.13,livré,Agadir,Carte,LIV3,2024-01-03
CMD42558,CL0941,P007,30/05/2023,5,1303.75,livré,TNG,Carte,LIV5,2023-06-03
CMD43355,CL0457,P002,2023-11-26,3,1699.67,livré,RBA,Carte,LIV3,2023-11-27
CMD15435,CL0540,P032,Apr 25 2024,5,833.84,KO,kech,Carte,LIV9,
CMD47972,CL0678,P033,2023-11-19,2,2221.25,livre,CASABLANCA,Carte,LIV2,
CMD21544,CL0273,P054,09/03/2023,4,631.6,annulé,CASABLANCA,Carte,LIV5,
CMD12481,CL0633,P074,10/06/2023,4,844.7,livré,Agadir,Carte,LIV8,2023-06-12
CMD39128,CL0065,P029,Jun 29 2023,3,1948.07,livré,TANGER,Carte,LIV5,2023-06-30
CMD10425,CL0840,P100,2023-08-26,4,4076.84,LIVRE,RBA,Carte,LIV4,2023-08-27
CMD01479,CL0648,P037,2024-02-23,2,1998.06,livre,CASABLANCA,Carte,LIV1,
CMD13269,CL0899,P100,2023-09-28,4,999.5,KO,kech,Carte,LIV1,
CMD21726,CL0656,P075,2023-01-09,4,2827.8,OK,Tnja,Carte,LIV6,
CMD25029,CL0898,P097,Apr 23 2023,2,3080.51,livre,casa,Carte,LIV7,
CMD02491,CL0693,P013,May 12 2023,3,2281.94,livré,TNG,Carte,LIV6,2023-05-14
CMD44532,CL0969,P038,2023-09-14,2,607.33,OK,marrakech,Carte,LIV4,
CMD32223,CL0427,P009,2023-04-10,3,637.78,OK,CASABLANCA,Carte,LIV9,
CMD21980,CL0440,P053,28/11/2023,3,4362.53,annulé,casa,Carte,LIV3,
CMD46787,CL0166,P067,2023-04-01,3,180.44,livré,kech,Carte,LIV6,2023-04-04
CMD26727,CL0616,P009,30/03/2024,3,1660.41,livre,kech,Carte,LIV8,
CMD42674,CL0648,P017,2024-02-09,2,1655.16,KO,TNG,Carte,,
CMD38949,CL0038,P057,Apr 02 2024,3,760.26,DONE,marrakech,Carte,LIV10,2024-04-06
CMD33007,CL0809,P077,2024-04-11,1,2210.93,DONE,CASABLANCA,Carte,LIV6,2024-04-12
CMD43011,CL0709,P041,Aug 11 2023,3,1782.49,livre,RBA,Carte,LIV3,
CMD15293,CL0878,P080,Mar 17 2024,3,2805.1,OK,kech,Carte,LIV6,
CMD34244,CL0256,P003,2023-11-01,3,4860.21,DONE,marrakech,Carte,LIV4,2023-11-05
CMD17709,CL0449,P081,31/05/2023,1,2076.27,DONE,Tnja,Carte,LIV2,2023-06-01
CMD17389,CL0693,P053,Oct 02 2023,5,623.72,LIVRE,tanger,Carte,LIV6,2023-10-03
CMD43453,CL0334,P021,04/01/2024,4,130.17,livré,Tnja,Carte,LIV7,2024-01-05
CMD34715,CL0746,P001,2023-09-07,4,1719.92,DONE,tanger,Carte,LIV5,2023-09-10
CMD24077,CL0451,P035,Aug 22 2023,1,122.83,livré,casa,Carte,LIV1,2023-08-26
CMD30855,CL0236,P021,Aug 01 2023,3,3058.4,livré,Tnja,Carte,LIV5,2023-08-02
CMD44788,CL0798,P026,09/11/2023,1,1894.16,retourné,Agadir,Carte,LIV1,2023-11-13
CMD31020,CL0311,P027,Nov 22 2023,2,1436.47,retourné,RBA,Carte,,2023-11-26
CMD02509,CL0101,P080,2023-07-15,4,1527.6,retourné,marrakech,Carte,LIV4,2023-07-17
CMD44320,CL0373,P079,04/11/2023,5,4541.49,livré,marrakech,Carte,LIV5,2023-11-09
CMD47247,CL0935,P075,Jul 16 2023,3,1362.21,livre,TANGER,Carte,LIV7,
CMD17576,CL0275,P053,Jul 08 2023,3,1313.65,LIVRE,Agadir,Carte,LIV10,2023-07-12
CMD12770,CL0069,P013,2023-09-28,2,867.37,livré,CASABLANCA,Carte,LIV2,2023-10-02
CMD36034,CL0790,P037,2023-08-21,3,2598.31,retourné,marrakech,Carte,,2023-08-26
CMD18191,CL0101,P048,04/02/2023,3,1725.11,livré,RBA,Carte,LIV2,2023-02-08
CMD42466,CL0909,P073,01/05/2024,5,1331.59,KO,TNG,Carte,LIV8,
CMD32676,CL0424,P069,May 30 2023,4,4730.99,KO,tanger,Carte,LIV6,
CMD27992,CL0360,P082,Jan 15 2023,3,3845.59,livre,TANGER,Carte,LIV3,
CMD20754,CL0606,P069,Feb 19 2023,4,722.01,livré,RBA,Carte,LIV5,2023-02-21
CMD34364,CL0958,P023,2023-09-02,4,3680.7,OK,Agadir,Carte,LIV7,
CMD18961,CL0238,P023,2023-05-21,1,1798.38,OK,Agadir,Carte,LIV5,
CMD42637,CL0747,P054,May 04 2023,3,1511.34,livré,marrakech,Carte,LIV7,2023-05-09
CMD29833,CL0343,P042,2023-07-08,1,2717.71,retourné,Agadir,Carte,LIV7,2023-07-09
CMD11724,CL0173,P020,10/07/2023,5,3188.39,livré,TANGER,Carte,LIV2,2023-07-15
CMD47084,CL0169,P069,2023-12-05,5,4666.87,en_cours,RBA,Carte,LIV4,
CMD08511,CL0044,P012,Mar 06 2024,5,2650.02,en_cours,CASABLANCA,Carte,LIV6,
CMD30420,CL0416,P049,23/01/2023,4,76.15,DONE,RBA,Carte,LIV7,2023-01-28
CMD27653,CL0492,P084,10/05/2024,5,2955.7,livré,TANGER,Carte,LIV10,2024-05-14
CMD07479,CL0944,P084,2023-05-29,1,3491.71,livre,RBA,Carte,LIV3,
CMD07247,CL0885,P063,Feb 07 2024,4,1103.73,DONE,TANGER,Carte,LIV10,2024-02-09
CMD40526,CL0718,P021,2024-01-05,1,836.96,DONE,Agadir,Carte,LIV9,2024-01-09
CMD40514,CL0574,P037,Jun 12 2023,2,3407.05,livre,RBA,Carte,,
CMD19260,CL0329,P061,Apr 25 2024,4,4273.03,retourné,marrakech,Carte,LIV4,2024-04-26
CMD12483,CL0369,P093,28/12/2023,5,712.91,en_cours,tanger,Carte,LIV8,
CMD24394,CL0895,P039,19/10/2023,3,2082.59,LIVRE,Agadir,Carte,LIV5,2023-10-23
CMD44509,CL0280,P072,2023-09-17,2,1693.04,OK,Agadir,Carte,LIV8,
CMD22722,CL0365,P033,21/05/2023,1,2121.66,OK,TANGER,Carte,LIV10,
CMD44926,CL0225,P027,Jan 31 2023,2,909.78,en_cours,marrakech,Carte,LIV6,
CMD06051,CL0992,P031,2023-11-18,5,2531.98,livre,CASABLANCA,Carte,LIV9,
CMD02641,CL0164,P021,20/10/2023,3,904.58,OK,TANGER,Carte,LIV10,
CMD30234,CL0812,P041,Jan 23 2023,4,1721.24,KO,Agadir,Carte,LIV5,
CMD25317,CL0935,P010,18/01/2024,1,3892.39,annulé,TANGER,Carte,LIV9,
CMD19710,CL0868,P069,Mar 20 2024,1,4552.21,livré,RBA,Carte,LIV3,2024-03-25
CMD22034,CL0122,P013,17/12/2023,5,1918.25,livre,TNG,Carte,LIV3,
CMD36678,CL0967,P092,Mar 05 2024,1,4604.52,livré,casa,Carte,,2024-03-09
CMD23361,CL0094,P068,2024-04-12,1,3722.12,retourné,Agadir,Carte,LIV6,2024-04-17
CMD21817,CL0861,P078,Mar 15 2024,1,1127.91,en_cours,TNG,Carte,LIV1,
CMD14125,CL0355,P062,Jul 16 2023,3,678.55,livre,TNG,Carte,LIV7,
CMD31497,CL0895,P031,19/01/2024,5,156.63,annulé,TANGER,Carte,LIV1,
CMD26641,CL0656,P053,2023-06-27,2,4498.38,KO,marrakech,Carte,LIV1,
CMD46835,CL0722,P011,02/02/2023,2,294.9,livre,Agadir,Carte,LIV1,
CMD00881,CL0849,P037,Mar 05 2024,2,2029.33,livré,TNG,Carte,LIV2,2024-03-06
CMD13819,CL0793,P078,2023-06-17,1,999.18,LIVRE,TNG,Carte,LIV7,2023-06-22
CMD16640,CL0124,P047,Sep 18 2023,5,3722.02,LIVRE,Agadir,Carte,,2023-09-20
CMD11126,CL0691,P086,2023-03-23,3,4822.54,livré,TANGER,Carte,LIV8,2023-03-26
CMD41545,CL0198,P001,Mar 25 2024,4,73.52,LIVRE,tanger,Carte,,2024-03-30
CMD42996,CL0724,P061,2023-07-21,1,746.2,annulé,TANGER,Carte,LIV9,
CMD33713,CL0771,P025,May 27 2023,4,2659.23,en_cours,Tnja,Carte,LIV4,
CMD17105,CL0213,P023,Apr 11 2023,3,3279.78,livré,TNG,Carte,LIV8,2023-04-12
CMD33759,CL0819,P029,15/05/2023,4,4046.98,LIVRE,CASABLANCA,Carte,LIV5,2023-05-17
CMD07723,CL0263,P070,27/05/2023,3,1155.59,annulé,Agadir,Carte,LIV2,
CMD40190,CL0889,P010,Jul 09 2023,5,4691.81,livré,kech,Carte,LIV1,2023-07-13
CMD11192,CL0799,P092,10/06/2023,1,4716.99,retourné,kech,Carte,LIV7,2023-06-11
CMD29623,CL0963,P096,2024-04-22,2,1297.05,livre,kech,Carte,LIV5,
CMD41165,CL0771,P079,29/02/2024,1,3739.57,en_cours,CASABLANCA,Carte,LIV5,
CMD14215,CL0578,P083,2024-03-01,5,3757.1,retourné,kech,Carte,LIV1,2024-03-05
CMD02062,CL0091,P019,Mar 28 2023,4,543.51,livré,TNG,Carte,LIV10,2023-04-02
CMD35067,CL0021,P003,Nov 22 2023,5,2576.56,OK,RBA,Carte,LIV7,
CMD11109,CL0061,P043,2023-03-08,4,2115.43,LIVRE,marrakech,Carte,LIV6,2023-03-10
CMD14923,CL0783,P099,20/05/2023,1,4975.39,livré,Tnja,Carte,LIV5,2023-05-23
CMD29079,CL0066,P040,2024-01-28,3,3271.84,OK,Tnja,Carte,LIV1,
CMD20926,CL0772,P055,Sep 06 2023,1,4775.02,annulé,casa,Carte,LIV8,
CMD36623,CL0278,P069,16/05/2023,1,79.69,retourné,Tnja,Carte,LIV10,2023-05-21
CMD20421,CL0175,P030,Mar 25 2024,5,2205.13,KO,Tnja,Carte,LIV8,
CMD04296,CL0403,P064,11/05/2024,3,2266.72,KO,TNG,Carte,LIV10,
CMD04572,CL0620,P085,12/10/2023,2,1562.99,retourné,Agadir,Carte,LIV4,2023-10-14
CMD20979,CL0859,P078,Mar 25 2023,5,3867.81,en_cours,Tnja,Carte,LIV1,
CMD02074,CL0290,P015,04/08/2023,1,3294.17,livré,CASABLANCA,Carte,LIV3,2023-08-05
CMD32442,CL0131,P050,2023-12-09,1,2906.52,en_cours,CASABLANCA,Carte,LIV4,
CMD33382,CL0789,P040,09/10/2023,1,666.73,LIVRE,Tnja,Carte,LIV10,2023-10-12
CMD01132,CL0648,P031,Aug 12 2023,5,1171.24,retourné,kech,Carte,LIV3,2023-08-13
CMD01101,CL0612,P032,Nov 04 2023,3,4459.53,LIVRE,marrakech,Carte,LIV7,2023-11-05
CMD20287,CL0934,P056,2024-03-21,1,1166.29,livré,casa,Carte,LIV3,2024-03-24
CMD37122,CL0290,P017,Jan 06 2023,4,1135.71,livré,RBA,Carte,LIV1,2023-01-08
CMD44078,CL0708,P037,07/09/2023,5,1772.0,livré,TANGER,Carte,LIV7,2023-09-11
CMD32930,CL0065,P056,26/12/2023,2,2682.76,en_cours,tanger,Carte,LIV5,
CMD35805,CL0030,P061,Feb 09 2023,3,2029.72,livre,Tnja,Carte,LIV6,
CMD12544,CL0715,P006,2024-04-08,3,325.76,retourné,kech,Carte,LIV3,2024-04-11
CMD34243,CL0661,P001,Mar 16 2024,4,1954.56,retourné,TANGER,Carte,LIV4,2024-03-18
CMD13839,CL0967,P049,Mar 21 2024,5,2991.55,OK,TNG,Carte,LIV4,
CMD29546,CL0910,P042,Sep 28 2023,3,3882.3,KO,tanger,Carte,LIV1,
CMD39282,CL0815,P013,2023-06-08,1,210.54,OK,TANGER,Carte,LIV6,
CMD26719,CL0556,P015,2023-06-10,2,200.45,livré,TNG,Carte,LIV5,2023-06-14
CMD42399,CL0043,P073,May 28 2023,5,4011.23,LIVRE,CASABLANCA,Carte,LIV4,2023-05-31
CMD12817,CL0668,P050,21/05/2023,1,4273.2,livre,Tnja,Carte,LIV7,
CMD15641,CL0462,P067,Apr 10 2024,1,4780.65,annulé,Tnja,Carte,LIV10,
CMD01839,CL0728,P001,2024-04-13,3,1376.42,livré,Tnja,Carte,LIV2,2024-04-17
CMD27952,CL0785,P001,2023-10-29,5,1974.35,livré,TANGER,Carte,LIV9,2023-11-02
CMD29052,CL0317,P019,11/03/2024,2,4554.26,livré,kech,Carte,LIV10,2024-03-15
CMD43051,CL0355,P086,16/06/2023,1,2398.68,LIVRE,tanger,Carte,LIV7,2023-06-19
CMD24784,CL0747,P006,2023-08-31,2,4945.91,livré,CASABLANCA,Carte,,2023-09-03
CMD30266,CL0643,P026,2024-01-05,5,2589.64,retourné,kech,Carte,LIV8,2024-01-09
CMD35130,CL0554,P030,Oct 06 2023,1,4196.31,retourné,marrakech,Carte,,2023-10-09
CMD10087,CL0596,P092,12/02/2023,3,4093.06,retourné,casa,Carte,LIV8,2023-02-15
CMD21032,CL0492,P021,2023-12-29,4,4677.66,en_cours,Tnja,Carte,LIV4,
CMD20591,CL0353,P092,2023-07-07,4,3138.4,retourné,casa,Carte,LIV3,2023-07-09
CMD34702,CL0707,P049,25/09/2023,5,2416.42,livré,CASABLANCA,Carte,,2023-09-28
CMD32494,CL0750,P085,2024-05-07,5,4190.35,KO,casa,Carte,LIV1,
CMD13126,CL0645,P048,29/04/2023,4,245.14,DONE,TNG,Carte,LIV1,2023-04-30
CMD44837,CL0946,P069,2023-03-19,4,628.06,OK,RBA,Carte,LIV8,
CMD05103,CL0630,P068,Dec 03 2023,2,4983.02,livré,casa,Carte,LIV9,2023-12-06
CMD41211,CL0761,P056,27/11/2023,1,2635.7,livré,TNG,Carte,LIV6,2023-12-01
CMD17725,CL0991,P057,2023-05-16,1,4454.78,livre,marrakech,Carte,LIV8,
CMD33938,CL0747,P033,08/02/2024,2,1925.02,annulé,Tnja,Carte,LIV8,
CMD32773,CL0669,P014,Aug 16 2023,5,0,LIVRE,tanger,Carte,LIV2,2023-08-21
CMD04886,CL0888,P056,2024-03-04,1,4050.46,livré,marrakech,Carte,LIV8,2024-03-06
CMD29260,CL0238,P080,2024-01-21,4,270.11,livré,TANGER,Carte,LIV9,2024-01-25
CMD43245,CL0006,P013,2023-06-14,1,4497.08,livré,Tnja,Carte,,2023-06-15
CMD33936,CL0028,P021,2024-01-07,4,1055.53,en_cours,kech,Carte,LIV5,
CMD18488,CL0118,P059,Feb 20 2023,5,844.89,DONE,TNG,Carte,LIV4,2023-02-22
CMD00031,CL0930,P084,Jun 26 2023,2,231.57,livre,Tnja,Carte,LIV4,
CMD38032,CL0621,P071,03/07/2023,4,168.62,annulé,casa,Carte,LIV9,
CMD39677,CL0550,P013,2023-04-16,1,2420.7,livre,kech,Carte,LIV2,
CMD12287,CL0923,P087,Feb 02 2024,5,996.74,livre,kech,Carte,LIV10,
CMD33517,CL0161,P038,Feb 15 2024,1,4177.17,annulé,RBA,Carte,LIV8,
CMD17706,CL0876,P058,Apr 05 2023,1,1691.97,livre,TNG,Carte,LIV5,
CMD31154,CL0958,P025,02/03/2023,2,3177.46,en_cours,marrakech,Carte,LIV7,
CMD43488,CL0917,P084,26/03/2023,3,4914.48,LIVRE,Tnja,Carte,LIV5,2023-03-27
CMD26764,CL0435,P014,20/04/2024,3,3988.72,livre,TANGER,Carte,LIV5,
CMD15307,CL0258,P058,Oct 17 2023,1,2789.98,livré,Agadir,Carte,LIV9,2023-10-19
CMD28247,CL0594,P048,2023-07-27,4,54.19,livré,Tnja,Carte,LIV7,2023-07-29
CMD07617,CL0256,P003,Apr 09 2023,4,1255.44,livré,Tnja,Carte,LIV1,2023-04-11
CMD20465,CL0474,P073,2024-05-11,4,64.13,livré,kech,Carte,LIV9,2024-05-15
CMD00560,CL0271,P041,May 17 2023,5,2222.24,retourné,Agadir,Carte,LIV9,2023-05-18
CMD26625,CL0411,P082,Jul 27 2023,2,1913.58,annulé,RBA,Carte,LIV3,
CMD47476,CL0353,P048,Aug 19 2023,4,3413.43,KO,TANGER,Carte,LIV8,
CMD07252,CL0121,P026,26/05/2023,5,3490.69,livré,Agadir,Carte,LIV8,2023-05-29
CMD35850,CL0952,P097,2023-12-16,1,3819.97,OK,RBA,Carte,LIV1,
CMD11300,CL0776,P094,2024-02-24,4,0,KO,TANGER,Carte,LIV10,
CMD41713,CL0521,P064,Sep 29 2023,1,2151.27,en_cours,kech,Carte,LIV3,
CMD42282,CL0976,P083,2023-01-14,3,3155.7,KO,Agadir,Carte,LIV8,
CMD48367,CL0917,P078,Jun 04 2023,4,2527.47,KO,kech,Carte,,
CMD08468,CL0547,P100,2023-05-29,1,3428.1,OK,kech,Carte,LIV9,
CMD35605,CL0545,P094,May 02 2024,5,4748.2,LIVRE,casa,Carte,LIV2,2024-05-03
CMD20514,CL0076,P039,Sep 12 2023,1,1073.46,LIVRE,CASABLANCA,Carte,,2023-09-14
CMD00581,CL0372,P080,Jan 13 2024,4,1042.75,DONE,marrakech,Carte,,2024-01-16
CMD27121,CL0932,P020,2024-02-12,2,1311.31,livré,tanger,Carte,LIV1,2024-02-16
CMD48208,CL0232,P088,09/06/2023,3,2542.24,livré,RBA,Carte,LIV4,2023-06-12
CMD44183,CL0685,P063,2023-11-13,5,4782.73,livré,CASABLANCA,Carte,LIV8,2023-11-14
CMD27649,CL0949,P046,Feb 22 2024,3,1995.36,livré,CASABLANCA,Carte,LIV3,2024-02-26
CMD33287,CL0202,P013,01/09/2023,3,3030.71,retourné,Agadir,Carte,LIV1,2023-09-05
CMD20901,CL0978,P019,09/05/2023,2,1666.47,livré,Tnja,Carte,LIV9,2023-05-14
CMD02052,CL0634,P060,19/03/2023,4,2575.42,livre,TANGER,Carte,LIV5,
CMD24517,CL0779,P012,2023-01-21,1,2595.74,livré,Tnja,Carte,LIV6,2023-01-23
CMD39445,CL0648,P093,2024-03-03,3,63.39,LIVRE,marrakech,Carte,LIV1,2024-03-06
CMD13033,CL0800,P001,26/01/2024,1,3001.57,livré,TNG,Carte,LIV10,2024-01-30
CMD38218,CL0689,P006,Nov 22 2023,5,1921.23,retourné,kech,Carte,LIV6,2023-11-25
CMD26595,CL0949,P096,2024-03-15,1,4179.83,livré,tanger,Carte,LIV6,2024-03-17
CMD24931,CL0292,P008,2023-09-23,1,744.67,retourné,CASABLANCA,Carte,LIV7,2023-09-26
CMD35433,CL0299,P016,2023-06-13,4,582.78,LIVRE,kech,Carte,LIV4,2023-06-17
CMD22452,CL0380,P006,2023-06-29,3,370.74,livré,Agadir,Carte,LIV6,2023-07-02
CMD10781,CL0716,P005,18/02/2024,3,3770.91,livré,Tnja,Carte,LIV5,2024-02-22
CMD02368,CL0969,P100,2023-07-30,4,4468.7,KO,kech,Carte,,
CMD08936,CL0463,P048,Mar 24 2023,3,3069.23,KO,Tnja,Carte,LIV7,
CMD01578,CL0481,P046,Mar 13 2024,2,4697.31,livré,Tnja,Carte,LIV10,2024-03-18
CMD47479,CL0241,P089,2024-04-08,4,2869.61,KO,tanger,Carte,LIV6,
CMD28368,CL0446,P028,20/05/2023,4,3595.89,en_cours,Tnja,Carte,,
CMD37449,CL0453,P026,27/12/2023,2,56.94,LIVRE,casa,Carte,LIV8,2024-01-01
CMD09947,CL0725,P041,2023-03-18,5,2626.3,en_cours,CASABLANCA,Carte,LIV3,
CMD22882,CL0696,P034,06/07/2023,2,2002.06,DONE,Tnja,Carte,LIV5,2023-07-08
CMD46282,CL0399,P046,Jan 13 2023,2,4884.38,LIVRE,TANGER,Carte,LIV3,2023-01-16
CMD30927,CL0073,P002,28/11/2023,2,2138.72,retourné,marrakech,Carte,LIV3,2023-12-02
CMD33023,CL0404,P090,Apr 25 2023,5,1884.68,retourné,TNG,Carte,LIV4,2023-04-29
CMD44026,CL0937,P071,13/09/2023,5,4099.82,en_cours,casa,Carte,LIV5,
CMD45358,CL0394,P056,11/03/2024,1,4062.35,livre,casa,Carte,LIV1,
CMD35992,CL0881,P023,2024-03-29,1,4116.94,annulé,kech,Carte,LIV2,
CMD07914,CL0036,P048,2023-06-26,4,398.78,OK,RBA,Carte,LIV8,
CMD42923,CL0996,P022,2023-02-04,3,4571.76,livré,marrakech,Carte,,2023-02-09
CMD47546,CL0353,P007,Jan 12 2024,4,1004.36,livré,marrakech,Carte,LIV3,2024-01-17
CMD24350,CL0321,P045,25/02/2024,2,4756.4,annulé,Tnja,Carte,LIV5,
CMD22476,CL0721,P034,May 31 2023,3,1436.69,OK,Tnja,Carte,LIV7,
CMD39093,CL0384,P013,21/02/2023,3,4887.42,DONE,TNG,Carte,LIV10,2023-02-24
CMD22893,CL0264,P085,2023-11-28,4,0,OK,casa,Carte,LIV9,
CMD33464,CL0992,P095,Jan 01 2024,4,3367.66,KO,kech,Carte,LIV9,
CMD35074,CL0023,P067,25/05/2023,5,4231.96,livre,casa,Carte,LIV2,
CMD33000,CL0113,P054,2023-07-24,3,3804.26,retourné,Tnja,Carte,LIV6,2023-07-28
CMD32039,CL0496,P009,07/12/2023,3,2557.5,DONE,kech,Carte,LIV3,2023-12-10
CMD37212,CL0065,P086,2023-06-28,4,3466.64,livré,casa,Carte,LIV1,2023-07-03
CMD20043,CL0062,P014,Jan 26 2024,4,1146.62,KO,kech,Carte,LIV10,
CMD39181,CL0506,P010,Apr 02 2023,3,1711.74,LIVRE,casa,Carte,LIV10,2023-04-05
CMD10661,CL0270,P052,2023-04-07,3,2592.17,annulé,tanger,Carte,LIV5,
CMD22451,CL0498,P043,2023-07-28,3,1593.59,KO,TANGER,Carte,LIV6,
CMD15964,CL0186,P036,2023-01-06,4,623.61,livre,casa,Carte,LIV10,
CMD26821,CL0482,P073,30/04/2024,1,1467.89,OK,CASABLANCA,Carte,LIV4,
CMD42367,CL0510,P058,15/01/2023,3,3768.92,retourné,Tnja,Carte,LIV10,2023-01-20
CMD34211,CL0815,P054,2023-03-21,2,3729.93,livre,RBA,Carte,LIV1,
CMD04201,CL0740,P037,2024-05-07,2,1433.27,livré,RBA,Carte,LIV6,2024-05-08
CMD19518,CL0665,P013,2023-02-16,2,2760.59,annulé,tanger,Carte,LIV10,
CMD16364,CL0301,P012,Mar 17 2023,3,1338.03,retourné,kech,Carte,LIV2,2023-03-19
CMD04212,CL0074,P065,09/08/2023,1,2628.78,DONE,casa,Carte,LIV7,2023-08-14
CMD25219,CL0673,P018,Dec 04 2023,3,2890.07,KO,CASABLANCA,Carte,,
CMD03903,CL0202,P022,Dec 05 2023,2,1794.03,en_cours,Tnja,Carte,LIV7,
CMD17161,CL0918,P067,2023-05-02,2,314.77,en_cours,marrakech,Carte,LIV3,
CMD35821,CL0384,P054,Apr 27 2024,5,3231.77,LIVRE,marrakech,Carte,LIV5,2024-05-02
CMD39115,CL0242,P003,2023-03-12,4,2788.9,livré,casa,Carte,LIV7,2023-03-17
CMD44484,CL0069,P026,2023-10-04,2,2156.06,livré,Agadir,Carte,LIV8,2023-10-08
CMD34483,CL0287,P070,23/04/2023,4,4123.0,livre,marrakech,Carte,LIV2,
CMD24233,CL0321,P067,Jun 10 2023,4,2708.01,livré,TNG,Carte,,2023-06-12
CMD43638,CL0864,P073,Dec 10 2023,5,4726.24,livré,marrakech,Carte,LIV2,2023-12-13
CMD00542,CL0413,P086,28/04/2024,3,4395.28,retourné,CASABLANCA,Carte,LIV10,2024-04-30
CMD05093,CL0383,P005,2023-09-21,3,4310.47,DONE,Agadir,Carte,,2023-09-22
CMD10062,CL0720,P030,Jun 07 2023,2,2692.88,en_cours,marrakech,Carte,LIV8,
CMD14064,CL0213,P003,08/02/2024,5,4486.64,en_cours,RBA,Carte,LIV2,
CMD34710,CL0155,P016,Feb 12 2024,2,1619.77,OK,TANGER,Carte,LIV10,
CMD01784,CL0530,P069,2023-12-09,5,105.48,retourné,Tnja,Carte,,2023-12-10
CMD05299,CL0353,P029,16/05/2023,3,3790.16,livre,TNG,Carte,LIV3,
CMD33186,CL0378,P033,2023-09-27,1,1370.97,OK,kech,Carte,LIV7,
CMD44449,CL0296,P030,Dec 24 2023,2,4604.92,DONE,casa,Carte,LIV9,2023-12-29
CMD15526,CL0275,P056,2023-04-10,3,3618.79,OK,CASABLANCA,Carte,LIV7,
CMD18368,CL0522,P091,2023-08-15,4,805.84,en_cours,Agadir,Carte,LIV3,
CMD12864,CL0418,P054,19/01/2023,1,261.19,en_cours,RBA,Carte,LIV7,
CMD05888,CL0008,P039,30/11/2023,2,2563.41,annulé,RBA,Carte,LIV3,
CMD22227,CL0692,P015,Aug 02 2023,5,433.55,livré,kech,Carte,,2023-08-05
CMD36002,CL0921,P055,25/03/2024,3,881.05,DONE,TANGER,Carte,,2024-03-28
CMD20041,CL0497,P048,Aug 19 2023,1,3946.77,DONE,RBA,Carte,LIV3,2023-08-22
CMD44319,CL0403,P001,13/06/2023,5,2090.33,DONE,CASABLANCA,Carte,LIV4,2023-06-17
CMD15201,CL0012,P003,Feb 06 2024,1,1950.24,livre,RBA,Carte,LIV4,
CMD42239,CL0794,P072,2023-02-10,1,4215.52,DONE,CASABLANCA,Carte,LIV4,2023-02-11
CMD26588,CL0204,P028,Apr 18 2023,5,4509.51,retourné,marrakech,Carte,LIV1,2023-04-23
CMD28170,CL0763,P001,Dec 30 2023,1,474.58,livre,Agadir,Carte,LIV6,
CMD45770,CL0446,P054,Jan 08 2024,1,1325.6,KO,casa,Carte,LIV2,
CMD30022,CL0516,P052,2023-06-18,1,0,retourné,TNG,Carte,,2023-06-23
CMD04199,CL0436,P026,2024-04-03,5,1619.4,en_cours,RBA,Carte,LIV8,
CMD46528,CL0578,P058,Aug 08 2023,4,506.62,livré,casa,Carte,LIV6,2023-08-13
CMD09406,CL0700,P038,May 03 2023,3,1602.45,livre,casa,Carte,LIV5,
CMD15989,CL0227,P037,07/03/2024,5,1103.85,annulé,TNG,Carte,LIV6,
CMD33324,CL0193,P048,Mar 05 2024,2,1965.81,livré,RBA,Carte,LIV5,2024-03-06
CMD09367,CL0763,P078,11/12/2023,3,4306.4,en_cours,marrakech,Carte,,
CMD17014,CL0416,P037,2024-03-06,1,77.04,DONE,marrakech,Carte,LIV8,2024-03-11
CMD37008,CL0372,P055,06/03/2023,2,757.31,DONE,casa,Carte,LIV4,2023-03-08
CMD39831,CL0306,P047,Jul 01 2023,1,207.6,OK,TNG,Carte,LIV3,
CMD18830,CL0796,P072,2023-04-27,3,605.76,livré,TANGER,Carte,LIV1,2023-05-02
CMD20546,CL0704,P008,Apr 21 2024,2,0,DONE,TANGER,Carte,LIV8,2024-04-26
CMD05936,CL0149,P004,04/04/2023,5,3195.31,livré,TNG,Carte,LIV9,2023-04-09
CMD44588,CL0408,P094,26/09/2023,4,4105.59,KO,CASABLANCA,Carte,,
CMD01968,CL0241,P022,Jan 18 2023,3,2753.87,LIVRE,CASABLANCA,Carte,LIV5,2023-01-23
CMD41241,CL0339,P096,May 09 2023,1,585.06,OK,CASABLANCA,Carte,LIV9,
CMD21828,CL0279,P091,Mar 25 2023,2,2904.0,livré,kech,Carte,LIV5,2023-03-27
CMD06983,CL0535,P006,02/01/2024,2,2333.8,livre,TNG,Carte,LIV4,
CMD02523,CL0857,P032,2023-01-22,4,3361.3,livre,kech,Carte,LIV4,
CMD16744,CL0129,P028,Feb 10 2024,4,1695.77,livré,TNG,Carte,LIV10,2024-02-12
CMD12881,CL0876,P047,2023-08-07,5,4613.41,OK,TANGER,Carte,LIV8,
CMD22381,CL0725,P072,21/01/2023,4,4546.8,KO,tanger,Carte,LIV8,
CMD37209,CL0351,P052,May 01 2024,3,1308.05,en_cours,marrakech,Carte,LIV3,
CMD26232,CL0929,P013,23/02/2023,2,4861.57,en_cours,marrakech,Carte,LIV9,
CMD43950,CL0847,P078,2023-10-18,3,1652.69,annulé,marrakech,Carte,LIV2,
CMD36551,CL0950,P011,2023-06-23,5,4007.74,OK,casa,Carte,LIV6,
CMD42177,CL0636,P006,2023-03-31,1,667.41,annulé,Tnja,Carte,LIV4,
CMD45549,CL0412,P022,Apr 01 2023,1,301.4,annulé,kech,Carte,LIV2,
CMD35273,CL0714,P025,2023-03-13,1,1442.33,livré,RBA,Carte,LIV3,2023-03-14
CMD33427,CL0056,P045,Mar 26 2023,5,1064.5,livré,kech,Carte,,2023-03-27
CMD20681,CL0548,P044,Jan 04 2024,5,1503.34,livré,RBA,Carte,LIV7,2024-01-06
CMD38265,CL0454,P012,Dec 02 2023,2,1781.1,OK,tanger,Carte,LIV8,
CMD29402,CL0182,P015,Dec 02 2023,4,4573.81,livré,tanger,Carte,LIV9,2023-12-07
CMD13429,CL0665,P007,2023-01-09,3,3740.9,livré,casa,Carte,LIV7,2023-01-10
CMD23142,CL0231,P092,Mar 09 2023,1,3241.49,retourné,marrakech,Carte,LIV3,2023-03-14
CMD22683,CL0113,P085,06/08/2023,2,1951.48,livre,TNG,Carte,LIV9,
CMD36036,CL0606,P086,Feb 26 2024,3,0,DONE,TANGER,Carte,LIV4,2024-02-27
CMD23401,CL0336,P010,Sep 13 2023,2,1064.64,KO,kech,Carte,LIV8,
CMD19003,CL0706,P024,10/01/2024,5,2282.8,livre,RBA,Carte,LIV4,
CMD35622,CL0430,P092,11/03/2024,2,2199.16,KO,RBA,Carte,LIV6,
CMD25396,CL0427,P022,09/04/2024,4,0,DONE,Agadir,Carte,LIV10,2024-04-10
CMD05189,CL0693,P079,2023-03-28,3,755.43,livre,casa,Carte,,
CMD44736,CL0183,P094,13/09/2023,5,899.95,KO,RBA,Carte,LIV6,
CMD44559,CL0188,P066,21/07/2023,2,492.16,livré,Agadir,Carte,LIV1,2023-07-25
CMD44460,CL0955,P024,16/12/2023,1,3493.05,livré,kech,Carte,LIV9,2023-12-17
CMD27983,CL0534,P091,2023-04-19,4,2718.65,livré,Tnja,Carte,LIV7,2023-04-20
CMD45076,CL0468,P063,May 13 2023,1,4770.45,en_cours,kech,Carte,LIV10,
CMD24600,CL0374,P096,2023-11-27,2,3088.78,livre,RBA,Carte,LIV1,
CMD35672,CL0793,P031,Mar 05 2024,4,2269.91,livré,RBA,Carte,LIV5,2024-03-08
CMD29995,CL0350,P074,Mar 31 2023,1,4648.34,annulé,RBA,Carte,LIV9,
CMD10141,CL0177,P046,Aug 16 2023,4,3857.88,livré,TANGER,Carte,LIV7,2023-08-21
CMD06928,CL0870,P024,Jun 16 2023,3,4712.42,livré,tanger,Carte,LIV9,2023-06-17
CMD33784,CL0966,P047,2023-01-05,4,3504.83,livré,Agadir,Carte,,2023-01-09
CMD12507,CL0383,P032,Jan 16 2023,1,853.99,livré,TANGER,Carte,LIV3,2023-01-18
CMD13077,CL0192,P063,Feb 17 2023,1,2094.15,OK,Tnja,Carte,LIV7,
CMD24646,CL0596,P089,Nov 02 2023,4,1490.59,DONE,Agadir,Carte,,2023-11-05
CMD14041,CL0917,P020,Apr 09 2024,4,906.53,livré,casa,Carte,LIV10,2024-04-11
CMD11407,CL0492,P097,21/02/2023,2,466.27,livré,casa,Carte,LIV3,2023-02-23
CMD00958,CL0735,P017,Aug 27 2023,2,1033.86,OK,tanger,Carte,LIV2,
CMD04373,CL0898,P073,Oct 03 2023,1,676.21,retourné,tanger,Carte,LIV2,2023-10-07
CMD20690,CL0403,P074,28/09/2023,1,3417.14,LIVRE,TANGER,Carte,LIV1,2023-10-03
CMD21895,CL0537,P066,12/02/2024,2,2423.99,LIVRE,Agadir,Carte,LIV6,2024-02-16
CMD20857,CL0682,P022,2023-08-08,2,4223.34,en_cours,tanger,Carte,LIV7,
CMD18569,CL0455,P070,2023-06-27,2,395.81,KO,tanger,Carte,LIV4,
CMD20853,CL0729,P008,Mar 24 2024,3,2482.49,LIVRE,marrakech,Carte,LIV10,2024-03-29
CMD29867,CL0267,P030,Aug 29 2023,2,3990.15,KO,Tnja,Carte,LIV2,
CMD38628,CL0795,P010,Dec 21 2023,3,3837.1,annulé,marrakech,Carte,LIV6,
CMD09741,CL0338,P008,03/02/2023,4,2774.39,livré,tanger,Carte,LIV2,2023-02-05
CMD03032,CL0700,P087,06/10/2023,4,2909.43,en_cours,Agadir,Carte,LIV9,
CMD11256,CL0216,P039,19/04/2023,1,4912.96,livre,tanger,Carte,LIV10,
CMD42573,CL0960,P003,Jan 10 2023,5,3179.74,retourné,kech,Carte,LIV3,2023-01-13
CMD26304,CL0619,P065,25/02/2024,4,343.85,retourné,CASABLANCA,Carte,LIV8,2024-02-28
CMD33331,CL0617,P037,2023-07-25,3,2224.63,OK,RBA,Carte,LIV2,
CMD17862,CL0177,P007,02/06/2023,1,4447.29,livré,marrakech,Carte,LIV9,2023-06-07
CMD48157,CL0966,P009,Jan 04 2024,4,3211.77,livré,Agadir,Carte,LIV9,2024-01-05
CMD07251,CL0955,P036,07/01/2023,5,2351.51,en_cours,tanger,Carte,LIV4,
CMD24887,CL0021,P083,14/08/2023,5,2806.72,livré,marrakech,Carte,LIV1,2023-08-19
CMD33326,CL0245,P066,Feb 03 2023,1,4018.87,en_cours,tanger,Carte,LIV7,
CMD24467,CL0014,P048,19/02/2024,3,1446.24,OK,kech,Carte,LIV5,
CMD47379,CL0504,P030,16/12/2023,3,483.86,annulé,TANGER,Carte,LIV1,
CMD09259,CL0743,P073,13/01/2024,4,4740.71,livré,TANGER,Carte,,2024-01-14
CMD28059,CL0070,P096,2023-02-21,1,3525.16,livré,TNG,Carte,LIV9,2023-02-22
CMD33621,CL0866,P033,2023-09-03,1,0,LIVRE,tanger,Carte,LIV8,2023-09-06
CMD29124,CL0621,P047,2023-05-22,1,4085.6,livré,kech,Carte,LIV4,2023-05-25
CMD36519,CL0278,P067,Jan 02 2023,3,444.3,livré,tanger,Carte,LIV1,2023-01-07
CMD37432,CL0048,P055,Feb 15 2023,2,474.23,livré,Tnja,Carte,LIV7,2023-02-18
CMD12813,CL0262,P020,21/08/2023,5,2952.94,KO,CASABLANCA,Carte,LIV3,
CMD02742,CL0861,P011,Oct 04 2023,2,1196.29,livré,Agadir,Carte,LIV4,2023-10-05
CMD09009,CL0196,P069,23/08/2023,3,4695.66,annulé,TNG,Carte,LIV10,
CMD19833,CL0327,P089,2023-08-17,2,3680.19,OK,TANGER,Carte,LIV6,
CMD13729,CL0850,P051,Apr 08 2024,-1,3973.6,retourné,Agadir,Carte,LIV9,2024-04-09
CMD08036,CL0300,P008,03/06/2023,4,2037.58,LIVRE,tanger,Carte,LIV3,2023-06-04
CMD44646,CL0478,P079,19/07/2023,5,4722.26,DONE,TANGER,Carte,LIV10,2023-07-20
CMD02371,CL0417,P100,13/02/2023,5,2745.87,livré,RBA,Carte,LIV4,2023-02-15
CMD04766,CL0813,P023,Jan 08 2024,3,2363.11,LIVRE,kech,Carte,LIV4,2024-01-11
CMD44067,CL0191,P061,May 13 2024,3,2900.45,KO,RBA,Carte,LIV6,
CMD38595,CL0873,P026,2023-04-17,4,2621.55,retourné,tanger,Carte,LIV1,2023-04-20
CMD48469,CL0362,P078,07/12/2023,2,1715.26,livré,kech,Carte,LIV6,2023-12-11
CMD48463,CL0286,P015,15/02/2023,3,1279.25,OK,TANGER,Carte,,
CMD45669,CL0308,P039,13/03/2024,3,1119.7,en_cours,Agadir,Carte,LIV9,
CMD06883,CL0097,P016,19/12/2023,2,3492.37,KO,Tnja,Carte,LIV5,
CMD34379,CL0469,P065,15/09/2023,2,4349.0,OK,RBA,Carte,LIV10,
CMD24990,CL0456,P058,Nov 07 2023,2,1848.33,livré,kech,Carte,LIV1,2023-11-11
CMD14260,CL0103,P084,May 23 2023,3,2077.22,livré,TANGER,Carte,LIV3,2023-05-24
CMD31103,CL0022,P064,13/05/2024,3,4502.52,OK,Agadir,Carte,LIV10,
CMD21136,CL0466,P010,2023-08-18,1,613.69,livré,Agadir,Carte,LIV2,2023-08-23
CMD05534,CL0192,P048,28/01/2023,1,4846.53,DONE,tanger,Carte,LIV3,2023-01-31
CMD09749,CL0778,P028,Sep 10 2023,1,4807.59,DONE,TNG,Carte,LIV8,2023-09-14
CMD31712,CL0818,P046,2023-10-20,4,343.19,livré,kech,Carte,LIV1,2023-10-21
CMD33553,CL0516,P087,2024-04-26,2,3101.87,LIVRE,CASABLANCA,Carte,LIV7,2024-04-30
CMD03485,CL0086,P001,14/07/2023,5,2036.11,annulé,kech,Carte,LIV7,
CMD43050,CL0240,P097,23/12/2023,2,4526.64,livré,TNG,Carte,LIV2,2023-12-27
CMD13569,CL0666,P056,Jan 05 2024,3,804.71,OK,Tnja,Carte,LIV10,
CMD15483,CL0128,P010,Apr 02 2024,3,3237.61,livré,TANGER,Carte,LIV4,2024-04-04
CMD02125,CL0808,P095,06/01/2024,1,647.44,annulé,TANGER,Carte,LIV7,
CMD15679,CL0198,P028,Oct 17 2023,2,4526.25,livré,CASABLANCA,Carte,,2023-10-19
CMD28224,CL0293,P046,2023-07-31,1,364.62,en_cours,marrakech,Carte,LIV10,
CMD28322,CL0940,P083,Nov 18 2023,4,4322.27,livré,marrakech,Carte,LIV7,2023-11-23
CMD34505,CL0391,P012,2023-06-09,4,1168.47,livre,marrakech,Carte,LIV1,
CMD40262,CL0911,P007,Mar 26 2024,5,3618.93,livre,TANGER,Carte,LIV6,
CMD34228,CL0229,P087,07/03/2024,5,2734.85,LIVRE,TANGER,Carte,LIV10,2024-03-08
CMD24915,CL0725,P028,02/03/2024,1,4224.92,livré,Tnja,Carte,LIV5,2024-03-04
CMD09763,CL0345,P080,Oct 12 2023,2,3512.62,en_cours,kech,Carte,LIV8,
CMD01958,CL0728,P032,Jan 14 2023,2,2889.38,KO,casa,Carte,LIV3,
CMD32091,CL0695,P096,Apr 27 2023,4,4039.79,en_cours,tanger,Carte,LIV5,
CMD33334,CL0991,P010,25/10/2023,3,4632.06,livré,Agadir,Carte,LIV3,2023-10-27
CMD16269,CL0671,P035,2024-03-06,4,4421.29,annulé,marrakech,Carte,LIV2,
CMD04097,CL0726,P019,Jun 04 2023,1,586.77,livré,TNG,Carte,LIV9,2023-06-05
CMD48316,CL0079,P080,16/04/2023,4,4207.8,livré,Agadir,Carte,LIV3,2023-04-21
CMD29316,CL0509,P017,22/06/2023,3,3003.39,LIVRE,RBA,Carte,LIV5,2023-06-24
CMD43631,CL0586,P065,2024-05-03,-1,1636.02,LIVRE,TANGER,Carte,LIV6,2024-05-04
CMD32587,CL0024,P079,2023-07-19,5,4971.96,livre,TNG,Carte,LIV6,
CMD06283,CL0302,P019,2024-04-30,2,4869.76,livré,TNG,Carte,LIV2,2024-05-04
CMD13936,CL0876,P087,Jan 26 2023,3,1058.7,annulé,RBA,Carte,LIV7,
CMD26009,CL0824,P003,Jan 08 2024,1,575.9,livre,marrakech,Carte,,
CMD04237,CL0570,P055,05/03/2024,5,2739.71,livré,TNG,Carte,LIV4,2024-03-06
CMD06584,CL0329,P018,2023-06-08,3,0,OK,TNG,Carte,LIV8,
CMD24019,CL0230,P052,Mar 03 2023,2,1482.88,annulé,casa,Carte,LIV8,
CMD29469,CL0639,P079,Apr 29 2023,2,2700.53,LIVRE,RBA,Carte,LIV1,2023-05-01
CMD47663,CL0266,P016,2023-03-25,4,3543.68,DONE,tanger,Carte,LIV8,2023-03-30
CMD33120,CL0953,P037,2024-01-29,5,167.51,livré,RBA,Carte,LIV2,2024-02-01
CMD01097,CL0614,P061,2023-09-15,5,1687.82,LIVRE,Tnja,Carte,LIV6,2023-09-16
CMD29339,CL0106,P056,2023-06-26,5,1728.46,annulé,TANGER,Carte,LIV9,
CMD39868,CL0358,P095,2023-07-10,2,4451.23,OK,CASABLANCA,Carte,LIV6,
CMD22134,CL0459,P005,08/02/2023,2,425.86,OK,Agadir,Carte,LIV4,
CMD32155,CL0725,P017,Jul 11 2023,3,4229.93,LIVRE,Tnja,Carte,LIV7,2023-07-12
CMD13576,CL0759,P088,2023-06-25,3,2892.69,en_cours,kech,Carte,LIV9,
CMD09957,CL0514,P004,2023-06-13,1,3101.96,KO,tanger,Carte,LIV10,
CMD32688,CL0812,P053,2023-04-27,1,633.85,LIVRE,RBA,Carte,,2023-04-30
CMD13579,CL0953,P050,2023-03-24,5,2459.47,OK,marrakech,Carte,LIV9,
CMD32677,CL0221,P084,Jan 28 2024,1,3830.86,DONE,TANGER,Carte,LIV7,2024-02-02
CMD24680,CL0499,P019,Mar 24 2024,4,2487.14,OK,RBA,Carte,,
CMD19722,CL0451,P083,2024-01-29,2,817.59,livré,tanger,Carte,,2024-02-03
CMD28034,CL0417,P071,Oct 09 2023,2,3170.68,livré,RBA,Carte,LIV8,2023-10-13
CMD21655,CL0058,P038,Dec 20 2023,4,4981.07,DONE,TANGER,Carte,LIV10,2023-12-23
CMD04926,CL0079,P051,2023-09-24,3,2487.78,en_cours,Tnja,Carte,LIV3,
CMD08139,CL0768,P036,15/07/2023,4,2316.27,livre,tanger,Carte,LIV4,
CMD05482,CL0987,P016,Jun 16 2023,4,1028.47,OK,TNG,Carte,LIV8,
CMD32597,CL0345,P054,Dec 13 2023,4,692.73,KO,Agadir,Carte,LIV8,
CMD37795,CL0125,P072,Dec 04 2023,4,4752.42,retourné,TNG,Carte,LIV4,2023-12-09
CMD36760,CL0063,P049,Nov 04 2023,4,1570.85,LIVRE,marrakech,Carte,LIV3,2023-11-08
CMD10258,CL0850,P091,17/06/2023,5,3084.99,retourné,Agadir,Carte,LIV8,2023-06-20
CMD26547,CL0545,P085,2023-09-14,4,2791.96,LIVRE,kech,Carte,LIV8,2023-09-18
CMD46682,CL0341,P082,Mar 11 2024,5,4082.61,livré,TNG,Carte,,2024-03-16
CMD45341,CL0063,P012,May 11 2023,5,3359.5,livré,tanger,Carte,,2023-05-13
CMD06955,CL0569,P099,05/11/2023,3,4749.93,KO,RBA,Carte,LIV3,
CMD13894,CL0604,P058,06/09/2023,5,1703.19,OK,kech,Carte,LIV2,
CMD16878,CL0148,P080,2023-11-12,4,3923.2,DONE,TNG,Carte,LIV2,2023-11-15
CMD42266,CL0308,P077,2023-02-02,1,464.96,LIVRE,CASABLANCA,Carte,LIV7,2023-02-03
CMD07919,CL0339,P028,May 24 2023,2,4115.76,livre,Tnja,Carte,LIV8,
CMD31663,CL0384,P009,Mar 04 2023,2,3330.99,en_cours,CASABLANCA,Carte,LIV6,
CMD17942,CL0411,P058,2023-06-04,4,4599.26,en_cours,marrakech,Carte,,
CMD29507,CL0186,P024,30/09/2023,4,4941.62,LIVRE,TANGER,Carte,LIV4,2023-10-01
CMD23868,CL0765,P085,Oct 03 2023,2,1241.97,livré,tanger,Carte,LIV6,2023-10-05
CMD05559,CL0210,P077,04/02/2023,5,4243.67,LIVRE,TNG,Carte,LIV4,2023-02-05
CMD05556,CL0204,P093,Mar 13 2024,5,1889.37,LIVRE,tanger,Carte,LIV2,2024-03-14
CMD11958,CL0852,P066,Aug 23 2023,4,1339.23,annulé,tanger,Carte,LIV4,
CMD00552,CL0460,P060,14/04/2024,4,4072.65,annulé,Tnja,Carte,LIV7,
CMD03801,CL0104,P097,13/09/2023,4,4384.74,retourné,RBA,Carte,LIV2,2023-09-16
CMD00113,CL0371,P090,Nov 12 2023,1,1298.98,LIVRE,RBA,Carte,LIV5,2023-11-13
CMD14596,CL0199,P091,Feb 01 2023,5,2250.14,livré,CASABLANCA,Carte,LIV8,2023-02-05
CMD42020,CL0011,P089,2023-08-09,2,609.43,livre,marrakech,Carte,LIV3,
CMD08235,CL0956,P003,20/12/2023,4,4741.54,annulé,marrakech,Carte,,
CMD08505,CL0286,P016,2023-02-26,4,3698.69,annulé,Agadir,Carte,LIV3,
CMD16579,CL0123,P069,26/04/2024,2,4125.59,LIVRE,Agadir,Carte,LIV6,2024-04-27
CMD36214,CL0246,P042,2023-06-08,2,4401.92,en_cours,TNG,Carte,LIV9,
CMD17614,CL0461,P087,2023-06-15,3,4870.9,en_cours,Tnja,Carte,LIV7,
CMD04482,CL0516,P071,2023-10-02,3,3060.88,en_cours,RBA,Carte,LIV6,
CMD27198,CL0737,P024,2023-03-01,4,3842.54,annulé,CASABLANCA,Carte,LIV6,
CMD17205,CL0261,P079,09/05/2024,5,4472.87,DONE,TANGER,Carte,LIV10,2024-05-10
CMD04398,CL0654,P007,Nov 02 2023,-1,4429.64,en_cours,TNG,Carte,LIV6,
CMD17771,CL0261,P059,Jan 06 2024,3,382.98,retourné,TNG,Carte,LIV5,2024-01-11
CMD30006,CL0354,P001,Sep 05 2023,2,3176.57,livre,TANGER,Carte,LIV9,
CMD33118,CL0939,P018,Feb 03 2023,2,4409.85,livre,TNG,Carte,LIV2,
CMD24526,CL0416,P080,26/11/2023,5,913.28,livre,CASABLANCA,Carte,LIV3,
CMD01964,CL0541,P015,2024-04-09,2,780.43,livre,tanger,Carte,LIV10,
CMD10979,CL0328,P045,01/08/2023,1,1163.4,livre,Tnja,Carte,LIV3,
CMD23245,CL0368,P064,22/12/2023,5,4823.37,OK,casa,Carte,LIV7,
CMD08378,CL0036,P061,2024-05-11,2,3182.7,livre,Agadir,Carte,LIV7,
CMD29424,CL0101,P025,Oct 02 2023,3,4005.84,DONE,kech,Carte,LIV5,2023-10-06
CMD43407,CL0795,P082,Apr 05 2023,3,3016.42,retourné,casa,Carte,,2023-04-06
CMD37526,CL0538,P016,Feb 01 2024,5,3026.46,livré,Tnja,Carte,LIV3,2024-02-06
CMD18469,CL0951,P022,11/12/2023,3,1578.51,en_cours,CASABLANCA,Carte,,
CMD20423,CL0919,P048,2024-05-14,4,3111.81,livré,RBA,Carte,LIV7,2024-05-16
CMD43400,CL0185,P074,Jan 13 2023,5,2690.7,DONE,marrakech,Carte,LIV3,2023-01-17
CMD16071,CL0583,P028,10/11/2023,5,3319.82,OK,Agadir,Carte,LIV4,
CMD12895,CL0826,P096,2023-02-03,2,1633.0,livré,tanger,Carte,,2023-02-07
CMD04819,CL0449,P090,Mar 21 2023,2,2546.58,LIVRE,Agadir,Carte,LIV5,2023-03-23
CMD04392,CL0651,P049,2024-02-22,1,1864.29,livré,CASABLANCA,Carte,LIV5,2024-02-25
CMD43198,CL0441,P075,2023-02-23,1,4815.18,retourné,TNG,Carte,LIV7,2023-02-28
CMD21211,CL0205,P020,2023-05-24,2,4835.86,livré,CASABLANCA,Carte,LIV3,2023-05-27
CMD11516,CL0586,P066,15/03/2023,5,512.98,LIVRE,RBA,Carte,LIV4,2023-03-20
CMD23724,CL0721,P088,Nov 08 2023,5,4903.67,livre,TNG,Carte,LIV6,
CMD31307,CL0493,P073,10/04/2023,5,3718.81,livré,Tnja,Carte,LIV1,2023-04-11
CMD30858,CL0986,P078,May 26 2023,2,3401.58,livre,RBA,Carte,LIV3,
CMD16492,CL0949,P097,2024-01-25,3,97.8,livré,TANGER,Carte,LIV9,2024-01-26
CMD44457,CL0503,P053,31/05/2023,3,4329.74,retourné,kech,Carte,LIV3,2023-06-05
CMD38775,CL0189,P001,2023-12-19,1,2360.71,LIVRE,TANGER,Carte,LIV3,2023-12-21
CMD20899,CL0709,P044,30/03/2024,1,1219.06,en_cours,kech,Carte,,
CMD16248,CL0187,P018,2024-03-18,2,423.76,retourné,RBA,Carte,LIV3,2024-03-22
CMD44859,CL0657,P079,20/02/2023,5,4435.37,LIVRE,Tnja,Carte,,2023-02-21
CMD13693,CL0365,P062,03/04/2023,1,2994.04,en_cours,marrakech,Carte,,
CMD36152,CL0836,P018,2023-05-22,1,453.75,livre,TANGER,Carte,LIV2,
CMD05649,CL0618,P046,10/02/2024,3,233.57,OK,marrakech,Carte,,
CMD33172,CL0770,P057,20/12/2023,4,376.05,KO,Tnja,Carte,LIV3,
CMD42338,CL0157,P077,2023-05-19,5,4468.56,livré,Tnja,Carte,LIV5,2023-05-22
CMD28898,CL0310,P021,2024-02-07,4,2326.97,retourné,TNG,Carte,LIV1,2024-02-11
CMD17447,CL0799,P087,21/09/2023,4,4331.35,livré,CASABLANCA,Carte,LIV9,2023-09-22
CMD36654,CL0222,P078,Jan 11 2023,2,2373.59,livré,casa,Carte,LIV7,2023-01-14
CMD28779,CL0724,P031,2023-07-03,4,4817.66,en_cours,RBA,Carte,LIV1,
CMD38760,CL0021,P033,Mar 23 2024,5,1504.92,KO,RBA,Carte,LIV10,
CMD32010,CL0609,P049,2023-03-10,3,3012.93,en_cours,TNG,Carte,LIV8,
CMD40515,CL0631,P001,2023-11-09,5,597.63,OK,Tnja,Carte,LIV10,
CMD08495,CL0070,P084,Jan 12 2024,4,2398.87,livré,Tnja,Carte,LIV1,2024-01-15
CMD40643,CL0635,P065,2024-04-29,4,4549.5,annulé,TANGER,Carte,,
CMD17902,CL0300,P049,2024-01-13,1,2571.91,annulé,RBA,Carte,LIV1,
CMD10160,CL0477,P066,2024-01-22,1,4988.49,LIVRE,CASABLANCA,Carte,,2024-01-26
CMD15462,CL0562,P035,Feb 26 2023,1,3842.62,retourné,CASABLANCA,Carte,,2023-02-27
CMD43614,CL0599,P034,Oct 16 2023,1,2751.34,en_cours,TNG,Carte,LIV5,
CMD06899,CL0354,P047,2023-11-28,4,0,livré,Agadir,Carte,LIV4,2023-12-02
CMD39182,CL0210,P045,25/02/2024,4,2262.63,DONE,TANGER,Carte,LIV7,2024-02-29
CMD40872,CL0684,P080,Dec 03 2023,4,1293.91,en_cours,TANGER,Carte,LIV3,
CMD28800,CL0101,P059,20/06/2023,1,614.58,livre,TANGER,Carte,LIV4,
CMD06940,CL0078,P069,Apr 25 2024,1,1525.3,LIVRE,Agadir,Carte,LIV8,2024-04-26
CMD17515,CL0275,P089,2023-05-21,4,2981.03,en_cours,Tnja,Carte,LIV1,
CMD15143,CL0308,P033,02/01/2024,2,872.35,livre,kech,Carte,LIV1,
CMD28640,CL0927,P080,May 05 2024,4,3786.03,OK,RBA,Carte,LIV1,
CMD08066,CL0032,P089,2023-02-17,2,4222.9,LIVRE,Tnja,Carte,LIV7,2023-02-21
CMD17265,CL0228,P034,Sep 07 2023,3,539.3,en_cours,TNG,Carte,LIV10,
CMD35727,CL0741,P021,22/11/2023,3,1708.7,OK,RBA,Carte,LIV3,
CMD02363,CL0650,P077,2023-06-17,4,3534.19,LIVRE,CASABLANCA,Carte,LIV3,2023-06-18
CMD08790,CL0292,P076,22/05/2023,1,2434.49,livré,casa,Carte,LIV7,2023-05-26
CMD27827,CL0779,P069,2023-09-06,-1,0,OK,marrakech,Carte,LIV6,
CMD03784,CL0808,P011,2023-05-28,4,4685.48,annulé,RBA,Carte,LIV10,
CMD07854,CL0862,P002,Jul 06 2023,1,4835.63,livré,CASABLANCA,Carte,,2023-07-11
CMD13884,CL0849,P092,Jan 11 2023,4,3217.52,LIVRE,TANGER,Carte,LIV9,2023-01-16
CMD07190,CL0067,P091,2024-01-06,4,4386.48,DONE,tanger,Carte,LIV4,2024-01-08
CMD43574,CL0671,P099,2023-08-10,4,3376.07,livre,TNG,Carte,LIV9,
CMD13057,CL0437,P025,04/09/2023,4,840.9,livré,Agadir,Carte,LIV6,2023-09-07
CMD39947,CL0966,P011,30/03/2023,1,4077.48,livré,CASABLANCA,Carte,LIV6,2023-03-31
CMD43921,CL0645,P036,30/10/2023,3,2439.32,annulé,kech,Carte,LIV6,
CMD42898,CL0966,P042,Aug 13 2023,3,4772.18,annulé,tanger,Carte,LIV2,
CMD03660,CL0127,P009,2024-03-29,2,2221.23,LIVRE,Agadir,Carte,LIV2,2024-03-30
CMD41415,CL0553,P028,May 06 2023,5,2595.86,retourné,kech,Carte,LIV3,2023-05-09
CMD46130,CL0804,P009,Jan 19 2024,1,2587.17,OK,Tnja,Carte,LIV9,
CMD30997,CL0202,P079,14/01/2023,4,4484.51,OK,casa,Carte,LIV6,
CMD36895,CL0539,P064,2023-10-25,1,4057.09,retourné,Agadir,Carte,LIV1,2023-10-29
CMD33699,CL0104,P016,2023-02-28,2,2344.82,LIVRE,CASABLANCA,Carte,LIV7,2023-03-04
CMD26597,CL0015,P089,23/08/2023,3,4560.8,annulé,RBA,Carte,LIV5,
CMD35634,CL0496,P016,17/01/2024,5,0,livré,TANGER,Carte,LIV5,2024-01-20
CMD38198,CL0869,P043,Dec 22 2023,2,3737.01,LIVRE,RBA,Carte,LIV1,2023-12-24
CMD30203,CL0611,P057,May 04 2024,4,3654.29,livre,marrakech,Carte,LIV2,
CMD16024,CL0435,P002,2023-03-05,1,4133.29,retourné,kech,Carte,LIV6,2023-03-06
CMD43705,CL0540,P012,17/08/2023,5,1417.95,LIVRE,TNG,Carte,LIV5,2023-08-22
CMD32787,CL0989,P099,21/11/2023,3,850.54,DONE,Tnja,Carte,LIV1,2023-11-24
CMD01613,CL0699,P063,14/06/2023,3,885.96,livré,Agadir,Carte,LIV1,2023-06-15
CMD33513,CL0406,P032,06/02/2023,5,2991.27,livré,CASABLANCA,Carte,LIV4,2023-02-07
CMD39060,CL0558,P069,28/04/2024,1,3802.88,LIVRE,TANGER,Carte,LIV1,2024-05-02
CMD18253,CL0218,P054,Aug 12 2023,5,2826.23,en_cours,casa,Carte,LIV6,
CMD36169,CL0626,P021,2023-04-02,2,4810.25,livré,RBA,Carte,LIV3,2023-04-04
CMD46703,CL0140,P045,Feb 23 2024,4,4992.42,livré,marrakech,Carte,LIV1,2024-02-26
CMD14118,CL0945,P027,Mar 30 2023,3,1383.64,livré,marrakech,Carte,LIV2,2023-04-03
CMD08514,CL0309,P094,2023-09-20,4,2974.27,KO,casa,Carte,LIV10,
CMD36769,CL0464,P018,04/03/2023,3,2270.17,KO,kech,Carte,LIV10,
CMD45166,CL0601,P064,Apr 01 2024,1,4042.24,KO,RBA,Carte,LIV8,
CMD41860,CL0318,P055,31/01/2023,5,4501.83,retourné,Tnja,Carte,LIV2,2023-02-04
CMD07059,CL0088,P025,2024-01-21,1,3035.33,livre,Agadir,Carte,LIV3,
CMD14470,CL0125,P023,Feb 20 2023,2,3816.94,annulé,TNG,Carte,,
CMD43747,CL0109,P016,2023-03-26,5,4912.42,retourné,marrakech,Carte,LIV8,2023-03-31
CMD18755,CL0153,P094,2023-03-13,4,2333.91,annulé,tanger,Carte,LIV5,
CMD24731,CL0729,P088,19/12/2023,1,835.54,KO,tanger,Carte,LIV8,
CMD41132,CL0743,P045,2023-07-09,1,2588.32,LIVRE,Agadir,Carte,LIV6,2023-07-11
CMD15234,CL0810,P043,Nov 17 2023,4,4585.13,LIVRE,tanger,Carte,LIV7,2023-11-22
CMD29502,CL0523,P053,Jan 10 2023,2,4001.71,LIVRE,tanger,Carte,LIV8,2023-01-14
CMD44890,CL0116,P028,01/04/2023,2,2493.25,OK,kech,Carte,LIV3,
CMD42881,CL0265,P026,2023-03-06,3,1923.56,LIVRE,CASABLANCA,Carte,LIV3,2023-03-10
CMD18874,CL0022,P003,27/01/2024,4,209.71,retourné,TNG,Carte,LIV9,2024-02-01
CMD47895,CL0796,P075,28/04/2023,5,915.04,annulé,TNG,Carte,LIV9,
CMD12463,CL0868,P021,08/05/2023,1,1273.92,livre,tanger,Carte,LIV8,
CMD01873,CL0519,P087,2023-01-15,2,2758.51,livré,TNG,Carte,LIV8,2023-01-18
CMD48027,CL0798,P067,01/03/2023,1,4051.6,livre,Agadir,Carte,LIV9,
CMD32714,CL0470,P014,06/01/2024,3,1336.15,DONE,kech,Carte,LIV6,2024-01-11
CMD23619,CL0679,P003,28/11/2023,4,2235.81,retourné,TANGER,Carte,LIV2,2023-12-01
CMD44913,CL0756,P061,Sep 08 2023,5,2465.43,livré,Tnja,Carte,LIV2,2023-09-13
CMD09336,CL0851,P084,25/01/2024,2,310.49,LIVRE,Tnja,Carte,,2024-01-29
CMD10398,CL0721,P021,10/02/2023,5,2322.27,annulé,TNG,Carte,LIV8,
CMD09890,CL0056,P001,2024-04-02,5,3851.4,en_cours,kech,Carte,LIV8,
CMD22046,CL0243,P015,2023-09-06,2,100.74,KO,CASABLANCA,Carte,LIV10,
CMD35315,CL0772,P026,Dec 28 2023,1,4027.94,OK,Agadir,Carte,LIV10,
CMD10901,CL0746,P100,2023-08-20,2,4869.75,livré,CASABLANCA,Carte,LIV1,2023-08-25
CMD07109,CL0782,P089,15/04/2024,1,1852.82,DONE,Agadir,Carte,LIV6,2024-04-19
CMD31473,CL0972,P094,2023-10-23,3,3956.87,livré,kech,Carte,LIV5,2023-10-27
CMD35407,CL0618,P074,2024-03-08,4,350.0,en_cours,marrakech,Carte,LIV3,
CMD41101,CL0822,P041,30/04/2024,4,2109.72,LIVRE,tanger,Carte,LIV6,2024-05-01
CMD00390,CL0242,P100,08/07/2023,1,4947.43,livré,Agadir,Carte,,2023-07-09
CMD19033,CL0954,P002,Sep 11 2023,2,2157.04,DONE,CASABLANCA,Carte,LIV1,2023-09-14
CMD06411,CL0506,P039,Mar 16 2024,1,1115.61,livré,RBA,Carte,,2024-03-18
CMD41731,CL0469,P059,06/02/2024,3,598.55,livré,TNG,Carte,LIV1,2024-02-07
CMD43912,CL0163,P075,2023-03-29,2,4061.52,DONE,TANGER,Carte,LIV9,2023-03-31
CMD31804,CL0906,P007,2023-11-22,5,1382.38,livré,Agadir,Carte,LIV1,2023-11-24
CMD46556,CL0878,P083,Dec 06 2023,5,4865.85,annulé,CASABLANCA,Carte,LIV10,
CMD31438,CL0446,P030,May 31 2023,1,2190.24,en_cours,RBA,Carte,LIV3,
CMD31655,CL0065,P064,2023-05-10,2,4343.09,retourné,Agadir,Carte,LIV10,2023-05-14
CMD29423,CL0104,P059,03/11/2023,2,4289.19,livré,tanger,Carte,,2023-11-07
CMD39920,CL0827,P088,Apr 10 2023,2,3853.02,livré,TNG,Carte,LIV4,2023-04-11
CMD42769,CL0109,P064,Apr 03 2023,4,3935.35,OK,casa,Carte,LIV6,
CMD32209,CL0724,P073,Oct 15 2023,1,2212.97,retourné,kech,Carte,LIV10,2023-10-18
CMD03457,CL0939,P074,2023-05-18,4,1030.44,DONE,TNG,Carte,LIV1,2023-05-19
CMD37751,CL0742,P038,Mar 07 2024,3,3238.15,DONE,tanger,Carte,LIV4,2024-03-10
CMD31272,CL0725,P040,02/11/2023,3,3258.0,livré,Agadir,Carte,LIV7,2023-11-07
CMD01055,CL0133,P029,2024-01-13,3,829.95,LIVRE,Agadir,Carte,LIV7,2024-01-18
CMD38399,CL0654,P100,2023-01-05,3,864.19,livré,Agadir,Carte,LIV9,2023-01-09
CMD32841,CL0950,P046,Aug 26 2023,3,412.52,livré,Agadir,Carte,LIV8,2023-08-29
CMD43674,CL0319,P080,Aug 25 2023,5,3926.0,livré,TANGER,Carte,,2023-08-30
CMD27482,CL0547,P066,2024-02-04,4,4933.08,DONE,tanger,Carte,LIV6,2024-02-06
CMD09468,CL0295,P090,2024-03-10,1,3263.25,annulé,Tnja,Carte,LIV1,
CMD42064,CL0942,P081,2024-01-08,4,3890.9,DONE,TNG,Carte,LIV3,2024-01-10
CMD31657,CL0780,P078,Mar 30 2023,4,2099.94,livré,CASABLANCA,Carte,,2023-04-01
CMD31866,CL0497,P048,Apr 14 2023,1,1879.63,livré,tanger,Carte,LIV9,2023-04-19
CMD38961,CL0491,P085,Aug 29 2023,3,4634.95,livre,Agadir,Carte,LIV10,
CMD18547,CL0307,P098,Jun 24 2023,1,2889.07,retourné,TNG,Carte,LIV9,2023-06-28
CMD34548,CL0860,P037,2023-05-10,4,1354.14,LIVRE,TANGER,Carte,LIV5,2023-05-14
CMD16542,CL0063,P002,2023-03-23,1,91.67,livré,tanger,Carte,LIV5,2023-03-24
CMD20431,CL0231,P031,Mar 27 2024,5,3034.24,livré,casa,Carte,LIV4,2024-04-01
CMD47574,CL0549,P088,Jun 15 2023,5,1440.28,KO,casa,Carte,LIV9,
CMD22912,CL0714,P080,2023-10-16,3,3328.92,livre,RBA,Carte,LIV4,
CMD31860,CL0290,P025,2023-10-07,3,3112.31,annulé,casa,Carte,,
CMD07381,CL0070,P058,Feb 26 2023,4,98.01,retourné,Tnja,Carte,LIV10,2023-03-03
CMD04650,CL0351,P074,02/04/2023,4,4585.1,livré,Tnja,Carte,,2023-04-03
CMD14430,CL0688,P011,2024-02-25,2,418.45,en_cours,TANGER,Carte,LIV3,
CMD27127,CL0229,P033,27/05/2023,5,889.16,livré,casa,Carte,LIV5,2023-06-01
CMD25500,CL0155,P099,2024-01-29,2,173.09,livré,kech,Carte,LIV10,2024-02-01
CMD44970,CL0410,P050,22/03/2024,2,380.04,DONE,RBA,Carte,LIV2,2024-03-25
CMD14462,CL0769,P020,Oct 07 2023,1,3621.17,livré,casa,Carte,LIV1,2023-10-10
CMD20163,CL0391,P091,Apr 03 2024,2,2044.5,livre,CASABLANCA,Carte,LIV5,
CMD34428,CL0242,P067,Mar 13 2023,3,1448.49,LIVRE,tanger,Carte,LIV5,2023-03-17
CMD05148,CL0929,P056,2023-07-16,5,4650.16,annulé,tanger,Carte,LIV9,
CMD19321,CL0222,P099,Jun 07 2023,1,146.92,LIVRE,casa,Carte,LIV3,2023-06-11
CMD04315,CL0701,P046,Apr 22 2023,1,4747.8,annulé,Agadir,Carte,LIV2,
CMD05169,CL0487,P087,Mar 22 2023,1,1701.86,LIVRE,marrakech,Carte,LIV10,2023-03-27
CMD43183,CL0192,P082,Feb 14 2023,3,4428.69,annulé,TNG,Carte,LIV10,
CMD05089,CL0867,P003,30/10/2023,1,2413.88,livré,Agadir,Carte,LIV9,2023-11-04
CMD34465,CL0304,P064,Jul 21 2023,4,0,livré,TANGER,Carte,LIV4,2023-07-24
CMD26828,CL0881,P067,2023-06-11,5,638.64,retourné,kech,Carte,LIV8,2023-06-16
CMD25988,CL0862,P050,Feb 20 2024,3,2425.52,KO,kech,Carte,LIV4,
CMD01750,CL0588,P006,May 05 2023,1,1953.52,LIVRE,TNG,Carte,LIV4,2023-05-07
CMD25067,CL0170,P050,17/02/2023,4,2400.91,annulé,kech,Carte,LIV7,
CMD30099,CL0959,P084,2024-01-08,1,3259.97,livré,TANGER,Carte,LIV10,2024-01-13
CMD20653,CL0339,P041,11/05/2023,5,3521.37,livre,Tnja,Carte,LIV7,
CMD22953,CL0423,P038,Mar 21 2024,4,3071.47,livré,RBA,Carte,LIV3,2024-03-26
CMD12271,CL0923,P028,2023-05-02,5,4589.87,en_cours,Tnja,Carte,LIV6,
CMD04732,CL0773,P045,Jul 02 2023,5,4618.48,KO,kech,Carte,LIV1,
CMD12649,CL0668,P012,22/06/2023,4,4678.65,OK,TNG,Carte,LIV1,
CMD33407,CL0088,P024,2023-05-16,2,4955.44,livré,Tnja,Carte,LIV1,2023-05-17
CMD23726,CL0640,P051,Feb 20 2023,5,3783.84,livré,Tnja,Carte,LIV1,2023-02-21
CMD42284,CL0332,P093,Dec 12 2023,4,4263.55,annulé,casa,Carte,LIV1,
CMD42390,CL0727,P081,Mar 11 2023,-1,4134.39,LIVRE,casa,Carte,LIV5,2023-03-14
CMD47253,CL0851,P060,28/07/2023,3,3197.45,en_cours,CASABLANCA,Carte,LIV6,
CMD26931,CL0813,P070,Feb 22 2023,1,1503.44,livré,tanger,Carte,LIV3,2023-02-25
CMD38724,CL0117,P053,05/03/2023,4,3818.28,DONE,Tnja,Carte,LIV8,2023-03-10
CMD44612,CL0019,P043,Apr 01 2023,2,191.8,DONE,TANGER,Carte,LIV8,2023-04-04
CMD32766,CL0861,P001,Jan 30 2024,2,1110.43,annulé,CASABLANCA,Carte,LIV4,
CMD21892,CL0869,P019,02/04/2024,5,2584.89,retourné,marrakech,Carte,LIV8,2024-04-07
CMD39540,CL0742,P049,Apr 30 2024,5,4725.23,KO,tanger,Carte,LIV5,
CMD39885,CL0780,P058,2023-01-05,4,3730.22,en_cours,kech,Carte,LIV1,
CMD12982,CL0203,P066,2024-05-11,4,3564.49,OK,kech,Carte,,
CMD24006,CL0021,P061,Jul 03 2023,5,1756.54,LIVRE,TANGER,Carte,LIV5,2023-07-07
CMD02048,CL0193,P056,2024-01-14,5,2865.53,KO,TANGER,Carte,LIV7,
CMD27869,CL0267,P058,Nov 18 2023,1,631.29,DONE,casa,Carte,LIV5,2023-11-21
CMD13654,CL0116,P024,2024-02-22,1,4861.01,en_cours,casa,Carte,,
CMD03560,CL0764,P009,2023-03-07,2,4731.03,livre,marrakech,Carte,LIV7,
CMD41472,CL0766,P049,19/12/2023,5,2862.82,livré,TNG,Carte,LIV7,2023-12-23
CMD25576,CL0428,P062,2023-04-09,2,2530.13,retourné,Tnja,Carte,LIV3,2023-04-14
CMD46353,CL0347,P050,2023-03-16,4,1768.53,OK,casa,Carte,LIV9,
CMD23983,CL0363,P067,09/04/2023,5,4719.39,LIVRE,TANGER,Carte,LIV9,2023-04-11
CMD29892,CL0500,P036,05/01/2024,4,4641.37,en_cours,CASABLANCA,Carte,LIV3,
CMD27319,CL0586,P065,Nov 21 2023,5,2723.13,annulé,TANGER,Carte,LIV8,
CMD48355,CL0937,P019,2023-12-19,5,4817.06,en_cours,TNG,Carte,LIV1,
CMD17132,CL0623,P071,02/07/2023,1,822.8,LIVRE,Agadir,Carte,LIV9,2023-07-04
CMD40962,CL0490,P095,Jan 20 2024,2,603.78,DONE,Tnja,Carte,,2024-01-24
CMD29170,CL0947,P048,30/04/2024,3,923.0,livré,RBA,Carte,LIV2,2024-05-03
CMD39108,CL0237,P052,2023-01-06,5,4401.0,KO,tanger,Carte,,
CMD27112,CL0640,P005,12/05/2023,2,4718.78,KO,CASABLANCA,Carte,LIV1,
CMD22115,CL0478,P090,2023-06-13,5,1152.05,DONE,CASABLANCA,Carte,LIV10,2023-06-14
CMD38263,CL0146,P072,2024-03-26,5,859.59,livré,marrakech,Carte,LIV10,2024-03-28
CMD06406,CL0864,P065,Jul 07 2023,2,1389.36,retourné,RBA,Carte,LIV1,2023-07-09
CMD48160,CL0455,P048,2023-06-24,5,2419.1,annulé,TANGER,Carte,LIV10,
CMD36414,CL0173,P053,23/05/2023,1,3082.82,livre,CASABLANCA,Carte,LIV8,
CMD35569,CL0844,P065,Jan 04 2023,2,892.2,livré,CASABLANCA,Carte,LIV1,2023-01-06
CMD43071,CL0340,P061,2023-05-26,5,2373.06,en_cours,TANGER,Carte,LIV1,
CMD23036,CL0491,P086,2023-05-05,1,1707.65,livre,marrakech,Carte,LIV4,
CMD42549,CL0372,P088,19/09/2023,4,0,livre,casa,Carte,LIV7,
CMD27346,CL0826,P060,2024-02-11,3,1647.44,en_cours,Agadir,Carte,LIV4,
CMD38410,CL0175,P072,Jul 21 2023,4,1159.15,annulé,casa,Carte,,
CMD04226,CL0509,P090,Mar 06 2023,4,4351.68,livré,tanger,Carte,LIV5,2023-03-10
CMD47190,CL0186,P055,Dec 01 2023,4,3306.84,annulé,RBA,Carte,LIV2,
CMD02305,CL0673,P047,2024-04-24,1,1555.23,OK,kech,Carte,LIV4,
CMD34391,CL0097,P005,May 25 2023,2,1586.33,livré,Tnja,Carte,LIV7,2023-05-26
CMD04693,CL0960,P055,17/11/2023,1,4746.66,en_cours,TANGER,Carte,LIV6,
CMD03073,CL0186,P096,30/09/2023,3,512.78,DONE,marrakech,Carte,LIV7,2023-10-04
CMD45475,CL0721,P089,Jun 20 2023,2,2334.9,livré,TNG,Carte,LIV10,2023-06-22
CMD44591,CL0898,P006,May 12 2023,2,3565.27,LIVRE,marrakech,Carte,LIV4,2023-05-15
CMD32380,CL0006,P046,2023-04-09,3,2159.07,en_cours,RBA,Carte,LIV10,
CMD17232,CL0627,P087,Apr 15 2023,3,3103.8,LIVRE,casa,Carte,LIV1,2023-04-16
CMD37675,CL0056,P061,2023-06-10,4,4458.52,en_cours,marrakech,Carte,LIV10,
CMD34141,CL0740,P046,09/04/2024,3,4117.45,livré,Tnja,Carte,LIV4,2024-04-13
CMD30376,CL0253,P034,09/04/2024,2,2873.78,retourné,kech,Carte,LIV5,2024-04-14
CMD21929,CL0409,P078,12/01/2024,5,2917.25,KO,Agadir,Carte,LIV8,
CMD04387,CL0823,P020,Jun 28 2023,1,0,en_cours,Tnja,Carte,LIV2,
CMD16824,CL0636,P068,16/05/2023,5,1190.73,OK,CASABLANCA,Carte,LIV4,
CMD10418,CL0382,P060,Aug 01 2023,4,919.12,OK,Tnja,Carte,LIV2,
CMD20405,CL0067,P071,04/08/2023,4,4589.92,LIVRE,tanger,Carte,LIV3,2023-08-07
CMD06611,CL0399,P053,2023-05-30,3,1212.62,OK,Tnja,Carte,LIV8,
CMD09060,CL0864,P060,2023-04-10,4,4566.72,LIVRE,tanger,Carte,LIV6,2023-04-13
CMD32013,CL0016,P028,2024-03-27,1,494.33,KO,CASABLANCA,Carte,LIV6,
CMD36499,CL0264,P042,24/03/2023,5,4590.52,DONE,marrakech,Carte,LIV1,2023-03-27
CMD37295,CL0875,P099,2023-12-08,4,3531.46,livré,Agadir,Carte,LIV10,2023-12-13
CMD11731,CL0602,P086,Mar 14 2023,1,1124.35,livre,tanger,Carte,LIV7,
CMD08532,CL0172,P010,Jun 09 2023,5,1936.95,livré,RBA,Carte,LIV6,2023-06-14
CMD38474,CL0996,P068,Jun 11 2023,2,3722.31,livré,TNG,Carte,LIV10,2023-06-15
CMD44327,CL0122,P004,31/03/2024,5,2570.43,annulé,tanger,Carte,LIV1,
CMD48193,CL0931,P045,2023-02-16,3,58.56,livré,Tnja,Carte,LIV4,2023-02-19
CMD44937,CL0919,P074,Aug 11 2023,3,929.57,livre,TANGER,Carte,LIV10,
CMD13577,CL0617,P090,Jul 09 2023,4,4836.61,LIVRE,Tnja,Carte,LIV4,2023-07-12
CMD17313,CL0361,P026,Feb 21 2023,4,976.87,livre,TANGER,Carte,LIV7,
CMD20036,CL0664,P014,2024-05-09,3,3609.96,LIVRE,marrakech,Carte,LIV8,2024-05-13
CMD44996,CL0201,P073,24/01/2023,3,1593.69,OK,TANGER,Carte,LIV7,
CMD13112,CL0464,P087,2023-08-03,4,436.74,KO,RBA,Carte,LIV5,
CMD10120,CL0311,P033,17/01/2023,5,1692.83,retourné,casa,Carte,LIV2,2023-01-22
CMD41103,CL0868,P045,2023-01-12,4,1675.13,livre,Agadir,Carte,LIV3,
CMD30192,CL0117,P007,2023-12-10,4,3629.06,retourné,Agadir,Carte,LIV2,2023-12-15
CMD30392,CL0744,P075,06/08/2023,-1,3118.07,DONE,Tnja,Carte,LIV9,2023-08-10
CMD45013,CL0042,P047,07/10/2023,5,4437.39,retourné,CASABLANCA,Carte,LIV10,2023-10-08
CMD10527,CL0848,P009,2024-05-02,4,2037.62,livre,TANGER,Carte,LIV6,
CMD46727,CL0697,P089,2023-05-09,3,0,livré,CASABLANCA,Carte,LIV4,2023-05-14
CMD28860,CL0003,P096,2023-12-22,3,2645.35,en_cours,marrakech,Carte,LIV5,
CMD02534,CL0357,P015,2023-05-10,3,3495.74,DONE,casa,Carte,LIV1,2023-05-15
CMD37055,CL0916,P094,Jan 15 2023,1,282.23,retourné,marrakech,Carte,LIV8,2023-01-17
CMD29589,CL0700,P003,2023-01-25,5,2981.04,livré,Tnja,Carte,LIV9,2023-01-27
CMD05015,CL0545,P022,2023-06-13,4,4472.93,DONE,casa,Carte,LIV8,2023-06-18
CMD01385,CL0835,P074,2023-07-11,3,3586.94,en_cours,Agadir,Carte,LIV2,
CMD17141,CL0206,P085,2023-05-08,1,1195.48,LIVRE,CASABLANCA,Carte,,2023-05-10
CMD09472,CL0100,P003,07/04/2024,2,3246.09,KO,Tnja,Carte,LIV5,
CMD23832,CL0883,P078,Sep 15 2023,4,2625.83,LIVRE,TNG,Carte,LIV3,2023-09-20
CMD31958,CL0957,P032,Jun 11 2023,2,4732.06,livre,TANGER,Carte,,
CMD42781,CL0274,P058,May 17 2023,2,1577.91,retourné,Agadir,Carte,LIV10,2023-05-22
CMD05407,CL0269,P069,May 10 2023,2,4080.36,LIVRE,TANGER,Carte,LIV8,2023-05-13
CMD24048,CL0419,P034,May 10 2023,4,4542.33,KO,Agadir,Carte,LIV2,
CMD32680,CL0622,P046,19/06/2023,2,153.93,DONE,Tnja,Carte,LIV9,2023-06-24
CMD08525,CL0542,P039,15/03/2024,2,1524.57,OK,marrakech,Carte,LIV6,
CMD01478,CL0901,P042,Apr 20 2023,5,1937.89,livré,CASABLANCA,Carte,LIV3,2023-04-21
CMD00983,CL0408,P053,Feb 15 2024,1,970.24,retourné,Tnja,Carte,LIV7,2024-02-19
CMD24374,CL0530,P061,2023-04-07,1,714.34,KO,CASABLANCA,Carte,LIV1,
CMD05631,CL0403,P090,16/12/2023,5,4068.97,KO,Tnja,Carte,LIV3,
CMD41453,CL0207,P099,Mar 13 2023,2,4678.59,KO,TANGER,Carte,LIV4,
CMD46869,CL0020,P045,2023-02-01,1,1711.81,livré,CASABLANCA,Carte,LIV6,2023-02-03
CMD22628,CL0390,P016,Sep 12 2023,5,1664.02,en_cours,TANGER,Carte,LIV7,
CMD35612,CL0655,P014,2024-02-13,2,2517.65,livré,Agadir,Carte,LIV4,2024-02-17
CMD14889,CL0098,P077,30/11/2023,4,2834.77,DONE,TNG,Carte,LIV7,2023-12-02
CMD25017,CL0875,P045,Dec 06 2023,3,101.16,livré,kech,Carte,LIV5,2023-12-09
CMD20422,CL0829,P065,Sep 14 2023,1,2532.57,en_cours,RBA,Carte,LIV10,
CMD29049,CL0507,P061,2023-02-15,4,1831.3,livre,RBA,Carte,,
CMD43742,CL0140,P079,18/08/2023,1,2195.38,en_cours,Agadir,Carte,LIV2,
CMD32546,CL0686,P012,2023-09-02,2,1599.82,livré,casa,Carte,LIV3,2023-09-03
CMD02036,CL0310,P028,28/02/2023,4,1129.86,OK,casa,Carte,,
CMD31015,CL0806,P015,Aug 27 2023,3,1361.27,annulé,kech,Carte,LIV1,
CMD38794,CL0109,P042,2023-10-27,1,1281.67,DONE,RBA,Carte,LIV2,2023-10-30
CMD37139,CL0043,P018,Aug 03 2023,1,2722.79,livre,kech,Carte,,
CMD34232,CL0249,P078,10/08/2023,4,2086.09,livré,Agadir,Carte,LIV9,2023-08-12
CMD24039,CL0372,P075,2023-07-01,3,291.34,livré,TNG,Carte,LIV9,2023-07-06
CMD17575,CL0452,P089,Mar 24 2023,3,4871.16,annulé,marrakech,Carte,LIV1,
CMD24341,CL0262,P004,11/03/2023,3,3960.89,annulé,RBA,Carte,LIV4,
CMD15849,CL0364,P057,2023-09-13,1,1548.51,OK,Agadir,Carte,LIV6,
CMD36996,CL0895,P085,15/11/2023,2,497.54,livré,casa,Carte,LIV9,2023-11-16
CMD19682,CL0738,P080,2024-01-11,3,2089.1,livré,TNG,Carte,LIV3,2024-01-15
CMD38938,CL0483,P003,26/11/2023,4,4542.09,retourné,Tnja,Carte,LIV9,2023-12-01
CMD46695,CL0954,P051,Sep 20 2023,3,4983.84,livré,TNG,Carte,LIV2,2023-09-21
CMD04051,CL0517,P099,30/03/2024,3,1821.3,KO,casa,Carte,LIV2,
CMD44885,CL0867,P035,2024-01-01,2,1376.31,KO,TNG,Carte,LIV3,
CMD44231,CL0215,P006,Jan 03 2023,3,1282.07,KO,tanger,Carte,LIV1,
CMD28631,CL0085,P061,27/09/2023,4,3213.87,annulé,casa,Carte,LIV7,
CMD06713,CL0778,P062,Jan 05 2024,2,4476.79,retourné,TANGER,Carte,,2024-01-07
CMD25687,CL0648,P068,2024-01-03,4,141.15,livre,RBA,Carte,LIV1,
CMD44474,CL0588,P084,2023-12-21,4,1563.06,DONE,marrakech,Carte,,2023-12-24
CMD17240,CL0050,P060,10/01/2024,2,2554.02,DONE,tanger,Carte,LIV8,2024-01-12
CMD20457,CL0145,P070,Feb 19 2024,-1,2010.2,livré,TNG,Carte,,2024-02-23
CMD00771,CL0553,P069,Feb 14 2023,4,4071.79,livré,casa,Carte,LIV5,2023-02-19
CMD42028,CL0161,P086,Jun 24 2023,4,3581.2,livre,casa,Carte,LIV5,
CMD15220,CL0932,P022,09/02/2024,1,4297.9,en_cours,Tnja,Carte,LIV5,
CMD36585,CL0104,P019,2023-04-25,3,1379.32,DONE,casa,Carte,LIV7,2023-04-27
CMD09952,CL0504,P080,09/12/2023,3,1255.47,livré,CASABLANCA,Carte,LIV3,2023-12-10
CMD40344,CL0877,P005,Jul 18 2023,2,2125.44,annulé,RBA,Carte,LIV1,
CMD17195,CL0521,P043,2023-10-21,2,4813.05,retourné,RBA,Carte,LIV2,2023-10-24
CMD36332,CL0854,P031,14/04/2024,2,0,DONE,TNG,Carte,LIV6,2024-04-18
CMD40859,CL0470,P096,2023-01-12,2,627.88,annulé,Agadir,Carte,LIV6,
CMD22394,CL0058,P048,May 03 2024,5,1900.22,DONE,tanger,Carte,LIV5,2024-05-07
CMD45748,CL0010,P003,Jul 06 2023,3,108.99,KO,TANGER,Carte,LIV7,
CMD28700,CL0272,P081,2023-12-02,1,106.28,livré,TNG,Carte,LIV3,2023-12-04
CMD25227,CL0272,P038,17/04/2023,2,3956.98,livré,RBA,Carte,LIV9,2023-04-19
CMD32122,CL0376,P082,14/03/2023,1,4001.61,livré,CASABLANCA,Carte,LIV5,2023-03-18
CMD21601,CL0062,P041,Nov 29 2023,1,2518.67,retourné,TNG,Carte,LIV5,2023-11-30
CMD42061,CL0884,P035,Feb 25 2023,4,2877.92,OK,casa,Carte,LIV2,
CMD12408,CL0353,P028,23/01/2024,5,4272.12,LIVRE,TANGER,Carte,,2024-01-24
CMD00457,CL0817,P002,Dec 07 2023,1,2555.9,DONE,TNG,Carte,LIV8,2023-12-08
CMD45230,CL0178,P093,24/12/2023,5,2542.94,livré,casa,Carte,,2023-12-25
CMD22570,CL0165,P048,22/03/2024,2,4872.76,livré,Agadir,Carte,LIV10,2024-03-26
CMD13355,CL0617,P025,May 03 2024,3,1158.05,retourné,kech,Carte,LIV7,2024-05-04
CMD09874,CL0586,P016,Sep 21 2023,1,2468.37,livré,Tnja,Carte,LIV2,2023-09-23
CMD32602,CL0933,P011,Feb 23 2023,1,3715.94,OK,TANGER,Carte,LIV7,
CMD10088,CL0764,P048,2024-03-15,5,4192.08,livré,TANGER,Carte,LIV2,2024-03-16
CMD24713,CL0275,P087,Dec 04 2023,2,4608.19,KO,tanger,Carte,LIV9,
CMD15796,CL0686,P091,Jul 22 2023,5,1334.0,KO,tanger,Carte,LIV2,
CMD40631,CL0250,P016,17/04/2023,3,3677.83,livre,TNG,Carte,,
CMD38888,CL0094,P040,Mar 10 2024,5,108.18,livre,kech,Carte,LIV8,
CMD08169,CL0874,P021,16/01/2023,3,1772.8,OK,Agadir,Carte,LIV4,
CMD22149,CL0173,P065,20/03/2023,2,190.24,livré,TANGER,Carte,LIV3,2023-03-23
CMD15919,CL0641,P062,May 19 2023,3,2703.35,KO,TANGER,Carte,LIV10,
CMD00797,CL0152,P027,14/02/2024,1,724.82,DONE,RBA,Carte,LIV2,2024-02-19
CMD12350,CL0839,P066,2024-03-02,4,2820.68,KO,TNG,Carte,LIV8,
CMD11580,CL0528,P067,Feb 04 2024,5,1154.69,retourné,kech,Carte,LIV4,2024-02-07
CMD01771,CL0221,P057,Jan 05 2024,4,4151.24,KO,CASABLANCA,Carte,LIV5,
CMD22613,CL0708,P047,15/08/2023,5,848.65,en_cours,marrakech,Carte,LIV3,
CMD48217,CL0211,P041,Nov 03 2023,1,783.52,KO,TNG,Carte,LIV8,
CMD31445,CL0655,P084,2023-02-27,4,4785.37,livré,TNG,Carte,LIV1,2023-02-28
CMD35550,CL0429,P004,2023-07-06,3,1480.93,en_cours,TNG,Carte,LIV10,
CMD35889,CL0181,P088,16/03/2024,2,4053.0,DONE,Agadir,Carte,LIV1,2024-03-20
CMD41200,CL0137,P096,2023-12-09,5,4841.31,livré,TANGER,Carte,,2023-12-10
CMD09844,CL0522,P077,02/08/2023,4,1809.81,en_cours,casa,Carte,LIV2,
CMD17107,CL0103,P074,Feb 15 2023,1,3482.93,LIVRE,CASABLANCA,Carte,LIV2,2023-02-16
CMD06882,CL0217,P073,31/01/2024,4,2882.91,LIVRE,TANGER,Carte,LIV4,2024-02-03
CMD39047,CL0925,P082,May 11 2024,2,4925.82,OK,tanger,Carte,LIV3,
CMD27096,CL0923,P074,28/03/2024,3,90.97,DONE,tanger,Carte,LIV2,2024-03-29
CMD09950,CL0881,P033,03/10/2023,4,204.02,livre,RBA,Carte,LIV5,
CMD03507,CL0530,P053,2024-04-22,2,1127.99,livré,CASABLANCA,Carte,LIV5,2024-04-24
CMD09500,CL0474,P038,2023-11-09,3,2436.49,livré,casa,Carte,LIV6,2023-11-11
CMD35062,CL0234,P065,Jun 07 2023,3,4255.74,KO,RBA,Carte,LIV4,
CMD15151,CL0508,P024,2023-12-18,4,1974.78,annulé,TANGER,Carte,LIV9,
CMD04475,CL0552,P010,Feb 16 2023,1,3027.41,livré,tanger,Carte,LIV5,2023-02-20
CMD18068,CL0729,P015,27/06/2023,3,2162.38,livre,Agadir,Carte,,
CMD41475,CL0284,P065,Oct 15 2023,2,1362.21,retourné,RBA,Carte,LIV6,2023-10-16
CMD41699,CL0083,P023,Nov 02 2023,1,3343.65,OK,CASABLANCA,Carte,LIV2,
CMD41284,CL0002,P052,Apr 16 2024,4,345.23,livre,CASABLANCA,Carte,LIV9,
CMD20277,CL0700,P020,27/03/2024,2,4986.56,livré,tanger,Carte,LIV4,2024-03-30
CMD24321,CL0796,P090,2023-02-27,4,3193.99,annulé,casa,Carte,LIV7,
CMD15982,CL0120,P023,2023-06-24,1,1639.43,livre,RBA,Carte,LIV4,
CMD09512,CL0422,P011,27/01/2023,1,1286.39,retourné,TANGER,Carte,LIV3,2023-01-28
CMD37583,CL0830,P065,2023-09-11,4,4340.16,annulé,RBA,Carte,LIV7,
CMD31060,CL0842,P089,Jul 02 2023,4,4335.11,retourné,Agadir,Carte,LIV6,2023-07-04
CMD33005,CL0287,P086,07/07/2023,2,4052.14,LIVRE,TANGER,Carte,LIV5,2023-07-08
CMD45573,CL0771,P070,09/10/2023,3,4060.31,livré,tanger,Carte,,2023-10-13
CMD25695,CL0688,P074,2023-04-09,5,4750.35,OK,Agadir,Carte,LIV1,
CMD29759,CL0452,P066,2024-01-12,2,1634.5,livré,TNG,Carte,LIV7,2024-01-13
CMD00594,CL0723,P019,03/08/2023,5,1798.77,OK,Agadir,Carte,LIV8,
CMD02070,CL0013,P004,Mar 16 2024,2,323.87,DONE,marrakech,Carte,LIV5,2024-03-20
CMD23178,CL0523,P061,22/01/2024,3,1199.1,retourné,TNG,Carte,LIV7,2024-01-26
CMD19438,CL0445,P055,2024-05-08,2,4677.71,DONE,Tnja,Carte,LIV8,2024-05-12
CMD31301,CL0705,P055,17/05/2023,2,174.14,livré,CASABLANCA,Carte,LIV7,2023-05-20
CMD31196,CL0663,P093,2023-12-31,3,4687.75,livre,Tnja,Carte,LIV7,
CMD06427,CL0417,P086,Jun 29 2023,5,4085.25,annulé,CASABLANCA,Carte,LIV3,
CMD12514,CL0179,P092,02/12/2023,5,4543.52,LIVRE,marrakech,Carte,LIV5,2023-12-07
CMD33659,CL0790,P067,Mar 23 2023,3,4654.26,livre,kech,Carte,,
CMD32355,CL0891,P069,13/11/2023,5,829.45,OK,casa,Carte,LIV7,
CMD17857,CL0961,P034,20/11/2023,5,1261.01,livré,RBA,Carte,LIV8,2023-11-23
CMD30826,CL0478,P002,2023-06-14,5,4661.04,livré,Tnja,Carte,LIV4,2023-06-18
CMD35034,CL0350,P023,2023-05-26,4,3048.55,LIVRE,marrakech,Carte,LIV5,2023-05-30
CMD05524,CL0634,P081,Apr 07 2023,4,108.48,livré,marrakech,Carte,LIV9,2023-04-10
CMD44168,CL0494,P075,07/10/2023,3,2983.0,livré,marrakech,Carte,LIV4,2023-10-12
CMD27888,CL0410,P029,19/12/2023,4,1119.19,livré,tanger,Carte,LIV3,2023-12-24
CMD24429,CL0353,P036,2023-05-14,3,1446.99,livre,tanger,Carte,LIV5,
CMD42386,CL0910,P013,2024-04-27,5,4698.74,annulé,kech,Carte,LIV1,
CMD41457,CL0828,P078,29/06/2023,1,300.29,LIVRE,TNG,Carte,LIV9,2023-07-04
CMD46876,CL0290,P029,26/09/2023,5,635.11,livré,Agadir,Carte,LIV4,2023-09-30
CMD14792,CL0439,P034,2023-02-17,2,1370.04,annulé,TANGER,Carte,LIV7,
CMD09123,CL0477,P009,Feb 07 2023,2,3456.81,en_cours,TNG,Carte,LIV2,
CMD41930,CL0506,P022,18/03/2023,3,3673.49,DONE,kech,Carte,LIV6,2023-03-19
CMD17741,CL0234,P013,Apr 08 2024,3,3271.84,DONE,Tnja,Carte,LIV2,2024-04-11
CMD45725,CL0575,P097,29/04/2024,1,2823.3,annulé,tanger,Carte,LIV4,
CMD20674,CL0180,P073,2024-05-08,5,2026.89,DONE,Agadir,Carte,LIV1,2024-05-11
CMD11960,CL0785,P077,2023-05-22,2,1339.33,DONE,TANGER,Carte,LIV4,2023-05-23
CMD18228,CL0768,P018,2023-02-21,2,2800.1,annulé,Agadir,Carte,LIV8,
CMD12983,CL0310,P006,14/04/2024,4,2153.89,retourné,TNG,Carte,LIV8,2024-04-18
CMD07403,CL0272,P085,2023-01-01,1,1914.64,en_cours,RBA,Carte,LIV10,
CMD08766,CL0558,P010,18/12/2023,4,1953.47,en_cours,tanger,Carte,LIV6,
CMD01427,CL0645,P081,Jun 10 2023,1,813.85,OK,CASABLANCA,Carte,LIV8,
CMD47120,CL0588,P017,27/03/2024,4,2068.63,DONE,CASABLANCA,Carte,LIV4,2024-03-30
CMD44165,CL0798,P067,24/03/2023,1,3941.62,livré,TANGER,Carte,LIV9,2023-03-26
CMD14116,CL0077,P014,2023-09-13,3,1113.36,retourné,CASABLANCA,Carte,LIV3,2023-09-17
CMD31648,CL0968,P072,Oct 11 2023,2,3813.47,livré,TANGER,Carte,,2023-10-14
CMD18909,CL0588,P032,2023-12-20,3,380.62,retourné,casa,Carte,LIV1,2023-12-25
CMD28035,CL0440,P040,15/06/2023,4,576.18,KO,Agadir,Carte,LIV7,
CMD16833,CL0608,P048,30/03/2024,2,3480.32,en_cours,Tnja,Carte,LIV7,
CMD23546,CL0900,P071,Jan 23 2023,2,2485.77,livré,RBA,Carte,LIV1,2023-01-28
CMD13494,CL0421,P064,Jan 24 2024,1,3297.56,livré,kech,Carte,LIV8,2024-01-27
CMD17031,CL0995,P097,22/08/2023,3,1583.53,en_cours,Tnja,Carte,LIV9,
CMD43228,CL0146,P084,28/12/2023,2,1535.0,LIVRE,Agadir,Carte,,2023-12-29
CMD16908,CL0137,P027,Apr 25 2024,5,4702.68,LIVRE,kech,Carte,LIV8,2024-04-29
CMD05270,CL0997,P099,Dec 20 2023,5,1773.06,OK,CASABLANCA,Carte,LIV7,
CMD32496,CL0481,P043,28/02/2023,1,852.03,LIVRE,tanger,Carte,LIV10,2023-03-01
CMD45443,CL0915,P069,25/05/2023,3,4431.12,livré,TANGER,Carte,LIV9,2023-05-27
CMD27477,CL0324,P023,12/02/2023,4,4691.92,retourné,CASABLANCA,Carte,,2023-02-16
CMD37692,CL0452,P085,2024-02-29,4,1687.52,livré,TANGER,Carte,LIV4,2024-03-05
CMD20735,CL0908,P045,08/03/2023,3,1019.65,livre,casa,Carte,LIV1,
CMD21414,CL0807,P053,2023-02-17,3,115.53,retourné,TNG,Carte,LIV10,2023-02-19
CMD12591,CL0206,P064,2023-02-07,1,3739.73,retourné,TANGER,Carte,LIV9,2023-02-09
CMD37398,CL0099,P050,2024-01-09,3,2862.68,KO,TANGER,Carte,LIV6,
CMD40342,CL0775,P039,2024-04-30,2,3777.98,livre,TNG,Carte,LIV3,
CMD28845,CL0466,P055,2023-01-27,4,2962.97,LIVRE,kech,Carte,LIV5,2023-01-31
CMD25088,CL0816,P073,28/05/2023,3,4124.4,LIVRE,Tnja,Carte,LIV5,2023-05-31
CMD35896,CL0050,P067,12/02/2024,3,594.25,annulé,kech,Carte,LIV6,
CMD21749,CL0381,P024,19/01/2024,2,2541.65,livre,RBA,Carte,LIV5,
CMD46597,CL0048,P038,10/03/2023,3,562.39,DONE,CASABLANCA,Carte,LIV9,2023-03-12
CMD24706,CL0231,P083,2023-08-16,3,950.27,livré,RBA,Carte,LIV9,2023-08-20
CMD45292,CL0230,P035,2023-02-09,5,2844.94,retourné,tanger,Carte,LIV5,2023-02-12
CMD41936,CL0521,P042,Mar 29 2023,1,4177.37,retourné,casa,Carte,LIV2,2023-04-02
CMD46775,CL0011,P057,2023-07-31,1,2093.99,DONE,RBA,Carte,LIV10,2023-08-01
CMD04308,CL0602,P018,30/01/2024,1,0,LIVRE,Tnja,Carte,LIV10,2024-02-04
CMD34185,CL0158,P034,23/02/2023,4,498.05,livre,tanger,Carte,LIV6,
CMD35859,CL0086,P008,2023-12-26,3,0,en_cours,marrakech,Carte,LIV6,
CMD48427,CL0752,P097,2023-06-21,5,4677.27,LIVRE,marrakech,Carte,LIV4,2023-06-24
CMD23125,CL0080,P031,13/01/2024,3,3117.52,livré,Agadir,Carte,LIV6,2024-01-15
CMD02474,CL0291,P059,09/08/2023,1,3001.94,livre,kech,Carte,LIV7,
CMD40712,CL0012,P059,2024-03-19,4,308.18,livré,CASABLANCA,Carte,LIV3,2024-03-20
CMD33286,CL0984,P023,05/02/2023,5,1701.66,KO,RBA,Carte,LIV6,
CMD31151,CL0833,P029,20/08/2023,2,1144.25,retourné,TNG,Carte,LIV5,2023-08-25
CMD27739,CL0958,P029,2023-12-29,5,4301.53,livre,CASABLANCA,Carte,LIV1,
CMD40950,CL0774,P018,Dec 18 2023,5,3559.21,DONE,kech,Carte,,2023-12-21
CMD04217,CL0448,P060,2024-03-24,2,378.29,livré,RBA,Carte,LIV4,2024-03-29
CMD30164,CL0553,P008,2024-04-20,3,2088.45,livré,TANGER,Carte,LIV1,2024-04-21
CMD19815,CL0222,P026,20/01/2023,1,3866.62,LIVRE,RBA,Carte,,2023-01-21
CMD14717,CL0478,P054,2023-06-19,4,956.33,en_cours,kech,Carte,LIV7,
CMD21185,CL0209,P041,05/12/2023,4,1993.15,DONE,TNG,Carte,LIV2,2023-12-09
CMD33062,CL0012,P088,Feb 17 2024,3,3378.1,en_cours,Tnja,Carte,LIV5,
CMD27395,CL0222,P012,2023-07-30,5,3101.83,LIVRE,marrakech,Carte,LIV6,2023-08-01
CMD01051,CL0976,P007,Feb 11 2024,2,2420.45,annulé,RBA,Carte,LIV7,
CMD06433,CL0549,P063,10/05/2023,2,2355.09,livré,TNG,Carte,LIV5,2023-05-13
CMD39531,CL0298,P066,Apr 08 2023,3,1301.95,livre,RBA,Carte,LIV5,
CMD32323,CL0798,P087,29/10/2023,1,4698.53,livré,casa,Carte,LIV9,2023-11-01
CMD34783,CL0872,P080,Sep 15 2023,1,1184.0,KO,RBA,Carte,LIV7,
CMD40895,CL0941,P019,Jan 25 2024,1,1507.24,annulé,kech,Carte,LIV1,
CMD35016,CL0935,P047,2023-08-20,2,0,livré,kech,Carte,LIV9,2023-08-24
CMD20263,CL0753,P028,2023-10-20,2,4921.26,livré,CASABLANCA,Carte,LIV6,2023-10-21
CMD29677,CL0495,P027,01/05/2024,3,1563.68,livré,marrakech,Carte,LIV3,2024-05-06
CMD00176,CL0398,P033,11/01/2024,5,1744.04,livré,tanger,Carte,LIV4,2024-01-15
CMD36770,CL0013,P066,14/03/2023,1,905.34,annulé,tanger,Carte,LIV6,
CMD08392,CL0534,P032,Feb 06 2024,3,3599.39,annulé,marrakech,Carte,LIV5,
CMD11193,CL0615,P086,2023-09-23,4,1226.15,en_cours,tanger,Carte,LIV2,
CMD05903,CL0005,P045,Sep 25 2023,5,688.52,livre,TANGER,Carte,LIV1,
CMD43633,CL0656,P064,2024-04-06,2,4396.96,LIVRE,RBA,Carte,LIV5,2024-04-11
CMD30703,CL0180,P004,2024-03-22,3,1515.18,en_cours,RBA,Carte,LIV5,
CMD41965,CL0309,P069,19/12/2023,2,916.45,livré,tanger,Carte,,2023-12-21
CMD42213,CL0127,P080,Jul 06 2023,1,659.91,livré,TANGER,Carte,LIV2,2023-07-09
CMD23818,CL0745,P039,08/11/2023,2,4770.33,livre,CASABLANCA,Carte,LIV3,
CMD46397,CL0199,P038,2023-06-05,2,552.68,en_cours,Agadir,Carte,LIV9,
CMD07135,CL0302,P011,2024-01-29,5,922.7,livre,RBA,Carte,LIV2,
CMD16104,CL0549,P043,Feb 03 2023,3,1416.52,annulé,casa,Carte,LIV4,
CMD34630,CL0145,P068,2023-07-18,1,1919.69,livré,casa,Carte,LIV7,2023-07-21
CMD21797,CL0750,P083,08/08/2023,5,3732.52,KO,tanger,Carte,LIV6,
CMD23433,CL0982,P074,2024-02-11,3,2561.27,en_cours,CASABLANCA,Carte,LIV4,
CMD31281,CL0612,P094,24/10/2023,3,211.16,LIVRE,TNG,Carte,LIV1,2023-10-27
CMD40873,CL0477,P015,Jun 26 2023,5,2166.67,DONE,Agadir,Carte,LIV3,2023-06-29
CMD17285,CL0280,P027,23/10/2023,1,265.21,DONE,marrakech,Carte,LIV2,2023-10-26
CMD13909,CL0421,P005,2024-01-05,1,4641.39,OK,kech,Carte,LIV3,
CMD02055,CL0248,P034,08/04/2023,4,3947.39,livre,casa,Carte,LIV5,
CMD01830,CL0511,P092,2024-01-26,3,557.12,OK,Tnja,Carte,LIV4,
CMD23571,CL0161,P085,Sep 18 2023,5,1525.0,LIVRE,Tnja,Carte,LIV3,2023-09-20
CMD41897,CL0109,P049,2023-10-14,1,1477.79,livré,Tnja,Carte,LIV7,2023-10-19
CMD07671,CL0923,P082,21/10/2023,2,1914.15,LIVRE,RBA,Carte,LIV8,2023-10-22
CMD05887,CL0328,P045,Apr 25 2023,2,2487.53,KO,TNG,Carte,LIV7,
CMD12466,CL0730,P061,19/04/2024,3,2551.81,livré,Agadir,Carte,LIV5,2024-04-20
CMD19332,CL0710,P025,23/02/2024,5,128.41,retourné,casa,Carte,LIV1,2024-02-25
CMD15944,CL0427,P048,25/03/2023,4,1943.07,KO,CASABLANCA,Carte,LIV10,
CMD25342,CL0638,P018,28/07/2023,2,3690.42,livré,CASABLANCA,Carte,LIV10,2023-08-01
CMD25549,CL0402,P091,2024-01-31,2,2740.87,annulé,TANGER,Carte,LIV9,
CMD23943,CL0114,P087,19/02/2024,2,3699.84,en_cours,Tnja,Carte,LIV4,
CMD45897,CL0449,P054,2023-05-19,3,3869.85,OK,casa,Carte,LIV3,
CMD21391,CL0666,P002,2023-05-12,2,4071.98,KO,Tnja,Carte,LIV2,
CMD35954,CL0407,P015,May 18 2023,3,647.62,LIVRE,TANGER,Carte,LIV8,2023-05-23
CMD03196,CL0425,P035,Jul 13 2023,3,0,OK,Agadir,Carte,LIV8,
CMD40162,CL0726,P037,Dec 21 2023,3,3996.65,LIVRE,kech,Carte,LIV9,2023-12-25
CMD44881,CL0761,P044,24/06/2023,4,3565.71,livre,CASABLANCA,Carte,LIV2,
CMD15981,CL0870,P084,2023-03-26,4,2696.03,livré,marrakech,Carte,,2023-03-30
CMD41351,CL0661,P056,2023-06-26,3,2886.71,LIVRE,tanger,Carte,LIV1,2023-06-30
CMD37249,CL0657,P048,11/03/2023,2,4788.12,LIVRE,tanger,Carte,LIV3,2023-03-15
CMD04524,CL0106,P014,06/12/2023,3,1599.02,en_cours,CASABLANCA,Carte,LIV2,
CMD21850,CL0723,P013,31/07/2023,2,4572.53,LIVRE,RBA,Carte,LIV2,2023-08-05
CMD31413,CL0859,P069,Jun 23 2023,5,1739.85,en_cours,marrakech,Carte,LIV3,
CMD00339,CL0701,P055,Jan 06 2023,2,2609.08,annulé,RBA,Carte,LIV10,
CMD23800,CL0748,P022,2023-07-23,5,3017.86,annulé,TANGER,Carte,LIV5,
CMD01126,CL0876,P079,May 25 2023,2,1609.09,livré,RBA,Carte,LIV7,2023-05-30
CMD38598,CL0308,P091,Jul 10 2023,4,3197.18,annulé,Tnja,Carte,LIV4,
CMD24463,CL0696,P078,2024-04-20,2,3932.32,KO,RBA,Carte,LIV1,
CMD16141,CL0981,P087,2023-11-07,1,1342.42,livré,CASABLANCA,Carte,LIV2,2023-11-08
CMD38732,CL0170,P087,05/02/2024,4,385.6,livré,casa,Carte,LIV3,2024-02-09
CMD14665,CL0735,P013,29/11/2023,3,4658.63,DONE,casa,Carte,LIV6,2023-12-03
CMD07325,CL0572,P069,Jul 16 2023,5,1245.54,OK,TNG,Carte,LIV10,
CMD33010,CL0590,P039,09/11/2023,2,4887.85,annulé,Agadir,Carte,LIV1,
CMD18563,CL0092,P082,06/06/2023,5,1015.8,DONE,marrakech,Carte,LIV5,2023-06-11
CMD19940,CL0231,P045,Feb 17 2024,2,281.67,livre,tanger,Carte,LIV9,
CMD07406,CL0533,P013,Dec 03 2023,5,338.44,retourné,casa,Carte,LIV8,2023-12-08
CMD32158,CL0471,P078,Dec 06 2023,2,1596.19,LIVRE,RBA,Carte,LIV3,2023-12-10
CMD42262,CL0912,P085,15/10/2023,1,2472.47,en_cours,Agadir,Carte,LIV2,
CMD29282,CL0855,P085,Sep 01 2023,1,1224.67,en_cours,TNG,Carte,LIV1,
CMD31005,CL0610,P076,Aug 13 2023,4,772.67,OK,marrakech,Carte,LIV3,
CMD29206,CL0271,P021,21/01/2023,4,3966.69,livré,Agadir,Carte,LIV1,2023-01-23
CMD33868,CL0367,P011,22/02/2024,3,3716.59,KO,CASABLANCA,Carte,LIV9,
CMD16211,CL0383,P076,2023-04-11,1,368.51,livré,CASABLANCA,Carte,LIV8,2023-04-16
CMD29862,CL0160,P099,07/03/2023,3,3734.29,en_cours,kech,Carte,LIV5,
CMD37504,CL0044,P097,19/11/2023,3,4990.08,annulé,tanger,Carte,LIV10,
CMD01843,CL0458,P005,Dec 20 2023,4,3028.79,OK,TANGER,Carte,LIV6,
CMD30044,CL0490,P064,Jul 03 2023,2,2057.73,retourné,marrakech,Carte,LIV7,2023-07-08
CMD32780,CL0209,P045,Sep 01 2023,2,3424.43,livre,Tnja,Carte,LIV10,
CMD41506,CL0158,P004,Dec 15 2023,2,1886.82,OK,Agadir,Carte,LIV9,
CMD22857,CL0845,P071,Feb 19 2023,3,4402.32,annulé,marrakech,Carte,LIV6,
CMD40653,CL0462,P047,06/09/2023,4,1218.89,OK,marrakech,Carte,LIV7,
CMD43582,CL0254,P032,15/02/2024,5,1140.91,LIVRE,Agadir,Carte,LIV8,2024-02-16
CMD15563,CL0245,P023,2024-04-23,4,3977.27,en_cours,tanger,Carte,LIV6,
CMD21393,CL0166,P085,Jan 10 2023,3,3450.43,OK,Agadir,Carte,LIV9,
CMD22359,CL0092,P025,21/01/2024,1,1358.89,LIVRE,marrakech,Carte,LIV3,2024-01-22
CMD43130,CL0187,P029,2023-11-07,3,4986.95,annulé,marrakech,Carte,LIV5,
CMD03569,CL0201,P033,2024-01-27,5,2126.46,livre,TNG,Carte,LIV9,
CMD13167,CL0434,P068,15/11/2023,5,1455.48,annulé,Tnja,Carte,LIV8,
CMD16186,CL0531,P045,Nov 03 2023,5,4906.98,annulé,CASABLANCA,Carte,LIV7,
CMD41359,CL0851,P028,27/08/2023,3,2804.94,livré,marrakech,Carte,LIV7,2023-08-29
CMD09768,CL0993,P010,May 08 2024,4,2325.54,en_cours,Agadir,Carte,LIV3,
CMD02644,CL0421,P077,Mar 27 2023,3,4222.64,OK,Agadir,Carte,LIV4,
CMD16630,CL0189,P095,24/10/2023,5,4357.7,livré,tanger,Carte,LIV6,2023-10-29
CMD33653,CL0564,P091,2023-03-13,3,227.43,livré,marrakech,Carte,LIV9,2023-03-17
CMD37981,CL0785,P097,2023-11-01,2,153.08,livre,tanger,Carte,LIV6,
CMD40228,CL0237,P081,2023-07-04,1,144.67,livré,marrakech,Carte,LIV4,2023-07-05
CMD27469,CL0838,P095,Sep 22 2023,3,3209.25,livré,TNG,Carte,LIV5,2023-09-23
CMD04047,CL0302,P011,2024-05-12,4,2373.15,livré,TANGER,Carte,LIV7,2024-05-16
CMD18733,CL0760,P069,23/11/2023,2,256.61,LIVRE,marrakech,Carte,LIV2,2023-11-24
CMD23669,CL0165,P100,18/01/2023,2,759.65,retourné,marrakech,Carte,LIV8,2023-01-21
CMD08018,CL0950,P012,Nov 02 2023,4,4757.14,OK,kech,Carte,,
CMD22272,CL0165,P054,06/04/2024,1,4335.68,OK,marrakech,Carte,LIV6,
CMD24538,CL0227,P030,09/09/2023,1,2935.15,livré,kech,Carte,LIV7,2023-09-12
CMD16040,CL0374,P011,08/03/2023,3,3339.32,LIVRE,marrakech,Carte,LIV10,2023-03-12
CMD07239,CL0648,P004,02/04/2024,3,2585.52,OK,marrakech,Carte,LIV10,
CMD46591,CL0403,P060,2023-08-16,2,2181.45,retourné,casa,Carte,LIV8,2023-08-19
CMD01498,CL0694,P026,Feb 17 2024,-1,4324.52,en_cours,RBA,Carte,LIV2,
CMD36418,CL0949,P018,14/07/2023,4,4850.95,LIVRE,RBA,Carte,LIV1,2023-07-17
CMD11406,CL0105,P008,15/04/2023,2,91.61,livre,Tnja,Carte,LIV1,
CMD27484,CL0123,P062,Jan 23 2024,3,4471.89,retourné,TNG,Carte,LIV2,2024-01-26
CMD20178,CL0964,P027,25/04/2024,1,3255.92,livré,kech,Carte,LIV7,2024-04-27
CMD01104,CL0582,P037,05/12/2023,4,506.66,livré,TANGER,Carte,LIV7,2023-12-06
CMD01501,CL0043,P081,2023-09-21,1,702.22,livre,Tnja,Carte,LIV2,
CMD13453,CL0823,P057,2024-04-15,1,1446.1,DONE,TANGER,Carte,LIV1,2024-04-16
CMD04665,CL0585,P085,17/07/2023,1,634.68,KO,Agadir,Carte,LIV3,
CMD18290,CL0398,P020,31/07/2023,2,185.24,en_cours,CASABLANCA,Carte,LIV10,
CMD30237,CL0127,P040,2023-11-28,5,1154.07,livré,marrakech,Carte,LIV1,2023-12-01
CMD11392,CL0707,P005,11/11/2023,4,3315.48,livré,RBA,Carte,LIV4,2023-11-16
CMD44074,CL0385,P089,2024-02-29,3,3929.18,DONE,TANGER,Carte,LIV4,2024-03-05
CMD38765,CL0713,P025,Mar 11 2024,5,1583.95,DONE,casa,Carte,LIV8,2024-03-14
CMD22774,CL0363,P007,2023-12-07,4,3870.96,annulé,marrakech,Carte,LIV8,
CMD30104,CL0709,P060,2023-11-07,4,1202.3,livré,marrakech,Carte,LIV6,2023-11-12
CMD12200,CL0168,P087,2023-01-07,3,4107.17,annulé,kech,Carte,,
CMD32803,CL0214,P071,Oct 22 2023,4,4115.11,LIVRE,TANGER,Carte,LIV7,2023-10-27
CMD31674,CL0335,P036,27/11/2023,2,4060.28,livre,TNG,Carte,LIV7,
CMD12898,CL0684,P092,Jun 08 2023,4,3875.39,livre,CASABLANCA,Carte,LIV5,
CMD32756,CL0015,P020,2023-12-17,4,637.73,livré,TANGER,Carte,LIV8,2023-12-19
CMD47513,CL0921,P012,2023-06-21,3,1352.65,livré,kech,Carte,LIV3,2023-06-26
CMD04910,CL0123,P047,Feb 20 2024,3,568.42,annulé,casa,Carte,LIV1,
CMD10323,CL0170,P014,Jan 17 2023,3,1812.37,KO,TANGER,Carte,LIV4,
CMD43430,CL0948,P043,06/04/2024,1,3453.02,DONE,Tnja,Carte,LIV10,2024-04-10
CMD09818,CL0408,P090,25/02/2024,2,4636.88,annulé,TANGER,Carte,LIV1,
CMD01254,CL0570,P080,2023-03-17,2,4995.79,livre,kech,Carte,LIV3,
CMD34519,CL0504,P021,06/11/2023,4,397.03,livré,casa,Carte,LIV10,2023-11-10
CMD23866,CL0854,P026,02/01/2023,4,2569.72,livre,Agadir,Carte,LIV8,
CMD39103,CL0603,P100,11/05/2024,2,4081.24,LIVRE,tanger,Carte,LIV1,2024-05-13
CMD09702,CL0444,P050,2023-09-28,3,3524.39,annulé,TANGER,Carte,LIV3,
CMD39844,CL0486,P059,12/02/2024,2,797.62,livre,tanger,Carte,,
CMD16471,CL0069,P052,14/03/2023,1,1588.52,annulé,CASABLANCA,Carte,LIV10,
CMD26156,CL0513,P023,2024-03-25,1,2066.13,DONE,CASABLANCA,Carte,LIV3,2024-03-26
CMD04759,CL0753,P023,2023-10-06,2,1221.55,livre,RBA,Carte,LIV7,
CMD02982,CL0148,P020,Oct 30 2023,5,3553.13,DONE,TNG,Carte,LIV3,2023-11-03
CMD35376,CL0579,P051,May 02 2024,2,505.63,KO,RBA,Carte,LIV3,
CMD22335,CL0097,P088,2023-11-06,4,0,en_cours,casa,Carte,LIV7,
CMD05758,CL0658,P069,Mar 20 2024,4,2978.73,en_cours,tanger,Carte,LIV7,
CMD41514,CL0439,P006,20/03/2024,4,1950.69,OK,casa,Carte,LIV10,
CMD45125,CL0171,P055,Sep 28 2023,5,3537.9,DONE,kech,Carte,LIV6,2023-10-03
CMD26066,CL0493,P053,Jan 01 2023,4,4714.47,DONE,TANGER,Carte,LIV3,2023-01-04
CMD15533,CL0611,P002,12/01/2023,2,3773.3,livre,marrakech,Carte,LIV7,
CMD13709,CL0472,P100,Aug 21 2023,3,4261.69,LIVRE,RBA,Carte,LIV1,2023-08-24
CMD45156,CL0353,P021,Apr 27 2024,5,3872.28,KO,TANGER,Carte,LIV10,
CMD10885,CL0891,P052,04/08/2023,4,3966.37,LIVRE,TNG,Carte,LIV7,2023-08-05
CMD02211,CL0173,P001,2024-01-23,1,4675.8,livre,CASABLANCA,Carte,LIV10,
CMD27638,CL0118,P032,14/05/2023,4,2954.02,livré,CASABLANCA,Carte,LIV1,2023-05-15
CMD36090,CL0108,P081,Mar 11 2024,2,508.44,OK,marrakech,Carte,LIV2,
CMD07373,CL0088,P097,Jul 31 2023,2,2090.27,livré,TNG,Carte,LIV4,2023-08-03
CMD39286,CL0613,P020,2023-11-23,5,4013.51,livré,TNG,Carte,LIV10,2023-11-27
CMD21287,CL0275,P026,2023-07-05,1,3022.65,DONE,casa,Carte,LIV6,2023-07-10
CMD15876,CL0448,P032,2023-08-13,3,206.4,livré,RBA,Carte,LIV9,2023-08-17
CMD10834,CL0186,P007,22/01/2024,1,1376.9,LIVRE,Agadir,Carte,LIV7,2024-01-27
CMD06591,CL0036,P023,2023-11-13,3,786.08,DONE,tanger,Carte,LIV1,2023-11-16
CMD25202,CL0483,P054,12/10/2023,2,1131.43,livré,kech,Carte,LIV1,2023-10-13
CMD20968,CL0821,P011,2023-05-15,3,4361.97,livre,tanger,Carte,LIV6,
CMD44407,CL0262,P010,Aug 01 2023,3,1743.43,livré,TANGER,Carte,LIV1,2023-08-03
CMD47722,CL0010,P059,2023-08-01,5,4308.91,retourné,RBA,Carte,LIV6,2023-08-03
CMD26449,CL0540,P053,2023-05-06,3,1814.6,livré,CASABLANCA,Carte,LIV10,2023-05-09
CMD04641,CL0692,P033,27/10/2023,1,3753.25,en_cours,casa,Carte,LIV4,
CMD00573,CL0808,P083,Jun 06 2023,5,3943.9,retourné,Agadir,Carte,LIV6,2023-06-08
CMD39719,CL0160,P024,Jul 26 2023,4,1462.15,livre,TANGER,Carte,LIV5,
CMD17147,CL0689,P027,27/01/2024,1,3295.1,OK,Tnja,Carte,LIV6,
CMD03292,CL0725,P094,2023-10-18,4,362.0,livre,tanger,Carte,LIV2,
CMD21590,CL0542,P063,Mar 26 2023,1,158.18,livré,marrakech,Carte,LIV5,2023-03-28
CMD44349,CL0602,P069,May 15 2024,4,4408.62,en_cours,TNG,Carte,LIV5,
CMD13632,CL0798,P088,2024-01-15,2,3093.98,en_cours,Agadir,Carte,LIV7,
CMD37142,CL0782,P082,01/05/2024,2,1376.19,annulé,CASABLANCA,Carte,LIV1,
CMD14303,CL0351,P096,Oct 25 2023,2,3143.23,retourné,Agadir,Carte,LIV8,2023-10-30
CMD22502,CL0565,P033,26/05/2023,5,3426.77,KO,TANGER,Carte,LIV10,
CMD30897,CL0464,P065,2023-08-17,1,246.68,DONE,TANGER,Carte,LIV3,2023-08-22
CMD28775,CL0302,P040,2023-06-15,4,4310.27,retourné,marrakech,Carte,LIV2,2023-06-18
CMD39347,CL0247,P067,12/09/2023,2,4171.86,livré,marrakech,Carte,LIV6,2023-09-13
CMD20790,CL0018,P046,12/01/2023,-1,3990.85,retourné,casa,Carte,LIV6,2023-01-16
CMD41347,CL0721,P090,Oct 04 2023,5,488.21,DONE,TANGER,Carte,LIV2,2023-10-06
CMD20093,CL0922,P027,05/06/2023,3,1791.11,en_cours,kech,Carte,LIV7,
CMD39413,CL0796,P021,2023-09-25,4,427.96,livré,CASABLANCA,Carte,LIV9,2023-09-26
CMD01530,CL0467,P057,2024-01-22,3,2609.11,livré,TANGER,Carte,,2024-01-25
CMD17218,CL0219,P066,Mar 05 2024,5,3371.87,en_cours,RBA,Carte,LIV7,
CMD18276,CL0825,P080,2024-02-07,3,3460.63,retourné,TANGER,Carte,LIV3,2024-02-09
CMD36684,CL0422,P036,Oct 08 2023,4,4308.63,livré,TANGER,Carte,LIV6,2023-10-10
CMD11713,CL0407,P037,15/09/2023,3,956.35,retourné,casa,Carte,LIV10,2023-09-17
CMD33716,CL0430,P063,2024-05-10,1,253.1,KO,CASABLANCA,Carte,LIV10,
CMD32025,CL0703,P095,Mar 06 2023,5,3913.04,livré,Agadir,Carte,LIV9,2023-03-11
CMD43994,CL0490,P063,16/07/2023,4,3679.73,retourné,Tnja,Carte,LIV3,2023-07-20
CMD31540,CL0617,P092,10/10/2023,2,3922.66,livre,Tnja,Carte,,
CMD31557,CL0197,P083,29/01/2023,4,3752.3,annulé,RBA,Carte,LIV4,
CMD21079,CL0809,P032,Dec 08 2023,3,2323.45,DONE,marrakech,Carte,LIV3,2023-12-13
CMD28190,CL0562,P095,2023-11-29,1,570.78,livré,marrakech,Carte,LIV4,2023-12-04
CMD19447,CL0148,P064,2023-05-13,-1,4493.15,annulé,RBA,Carte,LIV8,
CMD03267,CL0462,P093,24/07/2023,2,4304.63,DONE,TNG,Carte,LIV9,2023-07-28
CMD21529,CL0032,P015,26/01/2024,1,1222.36,annulé,TANGER,Carte,LIV1,
CMD01396,CL0686,P086,15/03/2024,2,3320.35,livré,Agadir,Carte,LIV6,2024-03-18
CMD18803,CL0904,P063,Feb 14 2024,4,4242.89,LIVRE,TANGER,Carte,,2024-02-18
CMD08207,CL0533,P004,2024-02-20,2,1847.15,livré,marrakech,Carte,LIV3,2024-02-24
CMD17223,CL0451,P002,07/04/2024,5,1185.66,retourné,tanger,Carte,LIV6,2024-04-08
CMD12861,CL0781,P002,Sep 26 2023,1,1281.8,OK,tanger,Carte,LIV2,
CMD08414,CL0550,P049,2024-01-06,5,1604.84,OK,RBA,Carte,,
CMD11229,CL0081,P039,05/03/2024,4,2705.5,en_cours,TNG,Carte,LIV4,
CMD01365,CL0212,P011,Mar 27 2023,1,4715.86,retourné,Agadir,Carte,LIV9,2023-03-30
CMD31064,CL0946,P046,20/12/2023,3,475.93,livre,Tnja,Carte,LIV8,
CMD24197,CL0299,P082,2023-08-16,1,3953.52,annulé,CASABLANCA,Carte,LIV2,
CMD43833,CL0562,P045,08/03/2024,4,2531.99,OK,Agadir,Carte,LIV2,
CMD46245,CL0854,P010,03/01/2023,2,4786.01,DONE,TANGER,Carte,,2023-01-08
CMD22164,CL0781,P044,25/03/2024,3,906.6,DONE,marrakech,Carte,LIV9,2024-03-30
CMD23154,CL0820,P085,2023-03-15,1,1903.64,livré,TNG,Carte,LIV8,2023-03-16
CMD36476,CL0977,P064,2023-11-01,4,1281.22,LIVRE,Tnja,Carte,LIV7,2023-11-03
CMD15388,CL0669,P068,2023-10-11,3,2892.88,livre,marrakech,Carte,LIV1,
CMD24645,CL0905,P003,2023-05-30,5,1387.58,LIVRE,CASABLANCA,Carte,LIV6,2023-05-31
CMD25292,CL0437,P012,2023-10-14,3,1019.81,livré,tanger,Carte,LIV7,2023-10-18
CMD41909,CL0784,P008,Jan 07 2024,4,2735.24,OK,Tnja,Carte,LIV4,
CMD19966,CL0160,P047,2023-12-11,4,1929.69,OK,TNG,Carte,LIV3,
CMD33859,CL0250,P073,2023-08-26,3,831.79,OK,kech,Carte,LIV4,
CMD47094,CL0609,P050,2023-03-18,1,910.05,retourné,Agadir,Carte,LIV9,2023-03-23
CMD16543,CL0965,P088,2023-01-09,4,689.37,livré,Tnja,Carte,LIV9,2023-01-12
CMD28902,CL0871,P034,11/03/2024,2,741.33,KO,kech,Carte,LIV6,
CMD44489,CL0433,P061,2023-07-16,2,4298.77,KO,casa,Carte,LIV9,
CMD32682,CL0349,P060,05/01/2023,4,3926.95,DONE,Tnja,Carte,LIV9,2023-01-07
CMD32786,CL0150,P096,2023-01-01,4,1566.14,OK,tanger,Carte,LIV6,
CMD16642,CL0356,P053,01/12/2023,3,1742.69,livré,kech,Carte,LIV1,2023-12-04
CMD13527,CL0938,P073,2024-05-14,4,4441.15,livré,kech,Carte,LIV9,2024-05-18
CMD26601,CL0759,P070,16/12/2023,1,1486.52,en_cours,tanger,Carte,LIV5,
CMD23130,CL0701,P006,2024-01-20,3,478.12,annulé,tanger,Carte,LIV10,
CMD35465,CL0294,P039,Jan 11 2024,4,1765.0,livré,RBA,Carte,LIV2,2024-01-16
CMD12065,CL0782,P100,21/04/2023,2,2046.07,LIVRE,CASABLANCA,Carte,LIV3,2023-04-22
CMD06707,CL0142,P004,Mar 05 2023,1,1672.41,LIVRE,tanger,Carte,LIV3,2023-03-10
CMD12155,CL0649,P060,12/06/2023,4,867.0,retourné,casa,Carte,LIV1,2023-06-16
CMD11881,CL0602,P041,Feb 22 2023,3,1990.18,OK,Agadir,Carte,LIV8,
CMD11827,CL0534,P083,2024-04-05,1,4861.0,annulé,tanger,Carte,LIV9,
CMD31845,CL0807,P091,22/01/2023,3,454.49,OK,casa,Carte,LIV5,
CMD10325,CL0779,P027,13/06/2023,4,642.38,livre,CASABLANCA,Carte,LIV5,
CMD43528,CL0427,P071,May 10 2024,2,576.06,DONE,casa,Carte,LIV10,2024-05-13
CMD21584,CL0028,P065,2023-03-03,5,2604.96,en_cours,tanger,Carte,LIV6,
CMD35438,CL0957,P031,19/02/2024,2,4674.72,livré,Agadir,Carte,LIV8,2024-02-22
CMD21844,CL0651,P070,Nov 05 2023,2,1739.96,KO,casa,Carte,LIV4,
CMD29652,CL0708,P085,2023-03-15,3,4592.22,annulé,Agadir,Carte,LIV10,
CMD45206,CL0896,P005,2024-03-20,2,3877.43,livré,marrakech,Carte,LIV2,2024-03-25
CMD21608,CL0548,P002,2024-04-07,2,2457.68,livré,CASABLANCA,Carte,LIV2,2024-04-10
CMD23463,CL0461,P098,Jan 19 2024,4,0,livré,CASABLANCA,Carte,LIV6,2024-01-20
CMD33059,CL0213,P027,Jun 26 2023,4,4204.63,annulé,marrakech,Carte,LIV3,
CMD34501,CL0020,P010,2024-04-06,5,2675.17,en_cours,CASABLANCA,Carte,LIV2,
CMD32245,CL0508,P027,2023-06-30,5,4313.74,OK,CASABLANCA,Carte,LIV6,
CMD31159,CL0186,P099,Jun 22 2023,5,3082.27,KO,tanger,Carte,LIV6,
CMD26259,CL0489,P040,Jan 31 2024,4,144.63,en_cours,RBA,Carte,LIV1,
CMD40652,CL0527,P015,Dec 07 2023,4,985.97,livré,Tnja,Carte,LIV2,2023-12-11
CMD48268,CL0621,P088,2023-06-10,5,512.8,LIVRE,RBA,Carte,,2023-06-14
CMD30384,CL0030,P058,13/01/2024,1,4331.55,LIVRE,casa,Carte,LIV4,2024-01-16
CMD22180,CL0907,P033,19/04/2023,1,3001.77,LIVRE,kech,Carte,LIV4,2023-04-21
CMD48486,CL0822,P052,16/02/2023,2,4298.15,livré,TNG,Carte,LIV3,2023-02-20
CMD32533,CL0068,P066,2023-12-08,5,1138.24,KO,marrakech,Carte,LIV6,
CMD27169,CL0259,P013,Nov 11 2023,4,4359.09,DONE,RBA,Carte,LIV9,2023-11-15
CMD16087,CL0976,P095,30/05/2023,4,2807.45,en_cours,TNG,Carte,LIV5,
CMD34847,CL0927,P032,Dec 02 2023,3,1346.26,livre,kech,Carte,LIV8,
CMD43788,CL0294,P086,2024-01-10,5,4668.75,retourné,CASABLANCA,Carte,LIV5,2024-01-13
CMD01756,CL0889,P048,2023-09-25,4,1467.52,KO,casa,Carte,LIV5,
CMD31561,CL0339,P007,2024-02-24,4,1804.01,LIVRE,Agadir,Carte,LIV10,2024-02-26
CMD08247,CL0518,P026,2023-08-13,1,2564.23,en_cours,Agadir,Carte,LIV7,
CMD17272,CL0895,P077,12/11/2023,4,4870.14,livre,RBA,Carte,LIV6,
CMD06325,CL0720,P017,05/03/2024,3,2361.96,livré,tanger,Carte,LIV10,2024-03-06
CMD45764,CL0254,P059,23/10/2023,1,1640.34,DONE,casa,Carte,,2023-10-24
CMD15686,CL0034,P019,12/04/2024,5,4851.34,livre,Tnja,Carte,LIV7,
CMD02099,CL0537,P024,2023-01-26,4,3263.12,livré,casa,Carte,LIV6,2023-01-29
CMD31894,CL0112,P030,2024-03-04,5,2302.25,KO,TANGER,Carte,LIV6,
CMD22983,CL0017,P056,Aug 03 2023,2,2374.45,DONE,Agadir,Carte,LIV5,2023-08-04
CMD40861,CL0504,P092,Feb 24 2023,2,4800.31,retourné,marrakech,Carte,LIV10,2023-02-25
CMD17994,CL0865,P007,Mar 30 2024,3,2279.2,retourné,casa,Carte,LIV2,2024-04-04
CMD04144,CL0299,P040,2023-07-01,1,161.57,annulé,TNG,Carte,,
CMD12179,CL0718,P024,May 15 2023,5,3426.81,en_cours,TNG,Carte,,
CMD30528,CL0794,P053,2023-04-16,5,0,LIVRE,CASABLANCA,Carte,LIV7,2023-04-20
CMD10217,CL0722,P055,27/03/2023,2,968.47,livré,Agadir,Carte,LIV9,2023-03-31
CMD01676,CL0197,P088,2023-02-02,2,691.57,KO,TNG,Carte,,
CMD37780,CL0559,P092,Apr 10 2024,3,2838.6,livré,TNG,Carte,LIV10,2024-04-12
CMD47272,CL0860,P049,08/05/2024,3,1671.59,OK,Tnja,Carte,LIV2,
CMD47731,CL0178,P086,2023-05-09,2,1830.85,livré,marrakech,Carte,LIV7,2023-05-10
CMD29338,CL0970,P019,Mar 15 2024,3,3833.9,KO,Tnja,Carte,LIV1,
CMD25030,CL0623,P063,2024-04-12,5,2978.12,annulé,RBA,Carte,LIV3,
CMD33920,CL0213,P031,Jun 07 2023,3,1582.13,livré,Tnja,Carte,LIV8,2023-06-09
CMD26841,CL0082,P063,01/09/2023,5,249.04,livré,RBA,Carte,LIV5,2023-09-06
CMD05372,CL0340,P019,Nov 21 2023,3,2199.47,DONE,TANGER,Carte,LIV4,2023-11-25
CMD22028,CL0212,P082,07/06/2023,4,2637.62,OK,CASABLANCA,Carte,,
CMD18293,CL0371,P018,Feb 05 2024,2,150.35,livré,kech,Carte,LIV7,2024-02-08
CMD21635,CL0161,P066,2023-01-22,1,3718.29,retourné,marrakech,Carte,LIV1,2023-01-24
CMD07693,CL0687,P042,Apr 20 2023,1,3822.63,DONE,casa,Carte,LIV9,2023-04-21
CMD30912,CL0543,P023,17/11/2023,5,1514.09,livre,casa,Carte,LIV6,
CMD24020,CL0123,P027,Oct 11 2023,2,4942.05,OK,TANGER,Carte,LIV4,
CMD22902,CL0754,P055,2023-07-17,1,3310.53,livré,TANGER,Carte,LIV5,2023-07-18
CMD41049,CL0902,P095,Feb 16 2024,5,605.11,en_cours,TANGER,Carte,LIV6,
CMD29363,CL0101,P015,Oct 07 2023,5,682.8,annulé,TANGER,Carte,LIV7,
CMD28004,CL0946,P035,Dec 22 2023,2,4895.04,annulé,kech,Carte,LIV5,
CMD07453,CL0579,P062,Jul 09 2023,4,1549.2,livré,tanger,Carte,LIV6,2023-07-13
CMD15216,CL0578,P008,11/05/2024,2,2016.7,retourné,kech,Carte,LIV2,2024-05-14
CMD10761,CL0160,P008,Mar 28 2023,3,3996.4,en_cours,TNG,Carte,LIV6,
CMD28159,CL0518,P092,2023-06-17,1,403.19,livré,CASABLANCA,Carte,LIV9,2023-06-22
CMD24287,CL0237,P094,23/07/2023,1,1697.41,en_cours,TANGER,Carte,LIV10,
CMD42492,CL0556,P038,Aug 08 2023,4,851.73,livre,TNG,Carte,LIV6,
CMD05022,CL0989,P017,Jul 28 2023,2,4381.13,OK,CASABLANCA,Carte,LIV9,
CMD34299,CL0093,P029,2023-12-26,3,2241.55,livre,Agadir,Carte,,
CMD12158,CL0068,P045,09/01/2024,3,2845.46,livré,CASABLANCA,Carte,LIV5,2024-01-13
CMD15013,CL0651,P094,Aug 28 2023,5,389.62,retourné,RBA,Carte,LIV1,2023-09-01
CMD16805,CL0417,P069,2023-07-12,2,694.07,OK,casa,Carte,LIV7,
CMD04778,CL0842,P052,Oct 04 2023,2,2369.74,OK,TNG,Carte,LIV1,
CMD00687,CL0174,P064,2024-02-25,3,4997.43,livré,tanger,Carte,LIV3,2024-02-26
CMD30579,CL0480,P075,May 02 2024,4,352.52,LIVRE,TNG,Carte,LIV8,2024-05-05
CMD14556,CL0001,P043,17/04/2024,3,993.92,livre,tanger,Carte,LIV3,
CMD22954,CL0893,P053,28/03/2024,4,154.75,LIVRE,tanger,Carte,LIV8,2024-03-30
CMD28386,CL0953,P046,08/07/2023,4,2341.42,DONE,casa,Carte,LIV10,2023-07-12
CMD37022,CL0041,P016,2023-02-15,3,1367.69,livré,Agadir,Carte,LIV3,2023-02-19
CMD22049,CL0994,P025,11/02/2023,2,4205.26,DONE,casa,Carte,,2023-02-14
CMD25105,CL0018,P063,19/04/2024,5,706.34,LIVRE,Agadir,Carte,LIV10,2024-04-23
CMD05491,CL0157,P091,19/05/2023,3,4116.65,OK,Agadir,Carte,LIV6,
CMD43905,CL0344,P017,31/01/2023,3,4960.8,LIVRE,marrakech,Carte,,2023-02-05
CMD36085,CL0920,P003,2023-09-30,5,683.02,retourné,marrakech,Carte,LIV10,2023-10-04
CMD25154,CL0564,P004,18/05/2023,5,2589.43,en_cours,tanger,Carte,LIV3,
CMD06932,CL0195,P030,12/09/2023,5,3884.78,DONE,marrakech,Carte,LIV9,2023-09-15
CMD16984,CL0688,P040,2023-11-25,3,3500.9,livre,TNG,Carte,LIV4,
CMD34770,CL0120,P070,Aug 02 2023,3,4701.96,livre,marrakech,Carte,LIV2,
CMD12657,CL0023,P085,2023-04-10,2,3536.65,OK,marrakech,Carte,LIV3,
CMD41501,CL0445,P093,Mar 17 2024,3,1782.56,annulé,TNG,Carte,LIV5,
CMD10612,CL0980,P059,19/06/2023,4,2910.13,OK,marrakech,Carte,LIV9,
CMD29790,CL0109,P009,2023-03-11,3,1890.28,KO,TNG,Carte,LIV6,
CMD31059,CL0986,P026,01/03/2023,1,2072.08,DONE,marrakech,Carte,LIV2,2023-03-06
CMD20898,CL0889,P052,30/07/2023,2,3332.6,livré,marrakech,Carte,LIV6,2023-08-04
CMD32500,CL0689,P080,18/02/2024,5,2081.2,livré,marrakech,Carte,LIV5,2024-02-20
CMD00353,CL0586,P024,2023-08-19,1,4425.83,LIVRE,TANGER,Carte,LIV4,2023-08-24
CMD41974,CL0882,P065,Aug 30 2023,2,4815.24,OK,marrakech,Carte,LIV10,
CMD20903,CL0708,P053,15/12/2023,2,3035.23,OK,casa,Carte,,
CMD22976,CL0568,P085,2023-11-24,1,1503.48,en_cours,casa,Carte,LIV9,
CMD21159,CL0495,P086,2023-02-08,3,1230.39,retourné,tanger,Carte,LIV9,2023-02-11
CMD16683,CL0111,P045,27/06/2023,5,246.56,LIVRE,tanger,Carte,LIV8,2023-07-01
CMD17340,CL0115,P046,2023-05-18,2,4867.42,annulé,TNG,Carte,LIV5,
CMD45610,CL0371,P067,29/11/2023,2,1871.92,livré,Agadir,Carte,LIV6,2023-12-01
CMD41215,CL0931,P060,20/02/2023,2,2435.25,DONE,marrakech,Carte,LIV5,2023-02-22
CMD40511,CL0302,P022,Mar 10 2024,4,3588.49,livré,tanger,Carte,LIV5,2024-03-13
CMD08216,CL0605,P003,2023-09-25,5,4996.76,en_cours,Agadir,Carte,LIV1,
CMD46918,CL0002,P017,2023-04-02,4,0,DONE,kech,Carte,LIV9,2023-04-07
CMD15455,CL0710,P100,23/09/2023,5,854.0,livre,TANGER,Carte,LIV9,
CMD25168,CL0444,P072,2023-11-10,1,1340.32,annulé,kech,Carte,LIV2,
CMD34390,CL0157,P044,20/03/2024,3,3203.83,DONE,CASABLANCA,Carte,LIV10,2024-03-25
CMD47495,CL0381,P083,2024-03-10,5,4253.1,LIVRE,TANGER,Carte,LIV7,2024-03-12
CMD45238,CL0177,P021,05/03/2023,4,1853.98,annulé,Tnja,Carte,LIV2,
CMD07480,CL0425,P040,12/02/2024,4,4893.15,DONE,CASABLANCA,Carte,LIV5,2024-02-16
CMD13506,CL0941,P058,Sep 22 2023,2,3906.1,annulé,Agadir,Carte,LIV4,
CMD46043,CL0483,P050,24/06/2023,3,1118.96,en_cours,RBA,Carte,LIV5,
CMD09577,CL0604,P049,Dec 16 2023,1,4752.04,livré,TNG,Carte,LIV6,2023-12-18
CMD10211,CL0435,P040,2024-02-17,2,611.24,LIVRE,Tnja,Carte,LIV5,2024-02-19
CMD40443,CL0305,P005,30/04/2023,3,4307.07,livré,casa,Carte,LIV10,2023-05-05
CMD17034,CL0215,P061,Feb 29 2024,4,2338.93,en_cours,tanger,Carte,LIV5,
CMD31043,CL0310,P089,2023-09-15,5,2515.54,retourné,casa,Carte,LIV9,2023-09-16
CMD45220,CL0046,P016,2023-06-23,1,3214.45,livré,Tnja,Carte,LIV3,2023-06-24
CMD20171,CL0446,P035,2023-02-01,2,2758.49,en_cours,TNG,Carte,LIV6,
CMD12442,CL0183,P084,Nov 06 2023,1,1123.17,retourné,CASABLANCA,Carte,LIV4,2023-11-08
CMD12089,CL0266,P060,2023-10-25,1,1955.83,DONE,kech,Carte,LIV7,2023-10-30
CMD04743,CL0406,P086,08/05/2023,4,2754.73,livré,Agadir,Carte,LIV2,2023-05-12
CMD25728,CL0176,P080,10/03/2024,2,1931.63,annulé,Agadir,Carte,,
CMD00722,CL0777,P084,12/03/2024,5,1276.47,livré,casa,Carte,LIV3,2024-03-16
CMD34670,CL0706,P082,10/12/2023,4,119.64,retourné,casa,Carte,LIV6,2023-12-15
CMD19587,CL0411,P059,Jun 11 2023,1,1624.02,livré,TNG,Carte,LIV2,2023-06-16
CMD17588,CL0826,P079,11/03/2024,1,4059.44,annulé,Tnja,Carte,,
CMD17786,CL0224,P017,Jan 20 2023,1,2845.05,KO,CASABLANCA,Carte,LIV6,
CMD30477,CL0739,P067,09/02/2023,3,2630.74,livré,RBA,Carte,LIV2,2023-02-14
CMD16895,CL0524,P046,14/10/2023,5,3360.11,en_cours,kech,Carte,LIV9,
CMD09105,CL0170,P047,Nov 15 2023,4,2293.28,annulé,TNG,Carte,LIV4,
CMD26703,CL0771,P057,Nov 13 2023,2,3506.83,retourné,TANGER,Carte,LIV1,2023-11-14
CMD30196,CL0527,P004,2024-03-10,1,1026.23,DONE,TNG,Carte,LIV8,2024-03-13
CMD22637,CL0637,P089,2023-11-11,1,4146.08,en_cours,kech,Carte,,
CMD36941,CL0412,P065,05/05/2023,4,3271.52,livré,TNG,Carte,LIV5,2023-05-09
CMD46947,CL0602,P088,Feb 12 2024,4,3289.33,LIVRE,marrakech,Carte,LIV3,2024-02-17
CMD29290,CL0343,P049,2023-04-18,2,2354.24,livré,TNG,Carte,LIV5,2023-04-19
CMD34816,CL0049,P056,Nov 30 2023,3,798.24,livré,Tnja,Carte,LIV3,2023-12-01
CMD45839,CL0993,P048,2023-05-05,1,204.59,en_cours,tanger,Carte,LIV5,
CMD29404,CL0079,P004,May 03 2024,1,1263.36,DONE,TANGER,Carte,LIV10,2024-05-07
CMD03818,CL0199,P094,2024-05-03,2,852.09,DONE,CASABLANCA,Carte,,2024-05-04
CMD06069,CL0771,P039,22/10/2023,2,1426.2,livre,CASABLANCA,Carte,LIV2,
CMD39573,CL0300,P074,2023-05-23,3,914.85,KO,marrakech,Carte,LIV10,
CMD33439,CL0342,P047,2023-11-20,4,4576.48,livré,marrakech,Carte,LIV6,2023-11-21
CMD37211,CL0017,P033,2023-11-29,5,1759.62,annulé,kech,Carte,LIV6,
CMD34970,CL0752,P048,May 11 2023,3,2972.1,DONE,RBA,Carte,LIV7,2023-05-13
CMD39560,CL0944,P099,31/08/2023,5,1710.36,livré,TANGER,Carte,LIV3,2023-09-04
CMD19647,CL0698,P028,Oct 13 2023,4,2705.49,KO,marrakech,Carte,LIV8,
CMD12643,CL0205,P009,2023-07-26,4,963.37,retourné,tanger,Carte,LIV4,2023-07-30
CMD16396,CL0616,P051,21/06/2023,2,1437.35,livré,marrakech,Carte,LIV6,2023-06-22
CMD14698,CL0291,P083,09/01/2023,2,2190.33,livre,casa,Carte,LIV7,
CMD38465,CL0206,P015,Jan 22 2024,3,1222.97,OK,TANGER,Carte,LIV1,
CMD22446,CL0920,P084,2023-11-11,2,4636.1,KO,kech,Carte,,
CMD37427,CL0065,P032,Jan 02 2023,4,0,livré,TNG,Carte,LIV9,2023-01-03
CMD31520,CL0300,P090,Apr 27 2024,4,3324.9,DONE,Agadir,Carte,LIV6,2024-05-01
CMD32703,CL0806,P054,2023-02-01,4,4253.54,en_cours,kech,Carte,LIV8,
CMD25328,CL0601,P089,24/08/2023,3,4692.56,KO,TANGER,Carte,,
CMD01948,CL0914,P019,Apr 30 2024,2,2731.97,en_cours,CASABLANCA,Carte,LIV5,
CMD38027,CL0479,P085,2023-07-31,1,901.47,livré,CASABLANCA,Carte,LIV1,2023-08-05
CMD35461,CL0152,P072,Feb 08 2023,2,2724.35,DONE,tanger,Carte,LIV8,2023-02-09
CMD08307,CL0451,P055,2023-02-02,5,1066.22,livré,TANGER,Carte,LIV9,2023-02-03
CMD14083,CL0178,P095,2023-04-23,3,4471.37,en_cours,tanger,Carte,LIV1,
CMD36322,CL0455,P076,2023-08-16,2,3527.58,livre,RBA,Carte,LIV10,
CMD27820,CL0432,P013,08/04/2023,5,3003.18,livre,RBA,Carte,,
CMD46824,CL0614,P064,14/02/2024,4,3551.18,livré,TNG,Carte,LIV6,2024-02-18
CMD19592,CL0769,P098,2023-06-27,3,2390.29,KO,kech,Carte,LIV8,
CMD22686,CL0866,P087,2024-02-19,5,1163.33,livré,casa,Carte,LIV1,2024-02-24
CMD48175,CL0128,P007,Apr 08 2023,5,0,LIVRE,CASABLANCA,Carte,LIV2,2023-04-10
CMD45048,CL0362,P056,2023-05-05,5,1800.68,KO,kech,Carte,LIV6,
CMD45528,CL0096,P099,2023-09-19,1,1846.09,livre,RBA,Carte,LIV7,
CMD42090,CL0754,P072,Jan 13 2023,4,1268.31,en_cours,TANGER,Carte,LIV8,
CMD10692,CL0662,P097,Apr 23 2023,3,436.14,en_cours,kech,Carte,,
CMD25097,CL0046,P050,2023-04-25,5,1180.1,livré,RBA,Carte,LIV6,2023-04-27
CMD46141,CL0520,P080,15/09/2023,1,1279.58,annulé,CASABLANCA,Carte,LIV2,
CMD28190,CL0562,P095,2023-11-29,1,570.78,livré,marrakech,Carte,LIV4,2023-12-04
CMD38150,CL0695,P028,2024-05-09,3,4740.16,LIVRE,TANGER,Carte,LIV4,2024-05-12
CMD13911,CL0655,P061,Oct 26 2023,3,3946.82,livre,CASABLANCA,Carte,LIV8,
CMD37791,CL0343,P032,23/09/2023,4,660.77,livre,casa,Carte,LIV3,
CMD13200,CL0394,P050,26/03/2024,3,3377.92,annulé,Tnja,Carte,LIV3,
CMD07230,CL0978,P065,Mar 07 2024,1,1288.19,LIVRE,tanger,Carte,LIV3,2024-03-11
CMD03854,CL0538,P003,02/09/2023,4,4964.16,retourné,TANGER,Carte,LIV6,2023-09-06
CMD08145,CL0765,P094,Jan 15 2023,5,3086.75,livré,Agadir,Carte,LIV8,2023-01-17
CMD17037,CL0047,P096,03/10/2023,2,1427.76,livre,kech,Carte,,
CMD38737,CL0196,P081,05/01/2023,3,4518.77,livré,casa,Carte,,2023-01-08
CMD04409,CL0394,P068,23/02/2023,2,1361.05,retourné,TANGER,Carte,LIV7,2023-02-27
CMD18412,CL0196,P079,02/05/2023,3,94.76,annulé,casa,Carte,LIV4,
CMD29467,CL0204,P027,2023-07-05,5,3146.05,livre,tanger,Carte,LIV5,
CMD43186,CL0769,P014,Nov 15 2023,5,832.41,DONE,Tnja,Carte,LIV10,2023-11-20
CMD11776,CL0634,P060,Feb 11 2024,5,123.37,DONE,TNG,Carte,LIV6,2024-02-15
CMD35474,CL0051,P072,2023-04-28,1,778.69,livre,CASABLANCA,Carte,LIV3,
CMD26614,CL0065,P035,2023-06-10,3,542.97,retourné,marrakech,Carte,LIV8,2023-06-12
CMD06123,CL0360,P075,10/02/2023,5,1004.82,livre,tanger,Carte,LIV2,
CMD05033,CL0288,P053,Apr 22 2023,5,3535.07,DONE,tanger,Carte,LIV5,2023-04-25
CMD14482,CL0217,P056,21/11/2023,5,2745.99,livre,tanger,Carte,LIV10,
CMD33930,CL0440,P036,Apr 22 2023,1,2547.81,OK,tanger,Carte,LIV6,
CMD09289,CL0269,P005,2024-02-17,5,4932.78,en_cours,Tnja,Carte,LIV1,
CMD12218,CL0088,P006,Jul 26 2023,1,3593.26,en_cours,CASABLANCA,Carte,LIV7,
CMD17401,CL0665,P023,17/01/2023,3,1785.1,LIVRE,RBA,Carte,LIV8,2023-01-18
CMD37159,CL0308,P065,Dec 11 2023,5,2485.16,OK,Tnja,Carte,,
CMD02130,CL0799,P075,09/06/2023,2,1295.35,LIVRE,kech,Carte,LIV2,2023-06-13
CMD41594,CL0527,P059,2023-07-15,3,1053.61,KO,tanger,Carte,LIV9,
CMD24478,CL0671,P055,2023-10-01,2,426.51,retourné,CASABLANCA,Carte,LIV7,2023-10-06
CMD43927,CL0989,P067,25/07/2023,4,1557.68,livré,tanger,Carte,LIV9,2023-07-28
CMD23556,CL0048,P022,05/04/2023,4,0,OK,kech,Carte,LIV3,
CMD26246,CL0888,P095,2023-03-15,1,3186.66,annulé,casa,Carte,LIV6,
CMD12499,CL0488,P071,2023-12-08,-1,340.84,KO,CASABLANCA,Carte,LIV5,
CMD25942,CL0833,P013,21/03/2023,5,390.64,KO,RBA,Carte,LIV3,
CMD30718,CL0638,P063,25/12/2023,3,3336.41,livré,TNG,Carte,LIV9,2023-12-26
CMD37698,CL0363,P086,Nov 26 2023,2,556.2,livré,Agadir,Carte,LIV6,2023-11-30
CMD23426,CL0291,P090,Jan 23 2023,5,1312.23,livré,Tnja,Carte,LIV2,2023-01-27
CMD17057,CL0213,P042,15/01/2023,2,2814.59,DONE,kech,Carte,,2023-01-19
CMD09103,CL0494,P008,22/01/2024,5,3792.45,livre,Agadir,Carte,LIV4,
CMD08874,CL0895,P026,2023-09-20,3,4030.85,livre,marrakech,Carte,LIV4,
CMD46830,CL0326,P068,Mar 13 2024,2,4606.26,annulé,Tnja,Carte,LIV10,
CMD27954,CL0011,P073,13/10/2023,5,2947.19,livré,TNG,Carte,LIV6,2023-10-17
CMD35354,CL0026,P010,2023-01-06,3,3080.95,OK,Agadir,Carte,LIV6,
CMD24295,CL0469,P058,2023-03-24,3,4837.58,annulé,marrakech,Carte,LIV9,
CMD32912,CL0429,P021,Mar 31 2023,3,667.1,livré,tanger,Carte,LIV8,2023-04-03
CMD36224,CL0458,P097,01/11/2023,3,2079.47,OK,casa,Carte,LIV3,
CMD32864,CL0092,P086,Mar 21 2024,5,603.97,annulé,kech,Carte,LIV8,
CMD13221,CL0057,P036,May 05 2023,2,2651.41,livré,CASABLANCA,Carte,LIV3,2023-05-06
CMD30865,CL0360,P082,May 15 2024,2,4235.97,livré,Tnja,Carte,LIV6,2024-05-18
CMD13108,CL0304,P068,2023-01-20,1,1187.06,livre,TANGER,Carte,LIV5,
CMD13779,CL0457,P010,22/01/2023,1,1042.83,LIVRE,CASABLANCA,Carte,LIV6,2023-01-26
CMD19212,CL0463,P031,26/01/2024,4,4443.76,KO,RBA,Carte,LIV3,
CMD36911,CL0282,P009,17/06/2023,5,4734.85,annulé,marrakech,Carte,LIV5,
CMD41107,CL0405,P013,2023-06-16,1,1050.47,livré,casa,Carte,LIV6,2023-06-21
CMD03972,CL0380,P072,2024-02-04,4,0,livré,CASABLANCA,Carte,LIV5,2024-02-07
CMD10980,CL0649,P052,2023-06-04,4,774.97,livre,CASABLANCA,Carte,LIV6,
CMD48257,CL0332,P083,2024-01-28,5,4830.61,livré,casa,Carte,LIV8,2024-01-31
CMD45232,CL0206,P023,29/04/2024,2,2940.36,livre,kech,Carte,LIV10,
CMD48168,CL0113,P090,2024-03-23,5,3302.59,OK,TNG,Carte,LIV10,
CMD05717,CL0332,P049,17/04/2023,2,4284.67,livré,Tnja,Carte,LIV10,2023-04-22
CMD46257,CL0513,P070,14/08/2023,1,703.31,livré,TANGER,Carte,LIV4,2023-08-19
CMD23918,CL0501,P003,2023-04-23,5,2060.81,annulé,casa,Carte,LIV9,
CMD35818,CL0942,P097,2024-02-28,4,1425.66,livré,tanger,Carte,LIV5,2024-03-01
CMD31706,CL0115,P042,06/02/2024,4,3431.7,LIVRE,kech,Carte,LIV5,2024-02-07
CMD06573,CL0385,P079,06/08/2023,4,190.18,OK,CASABLANCA,Carte,LIV4,
CMD02705,CL0645,P099,Feb 12 2023,5,3199.82,livré,TNG,Carte,LIV8,2023-02-16
CMD13348,CL0668,P066,2024-02-04,5,2675.02,annulé,kech,Carte,LIV7,
CMD35395,CL0889,P043,Mar 02 2023,2,4433.47,annulé,Tnja,Carte,LIV5,
CMD33666,CL0770,P084,2023-06-29,4,67.45,KO,TNG,Carte,LIV2,
CMD47293,CL0927,P077,2024-01-22,4,3541.39,DONE,casa,Carte,,2024-01-24
CMD00284,CL0910,P097,Apr 07 2023,3,2609.88,livré,casa,Carte,LIV2,2023-04-08
CMD39432,CL0589,P070,May 10 2023,2,3491.63,retourné,Agadir,Carte,LIV8,2023-05-13
CMD24852,CL0703,P031,03/05/2023,1,4479.64,livre,TANGER,Carte,LIV2,
CMD14091,CL0007,P062,11/01/2024,5,709.53,LIVRE,TNG,Carte,LIV6,2024-01-15
CMD13180,CL0432,P006,Jun 23 2023,2,3934.69,en_cours,casa,Carte,LIV2,
CMD35178,CL0945,P067,28/10/2023,4,2523.33,livré,TANGER,Carte,,2023-10-30
CMD36425,CL0231,P040,Dec 01 2023,5,2758.09,KO,TNG,Carte,LIV3,
CMD00674,CL0992,P063,24/01/2024,5,1211.12,OK,tanger,Carte,LIV3,
CMD32428,CL0095,P084,2023-11-14,1,660.76,livré,TANGER,Carte,LIV9,2023-11-16
CMD36798,CL0131,P021,20/12/2023,3,2502.8,DONE,casa,Carte,LIV1,2023-12-21
CMD43095,CL0492,P064,Jan 12 2023,3,4978.69,OK,Agadir,Carte,LIV1,
CMD46793,CL0882,P044,2023-03-22,3,3650.37,livré,Tnja,Carte,LIV1,2023-03-24
CMD10445,CL0742,P027,05/09/2023,3,634.48,livré,Agadir,Carte,LIV1,2023-09-10
CMD11873,CL0483,P075,29/10/2023,5,4633.74,livré,tanger,Carte,LIV3,2023-11-02
CMD15458,CL0473,P064,Oct 19 2023,4,3540.98,livré,TNG,Carte,LIV6,2023-10-23
CMD14438,CL0159,P057,30/12/2023,2,3529.31,livré,tanger,Carte,LIV10,2024-01-04
CMD16251,CL0726,P031,2023-12-23,4,2423.58,livré,RBA,Carte,LIV10,2023-12-24
CMD45802,CL0079,P031,15/10/2023,5,3998.47,livre,CASABLANCA,Carte,LIV7,
CMD01616,CL0641,P093,2023-11-02,5,304.38,retourné,marrakech,Carte,LIV6,2023-11-05
CMD24198,CL0238,P086,Jul 15 2023,4,3916.6,en_cours,marrakech,Carte,LIV8,
CMD07564,CL0367,P004,2023-09-14,2,3980.17,DONE,TANGER,Carte,LIV2,2023-09-15
CMD40948,CL0734,P067,2023-07-06,4,760.27,en_cours,marrakech,Carte,,
CMD07408,CL0434,P067,Sep 20 2023,3,3134.12,KO,casa,Carte,LIV1,
CMD36661,CL0389,P068,03/01/2024,1,2937.47,DONE,CASABLANCA,Carte,LIV9,2024-01-05
CMD12998,CL0171,P023,2023-02-12,4,3600.68,LIVRE,TANGER,Carte,LIV9,2023-02-14
CMD19449,CL0104,P019,07/12/2023,2,1953.68,livré,casa,Carte,LIV5,2023-12-10
CMD00259,CL0948,P006,04/07/2023,5,1583.63,annulé,tanger,Carte,LIV9,
CMD04824,CL0738,P063,Sep 05 2023,1,1909.71,livré,Tnja,Carte,LIV4,2023-09-09
CMD33780,CL0033,P050,09/08/2023,1,905.37,annulé,casa,Carte,LIV5,
CMD03667,CL0744,P061,2023-09-01,1,4876.51,livré,Tnja,Carte,LIV10,2023-09-06
CMD01446,CL0843,P030,18/11/2023,5,4471.36,livré,casa,Carte,LIV9,2023-11-19
CMD47548,CL0323,P051,2023-11-25,4,4608.44,livré,marrakech,Carte,LIV9,2023-11-30
CMD40246,CL0889,P032,29/03/2024,3,2151.07,livre,TANGER,Carte,LIV2,
CMD39305,CL0523,P001,25/12/2023,3,3923.88,livré,RBA,Carte,,2023-12-27
CMD06670,CL0950,P014,13/03/2023,1,1791.64,livré,CASABLANCA,Carte,LIV7,2023-03-17
CMD21753,CL0451,P023,17/12/2023,1,4620.08,KO,tanger,Carte,LIV8,
CMD43941,CL0085,P029,2023-05-12,3,2680.16,DONE,TNG,Carte,LIV1,2023-05-15
CMD16428,CL0707,P022,06/05/2024,3,3670.91,annulé,TNG,Carte,LIV3,
CMD03260,CL0672,P037,21/02/2023,3,0,en_cours,CASABLANCA,Carte,LIV1,
CMD33554,CL0974,P085,Feb 20 2023,2,0,livré,Agadir,Carte,LIV1,2023-02-21
CMD42565,CL0371,P042,Mar 12 2023,3,906.83,livré,marrakech,Carte,LIV10,2023-03-13
CMD27176,CL0533,P086,Apr 10 2024,3,4935.13,KO,TNG,Carte,LIV8,
CMD29802,CL0027,P031,Aug 27 2023,1,3316.37,livre,tanger,Carte,LIV7,
CMD06734,CL0197,P066,2024-03-03,2,3898.6,en_cours,CASABLANCA,Carte,LIV3,
CMD44266,CL0871,P001,2023-12-20,3,128.5,KO,kech,Carte,LIV6,
CMD26932,CL0964,P054,2024-01-21,2,764.15,DONE,marrakech,Carte,,2024-01-23
CMD05619,CL0332,P028,Apr 01 2023,3,4085.6,livré,Agadir,Carte,LIV7,2023-04-03
CMD25846,CL0433,P049,30/01/2023,5,4414.2,retourné,TNG,Carte,LIV3,2023-02-04
CMD23066,CL0148,P070,07/12/2023,1,733.46,LIVRE,Agadir,Carte,LIV3,2023-12-08
CMD16174,CL0776,P087,26/12/2023,4,3314.35,LIVRE,casa,Carte,LIV9,2023-12-30
CMD16356,CL0125,P012,2023-04-22,5,4439.5,livré,RBA,Carte,LIV10,2023-04-27
CMD20952,CL0987,P042,27/04/2024,-1,3022.47,LIVRE,TANGER,Carte,LIV2,2024-04-28
CMD39515,CL0571,P084,Mar 18 2023,5,4338.72,livré,Tnja,Carte,LIV5,2023-03-19
CMD34204,CL0838,P030,May 29 2023,5,4414.37,en_cours,marrakech,Carte,LIV6,
CMD28624,CL0860,P093,2023-06-15,-1,3514.49,livré,TANGER,Carte,,2023-06-16
CMD07394,CL0043,P085,Feb 06 2023,5,3784.58,retourné,CASABLANCA,Carte,LIV9,2023-02-11
CMD32530,CL0557,P033,May 07 2023,4,811.27,en_cours,marrakech,Carte,LIV6,
CMD43273,CL0775,P034,Apr 29 2024,5,470.5,livre,Agadir,Carte,LIV7,
CMD18525,CL0755,P001,Feb 25 2023,2,2592.22,KO,CASABLANCA,Carte,LIV8,
CMD20789,CL0470,P090,2023-04-07,5,4739.46,en_cours,RBA,Carte,LIV9,
CMD26610,CL0044,P085,2023-10-22,-1,0,KO,kech,Carte,LIV6,
CMD19469,CL0672,P042,30/01/2024,3,1969.88,retourné,tanger,Carte,LIV3,2024-02-01
CMD35363,CL0453,P025,29/09/2023,2,2844.31,en_cours,RBA,Carte,LIV4,
CMD31390,CL0976,P073,11/03/2024,2,3089.6,livré,TANGER,Carte,LIV6,2024-03-15
CMD30575,CL0917,P018,Sep 05 2023,4,948.45,DONE,Agadir,Carte,LIV8,2023-09-07
CMD41386,CL0312,P044,Oct 26 2023,4,2569.53,livre,casa,Carte,LIV3,
CMD34347,CL0750,P004,Apr 20 2024,3,4156.79,livre,TANGER,Carte,LIV9,
CMD07738,CL0672,P040,26/07/2023,5,2412.92,livré,Agadir,Carte,LIV6,2023-07-31
CMD20564,CL0683,P065,07/01/2023,5,522.62,annulé,casa,Carte,LIV3,
CMD33848,CL0930,P031,2023-04-26,5,604.19,livré,Tnja,Carte,LIV1,2023-04-30
CMD12308,CL0476,P003,2023-01-13,5,1715.5,en_cours,CASABLANCA,Carte,LIV5,
CMD44558,CL0705,P059,2023-09-05,4,3357.17,annulé,kech,Carte,LIV4,
CMD27969,CL0356,P059,2023-11-07,5,3336.76,DONE,RBA,Carte,LIV8,2023-11-10
CMD19312,CL0909,P072,04/03/2024,3,4123.13,en_cours,TNG,Carte,LIV10,
CMD15408,CL0175,P002,2024-02-03,1,285.49,en_cours,RBA,Carte,LIV3,
CMD05142,CL0590,P045,Feb 19 2023,5,2493.8,LIVRE,casa,Carte,LIV5,2023-02-24
CMD13347,CL0490,P059,2023-10-29,2,408.81,livré,kech,Carte,LIV7,2023-11-03
CMD28285,CL0563,P029,30/01/2024,1,1929.65,KO,Tnja,Carte,LIV9,
CMD25314,CL0789,P049,2023-12-11,5,1130.17,en_cours,TANGER,Carte,LIV8,
CMD48198,CL0992,P072,2023-03-03,1,2365.84,livré,TANGER,Carte,LIV4,2023-03-07
CMD36475,CL0231,P058,03/03/2024,2,352.49,KO,Tnja,Carte,LIV3,
CMD47604,CL0698,P066,Apr 15 2024,5,3115.55,livre,tanger,Carte,LIV6,
CMD28415,CL0653,P039,May 10 2023,5,2785.59,LIVRE,CASABLANCA,Carte,LIV1,2023-05-15
CMD39808,CL0289,P017,17/04/2023,5,4658.72,KO,TNG,Carte,LIV8,
CMD41266,CL0258,P088,15/02/2024,5,955.58,livré,CASABLANCA,Carte,LIV6,2024-02-17
CMD24025,CL0392,P038,2023-03-25,4,2649.29,livré,marrakech,Carte,LIV5,2023-03-27
CMD34683,CL0043,P064,Mar 31 2023,2,2721.16,annulé,TNG,Carte,LIV3,
CMD02411,CL0791,P093,26/04/2023,3,3118.01,livre,marrakech,Carte,,
CMD18433,CL0277,P014,Jan 06 2023,3,2243.28,LIVRE,TANGER,Carte,LIV5,2023-01-11
CMD26275,CL0086,P010,14/06/2023,2,1037.64,DONE,TNG,Carte,LIV10,2023-06-18
CMD20962,CL0364,P074,2023-05-15,5,3205.53,livré,casa,Carte,LIV9,2023-05-17
CMD24232,CL0418,P029,15/05/2023,5,4125.17,en_cours,marrakech,Carte,LIV1,
CMD15370,CL0648,P051,31/05/2023,5,3692.81,KO,CASABLANCA,Carte,LIV4,
CMD37825,CL0814,P001,2023-12-28,3,1959.66,en_cours,TANGER,Carte,LIV2,
CMD30461,CL0659,P028,2024-04-25,3,2452.89,livré,marrakech,Carte,LIV2,2024-04-27
CMD14845,CL0709,P025,Mar 02 2023,4,4676.36,DONE,TNG,Carte,LIV9,2023-03-05
CMD40433,CL0967,P091,Sep 25 2023,-1,3820.53,livre,marrakech,Carte,LIV1,
CMD13237,CL0093,P062,Feb 08 2023,4,940.55,livre,Tnja,Carte,LIV7,
CMD41554,CL0767,P047,30/07/2023,4,937.62,livré,casa,Carte,LIV3,2023-08-03
CMD39736,CL0039,P056,2023-04-12,4,1583.02,retourné,marrakech,Carte,LIV7,2023-04-15
CMD40019,CL0104,P075,2023-01-15,2,3320.15,LIVRE,CASABLANCA,Carte,LIV8,2023-01-18
CMD35240,CL0343,P035,Jul 28 2023,4,3172.93,en_cours,TANGER,Carte,LIV7,
CMD15129,CL0418,P038,12/09/2023,2,1549.39,livré,Agadir,Carte,LIV10,2023-09-17
CMD12555,CL0372,P061,Feb 28 2024,3,194.39,en_cours,marrakech,Carte,LIV6,
CMD17419,CL0922,P063,Aug 08 2023,5,546.77,en_cours,kech,Carte,LIV6,
CMD15185,CL0542,P068,Dec 29 2023,1,1786.12,retourné,Tnja,Carte,LIV10,2024-01-02
CMD35696,CL0379,P095,Nov 11 2023,4,563.14,livré,tanger,Carte,LIV8,2023-11-12
CMD12593,CL0887,P038,07/01/2024,2,3908.87,LIVRE,tanger,Carte,LIV10,2024-01-08
CMD38640,CL0175,P075,Jul 19 2023,1,3104.1,livré,kech,Carte,LIV4,2023-07-24
CMD37422,CL0561,P058,03/04/2023,3,3579.51,DONE,TNG,Carte,LIV1,2023-04-08
CMD30822,CL0010,P035,Jan 01 2024,1,2151.57,livre,marrakech,Carte,LIV5,
CMD27989,CL0179,P096,2023-03-25,4,4413.03,retourné,marrakech,Carte,LIV8,2023-03-29
CMD33213,CL0110,P078,Feb 07 2024,5,2400.5,annulé,Agadir,Carte,LIV3,
CMD40263,CL0171,P007,Jun 22 2023,5,1935.26,annulé,Tnja,Carte,LIV10,
CMD30986,CL0009,P003,Feb 19 2023,2,2025.99,livré,marrakech,Carte,LIV7,2023-02-24
CMD40540,CL0630,P033,14/08/2023,2,3010.35,livré,Agadir,Carte,LIV4,2023-08-16
CMD29192,CL0412,P009,2023-01-22,2,2673.19,livré,Agadir,Carte,LIV10,2023-01-27
CMD11113,CL0342,P028,06/05/2023,4,3881.56,DONE,tanger,Carte,LIV8,2023-05-09
CMD27064,CL0137,P032,15/02/2023,4,2283.71,KO,CASABLANCA,Carte,LIV3,
CMD06896,CL0495,P053,Apr 25 2023,5,3695.42,livré,kech,Carte,LIV10,2023-04-26
CMD11503,CL0745,P048,2024-03-30,2,1861.91,livré,CASABLANCA,Carte,LIV6,2024-04-04
CMD10429,CL0517,P055,Jul 21 2023,4,4817.99,en_cours,CASABLANCA,Carte,LIV5,
CMD25192,CL0171,P076,2023-06-11,5,59.37,LIVRE,marrakech,Carte,LIV9,2023-06-16
CMD34991,CL0155,P099,17/03/2023,4,348.78,OK,casa,Carte,LIV8,
CMD27214,CL0307,P047,2023-06-22,1,220.32,livre,kech,Carte,LIV8,
CMD22803,CL0966,P012,08/03/2023,4,4508.59,livré,marrakech,Carte,LIV8,2023-03-12
CMD25382,CL0217,P081,2023-01-03,3,4280.32,retourné,TNG,Carte,LIV9,2023-01-07
CMD35858,CL0375,P087,Oct 19 2023,3,3433.62,OK,Agadir,Carte,LIV6,
CMD24311,CL0811,P043,Apr 18 2024,5,2661.12,OK,Agadir,Carte,LIV6,
CMD38524,CL0394,P052,23/09/2023,4,3152.8,livré,casa,Carte,,2023-09-26
CMD08094,CL0545,P063,2023-05-14,5,3882.39,livre,Tnja,Carte,LIV8,
CMD05131,CL0700,P002,13/01/2023,5,3155.97,livré,CASABLANCA,Carte,LIV7,2023-01-15
CMD15110,CL0530,P081,07/11/2023,1,2302.13,DONE,CASABLANCA,Carte,LIV6,2023-11-10
CMD25238,CL0241,P023,Mar 31 2023,3,1638.51,retourné,tanger,Carte,LIV7,2023-04-02
CMD05523,CL0693,P051,Apr 02 2024,4,967.86,LIVRE,Tnja,Carte,LIV4,2024-04-03
CMD48411,CL0169,P017,Jan 23 2024,2,3879.16,annulé,Agadir,Carte,LIV6,
CMD03434,CL0066,P050,Nov 07 2023,1,2494.56,annulé,CASABLANCA,Carte,,
CMD03272,CL0080,P062,Jul 30 2023,1,1462.0,en_cours,TNG,Carte,LIV2,
CMD05319,CL0859,P053,2023-06-18,2,90.32,annulé,RBA,Carte,LIV1,
CMD26461,CL0853,P065,2023-09-12,5,3080.56,annulé,casa,Carte,LIV1,
CMD40575,CL0827,P001,2023-12-06,2,3135.3,annulé,tanger,Carte,LIV4,
CMD17459,CL0738,P071,May 17 2023,2,4964.21,livre,tanger,Carte,LIV2,
CMD10338,CL0951,P002,20/04/2023,1,4353.78,livre,marrakech,Carte,LIV8,
CMD31415,CL0750,P073,Sep 13 2023,4,4796.61,DONE,Agadir,Carte,LIV4,2023-09-15
CMD48054,CL0539,P083,22/04/2023,5,4834.13,en_cours,Tnja,Carte,LIV7,
CMD45288,CL0377,P055,02/04/2023,4,353.48,livré,casa,Carte,LIV8,2023-04-06
CMD47736,CL0186,P072,01/05/2024,5,455.13,annulé,TANGER,Carte,LIV7,
CMD29331,CL0596,P094,2024-04-07,4,218.03,en_cours,tanger,Carte,LIV10,
CMD38895,CL0979,P084,Mar 03 2024,2,2323.7,annulé,kech,Carte,LIV1,
CMD02277,CL0020,P084,2023-05-14,3,343.38,en_cours,marrakech,Carte,LIV4,
CMD24978,CL0624,P063,2023-09-13,5,3479.13,livre,Agadir,Carte,LIV2,
CMD44382,CL0293,P049,2023-12-08,2,2756.81,livré,Agadir,Carte,LIV1,2023-12-09
CMD03058,CL0154,P039,11/07/2023,4,4897.86,OK,TANGER,Carte,LIV8,
CMD13152,CL0518,P007,03/01/2024,3,335.63,livré,RBA,Carte,LIV4,2024-01-04
CMD41428,CL0444,P041,2023-04-09,5,3202.45,livré,marrakech,Carte,LIV6,2023-04-11
CMD25306,CL0906,P073,2023-12-15,1,4003.54,retourné,Agadir,Carte,LIV2,2023-12-16
CMD02885,CL0786,P073,Feb 26 2024,3,3657.2,DONE,TNG,Carte,LIV5,2024-02-28
CMD16328,CL0076,P031,14/07/2023,2,2446.89,LIVRE,TNG,Carte,LIV3,2023-07-15
CMD38059,CL0241,P035,21/04/2023,3,2213.85,OK,kech,Carte,LIV9,
CMD17274,CL0963,P098,23/07/2023,4,2195.6,en_cours,CASABLANCA,Carte,LIV10,
CMD22910,CL0566,P078,12/04/2024,2,1826.93,livré,CASABLANCA,Carte,LIV6,2024-04-15
CMD18887,CL0308,P002,Apr 15 2024,2,3079.82,livré,TANGER,Carte,LIV5,2024-04-17
CMD31770,CL0869,P095,08/01/2023,2,958.17,retourné,kech,Carte,LIV10,2023-01-12
CMD46192,CL0702,P032,Feb 01 2023,2,2200.85,livré,RBA,Carte,LIV5,2023-02-02
CMD37694,CL0792,P050,11/04/2023,1,524.02,DONE,TANGER,Carte,LIV8,2023-04-16
CMD46460,CL0154,P021,Dec 29 2023,1,4585.79,retourné,casa,Carte,,2023-12-31
CMD44730,CL0481,P068,24/03/2024,3,887.77,annulé,marrakech,Carte,LIV10,
CMD46006,CL0809,P016,05/04/2024,4,4594.44,en_cours,TANGER,Carte,LIV9,
CMD27855,CL0605,P012,Sep 17 2023,2,3631.63,LIVRE,TANGER,Carte,LIV3,2023-09-22
CMD13658,CL0641,P028,2024-03-10,5,4749.17,en_cours,CASABLANCA,Carte,,
CMD28970,CL0061,P013,May 05 2024,3,2415.53,annulé,Tnja,Carte,LIV4,
CMD17762,CL0808,P021,17/03/2023,-1,777.17,livré,Tnja,Carte,LIV9,2023-03-22
CMD09728,CL0406,P029,Apr 27 2024,4,1549.4,en_cours,marrakech,Carte,LIV3,
CMD37562,CL0249,P047,2024-02-06,5,934.97,livre,CASABLANCA,Carte,LIV2,
CMD35398,CL0610,P023,Jun 11 2023,1,176.87,DONE,Tnja,Carte,LIV9,2023-06-15
CMD43971,CL0610,P050,2023-12-04,3,3773.62,en_cours,Agadir,Carte,LIV6,
CMD25779,CL0914,P097,27/02/2024,5,234.37,OK,kech,Carte,LIV4,
CMD45925,CL0387,P076,Feb 27 2024,2,4561.83,KO,tanger,Carte,LIV10,
CMD38945,CL0498,P078,12/07/2023,1,3028.73,OK,TNG,Carte,LIV10,
CMD39183,CL0096,P022,Mar 15 2024,1,3270.94,OK,RBA,Carte,LIV3,
CMD09213,CL0035,P088,28/06/2023,4,2516.1,LIVRE,TANGER,Carte,LIV9,2023-07-01
CMD03770,CL0113,P020,Oct 09 2023,3,740.44,retourné,RBA,Carte,LIV7,2023-10-10
CMD06005,CL0274,P073,2023-12-02,4,4859.7,livré,TNG,Carte,LIV9,2023-12-06
CMD20921,CL0017,P032,23/06/2023,4,2050.49,retourné,TNG,Carte,LIV1,2023-06-28
CMD36088,CL0104,P023,12/12/2023,3,1269.2,livré,Agadir,Carte,LIV7,2023-12-15
CMD25989,CL0441,P056,2023-05-06,2,1466.56,livré,kech,Carte,LIV4,2023-05-10
CMD47990,CL0691,P023,23/01/2023,2,1507.55,livré,CASABLANCA,Carte,LIV3,2023-01-26
CMD36914,CL0519,P067,11/05/2023,4,1047.88,retourné,TNG,Carte,LIV6,2023-05-14
CMD13121,CL0122,P045,30/11/2023,1,3717.04,OK,CASABLANCA,Carte,,
CMD43373,CL0778,P090,14/02/2023,-1,130.74,livré,kech,Carte,LIV8,2023-02-18
CMD35238,CL0228,P056,Jan 31 2023,4,2910.4,livre,kech,Carte,LIV8,
CMD40039,CL0062,P098,Aug 02 2023,4,1924.26,annulé,tanger,Carte,LIV6,
CMD31869,CL0625,P037,11/03/2023,1,754.17,retourné,casa,Carte,LIV10,2023-03-13
CMD42119,CL0144,P040,13/03/2024,1,4297.49,en_cours,marrakech,Carte,LIV2,
CMD05698,CL0764,P096,2023-05-15,3,4703.32,livré,TANGER,Carte,LIV10,2023-05-16
CMD48203,CL0255,P098,12/01/2023,3,1118.67,KO,Agadir,Carte,LIV2,
CMD11604,CL0530,P046,Mar 28 2023,3,3118.32,OK,casa,Carte,LIV2,
CMD29078,CL0779,P008,2023-11-09,5,2804.75,livré,kech,Carte,LIV6,2023-11-12
CMD46451,CL0605,P098,2023-08-18,2,842.27,en_cours,TANGER,Carte,LIV10,
CMD15500,CL0946,P076,2023-11-15,5,4203.36,LIVRE,CASABLANCA,Carte,LIV6,2023-11-18
CMD12995,CL0599,P099,Sep 17 2023,5,2133.48,livré,marrakech,Carte,LIV9,2023-09-21
CMD06731,CL0023,P012,Aug 31 2023,1,3758.58,LIVRE,tanger,Carte,LIV5,2023-09-04
CMD26637,CL0153,P014,31/07/2023,1,1070.72,annulé,casa,Carte,LIV9,
CMD12394,CL0681,P072,2024-02-12,2,1356.66,en_cours,TANGER,Carte,,
CMD15664,CL0458,P041,2023-02-03,5,247.25,en_cours,Agadir,Carte,LIV4,
CMD25079,CL0067,P047,2023-12-09,5,1219.58,LIVRE,TNG,Carte,LIV7,2023-12-11
CMD42608,CL0379,P014,2024-01-12,4,3977.1,livré,tanger,Carte,LIV4,2024-01-13
CMD19250,CL0988,P026,18/06/2023,5,4056.55,livré,Tnja,Carte,LIV6,2023-06-20
CMD08774,CL0161,P022,06/05/2024,5,0,en_cours,RBA,Carte,LIV9,
CMD39058,CL0722,P035,2023-09-16,1,4745.29,retourné,TANGER,Carte,LIV4,2023-09-20
CMD14563,CL0100,P067,28/01/2024,4,176.5,KO,TNG,Carte,LIV3,
CMD29276,CL0744,P050,10/03/2023,3,1783.44,LIVRE,tanger,Carte,LIV3,2023-03-11
CMD11419,CL0152,P073,2024-05-10,4,1669.62,KO,tanger,Carte,LIV5,
CMD20089,CL0946,P003,Jan 18 2024,2,4773.5,livré,CASABLANCA,Carte,LIV2,2024-01-19
CMD31392,CL0342,P036,2024-02-23,3,1071.71,retourné,Agadir,Carte,LIV6,2024-02-28
CMD20285,CL0300,P065,2023-04-28,4,409.15,LIVRE,RBA,Carte,LIV2,2023-04-29
CMD24347,CL0805,P066,Jan 14 2024,4,2466.27,DONE,RBA,Carte,LIV5,2024-01-16
CMD32242,CL0974,P031,28/03/2024,5,3572.92,livré,CASABLANCA,Carte,,2024-04-01
CMD46235,CL0616,P080,05/04/2024,4,839.73,en_cours,tanger,Carte,LIV3,
CMD03942,CL0815,P059,2023-06-12,4,3771.83,retourné,Tnja,Carte,LIV3,2023-06-17
CMD05764,CL0373,P010,12/02/2024,2,4715.37,KO,Tnja,Carte,LIV8,
CMD24940,CL0825,P013,Mar 07 2024,4,555.13,annulé,TNG,Carte,LIV7,
CMD04761,CL0364,P003,2024-02-24,3,4546.98,LIVRE,TANGER,Carte,LIV3,2024-02-27
CMD42914,CL0058,P072,2023-12-05,3,4317.39,retourné,Agadir,Carte,LIV7,2023-12-08
CMD15864,CL0075,P049,02/09/2023,4,568.68,en_cours,tanger,Carte,LIV1,
CMD14047,CL0777,P085,19/12/2023,2,1158.8,OK,marrakech,Carte,LIV9,
CMD38075,CL0303,P047,Mar 12 2024,3,3523.57,en_cours,casa,Carte,LIV3,
CMD05647,CL0762,P040,04/06/2023,2,154.39,livre,kech,Carte,LIV1,
CMD45050,CL0444,P082,2024-04-09,3,1773.35,livré,CASABLANCA,Carte,LIV2,2024-04-14
CMD31142,CL0606,P014,30/07/2023,3,194.59,retourné,tanger,Carte,LIV7,2023-08-03
CMD43539,CL0679,P083,May 17 2023,4,3325.43,en_cours,CASABLANCA,Carte,LIV7,
CMD12419,CL0458,P081,2023-01-26,3,4383.21,retourné,TANGER,Carte,LIV1,2023-01-29
CMD44632,CL0787,P003,2023-12-29,3,1400.14,livré,CASABLANCA,Carte,LIV8,2024-01-02
CMD04425,CL0533,P067,03/08/2023,1,226.94,OK,TANGER,Carte,LIV5,
CMD48073,CL0609,P090,08/03/2023,4,4973.95,OK,RBA,Carte,LIV9,
CMD45342,CL0997,P035,2023-10-03,2,2403.02,LIVRE,tanger,Carte,LIV9,2023-10-08
CMD37815,CL0535,P058,08/02/2023,1,2895.24,KO,Tnja,Carte,,
CMD17859,CL0034,P013,28/07/2023,5,1499.06,annulé,marrakech,Carte,LIV6,
CMD38443,CL0936,P076,2023-06-20,3,4567.87,retourné,marrakech,Carte,LIV1,2023-06-23
CMD08095,CL0396,P063,2024-03-11,4,4861.89,OK,Tnja,Carte,LIV3,
CMD01312,CL0778,P057,May 05 2023,2,0,en_cours,TANGER,Carte,LIV1,
CMD21523,CL0029,P037,May 16 2023,4,4204.05,livré,TNG,Carte,LIV8,2023-05-21
CMD10928,CL0776,P045,12/01/2024,1,2224.84,en_cours,casa,Carte,LIV5,
CMD10508,CL0450,P058,Feb 02 2023,2,4821.23,livre,tanger,Carte,LIV6,
CMD24269,CL0636,P011,Apr 18 2024,3,2080.81,livre,tanger,Carte,LIV3,
CMD39551,CL0090,P055,2023-03-03,4,4416.15,DONE,CASABLANCA,Carte,LIV4,2023-03-07
CMD13055,CL0846,P006,Aug 19 2023,4,2085.62,en_cours,Tnja,Carte,LIV10,
CMD02444,CL0549,P092,Dec 11 2023,2,1522.35,livré,tanger,Carte,LIV8,2023-12-16
CMD01823,CL0786,P093,02/12/2023,2,4492.85,OK,Agadir,Carte,LIV2,
CMD44715,CL0689,P046,May 03 2024,3,88.84,livré,CASABLANCA,Carte,LIV5,2024-05-04
CMD26805,CL0646,P001,19/01/2023,5,4602.19,retourné,casa,Carte,LIV9,2023-01-20
CMD16526,CL0001,P034,15/04/2023,5,3580.75,OK,casa,Carte,LIV10,
CMD35817,CL0363,P033,2024-05-03,2,284.09,livré,casa,Carte,LIV3,2024-05-06
CMD05400,CL0352,P086,May 26 2023,2,88.13,livre,Agadir,Carte,LIV7,
CMD17578,CL0761,P089,01/07/2023,3,2789.59,retourné,CASABLANCA,Carte,LIV9,2023-07-05
CMD41020,CL0345,P089,Sep 25 2023,4,3503.92,livré,TANGER,Carte,LIV6,2023-09-28
CMD17622,CL0258,P011,11/01/2024,4,1579.29,livre,marrakech,Carte,LIV4,
CMD19628,CL0246,P027,2024-01-10,4,3529.69,LIVRE,kech,Carte,LIV2,2024-01-15
CMD25120,CL0694,P006,26/12/2023,2,995.95,KO,Tnja,Carte,LIV2,
CMD33121,CL0876,P005,Feb 09 2024,5,3038.09,livre,Agadir,Carte,LIV3,
CMD08635,CL0361,P082,2023-03-09,4,1263.02,retourné,RBA,Carte,LIV8,2023-03-11
CMD35138,CL0897,P054,2024-02-12,1,4788.42,retourné,RBA,Carte,LIV2,2024-02-17
CMD07336,CL0955,P075,2023-10-09,5,2730.48,annulé,Agadir,Carte,LIV9,
CMD25888,CL0606,P005,Jul 16 2023,1,3223.19,retourné,RBA,Carte,LIV10,2023-07-19
CMD00715,CL0341,P073,2023-11-21,5,3105.18,livré,CASABLANCA,Carte,,2023-11-25
CMD05479,CL0816,P066,2023-08-16,3,1375.76,livré,tanger,Carte,LIV8,2023-08-20
CMD24103,CL0768,P082,Jan 13 2023,3,2188.86,LIVRE,Tnja,Carte,LIV9,2023-01-14
CMD00363,CL0285,P013,31/03/2024,4,2368.61,livré,RBA,Carte,LIV4,2024-04-04
CMD31707,CL0348,P099,2023-04-09,1,0,LIVRE,CASABLANCA,Carte,LIV3,2023-04-10
CMD04669,CL0404,P066,18/01/2023,3,3536.57,livré,kech,Carte,LIV8,2023-01-21
CMD41636,CL0308,P066,Oct 13 2023,3,626.25,DONE,kech,Carte,LIV2,2023-10-14
CMD31745,CL0730,P091,Apr 17 2023,4,2317.27,retourné,marrakech,Carte,LIV8,2023-04-18
CMD47118,CL0378,P054,2024-01-22,3,3236.9,KO,Tnja,Carte,LIV7,
CMD40503,CL0623,P033,May 23 2023,5,1623.92,LIVRE,kech,Carte,LIV9,2023-05-28
CMD13343,CL0788,P052,Jun 15 2023,5,2397.26,livré,CASABLANCA,Carte,LIV3,2023-06-17
CMD02490,CL0020,P074,16/03/2023,1,3704.99,annulé,marrakech,Carte,LIV9,
CMD42099,CL0886,P024,2023-10-10,1,837.36,retourné,casa,Carte,LIV3,2023-10-12
CMD02649,CL0021,P018,Mar 05 2023,5,253.08,KO,casa,Carte,LIV8,
CMD41734,CL0039,P076,Jun 09 2023,5,1058.96,LIVRE,Agadir,Carte,,2023-06-10
CMD02134,CL0535,P093,Nov 07 2023,3,233.05,en_cours,marrakech,Carte,LIV7,
CMD25109,CL0911,P100,03/11/2023,2,2099.81,LIVRE,tanger,Carte,LIV2,2023-11-06
CMD28153,CL0339,P010,Jan 08 2024,5,4351.69,livré,TANGER,Carte,LIV4,2024-01-09
CMD11128,CL0152,P011,Jan 10 2023,3,3810.55,en_cours,TNG,Carte,LIV3,
CMD34281,CL0920,P059,2023-04-19,2,2747.2,en_cours,Agadir,Carte,LIV4,
CMD19056,CL0906,P069,05/10/2023,2,2759.47,livré,Agadir,Carte,LIV1,2023-10-06
CMD47182,CL0720,P031,2024-01-20,4,3058.6,livré,TNG,Carte,LIV8,2024-01-22
CMD42133,CL0104,P009,2024-03-07,2,4989.88,livré,CASABLANCA,Carte,LIV5,2024-03-11
CMD42084,CL0441,P074,Feb 26 2023,5,4469.67,livré,RBA,Carte,LIV3,2023-02-28
CMD21290,CL0722,P074,Jan 14 2023,1,2246.17,livre,CASABLANCA,Carte,LIV2,
CMD08255,CL0609,P019,Aug 25 2023,2,2183.1,livré,RBA,Carte,LIV8,2023-08-27
CMD09668,CL0811,P092,Feb 15 2024,5,1811.67,DONE,tanger,Carte,LIV7,2024-02-19
CMD23756,CL0541,P036,2024-04-07,5,347.89,DONE,casa,Carte,LIV4,2024-04-12
CMD40345,CL0250,P069,04/01/2024,2,3985.84,DONE,Agadir,Carte,LIV6,2024-01-06
CMD43736,CL0451,P024,Oct 05 2023,5,759.1,livré,CASABLANCA,Carte,LIV3,2023-10-06
CMD46433,CL0466,P028,Apr 15 2023,5,3609.04,DONE,TANGER,Carte,LIV8,2023-04-17
CMD45566,CL0392,P091,08/02/2023,5,3435.66,retourné,Tnja,Carte,LIV5,2023-02-09
CMD10802,CL0307,P050,10/05/2024,2,576.41,OK,Agadir,Carte,LIV4,
CMD16573,CL0877,P061,06/01/2023,4,2858.81,livré,casa,Carte,LIV9,2023-01-08
CMD29846,CL0663,P045,07/10/2023,4,1932.64,KO,Tnja,Carte,LIV8,
CMD00787,CL0142,P067,Feb 21 2023,3,2271.81,retourné,Tnja,Carte,LIV8,2023-02-24
CMD17150,CL0632,P015,Oct 23 2023,4,2044.14,en_cours,kech,Carte,LIV1,
CMD18724,CL0825,P004,2023-06-29,3,1701.25,en_cours,marrakech,Carte,LIV4,
CMD09839,CL0563,P047,09/06/2023,4,0,retourné,Agadir,Carte,LIV3,2023-06-11
CMD21782,CL0640,P022,2024-01-08,2,1454.35,en_cours,tanger,Carte,LIV3,
CMD48442,CL0922,P088,Jul 14 2023,5,4361.44,en_cours,tanger,Carte,LIV1,
CMD20414,CL0512,P061,2023-03-24,4,4999.41,livré,Agadir,Carte,LIV9,2023-03-25
CMD10002,CL0045,P034,2023-03-20,1,0,retourné,marrakech,Carte,LIV7,2023-03-24
CMD32907,CL0653,P029,2024-01-19,1,550.52,livré,kech,Carte,LIV2,2024-01-23
CMD36809,CL0265,P089,Jan 19 2024,4,1905.33,livré,kech,Carte,LIV6,2024-01-24
CMD01886,CL0724,P020,03/11/2023,2,3164.72,annulé,Agadir,Carte,LIV5,
CMD42014,CL0904,P075,06/08/2023,2,2140.93,KO,Agadir,Carte,LIV10,
CMD14334,CL0909,P018,Sep 21 2023,5,4137.49,en_cours,Agadir,Carte,,
CMD33765,CL0161,P004,2023-03-29,1,121.48,livré,Agadir,Carte,LIV3,2023-04-01
CMD43237,CL0167,P071,2024-03-24,3,4734.22,annulé,TNG,Carte,LIV9,
CMD27446,CL0842,P060,10/02/2023,2,829.19,DONE,CASABLANCA,Carte,LIV10,2023-02-11
CMD42452,CL0404,P031,20/01/2024,2,4097.46,OK,CASABLANCA,Carte,LIV3,
CMD07259,CL0142,P096,17/02/2024,2,3374.13,DONE,kech,Carte,LIV1,2024-02-18
CMD05616,CL0128,P092,28/01/2024,5,3679.31,LIVRE,tanger,Carte,LIV7,2024-02-01
CMD23876,CL0532,P035,09/04/2024,5,1549.23,en_cours,RBA,Carte,LIV5,
CMD31085,CL0205,P063,Sep 15 2023,4,3731.1,DONE,kech,Carte,LIV1,2023-09-16
CMD17934,CL0229,P058,Jan 15 2024,1,4021.99,livre,marrakech,Carte,LIV10,
CMD29878,CL0941,P041,13/10/2023,5,1043.24,livré,TNG,Carte,LIV5,2023-10-15
CMD16525,CL0755,P010,2023-07-04,3,2256.04,retourné,Agadir,Carte,LIV7,2023-07-06
CMD20182,CL0971,P067,10/05/2024,3,1161.85,en_cours,tanger,Carte,,
CMD20361,CL0878,P080,Feb 29 2024,1,4422.88,DONE,tanger,Carte,LIV6,2024-03-01
CMD09612,CL0961,P077,25/11/2023,5,4854.82,KO,Tnja,Carte,LIV5,
CMD21453,CL0984,P060,25/05/2023,2,3784.2,livré,TNG,Carte,LIV9,2023-05-27
CMD40918,CL0637,P054,Apr 20 2024,3,4726.86,annulé,TANGER,Carte,LIV2,
CMD01658,CL0104,P090,Oct 20 2023,2,4974.45,livré,tanger,Carte,LIV2,2023-10-24
CMD33443,CL0855,P091,2023-07-25,4,3190.9,livré,Agadir,Carte,LIV3,2023-07-28
CMD29461,CL0025,P098,05/10/2023,5,789.86,livré,tanger,Carte,LIV9,2023-10-09
CMD43217,CL0049,P095,17/02/2024,3,1515.06,LIVRE,Agadir,Carte,,2024-02-20
CMD18652,CL0417,P036,2024-04-15,3,3072.43,LIVRE,RBA,Carte,,2024-04-20
CMD19965,CL0073,P040,Feb 04 2024,2,3115.99,LIVRE,kech,Carte,LIV10,2024-02-05
CMD16979,CL0764,P004,2023-09-17,2,1086.31,OK,CASABLANCA,Carte,LIV3,
CMD31096,CL0216,P067,05/05/2023,5,717.57,retourné,kech,Carte,LIV5,2023-05-07
CMD13468,CL0968,P066,17/02/2024,3,4992.22,livré,casa,Carte,LIV6,2024-02-19
CMD06901,CL0929,P063,Nov 09 2023,4,4153.38,livré,casa,Carte,LIV6,2023-11-13
CMD20728,CL0436,P040,2023-02-23,3,0,KO,kech,Carte,LIV9,
CMD47936,CL0005,P027,2023-08-26,5,4959.16,en_cours,RBA,Carte,LIV1,
CMD03158,CL0937,P027,Jan 01 2023,2,4714.6,livré,tanger,Carte,LIV4,2023-01-06
CMD07226,CL0489,P011,20/09/2023,2,3782.75,en_cours,TANGER,Carte,LIV10,
CMD02777,CL0586,P064,01/01/2023,5,1512.74,annulé,CASABLANCA,Carte,LIV8,
CMD01918,CL0790,P012,Jan 05 2024,2,2447.4,DONE,TNG,Carte,LIV2,2024-01-08
CMD28899,CL0520,P026,17/01/2024,5,4675.96,OK,Tnja,Carte,LIV9,
CMD33073,CL0604,P087,Jun 13 2023,4,4043.9,livré,TNG,Carte,LIV5,2023-06-16
CMD06111,CL0517,P045,04/02/2024,3,3079.76,en_cours,kech,Carte,LIV9,
CMD25417,CL0195,P070,Mar 18 2024,2,1689.03,LIVRE,RBA,Carte,LIV3,2024-03-22
CMD47057,CL0729,P052,2023-02-09,2,1476.87,livré,RBA,Carte,LIV10,2023-02-14
CMD44326,CL0517,P076,05/05/2023,4,4707.09,en_cours,kech,Carte,LIV1,
CMD25172,CL0373,P095,Apr 14 2023,1,2883.32,livré,TNG,Carte,LIV7,2023-04-17
CMD16917,CL0638,P013,Dec 04 2023,1,2861.12,DONE,TANGER,Carte,LIV2,2023-12-05
CMD04467,CL0798,P089,Dec 03 2023,5,277.75,OK,tanger,Carte,LIV4,
CMD25464,CL0641,P021,15/02/2023,4,4370.29,annulé,RBA,Carte,LIV9,
CMD35679,CL0787,P044,Apr 17 2023,4,3596.87,DONE,Agadir,Carte,LIV6,2023-04-18
CMD36403,CL0266,P026,Dec 17 2023,3,4617.14,retourné,marrakech,Carte,LIV9,2023-12-18
CMD35988,CL0930,P093,27/08/2023,3,4642.05,retourné,CASABLANCA,Carte,LIV9,2023-08-30
CMD28636,CL0179,P047,28/01/2023,2,574.54,en_cours,Agadir,Carte,LIV1,
CMD03169,CL0325,P023,2023-12-14,5,2236.84,livré,TANGER,Carte,LIV5,2023-12-15
CMD23917,CL0339,P011,Jun 13 2023,2,1542.62,livre,casa,Carte,LIV9,
CMD30496,CL0455,P033,2023-02-08,1,4018.48,KO,kech,Carte,LIV3,
CMD38171,CL0162,P028,22/01/2023,2,4498.92,livré,Tnja,Carte,LIV9,2023-01-26
CMD10324,CL0484,P049,09/07/2023,2,1093.43,OK,Tnja,Carte,,
CMD28762,CL0371,P026,May 08 2024,4,4410.43,livré,TANGER,Carte,LIV10,2024-05-09
CMD15238,CL0155,P001,Aug 18 2023,2,3366.03,LIVRE,kech,Carte,LIV10,2023-08-20
CMD44042,CL0794,P098,Feb 23 2023,1,4265.0,LIVRE,tanger,Carte,LIV6,2023-02-24
CMD23276,CL0019,P080,Feb 27 2024,4,1318.59,DONE,kech,Carte,LIV3,2024-02-29
CMD20838,CL0549,P068,21/03/2023,4,4126.02,livre,TANGER,Carte,LIV7,
CMD44128,CL0028,P019,14/01/2023,3,569.39,livre,Agadir,Carte,LIV6,
CMD02399,CL0169,P073,Apr 03 2024,4,3484.38,DONE,Agadir,Carte,LIV4,2024-04-06
CMD14761,CL0810,P066,19/10/2023,1,0,OK,kech,Carte,LIV3,
CMD11688,CL0596,P070,2023-08-13,2,887.61,LIVRE,tanger,Carte,LIV4,2023-08-14
CMD22279,CL0681,P013,2024-03-06,5,3841.16,OK,Agadir,Carte,LIV4,
CMD14318,CL0148,P089,2024-03-26,5,3707.65,livré,casa,Carte,LIV1,2024-03-28
CMD00470,CL0116,P055,2024-05-14,4,0,en_cours,Agadir,Carte,LIV2,
CMD27929,CL0361,P077,2023-02-24,3,3758.43,livré,casa,Carte,LIV1,2023-02-28
CMD11977,CL0528,P018,2024-04-24,4,1750.85,OK,tanger,Carte,LIV1,
CMD02342,CL0062,P074,Jul 13 2023,2,188.81,OK,Agadir,Carte,,
CMD00634,CL0163,P055,2023-08-13,4,3963.29,en_cours,Tnja,Carte,LIV7,
CMD06177,CL0067,P034,18/10/2023,1,4384.6,LIVRE,marrakech,Carte,LIV9,2023-10-22
CMD33896,CL0308,P019,2023-01-12,3,2960.03,DONE,casa,Carte,LIV2,2023-01-13
CMD22497,CL0746,P030,2023-07-21,4,3277.26,OK,TANGER,Carte,LIV7,
CMD17256,CL0245,P023,27/01/2023,4,4751.39,livré,kech,Carte,LIV7,2023-01-29
CMD29665,CL0010,P094,2023-05-20,5,4269.38,retourné,TANGER,Carte,LIV6,2023-05-23
CMD44949,CL0341,P073,10/01/2023,3,528.52,LIVRE,RBA,Carte,LIV3,2023-01-13
CMD40255,CL0750,P048,Apr 21 2024,3,540.83,DONE,casa,Carte,LIV10,2024-04-23
CMD15358,CL0826,P006,13/04/2024,3,445.07,annulé,TNG,Carte,,
CMD48190,CL0986,P006,2023-05-24,4,1540.76,KO,TANGER,Carte,LIV6,
CMD12344,CL0351,P060,Mar 23 2023,4,1315.61,DONE,Agadir,Carte,LIV4,2023-03-26
CMD35645,CL0941,P097,Feb 03 2023,1,1714.6,DONE,CASABLANCA,Carte,LIV4,2023-02-04
CMD19452,CL0323,P013,2024-03-31,1,2312.01,livre,marrakech,Carte,LIV1,
CMD09516,CL0830,P088,2024-03-27,5,1648.48,livré,kech,Carte,LIV8,2024-03-30
CMD15742,CL0375,P019,Dec 02 2023,2,1606.28,annulé,TANGER,Carte,LIV8,
CMD38492,CL0666,P040,19/02/2024,4,2422.61,LIVRE,marrakech,Carte,LIV8,2024-02-23
CMD03630,CL0518,P045,25/10/2023,5,2784.66,livré,marrakech,Carte,LIV7,2023-10-29
CMD30569,CL0199,P100,2024-01-28,3,2809.24,annulé,RBA,Carte,LIV4,
CMD07578,CL0950,P082,25/12/2023,1,3776.5,KO,Agadir,Carte,LIV6,
CMD15367,CL0292,P020,06/03/2024,5,325.85,en_cours,Tnja,Carte,LIV8,
CMD24750,CL0226,P010,09/05/2023,4,4952.66,en_cours,marrakech,Carte,LIV6,
CMD08520,CL0435,P017,Mar 28 2023,2,2427.26,livré,CASABLANCA,Carte,LIV9,2023-04-01
CMD25978,CL0973,P070,2023-09-07,5,2272.96,livré,tanger,Carte,LIV5,2023-09-09
CMD06326,CL0929,P038,Feb 07 2023,1,1325.68,livré,Tnja,Carte,LIV2,2023-02-09
CMD19187,CL0326,P008,20/04/2023,3,2760.75,KO,casa,Carte,LIV6,
CMD27781,CL0775,P029,Sep 12 2023,4,1012.07,LIVRE,casa,Carte,LIV5,2023-09-17
CMD30569,CL0199,P100,2024-01-28,3,2809.24,annulé,RBA,Carte,LIV4,
CMD40244,CL0329,P042,Jan 28 2024,-1,1683.82,livre,tanger,Carte,LIV10,
CMD01263,CL0776,P007,2023-12-28,-1,2743.27,OK,casa,Carte,LIV8,
CMD03692,CL0541,P009,Jun 15 2023,4,2403.11,LIVRE,marrakech,Carte,LIV5,2023-06-17
CMD19009,CL0681,P051,21/11/2023,5,997.0,KO,CASABLANCA,Carte,LIV9,
CMD08901,CL0145,P037,Jan 15 2023,3,3625.13,OK,tanger,Carte,LIV3,
CMD11687,CL0438,P055,2023-06-19,5,2741.13,LIVRE,kech,Carte,LIV3,2023-06-20
CMD43369,CL0471,P098,Jul 24 2023,4,2469.83,livre,TNG,Carte,LIV9,
CMD16457,CL0661,P050,Feb 11 2024,3,3926.82,livré,tanger,Carte,LIV3,2024-02-15
CMD19658,CL0643,P018,Apr 05 2024,2,294.03,KO,tanger,Carte,,
CMD41504,CL0594,P088,08/06/2023,4,3471.2,livré,Agadir,Carte,LIV10,2023-06-11
CMD07330,CL0489,P080,09/09/2023,2,1168.1,retourné,CASABLANCA,Carte,LIV2,2023-09-14
CMD22411,CL0067,P066,2024-05-01,3,2605.04,en_cours,CASABLANCA,Carte,LIV6,
CMD05960,CL0765,P062,Nov 01 2023,4,81.0,livré,kech,Carte,LIV5,2023-11-06
CMD12620,CL0573,P070,2024-03-03,2,2134.07,annulé,kech,Carte,LIV5,
CMD27850,CL0113,P015,Aug 28 2023,2,3787.15,en_cours,TANGER,Carte,LIV4,
CMD03392,CL0007,P076,2023-08-23,5,1350.82,livre,tanger,Carte,LIV5,
CMD31686,CL0084,P013,Jul 26 2023,1,1104.7,KO,tanger,Carte,,
CMD00100,CL0219,P022,24/04/2024,1,4445.78,retourné,casa,Carte,,2024-04-28
CMD07208,CL0183,P020,2023-01-12,1,3173.62,livré,CASABLANCA,Carte,,2023-01-17
CMD17452,CL0316,P004,2023-01-05,3,1631.78,livre,marrakech,Carte,LIV4,
CMD09851,CL0559,P083,16/04/2023,3,4918.27,livré,RBA,Carte,LIV10,2023-04-20
CMD30833,CL0581,P066,21/04/2023,1,4212.45,livré,Tnja,Carte,LIV7,2023-04-23
CMD10776,CL0605,P048,2023-04-24,4,2616.81,livré,TANGER,Carte,LIV5,2023-04-27
CMD16313,CL0468,P045,30/10/2023,3,903.94,DONE,casa,Carte,LIV9,2023-11-02
CMD32314,CL0539,P051,Feb 29 2024,5,597.77,DONE,CASABLANCA,Carte,LIV8,2024-03-02
CMD07124,CL0070,P027,31/10/2023,5,4943.73,OK,TANGER,Carte,LIV10,
CMD15867,CL0266,P097,2024-01-31,5,2806.82,livré,Tnja,Carte,LIV6,2024-02-05
CMD40103,CL0021,P018,2023-07-19,1,2631.66,retourné,tanger,Carte,LIV5,2023-07-21
CMD28715,CL0631,P006,2024-01-12,1,207.1,livré,marrakech,Carte,LIV9,2024-01-14
CMD10584,CL0277,P015,13/11/2023,2,1896.8,livré,Tnja,Carte,LIV5,2023-11-17
CMD04356,CL0228,P094,21/01/2024,5,1866.53,DONE,TNG,Carte,LIV8,2024-01-22
CMD16511,CL0617,P023,09/01/2024,2,2715.16,livré,RBA,Carte,,2024-01-11
CMD29568,CL0800,P022,Jan 23 2023,3,4915.95,KO,casa,Carte,LIV1,
CMD39750,CL0256,P072,Jan 14 2024,2,4033.68,DONE,TANGER,Carte,LIV6,2024-01-18
CMD24216,CL0603,P010,2024-01-29,2,2461.02,KO,RBA,Carte,LIV6,
CMD10484,CL0501,P032,Apr 11 2023,4,4389.38,livré,TANGER,Carte,LIV5,2023-04-13
CMD18050,CL0056,P078,2023-11-30,5,4625.18,retourné,kech,Carte,LIV4,2023-12-04
CMD45427,CL0310,P019,Jul 05 2023,2,4682.74,livré,Tnja,Carte,LIV5,2023-07-06
CMD24161,CL0505,P014,May 14 2023,4,3538.42,annulé,CASABLANCA,Carte,LIV1,
CMD41044,CL0373,P037,Aug 11 2023,1,1195.45,livré,CASABLANCA,Carte,LIV4,2023-08-13
CMD18786,CL0084,P068,25/07/2023,4,4934.96,LIVRE,TANGER,Carte,,2023-07-27
CMD24920,CL0130,P012,07/05/2024,2,52.38,livre,Agadir,Carte,,
CMD06710,CL0432,P073,2024-01-29,2,2580.64,livré,Agadir,Carte,LIV1,2024-01-31
CMD07627,CL0869,P083,2023-02-05,1,661.36,OK,kech,Carte,LIV5,
CMD10027,CL0061,P015,2023-07-09,3,694.95,retourné,TNG,Carte,LIV5,2023-07-10
CMD10239,CL0094,P059,17/11/2023,2,207.85,livré,TNG,Carte,,2023-11-22
CMD24112,CL0567,P047,Jan 23 2023,1,4197.62,OK,Agadir,Carte,,
CMD00825,CL0682,P006,2023-03-29,2,3447.59,livre,RBA,Carte,LIV3,
CMD02381,CL0879,P049,2023-12-23,1,594.92,DONE,TANGER,Carte,LIV4,2023-12-24
CMD39737,CL0597,P054,Sep 10 2023,3,1662.66,OK,Tnja,Carte,LIV9,
CMD10269,CL0620,P071,2024-02-10,3,3764.38,annulé,RBA,Carte,LIV5,
CMD26775,CL0836,P090,06/05/2024,5,4617.4,livré,tanger,Carte,LIV7,2024-05-10
CMD35742,CL0659,P042,2023-09-05,4,2258.4,retourné,TANGER,Carte,LIV2,2023-09-09
CMD43585,CL0108,P003,2024-01-28,4,3747.4,livré,Agadir,Carte,LIV2,2024-02-01
CMD37465,CL0845,P098,27/04/2023,2,4483.17,OK,kech,Carte,LIV3,
CMD12073,CL0181,P098,2023-11-27,4,741.94,livré,Tnja,Carte,LIV7,2023-12-01
CMD47183,CL0651,P081,Jul 29 2023,5,4927.92,livré,Agadir,Carte,LIV6,2023-07-31
CMD46312,CL0342,P054,2023-08-27,3,3686.53,livré,Agadir,Carte,LIV8,2023-08-29
CMD29840,CL0897,P075,Jan 11 2024,4,4423.34,OK,TANGER,Carte,LIV1,
CMD29735,CL0612,P022,May 03 2024,2,0,DONE,Tnja,Carte,,2024-05-04
CMD44204,CL0957,P082,28/05/2023,3,4262.69,annulé,Tnja,Carte,LIV8,
CMD16770,CL0835,P044,17/02/2023,3,4458.74,LIVRE,RBA,Carte,LIV6,2023-02-19
CMD10177,CL0119,P029,09/11/2023,1,1749.55,OK,RBA,Carte,LIV6,
CMD46614,CL0787,P040,Sep 04 2023,1,1326.76,DONE,RBA,Carte,LIV7,2023-09-09
CMD29105,CL0547,P068,Nov 04 2023,4,4134.7,livre,TANGER,Carte,LIV4,
CMD02362,CL0490,P014,Mar 10 2024,2,819.26,livré,TNG,Carte,LIV2,2024-03-14
CMD03724,CL0690,P043,16/02/2024,1,3722.38,LIVRE,marrakech,Carte,LIV3,2024-02-17
CMD07833,CL0371,P064,30/10/2023,4,0,LIVRE,Tnja,Carte,LIV2,2023-11-03
CMD34091,CL0308,P023,2024-01-23,1,599.59,livré,tanger,Carte,LIV3,2024-01-28
CMD17772,CL0699,P061,2024-02-24,2,2542.62,OK,Tnja,Carte,LIV3,
CMD39512,CL0468,P032,2023-05-09,4,3565.04,annulé,TANGER,Carte,LIV3,
CMD00311,CL0968,P085,Jan 22 2023,3,4149.29,retourné,kech,Carte,LIV3,2023-01-23
CMD17395,CL0043,P086,Dec 04 2023,1,2111.33,annulé,marrakech,Carte,LIV4,
CMD17747,CL0884,P075,26/03/2024,2,4700.78,livré,RBA,Carte,LIV2,2024-03-30
CMD06087,CL0051,P044,22/09/2023,1,1141.09,livre,tanger,Carte,LIV10,
CMD41575,CL0542,P076,Apr 01 2024,4,1022.09,livré,RBA,Carte,LIV10,2024-04-05
CMD29982,CL0055,P012,08/05/2024,1,4786.15,livre,tanger,Carte,LIV3,
CMD25684,CL0695,P049,Jun 26 2023,5,2301.78,en_cours,casa,Carte,LIV1,
CMD02117,CL0085,P008,27/01/2024,4,3200.92,livré,tanger,Carte,,2024-02-01
CMD29713,CL0955,P093,2023-07-04,1,4466.25,retourné,kech,Carte,LIV4,2023-07-06
CMD06614,CL0193,P092,24/02/2023,1,4436.09,DONE,CASABLANCA,Carte,LIV5,2023-02-26
CMD11561,CL0885,P049,May 19 2023,1,4062.46,retourné,Tnja,Carte,LIV2,2023-05-20
CMD10094,CL0129,P017,May 31 2023,1,1234.65,en_cours,casa,Carte,LIV3,
CMD45431,CL0053,P046,21/11/2023,3,4452.15,annulé,casa,Carte,LIV9,
CMD06577,CL0791,P028,24/11/2023,3,2276.02,livré,TANGER,Carte,LIV7,2023-11-25
CMD27078,CL0555,P033,May 04 2023,4,1717.95,en_cours,casa,Carte,LIV1,
CMD10552,CL0617,P086,2023-07-22,3,1420.48,livré,RBA,Carte,LIV9,2023-07-26
CMD33446,CL0071,P082,25/03/2023,3,4834.83,OK,Agadir,Carte,LIV10,
CMD24832,CL0378,P082,07/05/2023,3,1472.46,livre,TNG,Carte,,
CMD30387,CL0184,P052,2024-04-25,4,1215.85,livré,Tnja,Carte,LIV3,2024-04-30
CMD40912,CL0261,P069,21/03/2023,5,2481.3,annulé,CASABLANCA,Carte,LIV8,
CMD00706,CL0766,P076,18/12/2023,3,147.97,en_cours,tanger,Carte,LIV10,
CMD01074,CL0564,P078,2023-08-20,4,4269.58,LIVRE,kech,Carte,LIV6,2023-08-25
CMD42419,CL0897,P069,03/03/2023,4,1672.95,livré,tanger,Carte,LIV7,2023-03-08
CMD28139,CL0472,P076,2023-01-11,4,3502.78,DONE,Tnja,Carte,LIV9,2023-01-13
CMD33171,CL0459,P068,Oct 12 2023,5,2892.56,OK,CASABLANCA,Carte,LIV4,
CMD02315,CL0120,P089,2024-01-23,1,3741.91,DONE,TNG,Carte,LIV7,2024-01-25
CMD24842,CL0274,P051,29/04/2024,3,1485.02,en_cours,tanger,Carte,LIV2,
CMD42976,CL0680,P057,2023-08-17,4,2001.87,annulé,marrakech,Carte,LIV7,
CMD11520,CL0042,P029,Jun 15 2023,4,3616.94,retourné,Tnja,Carte,LIV3,2023-06-17
CMD46846,CL0352,P078,2024-02-12,1,1684.65,OK,kech,Carte,LIV3,
CMD09314,CL0549,P079,Jan 02 2023,3,3575.65,OK,kech,Carte,LIV3,
CMD34354,CL0052,P083,2023-09-21,4,1342.75,livré,CASABLANCA,Carte,LIV6,2023-09-26
CMD19169,CL0403,P005,Mar 24 2024,3,0,livré,TNG,Carte,LIV8,2024-03-27
CMD41534,CL0432,P038,Nov 26 2023,3,3468.41,retourné,Tnja,Carte,LIV9,2023-11-29
CMD09672,CL0107,P059,Apr 12 2023,4,756.57,livre,TANGER,Carte,LIV5,
CMD39817,CL0719,P099,Jun 08 2023,3,4822.91,DONE,TNG,Carte,LIV6,2023-06-10
CMD25498,CL0110,P062,2023-05-14,5,3754.13,annulé,kech,Carte,LIV6,
CMD27516,CL0482,P013,2023-05-12,5,2098.8,en_cours,TANGER,Carte,LIV2,
CMD06484,CL0351,P030,Mar 18 2023,1,2149.39,livré,TNG,Carte,LIV8,2023-03-22
CMD12288,CL0503,P038,Jun 07 2023,5,2353.62,DONE,kech,Carte,LIV10,2023-06-12
CMD06738,CL0853,P005,18/10/2023,5,505.29,LIVRE,TNG,Carte,LIV1,2023-10-19
CMD48300,CL0372,P039,22/05/2023,3,4675.67,KO,RBA,Carte,LIV1,
CMD14870,CL0392,P034,14/01/2023,5,2250.04,annulé,TNG,Carte,,
CMD27371,CL0615,P076,Mar 30 2023,3,3464.32,KO,tanger,Carte,LIV5,
CMD21100,CL0075,P060,22/02/2024,1,1185.96,DONE,TANGER,Carte,LIV6,2024-02-24
CMD27508,CL0638,P057,04/02/2024,4,385.03,OK,TNG,Carte,LIV5,
CMD36185,CL0831,P039,08/01/2023,4,818.53,DONE,kech,Carte,LIV4,2023-01-10
CMD00740,CL0653,P026,12/03/2024,1,2870.32,livre,tanger,Carte,LIV2,
CMD00030,CL0209,P066,Mar 30 2024,1,2121.0,DONE,CASABLANCA,Carte,LIV10,2024-03-31
CMD44605,CL0906,P003,Apr 17 2023,5,2283.9,retourné,Tnja,Carte,LIV5,2023-04-19
CMD08799,CL0522,P076,2023-03-28,3,2412.33,DONE,marrakech,Carte,LIV2,2023-03-30
CMD47394,CL0285,P031,10/06/2023,2,1080.44,livré,CASABLANCA,Carte,LIV5,2023-06-13
CMD16977,CL0405,P021,09/04/2024,5,4625.67,DONE,Agadir,Carte,LIV2,2024-04-10
CMD13255,CL0465,P037,09/02/2024,1,3804.62,livré,Agadir,Carte,LIV2,2024-02-13
CMD18517,CL0443,P070,05/05/2024,2,853.03,LIVRE,RBA,Carte,LIV10,2024-05-06
CMD06895,CL0525,P038,2023-10-27,4,4728.53,LIVRE,tanger,Carte,LIV6,2023-10-31
CMD35544,CL0020,P053,07/07/2023,2,1691.42,KO,Tnja,Carte,LIV3,
CMD31981,CL0237,P055,2023-08-15,1,2128.02,OK,CASABLANCA,Carte,LIV9,
CMD25965,CL0276,P050,2023-12-15,4,3859.59,LIVRE,marrakech,Carte,LIV10,2023-12-20
CMD32932,CL0594,P017,17/05/2023,2,995.18,livre,TANGER,Carte,LIV4,
CMD17400,CL0171,P096,Feb 15 2024,5,444.8,retourné,kech,Carte,LIV8,2024-02-18
CMD42766,CL0921,P065,21/06/2023,2,4637.66,livré,casa,Carte,LIV2,2023-06-26
CMD11810,CL0550,P002,2024-05-02,3,4059.4,DONE,casa,Carte,LIV3,2024-05-05
CMD27659,CL0666,P023,Jan 02 2024,4,946.31,livré,Tnja,Carte,LIV2,2024-01-03
CMD39036,CL0456,P069,04/01/2024,2,1285.03,livré,TNG,Carte,LIV5,2024-01-08
CMD08958,CL0538,P089,Feb 03 2023,1,142.26,livré,kech,Carte,LIV3,2023-02-08
CMD40917,CL0761,P090,Mar 28 2023,4,166.96,livré,marrakech,Carte,LIV3,2023-04-02
CMD10538,CL0604,P001,Dec 10 2023,1,480.11,en_cours,CASABLANCA,Carte,LIV8,
CMD09089,CL0348,P059,2023-12-14,2,1411.65,livré,Tnja,Carte,LIV5,2023-12-19
CMD14382,CL0958,P022,Feb 08 2024,5,4346.65,livré,TNG,Carte,LIV9,2024-02-13
CMD13916,CL0995,P021,2023-12-30,5,3710.14,livré,TANGER,Carte,LIV5,2023-12-31
CMD12806,CL0735,P007,20/06/2023,1,1532.41,retourné,casa,Carte,LIV3,2023-06-22
CMD22303,CL0173,P045,2023-10-21,5,1322.21,livré,Tnja,Carte,LIV5,2023-10-26
CMD21597,CL0313,P067,Jul 26 2023,2,4327.54,DONE,casa,Carte,LIV8,2023-07-31
CMD31899,CL0804,P057,Feb 24 2023,4,1450.15,DONE,casa,Carte,LIV2,2023-03-01
CMD42499,CL0249,P057,Nov 28 2023,1,3839.99,en_cours,Agadir,Carte,LIV9,
CMD14857,CL0135,P037,26/04/2023,3,2238.01,LIVRE,RBA,Carte,LIV4,2023-04-28
CMD13766,CL0300,P029,19/05/2023,4,3827.91,annulé,tanger,Carte,LIV3,
CMD37613,CL0871,P004,Feb 21 2024,1,144.85,OK,TNG,Carte,LIV2,
CMD42759,CL0715,P012,2024-03-15,5,4270.38,livré,CASABLANCA,Carte,LIV1,2024-03-16
CMD00482,CL0940,P033,24/07/2023,2,2530.19,retourné,RBA,Carte,LIV8,2023-07-27
CMD18467,CL0602,P024,2024-01-07,1,698.23,en_cours,TANGER,Carte,LIV5,
CMD32653,CL0640,P044,11/08/2023,3,1206.17,livré,Tnja,Carte,LIV8,2023-08-15
CMD26421,CL0329,P024,Feb 20 2024,2,719.11,livre,TANGER,Carte,LIV4,
CMD36110,CL0232,P015,2023-10-27,1,1906.76,KO,TNG,Carte,LIV3,
CMD01891,CL0214,P072,01/10/2023,5,3806.26,KO,tanger,Carte,LIV7,
CMD17668,CL0275,P038,Sep 26 2023,1,4486.63,livre,TANGER,Carte,LIV1,
CMD37983,CL0915,P030,27/04/2024,2,1704.86,retourné,casa,Carte,LIV1,2024-04-30
CMD18820,CL0003,P084,05/04/2023,5,4078.21,DONE,RBA,Carte,LIV1,2023-04-08
CMD00485,CL0759,P074,Jul 09 2023,5,2424.09,LIVRE,marrakech,Carte,LIV2,2023-07-11
CMD17938,CL0626,P077,03/07/2023,5,4970.71,livré,casa,Carte,LIV8,2023-07-05
CMD16566,CL0935,P019,2024-01-22,3,1436.72,livré,casa,Carte,LIV6,2024-01-23
CMD06847,CL0295,P088,2023-03-30,4,1529.54,DONE,Tnja,Carte,LIV9,2023-04-02
CMD04355,CL0748,P048,23/09/2023,4,4761.64,DONE,Agadir,Carte,LIV4,2023-09-25
CMD09820,CL0957,P095,2023-01-05,5,223.32,OK,Tnja,Carte,LIV8,
CMD10099,CL0098,P017,16/05/2023,2,3301.15,annulé,Agadir,Carte,LIV10,
CMD24486,CL0325,P014,2023-10-21,5,1404.89,livre,TANGER,Carte,LIV3,
CMD17457,CL0013,P019,2024-03-09,1,4602.68,KO,CASABLANCA,Carte,LIV6,
CMD40156,CL0502,P089,Jul 25 2023,4,0,LIVRE,TANGER,Carte,LIV7,2023-07-30
CMD06000,CL0183,P060,2023-01-08,4,4487.96,livré,TANGER,Carte,LIV9,2023-01-11
CMD15014,CL0878,P066,2023-05-11,1,4073.51,retourné,tanger,Carte,LIV6,2023-05-12
CMD24435,CL0737,P095,Apr 17 2023,5,1264.43,LIVRE,Agadir,Carte,LIV10,2023-04-19
CMD11658,CL0940,P002,Jul 14 2023,2,3446.26,livre,Tnja,Carte,LIV1,
CMD05337,CL0630,P033,10/06/2023,3,2856.88,annulé,Agadir,Carte,LIV1,
CMD43919,CL0703,P028,2023-10-31,4,521.44,livré,TNG,Carte,LIV4,2023-11-01
CMD46300,CL0412,P087,2024-02-14,4,2766.12,livré,marrakech,Carte,LIV3,2024-02-17
CMD32114,CL0502,P097,15/03/2024,5,4164.54,livré,kech,Carte,LIV3,2024-03-17
CMD26666,CL0446,P064,2023-10-10,1,3185.51,livré,casa,Carte,LIV2,2023-10-11
CMD35903,CL0461,P013,Oct 14 2023,1,0,KO,Tnja,Carte,LIV1,
CMD13505,CL0602,P028,Apr 17 2024,2,3469.84,OK,TNG,Carte,LIV8,
CMD31570,CL0423,P010,19/06/2023,4,474.83,LIVRE,Agadir,Carte,LIV5,2023-06-20
CMD16857,CL0431,P059,2024-04-26,2,4852.82,livré,Agadir,Carte,,2024-04-28
CMD37315,CL0527,P004,2023-09-15,5,3296.26,en_cours,casa,Carte,LIV2,
CMD36884,CL0760,P058,2024-02-07,2,4630.09,livre,casa,Carte,LIV7,
CMD37113,CL0184,P037,Nov 24 2023,1,713.74,livre,tanger,Carte,LIV8,
CMD25578,CL0553,P002,2024-04-04,1,60.96,DONE,marrakech,Carte,LIV7,2024-04-07
CMD20796,CL0536,P004,Jan 24 2023,1,1679.48,annulé,TNG,Carte,LIV10,
CMD18425,CL0187,P074,Apr 07 2023,2,2830.97,DONE,kech,Carte,LIV7,2023-04-11
CMD16426,CL0237,P072,2023-12-03,3,1403.44,livré,CASABLANCA,Carte,LIV2,2023-12-07
CMD05973,CL0401,P066,Jan 28 2024,4,3776.55,livre,CASABLANCA,Carte,LIV4,
CMD29294,CL0100,P022,11/09/2023,1,955.13,livré,Agadir,Carte,LIV8,2023-09-12
CMD39167,CL0065,P058,Oct 31 2023,5,340.39,livré,RBA,Carte,LIV6,2023-11-03
CMD08069,CL0962,P077,Jun 19 2023,1,807.44,livré,casa,Carte,LIV3,2023-06-22
CMD17979,CL0792,P009,05/08/2023,3,1754.31,livré,CASABLANCA,Carte,,2023-08-10
CMD06956,CL0998,P001,Sep 30 2023,5,4045.32,LIVRE,RBA,Carte,LIV3,2023-10-04
CMD21111,CL0915,P067,21/06/2023,5,3724.0,retourné,casa,Carte,LIV2,2023-06-22
CMD11514,CL0359,P036,Jul 01 2023,5,4364.31,en_cours,marrakech,Carte,LIV3,
CMD40278,CL0730,P044,06/08/2023,4,2385.47,livre,RBA,Carte,LIV7,
CMD38438,CL0968,P089,2023-08-28,3,3436.07,livré,TNG,Carte,LIV8,2023-08-30
CMD31583,CL0604,P033,2023-09-24,2,752.56,livre,RBA,Carte,LIV6,
CMD43132,CL0482,P013,2023-08-01,5,2593.1,livre,kech,Carte,LIV4,
CMD11820,CL0382,P042,Apr 26 2024,2,872.55,en_cours,kech,Carte,,
CMD06441,CL0894,P034,2023-04-03,1,1810.12,livré,RBA,Carte,LIV9,2023-04-08
CMD09832,CL0203,P018,Jun 12 2023,1,647.19,livre,marrakech,Carte,LIV1,
CMD32853,CL0727,P022,04/08/2023,4,375.25,KO,CASABLANCA,Carte,LIV4,
CMD10606,CL0363,P045,2024-02-06,4,4623.78,livré,CASABLANCA,Carte,LIV6,2024-02-09
CMD01477,CL0957,P084,2024-02-15,2,2448.74,livré,kech,Carte,,2024-02-17
CMD07592,CL0559,P100,24/01/2024,4,2389.24,en_cours,tanger,Carte,LIV2,
CMD27740,CL0915,P055,2023-03-18,1,3918.49,en_cours,CASABLANCA,Carte,LIV8,
CMD37857,CL0744,P099,2024-04-11,4,3159.24,livré,marrakech,Carte,LIV3,2024-04-13
CMD06289,CL0230,P083,15/06/2023,2,3050.13,retourné,Agadir,Carte,LIV10,2023-06-18
CMD38267,CL0662,P041,Jul 22 2023,4,3074.37,LIVRE,kech,Carte,LIV10,2023-07-25
CMD07379,CL0526,P070,2023-01-06,1,1556.17,KO,tanger,Carte,LIV10,
CMD18338,CL0476,P044,07/05/2023,1,4134.12,livré,RBA,Carte,LIV8,2023-05-10
CMD26079,CL0849,P063,Mar 25 2023,4,3641.79,KO,Agadir,Carte,LIV7,
CMD43836,CL0520,P026,2023-12-07,1,4145.67,DONE,TNG,Carte,,2023-12-10
CMD21856,CL0602,P089,01/03/2023,5,3622.91,livré,casa,Carte,LIV3,2023-03-06
CMD11304,CL0617,P080,Dec 13 2023,5,4128.65,livré,TNG,Carte,LIV1,2023-12-15
CMD26964,CL0006,P020,Apr 16 2023,4,4572.24,OK,casa,Carte,LIV10,
CMD37545,CL0353,P042,2023-04-01,1,562.81,livré,casa,Carte,LIV10,2023-04-03
CMD27135,CL0293,P018,14/05/2024,1,1383.97,LIVRE,kech,Carte,LIV2,2024-05-19
CMD11320,CL0552,P075,Jan 26 2024,3,240.63,retourné,casa,Carte,LIV8,2024-01-27
CMD40604,CL0983,P008,Aug 16 2023,5,3500.05,DONE,CASABLANCA,Carte,LIV3,2023-08-20
CMD35050,CL0534,P041,Sep 24 2023,2,4940.24,annulé,marrakech,Carte,LIV3,
CMD08716,CL0923,P013,Apr 19 2023,4,1113.47,annulé,marrakech,Carte,LIV2,
CMD36716,CL0087,P046,Apr 27 2024,5,3060.65,livré,TANGER,Carte,LIV5,2024-04-28
CMD38883,CL0293,P069,2023-08-11,4,2705.96,DONE,Tnja,Carte,LIV1,2023-08-16
CMD20110,CL0278,P009,2024-04-20,5,0,livré,tanger,Carte,LIV6,2024-04-21
CMD11595,CL0872,P037,Oct 17 2023,2,4004.3,livré,marrakech,Carte,LIV10,2023-10-18
CMD34320,CL0200,P098,2024-05-10,4,3892.05,OK,TANGER,Carte,LIV10,
CMD41398,CL0499,P077,Feb 15 2024,2,2786.88,LIVRE,kech,Carte,LIV1,2024-02-19
CMD40658,CL0711,P002,May 02 2023,4,612.12,livré,Agadir,Carte,LIV5,2023-05-07
CMD31145,CL0993,P020,2023-07-29,2,4673.33,en_cours,TANGER,Carte,LIV6,
CMD15642,CL0101,P091,04/03/2024,2,1411.12,OK,kech,Carte,LIV7,
CMD12490,CL0869,P007,15/05/2023,5,1458.33,en_cours,casa,Carte,LIV2,
CMD44977,CL0196,P095,Aug 14 2023,4,573.97,LIVRE,kech,Carte,LIV6,2023-08-15
CMD29740,CL0533,P028,Jun 27 2023,5,3029.06,LIVRE,Agadir,Carte,LIV7,2023-07-01
CMD32717,CL0116,P009,2023-08-13,4,2786.22,OK,kech,Carte,LIV8,
CMD42427,CL0565,P065,17/07/2023,1,1242.01,KO,casa,Carte,LIV1,
CMD05691,CL0371,P026,2023-10-06,1,85.12,en_cours,kech,Carte,LIV7,
CMD11940,CL0727,P032,31/03/2024,3,1612.41,en_cours,casa,Carte,LIV2,
CMD21150,CL0206,P058,04/03/2024,1,2124.95,OK,tanger,Carte,LIV5,
CMD13551,CL0142,P023,Jan 23 2024,5,757.17,KO,casa,Carte,,
CMD17932,CL0578,P037,2024-02-26,4,4663.84,DONE,Agadir,Carte,LIV9,2024-02-28
CMD19114,CL0286,P029,2024-04-08,3,1625.38,livre,Tnja,Carte,,
CMD23317,CL0404,P060,Jan 24 2024,1,4369.21,annulé,casa,Carte,LIV2,
CMD04297,CL0399,P004,29/09/2023,5,3741.09,livré,CASABLANCA,Carte,LIV8,2023-10-03
CMD21187,CL0432,P054,17/07/2023,4,1311.22,livré,RBA,Carte,LIV10,2023-07-19
CMD14824,CL0640,P021,09/07/2023,5,1499.16,OK,tanger,Carte,LIV9,
CMD33125,CL0316,P043,Oct 05 2023,5,4461.98,OK,casa,Carte,LIV7,
CMD45480,CL0570,P038,Aug 30 2023,1,1960.93,DONE,TNG,Carte,LIV2,2023-09-03
CMD24972,CL0159,P033,2024-04-11,4,3520.73,OK,kech,Carte,LIV9,
CMD25372,CL0884,P007,Mar 09 2024,2,4525.14,LIVRE,TANGER,Carte,LIV1,2024-03-12
CMD23321,CL0656,P029,May 31 2023,1,1368.03,annulé,tanger,Carte,LIV2,
CMD26485,CL0097,P083,10/03/2024,3,227.89,KO,tanger,Carte,LIV2,
CMD26078,CL0053,P065,11/03/2023,3,0,LIVRE,marrakech,Carte,LIV6,2023-03-16
CMD34208,CL0818,P005,Jan 20 2024,1,2699.33,DONE,CASABLANCA,Carte,LIV10,2024-01-25
CMD45354,CL0766,P095,2024-03-09,4,4965.18,annulé,TANGER,Carte,LIV2,
CMD35767,CL0413,P022,16/03/2024,1,3020.16,KO,CASABLANCA,Carte,LIV6,
CMD01084,CL0983,P076,Nov 29 2023,2,2100.02,en_cours,Tnja,Carte,,
CMD04451,CL0722,P019,2023-10-20,3,4953.97,en_cours,RBA,Carte,LIV5,
CMD15560,CL0646,P061,2023-09-26,5,4339.38,livré,casa,Carte,LIV3,2023-09-29
CMD28069,CL0795,P098,Aug 10 2023,2,331.21,DONE,CASABLANCA,Carte,LIV4,2023-08-11
CMD32096,CL0242,P070,17/03/2023,1,2855.61,livré,CASABLANCA,Carte,LIV6,2023-03-20
CMD23848,CL0498,P059,2024-03-27,5,749.17,annulé,RBA,Carte,LIV5,
CMD17861,CL0215,P054,2024-03-11,5,1172.15,OK,Agadir,Carte,LIV6,
CMD11544,CL0207,P084,23/08/2023,3,2322.5,en_cours,marrakech,Carte,LIV9,
CMD00256,CL0419,P017,02/03/2024,4,3786.75,livré,casa,Carte,LIV3,2024-03-06
CMD42273,CL0207,P018,08/04/2023,5,2842.57,livré,tanger,Carte,LIV10,2023-04-10
CMD27966,CL0878,P049,24/12/2023,5,1172.87,livré,RBA,Carte,LIV3,2023-12-27
CMD21676,CL0343,P026,26/03/2024,3,1663.1,livre,RBA,Carte,LIV3,
CMD37710,CL0368,P061,2024-01-12,5,4832.39,LIVRE,RBA,Carte,LIV10,2024-01-13
CMD25102,CL0019,P032,2023-04-28,5,4288.45,livre,TANGER,Carte,LIV8,
CMD26206,CL0441,P024,Jan 19 2023,2,1794.42,livré,tanger,Carte,LIV8,2023-01-22
CMD18918,CL0242,P094,Jul 12 2023,5,2484.68,DONE,RBA,Carte,LIV5,2023-07-14
CMD46632,CL0083,P001,16/04/2024,3,4363.07,livré,TANGER,Carte,LIV4,2024-04-17
CMD25020,CL0893,P043,16/02/2023,2,2060.3,en_cours,casa,Carte,LIV7,
CMD43589,CL0097,P013,May 01 2024,1,2705.45,annulé,tanger,Carte,,
CMD32139,CL0980,P074,21/01/2024,5,2506.53,retourné,kech,Carte,LIV2,2024-01-23
CMD35785,CL0325,P066,2023-05-06,3,2023.42,OK,marrakech,Carte,LIV8,
CMD37732,CL0397,P049,2023-10-07,1,2610.4,annulé,CASABLANCA,Carte,LIV10,
CMD19617,CL0645,P080,2023-06-08,2,88.9,livré,TNG,Carte,LIV8,2023-06-11
CMD17000,CL0806,P001,2023-06-08,1,2590.38,OK,marrakech,Carte,LIV1,
CMD20614,CL0938,P071,2023-09-14,2,4839.7,OK,kech,Carte,,
CMD05085,CL0417,P016,07/02/2024,2,4104.73,en_cours,CASABLANCA,Carte,LIV3,
CMD28118,CL0860,P068,Apr 04 2023,4,4160.51,livré,tanger,Carte,LIV2,2023-04-07
CMD26048,CL0355,P052,2023-11-13,1,2567.32,LIVRE,casa,Carte,LIV5,2023-11-18
CMD20002,CL0630,P062,Sep 18 2023,3,1596.96,KO,casa,Carte,LIV8,
CMD01324,CL0729,P091,2023-05-23,4,723.48,en_cours,kech,Carte,LIV5,
CMD39732,CL0337,P030,17/12/2023,5,4349.29,annulé,RBA,Carte,LIV8,
CMD20916,CL0057,P041,Feb 23 2024,4,0,en_cours,kech,Carte,LIV10,
CMD39199,CL0682,P085,10/09/2023,1,3727.81,KO,tanger,Carte,LIV8,
CMD46806,CL0362,P029,Oct 24 2023,5,2021.0,LIVRE,RBA,Carte,LIV6,2023-10-25
CMD06850,CL0908,P025,2024-02-24,5,3422.89,OK,casa,Carte,LIV7,
CMD48467,CL0328,P030,2023-03-28,4,2700.57,DONE,TANGER,Carte,LIV9,2023-03-31
CMD00203,CL0521,P062,Jun 30 2023,3,2545.32,livré,Tnja,Carte,LIV6,2023-07-05
CMD28880,CL0772,P049,31/12/2023,4,1068.8,DONE,TANGER,Carte,LIV8,2024-01-01
CMD11374,CL0741,P007,Oct 09 2023,5,742.44,retourné,marrakech,Carte,,2023-10-13
CMD30519,CL0053,P073,2024-04-17,5,2008.14,retourné,kech,Carte,LIV4,2024-04-18
CMD13330,CL0534,P033,Sep 18 2023,2,2791.45,retourné,CASABLANCA,Carte,LIV9,2023-09-20
CMD25724,CL0908,P095,2023-01-08,3,2511.44,livre,CASABLANCA,Carte,LIV1,
CMD37718,CL0621,P045,12/02/2023,1,4813.79,LIVRE,TANGER,Carte,LIV2,2023-02-15
CMD00549,CL0049,P065,18/01/2024,2,454.31,retourné,TANGER,Carte,LIV2,2024-01-19
CMD26471,CL0145,P087,03/02/2023,3,2882.82,livré,TNG,Carte,LIV10,2023-02-04
CMD19288,CL0753,P032,2024-01-24,1,0,OK,Agadir,Carte,,
CMD17368,CL0599,P043,09/10/2023,1,1261.16,retourné,TANGER,Carte,LIV3,2023-10-13
CMD10203,CL0744,P068,15/01/2024,5,3614.71,DONE,RBA,Carte,LIV2,2024-01-19
CMD32690,CL0405,P043,30/01/2024,1,1783.17,livré,TNG,Carte,LIV7,2024-02-02
CMD30538,CL0818,P014,May 02 2023,1,422.11,livré,TNG,Carte,LIV2,2023-05-05
CMD24051,CL0923,P010,24/11/2023,5,4071.85,OK,TNG,Carte,LIV8,
CMD07990,CL0269,P082,Jul 02 2023,3,823.85,annulé,CASABLANCA,Carte,LIV3,
CMD07150,CL0132,P003,Apr 17 2024,5,379.47,annulé,TNG,Carte,LIV9,
CMD45409,CL0447,P092,18/01/2024,2,3806.7,annulé,kech,Carte,LIV7,
CMD09598,CL0172,P038,2023-01-29,1,1799.35,retourné,TANGER,Carte,LIV3,2023-02-01
CMD46335,CL0915,P098,2023-02-16,5,3692.63,OK,Agadir,Carte,LIV2,
CMD41722,CL0994,P087,Jul 21 2023,2,2263.94,en_cours,RBA,Carte,LIV7,
CMD46446,CL0312,P008,04/12/2023,1,3482.78,LIVRE,casa,Carte,LIV8,2023-12-09
CMD02682,CL0295,P005,08/02/2024,1,3587.96,en_cours,TNG,Carte,LIV8,
CMD39176,CL0324,P031,Oct 19 2023,5,313.64,annulé,TANGER,Carte,LIV4,
CMD38842,CL0489,P048,Nov 21 2023,4,2053.07,annulé,CASABLANCA,Carte,LIV3,
CMD11838,CL0501,P015,2023-10-09,5,1649.59,annulé,Tnja,Carte,LIV2,
CMD35301,CL0208,P054,Jan 14 2024,2,1114.26,livré,TANGER,Carte,LIV2,2024-01-16
CMD12437,CL0061,P085,Jun 17 2023,1,1495.18,en_cours,RBA,Carte,LIV8,
CMD20370,CL0170,P089,31/07/2023,1,4017.92,livre,TANGER,Carte,LIV8,
CMD23158,CL0655,P063,May 29 2023,1,2758.83,livré,tanger,Carte,LIV9,2023-05-30
CMD19188,CL0005,P072,Nov 21 2023,3,3476.16,livre,TANGER,Carte,LIV4,
CMD35901,CL0133,P003,14/05/2024,4,3670.7,annulé,Tnja,Carte,LIV3,
CMD06124,CL0928,P071,08/01/2023,2,0,livré,marrakech,Carte,LIV5,2023-01-11
CMD27357,CL0759,P098,2023-06-08,3,1023.44,LIVRE,TNG,Carte,LIV9,2023-06-12
CMD23492,CL0011,P019,2023-11-17,3,4378.34,en_cours,Tnja,Carte,LIV3,
CMD13540,CL0762,P019,2024-04-16,1,550.41,livré,RBA,Carte,LIV9,2024-04-17
CMD32875,CL0496,P095,10/03/2024,3,4358.81,DONE,tanger,Carte,LIV7,2024-03-12
CMD43299,CL0590,P003,Jan 12 2023,2,4421.97,DONE,marrakech,Carte,LIV3,2023-01-17
CMD39035,CL0977,P027,28/12/2023,5,2594.82,livré,marrakech,Carte,LIV8,2024-01-01
CMD24860,CL0123,P051,30/06/2023,3,4500.66,livré,Agadir,Carte,LIV3,2023-07-05
CMD20017,CL0663,P027,02/05/2023,2,1060.94,KO,RBA,Carte,LIV3,
CMD24475,CL0515,P087,Jun 19 2023,1,3437.68,annulé,RBA,Carte,LIV9,
CMD16146,CL0813,P080,Feb 22 2023,2,4028.26,livre,casa,Carte,LIV9,
CMD39171,CL0004,P096,21/01/2023,4,3801.38,OK,Tnja,Carte,LIV10,
CMD03906,CL0461,P056,2023-04-06,3,3910.5,livré,kech,Carte,LIV3,2023-04-11
CMD40584,CL0475,P046,2023-09-02,2,4429.57,KO,TANGER,Carte,LIV3,
CMD37246,CL0225,P037,22/05/2023,2,4959.8,livre,casa,Carte,LIV5,
CMD04731,CL0614,P046,May 09 2024,5,3322.87,OK,tanger,Carte,LIV7,
CMD23644,CL0081,P090,2023-11-15,1,857.58,retourné,Agadir,Carte,LIV2,2023-11-16
CMD35058,CL0705,P023,20/02/2024,1,1679.22,DONE,kech,Carte,LIV6,2024-02-25
CMD12999,CL0972,P036,Mar 13 2023,3,566.88,en_cours,casa,Carte,LIV8,
CMD28454,CL0212,P046,07/04/2023,4,1903.09,livré,Tnja,Carte,LIV8,2023-04-10
CMD20294,CL0658,P098,Dec 13 2023,3,4246.85,livré,casa,Carte,LIV7,2023-12-14
CMD14217,CL0249,P066,12/11/2023,4,980.21,DONE,marrakech,Carte,LIV9,2023-11-15
CMD25482,CL0204,P008,10/07/2023,4,3048.2,en_cours,TANGER,Carte,LIV5,
CMD09570,CL0081,P081,23/03/2023,5,2246.09,livré,TNG,Carte,,2023-03-25
CMD14389,CL0471,P053,24/05/2023,1,3907.89,livré,tanger,Carte,LIV7,2023-05-25
CMD09094,CL0533,P026,01/09/2023,3,4561.28,en_cours,TANGER,Carte,LIV1,
CMD42985,CL0596,P069,25/03/2023,1,4491.06,OK,TNG,Carte,LIV3,
CMD30186,CL0925,P011,2023-12-07,3,4153.28,annulé,TANGER,Carte,LIV10,
CMD35091,CL0703,P059,Jan 01 2024,5,1334.0,DONE,RBA,Carte,LIV4,2024-01-02
CMD32287,CL0891,P021,Feb 14 2023,4,3738.21,en_cours,CASABLANCA,Carte,LIV2,
CMD01748,CL0162,P076,Jan 30 2023,3,3661.69,retourné,casa,Carte,LIV2,2023-02-04
CMD21012,CL0917,P044,Jun 19 2023,3,134.59,livré,RBA,Carte,LIV10,2023-06-23
CMD28919,CL0978,P034,2023-07-22,4,1770.31,livré,TNG,Carte,LIV10,2023-07-24
CMD33767,CL0724,P042,Oct 27 2023,4,2908.52,livré,Tnja,Carte,LIV1,2023-10-31
CMD24790,CL0571,P055,Jan 16 2024,5,2916.32,annulé,Agadir,Carte,LIV6,
CMD41873,CL0911,P075,25/03/2024,1,3002.63,en_cours,Tnja,Carte,LIV9,
CMD38681,CL0294,P024,2024-01-04,5,54.46,livré,CASABLANCA,Carte,LIV1,2024-01-09
CMD34285,CL0775,P005,Jun 19 2023,2,977.56,livré,tanger,Carte,LIV10,2023-06-22
CMD21918,CL0658,P088,2024-02-19,5,4173.53,retourné,Agadir,Carte,,2024-02-22
CMD27439,CL0806,P009,23/07/2023,5,287.06,KO,tanger,Carte,LIV4,
CMD11857,CL0007,P066,Nov 24 2023,5,3641.67,KO,casa,Carte,LIV10,
CMD03992,CL0832,P093,Oct 30 2023,2,1012.71,DONE,Agadir,Carte,LIV9,2023-11-03
CMD19066,CL0146,P034,Jun 12 2023,2,2351.64,DONE,casa,Carte,LIV3,2023-06-15
CMD13426,CL0415,P036,May 31 2023,3,638.24,livré,CASABLANCA,Carte,LIV1,2023-06-02
CMD32539,CL0410,P005,Jan 31 2024,2,3568.7,DONE,CASABLANCA,Carte,LIV4,2024-02-01
CMD17986,CL0746,P001,16/01/2024,1,3828.89,annulé,tanger,Carte,,
CMD25572,CL0195,P071,2023-06-23,2,0,OK,TNG,Carte,LIV3,
CMD27046,CL0500,P093,2023-01-17,3,3802.86,en_cours,Tnja,Carte,LIV10,
CMD38896,CL0394,P009,22/12/2023,4,2665.47,LIVRE,TNG,Carte,LIV5,2023-12-27
CMD31924,CL0848,P069,18/02/2023,2,387.46,en_cours,TNG,Carte,LIV2,
CMD33673,CL0130,P051,2023-07-24,4,2162.51,annulé,TNG,Carte,LIV3,
CMD10665,CL0619,P033,09/01/2023,1,4332.88,livré,tanger,Carte,LIV10,2023-01-10
CMD28339,CL0775,P033,02/02/2023,1,458.68,en_cours,tanger,Carte,,
CMD11375,CL0248,P045,04/04/2023,5,4119.79,annulé,casa,Carte,LIV3,
CMD19749,CL0777,P001,2023-02-07,2,2136.06,DONE,TNG,Carte,LIV3,2023-02-10
CMD14850,CL0370,P011,Apr 24 2024,3,4303.7,LIVRE,TNG,Carte,LIV3,2024-04-28
CMD22802,CL0310,P033,2023-03-21,3,4973.59,DONE,TANGER,Carte,LIV1,2023-03-26
CMD06419,CL0946,P037,2024-02-20,2,3994.91,KO,tanger,Carte,LIV5,
CMD08574,CL0742,P016,2023-08-04,2,1874.18,livré,TNG,Carte,,2023-08-07
CMD35171,CL0924,P091,Jun 27 2023,1,4423.87,annulé,casa,Carte,,
CMD10780,CL0789,P097,2023-02-06,5,1491.6,retourné,kech,Carte,,2023-02-07
CMD06836,CL0697,P036,2023-03-01,1,1777.06,LIVRE,tanger,Carte,,2023-03-04
CMD18092,CL0631,P059,Aug 29 2023,2,237.47,livré,Agadir,Carte,LIV1,2023-09-03
CMD43353,CL0929,P056,May 18 2023,2,141.67,en_cours,tanger,Carte,LIV10,
CMD29013,CL0182,P005,Mar 15 2024,4,3376.78,livré,RBA,Carte,LIV1,2024-03-18
CMD48224,CL0580,P046,28/06/2023,5,691.02,livré,RBA,Carte,LIV1,2023-07-03
CMD08404,CL0511,P040,Nov 17 2023,3,4576.01,livré,Agadir,Carte,LIV6,2023-11-22
CMD46154,CL0458,P090,03/01/2024,2,4316.73,retourné,casa,Carte,LIV6,2024-01-05
CMD02761,CL0140,P097,04/05/2023,4,2000.29,livré,TANGER,Carte,,2023-05-09
CMD29173,CL0836,P092,Nov 02 2023,3,3828.54,livré,TANGER,Carte,LIV8,2023-11-05
CMD25431,CL0434,P098,28/11/2023,2,2987.26,retourné,tanger,Carte,LIV6,2023-12-03
CMD43897,CL0336,P007,25/09/2023,1,537.06,KO,RBA,Carte,,
CMD20424,CL0716,P091,22/04/2024,2,3779.2,livré,casa,Carte,,2024-04-23
CMD28575,CL0990,P078,Feb 03 2023,2,1854.72,LIVRE,tanger,Carte,LIV6,2023-02-06
CMD03413,CL0978,P048,Feb 17 2024,2,1086.78,livré,marrakech,Carte,LIV7,2024-02-22
CMD30925,CL0438,P052,07/01/2024,4,503.47,retourné,Agadir,Carte,LIV2,2024-01-11
CMD42667,CL0328,P051,Oct 12 2023,5,4540.96,livré,Agadir,Carte,LIV2,2023-10-15
CMD13383,CL0612,P063,2023-04-17,4,891.07,livré,RBA,Carte,LIV3,2023-04-22
CMD28221,CL0444,P064,05/09/2023,1,3434.45,en_cours,TNG,Carte,LIV9,
CMD12095,CL0903,P073,02/05/2024,2,3908.96,en_cours,CASABLANCA,Carte,LIV9,
CMD35578,CL0564,P027,08/04/2024,5,2598.51,livre,RBA,Carte,LIV9,
CMD40106,CL0517,P096,2024-03-26,5,926.49,retourné,marrakech,Carte,LIV10,2024-03-30
CMD27547,CL0538,P052,Apr 21 2024,1,1954.57,retourné,tanger,Carte,LIV1,2024-04-25
CMD42948,CL0594,P047,Jan 26 2024,3,1197.09,en_cours,kech,Carte,LIV9,
CMD21770,CL0651,P071,Mar 30 2023,2,2015.41,livre,Agadir,Carte,LIV5,
CMD09945,CL0658,P001,May 06 2023,5,2738.58,livré,CASABLANCA,Carte,,2023-05-09
CMD01951,CL0788,P073,Feb 10 2024,1,674.61,DONE,CASABLANCA,Carte,LIV3,2024-02-15
CMD17518,CL0864,P039,2023-02-10,1,2725.36,KO,Agadir,Carte,LIV3,
CMD29243,CL0180,P047,2024-04-06,5,1863.27,livré,marrakech,Carte,,2024-04-08
CMD25709,CL0736,P017,02/01/2023,4,1847.22,retourné,casa,Carte,LIV3,2023-01-04
CMD36974,CL0779,P089,26/02/2023,3,2183.69,retourné,casa,Carte,LIV1,2023-03-03
CMD07748,CL0124,P069,18/10/2023,3,2000.28,en_cours,TNG,Carte,LIV7,
CMD40430,CL0743,P078,Mar 07 2023,4,129.02,DONE,tanger,Carte,LIV5,2023-03-08
CMD33868,CL0367,P011,22/02/2024,3,3716.59,KO,CASABLANCA,Carte,LIV9,
CMD24422,CL0902,P060,2023-11-10,2,765.84,OK,RBA,Carte,LIV9,
CMD10412,CL0955,P099,Dec 15 2023,2,4869.92,retourné,TANGER,Carte,LIV4,2023-12-18
CMD41210,CL0078,P087,Mar 01 2024,4,2799.98,livré,TNG,Carte,,2024-03-04
CMD22374,CL0117,P059,21/08/2023,4,1930.88,LIVRE,casa,Carte,LIV10,2023-08-23
CMD33173,CL0271,P089,Mar 27 2024,1,866.51,DONE,TANGER,Carte,LIV8,2024-03-30
CMD06561,CL0563,P023,29/06/2023,2,1858.72,livré,kech,Carte,LIV3,2023-07-02
CMD04794,CL0538,P099,2023-03-05,3,4209.02,LIVRE,tanger,Carte,LIV3,2023-03-06
CMD34854,CL0891,P010,May 16 2023,5,4048.27,livré,Tnja,Carte,LIV9,2023-05-18
CMD46211,CL0142,P058,02/08/2023,5,1437.81,livré,tanger,Carte,LIV8,2023-08-07
CMD34403,CL0791,P080,2023-02-06,4,2949.58,livré,marrakech,Carte,LIV9,2023-02-10
CMD20094,CL0246,P091,May 06 2024,1,4422.88,DONE,marrakech,Carte,LIV2,2024-05-11
CMD45798,CL0309,P081,06/01/2024,3,3302.3,OK,casa,Carte,LIV5,
CMD03745,CL0166,P009,28/09/2023,2,2454.55,livre,TNG,Carte,LIV4,
CMD40637,CL0065,P038,Sep 24 2023,5,2697.95,livré,casa,Carte,,2023-09-25
CMD16132,CL0126,P064,10/05/2023,1,761.17,livré,TANGER,Carte,LIV4,2023-05-14
CMD29764,CL0522,P055,28/06/2023,2,2633.77,LIVRE,RBA,Carte,LIV9,2023-06-29
CMD05387,CL0955,P077,Dec 29 2023,1,1212.81,annulé,Agadir,Carte,LIV4,
CMD42945,CL0352,P052,2023-08-29,5,189.07,annulé,marrakech,Carte,LIV4,
CMD06720,CL0505,P055,2023-01-13,2,3723.48,DONE,casa,Carte,LIV5,2023-01-18
CMD00255,CL0939,P069,18/05/2023,4,843.21,livré,marrakech,Carte,LIV2,2023-05-23
CMD33884,CL0301,P082,Aug 22 2023,1,2963.18,LIVRE,CASABLANCA,Carte,LIV7,2023-08-26
CMD02375,CL0821,P056,2024-04-24,4,3660.06,LIVRE,Agadir,Carte,LIV7,2024-04-28
CMD14742,CL0484,P066,23/05/2023,3,661.03,LIVRE,Agadir,Carte,LIV2,2023-05-28
CMD17672,CL0914,P088,09/01/2023,1,2583.16,KO,kech,Carte,,
CMD13547,CL0873,P013,Jan 27 2023,1,2913.51,OK,kech,Carte,LIV10,
CMD18713,CL0089,P048,07/02/2024,3,2542.22,annulé,TANGER,Carte,LIV1,
CMD10930,CL0756,P088,2023-03-18,2,4089.04,annulé,tanger,Carte,LIV2,
CMD11324,CL0858,P046,2023-12-22,5,2830.4,annulé,RBA,Carte,LIV2,
CMD36785,CL0758,P051,Dec 01 2023,5,0,livré,tanger,Carte,LIV1,2023-12-06
CMD21301,CL0829,P048,2023-07-31,4,2605.3,livré,CASABLANCA,Carte,LIV9,2023-08-01
CMD12805,CL0178,P084,Jan 28 2024,3,1550.52,LIVRE,kech,Carte,LIV8,2024-02-01
CMD09840,CL0775,P036,13/09/2023,4,2095.41,livré,Agadir,Carte,LIV1,2023-09-17
CMD37677,CL0510,P013,10/12/2023,4,429.38,retourné,TNG,Carte,LIV9,2023-12-12
CMD18482,CL0989,P020,2023-09-01,1,3535.26,OK,Tnja,Carte,LIV3,
CMD33619,CL0980,P051,Jan 06 2023,5,1334.53,OK,CASABLANCA,Carte,LIV1,
CMD36945,CL0281,P011,Jan 20 2023,3,1480.55,OK,marrakech,Carte,LIV1,
CMD47634,CL0418,P003,Oct 08 2023,3,3300.42,livre,tanger,Carte,LIV4,
CMD21327,CL0276,P068,Aug 20 2023,1,2390.77,livre,casa,Carte,LIV3,
CMD41037,CL0798,P027,2023-07-04,1,1989.86,LIVRE,Agadir,Carte,,2023-07-09
CMD33960,CL0472,P083,2023-04-19,5,3027.17,livré,CASABLANCA,Carte,LIV5,2023-04-23
CMD40205,CL0819,P077,Oct 14 2023,5,1937.86,en_cours,TANGER,Carte,LIV6,
CMD24888,CL0648,P038,27/01/2024,4,2651.26,livré,casa,Carte,LIV8,2024-02-01
CMD17287,CL0316,P046,2023-03-08,3,1177.28,livré,Agadir,Carte,LIV5,2023-03-09
CMD35609,CL0245,P085,16/02/2024,4,4304.46,OK,Tnja,Carte,LIV3,
CMD23738,CL0478,P009,2024-04-13,1,751.98,retourné,CASABLANCA,Carte,LIV2,2024-04-16
CMD29617,CL0141,P040,2024-04-03,3,2329.78,LIVRE,marrakech,Carte,LIV5,2024-04-08
CMD26315,CL0189,P027,01/02/2023,3,3787.02,annulé,kech,Carte,LIV3,
CMD19247,CL0270,P025,2023-10-06,1,0,LIVRE,CASABLANCA,Carte,LIV1,2023-10-11
CMD09744,CL0096,P002,03/08/2023,4,3017.16,retourné,TNG,Carte,LIV8,2023-08-08
CMD00913,CL0879,P036,Aug 22 2023,2,835.23,livré,TANGER,Carte,,2023-08-24
CMD16991,CL0712,P052,2023-08-29,5,4733.42,OK,casa,Carte,LIV10,
CMD28953,CL0654,P035,2024-03-12,2,2395.4,LIVRE,tanger,Carte,LIV8,2024-03-16
CMD03752,CL0759,P036,22/03/2023,1,469.32,annulé,marrakech,Carte,LIV9,
CMD28409,CL0026,P067,14/10/2023,3,1697.29,DONE,TANGER,Carte,LIV7,2023-10-16
CMD11687,CL0438,P055,2023-06-19,5,2741.13,LIVRE,kech,Carte,LIV3,2023-06-20
CMD17436,CL0805,P099,May 02 2023,3,4372.34,livre,marrakech,Carte,LIV5,
CMD30303,CL0252,P063,17/03/2023,1,3466.37,livré,CASABLANCA,Carte,LIV4,2023-03-20
CMD24158,CL0161,P038,08/04/2023,1,3493.48,retourné,Agadir,Carte,LIV9,2023-04-09
CMD32101,CL0470,P082,Jul 17 2023,4,2994.64,en_cours,casa,Carte,LIV8,
CMD03043,CL0076,P083,2023-02-03,4,1617.22,DONE,marrakech,Carte,LIV9,2023-02-06
CMD05735,CL0911,P069,2023-09-18,2,2314.75,KO,CASABLANCA,Carte,LIV10,
CMD12592,CL0739,P043,09/07/2023,4,1807.15,annulé,Agadir,Carte,LIV8,
CMD39288,CL0481,P027,17/03/2023,3,1213.83,DONE,RBA,Carte,LIV3,2023-03-19
CMD24143,CL0101,P065,2023-02-13,2,4843.28,retourné,marrakech,Carte,LIV10,2023-02-17
CMD45875,CL0732,P090,Oct 22 2023,3,1658.74,livre,TNG,Carte,LIV1,
CMD22671,CL0816,P044,19/10/2023,1,4755.38,retourné,casa,Carte,LIV7,2023-10-23
CMD15596,CL0654,P049,Jan 27 2023,3,3134.03,livré,RBA,Carte,LIV9,2023-01-30
CMD39849,CL0860,P088,2024-04-26,1,2060.07,en_cours,marrakech,Carte,LIV3,
CMD40579,CL0027,P008,19/03/2024,1,3154.87,LIVRE,TNG,Carte,LIV10,2024-03-24
CMD05663,CL0208,P046,2024-04-22,1,3105.79,DONE,TANGER,Carte,LIV1,2024-04-25
CMD15513,CL0656,P091,10/05/2024,1,1567.23,KO,CASABLANCA,Carte,LIV8,
CMD39310,CL0232,P065,2023-11-27,2,1443.22,livré,tanger,Carte,LIV3,2023-11-30
CMD27964,CL0033,P098,Feb 06 2023,5,3906.17,LIVRE,TANGER,Carte,,2023-02-08
CMD37068,CL0041,P005,28/08/2023,2,4153.09,annulé,marrakech,Carte,LIV4,
CMD36510,CL0548,P044,Sep 22 2023,3,928.02,livre,marrakech,Carte,LIV7,
CMD46680,CL0141,P026,2023-08-15,2,473.47,annulé,CASABLANCA,Carte,LIV8,
CMD34184,CL0554,P036,2023-08-15,4,926.63,OK,Tnja,Carte,LIV5,
CMD24122,CL0448,P010,25/12/2023,1,1576.83,annulé,CASABLANCA,Carte,LIV7,
CMD16678,CL0256,P003,2023-08-15,4,2056.06,livre,casa,Carte,,
CMD41561,CL0939,P037,2023-09-12,3,3464.26,livré,TNG,Carte,LIV7,2023-09-17
CMD02566,CL0026,P034,11/10/2023,3,618.56,KO,marrakech,Carte,LIV10,
CMD00026,CL0314,P092,May 29 2023,1,2560.54,annulé,Agadir,Carte,LIV2,
CMD03110,CL0478,P055,11/03/2024,3,1248.37,en_cours,casa,Carte,,
CMD44272,CL0456,P078,09/09/2023,2,4740.59,OK,marrakech,Carte,LIV1,
CMD08999,CL0324,P064,2024-02-06,4,1286.8,livré,casa,Carte,LIV7,2024-02-09
CMD42896,CL0518,P060,May 21 2023,3,1170.46,OK,marrakech,Carte,,
CMD22603,CL0545,P029,Sep 29 2023,2,665.22,en_cours,CASABLANCA,Carte,LIV7,
CMD33370,CL0315,P070,2023-01-25,5,1802.08,LIVRE,marrakech,Carte,LIV5,2023-01-27
CMD29543,CL0943,P062,Jan 27 2023,4,3694.62,OK,tanger,Carte,LIV8,
CMD38780,CL0688,P084,2023-04-21,5,2809.38,en_cours,marrakech,Carte,LIV1,
CMD46139,CL0943,P013,27/07/2023,3,3505.66,livre,marrakech,Carte,LIV8,
CMD24711,CL0960,P063,26/03/2024,3,2473.54,DONE,CASABLANCA,Carte,LIV6,2024-03-30
CMD01005,CL0359,P031,Apr 29 2024,4,934.93,OK,RBA,Carte,LIV1,
CMD09305,CL0328,P067,2023-06-02,3,68.45,livré,Tnja,Carte,LIV7,2023-06-03
CMD12227,CL0232,P010,Dec 29 2023,2,4097.11,livré,Agadir,Carte,LIV2,2024-01-03
CMD40595,CL0343,P089,Feb 26 2024,3,615.02,LIVRE,tanger,Carte,LIV9,2024-02-27
CMD02080,CL0099,P078,2023-03-06,2,81.97,KO,marrakech,Carte,LIV10,
CMD28497,CL0086,P056,2023-05-03,2,3575.92,OK,casa,Carte,LIV1,
CMD43790,CL0053,P091,2023-02-08,2,2255.98,OK,TNG,Carte,LIV4,
CMD44895,CL0660,P018,2024-02-04,2,3233.29,annulé,CASABLANCA,Carte,LIV9,
CMD08832,CL0942,P050,2024-05-10,1,3454.61,livré,TNG,Carte,,2024-05-11
CMD26995,CL0808,P071,2023-01-06,4,4864.94,livre,RBA,Carte,LIV10,
CMD03710,CL0173,P063,Nov 30 2023,5,2755.67,livré,RBA,Carte,LIV7,2023-12-02
CMD01899,CL0119,P029,Mar 18 2023,4,235.06,LIVRE,marrakech,Carte,LIV3,2023-03-21
CMD27812,CL0031,P015,2024-04-14,5,1690.2,retourné,Tnja,Carte,LIV6,2024-04-16
CMD11832,CL0957,P044,Mar 19 2023,1,2134.2,annulé,kech,Carte,LIV7,
CMD11575,CL0970,P012,Sep 06 2023,3,3378.74,livré,TNG,Carte,,2023-09-07
CMD12398,CL0925,P053,12/02/2024,3,2660.16,livré,TNG,Carte,LIV9,2024-02-14
CMD27450,CL0974,P019,May 11 2023,1,2967.74,livre,Agadir,Carte,LIV10,
CMD12869,CL0868,P068,Aug 31 2023,4,1082.34,retourné,TANGER,Carte,LIV5,2023-09-02
CMD27497,CL0102,P080,03/06/2023,3,187.12,annulé,Agadir,Carte,,
CMD19956,CL0597,P001,07/01/2023,5,3314.05,livré,casa,Carte,LIV4,2023-01-11
CMD27203,CL0144,P041,24/05/2023,-1,2161.44,DONE,RBA,Carte,LIV10,2023-05-27
CMD37912,CL0896,P023,2024-02-16,2,1558.87,en_cours,kech,Carte,LIV4,
CMD13583,CL0579,P094,May 14 2023,1,159.13,livré,casa,Carte,,2023-05-19
CMD08776,CL0260,P072,Sep 27 2023,2,3011.32,livré,RBA,Carte,LIV6,2023-09-30
CMD10095,CL0958,P088,Aug 29 2023,3,3016.88,livre,kech,Carte,LIV7,
CMD09973,CL0144,P097,03/02/2024,4,3243.46,OK,tanger,Carte,LIV10,
CMD28063,CL0779,P023,Jun 25 2023,3,4778.98,OK,RBA,Carte,LIV8,
CMD28815,CL0585,P064,28/11/2023,5,742.58,livré,TANGER,Carte,LIV1,2023-12-02
CMD11792,CL0593,P032,2024-03-20,4,197.95,DONE,Tnja,Carte,LIV7,2024-03-25
CMD13793,CL0991,P020,19/04/2024,4,3656.73,livre,marrakech,Carte,LIV10,
CMD05995,CL0415,P049,May 02 2024,1,2848.98,KO,CASABLANCA,Carte,LIV3,
CMD04525,CL0501,P071,02/11/2023,2,2101.15,LIVRE,Tnja,Carte,LIV2,2023-11-03
CMD12904,CL0550,P095,Aug 20 2023,3,1984.62,DONE,Agadir,Carte,LIV8,2023-08-22
CMD14132,CL0150,P016,Oct 03 2023,3,748.91,livré,TNG,Carte,LIV8,2023-10-05
CMD41749,CL0339,P027,Jan 29 2023,3,4079.3,OK,marrakech,Carte,LIV1,
CMD01423,CL0019,P025,Apr 02 2023,4,903.17,livré,Tnja,Carte,,2023-04-05
CMD37493,CL0293,P023,Jan 30 2024,4,1044.5,livré,TNG,Carte,LIV1,2024-01-31
CMD21812,CL0974,P080,10/09/2023,1,3460.84,KO,CASABLANCA,Carte,LIV2,
CMD34233,CL0940,P029,27/06/2023,5,3929.26,LIVRE,Tnja,Carte,LIV9,2023-06-30
CMD43793,CL0712,P035,2023-08-07,4,3887.18,en_cours,Agadir,Carte,LIV2,
CMD33364,CL0790,P032,Jan 04 2024,2,1734.93,livré,RBA,Carte,LIV3,2024-01-05
CMD38290,CL0528,P064,27/01/2024,4,3402.32,en_cours,RBA,Carte,LIV2,
CMD40984,CL0389,P094,18/12/2023,5,251.21,KO,casa,Carte,LIV10,
CMD46948,CL0198,P014,Oct 09 2023,1,4936.04,OK,CASABLANCA,Carte,LIV6,
CMD38394,CL0627,P040,Apr 12 2023,2,2650.23,livré,TNG,Carte,LIV9,2023-04-14
CMD32657,CL0110,P007,2024-05-07,2,194.07,annulé,TNG,Carte,LIV10,
CMD11835,CL0969,P088,15/04/2023,1,1246.17,livré,tanger,Carte,LIV3,2023-04-20
CMD13497,CL0043,P004,10/09/2023,3,4338.5,livré,casa,Carte,LIV8,2023-09-15
CMD35944,CL0703,P032,Sep 02 2023,2,4515.31,annulé,Agadir,Carte,LIV9,
CMD44360,CL0775,P028,10/07/2023,1,2049.04,livré,RBA,Carte,LIV9,2023-07-14
CMD10046,CL0271,P047,2023-01-13,3,3721.87,livre,Tnja,Carte,LIV2,
CMD19853,CL0015,P043,14/03/2024,1,573.52,livre,TANGER,Carte,LIV1,
CMD26348,CL0284,P099,15/09/2023,1,2328.26,livré,RBA,Carte,LIV3,2023-09-17
CMD13276,CL0329,P062,29/04/2023,1,4495.79,annulé,TNG,Carte,LIV8,
CMD41035,CL0589,P021,2023-08-05,3,462.03,livré,CASABLANCA,Carte,LIV8,2023-08-08
CMD48167,CL0494,P043,2024-01-22,1,3288.84,OK,tanger,Carte,LIV1,
CMD19065,CL0614,P039,2024-05-03,3,2056.25,annulé,Tnja,Carte,LIV10,
CMD27809,CL0857,P066,08/02/2024,3,1102.4,livre,CASABLANCA,Carte,LIV7,
CMD21944,CL0466,P054,2023-09-09,5,1711.55,LIVRE,Tnja,Carte,LIV4,2023-09-13
CMD22948,CL0283,P088,2024-02-21,4,4374.68,annulé,Tnja,Carte,LIV2,
CMD44038,CL0903,P025,08/02/2024,5,1957.35,annulé,Tnja,Carte,LIV7,
CMD14092,CL0045,P050,Jul 16 2023,2,3316.24,KO,TNG,Carte,LIV8,
CMD00240,CL0233,P092,Apr 26 2024,4,3956.63,LIVRE,Agadir,Carte,LIV2,2024-04-29
CMD01323,CL0180,P041,2023-05-20,3,1670.74,livre,Agadir,Carte,LIV1,
CMD47437,CL0037,P005,20/07/2023,4,4060.18,DONE,CASABLANCA,Carte,LIV10,2023-07-24
CMD45123,CL0509,P089,Feb 13 2024,5,3767.34,annulé,TANGER,Carte,,
CMD42620,CL0840,P028,Mar 29 2024,5,4833.61,livré,kech,Carte,LIV6,2024-03-31
CMD30408,CL0536,P043,2024-03-19,1,3618.69,LIVRE,Tnja,Carte,LIV10,2024-03-22
CMD05251,CL0782,P029,May 12 2024,1,2286.16,livré,tanger,Carte,LIV3,2024-05-13
CMD45601,CL0016,P027,06/12/2023,2,3559.12,livré,tanger,Carte,LIV10,2023-12-11
CMD30448,CL0422,P021,13/09/2023,2,1977.74,livré,marrakech,Carte,LIV2,2023-09-14
CMD34073,CL0654,P068,May 19 2023,5,3696.8,en_cours,marrakech,Carte,LIV7,
CMD46167,CL0420,P096,2023-11-11,2,2047.59,retourné,RBA,Carte,LIV6,2023-11-13
CMD46595,CL0536,P019,Jan 06 2024,5,4689.33,annulé,Agadir,Carte,LIV8,
CMD41441,CL0139,P084,2023-10-24,1,3709.69,livré,kech,Carte,LIV3,2023-10-25
CMD45056,CL0588,P027,Oct 31 2023,5,1058.6,retourné,kech,Carte,LIV9,2023-11-01
CMD09465,CL0125,P077,2023-12-21,2,3283.51,livre,kech,Carte,LIV6,
CMD46348,CL0072,P099,11/07/2023,4,3891.65,livré,marrakech,Carte,LIV5,2023-07-12
CMD20687,CL0054,P028,Sep 19 2023,2,1101.0,LIVRE,casa,Carte,LIV10,2023-09-20
CMD19168,CL0391,P036,2023-08-05,1,2476.82,livré,TANGER,Carte,LIV9,2023-08-06
CMD17529,CL0811,P092,2023-07-18,2,4872.4,retourné,kech,Carte,LIV2,2023-07-19
CMD04911,CL0626,P063,2023-10-15,4,1948.98,DONE,TANGER,Carte,LIV9,2023-10-18
CMD25473,CL0064,P004,2023-12-30,4,921.11,livre,CASABLANCA,Carte,LIV4,
CMD37017,CL0924,P053,2024-03-18,2,1222.41,retourné,TANGER,Carte,LIV1,2024-03-22
CMD17640,CL0477,P086,2024-03-30,1,3911.61,DONE,Agadir,Carte,,2024-03-31
CMD40120,CL0869,P015,Jun 24 2023,1,2593.83,annulé,casa,Carte,LIV1,
CMD36501,CL0843,P001,2024-02-17,-1,2020.29,livré,TNG,Carte,LIV6,2024-02-19
CMD39264,CL0327,P093,2023-02-06,5,300.67,livre,Tnja,Carte,LIV6,
CMD17627,CL0043,P013,07/06/2023,5,720.41,livré,CASABLANCA,Carte,LIV9,2023-06-10
CMD47708,CL0041,P026,Oct 07 2023,2,2401.89,livre,Agadir,Carte,LIV9,
CMD42568,CL0204,P090,Jun 02 2023,2,4597.81,OK,RBA,Carte,LIV5,
CMD31835,CL0332,P067,Jan 16 2023,1,2496.67,DONE,TNG,Carte,LIV4,2023-01-20
CMD47394,CL0285,P031,10/06/2023,2,1080.44,livré,CASABLANCA,Carte,LIV5,2023-06-13
CMD19778,CL0685,P040,Jul 10 2023,2,472.37,livré,tanger,Carte,,2023-07-12
CMD45853,CL0046,P015,Jul 24 2023,4,0,livre,Agadir,Carte,LIV1,
CMD40656,CL0055,P034,20/02/2023,2,62.81,KO,CASABLANCA,Carte,,
CMD01952,CL0490,P015,30/03/2023,4,2303.79,en_cours,TANGER,Carte,LIV7,
CMD43289,CL0883,P091,2023-08-27,3,4885.22,OK,tanger,Carte,LIV8,
CMD47700,CL0651,P098,Mar 30 2023,1,918.28,livré,Tnja,Carte,LIV4,2023-04-01
CMD00538,CL0141,P090,Nov 23 2023,3,1194.79,annulé,casa,Carte,LIV3,
CMD46953,CL0277,P088,Aug 13 2023,5,3975.35,livré,marrakech,Carte,LIV8,2023-08-15
CMD26754,CL0074,P005,2023-04-14,3,1642.06,livré,TANGER,Carte,LIV10,2023-04-19
CMD37055,CL0916,P094,Jan 15 2023,1,282.23,retourné,marrakech,Carte,LIV8,2023-01-17
CMD44458,CL0017,P006,15/02/2024,4,4255.44,DONE,Agadir,Carte,LIV4,2024-02-20
CMD36690,CL0843,P057,09/04/2024,2,3995.58,livré,Tnja,Carte,LIV8,2024-04-12
CMD13665,CL0648,P078,2023-01-01,3,2561.81,DONE,CASABLANCA,Carte,LIV10,2023-01-06
CMD16135,CL0389,P063,May 15 2024,4,1118.39,LIVRE,CASABLANCA,Carte,LIV9,2024-05-18
CMD21367,CL0064,P041,Jun 06 2023,5,2745.68,annulé,tanger,Carte,LIV1,
CMD17974,CL0248,P046,16/01/2024,3,4656.5,en_cours,casa,Carte,LIV8,
CMD41482,CL0036,P013,Oct 01 2023,3,4501.93,livré,CASABLANCA,Carte,LIV9,2023-10-03
CMD33627,CL0988,P030,Oct 14 2023,3,3936.53,livré,marrakech,Carte,LIV4,2023-10-15
CMD36270,CL0460,P010,18/03/2024,4,3095.33,DONE,tanger,Carte,LIV4,2024-03-22
CMD15634,CL0288,P027,2024-03-19,1,292.38,en_cours,CASABLANCA,Carte,LIV6,
CMD44295,CL0980,P058,25/12/2023,5,874.66,OK,Tnja,Carte,LIV10,
CMD41662,CL0757,P012,2023-07-12,1,4210.54,en_cours,tanger,Carte,LIV4,
CMD01193,CL0351,P059,2024-03-20,5,3733.57,retourné,casa,Carte,LIV3,2024-03-24
CMD34293,CL0183,P068,Jul 10 2023,3,4235.05,LIVRE,Agadir,Carte,LIV2,2023-07-12
CMD28757,CL0539,P004,03/08/2023,3,372.57,retourné,kech,Carte,LIV5,2023-08-06
CMD38000,CL0740,P027,2023-11-27,2,3265.5,DONE,kech,Carte,LIV1,2023-11-28
CMD31532,CL0611,P015,2024-04-30,5,3989.98,KO,CASABLANCA,Carte,,
CMD38128,CL0053,P009,08/05/2023,3,4943.89,annulé,RBA,Carte,LIV9,
CMD06969,CL0038,P041,Mar 12 2023,3,3170.63,livré,Agadir,Carte,LIV1,2023-03-17
CMD29725,CL0565,P092,2023-01-18,3,4640.39,livré,tanger,Carte,LIV4,2023-01-21
CMD29450,CL0742,P061,Jan 19 2023,4,73.56,annulé,RBA,Carte,LIV8,
CMD20078,CL0965,P098,02/02/2023,3,79.32,retourné,RBA,Carte,LIV3,2023-02-06
CMD19666,CL0404,P088,Jan 29 2024,2,4570.37,KO,casa,Carte,LIV7,
CMD29088,CL0651,P028,08/09/2023,5,1329.92,retourné,TANGER,Carte,LIV4,2023-09-13
CMD46841,CL0133,P032,Feb 17 2023,2,595.7,LIVRE,casa,Carte,LIV1,2023-02-19
CMD39146,CL0899,P083,2023-04-27,4,2221.12,livre,marrakech,Carte,,
CMD00617,CL0178,P089,Jul 19 2023,5,3387.19,LIVRE,Tnja,Carte,LIV3,2023-07-22
CMD18592,CL0630,P048,2024-03-28,5,2150.51,en_cours,RBA,Carte,LIV9,
CMD04735,CL0711,P087,Mar 13 2023,3,3254.07,DONE,RBA,Carte,LIV5,2023-03-16
CMD27234,CL0154,P079,15/10/2023,1,4379.83,annulé,casa,Carte,,
CMD00934,CL0252,P073,29/03/2024,1,3186.37,OK,CASABLANCA,Carte,LIV8,
CMD04331,CL0610,P081,2023-06-28,2,4671.59,DONE,TNG,Carte,LIV4,2023-07-01
CMD03243,CL0732,P087,Mar 22 2023,1,3510.96,livré,TANGER,Carte,LIV6,2023-03-23
CMD46895,CL0065,P069,28/03/2024,5,2588.34,livré,tanger,Carte,LIV5,2024-03-31
CMD32061,CL0297,P098,06/10/2023,4,1478.83,DONE,casa,Carte,LIV10,2023-10-09
CMD44927,CL0310,P038,2023-09-18,4,832.18,livré,tanger,Carte,LIV4,2023-09-21
CMD34380,CL0436,P008,10/04/2023,2,1644.04,DONE,tanger,Carte,LIV10,2023-04-15
CMD11494,CL0215,P037,2024-04-27,2,2903.17,retourné,TNG,Carte,LIV5,2024-04-28
CMD41442,CL0163,P038,2023-05-25,4,1508.18,en_cours,CASABLANCA,Carte,LIV3,
CMD29810,CL0215,P023,Mar 25 2024,4,1110.0,DONE,casa,Carte,LIV8,2024-03-27
CMD47191,CL0613,P042,08/03/2023,1,3459.72,livre,TANGER,Carte,LIV10,
CMD24761,CL0605,P045,May 04 2023,4,4785.72,retourné,Tnja,Carte,LIV8,2023-05-08
CMD47660,CL0469,P009,26/03/2024,4,1193.08,retourné,kech,Carte,LIV9,2024-03-29
CMD46317,CL0550,P063,2024-03-27,2,3155.63,livre,tanger,Carte,LIV7,
CMD04544,CL0876,P057,2023-09-03,5,630.61,OK,TANGER,Carte,LIV8,
CMD07298,CL0277,P055,09/02/2024,5,1832.04,livré,CASABLANCA,Carte,LIV1,2024-02-11
CMD28371,CL0874,P013,Apr 15 2024,1,1323.47,annulé,kech,Carte,LIV9,
CMD02184,CL0456,P085,Apr 07 2024,1,2161.41,annulé,marrakech,Carte,LIV5,
CMD11236,CL0521,P040,10/04/2024,2,2582.53,en_cours,Agadir,Carte,LIV8,
CMD14490,CL0590,P056,Mar 16 2024,5,4992.72,OK,marrakech,Carte,LIV6,
CMD39924,CL0359,P047,2023-02-20,1,1213.55,DONE,TNG,Carte,LIV10,2023-02-23
CMD05527,CL0126,P081,Jan 18 2023,3,3822.28,KO,TNG,Carte,LIV6,
CMD15465,CL0573,P069,May 25 2023,5,4274.4,livré,Agadir,Carte,,2023-05-30
CMD34879,CL0469,P076,19/11/2023,3,0,en_cours,TNG,Carte,LIV8,
CMD41139,CL0328,P050,10/08/2023,4,2905.2,retourné,tanger,Carte,LIV3,2023-08-13
CMD18506,CL0069,P036,2024-04-16,4,2377.47,DONE,Agadir,Carte,LIV6,2024-04-20
CMD00955,CL0550,P056,2023-06-01,3,961.29,LIVRE,Tnja,Carte,LIV6,2023-06-06
CMD31848,CL0292,P063,Aug 02 2023,4,2702.29,livré,Tnja,Carte,LIV4,2023-08-04
CMD45514,CL0525,P080,Feb 15 2024,1,4544.4,LIVRE,RBA,Carte,LIV9,2024-02-17
CMD26147,CL0350,P046,28/03/2024,1,2119.35,livré,Tnja,Carte,LIV4,2024-04-01
CMD29390,CL0416,P072,Oct 23 2023,4,737.44,DONE,TANGER,Carte,LIV2,2023-10-27
CMD35694,CL0875,P046,Mar 23 2024,4,2878.28,DONE,Agadir,Carte,LIV4,2024-03-25
CMD13771,CL0666,P032,03/11/2023,5,993.57,livré,marrakech,Carte,,2023-11-07
CMD10345,CL1000,P099,2023-07-13,1,2524.81,retourné,CASABLANCA,Carte,LIV7,2023-07-17
CMD17705,CL0260,P067,2023-07-12,3,4333.33,retourné,TNG,Carte,LIV6,2023-07-15
CMD39477,CL0546,P030,20/07/2023,1,3275.43,livré,TANGER,Carte,LIV5,2023-07-21
CMD46562,CL0684,P052,2023-03-13,1,258.12,LIVRE,CASABLANCA,Carte,LIV10,2023-03-16
CMD03065,CL0499,P060,29/06/2023,1,1048.92,livré,TNG,Carte,LIV5,2023-07-02
CMD19095,CL0725,P048,09/03/2024,5,4313.72,en_cours,marrakech,Carte,LIV3,
CMD13173,CL0811,P016,2023-07-23,1,3228.54,livré,tanger,Carte,LIV2,2023-07-24
CMD42034,CL0082,P051,2023-07-23,1,3616.86,retourné,Tnja,Carte,LIV3,2023-07-27
CMD02639,CL0256,P021,Jan 31 2024,5,3185.23,livré,marrakech,Carte,LIV7,2024-02-02
CMD30082,CL0292,P053,15/07/2023,3,4668.48,KO,kech,Carte,LIV2,
CMD38679,CL0115,P019,2023-07-23,5,2310.25,livre,tanger,Carte,LIV3,
CMD09723,CL0891,P001,Feb 15 2024,4,1536.59,LIVRE,Agadir,Carte,LIV10,2024-02-19
CMD11069,CL0301,P049,2023-03-30,4,1657.64,en_cours,marrakech,Carte,LIV9,
CMD14706,CL0220,P029,13/01/2024,4,881.27,KO,marrakech,Carte,LIV1,
CMD42123,CL0819,P055,28/06/2023,3,2361.59,livre,tanger,Carte,LIV2,
CMD39565,CL0343,P045,Dec 06 2023,1,1129.89,annulé,CASABLANCA,Carte,LIV9,
CMD13227,CL0249,P078,2023-01-03,3,4716.0,livré,Agadir,Carte,LIV4,2023-01-08
CMD31926,CL0070,P041,2023-07-20,3,297.59,LIVRE,tanger,Carte,LIV10,2023-07-22
CMD05544,CL0063,P002,18/06/2023,2,2907.19,livré,marrakech,Carte,,2023-06-22
CMD45287,CL0454,P066,17/01/2023,1,4673.67,livre,RBA,Carte,LIV2,
CMD43426,CL0077,P064,2023-12-11,5,3550.33,DONE,tanger,Carte,LIV2,2023-12-13
CMD44007,CL0921,P032,09/04/2024,3,2840.03,livré,RBA,Carte,LIV1,2024-04-13
CMD41356,CL0582,P050,13/12/2023,2,3442.66,livré,Tnja,Carte,LIV8,2023-12-16
CMD13754,CL0035,P038,27/08/2023,5,4944.08,KO,TANGER,Carte,LIV5,
CMD25256,CL0892,P027,Apr 21 2024,2,2058.1,en_cours,RBA,Carte,LIV8,
CMD21790,CL0328,P092,Mar 01 2024,4,114.92,livre,Agadir,Carte,LIV2,
CMD08043,CL0558,P017,19/09/2023,3,763.09,OK,Tnja,Carte,LIV10,
CMD26510,CL0942,P032,10/03/2024,-1,2959.32,LIVRE,Tnja,Carte,LIV1,2024-03-12
CMD39165,CL0277,P050,16/04/2023,3,309.05,KO,TANGER,Carte,LIV8,
CMD44112,CL0461,P091,14/05/2023,2,3019.67,annulé,RBA,Carte,LIV8,
CMD24916,CL0858,P006,2024-03-01,2,879.94,DONE,Agadir,Carte,LIV5,2024-03-02
CMD07920,CL0734,P070,Feb 20 2023,2,402.22,LIVRE,TNG,Carte,LIV5,2023-02-22
CMD37140,CL0705,P044,May 09 2024,1,333.16,livré,CASABLANCA,Carte,LIV5,2024-05-12
CMD40223,CL0162,P088,09/03/2024,4,4211.42,DONE,casa,Carte,LIV2,2024-03-10
CMD16317,CL0111,P089,Nov 27 2023,2,700.9,en_cours,RBA,Carte,LIV5,
CMD15522,CL0053,P041,Sep 28 2023,1,4886.09,OK,casa,Carte,LIV3,
CMD48389,CL0542,P061,13/10/2023,2,2165.48,livré,CASABLANCA,Carte,,2023-10-15
CMD09325,CL0573,P096,Dec 28 2023,2,2950.65,LIVRE,tanger,Carte,LIV6,2024-01-01
CMD22223,CL0493,P032,18/09/2023,1,691.43,LIVRE,RBA,Carte,LIV4,2023-09-20
CMD14832,CL0248,P070,Apr 16 2023,2,1714.26,livre,CASABLANCA,Carte,LIV9,
CMD13450,CL0830,P010,2023-04-27,3,3054.73,en_cours,casa,Carte,LIV6,
CMD12818,CL0948,P100,Dec 01 2023,4,1406.89,annulé,Agadir,Carte,LIV9,
CMD39342,CL0843,P074,22/07/2023,3,3793.51,livré,RBA,Carte,LIV5,2023-07-27
CMD14246,CL0645,P072,Sep 26 2023,3,4563.64,livre,casa,Carte,LIV4,
CMD48111,CL0361,P028,21/08/2023,2,4623.71,livre,Agadir,Carte,LIV7,
CMD02783,CL0144,P085,Jun 21 2023,1,366.82,livré,tanger,Carte,LIV6,2023-06-26
CMD26681,CL0143,P059,May 26 2023,5,2093.34,annulé,kech,Carte,LIV3,
CMD38191,CL0820,P022,2023-06-09,1,3653.68,LIVRE,TANGER,Carte,LIV1,2023-06-12
CMD06739,CL0967,P074,2024-02-05,2,892.01,livré,kech,Carte,LIV6,2024-02-10
CMD27470,CL0982,P021,2024-03-29,5,281.06,DONE,kech,Carte,LIV1,2024-03-30
CMD39824,CL0939,P002,2024-01-17,5,2799.88,annulé,CASABLANCA,Carte,LIV9,
CMD35981,CL0916,P023,2023-12-02,4,3003.7,LIVRE,casa,Carte,LIV2,2023-12-07
CMD15841,CL0871,P047,22/03/2024,3,521.19,livre,RBA,Carte,LIV6,
CMD32599,CL0280,P028,Jun 01 2023,1,2966.31,livré,TANGER,Carte,LIV6,2023-06-03
CMD45241,CL0014,P067,2024-05-12,2,2818.93,KO,kech,Carte,LIV6,
CMD15135,CL0822,P044,12/04/2024,1,673.45,KO,casa,Carte,LIV5,
CMD14831,CL0260,P023,10/01/2023,3,4224.68,retourné,tanger,Carte,LIV7,2023-01-15
CMD00069,CL0032,P096,Jun 02 2023,2,2627.32,DONE,Tnja,Carte,LIV6,2023-06-04
CMD11039,CL0826,P044,27/03/2023,2,0,LIVRE,Tnja,Carte,LIV2,2023-03-28
CMD24682,CL0050,P085,2023-07-13,2,236.46,retourné,Agadir,Carte,LIV3,2023-07-14
CMD02499,CL0676,P004,Jan 23 2023,4,791.4,en_cours,TNG,Carte,LIV7,
CMD32407,CL0659,P008,2023-11-10,2,983.28,livré,marrakech,Carte,LIV2,2023-11-13
CMD33006,CL0872,P034,May 29 2023,1,2489.38,LIVRE,TANGER,Carte,LIV3,2023-05-30
CMD08993,CL0357,P027,Dec 07 2023,2,2778.08,OK,TNG,Carte,LIV6,
CMD04909,CL0735,P071,24/12/2023,3,0,KO,RBA,Carte,,
CMD06238,CL0100,P065,2023-04-14,5,4385.29,livré,marrakech,Carte,LIV2,2023-04-15
CMD20812,CL0066,P031,14/02/2024,5,1073.4,KO,CASABLANCA,Carte,LIV8,
CMD24838,CL0773,P044,2024-04-21,4,1775.23,en_cours,kech,Carte,LIV1,
CMD01560,CL0294,P011,2023-10-05,5,619.19,retourné,CASABLANCA,Carte,LIV4,2023-10-07
CMD38217,CL0231,P095,Nov 29 2023,2,1419.68,LIVRE,Tnja,Carte,LIV8,2023-12-01
CMD19200,CL0300,P022,10/04/2024,2,2044.35,DONE,RBA,Carte,LIV5,2024-04-11
CMD15580,CL0863,P051,20/11/2023,2,3376.37,en_cours,TANGER,Carte,LIV1,
CMD20186,CL0627,P085,2023-05-26,4,3154.95,KO,CASABLANCA,Carte,LIV10,
CMD47809,CL0109,P063,2024-03-19,1,1326.34,LIVRE,RBA,Carte,LIV8,2024-03-23
CMD02227,CL0413,P092,03/05/2023,1,4741.9,livré,TANGER,Carte,LIV3,2023-05-07
CMD06488,CL0497,P060,Jul 26 2023,1,3188.82,DONE,RBA,Carte,LIV7,2023-07-31
CMD22690,CL0542,P088,2023-05-24,4,79.71,annulé,tanger,Carte,LIV5,
CMD38970,CL0704,P042,11/04/2024,4,284.62,livré,TANGER,Carte,LIV3,2024-04-13
CMD34819,CL0685,P083,Aug 14 2023,3,438.33,livré,marrakech,Carte,LIV9,2023-08-16
CMD14728,CL0672,P041,07/12/2023,4,3952.48,livré,tanger,Carte,LIV5,2023-12-08
CMD34565,CL0861,P088,Jul 30 2023,5,840.8,livré,RBA,Carte,LIV8,2023-08-02
CMD11181,CL0531,P081,Feb 05 2023,5,3181.41,livré,TNG,Carte,LIV4,2023-02-08
CMD40623,CL0086,P047,Mar 13 2023,4,4623.56,KO,kech,Carte,LIV10,
CMD28698,CL0734,P064,01/07/2023,4,3463.8,livré,RBA,Carte,LIV6,2023-07-06
CMD34034,CL0819,P061,2024-02-02,2,0,livre,RBA,Carte,LIV2,
CMD17797,CL0074,P086,12/02/2024,2,4378.84,LIVRE,marrakech,Carte,,2024-02-15
CMD23687,CL0153,P024,2024-02-19,-1,2215.24,livre,Agadir,Carte,LIV3,
CMD05909,CL0206,P100,Mar 01 2024,3,1612.57,livré,TNG,Carte,LIV1,2024-03-03
CMD44359,CL0255,P068,Feb 16 2023,1,517.57,livré,kech,Carte,LIV7,2023-02-19
CMD05166,CL0156,P076,10/03/2024,5,775.64,annulé,CASABLANCA,Carte,LIV4,
CMD48182,CL0842,P081,Jul 31 2023,2,3848.76,retourné,tanger,Carte,LIV9,2023-08-05
CMD41469,CL0106,P074,20/10/2023,3,2012.28,livré,tanger,Carte,LIV9,2023-10-23
CMD30872,CL0043,P054,2023-09-05,5,708.22,annulé,marrakech,Carte,LIV6,
CMD13718,CL0958,P080,29/11/2023,5,1165.58,en_cours,casa,Carte,LIV10,
CMD44290,CL0218,P056,06/01/2024,3,1379.31,KO,TANGER,Carte,LIV6,
CMD46777,CL0572,P036,25/04/2023,1,1570.79,retourné,marrakech,Carte,,2023-04-30
CMD47994,CL0144,P017,25/02/2023,2,3995.66,annulé,Agadir,Carte,LIV1,
CMD05620,CL0134,P028,2024-03-20,2,2115.64,en_cours,marrakech,Carte,LIV2,
CMD01130,CL0562,P018,2023-06-19,3,2064.96,retourné,kech,Carte,LIV9,2023-06-20
CMD38685,CL0486,P047,2023-02-19,4,889.94,KO,TNG,Carte,LIV6,
CMD34107,CL0882,P033,May 11 2024,2,1589.13,retourné,TANGER,Carte,LIV8,2024-05-15
CMD47143,CL0179,P002,Jul 08 2023,2,928.53,LIVRE,Agadir,Carte,LIV1,2023-07-09
CMD30984,CL0644,P095,2024-03-01,4,2051.24,OK,marrakech,Carte,LIV7,
CMD33901,CL0188,P079,2023-09-22,4,636.84,livré,TNG,Carte,LIV8,2023-09-27
CMD30063,CL0426,P033,12/05/2024,5,3220.96,annulé,tanger,Carte,LIV10,
CMD04751,CL0187,P065,2023-03-22,4,3198.51,livré,Tnja,Carte,LIV6,2023-03-27
CMD29401,CL0286,P008,29/04/2023,5,3457.81,en_cours,casa,Carte,,
CMD30463,CL0935,P085,Jun 11 2023,5,2350.03,livré,TNG,Carte,LIV5,2023-06-14
CMD38103,CL0589,P050,10/03/2024,3,4422.43,livré,TANGER,Carte,LIV10,2024-03-15
CMD06765,CL0160,P079,Jun 08 2023,1,546.7,livré,CASABLANCA,Carte,LIV6,2023-06-11
CMD06284,CL0615,P002,Jan 14 2023,3,2422.17,en_cours,marrakech,Carte,LIV1,
CMD11046,CL0223,P038,30/07/2023,4,3781.33,DONE,kech,Carte,LIV3,2023-08-02
CMD02765,CL0574,P063,Apr 09 2024,2,3471.68,DONE,RBA,Carte,LIV3,2024-04-11
CMD31206,CL0396,P053,28/04/2024,5,4224.99,DONE,TNG,Carte,LIV8,2024-05-02
CMD16594,CL0343,P084,11/11/2023,4,4990.87,en_cours,TANGER,Carte,LIV9,
CMD08168,CL0249,P003,2023-03-26,1,2037.14,LIVRE,Agadir,Carte,LIV10,2023-03-29
CMD14630,CL0181,P094,Feb 28 2024,5,0,livré,tanger,Carte,LIV7,2024-03-03
CMD22951,CL0623,P049,21/10/2023,4,4329.24,retourné,casa,Carte,LIV7,2023-10-24
CMD22506,CL0192,P034,Sep 30 2023,1,1757.74,retourné,Agadir,Carte,LIV3,2023-10-04
CMD14254,CL0111,P074,Jan 16 2024,4,4574.75,annulé,TANGER,Carte,LIV1,
CMD46687,CL0254,P047,28/08/2023,1,2508.53,livré,casa,Carte,LIV5,2023-08-29
CMD36929,CL0794,P057,Jul 08 2023,2,4606.15,annulé,TANGER,Carte,LIV10,
CMD45491,CL0265,P021,2023-03-18,4,261.19,DONE,Agadir,Carte,LIV10,2023-03-22
CMD42408,CL0066,P051,2023-03-05,2,2066.76,LIVRE,TNG,Carte,LIV9,2023-03-08
CMD38100,CL0352,P099,22/09/2023,2,2326.6,LIVRE,marrakech,Carte,LIV8,2023-09-24
CMD04153,CL0840,P019,2023-06-25,3,2036.52,retourné,marrakech,Carte,LIV1,2023-06-28
CMD26405,CL0998,P093,May 12 2024,1,438.68,LIVRE,kech,Carte,LIV1,2024-05-17
CMD13327,CL0535,P091,Jun 20 2023,4,1398.09,retourné,CASABLANCA,Carte,LIV1,2023-06-21
CMD24932,CL0597,P077,2023-06-29,1,3811.77,OK,kech,Carte,LIV8,
CMD38750,CL0485,P091,10/04/2024,1,2157.29,livré,Tnja,Carte,LIV5,2024-04-15
CMD28065,CL0551,P042,2023-07-17,2,2621.83,LIVRE,Agadir,Carte,LIV5,2023-07-21
CMD06742,CL0452,P067,08/09/2023,-1,2383.46,DONE,marrakech,Carte,LIV10,2023-09-13
CMD24446,CL0945,P074,May 25 2023,3,1024.57,OK,marrakech,Carte,LIV5,
CMD19835,CL0499,P096,Mar 27 2024,1,2811.96,OK,Agadir,Carte,LIV6,
CMD05899,CL0735,P093,Oct 29 2023,1,4326.21,OK,tanger,Carte,LIV4,
CMD41221,CL0936,P054,May 16 2023,2,1053.34,livré,tanger,Carte,LIV2,2023-05-20
CMD32482,CL0874,P028,Feb 04 2023,3,4803.46,OK,TNG,Carte,,
CMD42413,CL0870,P046,04/02/2024,2,4210.9,LIVRE,tanger,Carte,LIV10,2024-02-07
CMD26807,CL0592,P008,2023-01-17,4,330.14,livré,Tnja,Carte,LIV7,2023-01-18
CMD29271,CL0700,P074,Apr 28 2024,1,4313.95,KO,RBA,Carte,LIV7,
CMD00611,CL0097,P051,Apr 14 2023,5,1357.8,livré,tanger,Carte,,2023-04-18
CMD35882,CL0295,P025,2023-05-10,1,113.46,retourné,Agadir,Carte,LIV10,2023-05-11
CMD39212,CL0141,P005,10/01/2023,4,448.38,en_cours,TNG,Carte,LIV6,
CMD08780,CL0430,P090,Dec 30 2023,2,94.8,DONE,Agadir,Carte,LIV8,2023-12-31
CMD02976,CL0179,P059,Feb 21 2023,3,2010.88,DONE,Agadir,Carte,,2023-02-23
CMD44398,CL0961,P068,2023-10-20,4,169.91,en_cours,RBA,Carte,LIV7,
CMD31839,CL0231,P091,2024-02-06,3,75.35,livré,marrakech,Carte,,2024-02-10
CMD37161,CL0466,P006,Apr 10 2024,3,354.58,livre,marrakech,Carte,LIV6,
CMD40126,CL0170,P051,09/06/2023,4,4792.8,KO,Agadir,Carte,LIV7,
CMD03051,CL0526,P084,Apr 10 2024,1,3670.11,livre,tanger,Carte,LIV1,
CMD40040,CL0213,P032,10/07/2023,2,4286.42,retourné,Agadir,Carte,LIV8,2023-07-14
CMD40222,CL0121,P044,2023-04-05,-1,2100.3,LIVRE,TANGER,Carte,LIV7,2023-04-09
CMD28639,CL0497,P077,03/07/2023,3,289.99,livré,RBA,Carte,LIV3,2023-07-05
CMD09311,CL0706,P017,Jul 04 2023,1,2632.53,livré,tanger,Carte,LIV2,2023-07-06
CMD15792,CL0091,P055,07/04/2024,1,3606.75,OK,marrakech,Carte,LIV10,
CMD40425,CL0229,P020,Mar 13 2023,1,3431.01,livré,kech,Carte,LIV1,2023-03-18
CMD13109,CL0680,P088,2024-01-19,2,3886.88,retourné,RBA,Carte,LIV9,2024-01-22
CMD24343,CL0754,P036,02/01/2024,2,136.89,livre,TANGER,Carte,LIV3,
CMD02909,CL0652,P076,Sep 12 2023,3,374.21,KO,TANGER,Carte,LIV7,
CMD42478,CL0485,P057,06/10/2023,1,258.78,livre,tanger,Carte,LIV7,
CMD13628,CL0461,P054,Feb 25 2023,4,4256.83,livré,TNG,Carte,LIV6,2023-02-27
CMD28178,CL0754,P070,Feb 02 2024,3,2947.39,KO,marrakech,Carte,LIV9,
CMD00536,CL0319,P029,Jul 07 2023,3,1671.48,KO,kech,Carte,LIV10,
CMD22602,CL0342,P093,21/01/2024,2,4787.18,livré,kech,Carte,LIV5,2024-01-24
CMD10491,CL0381,P057,01/09/2023,1,2942.49,DONE,tanger,Carte,LIV6,2023-09-05
CMD00321,CL0559,P032,02/06/2023,3,4332.84,LIVRE,TANGER,Carte,LIV8,2023-06-06
CMD19759,CL0490,P079,2023-05-15,4,299.26,annulé,Agadir,Carte,LIV1,
CMD31353,CL0784,P100,May 12 2023,3,2665.85,KO,RBA,Carte,LIV8,
CMD18915,CL0199,P100,2023-03-26,2,3768.27,LIVRE,Tnja,Carte,LIV1,2023-03-30
CMD20273,CL0614,P025,05/03/2024,2,1208.53,retourné,kech,Carte,LIV10,2024-03-06
CMD28433,CL0075,P088,2024-05-11,2,1931.46,annulé,casa,Carte,LIV5,
CMD33562,CL0652,P049,2024-01-08,4,3494.08,en_cours,TANGER,Carte,LIV10,
CMD40523,CL0108,P064,24/04/2023,5,4910.1,en_cours,TNG,Carte,,
CMD32872,CL0110,P062,2023-03-19,4,4455.29,livre,TNG,Carte,LIV10,
CMD46960,CL0265,P095,04/11/2023,5,2579.35,LIVRE,marrakech,Carte,LIV8,2023-11-06
CMD39249,CL0925,P092,28/03/2024,3,2321.71,DONE,casa,Carte,LIV3,2024-04-02
CMD16305,CL0252,P048,Apr 28 2023,4,1489.53,en_cours,Tnja,Carte,LIV10,
CMD05842,CL0566,P052,2023-12-16,2,1451.71,KO,tanger,Carte,LIV2,
CMD02550,CL0129,P003,2023-10-25,2,2237.26,livré,CASABLANCA,Carte,LIV10,2023-10-29
CMD14109,CL0578,P052,29/06/2023,1,1828.32,retourné,Tnja,Carte,LIV4,2023-07-02
CMD23136,CL0187,P015,14/02/2024,3,2525.2,livré,TANGER,Carte,LIV7,2024-02-16
CMD36489,CL0031,P025,01/07/2023,3,1120.54,DONE,tanger,Carte,LIV5,2023-07-02
CMD05709,CL0224,P074,2023-08-07,2,1072.73,KO,marrakech,Carte,LIV8,
CMD36854,CL0682,P041,13/01/2023,5,79.39,livré,kech,Carte,LIV10,2023-01-16
CMD14553,CL0034,P057,02/07/2023,2,4580.47,DONE,TANGER,Carte,LIV1,2023-07-03
CMD36927,CL0688,P091,Dec 18 2023,2,4342.44,annulé,tanger,Carte,LIV8,
CMD39134,CL0862,P015,Feb 11 2023,5,3680.71,annulé,marrakech,Carte,,
CMD22766,CL0620,P028,2024-02-29,1,3767.72,KO,casa,Carte,LIV2,
CMD36890,CL0841,P016,20/02/2024,4,751.36,annulé,TNG,Carte,LIV2,
CMD40153,CL0360,P072,12/10/2023,5,4616.9,livré,TNG,Carte,LIV6,2023-10-17
CMD25410,CL0784,P036,Oct 14 2023,4,1628.02,livré,RBA,Carte,LIV7,2023-10-15
CMD26944,CL0778,P047,2023-08-29,1,2742.96,annulé,CASABLANCA,Carte,LIV8,
CMD39129,CL0074,P056,13/03/2023,4,3751.84,livre,tanger,Carte,LIV9,
CMD11605,CL0199,P064,Aug 02 2023,3,4280.26,livré,tanger,Carte,LIV3,2023-08-06
CMD19593,CL0318,P044,Nov 24 2023,4,2099.0,livré,Tnja,Carte,LIV1,2023-11-25
CMD48455,CL0714,P032,24/10/2023,3,3088.94,livré,kech,Carte,LIV1,2023-10-27
CMD25068,CL0142,P060,25/03/2024,4,4498.44,retourné,RBA,Carte,LIV4,2024-03-27
CMD15214,CL0985,P035,Dec 23 2023,5,4440.32,livré,casa,Carte,LIV2,2023-12-28
CMD17939,CL0339,P050,Jan 06 2024,3,3659.53,KO,kech,Carte,LIV10,
CMD29588,CL0451,P040,Dec 10 2023,5,2449.19,LIVRE,tanger,Carte,LIV10,2023-12-13
CMD45291,CL0697,P007,Jan 08 2023,1,4076.73,OK,Agadir,Carte,LIV10,
CMD47107,CL0715,P063,16/01/2023,5,483.4,KO,marrakech,Carte,LIV8,
CMD16953,CL0821,P002,25/03/2023,4,266.09,DONE,tanger,Carte,LIV1,2023-03-29
CMD44050,CL0053,P013,Mar 11 2024,3,962.12,retourné,marrakech,Carte,LIV7,2024-03-13
CMD02299,CL0207,P009,2023-12-08,2,2123.03,livré,Agadir,Carte,LIV10,2023-12-09
CMD16536,CL0618,P025,2024-01-13,5,3525.53,KO,kech,Carte,LIV7,
CMD01080,CL0896,P082,Aug 01 2023,5,4830.03,livré,marrakech,Carte,LIV1,2023-08-02
CMD29544,CL0625,P084,10/05/2024,5,3657.08,retourné,TNG,Carte,LIV4,2024-05-13
CMD18493,CL0562,P100,29/03/2024,3,798.06,annulé,TNG,Carte,LIV3,
CMD18543,CL0289,P060,2023-12-31,1,143.08,livre,casa,Carte,LIV8,
CMD39507,CL0575,P005,Aug 04 2023,1,3752.81,retourné,CASABLANCA,Carte,LIV4,2023-08-06
CMD04672,CL0302,P087,2024-03-29,1,3185.34,OK,CASABLANCA,Carte,LIV10,
CMD25753,CL0232,P027,30/04/2023,5,2614.51,livré,Agadir,Carte,LIV9,2023-05-02
CMD40176,CL0576,P028,2023-01-13,2,4729.63,livre,Tnja,Carte,LIV7,
CMD22280,CL0746,P023,Jan 22 2023,1,2905.62,annulé,Tnja,Carte,LIV3,
CMD10941,CL0126,P082,Jul 30 2023,2,3504.1,livré,marrakech,Carte,LIV9,2023-08-01
CMD35175,CL0681,P096,29/09/2023,4,3642.34,livré,Tnja,Carte,LIV5,2023-10-02
CMD08032,CL0735,P002,28/07/2023,5,2259.78,LIVRE,kech,Carte,LIV8,2023-07-30
CMD20293,CL0283,P068,2023-02-23,4,2853.25,KO,CASABLANCA,Carte,LIV3,
CMD24091,CL0216,P030,2023-09-26,3,2082.15,annulé,TNG,Carte,LIV2,
CMD46489,CL0269,P066,12/01/2023,3,3211.1,livre,Tnja,Carte,LIV1,
CMD02720,CL0173,P014,06/03/2024,5,2924.03,livré,tanger,Carte,LIV10,2024-03-08
CMD01253,CL0775,P012,2023-09-20,3,4177.64,annulé,CASABLANCA,Carte,LIV1,
CMD24908,CL0230,P042,Dec 16 2023,1,2827.61,DONE,CASABLANCA,Carte,LIV5,2023-12-20
CMD29927,CL0548,P016,06/08/2023,5,219.34,LIVRE,Tnja,Carte,LIV2,2023-08-08
CMD12424,CL0027,P069,29/03/2024,4,4915.21,en_cours,TANGER,Carte,LIV4,
CMD04179,CL0512,P023,15/02/2024,5,1634.35,retourné,Agadir,Carte,LIV7,2024-02-19
CMD31975,CL0173,P045,2023-07-19,1,4782.68,OK,kech,Carte,LIV5,
CMD38828,CL0484,P078,2023-01-23,4,1790.04,livré,marrakech,Carte,LIV6,2023-01-27
CMD07154,CL0152,P054,May 21 2023,2,3126.9,retourné,marrakech,Carte,LIV5,2023-05-24
CMD25326,CL0563,P052,01/06/2023,4,2196.56,livré,marrakech,Carte,LIV5,2023-06-06
CMD07566,CL0144,P048,2024-05-09,4,444.72,livré,TANGER,Carte,LIV3,2024-05-12
CMD14278,CL0217,P030,Feb 15 2024,4,2350.04,OK,Tnja,Carte,LIV4,
CMD34447,CL0936,P091,May 14 2023,3,849.66,retourné,tanger,Carte,LIV10,2023-05-19
CMD18774,CL0594,P040,18/02/2023,1,3253.3,en_cours,tanger,Carte,LIV6,
CMD44269,CL0137,P049,Feb 12 2024,3,3524.12,annulé,CASABLANCA,Carte,LIV8,
CMD39530,CL0265,P088,2024-04-28,5,4098.88,livré,TNG,Carte,LIV3,2024-05-01
CMD46224,CL0359,P093,May 16 2023,3,2944.11,OK,tanger,Carte,LIV6,
CMD11214,CL0830,P077,Feb 05 2024,2,3725.03,livré,CASABLANCA,Carte,LIV3,2024-02-09
CMD45667,CL0865,P035,2023-04-27,3,2105.14,retourné,casa,Carte,LIV8,2023-05-01
CMD08323,CL0406,P080,14/07/2023,5,1461.29,annulé,TNG,Carte,LIV9,
CMD36701,CL0885,P074,Dec 21 2023,5,3713.59,livré,Tnja,Carte,LIV1,2023-12-26
CMD00907,CL0355,P075,2024-02-02,3,4026.29,LIVRE,TNG,Carte,LIV2,2024-02-05
CMD31018,CL0459,P095,Jan 10 2023,3,1444.18,livré,casa,Carte,LIV7,2023-01-15
CMD16669,CL0339,P100,18/01/2023,4,1852.22,livré,CASABLANCA,Carte,LIV7,2023-01-23
CMD07455,CL0373,P015,2024-04-17,5,138.84,livré,TNG,Carte,LIV4,2024-04-22
CMD21991,CL0440,P064,10/03/2023,4,729.48,livré,tanger,Carte,LIV2,2023-03-15
CMD06454,CL0040,P006,Jul 22 2023,4,4890.34,livré,CASABLANCA,Carte,,2023-07-25
CMD44498,CL0071,P023,Mar 11 2023,4,2011.18,livre,CASABLANCA,Carte,LIV9,
CMD16354,CL0071,P098,11/03/2024,5,4643.43,annulé,marrakech,Carte,,
CMD12064,CL0020,P013,Mar 01 2024,2,500.92,livré,tanger,Carte,LIV9,2024-03-03
CMD25607,CL0268,P012,25/05/2023,4,4786.43,OK,Agadir,Carte,LIV8,
CMD00123,CL0970,P032,2024-03-01,2,1174.31,DONE,kech,Carte,LIV9,2024-03-04
CMD41372,CL0474,P081,11/05/2024,2,1181.98,KO,Agadir,Carte,LIV10,
CMD43160,CL0183,P084,2023-11-08,1,3182.67,LIVRE,Agadir,Carte,LIV4,2023-11-11
CMD38472,CL0787,P065,2023-04-24,5,4273.83,DONE,Tnja,Carte,LIV2,2023-04-25
CMD08128,CL0058,P063,2024-01-10,-1,3416.33,livre,CASABLANCA,Carte,LIV10,
CMD11996,CL0454,P036,Apr 07 2023,1,2756.46,retourné,kech,Carte,LIV8,2023-04-09
CMD15444,CL0052,P057,Feb 28 2024,3,3787.27,en_cours,TANGER,Carte,LIV9,
CMD00481,CL0211,P040,2024-04-21,2,3492.98,en_cours,TNG,Carte,,
CMD17988,CL0189,P074,2023-02-18,2,1562.92,OK,CASABLANCA,Carte,LIV5,
CMD29863,CL0680,P076,Apr 07 2024,4,2492.06,annulé,kech,Carte,LIV5,
CMD20931,CL0747,P006,2023-08-17,1,2869.77,LIVRE,casa,Carte,LIV7,2023-08-20
CMD24357,CL0605,P047,2023-10-04,4,2361.26,livré,casa,Carte,LIV8,2023-10-08
CMD01697,CL0750,P019,Jul 01 2023,5,1100.85,LIVRE,tanger,Carte,LIV5,2023-07-02
CMD06172,CL0662,P050,2024-01-30,1,2608.45,livré,kech,Carte,LIV8,2024-01-31
CMD12635,CL0614,P068,Oct 05 2023,1,793.6,livré,TNG,Carte,LIV7,2023-10-08
CMD29097,CL0745,P065,2023-01-30,4,2604.6,livré,Tnja,Carte,LIV8,2023-02-03
CMD04241,CL0615,P037,2024-02-02,3,3854.76,retourné,casa,Carte,LIV4,2024-02-06
CMD11251,CL0592,P087,2024-03-31,5,1587.79,annulé,marrakech,Carte,LIV2,
CMD25646,CL0723,P048,15/10/2023,3,494.79,LIVRE,RBA,Carte,LIV5,2023-10-17
CMD22306,CL0660,P067,19/07/2023,5,4213.92,OK,casa,Carte,LIV2,
CMD07489,CL0815,P063,2023-02-15,2,555.98,OK,Agadir,Carte,LIV1,
CMD48173,CL0393,P034,11/10/2023,4,3506.67,livre,casa,Carte,LIV8,
CMD08462,CL0112,P018,2023-01-30,5,231.88,en_cours,casa,Carte,LIV2,
CMD36483,CL0952,P093,06/03/2023,4,51.58,retourné,tanger,Carte,LIV7,2023-03-09
CMD32333,CL0681,P061,2023-07-28,5,4765.79,KO,CASABLANCA,Carte,LIV7,
CMD46079,CL0969,P040,Feb 07 2024,1,971.26,KO,Tnja,Carte,LIV9,
CMD42030,CL0363,P019,May 16 2023,3,1895.55,en_cours,Agadir,Carte,LIV4,
CMD37094,CL0145,P088,2023-07-23,2,3476.01,retourné,Tnja,Carte,LIV2,2023-07-27
CMD45377,CL0883,P023,Mar 24 2024,2,1150.93,livré,RBA,Carte,LIV8,2024-03-27
CMD44172,CL0846,P051,2024-02-10,5,1181.09,livré,TANGER,Carte,,2024-02-11
CMD17142,CL0754,P096,2023-08-14,5,2093.32,retourné,TANGER,Carte,LIV4,2023-08-19
CMD26110,CL0851,P019,Oct 04 2023,1,469.94,livré,RBA,Carte,LIV5,2023-10-09
CMD15614,CL0752,P067,Sep 14 2023,2,1171.39,KO,Tnja,Carte,LIV5,
CMD39789,CL0710,P048,26/10/2023,4,2750.9,annulé,TANGER,Carte,LIV1,
CMD14930,CL0410,P084,2024-05-08,3,3888.46,livré,kech,Carte,LIV9,2024-05-09
CMD25286,CL0986,P038,Dec 30 2023,5,3250.25,KO,Tnja,Carte,LIV8,
CMD15180,CL0050,P093,2023-10-24,5,900.53,retourné,marrakech,Carte,LIV3,2023-10-28
CMD12401,CL0991,P024,Mar 21 2023,2,468.21,en_cours,TNG,Carte,LIV3,
CMD24375,CL0489,P100,2023-03-20,3,4202.6,livré,TANGER,Carte,LIV6,2023-03-25
CMD02807,CL0140,P040,2023-02-09,2,3404.0,annulé,casa,Carte,LIV1,
CMD25877,CL0590,P098,2023-10-08,4,4169.14,livré,casa,Carte,LIV5,2023-10-13
CMD12099,CL0478,P082,2023-04-28,3,3140.28,livre,marrakech,Carte,LIV1,
CMD28618,CL0701,P007,29/01/2024,5,4250.51,OK,RBA,Carte,LIV4,
CMD13070,CL0139,P054,Sep 19 2023,1,1361.4,livré,Tnja,Carte,LIV7,2023-09-21
CMD25874,CL0287,P026,2023-02-02,5,4897.73,KO,kech,Carte,LIV5,
CMD48024,CL0315,P087,Jun 22 2023,2,2106.48,DONE,TANGER,Carte,LIV3,2023-06-24
CMD00434,CL0173,P003,Nov 18 2023,4,2920.18,en_cours,marrakech,Carte,LIV4,
CMD31569,CL0607,P096,17/01/2024,1,3379.04,annulé,RBA,Carte,,
CMD26885,CL0279,P068,Jul 18 2023,3,2095.58,LIVRE,tanger,Carte,LIV7,2023-07-22
CMD16434,CL0558,P055,15/06/2023,3,2117.22,OK,TNG,Carte,LIV6,
CMD28861,CL0508,P045,28/03/2024,2,3753.49,en_cours,Agadir,Carte,LIV7,
CMD09858,CL0322,P100,22/06/2023,2,2282.06,retourné,tanger,Carte,LIV9,2023-06-23
CMD33862,CL0064,P012,Mar 09 2023,2,1217.13,en_cours,casa,Carte,LIV9,
CMD46862,CL0269,P020,Sep 19 2023,3,538.66,annulé,CASABLANCA,Carte,,
CMD35343,CL0302,P095,Jun 12 2023,1,3912.23,livre,RBA,Carte,LIV1,
CMD02168,CL0844,P046,20/09/2023,4,1560.06,retourné,tanger,Carte,LIV4,2023-09-22
CMD23303,CL0295,P084,Aug 09 2023,5,228.67,livré,Tnja,Carte,LIV5,2023-08-10
CMD30290,CL0745,P008,20/05/2023,3,1779.38,livré,marrakech,Carte,LIV4,2023-05-25
CMD33074,CL0317,P015,Apr 10 2024,4,84.03,livré,marrakech,Carte,LIV2,2024-04-14
CMD25489,CL0983,P048,01/05/2023,2,2567.9,LIVRE,tanger,Carte,LIV1,2023-05-05
CMD33850,CL0650,P061,12/11/2023,1,237.17,LIVRE,Tnja,Carte,LIV7,2023-11-15
CMD44511,CL0856,P030,Jun 17 2023,4,1884.91,retourné,casa,Carte,LIV2,2023-06-19
CMD19875,CL0943,P087,May 12 2024,2,3135.87,en_cours,Agadir,Carte,LIV1,
CMD23665,CL0552,P078,Apr 19 2024,3,3886.78,livré,Tnja,Carte,LIV8,2024-04-24
CMD45630,CL0333,P008,23/02/2023,1,3153.23,retourné,Tnja,Carte,LIV5,2023-02-24
CMD05882,CL0903,P100,2023-09-03,5,1065.68,retourné,tanger,Carte,LIV6,2023-09-07
CMD10615,CL0855,P072,Jan 19 2024,5,4881.84,en_cours,CASABLANCA,Carte,LIV8,
CMD44317,CL0153,P066,2023-12-15,5,4406.29,DONE,TNG,Carte,LIV6,2023-12-19
CMD03626,CL0720,P051,28/03/2024,5,4867.16,annulé,tanger,Carte,LIV7,
CMD35424,CL0340,P041,Nov 03 2023,1,740.92,livre,CASABLANCA,Carte,LIV7,
CMD07836,CL0526,P095,14/07/2023,1,4354.3,livré,TANGER,Carte,LIV3,2023-07-19
CMD34757,CL0517,P041,10/01/2024,4,4322.61,KO,RBA,Carte,LIV1,
CMD17940,CL0978,P006,07/05/2024,3,4410.76,retourné,TANGER,Carte,LIV4,2024-05-10
CMD30899,CL0664,P058,2024-02-29,5,4775.82,livre,tanger,Carte,LIV8,
CMD45430,CL0226,P051,Dec 20 2023,5,3762.5,KO,RBA,Carte,LIV9,
CMD33196,CL0122,P071,2024-02-13,5,3619.33,DONE,TANGER,Carte,LIV2,2024-02-16
CMD33649,CL0591,P083,11/02/2023,5,1218.57,livré,Agadir,Carte,LIV6,2023-02-14
CMD08134,CL0863,P051,2024-01-15,2,2044.4,DONE,Agadir,Carte,LIV6,2024-01-20
CMD08747,CL0759,P076,2024-04-21,2,4878.01,KO,kech,Carte,LIV7,
CMD39847,CL0529,P086,13/02/2024,3,3821.07,annulé,Tnja,Carte,LIV3,
CMD07619,CL0764,P043,2023-01-23,5,1080.4,annulé,RBA,Carte,LIV7,
CMD22829,CL0821,P060,Feb 28 2023,5,1024.91,KO,CASABLANCA,Carte,LIV4,
CMD11309,CL0424,P079,Jul 14 2023,3,1214.57,KO,kech,Carte,LIV2,
CMD04705,CL0706,P027,Apr 04 2024,5,72.32,LIVRE,Agadir,Carte,LIV1,2024-04-09
CMD39556,CL0827,P026,Mar 02 2023,3,2129.45,livré,RBA,Carte,LIV10,2023-03-04
CMD44901,CL0162,P070,Jun 29 2023,4,315.07,annulé,Agadir,Carte,LIV4,
CMD04256,CL0511,P056,11/07/2023,1,287.79,KO,marrakech,Carte,LIV10,
CMD17203,CL0179,P028,26/10/2023,4,877.37,OK,Agadir,Carte,LIV5,
CMD10225,CL0415,P044,Apr 30 2024,5,445.03,LIVRE,casa,Carte,LIV5,2024-05-01
CMD06729,CL0056,P019,2023-06-21,5,1258.1,livre,TANGER,Carte,LIV4,
CMD42138,CL0918,P064,20/09/2023,1,4868.31,livre,CASABLANCA,Carte,LIV9,
CMD27295,CL0287,P007,Mar 22 2023,2,3715.22,DONE,tanger,Carte,LIV8,2023-03-25
CMD10601,CL0320,P043,Sep 01 2023,1,4925.43,livré,Agadir,Carte,LIV3,2023-09-03
CMD11817,CL0488,P089,20/12/2023,2,4826.27,livré,tanger,Carte,LIV5,2023-12-21
CMD23884,CL0766,P068,May 14 2024,2,3038.81,OK,marrakech,Carte,LIV9,
CMD09386,CL0945,P058,Mar 01 2023,5,3480.87,LIVRE,Tnja,Carte,LIV8,2023-03-05
CMD32074,CL0845,P061,19/02/2024,5,3940.68,KO,marrakech,Carte,LIV5,
CMD37064,CL0113,P002,26/11/2023,1,0,livré,TNG,Carte,LIV1,2023-11-29
CMD27125,CL0594,P082,Oct 19 2023,3,4692.97,retourné,kech,Carte,LIV8,2023-10-22
CMD22266,CL0586,P062,Feb 23 2024,3,4479.58,livré,tanger,Carte,LIV1,2024-02-24
CMD15558,CL0753,P073,2023-01-19,3,3980.35,DONE,Agadir,Carte,LIV4,2023-01-23
CMD37696,CL0628,P028,2024-05-03,5,1465.26,OK,casa,Carte,LIV7,
CMD05846,CL0998,P077,2023-01-02,1,2105.11,DONE,CASABLANCA,Carte,,2023-01-03
CMD01592,CL0268,P076,Feb 13 2024,2,2908.62,OK,Agadir,Carte,LIV6,
CMD47790,CL0102,P043,2023-06-22,2,4167.74,livre,tanger,Carte,LIV7,
CMD23296,CL0209,P098,Jun 05 2023,5,2990.8,livré,TANGER,Carte,LIV2,2023-06-08
CMD05408,CL0629,P078,2023-10-04,1,2992.12,DONE,tanger,Carte,LIV7,2023-10-08
CMD26334,CL0804,P066,31/05/2023,5,4674.16,livré,TNG,Carte,LIV3,2023-06-04
CMD13488,CL0821,P074,2023-12-16,3,577.33,OK,casa,Carte,LIV7,
CMD19326,CL0579,P084,2024-02-11,2,513.39,en_cours,TNG,Carte,LIV3,
CMD02447,CL0725,P008,Feb 22 2023,4,2582.84,livré,Tnja,Carte,LIV7,2023-02-23
CMD39912,CL0357,P083,07/12/2023,1,4195.04,en_cours,casa,Carte,LIV3,
CMD04130,CL0455,P077,2024-05-05,2,3027.92,KO,TNG,Carte,LIV7,
CMD03561,CL0547,P022,2023-11-24,3,2395.69,LIVRE,CASABLANCA,Carte,LIV7,2023-11-26
CMD45312,CL0727,P057,Jul 20 2023,1,1565.53,livré,CASABLANCA,Carte,LIV6,2023-07-24
CMD31619,CL0038,P068,06/05/2023,2,881.81,livré,kech,Carte,LIV5,2023-05-08
CMD33431,CL0982,P050,Nov 08 2023,5,2015.52,livre,TANGER,Carte,LIV3,
CMD21542,CL0969,P049,10/12/2023,4,1857.59,livre,RBA,Carte,LIV2,
CMD37357,CL0671,P016,Dec 11 2023,3,3728.62,OK,RBA,Carte,LIV6,
CMD04592,CL0300,P052,Feb 07 2023,2,933.68,livré,RBA,Carte,LIV9,2023-02-08
CMD29267,CL0119,P082,03/05/2023,4,2301.9,OK,TNG,Carte,LIV10,
CMD02327,CL0557,P076,2023-02-22,4,4434.93,KO,casa,Carte,LIV3,
CMD18704,CL0193,P055,16/07/2023,5,501.39,retourné,RBA,Carte,LIV1,2023-07-17
CMD22121,CL0436,P023,18/01/2024,4,2397.38,OK,Agadir,Carte,LIV10,
CMD26398,CL0406,P063,2023-06-15,1,4749.56,KO,CASABLANCA,Carte,LIV10,
CMD17868,CL0562,P072,2024-04-16,1,476.23,LIVRE,TNG,Carte,LIV6,2024-04-21
CMD02255,CL0528,P092,24/08/2023,3,918.92,en_cours,TNG,Carte,LIV7,
CMD40545,CL0498,P046,2023-02-18,1,0,livré,Agadir,Carte,LIV1,2023-02-23
CMD22956,CL0969,P058,13/05/2023,2,4640.74,livré,casa,Carte,LIV3,2023-05-18
CMD08178,CL0285,P019,26/03/2024,3,523.87,livre,RBA,Carte,,
CMD27017,CL0280,P044,2023-11-16,5,3784.03,livré,marrakech,Carte,LIV10,2023-11-18
CMD23299,CL0800,P096,Feb 21 2023,4,1622.33,annulé,Agadir,Carte,,
CMD02487,CL0180,P053,2023-01-23,5,4058.38,en_cours,tanger,Carte,LIV1,
CMD08245,CL0683,P004,2023-09-18,4,1297.78,livré,Agadir,Carte,LIV3,2023-09-22
CMD40586,CL0680,P043,25/11/2023,4,1746.14,en_cours,Tnja,Carte,LIV4,
CMD05837,CL0477,P085,Jan 15 2023,3,1275.06,DONE,RBA,Carte,LIV9,2023-01-16
CMD20498,CL0656,P061,06/04/2023,5,0,KO,TANGER,Carte,LIV6,
CMD18648,CL0261,P034,2023-09-27,4,4472.44,livré,marrakech,Carte,LIV9,2023-09-30
CMD27806,CL0194,P087,05/01/2024,4,106.77,livré,kech,Carte,LIV5,2024-01-06
CMD06626,CL0891,P030,07/02/2023,1,3692.19,DONE,casa,Carte,LIV9,2023-02-11
CMD14402,CL0106,P026,28/01/2024,1,735.81,OK,TNG,Carte,LIV5,
CMD21843,CL0111,P035,2023-11-26,2,977.97,annulé,RBA,Carte,LIV2,
CMD31447,CL0042,P076,2024-03-29,3,4449.27,livré,marrakech,Carte,LIV8,2024-04-03
CMD07669,CL0317,P033,2023-04-18,4,3878.15,LIVRE,CASABLANCA,Carte,LIV3,2023-04-21
CMD47102,CL0366,P067,30/04/2023,1,2895.4,OK,tanger,Carte,LIV7,
CMD24803,CL0021,P006,2024-01-05,3,2315.72,KO,tanger,Carte,LIV7,
CMD29621,CL0713,P055,2023-01-13,1,384.95,KO,RBA,Carte,LIV7,
CMD08310,CL0304,P077,2023-09-07,5,1461.46,OK,marrakech,Carte,LIV7,
CMD09006,CL0288,P035,2024-05-01,2,3728.67,livré,TNG,Carte,LIV9,2024-05-04
CMD27406,CL0691,P065,Jan 28 2023,3,3209.26,DONE,tanger,Carte,LIV9,2023-01-29
CMD33305,CL0758,P020,2023-03-19,4,2864.13,KO,Tnja,Carte,,
CMD15221,CL0938,P069,01/03/2023,2,4978.06,DONE,kech,Carte,LIV1,2023-03-04
CMD44367,CL0111,P081,2023-01-31,4,4346.32,annulé,kech,Carte,LIV5,
CMD29742,CL0622,P036,2023-09-24,1,4968.47,en_cours,CASABLANCA,Carte,LIV3,
CMD02288,CL0147,P013,2023-03-14,5,3499.42,livré,marrakech,Carte,LIV7,2023-03-16
CMD21052,CL0074,P023,2023-06-02,3,1500.27,en_cours,tanger,Carte,LIV3,
CMD20360,CL0870,P084,2023-12-05,1,3957.43,livré,marrakech,Carte,LIV4,2023-12-10
CMD19852,CL0561,P071,22/04/2023,3,927.07,KO,TANGER,Carte,LIV4,
CMD07267,CL0828,P022,07/02/2023,5,801.09,livré,CASABLANCA,Carte,LIV2,2023-02-11
CMD25167,CL0259,P050,2023-10-06,2,2223.52,LIVRE,kech,Carte,LIV2,2023-10-10
CMD22277,CL0600,P033,Sep 06 2023,5,980.42,livré,marrakech,Carte,LIV7,2023-09-11
CMD28620,CL0910,P063,2023-11-09,5,4402.06,KO,kech,Carte,LIV7,
CMD12631,CL0898,P004,2024-03-04,3,4870.68,livré,RBA,Carte,LIV7,2024-03-09
CMD01999,CL0994,P013,09/05/2024,2,4183.78,livré,Tnja,Carte,LIV2,2024-05-12
CMD39284,CL0187,P019,2024-01-05,1,4539.27,livre,Agadir,Carte,LIV1,
CMD12318,CL0145,P069,21/09/2023,3,3476.75,en_cours,CASABLANCA,Carte,,
CMD13522,CL0914,P031,17/04/2023,3,2300.1,livré,kech,Carte,LIV9,2023-04-22
CMD28964,CL0364,P007,2023-01-07,5,903.51,livré,Tnja,Carte,,2023-01-10
CMD40090,CL0831,P056,Sep 24 2023,4,884.78,DONE,tanger,Carte,LIV10,2023-09-29
CMD19529,CL0621,P026,2023-07-20,2,2324.16,retourné,CASABLANCA,Carte,LIV8,2023-07-25
CMD23894,CL0660,P019,Feb 08 2023,3,3644.44,LIVRE,tanger,Carte,LIV7,2023-02-09
CMD35684,CL0748,P009,2024-02-22,4,2186.21,retourné,Agadir,Carte,LIV10,2024-02-25
CMD37419,CL0083,P081,Mar 12 2023,5,1948.62,OK,TANGER,Carte,LIV3,
CMD06400,CL0067,P073,2023-12-08,3,210.04,en_cours,tanger,Carte,LIV5,
CMD21192,CL0958,P071,2024-04-03,3,616.53,KO,TANGER,Carte,LIV5,
CMD32640,CL0882,P080,Feb 04 2023,5,2767.38,annulé,CASABLANCA,Carte,LIV5,
CMD36334,CL0207,P066,07/08/2023,4,1186.27,livré,kech,Carte,LIV1,2023-08-09
CMD32449,CL0771,P072,18/12/2023,2,293.15,en_cours,CASABLANCA,Carte,LIV3,
CMD42915,CL0893,P086,Apr 12 2024,-1,2274.59,LIVRE,RBA,Carte,LIV5,2024-04-13
CMD15595,CL0393,P096,10/08/2023,5,4113.43,DONE,kech,Carte,LIV7,2023-08-14
CMD09258,CL0520,P027,2023-09-20,4,3926.29,livré,CASABLANCA,Carte,LIV5,2023-09-21
CMD15346,CL0658,P057,2023-09-01,1,4694.58,en_cours,TANGER,Carte,LIV10,
CMD07722,CL0091,P030,14/12/2023,3,1796.13,livré,casa,Carte,LIV1,2023-12-19
CMD18685,CL0425,P050,25/03/2023,2,2402.75,DONE,casa,Carte,LIV5,2023-03-28
CMD04404,CL0218,P012,Jun 30 2023,4,4506.19,DONE,casa,Carte,LIV10,2023-07-05
CMD14448,CL0529,P093,Mar 08 2023,4,2518.22,OK,Agadir,Carte,LIV1,
CMD18992,CL0892,P005,2023-01-18,1,4735.38,KO,TNG,Carte,LIV2,
CMD33829,CL0993,P064,2023-09-24,1,3623.24,en_cours,TANGER,Carte,LIV8,
CMD25657,CL0263,P019,Feb 05 2024,2,3763.91,KO,tanger,Carte,LIV10,
CMD19674,CL0411,P096,01/03/2023,1,1314.11,livré,kech,Carte,LIV9,2023-03-02
CMD41286,CL0722,P072,Aug 02 2023,3,1401.79,livre,Tnja,Carte,LIV1,
CMD11180,CL0113,P034,Feb 09 2024,1,1868.26,livre,kech,Carte,LIV4,
CMD27834,CL0996,P027,Feb 04 2024,2,150.68,annulé,casa,Carte,LIV4,
CMD30613,CL0758,P083,Oct 25 2023,4,1598.67,livré,marrakech,Carte,LIV8,2023-10-30
CMD10037,CL0495,P078,2023-08-12,5,2543.81,livré,kech,Carte,LIV6,2023-08-16
CMD45253,CL0973,P002,20/02/2024,4,1078.1,livre,TNG,Carte,LIV10,
CMD08020,CL0645,P078,2023-12-02,3,76.31,LIVRE,casa,Carte,LIV4,2023-12-04
CMD05783,CL0068,P024,Jan 03 2024,5,4473.55,livre,marrakech,Carte,,
CMD43427,CL0094,P049,Nov 18 2023,1,4883.51,retourné,CASABLANCA,Carte,LIV1,2023-11-19
CMD31075,CL0534,P050,Dec 20 2023,1,336.95,livré,TANGER,Carte,LIV2,2023-12-22
CMD36109,CL0547,P054,2023-09-27,5,2531.71,livre,Agadir,Carte,LIV5,
CMD46519,CL0702,P011,Feb 25 2023,3,2238.34,livré,RBA,Carte,LIV1,2023-02-28
CMD23319,CL0287,P096,20/04/2023,4,4968.94,en_cours,TNG,Carte,LIV3,
CMD44046,CL0596,P057,30/05/2023,3,3376.94,livré,Agadir,Carte,LIV4,2023-06-04
CMD06357,CL0409,P008,Jul 17 2023,2,3709.2,KO,TANGER,Carte,LIV7,
CMD32228,CL0618,P018,16/05/2023,2,1297.2,livré,kech,Carte,LIV6,2023-05-17
CMD39266,CL0588,P024,21/05/2023,-1,3905.86,livré,TANGER,Carte,LIV8,2023-05-24
CMD04411,CL0174,P094,06/08/2023,3,391.64,livré,Agadir,Carte,LIV1,2023-08-08
CMD36087,CL0110,P022,Aug 02 2023,4,1575.69,KO,tanger,Carte,LIV9,
CMD15953,CL0446,P092,Sep 02 2023,3,3396.68,livré,Agadir,Carte,LIV5,2023-09-05
CMD13757,CL0442,P090,13/09/2023,5,4250.54,DONE,Tnja,Carte,LIV9,2023-09-15
CMD06296,CL0458,P022,Apr 10 2023,3,2443.52,annulé,RBA,Carte,LIV1,
CMD14030,CL0827,P058,2023-09-21,2,4811.54,KO,tanger,Carte,LIV8,
CMD01361,CL0489,P009,11/05/2023,5,1682.54,livré,Agadir,Carte,LIV9,2023-05-14
CMD07366,CL0323,P050,2023-03-20,2,4492.64,DONE,TANGER,Carte,LIV2,2023-03-25
CMD37964,CL0954,P071,20/04/2023,1,2397.33,KO,CASABLANCA,Carte,LIV9,
CMD23849,CL0211,P076,2023-07-06,1,4060.92,retourné,tanger,Carte,LIV9,2023-07-07
CMD15017,CL0223,P100,Sep 04 2023,2,4607.61,livré,TNG,Carte,LIV1,2023-09-06
CMD23735,CL0897,P014,24/02/2024,1,4759.2,livré,tanger,Carte,LIV6,2024-02-27
CMD12751,CL0224,P040,Aug 03 2023,3,950.67,livre,CASABLANCA,Carte,LIV6,
CMD31889,CL0365,P037,14/12/2023,3,3986.33,KO,Agadir,Carte,LIV1,
CMD00054,CL0869,P067,2024-03-07,5,104.16,livre,marrakech,Carte,LIV1,
CMD23783,CL0853,P055,27/01/2024,5,4922.1,livré,tanger,Carte,LIV4,2024-01-31
CMD33846,CL0774,P035,2023-06-25,4,4676.27,livre,casa,Carte,LIV8,
CMD04264,CL0753,P044,Aug 25 2023,2,1163.36,livre,CASABLANCA,Carte,LIV7,
CMD13711,CL0536,P022,14/05/2023,5,3312.38,OK,Agadir,Carte,,
CMD31458,CL0834,P023,May 22 2023,2,4326.84,OK,CASABLANCA,Carte,LIV6,
CMD07629,CL0557,P025,2024-03-31,5,3179.78,livré,Agadir,Carte,LIV3,2024-04-01
CMD46691,CL0942,P025,22/05/2023,2,734.0,OK,tanger,Carte,LIV7,
CMD19798,CL0859,P065,19/07/2023,5,4443.74,annulé,RBA,Carte,LIV2,
CMD47653,CL0543,P064,24/07/2023,2,4628.18,DONE,casa,Carte,,2023-07-27
CMD21565,CL0497,P043,Jan 17 2024,5,2514.52,KO,RBA,Carte,LIV6,
CMD15699,CL0087,P025,25/12/2023,3,105.79,livré,casa,Carte,LIV1,2023-12-30
CMD39827,CL0158,P019,28/10/2023,4,3418.94,retourné,RBA,Carte,LIV3,2023-10-29
CMD08639,CL0506,P006,Apr 18 2024,3,2744.28,annulé,marrakech,Carte,,
CMD30419,CL0150,P029,2023-12-06,3,4864.88,OK,CASABLANCA,Carte,LIV6,
CMD05452,CL0038,P040,21/10/2023,5,2115.73,KO,tanger,Carte,LIV10,
CMD42411,CL0307,P011,2023-08-14,4,1652.97,OK,TANGER,Carte,LIV3,
CMD38007,CL0607,P031,18/08/2023,1,2479.37,annulé,kech,Carte,LIV3,
CMD02166,CL0953,P037,Jun 16 2023,4,3022.29,OK,RBA,Carte,LIV6,
CMD45921,CL0190,P025,28/05/2023,1,2146.1,en_cours,tanger,Carte,LIV1,
CMD39472,CL0651,P031,2023-08-28,5,3356.18,retourné,RBA,Carte,LIV8,2023-09-02
CMD47887,CL0511,P052,2023-02-16,4,4136.56,en_cours,marrakech,Carte,LIV2,
CMD31451,CL0377,P029,17/08/2023,1,2825.79,KO,marrakech,Carte,LIV1,
CMD00532,CL0867,P035,Apr 03 2023,2,487.78,livré,kech,Carte,LIV10,2023-04-04
CMD45649,CL0513,P056,Feb 26 2023,4,976.31,livré,casa,Carte,LIV1,2023-02-27
CMD19045,CL0255,P098,Jan 01 2024,2,4820.85,KO,marrakech,Carte,LIV9,
CMD15394,CL0012,P077,2023-04-28,4,4457.69,DONE,CASABLANCA,Carte,LIV8,2023-04-30
CMD38867,CL0705,P015,2023-04-11,2,3426.89,OK,marrakech,Carte,LIV2,
CMD41836,CL0285,P039,08/03/2024,1,1325.97,KO,marrakech,Carte,LIV8,
CMD36297,CL0276,P012,Jun 04 2023,1,2067.57,livré,CASABLANCA,Carte,LIV2,2023-06-07
CMD39796,CL0497,P071,Jan 10 2024,5,741.12,KO,kech,Carte,LIV8,
CMD41801,CL0341,P026,2023-07-29,4,1264.64,retourné,Tnja,Carte,LIV9,2023-08-03
CMD33104,CL0785,P099,Sep 21 2023,1,1375.55,DONE,marrakech,Carte,LIV2,2023-09-24
CMD38563,CL0630,P024,14/06/2023,3,1222.71,livré,TNG,Carte,LIV3,2023-06-19
CMD08203,CL0342,P085,2023-09-03,3,4179.06,DONE,RBA,Carte,LIV7,2023-09-08
CMD24303,CL0269,P089,05/02/2024,2,1114.04,DONE,Agadir,Carte,LIV7,2024-02-09
CMD36102,CL0440,P069,2023-01-09,4,3908.34,DONE,TANGER,Carte,LIV3,2023-01-10
CMD30094,CL0935,P062,Mar 06 2023,4,2816.78,DONE,TNG,Carte,LIV10,2023-03-09
CMD31300,CL0182,P099,2023-03-16,2,3477.57,retourné,RBA,Carte,LIV7,2023-03-19
CMD08305,CL0842,P081,09/04/2024,5,1059.67,KO,TANGER,Carte,LIV8,
CMD19185,CL0910,P012,2024-01-30,3,4848.91,OK,Agadir,Carte,LIV2,
CMD38461,CL0610,P041,Nov 27 2023,2,1457.44,LIVRE,kech,Carte,LIV3,2023-12-01
CMD26980,CL0592,P086,Oct 10 2023,3,4905.79,retourné,kech,Carte,LIV2,2023-10-11
CMD45029,CL0091,P055,Oct 09 2023,2,2287.56,livré,casa,Carte,LIV8,2023-10-11
CMD12677,CL0977,P027,08/02/2024,3,4158.15,livre,Agadir,Carte,LIV2,
CMD25132,CL0065,P080,25/08/2023,5,3045.12,KO,CASABLANCA,Carte,LIV8,
CMD44085,CL0558,P005,2023-07-23,2,2177.09,KO,kech,Carte,LIV2,
CMD48373,CL0097,P001,05/01/2023,2,1346.3,livré,TANGER,Carte,LIV10,2023-01-08
CMD23639,CL0318,P025,02/06/2023,2,3554.99,retourné,marrakech,Carte,LIV7,2023-06-05
CMD11502,CL0507,P099,20/08/2023,5,4359.3,livré,CASABLANCA,Carte,LIV1,2023-08-23
CMD39429,CL0061,P058,Jun 27 2023,2,2323.11,KO,marrakech,Carte,LIV2,
CMD31977,CL0775,P059,May 07 2023,3,3320.3,retourné,marrakech,Carte,LIV3,2023-05-10
CMD20349,CL0095,P008,Jan 12 2024,2,4470.77,livré,tanger,Carte,LIV5,2024-01-14
CMD21146,CL0664,P004,06/07/2023,4,2357.76,livré,casa,Carte,LIV2,2023-07-09
CMD37327,CL0049,P072,Oct 07 2023,1,2433.1,livré,Agadir,Carte,LIV3,2023-10-09
CMD02663,CL0695,P057,2024-05-08,5,136.84,OK,Agadir,Carte,LIV5,
CMD16949,CL0765,P062,31/08/2023,3,1902.9,KO,Agadir,Carte,LIV2,
CMD26332,CL0804,P065,30/12/2023,2,4296.8,KO,Agadir,Carte,LIV7,
CMD39700,CL0335,P053,2024-04-04,4,556.78,livré,Tnja,Carte,LIV6,2024-04-07
CMD22787,CL0092,P085,Sep 16 2023,4,2775.81,livré,kech,Carte,LIV9,2023-09-19
CMD07329,CL0714,P083,04/03/2023,1,2268.4,KO,kech,Carte,LIV2,
CMD44985,CL0345,P084,Mar 30 2024,4,2873.8,LIVRE,casa,Carte,LIV7,2024-03-31
CMD38182,CL0824,P090,2023-06-01,3,409.07,livré,Tnja,Carte,LIV7,2023-06-02
CMD08120,CL0308,P057,27/08/2023,4,53.58,en_cours,TNG,Carte,LIV9,
CMD35112,CL0771,P059,17/10/2023,1,0,livre,tanger,Carte,LIV9,
CMD26085,CL0047,P083,12/07/2023,5,1251.2,OK,Agadir,Carte,LIV2,
CMD44065,CL0091,P091,Jun 05 2023,4,3399.87,KO,Agadir,Carte,LIV9,
CMD18658,CL0910,P041,Mar 14 2023,4,4622.37,KO,TNG,Carte,LIV5,
CMD02495,CL0706,P011,Feb 07 2023,1,4694.87,LIVRE,tanger,Carte,LIV4,2023-02-12
CMD34496,CL0119,P043,01/08/2023,4,1514.26,livre,RBA,Carte,LIV10,
CMD06234,CL0577,P093,Feb 28 2023,2,3675.52,livré,RBA,Carte,LIV2,2023-03-04
CMD04242,CL0346,P010,09/04/2024,5,4689.39,retourné,marrakech,Carte,LIV2,2024-04-13
CMD46664,CL0974,P072,2024-01-30,2,4418.72,LIVRE,TNG,Carte,LIV1,2024-02-01
CMD39857,CL0730,P060,Jun 28 2023,5,1085.52,DONE,TANGER,Carte,LIV9,2023-07-01
CMD01838,CL0726,P032,14/02/2023,1,1880.14,livré,tanger,Carte,LIV5,2023-02-17
CMD44154,CL0852,P095,07/03/2023,1,4655.4,OK,marrakech,Carte,LIV7,
CMD32163,CL0704,P013,11/08/2023,3,972.98,livré,marrakech,Carte,LIV10,2023-08-13
CMD21493,CL0476,P063,12/05/2024,1,4706.84,en_cours,TANGER,Carte,LIV6,
CMD45876,CL0161,P022,Jul 15 2023,3,4926.32,DONE,Agadir,Carte,LIV5,2023-07-17
CMD35989,CL0765,P075,Jan 25 2024,1,3583.12,DONE,TANGER,Carte,LIV6,2024-01-26
CMD24100,CL0345,P092,Mar 25 2023,2,4708.12,retourné,CASABLANCA,Carte,LIV9,2023-03-26
CMD09631,CL0060,P002,20/12/2023,5,1814.86,annulé,marrakech,Carte,LIV7,
CMD00093,CL0062,P064,2023-10-24,5,0,DONE,TANGER,Carte,LIV2,2023-10-26
CMD28641,CL0232,P043,2023-07-19,3,4759.96,livré,kech,Carte,LIV7,2023-07-22
CMD35142,CL0267,P041,2023-07-17,4,1263.92,retourné,casa,Carte,LIV10,2023-07-22
CMD09438,CL0961,P068,Jul 22 2023,2,3183.17,livré,Agadir,Carte,,2023-07-25
CMD17033,CL0230,P007,19/03/2023,2,2784.54,DONE,Tnja,Carte,LIV7,2023-03-20
CMD02449,CL0957,P068,2023-06-02,3,99.28,livré,TANGER,Carte,LIV9,2023-06-03
CMD40196,CL0779,P061,24/04/2023,5,4869.79,livré,casa,Carte,LIV9,2023-04-28
CMD03921,CL0026,P046,May 30 2023,1,457.86,OK,TNG,Carte,LIV2,
CMD00840,CL0091,P046,Sep 08 2023,4,270.14,annulé,tanger,Carte,LIV8,
CMD38692,CL0014,P012,2023-02-28,4,3760.54,KO,kech,Carte,LIV4,
CMD27783,CL0303,P049,17/08/2023,4,1603.37,retourné,TNG,Carte,LIV4,2023-08-21
CMD23087,CL0913,P002,Jan 27 2023,1,4263.88,livre,TNG,Carte,LIV4,
CMD33388,CL0089,P011,Feb 29 2024,1,639.09,livré,casa,Carte,LIV1,2024-03-01
CMD02045,CL0692,P088,12/12/2023,5,3844.58,livré,tanger,Carte,,2023-12-14
CMD38421,CL0817,P022,2024-03-19,3,2741.79,retourné,CASABLANCA,Carte,LIV7,2024-03-23
CMD24099,CL0724,P041,31/07/2023,3,4386.43,LIVRE,tanger,Carte,LIV5,2023-08-02
CMD14196,CL0294,P041,06/02/2023,4,1931.72,OK,marrakech,Carte,LIV6,
CMD05700,CL0668,P053,Dec 03 2023,5,4565.07,livré,TANGER,Carte,LIV8,2023-12-05
CMD00233,CL0864,P038,02/10/2023,4,51.73,DONE,casa,Carte,LIV8,2023-10-03
CMD39121,CL0516,P007,Mar 16 2024,4,2541.75,livré,CASABLANCA,Carte,LIV6,2024-03-19
CMD26137,CL0189,P012,2023-07-19,1,1177.14,livre,kech,Carte,,
CMD29752,CL0527,P003,2023-01-21,4,598.57,livré,marrakech,Carte,LIV3,2023-01-24
CMD34098,CL0647,P006,2023-03-17,4,4411.67,annulé,casa,Carte,LIV4,
CMD18325,CL0468,P087,25/03/2023,2,3668.38,en_cours,Agadir,Carte,LIV9,
CMD08471,CL0301,P094,09/12/2023,3,1777.66,annulé,tanger,Carte,LIV4,
CMD31911,CL0452,P030,04/08/2023,1,1147.27,livré,Agadir,Carte,LIV2,2023-08-08
CMD35160,CL0504,P099,2023-05-12,3,4597.55,OK,tanger,Carte,LIV10,
CMD15232,CL0422,P071,Mar 24 2023,5,1156.9,LIVRE,marrakech,Carte,LIV7,2023-03-27
CMD34294,CL0630,P071,Feb 13 2024,4,4649.94,OK,casa,Carte,LIV10,
CMD16496,CL0902,P090,2023-04-14,3,2136.46,livre,Agadir,Carte,LIV1,
CMD37194,CL0744,P069,25/02/2024,1,521.78,livré,TANGER,Carte,LIV10,2024-02-27
CMD31622,CL0685,P045,2023-02-04,3,3156.14,LIVRE,marrakech,Carte,LIV6,2023-02-05
CMD44679,CL0572,P001,2023-10-05,5,3084.28,en_cours,TANGER,Carte,LIV10,
CMD30140,CL0557,P081,2023-11-02,3,3745.29,livre,RBA,Carte,LIV2,
CMD37807,CL0014,P087,2024-05-10,2,4601.23,annulé,CASABLANCA,Carte,LIV4,
CMD28023,CL0444,P072,2024-03-22,1,1053.51,livré,Agadir,Carte,LIV10,2024-03-25
CMD17863,CL0486,P016,17/05/2023,5,979.03,livré,casa,Carte,LIV5,2023-05-18
CMD29943,CL0422,P088,06/12/2023,4,2484.43,livré,RBA,Carte,LIV8,2023-12-07
CMD31617,CL0433,P033,2024-05-15,5,1279.91,retourné,Agadir,Carte,LIV8,2024-05-18
CMD26317,CL0938,P058,Jan 24 2024,3,2093.09,OK,marrakech,Carte,LIV8,
CMD00202,CL0485,P062,2023-09-28,5,611.58,livré,TNG,Carte,LIV1,2023-10-01
CMD20299,CL0724,P022,2023-06-18,3,1793.75,DONE,Agadir,Carte,,2023-06-23
CMD13199,CL0546,P093,21/06/2023,3,4180.05,livré,Agadir,Carte,LIV10,2023-06-22
CMD31156,CL0765,P015,Dec 20 2023,3,2182.64,LIVRE,tanger,Carte,LIV4,2023-12-22
CMD14208,CL0871,P097,09/03/2024,1,2132.81,KO,Agadir,Carte,LIV3,
CMD35559,CL0581,P065,2023-10-16,2,4316.57,OK,kech,Carte,LIV2,
CMD16224,CL0635,P098,22/08/2023,2,1412.68,DONE,Agadir,Carte,LIV8,2023-08-27
CMD33379,CL0416,P063,20/04/2023,1,2964.01,annulé,marrakech,Carte,LIV4,
CMD04263,CL0785,P065,23/07/2023,1,143.95,en_cours,tanger,Carte,LIV2,
CMD38698,CL0981,P059,02/03/2024,2,2931.19,en_cours,casa,Carte,LIV10,
CMD46216,CL0142,P038,10/01/2023,5,3107.64,livré,CASABLANCA,Carte,LIV9,2023-01-13
CMD40820,CL0912,P029,Nov 25 2023,3,1719.84,annulé,casa,Carte,LIV9,
CMD02323,CL0176,P077,09/08/2023,2,4385.91,livré,RBA,Carte,,2023-08-12
CMD08694,CL0291,P027,Sep 28 2023,4,3335.94,en_cours,CASABLANCA,Carte,LIV6,
CMD26609,CL0651,P090,2023-12-23,-1,4262.71,livre,TANGER,Carte,LIV5,
CMD07757,CL0947,P029,Apr 03 2023,4,1511.33,livre,TNG,Carte,LIV7,
CMD47813,CL0629,P049,Mar 28 2023,4,0,livré,RBA,Carte,LIV8,2023-03-29
CMD33162,CL0220,P041,May 17 2023,2,4734.73,livré,casa,Carte,LIV4,2023-05-22
CMD28315,CL0018,P018,Dec 09 2023,1,659.05,annulé,tanger,Carte,LIV10,
CMD43694,CL0904,P070,Jan 21 2023,2,1053.26,en_cours,Tnja,Carte,LIV3,
CMD00330,CL0999,P020,29/02/2024,2,3797.83,en_cours,casa,Carte,LIV7,
CMD01304,CL0356,P060,Sep 26 2023,5,4042.22,livré,Agadir,Carte,LIV3,2023-09-29
CMD24790,CL0571,P055,Jan 16 2024,5,2916.32,annulé,Agadir,Carte,LIV6,
CMD46699,CL0514,P018,2023-12-30,3,3668.39,livré,Agadir,Carte,LIV9,2024-01-04
CMD00368,CL0270,P034,2023-08-01,1,3043.93,KO,TNG,Carte,LIV1,
CMD31444,CL0079,P089,Jun 02 2023,3,3686.91,DONE,casa,Carte,LIV8,2023-06-04
CMD47325,CL0421,P050,19/02/2024,1,3780.2,LIVRE,marrakech,Carte,LIV7,2024-02-23
CMD12403,CL0271,P084,2023-10-23,3,1287.65,en_cours,RBA,Carte,LIV5,
CMD37680,CL0982,P072,20/04/2023,5,4732.12,livre,marrakech,Carte,LIV9,
CMD06988,CL0244,P075,2024-05-09,3,1520.19,en_cours,TANGER,Carte,LIV9,
CMD43626,CL0150,P059,Feb 18 2024,1,4465.17,livré,TNG,Carte,LIV4,2024-02-20
CMD31834,CL0522,P036,22/03/2024,1,4194.66,annulé,casa,Carte,LIV7,
CMD32798,CL0032,P044,Nov 13 2023,4,789.62,livré,TANGER,Carte,LIV2,2023-11-14
CMD16695,CL0291,P013,Mar 24 2024,2,4976.34,retourné,kech,Carte,LIV7,2024-03-25
CMD43767,CL0940,P040,2023-10-26,4,2864.54,annulé,tanger,Carte,LIV6,
CMD48102,CL0763,P074,2024-05-13,5,3955.88,LIVRE,casa,Carte,LIV3,2024-05-17
CMD17431,CL0067,P079,21/09/2023,5,4511.19,KO,RBA,Carte,,
CMD13155,CL0265,P051,Feb 24 2024,4,187.12,livré,RBA,Carte,LIV7,2024-02-26
CMD21116,CL0438,P077,09/01/2024,4,4850.08,livré,Tnja,Carte,LIV10,2024-01-13
CMD05493,CL0065,P040,2023-03-01,3,2296.21,LIVRE,Agadir,Carte,LIV3,2023-03-02
CMD24348,CL0423,P024,2024-04-11,1,63.42,OK,TNG,Carte,LIV8,
CMD36210,CL0402,P011,05/10/2023,4,448.13,en_cours,TANGER,Carte,LIV6,
CMD32835,CL0570,P058,2023-10-05,2,4166.06,annulé,CASABLANCA,Carte,LIV10,
CMD35815,CL0078,P017,May 28 2023,1,4411.79,livré,Agadir,Carte,LIV1,2023-05-29
CMD16506,CL0929,P002,15/11/2023,5,4989.11,en_cours,marrakech,Carte,LIV6,
CMD10058,CL0518,P087,03/03/2024,4,103.51,annulé,Agadir,Carte,LIV5,
CMD38258,CL0559,P003,27/04/2024,5,4013.06,annulé,tanger,Carte,LIV1,
CMD03615,CL0403,P025,Sep 14 2023,5,4905.33,en_cours,CASABLANCA,Carte,LIV6,
CMD30972,CL0742,P083,27/02/2024,4,778.79,annulé,RBA,Carte,LIV7,
CMD06685,CL0993,P037,2023-11-19,3,537.42,LIVRE,kech,Carte,LIV9,2023-11-24
CMD37207,CL0826,P085,2023-09-26,5,896.9,livré,tanger,Carte,,2023-09-28
CMD04924,CL0279,P046,2023-02-06,3,4634.67,KO,Agadir,Carte,LIV1,
CMD10332,CL0689,P086,14/06/2023,3,4176.27,livré,tanger,Carte,LIV9,2023-06-19
CMD16190,CL0232,P052,2024-03-27,3,2999.22,livré,casa,Carte,LIV7,2024-03-30
CMD04509,CL0766,P072,2023-08-29,3,2447.58,livré,Agadir,Carte,LIV4,2023-09-03
CMD29955,CL0073,P078,01/08/2023,1,1221.29,annulé,Tnja,Carte,LIV5,
CMD05566,CL0596,P038,2023-07-30,3,3982.9,LIVRE,casa,Carte,,2023-08-03
CMD26131,CL0140,P004,24/03/2024,3,4409.55,livré,Agadir,Carte,,2024-03-27
CMD41841,CL0653,P002,14/02/2024,4,1469.28,livré,Tnja,Carte,LIV1,2024-02-19
CMD34222,CL0210,P079,2024-03-19,3,2003.1,annulé,marrakech,Carte,LIV2,
CMD31524,CL0541,P006,27/12/2023,5,2382.35,LIVRE,tanger,Carte,LIV8,2023-12-29
CMD20173,CL0584,P053,2023-06-18,4,0,en_cours,kech,Carte,LIV2,
CMD16158,CL0485,P076,26/11/2023,5,653.19,livré,CASABLANCA,Carte,LIV4,2023-11-29
CMD02859,CL0526,P040,2024-03-05,5,4148.85,livré,RBA,Carte,LIV9,2024-03-06
CMD32103,CL0946,P047,15/06/2023,1,895.54,livré,casa,Carte,LIV3,2023-06-16
CMD14716,CL0620,P054,2023-07-01,2,4081.99,livré,marrakech,Carte,LIV6,2023-07-03
CMD30922,CL0033,P004,31/10/2023,2,3937.04,en_cours,tanger,Carte,LIV8,
CMD09150,CL0023,P089,Feb 19 2024,2,4604.63,livre,Agadir,Carte,LIV5,
CMD31938,CL0717,P019,07/04/2024,5,4030.36,DONE,Agadir,Carte,LIV8,2024-04-11
CMD15555,CL0578,P022,27/06/2023,2,2721.95,en_cours,CASABLANCA,Carte,LIV5,
CMD10867,CL0104,P089,2023-10-28,4,2961.96,livré,TANGER,Carte,LIV9,2023-10-31
CMD16343,CL0746,P012,03/04/2023,1,2236.77,livre,Agadir,Carte,LIV10,
CMD36180,CL0165,P067,2023-05-20,4,3791.59,OK,TANGER,Carte,LIV5,
CMD47500,CL0308,P061,Sep 14 2023,5,1013.49,livré,CASABLANCA,Carte,LIV10,2023-09-16
CMD40606,CL0637,P019,Mar 07 2023,5,2748.33,livre,Tnja,Carte,LIV8,
CMD05168,CL0882,P089,Oct 09 2023,2,830.64,en_cours,TANGER,Carte,LIV6,
CMD30881,CL0068,P068,Sep 19 2023,3,4815.72,livré,CASABLANCA,Carte,LIV9,2023-09-22
CMD13171,CL0668,P098,Aug 18 2023,3,1973.38,livré,TNG,Carte,LIV7,2023-08-20
CMD38931,CL0352,P021,2024-04-08,-1,1862.11,livré,RBA,Carte,LIV1,2024-04-12
CMD15588,CL0315,P049,2023-08-04,1,193.41,KO,Tnja,Carte,LIV2,
CMD13861,CL0040,P097,2023-08-19,4,4344.2,LIVRE,RBA,Carte,LIV3,2023-08-20
CMD09165,CL0753,P099,25/11/2023,4,487.29,en_cours,marrakech,Carte,LIV4,
CMD32337,CL0847,P097,2023-03-18,1,177.03,annulé,marrakech,Carte,LIV3,
CMD39931,CL0466,P072,2023-06-07,2,3851.84,KO,kech,Carte,,
CMD17443,CL0185,P070,Oct 13 2023,3,4478.36,annulé,Agadir,Carte,LIV2,
CMD15732,CL0696,P097,Feb 18 2024,2,4824.22,retourné,TANGER,Carte,LIV7,2024-02-21
CMD03443,CL0910,P033,2023-08-01,1,3675.98,DONE,kech,Carte,,2023-08-03
CMD15050,CL0402,P007,25/03/2023,3,4460.27,retourné,casa,Carte,LIV7,2023-03-29
CMD22070,CL0106,P070,13/01/2024,1,4128.58,annulé,TNG,Carte,,
CMD38955,CL0490,P020,2023-08-25,3,1397.21,livré,CASABLANCA,Carte,LIV10,2023-08-29
CMD46818,CL0367,P055,04/05/2023,3,3499.18,livré,casa,Carte,LIV5,2023-05-06
CMD21359,CL0212,P073,2024-01-03,1,0,OK,casa,Carte,LIV9,
CMD47328,CL0018,P069,2023-01-06,5,2952.16,en_cours,TNG,Carte,LIV10,
CMD31601,CL0639,P094,Jul 28 2023,1,3650.54,annulé,tanger,Carte,LIV7,
CMD38541,CL0078,P100,2023-03-16,1,3524.77,livré,tanger,Carte,,2023-03-20
CMD35968,CL0293,P079,14/03/2023,1,591.92,KO,TNG,Carte,LIV7,
CMD47693,CL0508,P039,2024-02-22,3,3138.95,annulé,Tnja,Carte,LIV3,
CMD20547,CL0091,P032,Aug 23 2023,1,1138.46,livré,casa,Carte,LIV3,2023-08-26
CMD07928,CL0950,P082,15/12/2023,3,1355.41,OK,TNG,Carte,LIV5,
CMD17379,CL0230,P029,2023-10-21,1,2669.35,en_cours,CASABLANCA,Carte,LIV9,
CMD41066,CL0925,P080,2023-06-22,1,3814.36,annulé,tanger,Carte,LIV10,
CMD29000,CL0481,P047,Jul 30 2023,4,2040.14,livré,casa,Carte,LIV5,2023-08-04
CMD03155,CL0676,P036,Nov 09 2023,3,1830.45,livré,kech,Carte,LIV7,2023-11-13
CMD46785,CL0612,P025,Mar 24 2024,2,419.33,LIVRE,TNG,Carte,LIV5,2024-03-26
CMD29274,CL0705,P052,26/01/2024,-1,1148.52,livre,Agadir,Carte,LIV1,
CMD43893,CL0578,P082,09/06/2023,1,1419.52,DONE,tanger,Carte,LIV7,2023-06-10
CMD16015,CL0048,P025,2023-10-02,2,1166.06,livre,RBA,Carte,,
CMD21023,CL0012,P041,02/10/2023,2,1307.7,livré,Agadir,Carte,,2023-10-03
CMD43722,CL0476,P045,Jun 26 2023,2,1025.22,livré,Tnja,Carte,LIV5,2023-06-28
CMD46713,CL0830,P051,08/12/2023,3,3540.91,LIVRE,CASABLANCA,Carte,LIV2,2023-12-10
CMD13555,CL0961,P076,Mar 10 2024,1,4189.29,livré,kech,Carte,LIV6,2024-03-12
CMD21254,CL0257,P023,Dec 11 2023,3,1514.2,livré,TANGER,Carte,LIV7,2023-12-16
CMD28156,CL0307,P077,Jul 05 2023,4,653.45,en_cours,TNG,Carte,LIV2,
CMD13196,CL0319,P044,2024-03-11,3,1971.71,KO,CASABLANCA,Carte,LIV6,
CMD23579,CL0802,P040,May 15 2023,2,4086.45,livré,kech,Carte,LIV8,2023-05-18
CMD15100,CL0665,P086,Sep 08 2023,4,1607.17,retourné,Tnja,Carte,LIV1,2023-09-10
CMD24491,CL0299,P068,2023-11-28,2,904.24,DONE,casa,Carte,LIV6,2023-11-30
CMD19947,CL0552,P056,Nov 13 2023,2,3904.81,annulé,TANGER,Carte,LIV7,
CMD41852,CL0745,P043,29/03/2024,5,4481.75,annulé,TNG,Carte,,
CMD43004,CL0492,P057,23/09/2023,3,4487.29,en_cours,TANGER,Carte,LIV4,
CMD41225,CL0700,P037,2024-03-17,4,3603.26,livré,TNG,Carte,LIV6,2024-03-20
CMD09168,CL0411,P093,25/07/2023,4,2856.19,OK,TNG,Carte,LIV3,
CMD34052,CL0553,P073,Jan 01 2024,3,179.66,retourné,TNG,Carte,LIV5,2024-01-05
CMD27871,CL0351,P041,18/01/2024,5,2859.35,livré,TANGER,Carte,LIV1,2024-01-22
CMD28042,CL0289,P066,2023-08-10,5,4898.05,en_cours,tanger,Carte,LIV3,
CMD01936,CL0279,P028,Jul 01 2023,5,1459.14,retourné,CASABLANCA,Carte,LIV5,2023-07-02
CMD10900,CL0835,P098,Dec 16 2023,5,2459.84,en_cours,RBA,Carte,LIV5,
CMD33783,CL0638,P059,Jun 18 2023,1,1568.25,OK,marrakech,Carte,LIV6,
CMD07068,CL0362,P076,2023-08-06,5,3749.85,annulé,TANGER,Carte,LIV6,
CMD35282,CL0706,P036,Aug 23 2023,3,4981.19,en_cours,Agadir,Carte,LIV2,
CMD13300,CL0155,P013,Jan 07 2023,3,2629.18,livré,casa,Carte,LIV6,2023-01-08
CMD17776,CL0580,P008,2023-04-27,1,4060.85,en_cours,TNG,Carte,LIV2,
CMD24799,CL0802,P084,2023-07-09,2,1780.71,en_cours,Tnja,Carte,LIV2,
CMD17999,CL0950,P085,Apr 13 2023,5,798.79,livré,marrakech,Carte,LIV9,2023-04-17
CMD42301,CL0858,P093,Dec 01 2023,5,2655.39,livré,TANGER,Carte,LIV10,2023-12-04
CMD07556,CL0615,P027,2024-01-06,1,1076.56,retourné,tanger,Carte,LIV4,2024-01-07
CMD43409,CL0294,P009,Apr 19 2024,1,3469.39,en_cours,TANGER,Carte,LIV9,
CMD44236,CL0029,P031,2023-05-13,4,3433.72,annulé,Agadir,Carte,LIV4,
CMD37040,CL0619,P060,19/01/2024,2,1202.93,retourné,TANGER,Carte,LIV8,2024-01-21
CMD34383,CL0755,P084,13/04/2024,1,1000.47,KO,TNG,Carte,LIV6,
CMD21055,CL0597,P086,Nov 25 2023,1,3551.3,en_cours,Tnja,Carte,LIV4,
CMD18215,CL0591,P097,08/05/2024,4,1553.59,KO,CASABLANCA,Carte,,
CMD06719,CL0955,P005,2023-07-29,2,654.47,LIVRE,marrakech,Carte,LIV1,2023-07-30
CMD02567,CL0869,P087,02/04/2024,2,1310.29,KO,RBA,Carte,LIV10,
CMD05603,CL0570,P052,Mar 05 2024,1,2959.1,OK,TNG,Carte,LIV6,
CMD09655,CL0755,P074,20/05/2023,4,3435.53,DONE,CASABLANCA,Carte,LIV10,2023-05-21
CMD40127,CL0680,P029,30/07/2023,4,0,en_cours,casa,Carte,LIV1,
CMD35199,CL0372,P091,2023-06-05,2,2885.01,annulé,tanger,Carte,LIV10,
CMD35979,CL0836,P037,2023-04-05,2,2804.35,livre,Agadir,Carte,LIV10,
CMD05508,CL0666,P003,May 27 2023,2,912.03,retourné,casa,Carte,LIV5,2023-05-28
CMD40285,CL0331,P061,2023-02-09,4,1508.93,KO,Tnja,Carte,LIV5,
CMD29773,CL0235,P035,01/02/2023,3,4501.67,livré,Tnja,Carte,LIV10,2023-02-04
CMD43523,CL0683,P038,Aug 01 2023,2,387.55,OK,marrakech,Carte,LIV6,
CMD30808,CL0071,P050,2023-01-30,3,260.11,livré,casa,Carte,LIV3,2023-02-02
CMD07036,CL0066,P045,Jul 23 2023,3,4488.26,annulé,marrakech,Carte,LIV6,
CMD18997,CL0701,P050,2023-01-02,4,1787.97,KO,TANGER,Carte,LIV6,
CMD02092,CL0723,P034,May 04 2024,2,1378.56,OK,CASABLANCA,Carte,LIV10,
CMD26152,CL0019,P034,2023-08-19,1,1088.92,livré,Agadir,Carte,LIV7,2023-08-23
CMD41900,CL0520,P042,2023-12-25,5,613.19,en_cours,TNG,Carte,LIV3,
CMD04840,CL0370,P040,2023-05-12,2,969.95,livré,TANGER,Carte,LIV5,2023-05-16
CMD21227,CL0727,P026,2023-09-12,5,482.54,KO,Tnja,Carte,LIV1,
CMD25882,CL0879,P094,2024-02-21,5,2556.17,livré,Tnja,Carte,LIV7,2024-02-24
CMD02290,CL0123,P036,2023-03-02,1,4481.73,livré,RBA,Carte,LIV10,2023-03-04
CMD21996,CL0537,P090,Jul 05 2023,2,1003.97,livré,RBA,Carte,LIV10,2023-07-08
CMD18508,CL0607,P094,2023-11-28,3,4939.2,KO,CASABLANCA,Carte,LIV6,
CMD17888,CL0981,P011,Jan 23 2024,5,298.84,livré,TNG,Carte,LIV9,2024-01-26
CMD24763,CL0194,P031,2023-11-23,4,2871.65,retourné,casa,Carte,LIV6,2023-11-26
CMD02157,CL0941,P075,2024-03-09,3,1153.81,en_cours,TNG,Carte,LIV10,
CMD09106,CL0754,P097,Jun 24 2023,3,664.31,retourné,Agadir,Carte,,2023-06-25
CMD31496,CL0095,P051,21/03/2024,5,3496.39,OK,Tnja,Carte,LIV9,
CMD03251,CL0239,P052,2023-04-02,3,797.56,annulé,marrakech,Carte,,
CMD06297,CL0442,P068,Dec 25 2023,5,152.88,LIVRE,Agadir,Carte,LIV8,2023-12-30
CMD18360,CL0535,P070,Apr 05 2024,3,2518.61,livré,Agadir,Carte,LIV1,2024-04-10
CMD17278,CL0038,P051,01/02/2024,5,3938.63,en_cours,RBA,Carte,LIV1,
CMD27076,CL0456,P056,Oct 03 2023,1,4699.62,livre,Agadir,Carte,LIV5,
CMD21803,CL0154,P015,Dec 16 2023,4,106.72,livre,CASABLANCA,Carte,LIV6,
CMD15798,CL0789,P047,2023-09-13,3,226.7,livré,Agadir,Carte,LIV7,2023-09-15
CMD15840,CL0791,P078,Sep 14 2023,5,0,LIVRE,tanger,Carte,LIV1,2023-09-19
CMD24007,CL0093,P001,2023-02-14,3,3114.55,livré,Tnja,Carte,LIV7,2023-02-17
CMD03875,CL0364,P024,Jan 28 2023,4,2703.09,retourné,TANGER,Carte,LIV2,2023-01-31
CMD27424,CL0583,P093,May 30 2023,3,3861.36,livré,marrakech,Carte,LIV9,2023-06-02
CMD06793,CL0444,P073,Sep 03 2023,1,3658.01,OK,TANGER,Carte,LIV4,
CMD07988,CL0020,P028,2023-03-05,5,4858.92,KO,tanger,Carte,LIV10,
CMD15612,CL0632,P039,20/03/2024,5,3291.31,livre,TANGER,Carte,LIV8,
CMD15804,CL0775,P046,05/04/2023,3,1479.18,livré,Tnja,Carte,,2023-04-07
CMD44068,CL0260,P026,2024-01-11,3,4323.68,LIVRE,kech,Carte,LIV5,2024-01-12
CMD10975,CL0100,P064,19/08/2023,2,1264.44,livré,Tnja,Carte,LIV7,2023-08-23
CMD33321,CL0656,P072,2024-04-08,5,4809.4,livre,TANGER,Carte,LIV2,
CMD12824,CL0545,P065,02/02/2024,5,2032.4,retourné,marrakech,Carte,LIV10,2024-02-06
CMD03367,CL0912,P033,2023-05-29,5,2538.69,DONE,Tnja,Carte,LIV5,2023-05-30
CMD34423,CL0255,P094,2024-04-14,2,4107.3,retourné,tanger,Carte,LIV10,2024-04-17
CMD08666,CL0783,P021,Nov 22 2023,3,3830.22,en_cours,RBA,Carte,LIV3,
CMD38748,CL0700,P083,Jul 06 2023,2,484.83,en_cours,casa,Carte,LIV2,
CMD31676,CL0725,P016,Aug 05 2023,1,359.74,OK,Agadir,Carte,LIV3,
CMD19181,CL0246,P057,Jun 12 2023,4,3080.86,KO,RBA,Carte,LIV7,
CMD29239,CL0504,P011,Mar 06 2024,2,392.45,annulé,Tnja,Carte,LIV6,
CMD36381,CL0447,P009,29/08/2023,1,3295.39,en_cours,tanger,Carte,LIV6,
CMD30565,CL0403,P051,Dec 25 2023,1,3093.07,KO,CASABLANCA,Carte,LIV1,
CMD41262,CL0881,P039,2024-01-17,4,74.78,DONE,casa,Carte,LIV5,2024-01-18
CMD24912,CL0059,P033,04/01/2023,3,3849.63,en_cours,Agadir,Carte,LIV5,
CMD21319,CL0285,P039,06/04/2024,3,4201.68,OK,Tnja,Carte,LIV9,
CMD00132,CL0646,P057,Apr 29 2023,3,1016.32,livré,kech,Carte,LIV8,2023-05-02
CMD43611,CL0886,P073,May 01 2024,5,1192.77,livre,casa,Carte,LIV3,
CMD34585,CL0231,P059,Jun 25 2023,5,1777.5,en_cours,TANGER,Carte,LIV7,
CMD22139,CL0046,P095,Oct 01 2023,4,1435.16,en_cours,casa,Carte,LIV9,
CMD35361,CL0702,P058,11/12/2023,4,366.68,annulé,tanger,Carte,LIV7,
CMD32573,CL0404,P089,2023-06-14,5,2340.37,LIVRE,Agadir,Carte,LIV2,2023-06-19
CMD36533,CL0817,P028,24/01/2023,1,2902.55,livre,RBA,Carte,LIV1,
CMD10510,CL0425,P075,Oct 29 2023,4,0,OK,marrakech,Carte,,
CMD05028,CL0759,P016,11/08/2023,2,68.76,DONE,TNG,Carte,LIV9,2023-08-12
CMD05819,CL0446,P090,Jan 08 2023,5,1087.45,LIVRE,TNG,Carte,LIV1,2023-01-11
CMD28222,CL0682,P096,11/08/2023,5,2775.07,retourné,RBA,Carte,LIV3,2023-08-13
CMD37319,CL0746,P055,2023-09-04,5,2712.33,en_cours,TANGER,Carte,LIV6,
CMD41617,CL0574,P060,31/08/2023,1,4960.63,livre,CASABLANCA,Carte,LIV1,
CMD28467,CL0482,P077,May 05 2024,4,488.75,livre,TNG,Carte,LIV3,
CMD14557,CL0274,P016,21/10/2023,4,1792.5,OK,RBA,Carte,LIV1,
CMD47900,CL0840,P058,2024-03-06,1,3082.09,livré,TNG,Carte,LIV1,2024-03-08
CMD26893,CL0810,P060,2023-08-17,5,2313.43,annulé,kech,Carte,LIV9,
CMD14640,CL0565,P097,Oct 24 2023,3,3458.75,DONE,tanger,Carte,LIV2,2023-10-27
CMD31909,CL0139,P093,2023-02-03,2,3064.88,livré,kech,Carte,LIV10,2023-02-07
CMD20708,CL0536,P008,2023-11-25,2,2853.06,livre,RBA,Carte,,
CMD08311,CL0995,P058,23/11/2023,5,4281.04,livré,TNG,Carte,LIV3,2023-11-25
CMD11763,CL0884,P047,02/11/2023,2,1304.78,LIVRE,tanger,Carte,LIV10,2023-11-07
CMD18979,CL0865,P056,Oct 11 2023,4,3716.89,retourné,Agadir,Carte,LIV1,2023-10-12
CMD32536,CL0909,P035,Jul 15 2023,3,853.5,livré,casa,Carte,LIV9,2023-07-18
CMD05097,CL0251,P038,30/11/2023,3,649.55,livré,CASABLANCA,Carte,LIV6,2023-12-04
CMD45967,CL0082,P080,2024-03-29,5,3104.08,livré,CASABLANCA,Carte,LIV7,2024-04-01
CMD30040,CL0649,P018,09/10/2023,1,4868.42,livré,marrakech,Carte,LIV9,2023-10-13
CMD36954,CL0632,P082,Feb 01 2023,3,1388.49,LIVRE,Tnja,Carte,LIV6,2023-02-02
CMD41919,CL0728,P070,Jul 16 2023,3,3250.17,en_cours,TANGER,Carte,LIV6,
CMD31393,CL0078,P010,13/09/2023,4,2196.07,livre,Tnja,Carte,LIV2,
CMD07021,CL0710,P065,2023-04-30,5,1879.74,livre,RBA,Carte,LIV2,
CMD13265,CL0795,P006,27/07/2023,2,55.75,livre,marrakech,Carte,LIV2,
CMD40724,CL0614,P036,05/04/2024,2,543.2,livré,CASABLANCA,Carte,LIV4,2024-04-10
CMD20082,CL0740,P048,2024-03-20,2,347.19,livre,TANGER,Carte,LIV6,
CMD43847,CL0960,P085,23/06/2023,3,1246.12,DONE,CASABLANCA,Carte,LIV2,2023-06-25
CMD22900,CL0811,P092,27/06/2023,3,491.59,DONE,kech,Carte,LIV3,2023-06-29
CMD07946,CL0740,P053,05/10/2023,1,4316.33,livré,TNG,Carte,LIV5,2023-10-06
CMD07384,CL0603,P087,Oct 29 2023,2,2498.68,en_cours,marrakech,Carte,LIV8,
CMD27041,CL0412,P005,11/03/2023,1,255.49,DONE,Tnja,Carte,LIV5,2023-03-15
CMD36680,CL0058,P018,2023-10-11,1,2218.92,annulé,kech,Carte,LIV5,
CMD22981,CL0593,P040,Jun 10 2023,2,2868.89,OK,TNG,Carte,LIV4,
CMD17364,CL0448,P072,2024-01-24,5,2191.36,LIVRE,tanger,Carte,LIV10,2024-01-29
CMD22114,CL0600,P048,Jan 17 2024,5,4003.88,livré,Agadir,Carte,,2024-01-18
CMD30423,CL0566,P034,08/09/2023,5,0,LIVRE,Agadir,Carte,LIV3,2023-09-11
CMD19149,CL0128,P055,2023-11-27,-1,3493.13,en_cours,Agadir,Carte,LIV8,
CMD03231,CL0002,P004,2023-11-29,4,3766.8,livré,marrakech,Carte,LIV7,2023-12-01
CMD10647,CL0385,P090,Dec 18 2023,5,2069.91,annulé,CASABLANCA,Carte,,
CMD07346,CL0624,P035,31/01/2023,3,1241.96,DONE,TANGER,Carte,LIV2,2023-02-04
CMD09300,CL0394,P098,Sep 03 2023,3,2486.46,LIVRE,marrakech,Carte,,2023-09-04
CMD37409,CL0686,P009,18/11/2023,5,2529.38,livré,kech,Carte,LIV3,2023-11-21
CMD31903,CL1000,P091,2023-06-29,4,4345.28,KO,CASABLANCA,Carte,LIV5,
CMD32037,CL0847,P045,23/08/2023,1,4557.75,livré,RBA,Carte,LIV6,2023-08-25
CMD29296,CL0735,P050,2023-06-27,1,3657.93,retourné,TNG,Carte,LIV5,2023-06-29
CMD04188,CL0262,P091,16/01/2023,3,2000.58,DONE,marrakech,Carte,LIV3,2023-01-17
CMD23288,CL0266,P021,Nov 08 2023,4,2251.79,retourné,RBA,Carte,LIV3,2023-11-09
CMD10567,CL0807,P051,07/12/2023,5,4298.37,KO,kech,Carte,LIV2,
CMD02996,CL0878,P057,Apr 25 2024,5,4121.01,retourné,casa,Carte,LIV8,2024-04-27
CMD15967,CL0471,P084,2024-03-26,-1,1076.53,LIVRE,marrakech,Carte,,2024-03-27
CMD41099,CL0790,P059,28/07/2023,5,2497.52,OK,Agadir,Carte,LIV6,
CMD27553,CL0047,P073,2024-03-09,3,4945.34,livré,TANGER,Carte,,2024-03-13
CMD11424,CL0604,P094,2024-01-14,3,2243.74,LIVRE,TANGER,Carte,LIV2,2024-01-15
CMD27948,CL0094,P071,2023-01-27,5,2058.57,livré,RBA,Carte,,2023-02-01
CMD17605,CL0068,P100,Apr 01 2024,1,2697.76,livré,TNG,Carte,LIV5,2024-04-03
CMD25915,CL0890,P063,2023-09-11,4,351.2,livre,Tnja,Carte,LIV2,
CMD19258,CL0726,P019,Jan 19 2024,1,676.02,livré,marrakech,Carte,LIV2,2024-01-22
CMD47675,CL0137,P063,2023-07-07,5,2218.64,livré,marrakech,Carte,LIV9,2023-07-09
CMD41100,CL0273,P041,26/03/2024,1,3136.38,livre,TNG,Carte,LIV5,
CMD15342,CL0394,P005,02/02/2023,1,2755.2,en_cours,TANGER,Carte,LIV5,
CMD39955,CL0742,P039,Aug 27 2023,1,159.71,LIVRE,marrakech,Carte,LIV2,2023-08-30
CMD31948,CL0222,P053,25/06/2023,4,1392.55,OK,RBA,Carte,LIV2,
CMD46576,CL0301,P087,08/04/2023,5,430.38,livré,Agadir,Carte,LIV4,2023-04-12
CMD10174,CL0938,P052,21/04/2024,4,4028.98,DONE,Tnja,Carte,LIV2,2024-04-25
CMD04797,CL0499,P090,Aug 03 2023,1,2272.93,LIVRE,CASABLANCA,Carte,LIV1,2023-08-07
CMD06808,CL0514,P025,Jul 16 2023,3,2706.47,livré,TNG,Carte,LIV1,2023-07-20
CMD19685,CL0024,P075,Jan 04 2023,1,4610.72,LIVRE,TNG,Carte,LIV9,2023-01-09
CMD31119,CL0570,P079,Aug 16 2023,1,3334.14,DONE,kech,Carte,LIV2,2023-08-18
CMD28418,CL0123,P072,14/02/2024,4,4331.92,livre,CASABLANCA,Carte,,
CMD46214,CL0470,P044,2023-04-05,1,3770.67,DONE,casa,Carte,LIV5,2023-04-07
CMD12278,CL0979,P093,29/05/2023,3,2481.02,livré,TANGER,Carte,LIV10,2023-05-31
CMD08062,CL0369,P053,Jun 04 2023,4,4675.51,livré,CASABLANCA,Carte,LIV5,2023-06-08
CMD40328,CL0412,P073,16/07/2023,3,3338.7,annulé,Tnja,Carte,LIV10,
CMD23845,CL0994,P028,Oct 24 2023,2,1014.43,retourné,CASABLANCA,Carte,,2023-10-29
CMD47586,CL0049,P042,Oct 07 2023,4,2710.79,livré,casa,Carte,LIV6,2023-10-11
CMD02587,CL0654,P083,02/12/2023,4,893.04,en_cours,tanger,Carte,LIV6,
CMD17044,CL0553,P009,Jun 25 2023,5,90.0,en_cours,kech,Carte,LIV8,
CMD07999,CL0271,P006,2023-03-10,1,1427.9,livré,RBA,Carte,LIV6,2023-03-11
CMD30883,CL0606,P062,02/06/2023,4,1234.52,livré,CASABLANCA,Carte,LIV3,2023-06-05
CMD38609,CL0085,P051,2023-12-01,1,3726.64,livre,RBA,Carte,LIV4,
CMD08377,CL0911,P090,May 23 2023,3,2351.38,DONE,tanger,Carte,LIV5,2023-05-25
CMD14004,CL0327,P013,Apr 12 2023,4,2157.57,livré,TANGER,Carte,LIV10,2023-04-17
CMD36435,CL0272,P066,May 08 2023,1,4911.55,DONE,CASABLANCA,Carte,LIV5,2023-05-09
CMD47144,CL0930,P008,27/04/2023,4,3969.09,OK,TNG,Carte,LIV1,
CMD39061,CL0502,P069,Feb 28 2024,4,2135.69,livré,CASABLANCA,Carte,LIV3,2024-03-02
CMD18095,CL0342,P055,Jun 25 2023,2,2020.08,livré,kech,Carte,LIV4,2023-06-30
CMD28643,CL0401,P012,12/02/2024,5,1116.35,LIVRE,CASABLANCA,Carte,LIV1,2024-02-14
CMD07380,CL0652,P031,2023-06-16,4,1298.79,livré,TNG,Carte,LIV5,2023-06-17
CMD39538,CL0726,P056,2024-04-22,5,1162.12,livré,CASABLANCA,Carte,LIV2,2024-04-25
CMD11868,CL0847,P058,28/07/2023,1,2899.83,livré,kech,Carte,LIV5,2023-08-01
CMD44794,CL0348,P073,20/02/2024,4,2711.68,LIVRE,marrakech,Carte,LIV8,2024-02-22
CMD21169,CL0686,P027,29/11/2023,5,2558.59,livré,TANGER,Carte,LIV4,2023-12-03
CMD33764,CL0594,P002,2024-05-12,4,3214.94,livré,Agadir,Carte,LIV6,2024-05-14
CMD00657,CL0417,P071,2023-01-08,1,3886.91,annulé,Agadir,Carte,LIV2,
CMD16951,CL0272,P002,10/05/2024,2,1123.06,livré,CASABLANCA,Carte,LIV8,2024-05-12
CMD37189,CL0617,P044,26/04/2023,5,306.92,livré,Agadir,Carte,LIV9,2023-04-28
CMD26502,CL0932,P020,May 05 2024,3,1234.19,LIVRE,TANGER,Carte,LIV9,2024-05-08
CMD05108,CL0964,P089,2024-01-01,1,1981.27,annulé,tanger,Carte,LIV6,
CMD04740,CL1000,P036,11/04/2024,5,3116.01,livré,TANGER,Carte,LIV4,2024-04-13
CMD38544,CL0227,P005,2024-04-13,5,1233.93,KO,marrakech,Carte,LIV7,
CMD20478,CL0561,P031,2023-02-05,3,1939.26,annulé,marrakech,Carte,LIV2,
CMD04282,CL0283,P048,27/03/2023,2,1388.84,retourné,RBA,Carte,LIV5,2023-03-31
CMD46661,CL0272,P030,24/10/2023,5,4656.88,livré,RBA,Carte,,2023-10-28
CMD26693,CL0750,P054,2023-04-08,3,3696.42,en_cours,marrakech,Carte,LIV2,
CMD27889,CL0430,P002,Jan 26 2023,5,2171.63,LIVRE,marrakech,Carte,LIV3,2023-01-30
CMD11384,CL0461,P064,2023-04-09,4,4853.62,LIVRE,RBA,Carte,LIV2,2023-04-10
CMD31022,CL0015,P026,2023-08-11,5,377.08,livré,Agadir,Carte,LIV3,2023-08-16
CMD35946,CL0909,P050,27/02/2024,3,212.92,en_cours,TANGER,Carte,LIV4,
CMD04701,CL0141,P077,Aug 30 2023,2,628.67,retourné,RBA,Carte,LIV4,2023-09-04
CMD05259,CL0489,P072,2023-04-20,2,3306.76,retourné,CASABLANCA,Carte,LIV3,2023-04-23
CMD11275,CL0604,P094,2024-01-22,1,1098.5,livre,marrakech,Carte,,
CMD32644,CL0448,P026,Feb 07 2024,4,3481.18,livré,Agadir,Carte,LIV2,2024-02-11
CMD45176,CL0626,P061,04/09/2023,2,651.55,OK,RBA,Carte,LIV9,
CMD40718,CL0074,P099,Mar 05 2023,5,3656.14,en_cours,TANGER,Carte,LIV7,
CMD00926,CL0925,P034,27/06/2023,4,1578.04,livre,casa,Carte,LIV5,
CMD11090,CL0664,P059,2023-02-20,1,548.08,DONE,CASABLANCA,Carte,LIV6,2023-02-23
CMD29818,CL0805,P071,2024-03-24,3,1613.44,livré,tanger,Carte,LIV9,2024-03-29
CMD13795,CL0998,P017,2024-02-15,-1,740.47,en_cours,Tnja,Carte,LIV2,
CMD17901,CL0864,P085,24/10/2023,3,2440.39,livré,casa,Carte,LIV1,2023-10-25
CMD04327,CL0847,P061,2023-04-24,4,2028.39,livre,CASABLANCA,Carte,LIV5,
CMD16835,CL0153,P040,May 12 2024,1,3624.33,livré,Tnja,Carte,LIV6,2024-05-16
CMD45868,CL0474,P083,Mar 13 2024,3,2947.56,OK,casa,Carte,,
CMD08713,CL0613,P085,06/02/2023,2,606.99,en_cours,tanger,Carte,LIV2,
CMD35511,CL0794,P092,2024-04-28,3,1143.71,livre,TANGER,Carte,LIV10,
CMD25141,CL0513,P025,2023-10-20,2,288.69,annulé,CASABLANCA,Carte,LIV2,
CMD05830,CL0393,P093,31/03/2024,1,1472.18,OK,TNG,Carte,LIV5,
CMD30648,CL0682,P023,2023-09-03,1,1339.53,DONE,CASABLANCA,Carte,LIV7,2023-09-04
CMD07705,CL0620,P063,10/01/2023,2,567.31,livré,tanger,Carte,LIV4,2023-01-14
CMD09200,CL0582,P021,2023-07-07,4,2676.15,livré,kech,Carte,LIV7,2023-07-12
CMD32185,CL0468,P081,2023-04-22,2,4005.12,OK,TANGER,Carte,LIV1,
CMD38373,CL0452,P030,2023-03-05,4,1580.11,DONE,TNG,Carte,LIV2,2023-03-07
CMD36474,CL0666,P024,2023-08-09,3,1181.4,livré,casa,Carte,LIV5,2023-08-14
CMD36363,CL0251,P096,02/08/2023,1,2613.31,DONE,RBA,Carte,LIV8,2023-08-04
CMD38962,CL0377,P036,Aug 31 2023,3,2048.19,en_cours,casa,Carte,LIV3,
CMD30148,CL0192,P071,2024-01-30,2,3793.58,OK,Agadir,Carte,LIV8,
CMD05071,CL0586,P017,12/03/2024,3,2646.55,DONE,tanger,Carte,LIV4,2024-03-14
CMD04049,CL0726,P040,02/08/2023,2,308.4,livré,TNG,Carte,LIV5,2023-08-05
CMD28328,CL0946,P073,2023-05-05,5,2837.26,LIVRE,marrakech,Carte,LIV5,2023-05-09
CMD43381,CL0274,P093,01/01/2024,1,2112.84,livré,tanger,Carte,LIV9,2024-01-05
CMD24670,CL0797,P084,May 13 2023,5,3882.92,en_cours,CASABLANCA,Carte,LIV5,
CMD19479,CL0861,P086,Jan 28 2024,3,2920.87,livré,casa,Carte,LIV5,2024-01-31
CMD36466,CL0506,P050,18/02/2024,3,748.45,livré,casa,Carte,LIV2,2024-02-20
CMD34944,CL0818,P035,2024-02-10,1,2422.69,KO,Agadir,Carte,LIV3,
CMD41479,CL0402,P028,20/01/2023,5,82.78,DONE,CASABLANCA,Carte,LIV3,2023-01-21
CMD39123,CL0321,P083,Aug 28 2023,1,685.49,LIVRE,TNG,Carte,LIV2,2023-08-29
CMD09944,CL0705,P098,2023-06-03,1,4668.52,KO,Agadir,Carte,LIV2,
CMD08107,CL0269,P018,05/04/2024,4,3491.31,DONE,RBA,Carte,LIV10,2024-04-09
CMD40392,CL0461,P100,2024-01-23,3,4490.7,livre,TANGER,Carte,LIV7,
CMD43056,CL0564,P089,Jul 21 2023,1,4841.75,livré,RBA,Carte,LIV5,2023-07-23
CMD42516,CL0828,P049,2023-07-02,2,2950.4,KO,tanger,Carte,LIV6,
CMD25924,CL0129,P043,28/11/2023,1,1267.22,en_cours,casa,Carte,LIV9,
CMD14862,CL0852,P041,2023-04-18,3,452.49,annulé,casa,Carte,LIV8,
CMD10355,CL0041,P095,Feb 06 2023,5,2749.45,DONE,Agadir,Carte,,2023-02-09
CMD10326,CL0215,P084,12/02/2024,2,3157.34,en_cours,TNG,Carte,LIV10,
CMD23651,CL0204,P059,28/10/2023,1,2178.58,retourné,Agadir,Carte,LIV10,2023-10-31
CMD10578,CL0492,P048,2023-06-24,1,4517.61,LIVRE,Agadir,Carte,,2023-06-28
CMD16810,CL0995,P051,06/05/2024,5,2746.7,annulé,RBA,Carte,LIV10,
CMD42318,CL0256,P074,03/07/2023,5,4427.34,OK,CASABLANCA,Carte,LIV8,
CMD23824,CL0503,P080,Sep 27 2023,1,135.2,annulé,TNG,Carte,LIV3,
CMD44674,CL0046,P069,Nov 13 2023,4,893.22,annulé,tanger,Carte,LIV6,
CMD12503,CL0476,P012,Dec 26 2023,4,1019.83,KO,RBA,Carte,LIV8,
CMD19219,CL0535,P056,Sep 02 2023,4,1702.58,en_cours,casa,Carte,LIV9,
CMD24655,CL0643,P043,10/02/2024,3,2732.57,livré,casa,Carte,LIV3,2024-02-15
CMD27109,CL0783,P033,04/01/2023,4,364.2,OK,TANGER,Carte,LIV9,
CMD36851,CL0043,P083,25/02/2024,1,4782.07,en_cours,TNG,Carte,LIV1,
CMD42849,CL0351,P018,Mar 30 2024,1,338.57,en_cours,TNG,Carte,LIV4,
CMD04172,CL0314,P097,2023-10-11,3,3374.18,KO,RBA,Carte,LIV9,
CMD38703,CL0733,P029,2023-08-03,1,2615.92,en_cours,marrakech,Carte,LIV5,
CMD11108,CL0271,P054,2023-10-03,3,2293.78,livré,Tnja,Carte,LIV1,2023-10-06
CMD45639,CL0960,P068,Mar 13 2024,5,524.95,LIVRE,TANGER,Carte,LIV7,2024-03-14
CMD04133,CL0763,P070,Feb 29 2024,1,3900.87,livré,casa,Carte,LIV6,2024-03-03
CMD17968,CL0175,P090,Dec 19 2023,1,1806.63,en_cours,Agadir,Carte,LIV7,
CMD22273,CL0665,P031,Jul 05 2023,1,3748.42,livré,TANGER,Carte,LIV6,2023-07-08
CMD35697,CL0166,P039,Aug 12 2023,2,3382.43,livré,kech,Carte,LIV1,2023-08-13
CMD43824,CL0809,P037,21/08/2023,1,407.63,en_cours,Tnja,Carte,LIV10,
CMD26280,CL0803,P099,Dec 12 2023,5,2721.62,OK,tanger,Carte,LIV2,
CMD04677,CL0924,P014,2024-02-23,3,1449.05,en_cours,tanger,Carte,LIV3,
CMD03723,CL0771,P021,May 24 2023,2,263.76,KO,RBA,Carte,LIV6,
CMD40690,CL0713,P076,29/01/2023,4,2797.87,retourné,Agadir,Carte,LIV1,2023-02-03
CMD29153,CL0042,P055,2023-11-06,3,2339.58,livré,tanger,Carte,LIV7,2023-11-09
CMD14200,CL0935,P072,2023-06-01,3,361.69,DONE,kech,Carte,LIV9,2023-06-03
CMD23025,CL0650,P075,May 11 2023,4,1069.89,livre,Tnja,Carte,,
CMD09377,CL0728,P022,2024-01-22,2,2725.14,livre,casa,Carte,LIV1,
CMD45790,CL0413,P029,2023-06-20,3,2617.25,livre,CASABLANCA,Carte,LIV5,
CMD39721,CL0808,P044,07/07/2023,1,4057.92,livre,kech,Carte,LIV1,
CMD16321,CL0258,P027,Jan 01 2023,1,2469.5,OK,Tnja,Carte,LIV10,
CMD40049,CL0777,P070,11/02/2024,3,2188.52,livré,RBA,Carte,LIV4,2024-02-16
CMD43690,CL0395,P010,29/11/2023,5,156.33,livré,TANGER,Carte,LIV1,2023-12-01
CMD04808,CL0804,P004,2024-04-10,2,1090.13,DONE,Agadir,Carte,LIV5,2024-04-15
CMD32985,CL0497,P019,2023-10-01,5,71.36,LIVRE,Tnja,Carte,LIV3,2023-10-05
CMD05798,CL0742,P016,Dec 10 2023,3,4298.86,LIVRE,casa,Carte,LIV9,2023-12-14
CMD35598,CL0263,P066,2023-07-11,3,2648.13,LIVRE,marrakech,Carte,LIV7,2023-07-16
CMD33895,CL0573,P089,05/12/2023,5,1092.45,livré,tanger,Carte,LIV5,2023-12-07
CMD12755,CL0997,P022,19/06/2023,2,0,retourné,Agadir,Carte,,2023-06-23
CMD15656,CL0145,P047,2024-01-19,5,262.55,OK,casa,Carte,LIV8,
CMD11620,CL0254,P023,01/02/2024,2,1347.74,retourné,TANGER,Carte,LIV1,2024-02-02
CMD09502,CL0755,P062,Oct 23 2023,3,63.86,annulé,TANGER,Carte,LIV2,
CMD02468,CL0738,P054,Jul 16 2023,3,4070.48,LIVRE,kech,Carte,LIV1,2023-07-21
CMD42879,CL0476,P092,13/02/2023,2,4526.85,annulé,casa,Carte,,
CMD03482,CL0488,P067,07/02/2024,5,136.16,livré,casa,Carte,LIV3,2024-02-10
CMD36673,CL0019,P054,2023-05-23,4,2021.67,livre,marrakech,Carte,LIV7,
CMD33946,CL0868,P007,2023-03-06,4,4107.57,LIVRE,Tnja,Carte,LIV7,2023-03-08
CMD24569,CL0600,P017,25/02/2024,2,2516.42,livre,RBA,Carte,,
CMD34029,CL0135,P040,Feb 18 2023,3,4101.67,livré,Agadir,Carte,LIV9,2023-02-23
CMD00029,CL0346,P062,May 15 2023,4,3042.56,livré,marrakech,Carte,LIV10,2023-05-18
CMD41098,CL0603,P066,26/03/2024,3,4079.79,livre,CASABLANCA,Carte,LIV6,
CMD35409,CL0781,P008,2023-05-06,2,382.56,livré,RBA,Carte,,2023-05-08
CMD10735,CL0836,P065,2024-02-14,2,1771.79,livré,marrakech,Carte,LIV3,2024-02-15
CMD43041,CL0565,P059,16/03/2023,2,4837.26,en_cours,tanger,Carte,LIV6,
CMD48041,CL0841,P045,2024-02-10,3,830.18,livre,Tnja,Carte,LIV1,
CMD38518,CL0321,P017,10/10/2023,3,3986.09,livré,TANGER,Carte,LIV1,2023-10-15
CMD02965,CL0281,P034,2024-02-03,3,3570.46,livre,Agadir,Carte,LIV8,
CMD17301,CL0775,P037,28/02/2023,1,297.49,livré,TANGER,Carte,LIV1,2023-03-04
CMD41403,CL0929,P006,Aug 16 2023,-1,2298.34,livré,kech,Carte,,2023-08-17
CMD06616,CL0805,P049,Jun 02 2023,1,2398.02,LIVRE,Tnja,Carte,LIV6,2023-06-03
CMD40560,CL0593,P097,04/04/2024,3,3911.91,KO,TNG,Carte,LIV4,
CMD14044,CL0644,P028,Jun 07 2023,1,1810.18,KO,marrakech,Carte,LIV7,
CMD24059,CL0572,P085,2023-11-02,4,3228.34,OK,Agadir,Carte,LIV10,
CMD09643,CL0827,P017,2024-03-29,3,2710.55,OK,marrakech,Carte,LIV9,
CMD22275,CL0160,P042,28/12/2023,1,247.75,livré,kech,Carte,LIV4,2023-12-29
CMD10286,CL0901,P086,May 27 2023,4,1966.36,en_cours,tanger,Carte,LIV9,
CMD26784,CL0603,P064,24/02/2023,3,3243.96,livre,RBA,Carte,,
CMD20925,CL0244,P048,2023-11-10,3,107.22,annulé,Tnja,Carte,LIV1,
CMD44581,CL0464,P100,2023-12-09,4,4137.96,livré,casa,Carte,LIV1,2023-12-10
CMD20878,CL0177,P098,Jan 28 2024,2,341.08,en_cours,CASABLANCA,Carte,LIV2,
CMD38782,CL0337,P088,20/07/2023,4,3913.37,livré,TNG,Carte,,2023-07-22
CMD06625,CL0679,P037,2023-08-06,2,4168.25,en_cours,casa,Carte,LIV2,
CMD10925,CL0159,P060,2024-03-07,4,278.88,DONE,tanger,Carte,LIV5,2024-03-12
CMD22236,CL0559,P002,May 15 2024,3,2158.69,LIVRE,RBA,Carte,LIV7,2024-05-18
CMD06333,CL0263,P065,02/05/2023,4,939.6,KO,RBA,Carte,LIV4,
CMD15969,CL0248,P029,2023-10-24,3,921.4,DONE,CASABLANCA,Carte,LIV1,2023-10-27
CMD21184,CL0649,P052,Mar 14 2024,-1,1101.2,retourné,marrakech,Carte,LIV7,2024-03-16
CMD03172,CL0496,P078,Jan 10 2023,1,3504.53,KO,kech,Carte,LIV6,
CMD42502,CL0619,P064,Jan 13 2024,5,3075.05,DONE,tanger,Carte,LIV10,2024-01-14
CMD03640,CL0415,P099,Mar 02 2024,2,0,KO,tanger,Carte,LIV4,
CMD01353,CL0943,P005,Nov 01 2023,5,4136.16,DONE,marrakech,Carte,LIV10,2023-11-03
CMD19371,CL0040,P029,Apr 03 2023,4,3784.71,livré,CASABLANCA,Carte,LIV4,2023-04-05
CMD27185,CL0260,P042,2023-05-14,2,1126.88,DONE,CASABLANCA,Carte,,2023-05-18
CMD03769,CL0225,P006,2024-05-14,1,1943.99,livre,kech,Carte,LIV4,
CMD43861,CL0226,P070,22/09/2023,3,1364.15,LIVRE,Tnja,Carte,LIV1,2023-09-25
CMD35778,CL0196,P045,2023-12-09,4,3637.62,LIVRE,CASABLANCA,Carte,LIV1,2023-12-13
CMD02148,CL0134,P054,2023-09-25,1,3069.32,livré,RBA,Carte,,2023-09-30
CMD18012,CL0589,P002,01/09/2023,2,4522.15,livré,CASABLANCA,Carte,LIV4,2023-09-04
CMD14999,CL0934,P066,2024-04-08,3,0,en_cours,casa,Carte,LIV4,
CMD28080,CL0930,P018,2024-02-11,5,2394.92,LIVRE,TNG,Carte,LIV4,2024-02-14
CMD18973,CL0229,P030,2024-01-12,3,3529.0,livré,CASABLANCA,Carte,LIV7,2024-01-16
CMD29439,CL0314,P008,Aug 13 2023,5,2066.4,livre,RBA,Carte,LIV1,
CMD07923,CL0959,P035,Oct 11 2023,1,3474.24,KO,CASABLANCA,Carte,LIV3,
CMD15784,CL0856,P002,Mar 21 2023,4,2381.89,livré,CASABLANCA,Carte,LIV4,2023-03-26
CMD36355,CL0333,P012,Jan 10 2024,2,1522.22,annulé,tanger,Carte,,
CMD37709,CL0675,P044,2023-10-24,3,2315.42,livré,RBA,Carte,LIV5,2023-10-26
CMD40224,CL0826,P089,Oct 09 2023,2,471.64,livre,tanger,Carte,LIV5,
CMD47130,CL0836,P014,Nov 05 2023,3,1966.91,KO,TNG,Carte,LIV2,
CMD19840,CL0561,P067,2023-07-02,3,3272.66,annulé,CASABLANCA,Carte,LIV9,
CMD10820,CL0716,P080,22/05/2023,5,75.72,DONE,Agadir,Carte,LIV9,2023-05-27
CMD37993,CL0110,P033,03/06/2023,3,4357.14,annulé,CASABLANCA,Carte,LIV1,
CMD42854,CL0742,P072,2024-02-12,3,3979.18,annulé,marrakech,Carte,LIV3,
CMD02100,CL0823,P011,Apr 19 2023,2,2300.86,LIVRE,TNG,Carte,LIV8,2023-04-22
CMD12241,CL0084,P077,2024-02-15,1,2804.49,livre,casa,Carte,LIV7,
CMD05636,CL0595,P093,06/10/2023,4,1136.16,livre,kech,Carte,LIV3,
CMD13284,CL0052,P075,Apr 15 2023,1,4064.66,DONE,kech,Carte,LIV2,2023-04-16
CMD25614,CL0720,P001,Jan 25 2024,2,905.58,livré,kech,Carte,LIV2,2024-01-27
CMD29525,CL0495,P028,16/08/2023,4,1667.44,livré,TANGER,Carte,LIV5,2023-08-17
CMD19330,CL0177,P005,Apr 18 2024,5,2623.52,KO,CASABLANCA,Carte,LIV2,
CMD41219,CL0658,P026,Jan 28 2023,3,1458.49,DONE,TANGER,Carte,LIV1,2023-02-02
CMD16144,CL0136,P032,May 12 2024,2,3993.48,LIVRE,TANGER,Carte,LIV7,2024-05-13
CMD42305,CL0959,P011,Jun 14 2023,4,2721.91,retourné,marrakech,Carte,LIV3,2023-06-16
CMD03076,CL0180,P031,01/04/2024,2,4158.3,livre,TNG,Carte,LIV4,
CMD01145,CL0935,P027,04/11/2023,3,1390.23,livré,RBA,Carte,LIV8,2023-11-07
CMD44008,CL0412,P056,08/03/2023,4,4573.3,annulé,tanger,Carte,LIV6,
CMD07194,CL0434,P072,Apr 07 2023,4,467.61,livre,TNG,Carte,LIV4,
CMD39184,CL0805,P050,2023-12-07,3,3312.45,livré,kech,Carte,LIV7,2023-12-12
CMD20847,CL0160,P016,2024-04-25,1,1620.22,annulé,TANGER,Carte,LIV9,
CMD29076,CL0317,P088,Oct 23 2023,1,1989.54,LIVRE,TANGER,Carte,LIV4,2023-10-25
CMD37586,CL0270,P034,2023-04-07,3,1798.03,DONE,RBA,Carte,LIV1,2023-04-10
CMD20766,CL0582,P003,2023-08-08,5,400.39,retourné,CASABLANCA,Carte,LIV4,2023-08-12
CMD07470,CL0613,P071,Jan 25 2023,2,2728.9,KO,TANGER,Carte,LIV6,
CMD41180,CL0296,P013,Dec 09 2023,1,2680.49,DONE,casa,Carte,LIV2,2023-12-10
CMD39588,CL0120,P031,2024-01-30,5,3040.51,OK,TANGER,Carte,LIV7,
CMD24791,CL0927,P025,Mar 21 2024,-1,3608.08,livré,TANGER,Carte,LIV9,2024-03-24
CMD02867,CL0305,P056,May 04 2023,3,3804.39,KO,Agadir,Carte,LIV10,
CMD15002,CL0272,P091,12/06/2023,3,3921.01,LIVRE,kech,Carte,LIV7,2023-06-16
CMD46033,CL0516,P020,2023-02-14,3,393.82,livre,marrakech,Carte,LIV4,
CMD15943,CL0686,P057,Feb 16 2023,4,3532.62,retourné,kech,Carte,LIV4,2023-02-18
CMD48329,CL0674,P015,2024-01-25,2,2466.49,livré,Tnja,Carte,LIV2,2024-01-28
CMD40183,CL0591,P096,07/04/2023,4,1739.41,livre,tanger,Carte,LIV10,
CMD11537,CL0946,P012,2023-04-12,4,4336.6,DONE,RBA,Carte,LIV6,2023-04-14
CMD47587,CL0457,P023,Mar 16 2023,2,4849.89,DONE,CASABLANCA,Carte,LIV9,2023-03-17
CMD33514,CL0219,P038,Mar 18 2023,2,3636.48,livré,RBA,Carte,,2023-03-23
CMD35615,CL0569,P070,2024-03-31,5,3621.02,KO,TANGER,Carte,LIV7,
CMD22129,CL0652,P096,2023-01-30,1,3232.78,OK,casa,Carte,LIV2,
CMD10766,CL0503,P071,Nov 02 2023,2,112.98,OK,casa,Carte,LIV3,
CMD46908,CL0832,P099,28/12/2023,2,2321.52,DONE,CASABLANCA,Carte,LIV7,2023-12-31
CMD13908,CL0621,P076,Feb 21 2023,4,299.34,annulé,Agadir,Carte,LIV5,
CMD35533,CL0981,P011,2023-08-05,5,1211.61,livré,marrakech,Carte,LIV10,2023-08-10
CMD09902,CL0972,P003,04/02/2024,4,0,LIVRE,marrakech,Carte,LIV3,2024-02-06
CMD41350,CL0684,P091,2024-03-29,4,212.04,LIVRE,kech,Carte,,2024-04-01
CMD00307,CL0559,P038,Jan 18 2024,1,4841.94,DONE,Tnja,Carte,LIV2,2024-01-20
CMD37348,CL0829,P038,06/09/2023,5,1681.32,retourné,RBA,Carte,LIV2,2023-09-09
CMD01579,CL0562,P035,Jul 30 2023,4,1249.63,en_cours,kech,Carte,LIV9,
CMD46548,CL0117,P059,2024-03-29,3,4767.54,livré,RBA,Carte,LIV3,2024-04-02
CMD36229,CL0363,P003,04/04/2023,1,2309.27,OK,Agadir,Carte,LIV9,
CMD31334,CL0948,P099,May 13 2024,5,3948.13,DONE,TNG,Carte,,2024-05-16
CMD18991,CL0046,P098,Jan 14 2023,5,3738.7,annulé,Tnja,Carte,LIV2,
CMD29055,CL0875,P066,2023-03-02,2,0,livre,CASABLANCA,Carte,LIV1,
CMD20254,CL0644,P046,Jan 16 2023,3,3216.42,en_cours,tanger,Carte,LIV4,
CMD41566,CL0472,P004,Mar 16 2024,2,2072.9,DONE,marrakech,Carte,LIV4,2024-03-21
CMD06552,CL0610,P049,14/06/2023,4,2174.85,OK,Tnja,Carte,LIV7,
CMD31803,CL0950,P034,Sep 06 2023,3,1114.28,en_cours,CASABLANCA,Carte,LIV4,
CMD20059,CL0944,P059,2023-04-01,4,3934.03,KO,CASABLANCA,Carte,LIV4,
CMD46081,CL0064,P060,2023-06-15,2,2936.78,KO,Agadir,Carte,LIV3,
CMD06445,CL0946,P076,2023-11-05,3,1656.23,LIVRE,RBA,Carte,LIV5,2023-11-07
CMD22673,CL0999,P048,2023-09-28,2,2590.85,DONE,casa,Carte,LIV2,2023-09-30
CMD05250,CL0946,P081,05/04/2024,1,3094.66,KO,TNG,Carte,LIV6,
CMD25235,CL0255,P081,2023-08-25,2,2995.2,KO,marrakech,Carte,LIV3,
CMD20413,CL0868,P024,22/09/2023,5,720.07,livre,tanger,Carte,LIV1,
CMD06636,CL0545,P063,11/02/2024,1,1959.57,KO,TNG,Carte,LIV2,
CMD06391,CL0525,P065,20/08/2023,1,4915.2,DONE,CASABLANCA,Carte,LIV1,2023-08-24
CMD41196,CL0852,P025,Oct 05 2023,3,702.34,livre,tanger,Carte,LIV7,
CMD44738,CL0646,P082,2023-10-29,4,496.74,livré,CASABLANCA,Carte,LIV7,2023-11-03
CMD13411,CL0545,P089,Jun 15 2023,3,4711.58,KO,RBA,Carte,LIV5,
CMD08894,CL0271,P030,May 06 2024,1,3764.05,livré,TANGER,Carte,LIV10,2024-05-09
CMD00853,CL0224,P008,29/10/2023,1,244.79,LIVRE,kech,Carte,LIV1,2023-11-02
CMD26322,CL0524,P021,2023-07-21,1,1888.67,annulé,RBA,Carte,LIV6,
CMD34030,CL0889,P073,Aug 15 2023,1,1139.74,livre,TANGER,Carte,LIV10,
CMD18692,CL0582,P076,Aug 21 2023,4,437.39,LIVRE,TNG,Carte,LIV1,2023-08-22
CMD36590,CL0707,P097,Apr 08 2024,3,2192.33,LIVRE,TNG,Carte,LIV1,2024-04-12
CMD44824,CL0333,P075,2023-09-28,4,2103.24,LIVRE,RBA,Carte,LIV2,2023-09-30
CMD02269,CL0994,P025,17/03/2024,3,4643.93,retourné,casa,Carte,LIV3,2024-03-18
CMD37376,CL0654,P009,24/12/2023,2,2498.9,annulé,casa,Carte,LIV1,
CMD48154,CL0339,P024,Mar 07 2024,5,2181.57,KO,TNG,Carte,LIV5,
CMD08788,CL0628,P088,2023-04-06,3,4876.25,livre,casa,Carte,LIV2,
CMD42396,CL0682,P011,Apr 27 2024,2,282.82,en_cours,kech,Carte,LIV9,
CMD28600,CL0879,P055,15/03/2024,3,804.49,en_cours,kech,Carte,LIV7,
CMD24520,CL0807,P003,2023-04-11,1,2661.35,retourné,TANGER,Carte,LIV7,2023-04-14
CMD28357,CL0070,P038,2024-03-14,4,406.27,en_cours,TANGER,Carte,LIV6,
CMD12320,CL0329,P022,Oct 03 2023,4,600.98,livré,TNG,Carte,LIV9,2023-10-04
CMD33281,CL0280,P017,Mar 06 2024,1,4935.46,livré,Agadir,Carte,LIV6,2024-03-08
CMD00244,CL0781,P037,31/08/2023,5,4830.53,en_cours,marrakech,Carte,LIV5,
CMD48401,CL0282,P011,2023-02-26,4,4246.25,OK,marrakech,Carte,,
CMD34698,CL0519,P029,22/09/2023,5,192.34,livré,Agadir,Carte,LIV5,2023-09-26
CMD23504,CL0821,P003,2024-04-29,2,3963.56,livre,casa,Carte,LIV1,
CMD05856,CL0854,P056,25/08/2023,4,539.67,KO,TANGER,Carte,LIV3,
CMD34902,CL0898,P012,2023-10-12,1,667.71,DONE,Tnja,Carte,LIV6,2023-10-15
CMD43116,CL0371,P041,07/05/2024,4,4498.02,retourné,TANGER,Carte,LIV10,2024-05-09
CMD05659,CL0351,P039,19/02/2024,1,3216.28,annulé,TNG,Carte,LIV6,
CMD00110,CL0809,P028,Jan 20 2023,3,917.2,retourné,casa,Carte,LIV5,2023-01-21
CMD17096,CL0441,P087,2023-04-21,4,3914.9,annulé,TANGER,Carte,LIV9,
CMD39417,CL0309,P011,Mar 22 2023,3,4200.96,livré,TANGER,Carte,LIV8,2023-03-26
CMD27115,CL0453,P049,Apr 19 2024,1,3722.67,livre,marrakech,Carte,LIV9,
CMD41229,CL0376,P007,25/04/2023,3,1514.04,annulé,tanger,Carte,LIV9,
CMD03647,CL0727,P096,2023-10-19,3,249.14,en_cours,CASABLANCA,Carte,LIV5,
CMD00676,CL0816,P068,19/01/2023,1,3545.45,livre,casa,Carte,LIV4,
CMD43610,CL0089,P030,May 31 2023,3,3191.04,retourné,casa,Carte,LIV5,2023-06-03
CMD13714,CL0112,P098,06/03/2023,3,2221.92,en_cours,CASABLANCA,Carte,LIV1,
CMD24155,CL0460,P068,07/12/2023,5,4056.77,DONE,Tnja,Carte,LIV10,2023-12-10
CMD39522,CL0427,P045,2023-03-13,2,1596.6,livré,casa,Carte,LIV1,2023-03-16
CMD40198,CL0634,P033,Jul 16 2023,2,1450.25,retourné,TNG,Carte,LIV1,2023-07-19
CMD11477,CL0504,P019,2023-04-16,2,3259.52,OK,tanger,Carte,LIV2,
CMD43242,CL0679,P025,Apr 17 2023,3,1545.36,retourné,CASABLANCA,Carte,LIV9,2023-04-19
CMD32379,CL0927,P085,10/05/2023,4,2006.2,livré,TNG,Carte,LIV3,2023-05-11
CMD44156,CL0342,P062,May 25 2023,2,847.09,livré,marrakech,Carte,LIV9,2023-05-27
CMD14905,CL0488,P065,2023-12-22,3,1196.13,livre,kech,Carte,LIV8,
CMD35347,CL0625,P088,05/01/2023,5,3524.85,KO,marrakech,Carte,LIV6,
CMD35959,CL0093,P032,Jan 13 2023,3,4542.83,DONE,Tnja,Carte,LIV10,2023-01-14
CMD44429,CL0023,P021,30/05/2023,5,800.7,livré,casa,Carte,,2023-06-04
CMD32882,CL0942,P020,2023-11-09,5,450.54,DONE,casa,Carte,LIV6,2023-11-12
CMD29235,CL0989,P082,03/10/2023,2,3865.0,KO,RBA,Carte,LIV6,
CMD33361,CL0980,P005,2023-05-11,4,1686.17,livré,CASABLANCA,Carte,LIV1,2023-05-13
CMD19931,CL0985,P050,07/05/2023,3,821.56,livré,casa,Carte,LIV4,2023-05-09
CMD30373,CL0477,P079,Feb 21 2023,2,1254.96,annulé,tanger,Carte,LIV6,
CMD33529,CL0362,P046,2023-09-20,1,2765.3,DONE,tanger,Carte,,2023-09-24
CMD27763,CL0705,P090,Feb 16 2023,4,2701.79,livré,casa,Carte,LIV2,2023-02-18
CMD07968,CL0814,P045,27/03/2023,5,1922.86,en_cours,tanger,Carte,LIV1,
CMD12965,CL0931,P010,2023-08-24,5,1634.77,retourné,CASABLANCA,Carte,LIV1,2023-08-27
CMD34781,CL0212,P055,2023-10-27,2,3091.42,livré,marrakech,Carte,LIV7,2023-10-29
CMD46731,CL0605,P054,21/11/2023,5,4188.72,en_cours,marrakech,Carte,,
CMD39802,CL0449,P094,31/07/2023,4,592.89,livré,Agadir,Carte,,2023-08-01
CMD38195,CL0537,P025,2023-08-13,2,2319.4,KO,Agadir,Carte,LIV7,
CMD17856,CL0126,P024,2024-05-07,2,2583.59,annulé,tanger,Carte,LIV8,
CMD41091,CL0232,P084,Dec 31 2023,1,767.98,KO,tanger,Carte,LIV6,
CMD09163,CL0419,P043,2023-06-19,2,1492.42,KO,marrakech,Carte,LIV6,
CMD33288,CL0456,P027,Dec 19 2023,1,4748.88,LIVRE,tanger,Carte,,2023-12-24
CMD45044,CL0242,P005,28/03/2023,3,4680.86,annulé,Tnja,Carte,LIV10,
CMD26554,CL0863,P045,Mar 21 2023,4,0,livré,TANGER,Carte,LIV8,2023-03-24
CMD41270,CL0712,P095,17/02/2024,3,1947.2,LIVRE,casa,Carte,LIV8,2024-02-19
CMD00554,CL0372,P087,09/01/2024,2,1130.82,en_cours,TANGER,Carte,LIV10,
CMD02194,CL0905,P012,10/12/2023,5,1806.34,KO,Agadir,Carte,LIV9,
CMD26248,CL0334,P036,05/09/2023,3,2688.36,livré,marrakech,Carte,LIV2,2023-09-07
CMD04114,CL0910,P077,Mar 11 2024,1,4285.41,livré,RBA,Carte,LIV7,2024-03-15
CMD18306,CL0491,P057,2024-03-17,3,1435.05,livré,Tnja,Carte,LIV4,2024-03-22
CMD34104,CL0177,P025,06/06/2023,4,1469.06,annulé,kech,Carte,LIV7,
CMD43024,CL0846,P063,16/05/2023,1,863.64,livré,kech,Carte,LIV5,2023-05-19
CMD08142,CL0019,P098,20/02/2024,2,228.7,annulé,casa,Carte,LIV7,
CMD20538,CL0289,P080,2024-03-17,3,1177.78,livré,marrakech,Carte,LIV2,2024-03-20
CMD33984,CL0173,P084,Mar 31 2024,5,1622.05,KO,TANGER,Carte,LIV7,
CMD21604,CL0432,P044,20/12/2023,1,2429.31,retourné,tanger,Carte,LIV3,2023-12-22
CMD44517,CL0853,P050,2023-08-21,4,460.76,LIVRE,casa,Carte,,2023-08-24
CMD01984,CL0656,P006,Jun 12 2023,5,1430.88,livre,kech,Carte,LIV5,
CMD25423,CL0110,P098,2023-09-11,3,1234.67,DONE,marrakech,Carte,LIV2,2023-09-16
CMD32375,CL0052,P004,16/04/2023,1,4224.69,KO,Agadir,Carte,LIV3,
CMD23292,CL0048,P065,May 25 2023,4,4934.33,livré,CASABLANCA,Carte,LIV8,2023-05-27
CMD37757,CL0422,P005,Sep 30 2023,1,1653.0,DONE,marrakech,Carte,LIV3,2023-10-02
CMD08243,CL0260,P019,25/03/2024,3,3869.65,LIVRE,casa,Carte,,2024-03-29
CMD31494,CL0038,P022,Jan 24 2023,5,1630.12,annulé,Agadir,Carte,LIV5,
CMD41358,CL0992,P076,Feb 18 2024,4,214.44,annulé,TANGER,Carte,LIV3,
CMD46316,CL0840,P084,04/05/2023,4,2573.42,livré,RBA,Carte,LIV10,2023-05-07
CMD05658,CL0986,P038,Sep 13 2023,5,1321.55,en_cours,CASABLANCA,Carte,LIV3,
CMD44646,CL0478,P079,19/07/2023,5,4722.26,DONE,TANGER,Carte,LIV10,2023-07-20
CMD20106,CL0493,P028,28/02/2024,2,321.2,LIVRE,Tnja,Carte,LIV5,2024-03-04
CMD10001,CL0242,P057,Jul 24 2023,5,3835.31,livré,Agadir,Carte,LIV10,2023-07-27
CMD03891,CL0520,P050,14/04/2023,5,3710.93,annulé,casa,Carte,LIV8,
CMD38291,CL0320,P049,01/05/2023,4,2774.3,en_cours,CASABLANCA,Carte,LIV7,
CMD23517,CL0510,P048,18/10/2023,3,218.63,livré,CASABLANCA,Carte,LIV6,2023-10-19
CMD47481,CL0952,P082,May 31 2023,1,4264.97,livré,TNG,Carte,LIV1,2023-06-01
CMD42830,CL0919,P073,20/07/2023,2,3897.05,DONE,Tnja,Carte,LIV3,2023-07-23
CMD03025,CL0971,P070,08/08/2023,4,2864.71,OK,Agadir,Carte,,
CMD19822,CL0850,P079,2024-01-24,3,100.18,en_cours,TANGER,Carte,LIV7,
CMD09938,CL0469,P015,12/08/2023,-1,3279.7,livré,CASABLANCA,Carte,LIV7,2023-08-17
CMD25401,CL0340,P074,Nov 15 2023,3,357.95,en_cours,tanger,Carte,LIV6,
CMD46296,CL0361,P007,04/12/2023,3,752.14,livré,RBA,Carte,LIV6,2023-12-07
CMD05769,CL0129,P074,25/03/2024,2,905.63,DONE,casa,Carte,LIV10,2024-03-30
CMD24068,CL0806,P062,2023-09-10,5,4973.87,livré,CASABLANCA,Carte,,2023-09-11
CMD37589,CL0420,P023,2023-09-04,4,3759.78,OK,kech,Carte,LIV3,
CMD13543,CL0121,P007,Jan 09 2023,4,4206.2,retourné,Tnja,Carte,,2023-01-10
CMD27360,CL0143,P012,01/03/2024,4,1667.4,retourné,kech,Carte,LIV6,2024-03-06
CMD46981,CL0352,P057,07/03/2023,4,1616.45,livré,TANGER,Carte,,2023-03-11
CMD23307,CL0044,P075,05/09/2023,2,1703.19,LIVRE,kech,Carte,LIV4,2023-09-06
CMD29920,CL0922,P039,2023-03-14,3,198.33,livré,marrakech,Carte,LIV2,2023-03-17
CMD19485,CL0994,P078,Jul 04 2023,4,2103.92,livré,CASABLANCA,Carte,LIV9,2023-07-08
CMD34759,CL0612,P082,26/12/2023,5,1183.99,livré,Tnja,Carte,LIV5,2023-12-31
CMD41024,CL0445,P030,2023-05-14,4,4210.09,en_cours,casa,Carte,LIV4,
CMD05837,CL0477,P085,Jan 15 2023,3,1275.06,DONE,RBA,Carte,LIV9,2023-01-16
CMD14055,CL0820,P051,04/05/2023,5,4415.63,livré,tanger,Carte,LIV9,2023-05-06
CMD18076,CL0937,P098,2023-05-29,5,867.5,en_cours,casa,Carte,LIV9,
CMD15158,CL0060,P014,May 22 2023,4,4671.49,livré,CASABLANCA,Carte,LIV7,2023-05-25
CMD01745,CL0248,P065,May 04 2024,2,3309.96,annulé,RBA,Carte,LIV6,
CMD02230,CL0809,P016,2023-06-08,4,4844.45,en_cours,kech,Carte,LIV5,
CMD08937,CL0993,P004,16/12/2023,4,1363.84,en_cours,Tnja,Carte,LIV6,
CMD00609,CL0291,P039,Feb 17 2023,3,2868.0,DONE,casa,Carte,LIV8,2023-02-18
CMD10048,CL0478,P067,Apr 18 2023,2,4097.3,livré,Agadir,Carte,LIV3,2023-04-21
CMD27008,CL0238,P077,2024-04-16,5,4456.13,livré,TNG,Carte,LIV4,2024-04-19
CMD30625,CL0742,P085,14/03/2023,5,425.53,annulé,TNG,Carte,LIV10,
CMD06162,CL0753,P081,11/02/2023,3,3681.66,LIVRE,CASABLANCA,Carte,LIV3,2023-02-15
CMD48106,CL0273,P054,Apr 26 2023,3,0,livré,TANGER,Carte,LIV4,2023-04-30
CMD16660,CL0683,P006,2023-02-20,4,2770.87,DONE,TANGER,Carte,LIV5,2023-02-24
CMD41880,CL0454,P036,Mar 12 2023,1,2443.02,DONE,casa,Carte,LIV6,2023-03-15
CMD38983,CL0430,P082,30/09/2023,3,600.26,annulé,tanger,Carte,LIV2,
CMD39748,CL0798,P007,2023-10-05,1,426.25,OK,TANGER,Carte,LIV3,
CMD05082,CL0903,P028,2023-02-08,2,2731.51,en_cours,Agadir,Carte,LIV3,
CMD15687,CL0596,P014,Oct 11 2023,3,1124.47,retourné,casa,Carte,LIV7,2023-10-12
CMD13154,CL0892,P020,15/11/2023,2,1010.31,retourné,tanger,Carte,LIV2,2023-11-20
CMD04693,CL0960,P055,17/11/2023,1,4746.66,en_cours,TANGER,Carte,LIV6,
CMD40903,CL0536,P087,Feb 18 2024,2,817.47,KO,TANGER,Carte,LIV4,
CMD47799,CL0682,P087,06/07/2023,5,2716.52,LIVRE,TNG,Carte,LIV4,2023-07-07
CMD48145,CL0907,P065,2023-09-08,5,4841.44,KO,kech,Carte,LIV5,
CMD24647,CL0287,P084,11/05/2023,5,3439.47,KO,CASABLANCA,Carte,LIV8,
CMD24870,CL0039,P025,2024-01-29,4,1844.31,livré,RBA,Carte,LIV10,2024-02-03
CMD17812,CL0055,P078,02/03/2024,5,629.91,LIVRE,kech,Carte,LIV2,2024-03-04
CMD03038,CL0955,P093,17/03/2023,2,4056.46,KO,tanger,Carte,LIV5,
CMD13902,CL0817,P065,Mar 15 2023,4,2919.58,DONE,kech,Carte,LIV7,2023-03-18
CMD18670,CL0105,P087,18/01/2024,1,4540.16,OK,casa,Carte,LIV9,
CMD14789,CL0518,P090,Sep 20 2023,-1,1706.12,annulé,RBA,Carte,LIV2,
CMD29022,CL0930,P060,06/08/2023,3,2704.65,retourné,TANGER,Carte,LIV2,2023-08-09
CMD19596,CL0301,P073,16/05/2023,5,0,DONE,kech,Carte,LIV6,2023-05-19
CMD41614,CL0604,P072,Jan 22 2023,3,3800.9,DONE,kech,Carte,LIV1,2023-01-24
CMD04988,CL0370,P078,11/01/2023,4,1667.02,livre,Tnja,Carte,LIV9,
CMD31984,CL0720,P030,Jan 01 2024,4,2339.66,livré,Agadir,Carte,LIV4,2024-01-05
CMD05902,CL0235,P039,Apr 23 2023,1,3900.06,en_cours,TANGER,Carte,LIV5,
CMD45598,CL0052,P096,01/02/2023,4,2397.45,livré,RBA,Carte,LIV4,2023-02-04
CMD37514,CL0243,P055,Feb 20 2024,3,4165.72,OK,casa,Carte,LIV10,
CMD37263,CL0451,P055,2023-03-01,1,2574.38,LIVRE,TNG,Carte,LIV1,2023-03-06
CMD36517,CL0509,P063,2024-02-07,4,2548.61,KO,RBA,Carte,LIV5,
CMD01835,CL0007,P013,Aug 04 2023,3,3607.29,retourné,tanger,Carte,LIV5,2023-08-07
CMD13892,CL0991,P048,May 13 2024,1,1968.07,livré,CASABLANCA,Carte,LIV5,2024-05-14
CMD33556,CL0191,P003,28/10/2023,2,838.42,livré,casa,Carte,LIV4,2023-10-31
CMD21263,CL0925,P045,Jun 11 2023,3,610.92,livre,tanger,Carte,LIV9,
CMD16486,CL0381,P014,16/03/2024,-1,3617.31,livré,Agadir,Carte,LIV5,2024-03-17
CMD10410,CL0023,P055,05/03/2024,4,4678.11,annulé,TANGER,Carte,LIV5,
CMD23037,CL0336,P093,Dec 18 2023,3,1929.88,livre,marrakech,Carte,LIV7,
CMD37130,CL0745,P032,Apr 02 2024,3,2229.59,LIVRE,tanger,Carte,LIV7,2024-04-05
CMD33934,CL0847,P009,2024-02-15,4,4942.17,annulé,TANGER,Carte,LIV3,
CMD22255,CL0414,P062,03/04/2024,1,3231.49,annulé,kech,Carte,LIV9,
CMD14387,CL0285,P016,2023-08-31,5,1074.58,annulé,tanger,Carte,LIV10,
CMD08447,CL0707,P043,Mar 28 2024,3,525.27,livré,RBA,Carte,LIV7,2024-04-01
CMD22737,CL0906,P077,2024-01-10,3,4123.64,en_cours,RBA,Carte,LIV8,
CMD19897,CL0806,P063,10/12/2023,2,3273.0,OK,Tnja,Carte,LIV8,
CMD00068,CL0563,P092,Jan 26 2023,4,2646.37,DONE,tanger,Carte,,2023-01-29
CMD30388,CL0162,P056,06/05/2023,4,2411.23,en_cours,marrakech,Carte,LIV8,
CMD26241,CL0591,P068,Apr 01 2024,5,2509.8,livré,marrakech,Carte,LIV10,2024-04-02
CMD24415,CL0838,P010,2023-10-30,1,3390.45,DONE,kech,Carte,LIV8,2023-10-31
CMD39745,CL0708,P021,2023-10-08,2,2256.17,livré,TNG,Carte,LIV7,2023-10-09
CMD06802,CL0527,P066,2023-07-31,2,2702.85,en_cours,TNG,Carte,LIV7,
CMD19618,CL0941,P064,05/10/2023,5,4310.45,en_cours,CASABLANCA,Carte,,
CMD07186,CL0652,P086,May 13 2023,3,3481.01,retourné,RBA,Carte,LIV3,2023-05-14
CMD07417,CL0342,P021,2023-04-06,4,4356.69,retourné,CASABLANCA,Carte,LIV4,2023-04-10
CMD28565,CL0065,P059,2023-11-12,5,3737.47,DONE,Agadir,Carte,LIV10,2023-11-15
CMD40135,CL0559,P009,2024-04-19,2,3427.96,KO,RBA,Carte,LIV4,
CMD14982,CL0690,P029,14/02/2024,3,2686.82,LIVRE,TANGER,Carte,LIV4,2024-02-17
CMD11234,CL0896,P028,Feb 12 2024,3,1910.3,annulé,marrakech,Carte,LIV5,
CMD06041,CL0212,P008,2023-03-03,3,3503.32,annulé,RBA,Carte,LIV9,
CMD32924,CL0654,P005,2023-09-05,5,0,livré,casa,Carte,,2023-09-08
CMD42065,CL0450,P083,25/05/2023,2,2777.6,OK,TNG,Carte,LIV8,
CMD11411,CL0847,P096,Feb 26 2024,3,4293.93,livré,CASABLANCA,Carte,LIV9,2024-03-02
CMD06679,CL0716,P098,Jan 10 2023,4,4735.38,retourné,tanger,Carte,LIV2,2023-01-13
CMD32873,CL0249,P086,15/04/2024,5,976.27,livré,casa,Carte,LIV1,2024-04-17
CMD22898,CL0661,P080,2023-01-22,3,1399.18,en_cours,RBA,Carte,LIV9,
CMD01262,CL0701,P050,2023-10-23,3,4010.8,KO,RBA,Carte,LIV6,
CMD35280,CL0310,P077,17/04/2024,3,2830.84,LIVRE,marrakech,Carte,LIV1,2024-04-19
CMD37416,CL0834,P040,Jan 10 2024,4,1624.86,livré,TNG,Carte,LIV2,2024-01-12
CMD18052,CL0512,P051,2023-02-02,3,4106.78,livre,RBA,Carte,LIV1,
CMD27226,CL0095,P073,17/03/2024,3,4978.75,retourné,casa,Carte,LIV5,2024-03-20
CMD02006,CL0603,P042,Jan 10 2023,2,2595.17,livré,kech,Carte,LIV4,2023-01-11
CMD41471,CL0414,P053,Jan 04 2024,3,527.71,LIVRE,kech,Carte,,2024-01-06
CMD13363,CL0980,P093,05/04/2024,3,2753.73,livré,Tnja,Carte,LIV10,2024-04-07
CMD11222,CL0885,P034,Mar 30 2023,2,958.78,DONE,Agadir,Carte,,2023-04-03
CMD39051,CL0022,P086,Oct 08 2023,3,2163.22,livré,Tnja,Carte,LIV3,2023-10-13
CMD24880,CL0016,P019,May 01 2023,5,4030.62,KO,marrakech,Carte,LIV4,
CMD01297,CL0745,P008,15/03/2023,3,122.86,retourné,tanger,Carte,LIV9,2023-03-18
CMD37799,CL0608,P089,2023-05-12,5,3452.47,OK,TANGER,Carte,LIV7,
CMD02766,CL0758,P093,2023-10-29,5,3003.06,KO,Tnja,Carte,LIV9,
CMD09108,CL0335,P063,13/12/2023,2,244.17,en_cours,marrakech,Carte,LIV6,
CMD28214,CL0732,P040,Mar 12 2024,3,2904.08,livré,TANGER,Carte,,2024-03-14
CMD11499,CL0181,P084,24/09/2023,3,1349.17,KO,marrakech,Carte,LIV8,
CMD32545,CL0182,P073,02/11/2023,2,1995.65,OK,TANGER,Carte,,
CMD11396,CL0027,P051,30/06/2023,2,794.62,OK,Tnja,Carte,LIV7,
CMD38264,CL0199,P093,2024-01-16,3,2609.31,annulé,casa,Carte,LIV3,
CMD22590,CL0816,P084,26/04/2024,4,996.5,livré,marrakech,Carte,LIV2,2024-04-28
CMD14785,CL0785,P096,14/01/2024,5,4117.91,OK,Tnja,Carte,LIV1,
CMD22917,CL0386,P098,2024-03-14,2,3524.07,KO,TANGER,Carte,LIV4,
CMD43224,CL0163,P040,05/05/2023,4,1113.79,en_cours,Agadir,Carte,LIV2,
CMD21598,CL0817,P036,Jun 04 2023,3,3750.03,en_cours,Tnja,Carte,LIV4,
CMD25051,CL0321,P019,26/02/2024,3,760.49,annulé,casa,Carte,LIV8,
CMD18274,CL0587,P095,06/01/2023,5,2864.83,DONE,Tnja,Carte,LIV10,2023-01-11
CMD01273,CL0106,P056,2023-05-26,3,1429.44,livré,TNG,Carte,LIV8,2023-05-29
CMD42252,CL0890,P001,Apr 03 2023,2,3935.44,annulé,tanger,Carte,LIV7,
CMD33455,CL0057,P028,04/03/2023,3,4703.34,LIVRE,marrakech,Carte,LIV2,2023-03-06
CMD37408,CL0824,P045,2023-09-17,2,4158.97,OK,tanger,Carte,LIV1,
CMD34069,CL0838,P046,Oct 05 2023,3,3164.79,DONE,Tnja,Carte,LIV5,2023-10-06
CMD19074,CL0507,P063,03/02/2024,3,1921.23,OK,CASABLANCA,Carte,LIV4,
CMD17808,CL0458,P056,28/10/2023,2,4341.48,livré,Agadir,Carte,LIV3,2023-11-02
CMD42807,CL0615,P099,Jan 04 2024,5,154.13,en_cours,marrakech,Carte,LIV9,
CMD09360,CL0553,P027,2024-04-16,2,241.73,retourné,TNG,Carte,,2024-04-20
CMD19879,CL0569,P053,2023-06-21,5,3573.3,livré,TNG,Carte,LIV6,2023-06-22
CMD03315,CL0009,P098,Feb 21 2023,1,2032.3,OK,TNG,Carte,LIV1,
CMD01715,CL0132,P008,08/10/2023,5,3774.7,livré,casa,Carte,LIV4,2023-10-13
CMD06409,CL0084,P046,2024-04-06,3,0,OK,TNG,Carte,LIV6,
CMD44012,CL0860,P097,10/04/2024,5,4260.23,en_cours,TNG,Carte,LIV9,
CMD07851,CL0917,P014,04/11/2023,5,2330.75,retourné,TNG,Carte,LIV2,2023-11-06
CMD07797,CL0853,P045,2024-05-14,4,3311.41,OK,Tnja,Carte,LIV8,
CMD08389,CL0533,P093,03/02/2023,4,4960.49,annulé,TNG,Carte,LIV3,
CMD20223,CL0410,P021,2023-01-11,1,3062.69,livré,CASABLANCA,Carte,LIV10,2023-01-16
CMD23905,CL0447,P046,Jun 16 2023,3,3371.87,annulé,Tnja,Carte,LIV9,
CMD37033,CL0796,P042,Mar 23 2024,5,2702.87,livré,CASABLANCA,Carte,LIV4,2024-03-27
CMD01532,CL0999,P062,16/11/2023,2,3574.45,OK,Agadir,Carte,LIV6,
CMD13316,CL0659,P055,20/12/2023,4,3514.46,en_cours,marrakech,Carte,LIV2,
CMD42574,CL0042,P055,01/05/2023,4,1033.29,livré,Agadir,Carte,LIV7,2023-05-02
CMD25815,CL0380,P014,17/11/2023,2,364.03,en_cours,marrakech,Carte,LIV10,
CMD27622,CL0002,P013,May 27 2023,1,584.84,LIVRE,tanger,Carte,LIV5,2023-05-30
CMD32020,CL0999,P095,2023-08-21,5,728.7,en_cours,casa,Carte,LIV10,
CMD28965,CL0502,P054,20/03/2024,5,3682.64,KO,casa,Carte,,
CMD25374,CL0702,P029,13/06/2023,1,798.28,livré,Tnja,Carte,LIV9,2023-06-18
CMD33543,CL0402,P058,2023-08-12,2,316.64,livré,RBA,Carte,LIV3,2023-08-14
CMD07987,CL0313,P010,2023-02-12,4,472.2,KO,kech,Carte,LIV2,
CMD06596,CL0114,P024,2023-05-10,2,3180.56,DONE,TNG,Carte,LIV10,2023-05-12
CMD12945,CL0341,P012,Oct 07 2023,5,1354.66,en_cours,tanger,Carte,LIV1,
CMD43155,CL0017,P090,May 09 2023,1,1381.18,en_cours,Agadir,Carte,LIV2,
CMD01215,CL0149,P029,2023-04-25,2,1995.09,LIVRE,tanger,Carte,LIV6,2023-04-30
CMD07040,CL0486,P080,Apr 05 2024,4,662.55,DONE,kech,Carte,LIV3,2024-04-07
CMD26223,CL0884,P003,12/12/2023,2,4143.98,livré,Agadir,Carte,,2023-12-16
CMD34964,CL0013,P004,Dec 07 2023,4,322.82,en_cours,TANGER,Carte,LIV9,
CMD10783,CL0166,P025,2023-06-01,5,1058.67,retourné,CASABLANCA,Carte,LIV8,2023-06-05
CMD15282,CL0982,P055,Jan 16 2023,3,4825.22,annulé,TNG,Carte,LIV2,
CMD10173,CL0242,P050,Dec 22 2023,4,4847.09,LIVRE,casa,Carte,LIV5,2023-12-24
CMD00408,CL0597,P034,17/10/2023,5,2787.03,OK,casa,Carte,LIV6,
CMD21065,CL0628,P099,22/07/2023,2,2092.25,en_cours,TNG,Carte,LIV2,
CMD05893,CL0085,P006,2023-08-10,4,3518.14,livré,Tnja,Carte,,2023-08-15
CMD28752,CL0959,P048,Jul 09 2023,1,634.62,livré,TANGER,Carte,LIV4,2023-07-10
CMD34174,CL0864,P062,Jun 28 2023,1,2743.51,OK,marrakech,Carte,LIV5,
CMD23115,CL0470,P057,2023-02-06,1,1108.29,OK,CASABLANCA,Carte,LIV3,
CMD34987,CL0382,P004,May 11 2024,3,2214.1,livré,TNG,Carte,LIV1,2024-05-16
CMD29394,CL0450,P034,2023-03-03,1,2943.99,livré,Tnja,Carte,LIV9,2023-03-06
CMD17835,CL0334,P039,21/11/2023,5,4930.65,en_cours,Agadir,Carte,LIV6,
CMD16778,CL0355,P030,10/09/2023,5,1003.14,retourné,TNG,Carte,LIV7,2023-09-15
CMD29178,CL0187,P050,2023-11-15,2,2311.59,KO,casa,Carte,LIV8,
CMD04879,CL0986,P059,Jan 16 2023,3,2871.72,livré,Agadir,Carte,LIV6,2023-01-21
CMD10713,CL0924,P073,08/04/2023,5,3314.22,livre,Tnja,Carte,LIV2,
CMD03124,CL0837,P078,Aug 28 2023,4,4271.01,KO,casa,Carte,LIV5,
CMD33928,CL0566,P002,27/05/2023,5,532.48,livré,TANGER,Carte,LIV4,2023-05-31
CMD26334,CL0804,P066,31/05/2023,5,4674.16,livré,TNG,Carte,LIV3,2023-06-04
CMD40163,CL0232,P090,2023-06-05,3,2274.94,livré,Tnja,Carte,LIV10,2023-06-06
CMD05036,CL0326,P072,Feb 11 2023,2,1378.35,DONE,casa,Carte,LIV3,2023-02-15
CMD30233,CL0655,P026,24/04/2023,1,4688.07,retourné,TANGER,Carte,LIV1,2023-04-25
CMD25392,CL0614,P065,Sep 18 2023,5,2829.21,OK,CASABLANCA,Carte,,
CMD06025,CL0806,P060,2023-12-12,2,395.63,retourné,RBA,Carte,LIV5,2023-12-16
CMD45666,CL0832,P080,Mar 15 2024,3,4384.97,OK,RBA,Carte,LIV9,
CMD23233,CL0337,P045,2023-05-16,2,583.21,LIVRE,Agadir,Carte,LIV8,2023-05-19
CMD16837,CL0072,P041,2023-01-15,5,4912.19,OK,casa,Carte,LIV10,
CMD16517,CL0765,P030,2023-06-27,2,4690.65,OK,marrakech,Carte,,
CMD34806,CL0747,P048,Mar 08 2024,4,2303.94,livré,marrakech,Carte,LIV10,2024-03-13
CMD34077,CL0156,P089,2023-05-18,1,4488.47,retourné,Agadir,Carte,LIV10,2023-05-22
CMD24615,CL0866,P059,28/04/2024,5,1500.46,annulé,CASABLANCA,Carte,LIV2,
CMD08551,CL0464,P080,Dec 14 2023,5,3552.14,livré,CASABLANCA,Carte,LIV9,2023-12-19
CMD20851,CL0072,P001,2024-01-31,5,2166.45,livré,casa,Carte,LIV5,2024-02-01
CMD44307,CL0180,P078,23/04/2024,1,3050.48,livré,RBA,Carte,LIV8,2024-04-24
CMD38484,CL0163,P078,27/04/2024,5,1438.8,DONE,marrakech,Carte,LIV10,2024-04-29
CMD01408,CL0786,P060,May 12 2023,4,1016.51,DONE,tanger,Carte,LIV10,2023-05-17
CMD27080,CL0183,P045,Aug 20 2023,2,4327.09,KO,casa,Carte,LIV10,
CMD21151,CL0974,P016,Apr 30 2024,3,4113.37,DONE,TANGER,Carte,LIV3,2024-05-01
CMD25223,CL0080,P011,15/04/2023,1,4372.35,livre,TANGER,Carte,LIV2,
CMD08577,CL0376,P073,Oct 04 2023,2,2744.57,LIVRE,tanger,Carte,LIV8,2023-10-08
CMD36904,CL0124,P087,2023-10-24,4,2417.5,OK,tanger,Carte,LIV2,
CMD37182,CL0395,P088,2024-03-30,3,3536.72,livré,TANGER,Carte,LIV4,2024-04-04
CMD02210,CL0061,P023,10/07/2023,2,2150.11,KO,tanger,Carte,LIV6,
CMD43721,CL0072,P022,Aug 10 2023,1,2072.51,OK,CASABLANCA,Carte,LIV8,
CMD02172,CL0282,P052,2023-01-14,2,3287.74,KO,CASABLANCA,Carte,LIV4,
CMD32006,CL0152,P064,14/05/2023,4,2500.24,en_cours,TNG,Carte,LIV2,
CMD30335,CL0994,P072,Feb 03 2024,1,721.24,LIVRE,RBA,Carte,,2024-02-06
CMD39447,CL0419,P015,Jan 23 2023,1,512.76,livré,RBA,Carte,LIV6,2023-01-28
CMD21399,CL0622,P076,18/11/2023,1,2987.07,en_cours,kech,Carte,LIV9,
CMD35620,CL0995,P034,Oct 13 2023,1,4013.61,livré,casa,Carte,LIV5,2023-10-14
CMD46865,CL0747,P040,2023-06-26,1,4428.43,KO,Tnja,Carte,LIV2,
CMD38725,CL0411,P050,23/10/2023,4,4657.97,KO,TNG,Carte,LIV4,
CMD05064,CL0081,P091,16/04/2023,4,1705.78,livré,TANGER,Carte,LIV5,2023-04-20
CMD24531,CL0830,P083,Feb 13 2024,3,1509.02,DONE,TANGER,Carte,LIV7,2024-02-15
CMD00858,CL0691,P081,24/12/2023,4,2357.74,KO,Agadir,Carte,LIV2,
CMD35322,CL0660,P029,Jun 30 2023,2,2116.24,livré,tanger,Carte,LIV4,2023-07-01
CMD18718,CL0494,P062,Sep 21 2023,4,2884.84,livré,Agadir,Carte,LIV10,2023-09-25
CMD46182,CL0003,P054,2023-08-15,1,65.26,livré,CASABLANCA,Carte,LIV6,2023-08-18
CMD39648,CL0648,P082,May 29 2023,1,4968.79,KO,kech,Carte,LIV7,
CMD47404,CL0970,P098,2023-07-19,4,2077.81,OK,Agadir,Carte,LIV5,
CMD14275,CL0785,P014,14/11/2023,5,3710.47,DONE,Tnja,Carte,LIV1,2023-11-15
CMD40450,CL0203,P022,2023-03-26,4,4291.21,KO,TANGER,Carte,LIV7,
CMD32353,CL0509,P064,2023-09-14,3,2973.85,livre,Tnja,Carte,LIV1,
CMD25072,CL0491,P021,2023-01-12,2,2587.78,livré,casa,Carte,LIV8,2023-01-15
CMD11230,CL0262,P042,Jan 18 2023,5,2866.57,en_cours,TNG,Carte,LIV8,
CMD24411,CL0937,P042,Apr 02 2024,5,4946.23,livré,Agadir,Carte,LIV2,2024-04-06
CMD10369,CL0315,P028,Dec 22 2023,1,1108.31,livré,CASABLANCA,Carte,LIV10,2023-12-26
CMD11440,CL0335,P063,Jan 25 2023,5,2638.67,DONE,TANGER,Carte,LIV9,2023-01-29
CMD12851,CL0608,P041,02/04/2023,2,4121.35,annulé,TANGER,Carte,LIV6,
CMD25556,CL0801,P027,06/04/2023,5,1679.99,livre,Agadir,Carte,LIV8,
CMD10374,CL0546,P096,23/06/2023,1,3324.16,livré,Tnja,Carte,LIV5,2023-06-25
CMD08366,CL0646,P018,21/04/2023,2,1317.44,DONE,casa,Carte,LIV9,2023-04-23
CMD25511,CL0190,P027,Apr 22 2024,1,1423.47,retourné,TNG,Carte,LIV10,2024-04-26
CMD45733,CL0724,P014,2023-04-12,1,4625.11,DONE,casa,Carte,LIV7,2023-04-13
CMD35887,CL0541,P052,30/12/2023,-1,3504.88,en_cours,marrakech,Carte,LIV1,
CMD24387,CL0221,P067,14/03/2023,2,3220.68,en_cours,marrakech,Carte,LIV5,
CMD03858,CL0474,P071,2024-02-24,2,3300.76,KO,tanger,Carte,LIV9,
CMD09715,CL0678,P024,05/08/2023,3,2766.82,livré,marrakech,Carte,LIV9,2023-08-09
CMD09567,CL0096,P049,2023-01-24,1,1092.72,en_cours,kech,Carte,LIV7,
CMD00236,CL0743,P043,2023-07-12,2,4390.82,livré,marrakech,Carte,LIV3,2023-07-15
CMD06914,CL0240,P018,2023-12-21,1,2539.43,KO,marrakech,Carte,LIV8,
CMD46236,CL0945,P027,20/12/2023,5,1283.06,retourné,CASABLANCA,Carte,LIV7,2023-12-22
CMD35170,CL0413,P100,2023-05-06,1,3475.31,annulé,CASABLANCA,Carte,LIV1,
CMD12666,CL0202,P041,11/05/2024,1,4861.74,livré,Agadir,Carte,LIV3,2024-05-14
CMD33530,CL0207,P076,16/02/2024,2,4999.7,DONE,TANGER,Carte,LIV7,2024-02-18
CMD31725,CL0303,P030,2023-11-13,2,4734.89,KO,RBA,Carte,LIV7,
CMD06385,CL0201,P019,2024-01-08,4,672.32,en_cours,casa,Carte,LIV6,
CMD13914,CL0061,P055,Feb 20 2023,1,1215.29,livré,TANGER,Carte,LIV1,2023-02-24
CMD40319,CL0158,P019,Jun 30 2023,2,3115.08,livre,kech,Carte,LIV1,
CMD11138,CL0004,P061,May 07 2023,5,212.23,DONE,kech,Carte,LIV7,2023-05-12
CMD45282,CL0889,P060,06/07/2023,5,3708.54,retourné,tanger,Carte,LIV3,2023-07-11
CMD47891,CL0549,P054,Oct 04 2023,2,864.63,annulé,TNG,Carte,LIV8,
CMD32192,CL0378,P083,Mar 02 2023,3,363.72,OK,marrakech,Carte,LIV5,
CMD47677,CL0023,P060,Feb 17 2024,1,4322.26,livré,marrakech,Carte,LIV10,2024-02-18
CMD14627,CL0739,P041,26/09/2023,2,3885.97,KO,marrakech,Carte,LIV7,
CMD16198,CL0023,P069,2024-03-08,2,2227.07,LIVRE,CASABLANCA,Carte,,2024-03-09
CMD21771,CL0131,P079,2023-07-29,1,1727.73,livré,Tnja,Carte,LIV3,2023-07-31
CMD22050,CL0236,P051,2024-01-06,1,3376.93,OK,marrakech,Carte,LIV4,
CMD21429,CL0798,P023,2024-03-01,1,1211.55,DONE,tanger,Carte,LIV1,2024-03-02
CMD09735,CL0822,P021,Dec 10 2023,3,2794.84,livré,tanger,Carte,LIV3,2023-12-15
CMD31794,CL0840,P091,27/03/2024,4,1496.05,KO,TNG,Carte,LIV9,
CMD20561,CL0250,P014,05/12/2023,5,498.77,livre,TANGER,Carte,LIV5,
CMD00352,CL0981,P058,2023-05-29,5,904.09,OK,RBA,Carte,LIV5,
CMD06324,CL0745,P051,12/02/2023,1,4981.39,LIVRE,Tnja,Carte,LIV10,2023-02-17
CMD41425,CL0836,P059,Jul 11 2023,1,0,annulé,casa,Carte,LIV1,
CMD12244,CL0319,P046,2024-05-07,1,3838.25,livré,casa,Carte,LIV10,2024-05-12
CMD44263,CL0817,P077,2023-07-31,5,1561.67,retourné,kech,Carte,LIV8,2023-08-04
CMD19589,CL0130,P071,07/12/2023,3,4522.19,KO,casa,Carte,LIV8,
CMD19241,CL0769,P037,Apr 05 2024,5,2192.0,livré,RBA,Carte,LIV9,2024-04-08
CMD18413,CL0814,P080,2023-04-03,5,92.15,DONE,casa,Carte,LIV10,2023-04-06
CMD18865,CL0630,P092,2023-05-23,2,4457.94,DONE,tanger,Carte,LIV9,2023-05-25
CMD04309,CL0939,P081,21/03/2024,3,2851.75,livre,TNG,Carte,,
CMD25008,CL0468,P061,2023-03-02,5,1006.17,en_cours,RBA,Carte,LIV3,
CMD09233,CL0722,P077,19/12/2023,4,1335.2,retourné,TANGER,Carte,LIV2,2023-12-24
CMD03719,CL0817,P060,2024-04-09,4,4851.53,livré,TANGER,Carte,LIV3,2024-04-13
CMD10246,CL0070,P100,2024-02-21,4,1869.56,LIVRE,marrakech,Carte,LIV1,2024-02-25
CMD31689,CL0226,P094,29/01/2023,4,1643.02,livré,RBA,Carte,LIV10,2023-01-31
CMD25836,CL0722,P016,Mar 18 2024,1,1226.98,annulé,CASABLANCA,Carte,LIV7,
CMD29703,CL0355,P054,08/03/2023,4,2542.22,retourné,RBA,Carte,LIV7,2023-03-09
CMD23927,CL0287,P064,Feb 13 2023,3,2085.76,LIVRE,marrakech,Carte,LIV8,2023-02-18
CMD40854,CL0754,P086,01/01/2024,2,3599.34,livré,Tnja,Carte,LIV1,2024-01-06
CMD12042,CL0856,P096,Mar 15 2023,1,4928.91,OK,tanger,Carte,LIV10,
CMD42643,CL0347,P062,Oct 21 2023,1,4831.61,KO,TNG,Carte,LIV10,
CMD14703,CL0547,P023,Jan 27 2023,3,2464.53,retourné,marrakech,Carte,LIV10,2023-01-31
CMD04353,CL0656,P072,Mar 31 2023,3,1752.36,livre,casa,Carte,LIV6,
CMD16643,CL0730,P008,Jun 26 2023,2,402.13,livré,CASABLANCA,Carte,LIV8,2023-06-28
CMD38858,CL0679,P051,2023-05-01,5,2772.12,OK,Agadir,Carte,LIV5,
CMD48252,CL0919,P002,Apr 16 2023,2,1090.77,livré,RBA,Carte,LIV6,2023-04-18
CMD22496,CL0702,P088,2023-03-15,1,4219.74,livré,RBA,Carte,LIV7,2023-03-20
CMD05350,CL0084,P095,2023-05-30,1,2108.78,livré,casa,Carte,LIV1,2023-05-31
CMD08343,CL0243,P042,24/01/2024,1,4086.75,livré,Tnja,Carte,LIV10,2024-01-25
CMD43497,CL0971,P041,10/04/2024,1,1136.85,annulé,Tnja,Carte,LIV4,
CMD12327,CL0543,P041,05/08/2023,3,2635.46,livré,TANGER,Carte,LIV2,2023-08-09
CMD28787,CL0676,P001,Mar 02 2024,5,4114.42,retourné,TNG,Carte,LIV9,2024-03-05
CMD23524,CL0562,P092,Feb 15 2024,1,199.35,livré,TNG,Carte,LIV5,2024-02-20
CMD31833,CL0796,P057,2024-05-11,3,2237.54,annulé,casa,Carte,,
CMD24010,CL0420,P070,27/03/2024,5,4016.9,annulé,TNG,Carte,,
CMD08052,CL0043,P058,2023-06-26,1,143.92,OK,RBA,Carte,LIV5,
CMD01449,CL0150,P062,18/04/2024,1,844.08,livré,TANGER,Carte,,2024-04-20
CMD16839,CL0548,P072,2023-07-02,5,261.64,LIVRE,kech,Carte,LIV6,2023-07-04
CMD29171,CL0406,P069,03/09/2023,4,1531.64,OK,Agadir,Carte,LIV5,
CMD21155,CL0323,P027,Feb 01 2023,1,4318.73,en_cours,TANGER,Carte,LIV5,
CMD47945,CL0576,P086,Jan 21 2023,5,934.17,KO,tanger,Carte,,
CMD19357,CL0666,P087,12/01/2024,5,1376.25,livré,kech,Carte,LIV9,2024-01-15
CMD10750,CL0938,P096,Mar 22 2024,3,4157.75,livré,Tnja,Carte,LIV3,2024-03-24
CMD12826,CL0577,P043,Jun 14 2023,3,3992.5,en_cours,Agadir,Carte,LIV3,
CMD11284,CL0597,P082,08/11/2023,3,4497.33,livre,kech,Carte,,
CMD17475,CL0184,P099,11/01/2023,3,3337.33,OK,CASABLANCA,Carte,LIV5,
CMD10157,CL0288,P029,2024-05-04,4,4153.63,en_cours,kech,Carte,LIV8,
CMD43471,CL0175,P067,2023-05-05,2,2808.71,retourné,TNG,Carte,LIV10,2023-05-09
CMD01281,CL0283,P070,26/12/2023,1,3809.41,annulé,tanger,Carte,LIV3,
CMD27618,CL0346,P030,2023-10-22,5,4438.14,KO,Agadir,Carte,LIV9,
CMD26648,CL0812,P050,2024-02-22,4,328.73,en_cours,kech,Carte,LIV7,
CMD16053,CL0747,P010,Sep 28 2023,3,0,annulé,casa,Carte,LIV8,
CMD21886,CL0730,P025,Nov 26 2023,5,3712.67,KO,CASABLANCA,Carte,,
CMD19975,CL0362,P083,2023-10-04,3,3500.93,livré,TANGER,Carte,LIV10,2023-10-08
CMD33298,CL0384,P052,2024-02-01,4,910.88,annulé,TANGER,Carte,LIV10,
CMD24928,CL0367,P072,02/10/2023,1,350.93,livré,CASABLANCA,Carte,LIV2,2023-10-07
CMD18259,CL0927,P033,25/02/2024,1,1815.19,OK,RBA,Carte,LIV5,
CMD21223,CL0638,P082,2023-05-24,5,2494.09,annulé,CASABLANCA,Carte,LIV8,
CMD26008,CL0314,P024,Apr 02 2024,2,1717.1,annulé,kech,Carte,LIV9,
CMD44623,CL0704,P091,Jul 16 2023,5,4563.5,livré,Agadir,Carte,LIV3,2023-07-19
CMD06241,CL0847,P010,Jan 04 2024,5,1666.72,retourné,casa,Carte,LIV10,2024-01-08
CMD21075,CL0255,P025,Jul 28 2023,2,4217.44,livré,TANGER,Carte,,2023-07-30
CMD02115,CL0205,P046,13/02/2023,3,2276.88,livre,tanger,Carte,LIV8,
CMD35480,CL0077,P025,24/03/2023,4,3239.34,annulé,TANGER,Carte,LIV5,
CMD39287,CL0791,P077,2023-04-26,4,1263.07,livré,Agadir,Carte,LIV3,2023-04-27
CMD05470,CL0990,P087,Jan 15 2023,2,3858.61,livré,Agadir,Carte,LIV2,2023-01-16
CMD16938,CL0563,P002,Nov 23 2023,4,923.04,LIVRE,casa,Carte,LIV2,2023-11-28
CMD27829,CL0913,P034,Apr 09 2023,5,717.68,LIVRE,CASABLANCA,Carte,LIV9,2023-04-14
CMD18813,CL0935,P094,2023-05-09,5,3689.63,LIVRE,casa,Carte,LIV1,2023-05-13
CMD13204,CL0296,P077,Dec 18 2023,5,3061.54,annulé,marrakech,Carte,LIV1,
CMD08101,CL0652,P056,2023-01-28,1,3529.67,livre,CASABLANCA,Carte,LIV10,
CMD47267,CL0144,P078,06/09/2023,4,3960.11,OK,casa,Carte,LIV1,
CMD19997,CL0762,P078,02/11/2023,1,3492.62,en_cours,Tnja,Carte,LIV5,
CMD07349,CL0510,P091,Apr 09 2023,5,1761.15,en_cours,tanger,Carte,LIV4,
CMD03140,CL0901,P061,03/05/2023,1,4565.25,OK,TANGER,Carte,LIV5,
CMD25244,CL0842,P008,Oct 16 2023,1,4389.2,annulé,RBA,Carte,LIV7,
CMD16952,CL0606,P035,2023-09-30,5,4274.13,annulé,TANGER,Carte,LIV7,
CMD38121,CL0928,P005,09/05/2023,2,4268.6,KO,RBA,Carte,LIV8,
CMD13975,CL0324,P090,Mar 13 2023,1,1407.21,livré,Tnja,Carte,LIV6,2023-03-15
CMD16822,CL0047,P040,12/03/2023,3,143.13,en_cours,TANGER,Carte,LIV1,
CMD38526,CL0414,P049,Jan 15 2023,1,3255.19,OK,marrakech,Carte,LIV3,
CMD14258,CL0473,P099,Apr 18 2024,4,4089.97,livre,Agadir,Carte,LIV4,
CMD02512,CL0028,P067,2023-03-15,4,2379.79,retourné,Tnja,Carte,LIV5,2023-03-18
CMD08956,CL0366,P076,01/01/2024,3,3350.63,retourné,casa,Carte,,2024-01-03
CMD12376,CL0188,P034,16/07/2023,3,587.79,livré,TANGER,Carte,LIV9,2023-07-21
CMD28114,CL0515,P097,Mar 26 2024,1,1832.95,KO,RBA,Carte,LIV9,
CMD35500,CL0832,P069,10/11/2023,4,476.26,livré,kech,Carte,LIV4,2023-11-15
CMD14672,CL0345,P025,2023-12-31,2,2915.49,LIVRE,marrakech,Carte,LIV4,2024-01-05
CMD34776,CL0714,P033,21/01/2023,4,2449.11,KO,RBA,Carte,LIV8,
CMD13009,CL0881,P086,Feb 27 2024,1,1827.05,OK,marrakech,Carte,LIV7,
CMD00423,CL0538,P068,26/01/2024,4,3469.0,livre,kech,Carte,LIV2,
CMD46590,CL0371,P068,Feb 08 2023,3,1665.05,livré,Agadir,Carte,LIV5,2023-02-12
CMD19585,CL0434,P047,2023-01-29,1,2805.99,OK,casa,Carte,LIV6,
CMD35278,CL0590,P076,Feb 03 2024,3,2414.45,DONE,kech,Carte,LIV3,2024-02-04
CMD13875,CL0214,P032,2024-04-04,5,212.55,OK,casa,Carte,LIV2,
CMD25683,CL0272,P047,10/11/2023,1,430.36,livré,RBA,Carte,,2023-11-13
CMD28290,CL0526,P066,2023-06-12,1,1802.06,retourné,tanger,Carte,LIV5,2023-06-15
CMD37317,CL0100,P063,10/07/2023,3,2111.05,KO,TNG,Carte,LIV2,
CMD26825,CL0596,P063,Jan 13 2023,1,4670.74,livré,casa,Carte,LIV3,2023-01-16
CMD18489,CL0490,P082,23/09/2023,5,2723.15,livré,tanger,Carte,LIV7,2023-09-25
CMD26433,CL0347,P013,04/05/2024,5,3173.24,OK,kech,Carte,,
CMD16060,CL0941,P094,Feb 18 2024,1,4247.15,livré,RBA,Carte,LIV2,2024-02-23
CMD10536,CL0885,P044,2023-06-13,5,1589.46,KO,tanger,Carte,LIV1,
CMD44305,CL0424,P079,Mar 18 2024,-1,4698.14,retourné,Agadir,Carte,LIV5,2024-03-22
CMD39782,CL0564,P064,17/04/2024,4,2141.38,livré,tanger,Carte,LIV2,2024-04-20
CMD43120,CL0190,P089,Oct 03 2023,2,4163.34,OK,tanger,Carte,LIV7,
CMD05538,CL0065,P051,2024-01-31,1,938.41,livré,marrakech,Carte,LIV8,2024-02-01
CMD15429,CL0952,P056,Aug 20 2023,5,1450.73,livré,marrakech,Carte,LIV5,2023-08-23
CMD30759,CL0574,P046,Oct 01 2023,4,4447.63,en_cours,tanger,Carte,LIV6,
CMD20320,CL0558,P036,13/05/2023,3,2279.69,DONE,CASABLANCA,Carte,LIV5,2023-05-14
CMD38367,CL0163,P056,2023-10-02,3,2315.7,en_cours,TANGER,Carte,LIV8,
CMD43170,CL0731,P071,09/04/2023,1,697.32,OK,tanger,Carte,LIV6,
CMD17761,CL0778,P041,2023-08-17,3,4103.2,livré,marrakech,Carte,LIV2,2023-08-18
CMD40751,CL0527,P035,27/03/2023,5,3410.65,en_cours,Tnja,Carte,LIV4,
CMD03842,CL0063,P032,Feb 14 2023,2,883.47,livré,TNG,Carte,LIV5,2023-02-19
CMD46534,CL0104,P085,19/03/2024,4,3919.55,livré,tanger,Carte,LIV7,2024-03-24
CMD33550,CL0745,P079,11/11/2023,1,626.33,livré,CASABLANCA,Carte,LIV5,2023-11-16
CMD26763,CL0526,P047,Jan 04 2024,4,260.5,OK,kech,Carte,LIV3,
CMD42554,CL0923,P051,11/02/2023,1,4587.71,LIVRE,casa,Carte,LIV1,2023-02-16
CMD13241,CL0613,P059,15/11/2023,3,4538.67,LIVRE,kech,Carte,LIV6,2023-11-16
CMD27767,CL0682,P040,Apr 28 2023,2,1512.49,DONE,TNG,Carte,LIV4,2023-05-03
CMD10505,CL0349,P071,Feb 27 2024,4,3966.24,retourné,TNG,Carte,LIV1,2024-02-28
CMD29505,CL0677,P024,Feb 24 2023,2,4283.45,livré,kech,Carte,LIV3,2023-02-28
CMD17953,CL0226,P005,2023-10-12,2,1510.47,DONE,casa,Carte,LIV1,2023-10-15
CMD29969,CL0167,P024,Mar 12 2023,4,4305.93,livré,TNG,Carte,LIV3,2023-03-14
CMD46961,CL0656,P024,17/01/2024,3,808.39,livré,Tnja,Carte,,2024-01-22
CMD42351,CL0057,P076,2023-11-11,3,4229.8,livré,TNG,Carte,LIV5,2023-11-16
CMD18080,CL0444,P026,Jan 13 2023,5,3082.15,livre,TANGER,Carte,,
CMD12456,CL0379,P054,27/06/2023,5,1957.4,livré,tanger,Carte,LIV1,2023-06-29
CMD14163,CL0072,P016,2024-03-03,5,2383.14,retourné,RBA,Carte,LIV4,2024-03-08
CMD08165,CL0022,P036,2024-03-26,1,0,DONE,TNG,Carte,LIV2,2024-03-31
CMD01553,CL0046,P042,2023-07-28,5,1411.31,LIVRE,marrakech,Carte,LIV10,2023-07-29
CMD26390,CL0517,P031,09/05/2024,5,1064.29,KO,Agadir,Carte,LIV10,
CMD44197,CL0519,P085,Feb 15 2023,1,3338.25,retourné,kech,Carte,LIV9,2023-02-18
CMD19865,CL0731,P025,May 06 2024,4,4029.32,livré,tanger,Carte,LIV2,2024-05-07
CMD11165,CL0332,P061,2023-04-02,2,2180.49,livré,Agadir,Carte,LIV8,2023-04-03
CMD43900,CL0113,P011,Apr 22 2024,2,4244.76,annulé,Agadir,Carte,LIV9,
CMD02727,CL0716,P086,Sep 13 2023,5,4357.25,retourné,casa,Carte,LIV3,2023-09-18
CMD43821,CL0794,P025,Nov 02 2023,5,3678.14,livre,kech,Carte,LIV1,
CMD47670,CL0675,P059,Mar 06 2024,4,2765.7,LIVRE,Agadir,Carte,LIV1,2024-03-11
CMD01230,CL0303,P091,26/08/2023,2,1443.22,livré,casa,Carte,LIV5,2023-08-29
CMD31604,CL0718,P031,Jan 19 2023,2,1243.39,livré,tanger,Carte,LIV1,2023-01-21
CMD34503,CL0067,P029,08/02/2024,5,2594.59,livré,Tnja,Carte,LIV6,2024-02-13
CMD28256,CL0350,P060,Feb 17 2023,3,2240.73,annulé,TANGER,Carte,LIV10,
CMD33575,CL0324,P046,14/02/2023,1,1209.05,livré,Agadir,Carte,LIV4,2023-02-17
CMD19126,CL0239,P041,13/10/2023,1,4090.22,OK,RBA,Carte,LIV4,
CMD25198,CL0013,P029,16/09/2023,1,3518.23,livré,marrakech,Carte,LIV9,2023-09-20
CMD41853,CL0217,P058,18/04/2024,5,4588.02,retourné,CASABLANCA,Carte,LIV9,2024-04-19
CMD41414,CL0597,P037,16/08/2023,5,4172.82,en_cours,Agadir,Carte,LIV1,
CMD09326,CL0101,P084,Jun 06 2023,2,4508.8,livre,kech,Carte,LIV7,
CMD46858,CL0694,P065,2024-03-01,4,253.51,annulé,Tnja,Carte,LIV2,
CMD45134,CL0353,P013,2023-01-02,5,4633.14,LIVRE,marrakech,Carte,LIV3,2023-01-03
CMD03245,CL0347,P035,08/03/2024,4,98.18,en_cours,kech,Carte,LIV3,
CMD01879,CL0991,P042,Jan 04 2024,3,3898.34,LIVRE,tanger,Carte,LIV8,2024-01-07
CMD19043,CL0457,P009,Jun 16 2023,5,2580.87,livré,Agadir,Carte,LIV10,2023-06-20
CMD06683,CL0797,P012,2023-07-12,2,4611.99,livre,TANGER,Carte,LIV7,
CMD25518,CL0801,P051,2024-02-27,3,4842.92,livré,TANGER,Carte,LIV2,2024-02-29
CMD16957,CL0336,P094,Mar 29 2023,1,4896.87,livré,casa,Carte,,2023-04-03
CMD06288,CL0931,P041,Mar 07 2023,5,1789.54,KO,Agadir,Carte,LIV8,
CMD21740,CL0001,P022,Feb 14 2024,5,2190.58,annulé,Agadir,Carte,LIV9,
CMD36019,CL0930,P054,Jan 30 2023,4,2177.1,retourné,CASABLANCA,Carte,LIV8,2023-02-01
CMD10290,CL0822,P091,Feb 04 2023,2,3157.01,DONE,CASABLANCA,Carte,LIV4,2023-02-07
CMD22022,CL0120,P066,Nov 18 2023,1,4223.23,KO,kech,Carte,LIV3,
CMD23550,CL0693,P028,2023-03-20,4,2159.25,retourné,tanger,Carte,LIV1,2023-03-22
CMD11112,CL0427,P089,Jan 31 2023,1,3015.38,livré,casa,Carte,LIV3,2023-02-04
CMD39285,CL0769,P003,May 07 2023,4,4530.31,DONE,Tnja,Carte,LIV8,2023-05-10
CMD19909,CL0438,P035,2023-01-15,1,3394.0,retourné,marrakech,Carte,LIV7,2023-01-17
CMD18131,CL0755,P038,21/05/2023,2,971.85,OK,Tnja,Carte,LIV1,
CMD35423,CL0593,P017,2024-02-04,4,2787.35,livre,Tnja,Carte,LIV1,
CMD16272,CL0921,P069,2023-02-18,2,4571.28,KO,TANGER,Carte,LIV8,
CMD46366,CL0213,P085,Jul 25 2023,4,4509.65,livré,marrakech,Carte,LIV6,2023-07-27
CMD44755,CL0220,P063,Jun 21 2023,5,1780.72,livré,tanger,Carte,LIV10,2023-06-25
CMD46097,CL0384,P085,Mar 24 2024,1,195.7,en_cours,Agadir,Carte,LIV5,
CMD46198,CL0229,P057,2023-03-06,4,271.2,OK,kech,Carte,LIV4,
CMD27407,CL0347,P096,2024-03-04,5,4315.58,OK,casa,Carte,LIV2,
CMD39455,CL0816,P090,2023-12-31,4,4183.79,en_cours,casa,Carte,LIV8,
CMD38743,CL0916,P095,2023-08-13,4,550.25,DONE,RBA,Carte,LIV5,2023-08-17
CMD27075,CL0902,P093,05/02/2023,2,2184.03,OK,casa,Carte,LIV5,
CMD29616,CL0877,P041,Mar 12 2023,2,1632.16,livré,kech,Carte,LIV3,2023-03-13
CMD45040,CL0837,P019,2023-11-20,2,601.28,livré,TANGER,Carte,LIV1,2023-11-24
CMD26108,CL0411,P030,Aug 05 2023,4,866.62,en_cours,tanger,Carte,LIV3,
CMD31192,CL0943,P011,01/10/2023,1,4602.29,LIVRE,casa,Carte,LIV7,2023-10-05
CMD00709,CL0312,P019,May 11 2023,5,900.64,DONE,TNG,Carte,LIV5,2023-05-16
CMD47687,CL0334,P077,15/06/2023,2,4332.67,en_cours,TNG,Carte,LIV5,
CMD44230,CL0932,P027,Apr 09 2024,5,401.9,retourné,TANGER,Carte,LIV5,2024-04-13
CMD21732,CL0233,P053,2023-03-09,1,3069.97,OK,marrakech,Carte,LIV4,
CMD25917,CL0935,P026,2023-01-24,1,2244.72,livré,Tnja,Carte,LIV9,2023-01-27
CMD46690,CL0632,P053,May 19 2023,1,864.07,livré,Agadir,Carte,LIV2,2023-05-21
CMD24643,CL0840,P059,05/11/2023,2,3474.41,annulé,CASABLANCA,Carte,LIV9,
CMD08714,CL0924,P098,2023-06-11,5,86.68,OK,Agadir,Carte,LIV8,
CMD01251,CL0908,P059,Jan 29 2024,4,1437.92,KO,casa,Carte,LIV1,
CMD32331,CL0287,P027,13/03/2023,5,2064.22,DONE,RBA,Carte,LIV8,2023-03-14
CMD45302,CL0104,P014,Feb 11 2023,1,341.73,LIVRE,TNG,Carte,LIV1,2023-02-15
CMD01698,CL0214,P041,07/05/2024,2,2388.27,KO,Agadir,Carte,LIV7,
CMD15999,CL0078,P059,2023-03-04,5,1265.27,LIVRE,TANGER,Carte,LIV4,2023-03-05
CMD23359,CL0783,P015,15/03/2023,1,584.28,livré,kech,Carte,,2023-03-19
CMD07193,CL0588,P053,2023-01-07,4,4238.96,OK,RBA,Carte,LIV1,
CMD43804,CL0562,P064,07/05/2023,5,2296.01,retourné,TANGER,Carte,LIV6,2023-05-08
CMD27979,CL0781,P017,2024-03-14,5,2191.71,retourné,Agadir,Carte,LIV3,2024-03-16
CMD00443,CL0433,P023,Jan 21 2023,3,4274.0,KO,tanger,Carte,LIV2,
CMD47516,CL0644,P060,06/10/2023,2,0,LIVRE,CASABLANCA,Carte,LIV8,2023-10-11
CMD06055,CL0590,P008,2023-11-11,5,3399.13,livré,casa,Carte,LIV8,2023-11-14
CMD36014,CL0851,P089,Feb 13 2023,5,3548.48,LIVRE,TANGER,Carte,LIV2,2023-02-16
CMD24337,CL0177,P065,13/03/2024,3,2045.99,livré,Agadir,Carte,LIV1,2024-03-15
CMD13096,CL0129,P094,2024-04-27,5,1368.48,livré,TANGER,Carte,LIV6,2024-05-02
CMD42425,CL0668,P076,25/07/2023,1,4527.0,en_cours,TNG,Carte,LIV5,
CMD24608,CL0236,P023,2023-04-23,2,4108.43,livre,TNG,Carte,LIV3,
CMD40839,CL0374,P012,Jun 13 2023,5,3786.01,retourné,RBA,Carte,LIV6,2023-06-18
CMD35221,CL0850,P013,2023-07-27,5,728.76,livré,casa,Carte,,2023-07-30
CMD28451,CL0650,P037,2023-11-10,5,819.15,annulé,casa,Carte,LIV9,
CMD27943,CL0517,P006,Feb 09 2023,5,4304.86,OK,tanger,Carte,LIV6,
CMD13216,CL0862,P013,2024-04-19,5,1944.54,livre,casa,Carte,LIV1,
CMD42027,CL0044,P095,2024-02-19,3,3908.85,KO,kech,Carte,LIV7,
CMD35086,CL0904,P094,Aug 19 2023,1,4757.95,retourné,casa,Carte,LIV5,2023-08-20
CMD39993,CL0135,P096,08/07/2023,1,2654.14,annulé,TANGER,Carte,LIV1,
CMD03023,CL0202,P006,Mar 29 2023,5,2712.28,OK,TANGER,Carte,,
CMD47092,CL0895,P002,Aug 14 2023,4,3582.88,livré,tanger,Carte,LIV9,2023-08-19
CMD10626,CL0576,P096,05/03/2024,1,0,retourné,marrakech,Carte,LIV6,2024-03-08
CMD15407,CL0027,P018,28/01/2024,4,1267.6,livre,RBA,Carte,LIV4,
CMD28490,CL0612,P009,04/01/2024,2,2909.21,livré,CASABLANCA,Carte,LIV8,2024-01-09
CMD44226,CL0093,P097,Feb 04 2024,4,4260.03,DONE,Agadir,Carte,LIV1,2024-02-06
CMD43878,CL0295,P018,Aug 21 2023,3,581.02,livré,CASABLANCA,Carte,LIV8,2023-08-24
CMD06846,CL0587,P100,2023-09-21,5,3525.9,en_cours,kech,Carte,LIV8,
CMD23451,CL0858,P072,Mar 18 2023,2,4088.94,OK,TNG,Carte,LIV5,
CMD02070,CL0013,P004,Mar 16 2024,2,323.87,DONE,marrakech,Carte,LIV5,2024-03-20
CMD42877,CL0263,P013,Aug 08 2023,2,4033.1,en_cours,TANGER,Carte,LIV4,
CMD30580,CL0214,P003,Sep 04 2023,1,4273.4,LIVRE,RBA,Carte,LIV3,2023-09-09
CMD15374,CL0528,P061,Jun 13 2023,3,4404.3,livré,RBA,Carte,LIV4,2023-06-16
CMD10959,CL0826,P080,Sep 16 2023,1,4864.48,livré,casa,Carte,LIV10,2023-09-20
CMD02020,CL0392,P016,13/02/2023,5,486.49,livré,Agadir,Carte,LIV9,2023-02-18
CMD39091,CL0944,P017,Jul 05 2023,3,760.64,KO,marrakech,Carte,LIV1,
CMD13051,CL0647,P094,Feb 12 2023,2,2889.31,livré,Agadir,Carte,LIV4,2023-02-17
CMD12763,CL0480,P069,17/02/2024,2,961.7,OK,tanger,Carte,LIV9,
CMD19422,CL0161,P070,Aug 21 2023,5,4848.71,KO,CASABLANCA,Carte,LIV1,
CMD11227,CL0728,P024,26/11/2023,2,3924.9,en_cours,kech,Carte,LIV3,
CMD04610,CL0668,P056,13/04/2023,5,3704.41,livré,tanger,Carte,LIV3,2023-04-17
CMD20906,CL0445,P075,2024-04-02,1,1737.43,DONE,casa,Carte,LIV1,2024-04-04
CMD11413,CL0230,P027,Jul 13 2023,4,1833.28,OK,Tnja,Carte,LIV10,
CMD31877,CL0412,P009,Jan 04 2024,4,797.02,OK,kech,Carte,LIV3,
CMD35925,CL0809,P016,Aug 06 2023,4,4005.17,en_cours,TANGER,Carte,LIV5,
CMD45588,CL0834,P059,07/05/2024,4,3588.21,retourné,casa,Carte,LIV3,2024-05-11
CMD20620,CL0646,P014,07/01/2023,2,3439.54,KO,TANGER,Carte,LIV10,
CMD03959,CL0377,P087,06/10/2023,2,3475.28,LIVRE,RBA,Carte,LIV5,2023-10-11
CMD05187,CL0452,P020,2023-12-28,5,3821.5,retourné,TANGER,Carte,LIV10,2024-01-01
CMD31786,CL0457,P015,2023-10-27,5,3035.46,livré,Agadir,Carte,LIV5,2023-11-01
CMD47210,CL0548,P074,30/12/2023,2,1750.97,annulé,TNG,Carte,LIV9,
CMD34825,CL0767,P033,02/01/2024,5,3396.51,OK,CASABLANCA,Carte,LIV7,
CMD12060,CL0217,P022,2023-08-03,2,4385.86,KO,Agadir,Carte,LIV4,
CMD08582,CL0609,P027,23/02/2024,5,1587.93,livré,Agadir,Carte,LIV5,2024-02-25
CMD17603,CL0319,P073,2023-10-20,2,2947.49,livré,casa,Carte,LIV2,2023-10-22
CMD33253,CL0247,P090,Apr 19 2023,3,2255.28,DONE,marrakech,Carte,LIV8,2023-04-23
CMD45463,CL0714,P015,Apr 06 2024,1,4802.36,livré,casa,Carte,LIV1,2024-04-09
CMD48094,CL0617,P034,2023-06-01,3,3733.41,LIVRE,kech,Carte,LIV3,2023-06-05
CMD09939,CL0290,P059,Nov 28 2023,4,2697.12,livre,RBA,Carte,LIV2,
CMD27786,CL0642,P044,2023-09-21,-1,0,retourné,CASABLANCA,Carte,LIV5,2023-09-26
CMD14891,CL0093,P082,May 15 2023,2,1380.93,livre,kech,Carte,LIV3,
CMD47864,CL0232,P029,Sep 18 2023,1,3557.93,livre,CASABLANCA,Carte,LIV2,
CMD21919,CL0284,P026,Apr 19 2024,1,3652.66,retourné,kech,Carte,LIV4,2024-04-22
CMD33661,CL0404,P085,Jan 21 2024,1,1673.63,retourné,tanger,Carte,LIV2,2024-01-25
CMD00268,CL0535,P001,2023-11-15,1,3715.51,en_cours,casa,Carte,LIV1,
CMD26462,CL0356,P067,2023-05-17,1,1848.0,livre,casa,Carte,LIV4,
CMD15413,CL0888,P004,May 27 2023,5,2475.65,livré,CASABLANCA,Carte,LIV3,2023-05-30
CMD25889,CL0318,P036,Oct 12 2023,1,2992.39,livré,Agadir,Carte,LIV9,2023-10-15
CMD18239,CL0214,P058,05/08/2023,5,2017.11,LIVRE,tanger,Carte,LIV1,2023-08-08
CMD42546,CL0755,P097,29/12/2023,5,1310.36,retourné,TANGER,Carte,LIV10,2024-01-02
CMD27417,CL0708,P060,Jan 20 2023,3,0,livré,marrakech,Carte,LIV4,2023-01-24
CMD24243,CL0573,P023,Mar 14 2023,3,2261.73,livré,tanger,Carte,LIV3,2023-03-17
CMD25969,CL0967,P098,Apr 24 2024,4,3911.75,KO,RBA,Carte,LIV7,
CMD47563,CL0522,P051,2024-03-11,5,3479.94,livre,casa,Carte,LIV4,
CMD33839,CL0966,P031,04/09/2023,3,1539.57,livre,tanger,Carte,LIV1,
CMD43075,CL0075,P088,Oct 07 2023,4,4693.56,retourné,RBA,Carte,LIV9,2023-10-09
CMD28826,CL0893,P095,2024-02-05,5,264.68,KO,kech,Carte,LIV10,
CMD25182,CL0783,P029,14/01/2023,4,1137.51,DONE,tanger,Carte,LIV8,2023-01-16
CMD32855,CL0863,P062,25/11/2023,2,466.88,OK,marrakech,Carte,LIV7,
CMD24132,CL0092,P008,2023-12-31,2,830.63,KO,kech,Carte,LIV3,
CMD03246,CL0662,P068,14/05/2024,5,1630.26,livré,casa,Carte,LIV6,2024-05-19
CMD16804,CL0364,P064,2023-01-31,2,4046.03,annulé,marrakech,Carte,LIV6,
CMD45741,CL0439,P017,Jun 30 2023,3,392.93,LIVRE,tanger,Carte,,2023-07-01
CMD10350,CL0477,P027,2024-02-28,3,2731.5,en_cours,Agadir,Carte,LIV6,
CMD36566,CL0173,P067,Sep 20 2023,1,1212.04,DONE,RBA,Carte,LIV2,2023-09-21
CMD14302,CL0759,P093,14/04/2023,2,4102.32,retourné,marrakech,Carte,LIV1,2023-04-17
CMD41901,CL0607,P047,2023-02-25,2,1818.15,livre,Agadir,Carte,LIV6,
CMD00680,CL0254,P019,03/02/2023,1,852.16,livré,Tnja,Carte,LIV1,2023-02-04
CMD47839,CL0552,P097,Feb 29 2024,2,1197.58,DONE,tanger,Carte,LIV3,2024-03-01
CMD18060,CL0175,P071,2023-09-07,2,4015.46,LIVRE,Tnja,Carte,LIV10,2023-09-11
CMD18978,CL0994,P026,Oct 29 2023,1,291.12,KO,kech,Carte,LIV9,
CMD06017,CL0472,P065,2023-05-21,5,1505.55,annulé,Tnja,Carte,LIV10,
CMD10678,CL0576,P006,Apr 01 2023,2,1739.36,livré,Agadir,Carte,LIV8,2023-04-05
CMD13282,CL0680,P074,30/05/2023,1,782.83,retourné,TANGER,Carte,,2023-06-02
CMD35640,CL0635,P005,04/08/2023,5,3297.65,livré,Agadir,Carte,LIV10,2023-08-09
CMD39190,CL0778,P041,24/11/2023,1,573.23,livré,Tnja,Carte,LIV8,2023-11-26
CMD43818,CL0555,P053,2023-05-30,1,4194.32,LIVRE,Tnja,Carte,LIV2,2023-06-03
CMD29538,CL0535,P033,Jan 14 2024,2,1310.52,OK,RBA,Carte,LIV6,
CMD21977,CL0558,P036,Dec 07 2023,2,0,livré,CASABLANCA,Carte,LIV2,2023-12-10
CMD30111,CL0617,P075,2023-02-25,1,462.19,livre,marrakech,Carte,LIV10,
CMD22742,CL0462,P048,2023-08-19,3,2344.75,OK,TANGER,Carte,LIV8,
CMD16487,CL0383,P004,04/02/2024,4,1490.18,livré,Agadir,Carte,LIV10,2024-02-05
CMD46583,CL0325,P024,15/05/2023,5,2619.37,en_cours,Tnja,Carte,LIV10,
CMD05282,CL0270,P016,2023-03-18,1,4571.61,livré,CASABLANCA,Carte,LIV8,2023-03-22
CMD22711,CL0714,P031,Feb 14 2023,1,888.41,OK,marrakech,Carte,LIV6,
CMD09025,CL0347,P019,Jan 23 2024,1,4779.98,annulé,kech,Carte,LIV5,
CMD40809,CL0850,P058,Feb 05 2023,2,3965.22,retourné,TNG,Carte,LIV4,2023-02-09
CMD44560,CL0786,P056,02/09/2023,2,2085.68,retourné,CASABLANCA,Carte,LIV3,2023-09-03
CMD38392,CL0497,P057,Feb 15 2023,4,679.57,KO,marrakech,Carte,LIV3,
CMD29310,CL0202,P077,Feb 19 2024,1,1301.25,livré,TNG,Carte,,2024-02-22
CMD39662,CL0719,P018,2024-01-30,3,4278.8,DONE,RBA,Carte,LIV3,2024-02-04
CMD17601,CL0029,P048,Mar 07 2024,2,809.26,LIVRE,TANGER,Carte,LIV10,2024-03-09
CMD03465,CL0187,P075,23/03/2023,1,2419.38,livre,kech,Carte,LIV3,
CMD04298,CL0166,P018,Dec 26 2023,4,4442.36,livre,marrakech,Carte,LIV8,
CMD35874,CL0925,P007,2023-06-17,2,345.04,retourné,marrakech,Carte,LIV1,2023-06-18
CMD09271,CL0935,P062,Oct 23 2023,3,1012.57,en_cours,TNG,Carte,,
CMD08160,CL0291,P043,11/09/2023,2,243.55,livré,RBA,Carte,LIV3,2023-09-16
CMD12324,CL0827,P019,Nov 05 2023,4,3274.6,DONE,Agadir,Carte,LIV2,2023-11-09
CMD37418,CL0701,P081,Dec 01 2023,2,345.4,annulé,Agadir,Carte,LIV2,
CMD16655,CL0107,P078,2024-01-30,2,1879.22,LIVRE,CASABLANCA,Carte,LIV5,2024-01-31
CMD14963,CL0803,P047,Mar 01 2024,1,1210.07,KO,tanger,Carte,LIV6,
CMD26682,CL0695,P042,2023-10-08,1,1777.46,OK,tanger,Carte,,
CMD36251,CL0243,P001,28/09/2023,2,4953.35,annulé,tanger,Carte,LIV2,
CMD30409,CL0202,P045,Feb 20 2024,5,4367.74,en_cours,RBA,Carte,LIV8,
CMD13701,CL0495,P038,15/07/2023,3,612.9,en_cours,casa,Carte,LIV1,
CMD17971,CL0153,P076,05/04/2023,1,4955.24,retourné,RBA,Carte,LIV3,2023-04-10
CMD41802,CL0789,P052,2023-07-30,-1,352.95,livré,Agadir,Carte,LIV4,2023-08-03
CMD27644,CL0265,P097,Dec 20 2023,5,81.61,en_cours,Tnja,Carte,LIV10,
CMD21509,CL0440,P026,24/04/2023,4,804.64,livré,kech,Carte,LIV10,2023-04-28
CMD41071,CL0450,P044,Feb 25 2024,5,3770.53,livré,CASABLANCA,Carte,,2024-02-29
CMD39203,CL0278,P003,2023-06-25,1,3420.14,livré,RBA,Carte,LIV8,2023-06-29
CMD46686,CL0244,P044,Mar 18 2024,1,2235.81,annulé,tanger,Carte,LIV3,
CMD35997,CL0590,P050,06/01/2023,3,3013.97,LIVRE,Agadir,Carte,LIV7,2023-01-07
CMD38336,CL0266,P078,2023-12-26,4,2650.29,en_cours,casa,Carte,LIV1,
CMD45228,CL0225,P080,Mar 08 2024,1,103.23,livré,TANGER,Carte,LIV1,2024-03-11
CMD13571,CL0534,P020,05/09/2023,5,2155.02,livré,casa,Carte,LIV2,2023-09-08
CMD09031,CL0034,P015,24/04/2023,3,3880.14,OK,TNG,Carte,LIV5,
CMD15564,CL0255,P026,2023-02-07,1,2653.3,livré,Agadir,Carte,LIV8,2023-02-08
CMD32942,CL0184,P092,2023-06-10,2,1028.71,annulé,TNG,Carte,LIV9,
CMD06226,CL0590,P035,24/06/2023,4,2165.77,en_cours,tanger,Carte,LIV1,
CMD13666,CL0635,P001,May 29 2023,3,3667.8,DONE,tanger,Carte,LIV1,2023-06-03
CMD04181,CL0715,P070,Mar 11 2024,4,1789.68,annulé,marrakech,Carte,LIV3,
CMD23163,CL0090,P040,May 24 2023,2,1082.7,annulé,TNG,Carte,,
CMD07707,CL0694,P063,2023-08-01,2,90.48,livré,RBA,Carte,,2023-08-06
CMD13116,CL0561,P084,Jan 16 2024,4,3919.81,KO,Agadir,Carte,LIV8,
CMD29545,CL0160,P038,2023-04-09,5,1056.4,livré,kech,Carte,LIV1,2023-04-10
CMD11659,CL0360,P083,2023-03-30,1,907.62,KO,marrakech,Carte,LIV6,
CMD28189,CL0099,P018,2024-02-15,3,485.76,retourné,CASABLANCA,Carte,LIV1,2024-02-17
CMD21486,CL0123,P073,2023-04-16,3,392.63,livré,marrakech,Carte,LIV7,2023-04-19
CMD08989,CL0028,P026,31/08/2023,3,1481.92,LIVRE,Agadir,Carte,LIV6,2023-09-05
CMD12110,CL0232,P087,Mar 14 2024,4,4422.66,livre,TNG,Carte,LIV3,
CMD11719,CL0455,P079,Jul 30 2023,1,4662.68,livré,Agadir,Carte,LIV9,2023-08-02
CMD40959,CL0663,P042,02/07/2023,4,4338.72,DONE,TANGER,Carte,,2023-07-03
CMD07940,CL0996,P060,2023-07-09,3,3470.1,LIVRE,kech,Carte,,2023-07-12
CMD33081,CL0538,P063,2024-02-23,2,362.91,livré,casa,Carte,LIV4,2024-02-26
CMD37352,CL0684,P049,Apr 07 2024,1,2499.29,retourné,Agadir,Carte,LIV9,2024-04-11
CMD45516,CL0277,P013,Nov 25 2023,5,3317.26,retourné,RBA,Carte,,2023-11-29
CMD44245,CL0048,P029,Dec 11 2023,2,2994.66,DONE,marrakech,Carte,LIV6,2023-12-15
CMD43978,CL0186,P010,25/09/2023,3,959.22,KO,TNG,Carte,LIV1,
CMD40949,CL0537,P038,2023-03-02,2,4287.31,livre,marrakech,Carte,LIV6,
CMD36397,CL0747,P091,2023-10-18,3,2415.96,KO,Agadir,Carte,LIV3,
CMD33910,CL0535,P034,Jul 16 2023,4,4253.75,livre,CASABLANCA,Carte,LIV6,
CMD03289,CL0581,P042,21/08/2023,2,4676.23,DONE,casa,Carte,LIV1,2023-08-24
CMD17768,CL0904,P057,2024-04-14,3,3188.05,annulé,TANGER,Carte,LIV8,
CMD41274,CL0258,P098,15/04/2024,1,63.71,LIVRE,TANGER,Carte,LIV10,2024-04-20
CMD29084,CL0658,P021,2023-07-22,5,2450.18,livré,casa,Carte,LIV4,2023-07-25
CMD20331,CL0717,P040,2023-12-26,2,2164.08,LIVRE,TNG,Carte,LIV9,2023-12-30
CMD16334,CL0769,P056,07/05/2023,2,4523.23,en_cours,tanger,Carte,LIV2,
CMD04603,CL0218,P091,2023-03-04,1,1064.53,annulé,kech,Carte,LIV5,
CMD33969,CL0576,P091,2023-08-13,3,4086.55,en_cours,TANGER,Carte,,
CMD08493,CL0056,P054,12/10/2023,1,1705.11,livre,tanger,Carte,LIV3,
CMD21642,CL0188,P077,2023-06-29,3,3359.02,KO,CASABLANCA,Carte,LIV6,
CMD36600,CL0675,P013,2023-07-02,2,4609.39,livre,kech,Carte,LIV9,
CMD23070,CL0371,P080,2023-04-08,4,4026.03,livré,kech,Carte,LIV8,2023-04-12
CMD42276,CL0669,P084,2024-02-15,1,2693.53,retourné,RBA,Carte,LIV6,2024-02-17
CMD08757,CL0279,P011,25/09/2023,5,2378.14,livré,Agadir,Carte,LIV3,2023-09-27
CMD26153,CL0024,P055,Feb 15 2024,5,0,DONE,CASABLANCA,Carte,LIV4,2024-02-18
CMD07814,CL0239,P094,Aug 09 2023,5,4960.15,retourné,casa,Carte,LIV10,2023-08-12
CMD32470,CL0381,P089,12/04/2024,5,3507.27,livre,Tnja,Carte,LIV2,
CMD43493,CL0589,P061,2023-08-19,5,3528.89,LIVRE,TANGER,Carte,LIV8,2023-08-24
CMD05263,CL0193,P037,May 06 2024,3,2881.77,KO,kech,Carte,,
CMD30173,CL0750,P098,23/12/2023,1,866.99,OK,tanger,Carte,LIV6,
CMD33741,CL0580,P034,26/08/2023,1,0,DONE,TANGER,Carte,LIV10,2023-08-27
CMD10401,CL0121,P035,Feb 29 2024,5,1473.45,OK,marrakech,Carte,LIV5,
CMD35489,CL0507,P029,2023-06-10,3,1822.81,livré,tanger,Carte,LIV10,2023-06-15
CMD43144,CL0814,P016,01/07/2023,1,224.77,livré,casa,Carte,LIV2,2023-07-03
CMD18885,CL0359,P063,Aug 16 2023,1,3972.67,livre,marrakech,Carte,LIV4,
CMD36128,CL0093,P008,2023-08-09,4,3187.0,KO,Agadir,Carte,LIV2,
CMD38664,CL0778,P088,Oct 12 2023,5,2483.43,retourné,casa,Carte,LIV2,2023-10-14
CMD37339,CL0092,P084,2023-10-10,4,2939.22,annulé,kech,Carte,LIV3,
CMD41081,CL0893,P079,2024-05-07,1,0,livré,casa,Carte,LIV5,2024-05-10
CMD12152,CL0349,P011,06/01/2023,5,85.98,livré,TANGER,Carte,,2023-01-09
CMD20883,CL0873,P085,17/11/2023,4,4266.39,livré,Agadir,Carte,LIV2,2023-11-19
CMD04311,CL0208,P058,Feb 04 2023,4,2644.32,livré,TNG,Carte,LIV9,2023-02-09
CMD31466,CL0600,P029,May 27 2023,2,891.0,livré,marrakech,Carte,LIV9,2023-05-28
CMD43232,CL0879,P029,Jun 25 2023,1,2235.66,livré,TNG,Carte,LIV3,2023-06-27
CMD43419,CL0420,P094,2023-09-15,3,1420.83,livré,RBA,Carte,LIV7,2023-09-20
CMD23522,CL0491,P006,2023-07-26,3,3416.12,KO,marrakech,Carte,LIV1,
CMD44443,CL0252,P008,19/02/2024,2,3443.2,livré,RBA,Carte,,2024-02-23
CMD16738,CL0836,P081,Oct 19 2023,3,3634.15,livré,Agadir,Carte,LIV4,2023-10-23
CMD36827,CL0719,P043,2024-05-07,2,2607.99,livré,casa,Carte,LIV8,2024-05-10
CMD20125,CL0046,P075,2023-08-26,1,129.75,KO,marrakech,Carte,LIV3,
CMD22611,CL0230,P064,2024-04-21,4,1639.41,OK,tanger,Carte,LIV2,
CMD19880,CL0347,P057,2023-09-05,1,2886.61,livre,TNG,Carte,LIV5,
CMD33228,CL0851,P094,2023-10-05,3,1877.9,livré,TNG,Carte,LIV9,2023-10-10
CMD25848,CL0346,P098,Aug 18 2023,3,2388.42,livré,TANGER,Carte,LIV5,2023-08-22
CMD38574,CL0663,P070,26/03/2023,4,2351.92,KO,CASABLANCA,Carte,LIV6,
CMD10413,CL0246,P069,21/02/2024,3,2516.66,livré,TANGER,Carte,LIV8,2024-02-23
CMD29355,CL0236,P096,2023-03-07,3,4530.73,annulé,casa,Carte,LIV1,
CMD02202,CL0295,P098,Oct 04 2023,2,3995.32,OK,TNG,Carte,LIV9,
CMD29336,CL0686,P013,2023-04-25,2,4761.24,livré,marrakech,Carte,LIV8,2023-04-30
CMD09572,CL0111,P094,2023-04-29,1,1294.6,livré,kech,Carte,LIV2,2023-05-04
CMD09252,CL0551,P039,Jul 04 2023,2,542.33,livré,Tnja,Carte,LIV5,2023-07-05
CMD47988,CL0795,P007,Mar 04 2023,3,2931.57,OK,CASABLANCA,Carte,LIV5,
CMD23224,CL0180,P060,23/05/2023,4,4126.46,en_cours,tanger,Carte,LIV1,
CMD09096,CL0169,P052,2023-09-20,2,3702.47,annulé,CASABLANCA,Carte,LIV7,
CMD45319,CL0859,P014,09/02/2024,1,3533.75,KO,casa,Carte,LIV10,
CMD36054,CL0626,P047,13/03/2023,1,633.43,en_cours,TANGER,Carte,LIV6,
CMD41640,CL0923,P083,2023-11-13,5,1489.44,annulé,CASABLANCA,Carte,LIV4,
CMD34622,CL0282,P051,Apr 20 2024,1,1177.61,retourné,marrakech,Carte,LIV1,2024-04-24
CMD32827,CL0436,P033,13/12/2023,2,4239.92,KO,TANGER,Carte,LIV5,
CMD43670,CL0484,P061,09/03/2024,1,210.04,OK,Tnja,Carte,LIV8,
CMD44557,CL0660,P048,23/01/2024,4,1793.42,LIVRE,marrakech,Carte,LIV6,2024-01-28
CMD10257,CL0865,P031,Dec 24 2023,3,2771.83,annulé,CASABLANCA,Carte,LIV2,
CMD13639,CL0314,P037,Sep 19 2023,2,4288.76,en_cours,CASABLANCA,Carte,LIV2,
CMD35118,CL0205,P088,07/04/2023,4,2074.96,KO,marrakech,Carte,LIV4,
CMD26408,CL0745,P051,Jan 05 2023,3,510.18,KO,kech,Carte,LIV5,
CMD41654,CL0698,P013,2023-04-25,5,4034.14,en_cours,kech,Carte,LIV7,
CMD00226,CL0853,P088,2024-05-15,2,180.92,livré,marrakech,Carte,LIV9,2024-05-18
CMD43416,CL0367,P020,Aug 11 2023,3,3980.1,annulé,RBA,Carte,LIV4,
CMD46861,CL0456,P039,2023-08-22,1,504.16,LIVRE,Agadir,Carte,LIV9,2023-08-25
CMD14886,CL0345,P068,2023-12-10,5,4335.16,livre,TANGER,Carte,LIV8,
CMD15152,CL0625,P072,04/04/2023,2,2350.66,DONE,RBA,Carte,LIV5,2023-04-09
CMD38261,CL0343,P079,May 06 2023,5,1489.01,livré,TNG,Carte,LIV2,2023-05-09
CMD27705,CL0706,P036,Mar 04 2023,2,0,livré,tanger,Carte,LIV5,2023-03-07
CMD21579,CL0393,P060,24/02/2024,1,1443.42,livré,RBA,Carte,LIV9,2024-02-28
CMD09430,CL0544,P051,11/06/2023,3,1432.21,retourné,kech,Carte,LIV7,2023-06-14
CMD00999,CL0788,P027,17/04/2024,3,4262.32,LIVRE,CASABLANCA,Carte,LIV8,2024-04-21
CMD07123,CL0840,P079,2023-09-04,3,626.61,livré,casa,Carte,LIV10,2023-09-06
CMD34422,CL0709,P055,2024-01-28,2,0,retourné,CASABLANCA,Carte,LIV2,2024-01-29
CMD25159,CL0182,P052,31/01/2023,2,3981.11,livré,RBA,Carte,LIV8,2023-02-01
CMD16803,CL0530,P092,20/11/2023,1,1265.84,livre,TANGER,Carte,LIV2,
CMD28313,CL0503,P096,Feb 03 2024,3,943.15,en_cours,casa,Carte,LIV7,
CMD27009,CL0823,P022,2023-05-11,5,2101.19,livré,kech,Carte,LIV6,2023-05-15
CMD01770,CL0460,P027,2023-03-27,2,2258.1,retourné,TNG,Carte,LIV2,2023-03-29
CMD16366,CL0381,P043,18/11/2023,5,3801.46,livré,CASABLANCA,Carte,LIV4,2023-11-21
CMD20167,CL0993,P059,21/06/2023,1,2515.47,LIVRE,kech,Carte,LIV3,2023-06-25
CMD17497,CL0341,P085,Jan 06 2023,5,2554.83,livré,marrakech,Carte,LIV6,2023-01-08
CMD36207,CL0946,P076,2023-07-27,1,2895.66,en_cours,casa,Carte,LIV7,
CMD32251,CL0604,P047,2023-06-18,1,2541.68,LIVRE,marrakech,Carte,LIV3,2023-06-22
CMD13017,CL0934,P066,Jan 06 2024,2,4888.7,OK,Tnja,Carte,LIV2,
CMD27388,CL0755,P039,Jan 24 2024,2,275.11,DONE,marrakech,Carte,LIV10,2024-01-25
CMD44167,CL0327,P092,Jan 29 2023,1,4501.87,OK,TNG,Carte,LIV9,
CMD09930,CL0294,P048,Oct 30 2023,3,0,KO,TANGER,Carte,,
CMD09933,CL0713,P017,Jan 30 2024,4,3380.58,OK,RBA,Carte,LIV9,
CMD38346,CL0233,P086,Jan 06 2024,3,4069.04,OK,marrakech,Carte,,
CMD00877,CL0786,P051,01/01/2023,4,250.64,OK,TNG,Carte,LIV8,
CMD06393,CL0246,P087,22/10/2023,3,2576.74,en_cours,Agadir,Carte,LIV4,
CMD09904,CL0961,P033,Aug 22 2023,5,3849.73,DONE,marrakech,Carte,LIV1,2023-08-25
CMD36764,CL0815,P060,07/05/2024,5,1118.65,retourné,Tnja,Carte,LIV10,2024-05-09
CMD20662,CL0789,P023,Jan 18 2023,5,1349.03,OK,Agadir,Carte,LIV6,
CMD11261,CL0298,P099,Jan 23 2023,2,4342.95,en_cours,TANGER,Carte,LIV10,
CMD02023,CL0295,P070,Dec 23 2023,1,2337.72,retourné,TANGER,Carte,LIV4,2023-12-25
CMD14247,CL0035,P095,Jul 23 2023,3,4107.87,livré,RBA,Carte,LIV1,2023-07-27
CMD00059,CL0857,P086,Mar 06 2023,5,1307.69,livré,kech,Carte,LIV4,2023-03-08
CMD46598,CL0248,P054,2023-09-16,3,3354.53,livré,TNG,Carte,LIV7,2023-09-17
CMD37707,CL0664,P051,Aug 23 2023,5,4673.59,LIVRE,casa,Carte,LIV3,2023-08-24
CMD21593,CL0975,P080,Apr 26 2023,3,2615.4,KO,RBA,Carte,LIV1,
CMD15325,CL0754,P023,2023-03-08,2,2803.15,livré,casa,Carte,LIV10,2023-03-12
CMD22899,CL0573,P002,20/01/2023,3,0,livre,CASABLANCA,Carte,LIV5,
CMD08202,CL0356,P087,2023-11-08,1,4540.93,KO,kech,Carte,LIV7,
CMD06331,CL0384,P098,2023-04-02,1,917.53,LIVRE,marrakech,Carte,LIV6,2023-04-05
CMD03979,CL0099,P058,09/07/2023,4,1634.13,en_cours,RBA,Carte,LIV6,
CMD28165,CL0989,P085,Jul 18 2023,3,1171.15,livré,RBA,Carte,,2023-07-20
CMD37949,CL0629,P051,15/08/2023,5,2412.17,livré,tanger,Carte,LIV5,2023-08-16
CMD06044,CL0514,P073,2023-09-08,5,606.68,livré,TANGER,Carte,LIV5,2023-09-12
CMD45746,CL0437,P057,23/03/2024,1,506.99,annulé,tanger,Carte,LIV9,
CMD23685,CL0998,P068,Oct 26 2023,3,4928.75,KO,tanger,Carte,LIV1,
CMD06939,CL0314,P067,30/09/2023,3,4890.22,livré,TANGER,Carte,,2023-10-03
CMD23758,CL0411,P091,12/01/2023,3,1673.41,OK,tanger,Carte,LIV7,
CMD23199,CL0734,P041,Apr 23 2023,3,65.35,KO,marrakech,Carte,LIV8,
CMD45428,CL0250,P004,10/01/2023,1,4491.33,en_cours,CASABLANCA,Carte,LIV9,
CMD43327,CL0405,P002,2024-05-13,1,4655.62,annulé,CASABLANCA,Carte,LIV4,
CMD29557,CL0094,P011,Aug 20 2023,1,2386.09,KO,kech,Carte,,
CMD30211,CL0454,P019,2023-09-17,1,1930.33,LIVRE,Tnja,Carte,LIV4,2023-09-22
CMD16261,CL0161,P018,2023-04-22,1,4660.82,livré,TNG,Carte,LIV6,2023-04-26
CMD26451,CL0419,P004,2023-10-19,3,2602.39,livre,kech,Carte,LIV1,
CMD27269,CL0654,P060,09/10/2023,3,4844.69,livré,Agadir,Carte,LIV6,2023-10-12
CMD31788,CL0983,P012,20/08/2023,3,3139.46,livre,Agadir,Carte,LIV5,
CMD23221,CL0337,P072,2023-06-25,5,2480.48,DONE,marrakech,Carte,LIV4,2023-06-27
CMD12359,CL0094,P006,2024-04-24,2,4030.97,livré,marrakech,Carte,LIV7,2024-04-26
CMD44571,CL0278,P096,2023-08-06,4,2290.66,KO,tanger,Carte,LIV2,
CMD31774,CL0238,P077,2023-06-14,5,4900.98,OK,marrakech,Carte,LIV3,
CMD38244,CL0455,P082,2023-01-12,2,3275.12,livré,TNG,Carte,LIV6,2023-01-17
CMD37196,CL0479,P097,2023-11-01,4,4580.81,DONE,TNG,Carte,LIV6,2023-11-06
CMD02593,CL0163,P033,05/10/2023,4,3607.85,livré,kech,Carte,LIV8,2023-10-08
CMD28863,CL0527,P029,2023-04-26,4,2012.82,OK,Tnja,Carte,LIV6,
CMD02546,CL0846,P026,Nov 27 2023,2,4396.56,livré,tanger,Carte,,2023-12-01
CMD46377,CL0477,P082,14/02/2023,4,3562.4,en_cours,kech,Carte,LIV5,
CMD23252,CL0091,P042,Mar 14 2023,2,1612.69,livré,Tnja,Carte,LIV2,2023-03-15
CMD05188,CL0027,P043,Apr 26 2024,4,1796.8,livré,Agadir,Carte,LIV1,2024-04-29
CMD20714,CL0204,P100,27/02/2024,1,3011.62,en_cours,kech,Carte,LIV10,
CMD44399,CL0056,P016,2023-04-02,2,799.23,livré,tanger,Carte,LIV9,2023-04-07
CMD42575,CL0990,P084,2024-05-15,3,4856.75,DONE,RBA,Carte,LIV3,2024-05-16
CMD48437,CL0640,P096,22/04/2024,1,3335.97,en_cours,CASABLANCA,Carte,LIV7,
CMD12793,CL0359,P051,28/01/2024,4,3490.79,DONE,casa,Carte,LIV2,2024-01-31
CMD40659,CL0683,P086,Mar 11 2024,2,3652.57,en_cours,marrakech,Carte,,
CMD32868,CL0801,P068,2024-01-22,-1,4775.49,annulé,casa,Carte,LIV9,
CMD19724,CL0215,P055,03/02/2023,3,1111.51,en_cours,RBA,Carte,LIV8,
CMD21405,CL0410,P084,Nov 02 2023,4,1248.24,retourné,marrakech,Carte,LIV8,2023-11-07
CMD42279,CL0682,P085,19/04/2023,5,4020.73,DONE,Tnja,Carte,LIV7,2023-04-21
CMD07063,CL0210,P057,08/07/2023,5,3992.39,livré,Agadir,Carte,LIV3,2023-07-11
CMD43368,CL0770,P061,Aug 09 2023,1,2125.67,OK,Tnja,Carte,LIV2,
CMD12586,CL0601,P020,19/01/2024,3,4097.54,en_cours,RBA,Carte,LIV5,
CMD15984,CL0385,P099,08/11/2023,4,3327.07,en_cours,TNG,Carte,LIV7,
CMD34920,CL0764,P080,Mar 26 2024,1,1481.8,livré,RBA,Carte,LIV5,2024-03-30
CMD26627,CL0957,P057,2023-05-17,1,2486.91,KO,kech,Carte,LIV10,
CMD00413,CL0229,P083,05/05/2023,1,3782.75,retourné,RBA,Carte,LIV9,2023-05-09
CMD42242,CL0125,P015,2023-12-05,2,2408.9,DONE,marrakech,Carte,,2023-12-09
CMD41301,CL0343,P055,2023-10-24,3,4595.02,en_cours,Tnja,Carte,LIV10,
CMD35373,CL0386,P012,01/10/2023,5,2596.55,retourné,Agadir,Carte,,2023-10-04
CMD46453,CL0252,P025,May 07 2024,1,4511.14,retourné,TANGER,Carte,,2024-05-12
CMD43009,CL0910,P034,May 07 2024,1,516.8,livré,tanger,Carte,LIV3,2024-05-11
CMD31153,CL0577,P092,22/04/2023,2,4757.34,OK,TANGER,Carte,LIV10,
CMD09889,CL0599,P007,Feb 02 2023,1,3738.4,OK,tanger,Carte,LIV7,
CMD23123,CL0326,P023,Jun 04 2023,3,2154.11,livre,CASABLANCA,Carte,LIV4,
CMD43274,CL0963,P061,09/03/2023,4,3179.07,retourné,CASABLANCA,Carte,LIV2,2023-03-14
CMD09621,CL0181,P078,2023-01-06,3,3395.92,annulé,kech,Carte,,
CMD47855,CL0002,P015,2024-05-02,2,740.26,retourné,casa,Carte,LIV9,2024-05-03
CMD22140,CL0462,P040,24/11/2023,1,4249.69,livré,TANGER,Carte,LIV6,2023-11-29
CMD35327,CL0537,P054,2023-08-20,5,2144.06,retourné,CASABLANCA,Carte,LIV8,2023-08-25
CMD46200,CL0619,P069,Mar 15 2023,5,328.77,annulé,TNG,Carte,,
CMD03862,CL0567,P038,2023-05-31,1,4179.07,KO,Tnja,Carte,LIV2,
CMD42465,CL0242,P016,May 15 2023,4,3925.72,annulé,RBA,Carte,LIV5,
CMD25283,CL0215,P062,Mar 14 2024,1,431.31,retourné,Tnja,Carte,LIV1,2024-03-16
CMD06120,CL0281,P001,09/03/2024,5,3881.2,OK,Tnja,Carte,LIV2,
CMD29194,CL0356,P037,2024-05-03,2,1645.35,OK,TANGER,Carte,LIV10,
CMD18873,CL0633,P093,Mar 14 2024,3,3765.68,en_cours,TANGER,Carte,LIV5,
CMD27573,CL0209,P058,Jan 26 2024,2,1292.87,livré,kech,Carte,LIV6,2024-01-28
CMD15285,CL0096,P030,2023-01-16,2,505.17,livré,RBA,Carte,LIV6,2023-01-18
CMD35879,CL0838,P065,2023-12-19,4,4782.75,annulé,TNG,Carte,LIV4,
CMD22340,CL0058,P084,Jan 21 2023,4,4098.49,LIVRE,RBA,Carte,LIV2,2023-01-25
CMD09537,CL0131,P036,2023-11-24,1,1903.68,KO,Agadir,Carte,LIV9,
CMD26642,CL0938,P033,2024-02-22,4,2241.81,livre,tanger,Carte,LIV5,
CMD14935,CL0626,P063,Jul 22 2023,4,1086.32,KO,tanger,Carte,LIV7,
CMD28786,CL0732,P091,11/09/2023,3,4687.62,OK,TNG,Carte,,
CMD33376,CL0676,P098,Aug 12 2023,2,67.35,livre,TANGER,Carte,LIV2,
CMD46523,CL0224,P099,2023-12-06,5,1844.13,annulé,TANGER,Carte,LIV10,
CMD10488,CL0811,P063,Jan 17 2024,2,1969.2,OK,TANGER,Carte,,
CMD20513,CL0173,P008,Feb 21 2023,2,1199.17,retourné,Agadir,Carte,LIV7,2023-02-23
CMD47560,CL0556,P048,06/03/2024,3,4195.81,retourné,TANGER,Carte,LIV1,2024-03-09
CMD40628,CL0696,P083,2024-04-01,3,1061.37,OK,RBA,Carte,LIV2,
CMD33942,CL0518,P019,Jun 12 2023,3,2927.92,annulé,TANGER,Carte,LIV6,
CMD11208,CL0619,P083,May 15 2023,2,3525.92,KO,casa,Carte,LIV3,
CMD26534,CL0953,P066,2024-02-25,2,607.58,livre,Tnja,Carte,LIV7,
CMD25135,CL0374,P038,Apr 14 2024,3,3358.64,livré,casa,Carte,LIV5,2024-04-19
CMD44711,CL0050,P032,2024-05-12,3,258.81,livre,RBA,Carte,LIV10,
CMD25983,CL0040,P076,26/12/2023,2,3293.28,livre,kech,Carte,LIV2,
CMD24108,CL0215,P019,03/10/2023,-1,598.36,OK,marrakech,Carte,LIV2,
CMD48282,CL0666,P081,2024-04-04,3,3880.23,livré,tanger,Carte,LIV1,2024-04-08
CMD03123,CL0565,P065,07/12/2023,4,4817.61,DONE,TNG,Carte,LIV8,2023-12-11
CMD45098,CL0829,P057,2023-03-11,5,2744.1,retourné,RBA,Carte,LIV5,2023-03-14
CMD47730,CL0151,P059,2023-12-22,4,3922.44,retourné,tanger,Carte,LIV5,2023-12-25
CMD29823,CL0926,P086,2023-04-27,2,2170.56,livre,Tnja,Carte,LIV9,
CMD12476,CL0211,P063,29/06/2023,1,1323.17,livre,Agadir,Carte,LIV6,
CMD18933,CL0909,P051,2024-02-12,4,283.23,livré,Agadir,Carte,,2024-02-14
CMD05423,CL0884,P079,Dec 28 2023,1,2968.36,en_cours,Tnja,Carte,LIV3,
CMD29585,CL0503,P041,Mar 17 2023,3,757.45,livré,Tnja,Carte,LIV5,2023-03-18
CMD08967,CL0561,P098,Jan 28 2024,4,2576.69,LIVRE,casa,Carte,LIV10,2024-01-30
CMD37179,CL0574,P066,Jan 21 2024,5,3724.44,annulé,TNG,Carte,LIV1,
CMD00712,CL0743,P016,Nov 02 2023,5,1296.99,livre,marrakech,Carte,,
CMD31914,CL0816,P024,Feb 04 2023,1,3069.7,annulé,tanger,Carte,LIV10,
CMD41807,CL0643,P071,Feb 19 2023,1,4906.68,livre,tanger,Carte,LIV5,
CMD26934,CL0624,P021,Oct 26 2023,1,1413.69,livré,kech,Carte,LIV2,2023-10-27
CMD06269,CL0582,P056,2023-03-10,1,0,livre,Agadir,Carte,LIV3,
CMD12314,CL0157,P079,Oct 11 2023,1,376.55,livré,kech,Carte,LIV4,2023-10-15
CMD24739,CL0946,P016,02/08/2023,4,3577.88,LIVRE,Agadir,Carte,LIV8,2023-08-07
CMD39964,CL0100,P015,10/04/2024,2,266.68,KO,tanger,Carte,LIV9,
CMD11665,CL0739,P098,2023-01-09,3,3471.78,en_cours,kech,Carte,LIV9,
CMD47815,CL0175,P046,Jun 13 2023,3,3926.64,livré,casa,Carte,LIV7,2023-06-18
CMD17907,CL0652,P042,Apr 19 2023,2,3706.06,en_cours,Agadir,Carte,LIV6,
CMD40174,CL0801,P044,Jun 04 2023,5,4505.28,DONE,TNG,Carte,LIV2,2023-06-06
CMD25901,CL0621,P017,2023-11-13,3,219.09,retourné,RBA,Carte,LIV7,2023-11-18
CMD13596,CL0128,P084,Jul 28 2023,2,4024.73,OK,TNG,Carte,,
CMD14600,CL0899,P001,2023-12-06,2,3979.76,livré,casa,Carte,LIV1,2023-12-08
CMD30067,CL0263,P093,23/03/2023,3,2910.34,retourné,casa,Carte,LIV2,2023-03-25
CMD23091,CL0627,P079,Oct 08 2023,5,3385.33,en_cours,Tnja,Carte,,
CMD22696,CL0008,P078,Apr 18 2024,5,3492.19,livré,tanger,Carte,LIV7,2024-04-20
CMD36591,CL0439,P074,2024-01-25,1,2084.95,livré,TNG,Carte,LIV3,2024-01-28
CMD06213,CL0460,P077,2023-07-04,4,1906.68,OK,CASABLANCA,Carte,LIV5,
CMD12765,CL0444,P007,Mar 06 2023,3,2384.99,retourné,casa,Carte,LIV4,2023-03-09
CMD31670,CL0077,P041,17/02/2024,2,3435.76,KO,casa,Carte,LIV5,
CMD33436,CL0540,P060,May 08 2024,1,2601.97,retourné,TANGER,Carte,LIV10,2024-05-11
CMD29229,CL0677,P024,Jun 28 2023,-1,2475.66,LIVRE,kech,Carte,LIV4,2023-07-03
CMD43602,CL0159,P048,23/02/2024,4,4612.4,retourné,Tnja,Carte,LIV2,2024-02-25
CMD34297,CL0368,P008,2024-02-17,2,4101.32,livré,TNG,Carte,LIV10,2024-02-18
CMD22818,CL0576,P052,25/01/2023,3,4250.35,DONE,TNG,Carte,LIV9,2023-01-26
CMD35063,CL0351,P048,07/07/2023,3,1780.75,en_cours,TNG,Carte,LIV6,
CMD19025,CL0565,P065,2023-02-13,5,3449.04,retourné,Tnja,Carte,LIV4,2023-02-18
CMD12993,CL0436,P092,Nov 01 2023,3,0,livré,tanger,Carte,LIV6,2023-11-02
CMD37101,CL0317,P046,20/06/2023,3,3339.99,en_cours,casa,Carte,LIV10,
CMD35018,CL0135,P096,21/01/2023,2,4189.84,livre,CASABLANCA,Carte,LIV1,
CMD15673,CL0021,P005,2023-02-10,5,1017.21,livré,TNG,Carte,LIV1,2023-02-15
CMD02596,CL0088,P045,2023-12-12,5,1850.02,annulé,kech,Carte,LIV2,
CMD12517,CL0305,P091,2023-12-11,3,715.48,retourné,tanger,Carte,LIV3,2023-12-14
CMD38586,CL0076,P097,Mar 17 2024,2,1016.53,livré,RBA,Carte,LIV2,2024-03-21
CMD31992,CL0445,P062,2024-03-26,4,3552.61,en_cours,CASABLANCA,Carte,LIV10,
CMD28828,CL0530,P071,2024-04-15,3,3849.17,livré,casa,Carte,LIV1,2024-04-17
CMD38967,CL0645,P065,2024-02-18,5,3551.32,livré,marrakech,Carte,,2024-02-20
CMD47656,CL0422,P026,Mar 27 2023,1,502.94,OK,CASABLANCA,Carte,LIV7,
CMD12897,CL0359,P008,2024-04-30,3,1594.69,en_cours,TNG,Carte,LIV1,
CMD38357,CL0685,P012,Jul 03 2023,4,4484.72,livré,casa,Carte,LIV2,2023-07-06
CMD39654,CL0198,P083,17/04/2023,3,4735.83,LIVRE,Agadir,Carte,LIV6,2023-04-19
CMD29474,CL0157,P059,2023-11-30,1,1497.6,LIVRE,casa,Carte,LIV10,2023-12-05
CMD09129,CL0974,P071,11/06/2023,4,4208.95,en_cours,RBA,Carte,LIV10,
CMD08623,CL0048,P086,16/06/2023,4,4660.46,en_cours,Agadir,Carte,LIV6,
CMD02735,CL0622,P072,Jan 03 2024,3,2560.21,livré,kech,Carte,,2024-01-07
CMD17390,CL0283,P003,Mar 08 2024,1,3799.0,DONE,CASABLANCA,Carte,LIV10,2024-03-11
CMD45587,CL0594,P025,2023-12-26,5,1482.5,KO,tanger,Carte,LIV10,
CMD39760,CL0616,P069,27/01/2023,2,160.14,DONE,casa,Carte,LIV6,2023-01-30
CMD38051,CL0995,P033,31/07/2023,2,3491.25,livré,Agadir,Carte,LIV1,2023-08-04
CMD22460,CL0947,P052,08/05/2024,5,3789.29,annulé,CASABLANCA,Carte,LIV3,
CMD37520,CL0954,P086,Apr 10 2024,2,2252.11,livré,RBA,Carte,LIV8,2024-04-11
CMD02704,CL0566,P095,22/04/2024,1,1806.89,en_cours,marrakech,Carte,LIV9,
CMD46581,CL0345,P099,2024-03-19,3,1151.85,DONE,kech,Carte,LIV6,2024-03-21
CMD33995,CL0472,P084,20/03/2024,2,2783.86,en_cours,RBA,Carte,LIV10,
CMD35633,CL0856,P085,02/01/2024,2,4137.59,LIVRE,marrakech,Carte,LIV8,2024-01-03
CMD17162,CL0881,P057,2023-03-25,4,2434.14,livré,Agadir,Carte,LIV4,2023-03-30
CMD18584,CL0193,P072,Apr 11 2023,2,1160.48,retourné,TNG,Carte,LIV7,2023-04-13
CMD15909,CL0299,P094,Jan 30 2024,1,1767.64,livré,CASABLANCA,Carte,LIV9,2024-01-31
CMD34668,CL0767,P052,2023-01-12,4,2737.5,livré,tanger,Carte,LIV7,2023-01-15
CMD24219,CL0371,P098,27/08/2023,2,1350.55,OK,marrakech,Carte,LIV7,
CMD43191,CL0648,P066,Apr 01 2024,3,4028.94,LIVRE,marrakech,Carte,LIV1,2024-04-04
CMD00820,CL0398,P009,17/09/2023,3,2169.06,LIVRE,kech,Carte,LIV5,2023-09-21
CMD45393,CL0265,P033,Dec 04 2023,2,4757.0,OK,CASABLANCA,Carte,LIV5,
CMD03622,CL0831,P093,2024-03-31,2,4851.23,retourné,marrakech,Carte,LIV2,2024-04-03
CMD10643,CL0525,P019,08/12/2023,1,3153.39,livré,casa,Carte,LIV10,2023-12-12
CMD29769,CL0724,P094,2023-02-07,5,2528.12,DONE,kech,Carte,LIV3,2023-02-09
CMD23549,CL0643,P005,2023-04-24,1,4371.93,en_cours,TNG,Carte,LIV10,
CMD28971,CL0484,P032,15/04/2024,1,3888.65,DONE,RBA,Carte,LIV10,2024-04-16
CMD15670,CL0853,P074,17/04/2023,1,593.68,livre,Tnja,Carte,LIV5,
CMD22300,CL0593,P013,Jul 18 2023,2,2022.28,livré,CASABLANCA,Carte,LIV5,2023-07-21
CMD11573,CL0595,P087,Mar 05 2024,3,746.54,OK,tanger,Carte,LIV2,
CMD14161,CL0130,P018,Feb 18 2024,3,2930.01,LIVRE,TANGER,Carte,LIV4,2024-02-23
CMD14682,CL0943,P029,Apr 02 2024,1,960.99,KO,tanger,Carte,LIV10,
CMD15023,CL0990,P067,Apr 12 2024,3,2306.15,annulé,CASABLANCA,Carte,LIV10,
CMD45198,CL0817,P095,Jan 30 2023,5,110.28,LIVRE,CASABLANCA,Carte,LIV3,2023-02-03
CMD06641,CL0036,P017,11/03/2023,4,3315.46,KO,TANGER,Carte,LIV1,
CMD36879,CL0802,P086,Nov 23 2023,1,1765.59,livré,Agadir,Carte,LIV10,2023-11-26
CMD46368,CL0295,P086,07/02/2023,3,2404.1,livré,RBA,Carte,LIV9,2023-02-12
CMD10946,CL0621,P078,Mar 02 2024,4,1947.88,DONE,Agadir,Carte,LIV6,2024-03-04
CMD33227,CL0306,P088,2023-07-02,4,1550.96,livre,tanger,Carte,LIV9,
CMD47418,CL0171,P044,Aug 09 2023,2,4395.68,en_cours,Agadir,Carte,LIV9,
CMD31102,CL0418,P077,Apr 27 2023,2,280.12,livré,TNG,Carte,LIV1,2023-04-30
CMD33116,CL0924,P045,Sep 10 2023,3,4061.9,en_cours,Agadir,Carte,LIV9,
CMD09372,CL0899,P094,04/05/2024,5,2564.18,livre,Agadir,Carte,LIV8,
CMD13367,CL0481,P053,21/12/2023,1,696.04,KO,TANGER,Carte,LIV1,
CMD08115,CL0837,P076,Mar 21 2024,1,2727.63,livré,TNG,Carte,LIV8,2024-03-24
CMD43223,CL0362,P047,2023-10-13,2,2665.61,en_cours,casa,Carte,LIV8,
CMD41294,CL0804,P096,Nov 18 2023,3,564.93,KO,RBA,Carte,LIV9,
CMD08654,CL0572,P083,Feb 15 2023,3,1509.14,OK,casa,Carte,LIV10,
CMD46266,CL0502,P074,22/11/2023,4,346.32,LIVRE,RBA,Carte,,2023-11-23
CMD00447,CL0858,P020,Mar 15 2024,3,2937.68,retourné,CASABLANCA,Carte,LIV1,2024-03-17
CMD33149,CL0608,P057,Oct 08 2023,5,4685.87,livré,casa,Carte,LIV8,2023-10-12
CMD06931,CL0560,P016,Mar 16 2023,5,685.13,DONE,marrakech,Carte,LIV2,2023-03-17
CMD19648,CL0559,P039,2023-12-05,2,455.07,livré,casa,Carte,,2023-12-08
CMD18836,CL0529,P067,Jun 13 2023,3,3934.85,DONE,casa,Carte,LIV3,2023-06-14
CMD16817,CL0723,P051,2023-12-19,-1,3312.88,OK,TNG,Carte,LIV4,
CMD19111,CL0762,P099,04/01/2024,5,989.06,livré,Agadir,Carte,,2024-01-06
CMD26724,CL0461,P086,Oct 29 2023,4,1969.97,livré,casa,Carte,LIV10,2023-10-31
CMD45107,CL0160,P055,29/03/2023,2,4980.11,retourné,kech,Carte,LIV8,2023-04-01
CMD23138,CL0885,P090,16/04/2024,3,264.36,KO,RBA,Carte,LIV7,
CMD02513,CL0501,P021,2023-10-15,3,2264.45,livré,RBA,Carte,LIV7,2023-10-19
CMD24111,CL0532,P027,2023-03-25,5,1905.23,livre,tanger,Carte,,
CMD35857,CL0724,P031,Dec 30 2023,3,1805.9,annulé,Tnja,Carte,LIV4,
CMD24183,CL0841,P017,2024-05-03,4,1431.99,KO,Agadir,Carte,LIV9,
CMD38125,CL0695,P034,2023-02-05,3,3369.64,OK,Tnja,Carte,LIV2,
CMD13888,CL0689,P029,14/05/2023,1,574.15,livre,kech,Carte,LIV1,
CMD16608,CL0645,P077,18/12/2023,5,2749.17,OK,marrakech,Carte,LIV9,
CMD12070,CL0432,P065,2023-01-11,1,1055.16,livré,Tnja,Carte,LIV2,2023-01-15
CMD37829,CL0895,P036,2024-02-13,4,1857.12,KO,RBA,Carte,LIV4,
CMD41114,CL0790,P004,Apr 09 2024,5,4934.94,livré,Tnja,Carte,LIV2,2024-04-14
CMD13809,CL0767,P078,16/05/2023,5,2940.68,livré,Tnja,Carte,LIV1,2023-05-17
CMD46022,CL0165,P025,Jul 26 2023,2,1475.7,en_cours,kech,Carte,LIV6,
CMD18018,CL0165,P088,Nov 25 2023,4,4774.66,OK,Agadir,Carte,,
CMD21806,CL0611,P053,Jan 03 2024,1,3710.65,livre,Agadir,Carte,LIV10,
CMD21827,CL0794,P001,Jan 20 2023,3,2740.0,LIVRE,casa,Carte,LIV7,2023-01-21
CMD32403,CL0862,P006,03/01/2023,3,1034.15,retourné,TNG,Carte,LIV10,2023-01-05
CMD42365,CL0098,P059,01/07/2023,2,1063.81,annulé,Tnja,Carte,LIV4,
CMD34132,CL0629,P048,16/07/2023,5,3812.77,KO,casa,Carte,LIV8,
CMD36385,CL0466,P012,15/04/2023,2,2442.1,LIVRE,casa,Carte,LIV5,2023-04-17
CMD00924,CL0827,P059,2023-08-01,3,3960.72,LIVRE,marrakech,Carte,LIV9,2023-08-05
CMD18907,CL0766,P017,Nov 25 2023,3,2587.29,annulé,marrakech,Carte,LIV4,
CMD02554,CL0078,P079,19/02/2024,5,655.39,OK,Agadir,Carte,,
CMD09770,CL0840,P050,2023-05-17,4,862.57,livré,kech,Carte,LIV4,2023-05-21
CMD44935,CL0994,P039,09/07/2023,1,497.21,livré,casa,Carte,LIV2,2023-07-11
CMD11286,CL0176,P005,2024-05-15,4,1360.85,annulé,TNG,Carte,LIV5,
CMD17190,CL0474,P092,2024-03-25,3,178.13,KO,CASABLANCA,Carte,LIV5,
CMD16009,CL0953,P009,2023-08-31,3,0,LIVRE,marrakech,Carte,LIV5,2023-09-02
CMD06544,CL0986,P017,Aug 23 2023,4,2877.36,DONE,TNG,Carte,LIV5,2023-08-27
CMD34802,CL0820,P053,15/04/2023,2,4675.57,retourné,casa,Carte,LIV6,2023-04-16
CMD15411,CL0539,P031,2023-09-26,5,4186.62,annulé,CASABLANCA,Carte,LIV9,
CMD14337,CL0618,P091,09/04/2023,5,2028.6,livré,casa,Carte,LIV4,2023-04-10
CMD22186,CL0686,P034,24/02/2024,4,2601.15,livré,TNG,Carte,LIV2,2024-02-26
CMD39478,CL0182,P071,29/04/2023,3,2527.97,livré,kech,Carte,LIV8,2023-05-04
CMD28539,CL0423,P007,2023-07-19,3,1351.39,KO,CASABLANCA,Carte,LIV6,
CMD00163,CL0611,P066,02/07/2023,1,4253.45,OK,RBA,Carte,LIV5,
CMD42906,CL0813,P012,2023-09-23,1,1993.22,livré,CASABLANCA,Carte,LIV1,2023-09-25
CMD45709,CL0881,P015,Jan 07 2024,1,3481.6,en_cours,tanger,Carte,LIV8,
CMD09786,CL0572,P098,Jun 07 2023,4,2220.3,OK,CASABLANCA,Carte,,
CMD18205,CL0162,P028,2023-12-28,4,3677.71,livré,marrakech,Carte,LIV8,2023-12-30
CMD03283,CL0664,P060,2023-04-22,4,1036.32,livré,Tnja,Carte,LIV5,2023-04-24
CMD22011,CL0391,P035,2024-05-05,4,682.66,DONE,Tnja,Carte,LIV4,2024-05-10
CMD02752,CL0619,P025,Feb 08 2024,2,1690.82,DONE,kech,Carte,LIV7,2024-02-11
CMD28677,CL0838,P025,13/01/2024,2,2275.06,retourné,TANGER,Carte,LIV7,2024-01-17
CMD25175,CL0883,P082,06/10/2023,2,3801.05,en_cours,casa,Carte,LIV7,
CMD15857,CL0010,P041,21/05/2023,4,4617.83,annulé,marrakech,Carte,LIV4,
CMD10797,CL0377,P023,Oct 31 2023,4,92.39,livré,Tnja,Carte,LIV8,2023-11-01
CMD38934,CL0497,P070,15/02/2023,2,613.41,livré,CASABLANCA,Carte,LIV5,2023-02-16
CMD42417,CL0280,P041,2023-01-07,5,895.95,annulé,RBA,Carte,LIV5,
CMD24211,CL0027,P078,Jul 27 2023,3,2839.65,livré,marrakech,Carte,LIV5,2023-07-28
CMD31782,CL0294,P078,05/03/2023,5,937.09,retourné,RBA,Carte,LIV8,2023-03-09
CMD48481,CL0084,P003,Feb 16 2023,1,1968.36,DONE,tanger,Carte,LIV10,2023-02-20
CMD23909,CL0011,P008,06/05/2023,4,2637.09,KO,tanger,Carte,LIV7,
CMD16599,CL0849,P064,30/03/2023,2,2349.52,livré,RBA,Carte,LIV8,2023-04-03
CMD44311,CL0418,P030,2023-08-18,3,752.48,DONE,Agadir,Carte,LIV9,2023-08-22
CMD16754,CL0673,P011,2023-03-27,3,1706.34,KO,CASABLANCA,Carte,LIV9,
CMD15380,CL0641,P053,19/09/2023,3,1660.04,livré,kech,Carte,LIV10,2023-09-20
CMD30962,CL0900,P099,May 15 2023,4,4092.12,OK,TANGER,Carte,LIV3,
CMD28767,CL0790,P079,Jan 29 2023,5,3589.98,en_cours,tanger,Carte,LIV7,
CMD24227,CL0511,P095,Nov 21 2023,4,2071.5,livré,RBA,Carte,,2023-11-22
CMD03546,CL0226,P032,11/07/2023,1,1325.85,livré,kech,Carte,LIV1,2023-07-12
CMD01087,CL0266,P010,2023-03-18,4,1528.83,LIVRE,marrakech,Carte,LIV6,2023-03-20
CMD29526,CL0604,P085,Mar 21 2023,5,470.74,KO,TANGER,Carte,LIV6,
CMD39441,CL0016,P075,May 13 2024,3,2635.96,retourné,CASABLANCA,Carte,,2024-05-14
CMD13146,CL0972,P100,2024-01-14,1,2767.36,en_cours,TNG,Carte,LIV1,
CMD08461,CL0895,P038,Jul 18 2023,3,1620.87,en_cours,Agadir,Carte,LIV7,
CMD03632,CL0579,P092,2023-08-14,2,1088.48,retourné,Tnja,Carte,LIV1,2023-08-16
CMD17250,CL0625,P036,17/03/2023,4,3498.3,en_cours,Agadir,Carte,LIV4,
CMD19059,CL0166,P036,03/01/2023,2,4193.29,en_cours,marrakech,Carte,LIV7,
CMD15923,CL0522,P094,2024-05-07,4,3186.52,annulé,TANGER,Carte,LIV7,
CMD29779,CL0985,P023,Sep 21 2023,1,2843.36,LIVRE,kech,Carte,LIV5,2023-09-24
CMD33157,CL0443,P087,Jan 27 2023,4,2932.62,livré,TNG,Carte,LIV3,2023-02-01
CMD00181,CL0147,P046,Aug 08 2023,2,465.79,LIVRE,marrakech,Carte,LIV10,2023-08-13
CMD09108,CL0335,P063,13/12/2023,2,244.17,en_cours,marrakech,Carte,LIV6,
CMD20133,CL0735,P069,11/03/2024,4,1008.16,OK,TNG,Carte,LIV10,
CMD35206,CL0315,P080,2023-04-12,-1,0,livré,Agadir,Carte,LIV9,2023-04-15
CMD26028,CL0169,P029,2024-01-21,1,3016.9,KO,CASABLANCA,Carte,LIV2,
CMD22786,CL0456,P038,Jul 12 2023,3,4683.0,livré,TNG,Carte,LIV3,2023-07-13
CMD13480,CL0474,P008,25/05/2023,1,4357.68,livré,marrakech,Carte,LIV9,2023-05-28
CMD42724,CL0152,P020,2023-02-01,3,4070.18,OK,CASABLANCA,Carte,LIV8,
CMD04660,CL0809,P027,2023-06-26,2,2231.62,annulé,TNG,Carte,LIV7,
CMD21881,CL0064,P005,13/02/2023,3,3894.65,LIVRE,marrakech,Carte,LIV4,2023-02-16
CMD42521,CL0604,P024,Jun 14 2023,4,218.56,LIVRE,TANGER,Carte,LIV8,2023-06-16
CMD47221,CL0429,P035,10/02/2023,2,4138.14,livré,RBA,Carte,LIV6,2023-02-11
CMD12783,CL0304,P070,29/10/2023,4,498.14,livre,casa,Carte,LIV2,
CMD08144,CL0425,P041,2023-02-01,1,1962.04,livré,casa,Carte,LIV2,2023-02-03
CMD07027,CL0410,P016,2023-02-12,1,2913.1,OK,marrakech,Carte,LIV2,
CMD07559,CL0322,P025,08/12/2023,3,2823.8,retourné,CASABLANCA,Carte,LIV3,2023-12-09
CMD01589,CL0684,P062,Apr 16 2024,1,1740.09,LIVRE,casa,Carte,LIV8,2024-04-17
CMD44862,CL0687,P098,Apr 04 2024,1,1003.63,LIVRE,marrakech,Carte,LIV3,2024-04-07
CMD35655,CL0080,P047,May 12 2024,1,298.02,livré,tanger,Carte,LIV10,2024-05-14
CMD00752,CL0187,P017,2023-10-01,3,3894.77,livré,RBA,Carte,LIV8,2023-10-03
CMD09030,CL0154,P077,Feb 16 2023,3,3312.56,livré,CASABLANCA,Carte,,2023-02-21
CMD46237,CL0872,P086,18/05/2023,1,696.0,OK,tanger,Carte,LIV3,
CMD42005,CL0736,P006,Mar 29 2023,2,1638.27,KO,RBA,Carte,LIV8,
CMD36708,CL0365,P049,2023-08-04,-1,2695.82,livré,TANGER,Carte,LIV9,2023-08-05
CMD29333,CL0185,P031,Jun 14 2023,2,1845.09,livré,TNG,Carte,LIV1,2023-06-15
CMD13186,CL0774,P033,07/04/2023,3,55.88,livré,casa,Carte,LIV4,2023-04-11
CMD14634,CL0058,P004,20/10/2023,3,477.84,LIVRE,TANGER,Carte,LIV3,2023-10-24
CMD26418,CL0401,P094,14/10/2023,1,4781.11,LIVRE,casa,Carte,,2023-10-15
CMD04895,CL0143,P059,17/01/2024,3,1307.21,livré,TNG,Carte,LIV10,2024-01-21
CMD20113,CL0559,P003,2024-05-15,1,3985.95,LIVRE,TANGER,Carte,LIV9,2024-05-18
CMD17015,CL0706,P019,26/02/2023,2,3700.49,LIVRE,TANGER,Carte,LIV4,2023-02-28
CMD28810,CL0156,P037,2023-05-19,4,2834.06,LIVRE,marrakech,Carte,LIV2,2023-05-24
CMD27258,CL0735,P090,2024-01-28,5,1771.85,retourné,Tnja,Carte,LIV7,2024-02-01
CMD19199,CL0158,P022,2023-12-18,4,673.19,annulé,kech,Carte,LIV7,
CMD02097,CL0377,P061,21/04/2023,3,2280.36,livré,Agadir,Carte,LIV6,2023-04-22
CMD19578,CL0477,P059,Sep 18 2023,3,4412.48,annulé,TANGER,Carte,LIV10,
CMD46779,CL0057,P091,Jan 06 2024,4,0,livré,tanger,Carte,LIV8,2024-01-08
CMD29708,CL0700,P017,28/10/2023,5,4664.99,annulé,Tnja,Carte,LIV4,
CMD25327,CL0404,P072,2023-12-09,2,3648.66,livré,TANGER,Carte,LIV7,2023-12-12
CMD25107,CL0533,P073,25/06/2023,5,58.73,annulé,RBA,Carte,LIV6,
CMD28982,CL0688,P056,19/08/2023,5,0,livre,CASABLANCA,Carte,LIV6,
CMD02558,CL0701,P097,Mar 22 2023,3,3431.46,livré,marrakech,Carte,LIV7,2023-03-24
CMD39666,CL0697,P010,Oct 06 2023,5,2748.7,retourné,marrakech,Carte,LIV9,2023-10-10
CMD35243,CL0800,P019,2023-10-05,3,1845.27,en_cours,tanger,Carte,LIV9,
CMD48261,CL0812,P011,Jul 08 2023,3,557.03,livré,casa,Carte,LIV10,2023-07-13
CMD06292,CL0233,P039,2024-03-07,3,4319.12,OK,Agadir,Carte,LIV5,
CMD47013,CL0304,P099,11/01/2024,4,4874.76,livré,casa,Carte,LIV7,2024-01-13
CMD08211,CL0355,P042,Feb 09 2024,2,2426.82,livré,marrakech,Carte,LIV6,2024-02-13
CMD36402,CL0869,P015,Apr 08 2024,2,159.61,livré,kech,Carte,,2024-04-12
CMD39627,CL0322,P073,2023-04-10,2,3607.92,livré,casa,Carte,LIV7,2023-04-15
CMD41306,CL0015,P080,Apr 23 2023,4,2066.89,KO,CASABLANCA,Carte,LIV9,
CMD33337,CL0274,P095,2023-09-03,5,3264.0,livre,casa,Carte,LIV9,
CMD47337,CL0607,P031,26/11/2023,4,1174.95,DONE,marrakech,Carte,LIV3,2023-12-01
CMD20668,CL0330,P037,2023-09-09,1,3684.65,annulé,RBA,Carte,LIV5,
CMD23171,CL0653,P002,29/09/2023,1,2932.56,livré,kech,Carte,LIV8,2023-10-04
CMD41032,CL0807,P077,Jul 20 2023,1,3436.15,OK,TANGER,Carte,LIV7,
CMD17283,CL0902,P098,11/01/2023,3,688.35,DONE,kech,Carte,LIV8,2023-01-14
CMD37121,CL0496,P026,09/09/2023,3,3612.24,OK,TNG,Carte,LIV2,
CMD45842,CL0632,P003,2024-03-19,5,4535.4,OK,TNG,Carte,LIV2,
CMD47197,CL0344,P071,Oct 10 2023,5,1258.86,DONE,marrakech,Carte,LIV10,2023-10-14
CMD20464,CL0630,P013,2024-01-04,3,3179.63,livré,Tnja,Carte,LIV5,2024-01-05
CMD15041,CL0789,P001,May 12 2023,5,2062.21,annulé,TANGER,Carte,LIV6,
CMD14039,CL0487,P028,Apr 12 2024,4,1014.4,LIVRE,Tnja,Carte,LIV2,2024-04-14
CMD16750,CL0226,P100,Feb 11 2024,3,2006.22,livré,tanger,Carte,LIV5,2024-02-13
CMD28619,CL0687,P044,2023-06-08,5,113.21,KO,TANGER,Carte,LIV6,
CMD41531,CL0856,P033,Nov 13 2023,1,3610.65,livré,kech,Carte,LIV6,2023-11-14
CMD38106,CL0103,P063,Nov 27 2023,2,313.2,en_cours,marrakech,Carte,LIV10,
CMD27261,CL0276,P027,13/07/2023,3,4049.73,OK,marrakech,Carte,LIV5,
CMD11274,CL0659,P099,May 14 2024,5,4608.95,annulé,RBA,Carte,LIV3,
CMD34263,CL0636,P056,09/01/2023,3,1206.3,DONE,Tnja,Carte,LIV6,2023-01-14
CMD33671,CL0177,P070,Oct 18 2023,1,2304.53,LIVRE,tanger,Carte,,2023-10-22
CMD07977,CL0709,P049,27/11/2023,4,3843.47,livre,kech,Carte,LIV10,
CMD27941,CL0998,P100,2023-12-25,2,512.65,en_cours,RBA,Carte,,
CMD17414,CL0486,P086,2024-03-03,2,126.7,livré,TANGER,Carte,LIV7,2024-03-08
CMD26815,CL0797,P045,05/11/2023,5,3489.76,LIVRE,marrakech,Carte,LIV5,2023-11-10
CMD32043,CL0098,P047,2024-03-30,5,2822.42,livre,tanger,Carte,LIV9,
CMD25767,CL0534,P027,2023-05-19,5,4246.31,livré,marrakech,Carte,LIV5,2023-05-23
CMD16064,CL0332,P026,23/11/2023,4,1754.9,livre,casa,Carte,LIV7,
CMD35975,CL0520,P086,2023-09-01,1,3777.68,retourné,RBA,Carte,LIV3,2023-09-03
CMD21774,CL0525,P001,Sep 13 2023,-1,3140.51,livré,TANGER,Carte,LIV7,2023-09-18
CMD03783,CL0110,P056,Feb 17 2023,4,1773.83,KO,marrakech,Carte,LIV1,
CMD27387,CL0656,P026,2023-11-03,3,3164.11,livre,Agadir,Carte,LIV3,
CMD22118,CL0368,P069,01/07/2023,2,635.86,livré,Agadir,Carte,LIV3,2023-07-03
CMD10251,CL0995,P062,2023-10-10,4,50.94,LIVRE,Tnja,Carte,LIV10,2023-10-13
CMD09623,CL0168,P001,17/06/2023,4,622.33,livré,casa,Carte,LIV3,2023-06-21
CMD37580,CL0413,P041,2023-08-18,5,4129.34,OK,Agadir,Carte,LIV10,
CMD08353,CL0325,P058,23/03/2024,4,579.26,KO,kech,Carte,LIV2,
CMD40911,CL0370,P077,2024-05-01,1,2708.8,en_cours,CASABLANCA,Carte,LIV6,
CMD20436,CL0844,P078,Jan 30 2023,5,1484.51,livré,RBA,Carte,LIV5,2023-02-04
CMD04484,CL0702,P046,19/04/2023,4,796.13,livré,kech,Carte,LIV4,2023-04-23
CMD44607,CL0551,P072,2024-05-05,2,1176.35,livré,TANGER,Carte,LIV8,2024-05-08
CMD00495,CL0506,P039,23/03/2023,2,1049.79,livré,Agadir,Carte,LIV7,2023-03-28
CMD02450,CL0400,P040,2023-05-18,5,2691.65,livré,casa,Carte,LIV6,2023-05-22
CMD44653,CL0771,P014,2023-06-04,5,112.93,livré,kech,Carte,LIV2,2023-06-08
CMD37979,CL0470,P092,2024-01-18,4,3758.44,en_cours,TNG,Carte,LIV10,
CMD22551,CL0785,P081,17/04/2024,2,787.74,livré,CASABLANCA,Carte,LIV2,2024-04-22
CMD46545,CL0368,P032,2024-02-09,3,1769.32,LIVRE,RBA,Carte,LIV5,2024-02-13
CMD41874,CL0141,P099,Oct 09 2023,1,0,DONE,tanger,Carte,LIV9,2023-10-12
CMD32045,CL0689,P060,16/01/2023,4,1737.78,livre,Tnja,Carte,LIV9,
CMD03445,CL0440,P050,Aug 14 2023,4,1080.13,LIVRE,Agadir,Carte,LIV6,2023-08-18
CMD19294,CL0386,P080,14/05/2023,4,3787.79,retourné,casa,Carte,LIV7,2023-05-18
CMD23019,CL0612,P067,28/08/2023,3,2832.6,OK,casa,Carte,LIV4,
CMD06254,CL0540,P067,Aug 18 2023,5,3195.49,annulé,kech,Carte,LIV3,
CMD45179,CL0140,P072,09/04/2024,4,1484.95,retourné,marrakech,Carte,LIV4,2024-04-10
CMD37598,CL0822,P083,Apr 21 2024,2,4061.96,en_cours,RBA,Carte,LIV8,
CMD24863,CL0221,P074,Aug 18 2023,5,2989.08,KO,Agadir,Carte,LIV2,
CMD37197,CL0397,P056,2023-11-04,1,462.69,livré,RBA,Carte,LIV7,2023-11-08
CMD26309,CL0035,P032,2023-01-30,2,208.98,livré,TANGER,Carte,LIV10,2023-02-03
CMD30685,CL0156,P090,10/05/2024,1,4077.02,livré,marrakech,Carte,LIV1,2024-05-11
CMD33795,CL0817,P099,18/03/2024,3,4274.85,annulé,marrakech,Carte,LIV2,
CMD19413,CL0185,P043,13/04/2024,5,1052.91,LIVRE,Agadir,Carte,LIV3,2024-04-18
CMD42700,CL0168,P006,Dec 09 2023,1,409.23,retourné,RBA,Carte,LIV9,2023-12-11
CMD26296,CL0344,P003,Feb 16 2023,5,3240.8,livré,Agadir,Carte,LIV6,2023-02-17
CMD16381,CL0431,P027,05/09/2023,1,2974.84,livre,Tnja,Carte,LIV7,
CMD47232,CL0325,P025,30/12/2023,2,736.89,DONE,tanger,Carte,LIV8,2024-01-02
CMD24055,CL0231,P016,14/02/2023,1,1813.32,LIVRE,kech,Carte,LIV8,2023-02-15
CMD19072,CL0273,P070,2023-10-23,4,3857.44,livre,CASABLANCA,Carte,LIV1,
CMD38202,CL0851,P061,08/12/2023,2,2010.26,annulé,RBA,Carte,LIV7,
CMD04103,CL0300,P060,2023-12-31,2,160.37,DONE,marrakech,Carte,LIV7,2024-01-04
CMD17754,CL0331,P052,Apr 16 2023,3,498.12,retourné,casa,Carte,LIV4,2023-04-19
CMD48004,CL0132,P007,18/06/2023,3,1877.8,DONE,tanger,Carte,,2023-06-23
CMD42757,CL0620,P014,12/01/2023,1,308.37,annulé,TANGER,Carte,LIV4,
CMD25981,CL0863,P019,Jan 22 2023,3,1074.29,retourné,tanger,Carte,LIV7,2023-01-27
CMD47390,CL0185,P088,30/04/2024,4,2742.21,retourné,TANGER,Carte,LIV5,2024-05-05
CMD02994,CL0636,P080,2023-02-19,5,524.15,livré,Tnja,Carte,LIV9,2023-02-23
CMD27527,CL0027,P034,30/06/2023,2,4827.43,LIVRE,tanger,Carte,LIV7,2023-07-02
CMD44805,CL0921,P041,2023-07-21,1,2801.01,annulé,marrakech,Carte,LIV4,
CMD25603,CL0697,P028,Sep 24 2023,5,559.3,DONE,RBA,Carte,LIV2,2023-09-25
CMD05604,CL0736,P047,2024-05-06,5,0,retourné,TANGER,Carte,LIV1,2024-05-09
CMD30510,CL0770,P017,03/09/2023,5,2360.88,KO,Agadir,Carte,LIV10,
CMD29216,CL0956,P058,Nov 04 2023,4,4891.91,DONE,TNG,Carte,LIV9,2023-11-09
CMD13377,CL0232,P012,16/09/2023,2,1554.26,annulé,casa,Carte,LIV9,
CMD30311,CL0827,P097,2023-03-28,2,2221.45,annulé,marrakech,Carte,LIV1,
CMD13563,CL0709,P050,01/09/2023,1,2751.19,livre,TANGER,Carte,LIV5,
CMD04045,CL0469,P096,Jan 12 2023,5,2365.32,livré,Agadir,Carte,LIV9,2023-01-13
CMD12421,CL0702,P051,24/04/2024,4,3589.97,livré,marrakech,Carte,LIV9,2024-04-25
CMD05411,CL0823,P090,Jan 13 2023,5,1580.86,LIVRE,CASABLANCA,Carte,LIV9,2023-01-18
CMD13838,CL0529,P017,2024-01-06,3,4415.56,en_cours,casa,Carte,LIV10,
CMD27252,CL0366,P034,2023-04-12,1,3166.37,OK,Tnja,Carte,LIV3,
CMD30156,CL0637,P075,13/08/2023,3,2471.24,livré,TNG,Carte,LIV4,2023-08-17
CMD09405,CL0379,P058,10/12/2023,3,162.73,livré,kech,Carte,LIV7,2023-12-12
CMD07125,CL0201,P071,26/10/2023,4,3022.1,annulé,casa,Carte,LIV6,
CMD04991,CL0040,P030,13/04/2023,2,223.69,livré,Agadir,Carte,LIV5,2023-04-15
CMD46833,CL0061,P098,Apr 24 2023,4,4019.34,livré,kech,Carte,LIV8,2023-04-26
CMD28963,CL0311,P094,02/04/2024,5,3906.53,LIVRE,TNG,Carte,LIV6,2024-04-03
CMD35861,CL0097,P080,Nov 27 2023,1,2501.81,retourné,casa,Carte,LIV3,2023-11-30
CMD33012,CL0023,P029,Jun 26 2023,1,3751.34,OK,tanger,Carte,LIV7,
CMD33887,CL0777,P031,Aug 22 2023,3,4548.4,KO,tanger,Carte,LIV1,
CMD04501,CL0238,P001,21/10/2023,1,3638.58,DONE,Agadir,Carte,LIV2,2023-10-24
CMD32246,CL0514,P016,Jan 18 2023,5,3060.54,KO,marrakech,Carte,LIV4,
CMD27610,CL0725,P074,Jan 16 2023,1,661.26,en_cours,CASABLANCA,Carte,LIV1,
CMD47222,CL0568,P032,2023-10-23,3,539.93,OK,marrakech,Carte,LIV4,
CMD18534,CL0956,P065,Feb 20 2024,3,2839.74,LIVRE,Agadir,Carte,LIV8,2024-02-22
CMD23626,CL0396,P034,2023-07-12,5,969.52,LIVRE,tanger,Carte,LIV5,2023-07-14
CMD19262,CL0167,P028,27/09/2023,5,4381.1,KO,TANGER,Carte,LIV10,
CMD23443,CL0997,P098,2023-03-03,4,3626.36,livré,tanger,Carte,LIV8,2023-03-08
CMD35772,CL0516,P065,2023-03-19,3,757.03,annulé,kech,Carte,,
CMD13871,CL0971,P049,Oct 09 2023,3,2203.07,en_cours,Tnja,Carte,LIV3,
CMD44524,CL0066,P065,Feb 09 2023,4,1378.47,KO,casa,Carte,LIV3,
CMD31731,CL0966,P044,May 19 2023,1,4313.81,OK,TNG,Carte,LIV1,
CMD22462,CL0825,P057,26/07/2023,5,4746.14,livre,kech,Carte,LIV6,
CMD11625,CL0018,P028,2024-01-25,2,3722.1,OK,casa,Carte,LIV1,
CMD12195,CL0280,P083,2024-02-18,3,3763.2,livré,CASABLANCA,Carte,LIV10,2024-02-22
CMD17748,CL0462,P075,14/09/2023,1,1364.95,KO,RBA,Carte,LIV2,
CMD04302,CL0794,P031,21/11/2023,4,393.29,livré,TNG,Carte,LIV5,2023-11-22
CMD10952,CL0305,P007,14/07/2023,3,4473.35,retourné,marrakech,Carte,LIV8,2023-07-17
CMD32989,CL0559,P013,2023-05-13,2,3490.28,livré,CASABLANCA,Carte,LIV10,2023-05-18
CMD20385,CL0556,P087,17/03/2024,1,1447.1,livré,Tnja,Carte,LIV4,2024-03-21
CMD06661,CL0024,P093,2023-12-10,1,3713.9,livré,casa,Carte,LIV7,2023-12-13
CMD29613,CL0570,P015,07/07/2023,2,1759.87,livré,marrakech,Carte,LIV4,2023-07-11
CMD17317,CL0941,P073,2023-09-28,3,2961.78,DONE,casa,Carte,LIV1,2023-10-03
CMD03494,CL0412,P050,24/07/2023,3,3548.93,livré,TANGER,Carte,LIV2,2023-07-29
CMD37324,CL0653,P068,17/01/2023,2,1030.56,annulé,marrakech,Carte,LIV10,
CMD02539,CL0598,P002,2024-01-30,3,737.32,livre,Agadir,Carte,LIV7,
CMD34959,CL0762,P043,2023-11-26,2,2752.8,retourné,RBA,Carte,LIV2,2023-12-01
CMD12140,CL0601,P013,2023-07-22,1,383.65,DONE,RBA,Carte,LIV5,2023-07-24
CMD22067,CL0698,P067,2023-10-06,1,287.45,livré,marrakech,Carte,LIV9,2023-10-09
CMD11160,CL0925,P091,2024-01-27,5,2265.34,DONE,Tnja,Carte,LIV2,2024-01-29
CMD27912,CL0912,P029,20/08/2023,2,1037.93,livré,TANGER,Carte,LIV8,2023-08-22
CMD08879,CL0190,P063,17/02/2024,3,1248.78,livré,casa,Carte,LIV3,2024-02-19
CMD48284,CL0359,P058,27/05/2023,1,1560.87,KO,Tnja,Carte,LIV4,
CMD38485,CL0616,P066,Mar 23 2024,1,1982.22,livré,marrakech,Carte,LIV8,2024-03-27
CMD00071,CL0471,P072,Apr 29 2024,4,909.79,livre,tanger,Carte,LIV6,
CMD32613,CL0416,P027,07/11/2023,2,497.25,livré,marrakech,Carte,LIV10,2023-11-10
CMD47930,CL0844,P100,Mar 11 2024,3,696.86,livré,casa,Carte,LIV4,2024-03-13
CMD46557,CL0128,P025,2023-09-13,3,3448.9,annulé,casa,Carte,LIV2,
CMD43646,CL0291,P025,13/09/2023,5,3160.86,DONE,kech,Carte,LIV3,2023-09-17
CMD43142,CL0862,P014,Jul 06 2023,4,709.98,retourné,TNG,Carte,LIV5,2023-07-09
CMD45830,CL0965,P026,2024-02-14,2,2958.36,OK,marrakech,Carte,LIV3,
CMD48146,CL0219,P081,Apr 02 2024,1,244.62,LIVRE,marrakech,Carte,LIV6,2024-04-04
CMD09773,CL0762,P069,2023-04-16,5,3932.96,retourné,marrakech,Carte,LIV5,2023-04-21
CMD09420,CL0731,P076,22/07/2023,1,3458.28,livre,TNG,Carte,LIV8,
CMD19400,CL0113,P098,2023-06-21,3,3133.08,DONE,tanger,Carte,LIV1,2023-06-23
CMD47592,CL0716,P010,Jul 23 2023,1,2796.26,livré,Agadir,Carte,LIV6,2023-07-25
CMD04706,CL0503,P048,26/05/2023,4,2078.72,DONE,kech,Carte,LIV7,2023-05-30
CMD31649,CL0083,P092,2024-04-14,4,2507.2,livre,tanger,Carte,LIV3,
CMD19426,CL0528,P090,2023-01-18,3,2346.69,OK,Tnja,Carte,LIV2,
CMD25968,CL0725,P032,29/08/2023,1,4334.64,livré,kech,Carte,LIV8,2023-09-02
CMD15033,CL0389,P100,08/02/2023,1,283.48,DONE,Tnja,Carte,LIV7,2023-02-11
CMD17420,CL0254,P034,15/06/2023,5,2257.06,OK,CASABLANCA,Carte,,
CMD00309,CL0597,P057,2023-06-12,4,346.53,livré,Agadir,Carte,LIV2,2023-06-16
CMD03662,CL0376,P093,16/04/2024,2,771.78,KO,RBA,Carte,LIV1,
CMD31934,CL0874,P059,2023-03-09,4,572.25,KO,CASABLANCA,Carte,LIV4,
CMD22053,CL0296,P044,2024-01-11,3,4396.46,OK,TNG,Carte,LIV9,
CMD00189,CL0926,P058,Jun 24 2023,5,2975.89,KO,TNG,Carte,LIV1,
CMD37642,CL0986,P065,12/08/2023,2,275.24,OK,TANGER,Carte,LIV5,
CMD16110,CL0176,P080,27/03/2023,2,2427.13,annulé,TNG,Carte,LIV9,
CMD15780,CL0224,P083,2023-07-07,4,1624.45,LIVRE,marrakech,Carte,LIV1,2023-07-12
CMD21691,CL0127,P014,07/05/2024,5,236.34,KO,tanger,Carte,LIV10,
CMD05963,CL0551,P014,2023-03-31,2,3284.37,livré,tanger,Carte,LIV9,2023-04-03
CMD36744,CL0282,P018,Feb 28 2023,5,2614.06,KO,RBA,Carte,LIV8,
CMD02774,CL0599,P076,2023-04-19,5,638.8,livré,marrakech,Carte,LIV5,2023-04-24
CMD36290,CL0409,P027,18/09/2023,1,2580.6,livré,TNG,Carte,LIV4,2023-09-22
CMD39375,CL0911,P023,2023-08-12,4,2695.12,livré,tanger,Carte,LIV2,2023-08-16
CMD39318,CL0948,P009,11/03/2024,2,688.41,LIVRE,marrakech,Carte,LIV1,2024-03-12
CMD07072,CL0423,P016,22/01/2024,5,3490.02,livré,TNG,Carte,LIV5,2024-01-26
CMD39283,CL0627,P086,Oct 11 2023,3,0,annulé,Tnja,Carte,LIV8,
CMD37843,CL0615,P077,30/12/2023,4,1149.41,livré,TANGER,Carte,LIV4,2023-12-31
CMD22109,CL0277,P027,31/01/2023,5,1627.99,retourné,marrakech,Carte,LIV9,2023-02-02
CMD12976,CL0333,P012,2024-01-17,4,0,livré,casa,Carte,LIV3,2024-01-22
CMD17071,CL0468,P068,2024-04-28,2,2469.33,DONE,TNG,Carte,LIV8,2024-04-30
CMD46138,CL0822,P098,16/09/2023,5,2062.9,annulé,Tnja,Carte,LIV4,
CMD12135,CL0751,P003,2023-06-23,2,3340.28,KO,TNG,Carte,LIV2,
CMD31815,CL0735,P032,2024-04-14,3,663.31,en_cours,tanger,Carte,LIV5,
CMD16391,CL0211,P021,2024-03-17,3,63.24,livre,CASABLANCA,Carte,LIV5,
CMD20871,CL0136,P062,2024-01-25,4,422.71,livre,RBA,Carte,LIV6,
CMD22979,CL0471,P099,2023-05-26,5,1187.89,en_cours,casa,Carte,LIV5,
CMD22124,CL0375,P098,29/12/2023,5,4495.04,livré,TANGER,Carte,LIV4,2023-12-30
CMD32551,CL0983,P035,2023-01-09,1,713.67,en_cours,TANGER,Carte,LIV8,
CMD28460,CL0550,P083,Feb 17 2023,2,1384.14,OK,TNG,Carte,LIV1,
CMD25871,CL0695,P012,30/03/2024,2,3662.53,annulé,kech,Carte,LIV7,
CMD01282,CL0825,P033,Jan 07 2023,1,2895.86,LIVRE,marrakech,Carte,LIV6,2023-01-09
CMD28493,CL0283,P053,2023-07-16,1,2550.25,annulé,tanger,Carte,LIV4,
CMD35022,CL0125,P088,18/07/2023,1,4219.55,livré,marrakech,Carte,LIV5,2023-07-21
CMD05211,CL0105,P007,2024-04-24,2,3259.51,en_cours,kech,Carte,LIV6,
CMD23495,CL0039,P090,04/08/2023,-1,4658.73,livré,Tnja,Carte,LIV6,2023-08-08
CMD05304,CL0272,P046,13/02/2024,3,655.85,livré,CASABLANCA,Carte,LIV8,2024-02-15
CMD22997,CL0928,P051,2023-06-11,5,3790.96,livré,tanger,Carte,,2023-06-12
CMD44250,CL0626,P022,2024-03-16,5,4037.01,livré,Tnja,Carte,LIV8,2024-03-21
CMD12082,CL0403,P005,14/08/2023,5,4600.67,livré,tanger,Carte,LIV1,2023-08-18
CMD42130,CL0970,P060,11/06/2023,3,4080.71,livré,RBA,Carte,LIV5,2023-06-13
CMD28410,CL0465,P083,Jun 28 2023,4,1832.98,livré,Tnja,Carte,LIV1,2023-07-01
CMD41065,CL0216,P064,2023-10-16,3,3562.7,OK,TANGER,Carte,LIV3,
CMD06580,CL0636,P080,Oct 19 2023,5,1536.44,KO,TANGER,Carte,LIV5,
CMD33395,CL0166,P045,2024-05-04,2,2849.65,KO,tanger,Carte,,
CMD05780,CL0641,P027,2023-01-21,1,618.12,livre,kech,Carte,LIV7,
CMD46794,CL0824,P034,Dec 28 2023,4,2294.14,DONE,TANGER,Carte,LIV10,2023-12-31
CMD19178,CL0655,P010,Feb 05 2023,2,1263.28,livré,kech,Carte,LIV9,2023-02-06
CMD01182,CL0183,P068,08/03/2023,1,486.43,livré,Agadir,Carte,LIV10,2023-03-11
CMD29056,CL0200,P018,07/10/2023,5,3069.86,LIVRE,tanger,Carte,LIV1,2023-10-10
CMD33254,CL0514,P026,2024-01-27,4,3559.8,OK,TNG,Carte,LIV6,
CMD17464,CL0395,P047,13/09/2023,1,3683.78,annulé,TANGER,Carte,LIV9,
CMD38591,CL0246,P048,Mar 16 2023,2,1672.05,KO,casa,Carte,LIV6,
CMD46856,CL0365,P062,2024-02-28,1,4402.65,KO,Agadir,Carte,LIV1,
CMD29300,CL0087,P025,2023-06-09,5,517.39,DONE,marrakech,Carte,LIV2,2023-06-13
CMD02181,CL0427,P081,15/08/2023,5,3064.83,LIVRE,casa,Carte,,2023-08-17
CMD03598,CL0861,P066,26/01/2024,5,2128.93,DONE,marrakech,Carte,LIV7,2024-01-27
CMD47667,CL0993,P003,2023-12-28,5,997.47,livre,marrakech,Carte,LIV8,
CMD29019,CL0167,P026,09/12/2023,5,3362.67,livré,kech,Carte,LIV8,2023-12-12
CMD19124,CL0874,P045,2023-09-26,3,4150.65,livre,RBA,Carte,LIV6,
CMD45196,CL0496,P016,10/04/2023,1,2512.52,retourné,TANGER,Carte,LIV10,2023-04-15
CMD13439,CL0113,P009,2024-02-08,1,3142.09,livre,marrakech,Carte,LIV4,
CMD22395,CL0908,P091,2023-06-16,3,2371.48,livré,kech,Carte,,2023-06-18
CMD16402,CL0481,P041,2024-01-04,3,4988.45,livré,Agadir,Carte,LIV4,2024-01-05
CMD28453,CL0509,P006,2024-03-16,5,3414.75,livré,casa,Carte,LIV1,2024-03-21
CMD43025,CL0494,P073,2024-04-22,1,4869.14,livre,tanger,Carte,LIV4,
CMD28839,CL0218,P091,2023-08-28,5,4034.32,LIVRE,casa,Carte,LIV5,2023-09-01
CMD13147,CL0520,P054,2023-12-20,1,2864.89,LIVRE,TANGER,Carte,LIV8,2023-12-25
CMD38381,CL0075,P017,09/11/2023,3,4939.04,livré,TNG,Carte,LIV8,2023-11-10
CMD36353,CL0486,P095,25/02/2023,2,3332.48,annulé,TNG,Carte,LIV5,
CMD08957,CL0309,P022,Aug 14 2023,3,4286.65,en_cours,marrakech,Carte,LIV2,
CMD28400,CL0569,P013,Jun 02 2023,1,337.46,KO,CASABLANCA,Carte,LIV5,
CMD22578,CL0039,P032,28/10/2023,4,4155.49,annulé,CASABLANCA,Carte,LIV1,
CMD16571,CL0973,P045,Jul 21 2023,2,122.18,livré,Tnja,Carte,LIV6,2023-07-26
CMD19903,CL0033,P058,2024-01-12,1,508.71,livre,casa,Carte,LIV2,
CMD47589,CL0198,P022,09/07/2023,3,2506.97,retourné,TNG,Carte,,2023-07-10
CMD40030,CL0854,P042,2023-09-09,1,4652.57,retourné,RBA,Carte,LIV2,2023-09-11
CMD27780,CL0276,P090,Aug 11 2023,4,2065.52,OK,TANGER,Carte,LIV6,
CMD25697,CL0505,P010,2023-12-07,2,105.74,OK,CASABLANCA,Carte,LIV1,
CMD09585,CL0430,P043,2023-07-27,3,3770.01,livré,Agadir,Carte,LIV1,2023-07-29
CMD19135,CL0197,P046,2023-01-09,2,1548.37,DONE,Agadir,Carte,LIV4,2023-01-13
CMD31700,CL0579,P052,Jul 06 2023,4,1713.03,livré,TANGER,Carte,LIV7,2023-07-08
CMD05370,CL0002,P002,Jun 03 2023,1,2724.9,livre,casa,Carte,LIV5,
CMD10715,CL0363,P021,Oct 21 2023,5,2006.27,DONE,marrakech,Carte,LIV6,2023-10-24
CMD08678,CL0499,P014,02/05/2024,2,4571.31,livré,Tnja,Carte,LIV10,2024-05-06
CMD12570,CL0942,P033,Aug 06 2023,3,998.25,en_cours,casa,Carte,LIV9,
CMD04857,CL0617,P025,2023-04-27,3,347.55,DONE,kech,Carte,LIV1,2023-05-01
CMD19303,CL0842,P072,Nov 14 2023,3,3781.07,LIVRE,marrakech,Carte,LIV10,2023-11-17
CMD35801,CL0974,P051,Mar 15 2023,1,433.52,livré,Agadir,Carte,LIV8,2023-03-19
CMD12115,CL0211,P053,Mar 18 2023,5,1274.57,livré,RBA,Carte,LIV7,2023-03-20
CMD19508,CL0697,P059,Aug 15 2023,3,2891.94,livré,Tnja,Carte,LIV6,2023-08-18
CMD13290,CL0476,P051,2023-06-09,4,2266.33,livre,Tnja,Carte,LIV3,
CMD26425,CL0927,P090,2024-03-16,5,3508.93,retourné,TANGER,Carte,LIV7,2024-03-19
CMD27513,CL0964,P083,2023-08-28,3,3706.76,retourné,Agadir,Carte,LIV2,2023-08-29
CMD29147,CL0176,P007,20/05/2023,2,962.93,livré,tanger,Carte,LIV6,2023-05-25
CMD11536,CL0993,P030,15/02/2023,3,4407.84,DONE,tanger,Carte,LIV5,2023-02-18
CMD39577,CL0886,P007,30/10/2023,4,178.14,livré,RBA,Carte,LIV5,2023-10-31
CMD26858,CL0123,P095,Apr 29 2023,5,688.07,annulé,RBA,Carte,LIV3,
CMD01425,CL0288,P026,Jun 17 2023,4,4308.64,livré,TANGER,Carte,,2023-06-20
CMD32073,CL0173,P082,14/09/2023,4,239.09,annulé,tanger,Carte,LIV9,
CMD32752,CL0293,P039,03/09/2023,4,2837.05,livré,tanger,Carte,LIV1,2023-09-07
CMD42087,CL0335,P048,06/10/2023,4,4333.35,livré,Agadir,Carte,LIV5,2023-10-09
CMD27700,CL0643,P039,28/10/2023,1,4919.19,livré,marrakech,Carte,LIV6,2023-10-31
CMD39392,CL0480,P038,03/10/2023,4,2855.0,DONE,Agadir,Carte,LIV2,2023-10-08
CMD34728,CL0601,P071,10/05/2024,3,3971.42,livré,marrakech,Carte,LIV9,2024-05-15
CMD20625,CL0423,P023,2024-01-06,4,750.28,DONE,RBA,Carte,,2024-01-09
CMD45476,CL0414,P096,17/03/2024,2,0,livre,TANGER,Carte,LIV2,
CMD07182,CL0220,P078,May 01 2023,1,1135.4,livre,TANGER,Carte,LIV5,
CMD38993,CL0620,P075,Apr 28 2023,5,249.6,DONE,casa,Carte,LIV5,2023-04-30
CMD46712,CL0008,P087,2024-04-27,3,780.5,LIVRE,TNG,Carte,LIV7,2024-05-01
CMD28544,CL0008,P067,Jul 23 2023,3,2654.21,livré,marrakech,Carte,LIV2,2023-07-24
CMD17202,CL0011,P001,Dec 21 2023,1,801.42,DONE,kech,Carte,LIV1,2023-12-24
CMD27105,CL0188,P003,Apr 20 2024,3,0,livré,TANGER,Carte,LIV8,2024-04-23
CMD10480,CL0180,P027,23/08/2023,4,1799.61,annulé,CASABLANCA,Carte,,
CMD23910,CL0684,P048,07/04/2024,-1,3125.55,LIVRE,RBA,Carte,LIV2,2024-04-10
CMD29354,CL0884,P053,12/02/2024,2,1899.89,retourné,marrakech,Carte,LIV9,2024-02-15
CMD25632,CL0393,P093,Jan 11 2023,1,3367.07,LIVRE,casa,Carte,LIV10,2023-01-14
CMD05231,CL0880,P075,22/03/2024,3,722.12,livré,casa,Carte,LIV8,2024-03-24
CMD23311,CL0580,P036,16/10/2023,2,4011.98,en_cours,Agadir,Carte,LIV8,
CMD26496,CL0738,P034,2024-01-20,3,1033.82,en_cours,casa,Carte,LIV10,
CMD36410,CL0979,P042,11/08/2023,5,1436.82,KO,tanger,Carte,LIV10,
CMD02529,CL0360,P088,15/07/2023,5,3040.08,OK,CASABLANCA,Carte,LIV1,
CMD07539,CL0764,P008,2023-02-06,5,1369.99,LIVRE,TANGER,Carte,LIV6,2023-02-07
CMD07969,CL0801,P001,06/05/2023,4,1875.74,livre,marrakech,Carte,LIV3,
CMD42303,CL0469,P039,Apr 16 2023,5,1166.17,annulé,RBA,Carte,LIV2,
CMD37127,CL0315,P054,12/03/2023,2,2363.8,livré,RBA,Carte,LIV4,2023-03-14
CMD38950,CL0842,P095,13/05/2024,5,91.3,livré,RBA,Carte,LIV3,2024-05-18
CMD10313,CL0529,P084,2023-02-19,3,2631.1,KO,CASABLANCA,Carte,LIV6,
CMD11862,CL0804,P066,Oct 23 2023,2,4691.45,livre,Agadir,Carte,LIV5,
CMD12605,CL0998,P088,2023-12-31,5,0,en_cours,TANGER,Carte,LIV7,
CMD28941,CL0346,P023,08/06/2023,5,850.64,en_cours,marrakech,Carte,LIV8,
CMD32670,CL0592,P042,Jun 25 2023,3,141.52,livré,marrakech,Carte,,2023-06-28
CMD27624,CL0914,P100,2024-04-18,1,997.39,retourné,kech,Carte,LIV3,2024-04-21
CMD38554,CL0403,P080,2023-08-10,2,537.91,KO,TANGER,Carte,LIV1,
CMD13318,CL0633,P089,2023-09-03,4,4826.61,KO,kech,Carte,LIV7,
CMD27501,CL0401,P087,16/03/2023,1,4189.81,retourné,RBA,Carte,LIV1,2023-03-17
CMD08333,CL0742,P056,15/03/2023,4,4552.57,KO,tanger,Carte,LIV1,
CMD24310,CL0585,P091,18/01/2024,3,1233.93,livré,RBA,Carte,LIV3,2024-01-23
CMD17267,CL0785,P060,25/05/2023,2,3261.88,livré,RBA,Carte,LIV1,2023-05-27
CMD26077,CL0676,P017,Nov 04 2023,4,1133.96,livré,Tnja,Carte,LIV9,2023-11-08
CMD14037,CL0868,P019,Apr 21 2024,2,318.97,OK,kech,Carte,LIV6,
CMD16442,CL0467,P074,Apr 06 2024,5,3280.49,livré,CASABLANCA,Carte,LIV1,2024-04-09
CMD12975,CL0652,P034,18/12/2023,4,302.66,livré,RBA,Carte,LIV5,2023-12-21
CMD06169,CL0267,P018,Mar 05 2023,4,444.37,en_cours,TANGER,Carte,LIV4,
CMD31431,CL0399,P048,2023-04-27,1,1949.7,DONE,tanger,Carte,LIV8,2023-04-30
CMD35195,CL0519,P094,2023-01-19,-1,721.27,retourné,kech,Carte,LIV6,2023-01-23
CMD17424,CL0737,P064,Apr 09 2024,4,3840.67,livre,marrakech,Carte,LIV8,
CMD10308,CL0969,P090,Jan 23 2024,3,4115.5,retourné,Tnja,Carte,,2024-01-24
CMD17873,CL0460,P085,14/04/2024,1,3520.71,DONE,casa,Carte,LIV1,2024-04-16
CMD20300,CL0167,P038,20/05/2023,3,628.55,livré,Tnja,Carte,LIV4,2023-05-23
CMD36437,CL0234,P094,Mar 27 2023,3,2703.0,livré,RBA,Carte,LIV7,2023-03-30
CMD42044,CL0978,P086,2023-04-22,1,1084.99,LIVRE,TNG,Carte,LIV9,2023-04-27
CMD33375,CL0393,P096,12/05/2024,3,2850.55,LIVRE,RBA,Carte,LIV2,2024-05-14
CMD47103,CL0626,P063,Dec 17 2023,5,3007.84,retourné,Agadir,Carte,LIV1,2023-12-19
CMD01556,CL0474,P037,May 29 2023,5,3124.47,retourné,tanger,Carte,LIV1,2023-06-03
CMD24745,CL0626,P061,2023-06-09,4,362.79,OK,TNG,Carte,LIV3,
CMD40742,CL0980,P053,11/04/2023,2,1190.03,livré,marrakech,Carte,LIV4,2023-04-14
CMD26624,CL0811,P059,Jan 23 2023,4,3626.44,livre,Tnja,Carte,LIV10,
CMD33688,CL0015,P051,10/12/2023,2,4897.5,livré,Agadir,Carte,LIV1,2023-12-11
CMD18541,CL0588,P065,25/03/2023,3,3364.28,livré,Tnja,Carte,LIV2,2023-03-26
CMD29037,CL0992,P071,Dec 31 2023,2,3374.0,en_cours,CASABLANCA,Carte,,
CMD19836,CL0240,P046,2023-02-26,3,4133.99,retourné,marrakech,Carte,LIV8,2023-02-27
CMD37649,CL0417,P090,2023-11-10,1,4688.48,livré,TANGER,Carte,LIV6,2023-11-13
CMD37527,CL0850,P024,Dec 14 2023,4,4280.51,OK,Agadir,Carte,LIV8,
CMD06704,CL0068,P025,26/09/2023,1,57.01,livré,Agadir,Carte,LIV8,2023-10-01
CMD25704,CL0454,P050,2023-02-22,3,1198.33,livré,CASABLANCA,Carte,LIV2,2023-02-23
CMD00704,CL0815,P098,Feb 05 2024,1,0,livre,TNG,Carte,LIV3,
CMD36577,CL0051,P027,2023-06-04,5,1472.95,OK,TANGER,Carte,LIV7,
CMD12547,CL0615,P038,2023-02-04,1,1033.55,livré,CASABLANCA,Carte,LIV7,2023-02-05
CMD07326,CL0748,P011,09/02/2023,1,0,en_cours,TNG,Carte,LIV1,
CMD38415,CL0293,P006,2023-06-09,1,849.44,retourné,Agadir,Carte,LIV4,2023-06-10
CMD37875,CL0536,P054,Apr 01 2023,2,2973.51,livré,CASABLANCA,Carte,,2023-04-06
CMD14256,CL0435,P064,25/06/2023,5,1494.67,annulé,Agadir,Carte,LIV1,
CMD17729,CL0787,P032,Nov 25 2023,5,3412.66,DONE,CASABLANCA,Carte,LIV8,2023-11-29
CMD10673,CL0093,P039,09/04/2024,1,4420.46,livré,tanger,Carte,LIV9,2024-04-11
CMD18565,CL0169,P018,15/08/2023,1,1101.77,KO,marrakech,Carte,LIV9,
CMD06116,CL0758,P032,05/03/2024,1,2125.04,KO,RBA,Carte,LIV1,
CMD14549,CL0500,P037,Oct 24 2023,3,3946.36,OK,CASABLANCA,Carte,LIV4,
CMD32113,CL0922,P010,Dec 22 2023,4,2727.8,livre,CASABLANCA,Carte,LIV8,
CMD27118,CL0986,P067,2023-04-03,1,293.33,en_cours,Agadir,Carte,LIV5,
CMD00039,CL0227,P041,19/04/2023,1,3733.6,retourné,casa,Carte,LIV4,2023-04-23
CMD23283,CL0799,P019,2023-11-07,4,2629.05,OK,kech,Carte,LIV5,
CMD22586,CL0914,P044,Aug 18 2023,1,180.03,KO,marrakech,Carte,LIV8,
CMD28268,CL0862,P025,2024-02-18,5,3914.63,livré,Tnja,Carte,LIV4,2024-02-20
CMD11271,CL0393,P036,03/01/2023,5,3576.17,annulé,RBA,Carte,LIV5,
CMD47737,CL0767,P092,2023-10-25,3,2438.32,en_cours,TNG,Carte,LIV8,
CMD18195,CL0479,P048,Mar 24 2024,4,4837.13,LIVRE,tanger,Carte,LIV3,2024-03-29
CMD39643,CL0408,P096,2023-08-20,3,2539.18,LIVRE,RBA,Carte,LIV8,2023-08-24
CMD23310,CL0621,P058,Jan 05 2023,3,3044.66,KO,TANGER,Carte,LIV2,
CMD48011,CL0206,P059,25/10/2023,3,3091.48,livre,marrakech,Carte,LIV8,
CMD20770,CL0948,P025,05/08/2023,2,2749.19,KO,casa,Carte,,
CMD02945,CL0777,P081,2023-09-06,3,4406.04,KO,Tnja,Carte,LIV5,
CMD02714,CL0195,P053,05/06/2023,5,474.06,livré,TNG,Carte,,2023-06-06
CMD35734,CL0040,P007,Jun 07 2023,2,3667.31,DONE,RBA,Carte,LIV8,2023-06-11
CMD04140,CL0738,P069,2024-03-14,1,809.16,livre,Agadir,Carte,LIV3,
CMD39486,CL0465,P090,17/01/2023,5,2672.46,retourné,RBA,Carte,LIV2,2023-01-22
CMD21698,CL0998,P044,20/07/2023,2,2277.47,LIVRE,TNG,Carte,LIV6,2023-07-22
CMD01405,CL0450,P053,Apr 29 2023,4,297.4,livré,Tnja,Carte,LIV2,2023-04-30
CMD00275,CL0375,P059,2023-06-08,1,3665.46,annulé,TNG,Carte,LIV5,
CMD00199,CL0850,P002,2023-04-05,5,0,en_cours,TNG,Carte,LIV1,
CMD08600,CL0284,P080,2023-07-14,2,3424.36,KO,Tnja,Carte,LIV9,
CMD46008,CL0431,P098,01/02/2023,2,682.69,OK,RBA,Carte,LIV6,
CMD03360,CL0605,P011,05/06/2023,1,4461.5,LIVRE,kech,Carte,LIV5,2023-06-09
CMD44770,CL0621,P005,Apr 15 2023,1,2552.68,livré,TANGER,Carte,LIV3,2023-04-16
CMD13672,CL0620,P088,08/02/2024,1,3216.86,livré,tanger,Carte,LIV2,2024-02-10
CMD47354,CL0679,P021,2023-01-05,5,1837.92,DONE,CASABLANCA,Carte,LIV3,2023-01-09
CMD35134,CL0885,P031,2023-09-08,5,2073.41,livre,marrakech,Carte,LIV9,
CMD03707,CL0379,P099,Feb 10 2024,4,2345.07,livre,marrakech,Carte,LIV6,
CMD45997,CL0999,P073,Apr 15 2024,4,526.94,retourné,Tnja,Carte,LIV10,2024-04-20
CMD26437,CL0475,P019,28/09/2023,4,2906.79,annulé,tanger,Carte,LIV7,
CMD16000,CL0891,P092,2023-01-21,3,4433.95,livré,kech,Carte,LIV8,2023-01-24
CMD17684,CL0118,P049,23/03/2024,4,4283.06,en_cours,RBA,Carte,LIV3,
CMD23236,CL0659,P024,2024-01-14,5,3868.11,en_cours,TANGER,Carte,LIV6,
CMD20078,CL0965,P098,02/02/2023,3,79.32,retourné,RBA,Carte,LIV3,2023-02-06
CMD29822,CL0989,P019,11/02/2024,2,3776.18,livré,casa,Carte,LIV2,2024-02-13
CMD34694,CL0994,P014,2023-11-15,1,3699.49,LIVRE,Agadir,Carte,LIV10,2023-11-17
CMD11980,CL0629,P014,2023-11-03,1,2918.06,annulé,tanger,Carte,LIV5,
CMD28031,CL0304,P021,08/02/2023,4,1321.28,livré,RBA,Carte,LIV5,2023-02-12
CMD16429,CL0208,P057,2024-05-02,5,1090.3,LIVRE,tanger,Carte,LIV6,2024-05-07
CMD03820,CL0014,P025,Feb 17 2024,5,1216.09,livre,marrakech,Carte,LIV1,
CMD28908,CL0746,P070,2023-10-01,5,3374.15,en_cours,marrakech,Carte,LIV10,
CMD05134,CL0575,P084,2023-02-08,5,2352.54,en_cours,kech,Carte,LIV5,
CMD20734,CL0448,P075,07/04/2024,4,1646.56,retourné,casa,Carte,LIV1,2024-04-08
CMD36542,CL0415,P017,2023-09-21,4,4067.52,OK,TANGER,Carte,LIV5,
CMD39866,CL0191,P056,Jun 04 2023,5,4010.59,DONE,tanger,Carte,LIV4,2023-06-08
CMD19758,CL0836,P016,2023-01-06,1,1628.75,OK,RBA,Carte,LIV9,
CMD41685,CL0208,P042,2024-01-13,5,2682.36,DONE,CASABLANCA,Carte,LIV10,2024-01-16
CMD42657,CL0069,P075,15/06/2023,5,4963.39,LIVRE,CASABLANCA,Carte,LIV6,2023-06-20
CMD02815,CL0959,P082,Oct 20 2023,4,2477.85,DONE,TNG,Carte,LIV8,2023-10-25
CMD40143,CL0173,P003,Aug 21 2023,3,2826.96,en_cours,TNG,Carte,LIV6,
CMD12787,CL0642,P047,31/01/2024,1,1443.74,retourné,kech,Carte,LIV4,2024-02-02
CMD07935,CL0953,P044,Apr 24 2023,5,4821.86,livre,kech,Carte,LIV5,
CMD15162,CL0897,P043,2024-04-27,1,3088.11,livré,Agadir,Carte,LIV4,2024-04-28
CMD35632,CL0919,P088,07/02/2024,1,1636.96,en_cours,tanger,Carte,LIV5,
CMD06447,CL0870,P033,Mar 06 2023,1,1046.69,en_cours,CASABLANCA,Carte,LIV7,
CMD24281,CL0298,P052,10/01/2024,1,1734.7,livré,casa,Carte,LIV5,2024-01-12
CMD17738,CL0427,P074,2024-03-27,5,3458.3,livré,tanger,Carte,LIV4,2024-03-28
CMD47173,CL0727,P078,Apr 30 2023,4,1114.54,livré,TANGER,Carte,LIV2,2023-05-04
CMD31094,CL0016,P007,2023-11-08,4,3413.93,DONE,RBA,Carte,LIV6,2023-11-10
CMD31830,CL0120,P099,26/09/2023,4,1051.26,annulé,marrakech,Carte,LIV5,
CMD21949,CL0843,P013,10/01/2024,5,3537.32,OK,casa,Carte,LIV5,
CMD16648,CL0122,P079,Jan 29 2024,4,2380.86,KO,TNG,Carte,LIV5,
CMD35809,CL0392,P025,05/05/2024,2,4321.53,LIVRE,Tnja,Carte,LIV10,2024-05-06
CMD31092,CL0935,P014,04/11/2023,1,2620.78,OK,kech,Carte,LIV9,
CMD17764,CL0442,P023,2023-11-09,1,1899.14,KO,casa,Carte,LIV5,
CMD30288,CL0946,P053,2024-01-14,5,708.03,retourné,marrakech,Carte,LIV2,2024-01-17
CMD31480,CL0101,P068,2023-12-06,4,751.96,livré,CASABLANCA,Carte,LIV1,2023-12-11
CMD15704,CL0106,P058,26/08/2023,3,2195.55,livre,marrakech,Carte,LIV10,
CMD01100,CL0263,P053,04/11/2023,2,4642.56,livré,Tnja,Carte,LIV10,2023-11-07
CMD11993,CL0996,P055,21/09/2023,4,655.13,KO,Agadir,Carte,LIV10,
CMD41593,CL0174,P085,Feb 22 2023,1,562.61,LIVRE,marrakech,Carte,LIV3,2023-02-24
CMD43845,CL0821,P092,Oct 14 2023,1,425.43,DONE,CASABLANCA,Carte,LIV6,2023-10-19
CMD38618,CL0781,P029,13/09/2023,1,4186.22,livré,tanger,Carte,LIV1,2023-09-14
CMD11378,CL0807,P082,Oct 08 2023,5,289.12,livré,Agadir,Carte,LIV4,2023-10-11
CMD01970,CL0130,P027,Jul 06 2023,1,0,retourné,tanger,Carte,LIV6,2023-07-09
CMD35313,CL0441,P060,25/12/2023,-1,4072.87,retourné,Agadir,Carte,LIV1,2023-12-28
CMD39235,CL0161,P100,21/01/2024,5,1076.99,livré,RBA,Carte,LIV6,2024-01-22
CMD22768,CL0434,P018,07/03/2024,2,4289.13,livré,marrakech,Carte,LIV5,2024-03-09
CMD43090,CL0611,P018,03/02/2023,2,370.57,livré,tanger,Carte,,2023-02-07
CMD32177,CL0018,P051,12/03/2024,4,1614.66,livré,Agadir,Carte,LIV4,2024-03-17
CMD29819,CL0202,P043,Nov 17 2023,5,2111.67,livré,tanger,Carte,LIV10,2023-11-21
CMD45938,CL0933,P042,2023-05-09,4,1485.76,KO,RBA,Carte,LIV4,
CMD42491,CL0556,P019,2023-11-05,1,4937.4,LIVRE,tanger,Carte,LIV8,2023-11-10
CMD14501,CL0859,P076,2024-03-03,2,2065.98,retourné,Agadir,Carte,LIV1,2024-03-05
CMD05774,CL0192,P094,2023-04-21,3,4303.53,livré,casa,Carte,LIV9,2023-04-25
CMD26146,CL0985,P012,31/10/2023,1,2888.46,retourné,TANGER,Carte,LIV2,2023-11-05
CMD07782,CL0038,P029,2024-02-13,2,3427.71,livré,marrakech,Carte,LIV8,2024-02-18
CMD39602,CL0974,P061,Jan 07 2023,3,3296.2,retourné,CASABLANCA,Carte,LIV1,2023-01-09
CMD19670,CL0822,P075,2023-06-25,2,1469.73,livre,kech,Carte,LIV7,
CMD00842,CL0593,P033,02/04/2023,2,876.48,DONE,CASABLANCA,Carte,LIV7,2023-04-03
CMD21110,CL0230,P081,13/05/2023,4,3096.48,livre,kech,Carte,LIV5,
CMD20048,CL0554,P083,2023-01-10,4,3136.71,retourné,Tnja,Carte,,2023-01-14
CMD15680,CL0515,P056,12/01/2023,2,3502.91,livré,Tnja,Carte,LIV10,2023-01-17
CMD35935,CL0136,P054,Feb 16 2024,4,2762.08,OK,RBA,Carte,LIV7,
CMD23604,CL0218,P080,11/03/2024,3,2998.99,KO,casa,Carte,LIV3,
CMD45712,CL0105,P020,Jul 31 2023,5,4857.62,en_cours,casa,Carte,LIV5,
CMD17427,CL0440,P021,2023-03-07,3,2940.19,retourné,Agadir,Carte,LIV3,2023-03-12
CMD06339,CL0105,P008,05/01/2023,5,2406.53,annulé,marrakech,Carte,LIV6,
CMD45304,CL0545,P008,Jan 31 2023,3,4444.44,retourné,TANGER,Carte,LIV4,2023-02-05
CMD28833,CL0415,P081,Jan 08 2024,2,4244.14,en_cours,tanger,Carte,LIV6,
CMD37068,CL0041,P005,28/08/2023,2,4153.09,annulé,marrakech,Carte,LIV4,
CMD20924,CL0449,P052,2024-04-14,2,1827.85,livre,Tnja,Carte,LIV1,
CMD37374,CL0437,P071,16/01/2024,1,694.95,livré,tanger,Carte,LIV3,2024-01-18
CMD11447,CL0557,P036,2023-08-14,1,1248.11,en_cours,tanger,Carte,LIV7,
CMD32079,CL0491,P033,28/01/2023,1,2222.99,livré,TANGER,Carte,LIV10,2023-01-31
CMD29132,CL0447,P060,2023-01-13,1,4532.58,livré,TNG,Carte,LIV5,2023-01-17
CMD32267,CL0590,P065,27/11/2023,3,3106.72,KO,casa,Carte,LIV6,
CMD24259,CL0318,P039,Jul 21 2023,5,3258.13,livré,Agadir,Carte,LIV5,2023-07-24
CMD07524,CL0310,P073,2023-11-16,4,4647.37,livré,RBA,Carte,,2023-11-20
CMD00956,CL0312,P023,08/06/2023,2,2290.67,KO,TANGER,Carte,LIV10,
CMD06052,CL0862,P064,Aug 23 2023,1,1500.12,OK,casa,Carte,LIV4,
CMD33560,CL0102,P004,06/05/2023,1,1828.68,retourné,Agadir,Carte,LIV6,2023-05-08
CMD40923,CL0089,P075,Jan 19 2023,1,4271.85,LIVRE,kech,Carte,LIV9,2023-01-23
CMD32115,CL0893,P044,Nov 29 2023,1,874.82,KO,kech,Carte,LIV8,
CMD00196,CL0109,P008,2023-03-28,5,1821.33,annulé,CASABLANCA,Carte,LIV4,
CMD27963,CL0782,P023,Jan 28 2023,2,1746.62,DONE,casa,Carte,LIV2,2023-02-02
CMD24827,CL0386,P075,03/01/2023,2,2236.59,livré,TNG,Carte,LIV2,2023-01-06
CMD21337,CL0012,P058,12/08/2023,4,4110.79,annulé,TNG,Carte,LIV4,
CMD21809,CL0671,P062,Feb 12 2023,4,1780.65,livre,casa,Carte,LIV3,
CMD47438,CL0260,P071,Jul 30 2023,1,2410.33,DONE,TANGER,Carte,LIV4,2023-08-02
CMD37591,CL0804,P086,Mar 23 2024,5,81.91,livré,Agadir,Carte,,2024-03-28
CMD24479,CL0303,P096,Aug 10 2023,4,3128.57,OK,CASABLANCA,Carte,LIV6,
CMD26006,CL0867,P092,2023-10-03,1,1286.36,annulé,TNG,Carte,LIV10,
CMD05414,CL0232,P083,Feb 09 2023,4,54.52,livre,Tnja,Carte,LIV1,
CMD19253,CL0650,P035,Nov 11 2023,5,4908.14,KO,casa,Carte,LIV4,
CMD06982,CL0869,P094,2023-10-06,4,1581.13,en_cours,kech,Carte,LIV2,
CMD03795,CL0903,P029,2023-02-14,5,661.52,annulé,marrakech,Carte,LIV6,
CMD01611,CL0804,P019,Feb 29 2024,5,718.79,annulé,marrakech,Carte,LIV2,
CMD41567,CL0265,P048,Mar 01 2023,4,324.25,en_cours,Tnja,Carte,LIV9,
CMD29012,CL0418,P018,2024-03-15,3,3841.32,LIVRE,kech,Carte,LIV5,2024-03-18
CMD27178,CL0642,P012,Mar 12 2024,4,2025.06,livré,CASABLANCA,Carte,LIV7,2024-03-13
CMD45464,CL0458,P035,May 28 2023,2,3698.82,livré,tanger,Carte,LIV6,2023-06-02
CMD05542,CL0886,P036,Nov 07 2023,1,381.39,livre,TANGER,Carte,LIV6,
CMD40680,CL0124,P088,26/01/2024,5,3889.5,livré,kech,Carte,LIV6,2024-01-27
CMD10683,CL0288,P037,2023-02-10,3,1016.1,KO,TANGER,Carte,LIV4,
CMD18020,CL0134,P059,Feb 06 2024,2,4483.9,DONE,kech,Carte,LIV8,2024-02-08
CMD39053,CL0669,P028,06/06/2023,2,1882.62,en_cours,marrakech,Carte,LIV1,
CMD17580,CL0817,P052,Jun 12 2023,5,4505.06,livré,Agadir,Carte,LIV3,2023-06-13
CMD42366,CL0858,P049,12/05/2024,3,214.97,livre,casa,Carte,LIV3,
CMD04588,CL0359,P040,2023-01-08,3,1880.19,retourné,casa,Carte,LIV6,2023-01-12
CMD38712,CL0252,P089,15/03/2023,5,1631.51,annulé,tanger,Carte,LIV9,
CMD29126,CL0853,P050,13/04/2023,3,696.22,KO,kech,Carte,LIV10,
CMD12406,CL0353,P010,Jan 14 2023,2,147.08,en_cours,kech,Carte,LIV8,
CMD29273,CL0572,P086,Apr 23 2024,5,3197.55,OK,TNG,Carte,LIV10,
CMD10921,CL0572,P062,May 11 2023,3,0,livré,CASABLANCA,Carte,LIV9,2023-05-12
CMD46250,CL0634,P060,15/08/2023,5,4621.07,OK,casa,Carte,LIV5,
CMD09605,CL0048,P033,May 01 2023,5,1310.99,annulé,marrakech,Carte,LIV6,
CMD48081,CL0278,P015,Mar 19 2023,3,1143.28,livre,RBA,Carte,LIV2,
CMD15592,CL0548,P044,Feb 02 2024,-1,879.65,LIVRE,marrakech,Carte,LIV5,2024-02-03
CMD36444,CL0627,P021,2023-04-12,3,3831.57,livré,TANGER,Carte,LIV2,2023-04-13
CMD25712,CL0871,P049,24/01/2024,2,2919.15,livre,casa,Carte,LIV9,
CMD27858,CL0478,P055,Jun 14 2023,1,705.12,annulé,TANGER,Carte,LIV6,
CMD08898,CL0420,P035,20/10/2023,1,176.69,OK,tanger,Carte,LIV8,
CMD14945,CL0238,P071,2023-05-25,2,979.02,OK,Tnja,Carte,LIV7,
CMD26184,CL0642,P067,Feb 05 2024,1,4702.78,en_cours,casa,Carte,LIV2,
CMD09613,CL0057,P048,Jul 12 2023,2,2731.8,KO,Tnja,Carte,LIV4,
CMD05748,CL0496,P036,16/10/2023,5,2708.65,livré,kech,Carte,LIV6,2023-10-19
CMD26452,CL0419,P063,27/03/2024,1,3098.91,KO,Tnja,Carte,LIV5,
CMD36429,CL0143,P021,Feb 28 2023,2,3304.19,retourné,marrakech,Carte,LIV9,2023-03-02
CMD35247,CL0321,P007,Aug 03 2023,3,4682.15,DONE,Tnja,Carte,LIV5,2023-08-05
CMD13890,CL0257,P023,27/03/2024,1,4808.21,livré,casa,Carte,LIV10,2024-04-01
CMD25433,CL0067,P035,Feb 27 2023,4,3337.43,retourné,RBA,Carte,LIV9,2023-03-01
CMD18530,CL0402,P052,28/01/2024,3,967.56,KO,casa,Carte,LIV7,
CMD34221,CL0926,P070,Oct 07 2023,5,0,KO,Tnja,Carte,LIV10,
CMD00553,CL0620,P009,Sep 23 2023,4,4279.6,KO,Tnja,Carte,LIV6,
CMD25542,CL0537,P095,Jul 19 2023,3,3488.06,OK,RBA,Carte,LIV1,
CMD17339,CL0645,P053,22/09/2023,3,603.34,OK,RBA,Carte,LIV2,
CMD42256,CL0554,P058,2023-06-21,3,2614.49,livré,TNG,Carte,LIV8,2023-06-24
CMD40050,CL0112,P092,04/03/2024,5,1439.35,retourné,CASABLANCA,Carte,LIV7,2024-03-05
CMD36209,CL0784,P051,18/03/2024,5,3327.81,LIVRE,CASABLANCA,Carte,LIV7,2024-03-22
CMD11552,CL0724,P084,Mar 25 2023,3,3746.97,OK,TNG,Carte,LIV4,
CMD02749,CL0086,P056,2023-04-25,2,3925.3,livre,CASABLANCA,Carte,LIV10,
CMD23596,CL0238,P064,14/11/2023,5,1644.76,livré,CASABLANCA,Carte,LIV3,2023-11-18
CMD23657,CL0047,P006,2023-08-14,4,54.36,KO,kech,Carte,LIV10,
CMD23156,CL0944,P052,Nov 07 2023,4,4611.77,livré,TANGER,Carte,,2023-11-10
CMD35087,CL0857,P027,2024-04-18,1,2949.23,livré,RBA,Carte,LIV6,2024-04-20
CMD07233,CL0318,P051,2023-03-08,3,1071.93,OK,TANGER,Carte,LIV4,
CMD10896,CL0752,P064,Feb 24 2024,5,1596.97,livré,kech,Carte,LIV7,2024-02-25
CMD03189,CL0568,P013,Jan 17 2024,3,1251.18,LIVRE,casa,Carte,LIV3,2024-01-22
CMD40555,CL0483,P049,2024-01-31,2,2465.2,retourné,tanger,Carte,LIV5,2024-02-02
CMD42588,CL0298,P081,19/05/2023,2,3676.4,en_cours,TNG,Carte,LIV5,
CMD25426,CL0819,P088,02/04/2024,3,603.88,livré,tanger,Carte,LIV7,2024-04-04
CMD42159,CL0646,P013,Apr 27 2023,2,661.07,livré,kech,Carte,LIV3,2023-05-01
CMD13375,CL0475,P022,Apr 27 2024,5,2709.28,livré,TNG,Carte,LIV2,2024-04-30
CMD25579,CL0667,P079,Jan 02 2023,3,2567.22,DONE,kech,Carte,LIV8,2023-01-05
CMD14765,CL0836,P049,Oct 29 2023,4,4373.9,livré,TNG,Carte,LIV2,2023-11-01
CMD40038,CL0866,P046,Feb 03 2023,4,2076.73,livré,TNG,Carte,LIV6,2023-02-04
CMD47650,CL0908,P100,18/02/2023,4,3901.3,DONE,TANGER,Carte,LIV10,2023-02-21
CMD21463,CL0116,P100,Apr 05 2024,4,2125.41,annulé,TNG,Carte,LIV3,
CMD18199,CL0901,P019,29/03/2024,4,1577.87,LIVRE,TNG,Carte,LIV2,2024-03-30
CMD24808,CL0304,P040,Mar 10 2023,1,1347.23,OK,marrakech,Carte,LIV8,
CMD44321,CL0914,P070,May 16 2023,5,4850.74,OK,TANGER,Carte,LIV4,
CMD10337,CL0916,P065,16/08/2023,2,4355.35,livré,Tnja,Carte,LIV8,2023-08-17
CMD37941,CL0503,P071,Oct 28 2023,3,2892.86,DONE,Tnja,Carte,LIV10,2023-11-01
CMD42135,CL0401,P030,11/03/2023,2,1800.06,OK,Agadir,Carte,LIV5,
CMD14973,CL0969,P099,2023-10-23,4,2123.03,LIVRE,Agadir,Carte,LIV6,2023-10-26
CMD28989,CL0714,P072,2023-08-23,3,4611.33,livré,CASABLANCA,Carte,LIV9,2023-08-26
CMD43472,CL0040,P040,2023-06-15,1,4687.52,KO,CASABLANCA,Carte,LIV2,
CMD03937,CL0350,P003,2023-01-22,5,3703.71,DONE,Agadir,Carte,LIV10,2023-01-26
CMD38776,CL0208,P067,30/11/2023,1,4318.67,livré,kech,Carte,LIV1,2023-12-04
CMD00036,CL0319,P096,21/09/2023,3,1842.07,retourné,marrakech,Carte,LIV8,2023-09-26
CMD20750,CL0775,P024,18/03/2024,2,240.39,livré,kech,Carte,,2024-03-21
CMD42148,CL0561,P074,Aug 01 2023,5,1820.21,DONE,marrakech,Carte,LIV5,2023-08-05
CMD27016,CL0330,P055,Dec 27 2023,1,2399.03,annulé,marrakech,Carte,LIV9,
CMD38817,CL0657,P038,Mar 05 2023,4,3441.53,retourné,TANGER,Carte,LIV6,2023-03-06
CMD01845,CL0372,P064,2023-07-20,4,3779.37,KO,CASABLANCA,Carte,LIV2,
CMD04581,CL0690,P064,2023-01-22,4,4609.8,OK,RBA,Carte,LIV2,
CMD43755,CL0632,P095,2023-11-27,5,1780.84,annulé,TNG,Carte,LIV3,
CMD38481,CL0723,P006,Dec 12 2023,4,337.05,livré,tanger,Carte,LIV2,2023-12-15
CMD25024,CL0038,P002,Jan 12 2024,1,4804.55,livré,TNG,Carte,LIV9,2024-01-17
CMD07137,CL0091,P096,2023-03-12,3,4276.14,en_cours,kech,Carte,LIV1,
CMD11225,CL0995,P057,2023-08-09,5,2601.71,KO,marrakech,Carte,LIV2,
CMD23637,CL0114,P077,13/06/2023,1,1717.7,livré,tanger,Carte,LIV5,2023-06-15
CMD12302,CL0215,P079,2023-11-27,1,4802.94,livré,TANGER,Carte,LIV2,2023-11-28
CMD07280,CL0751,P091,Sep 29 2023,1,2765.57,retourné,TANGER,Carte,LIV10,2023-09-30
CMD30020,CL0971,P079,28/11/2023,5,1740.92,en_cours,Agadir,Carte,LIV10,
CMD32542,CL0368,P050,21/10/2023,1,1055.64,LIVRE,marrakech,Carte,LIV1,2023-10-26
CMD28843,CL0962,P068,18/03/2023,4,2433.03,en_cours,tanger,Carte,LIV8,
CMD11135,CL0491,P063,Dec 06 2023,3,377.15,livré,casa,Carte,LIV3,2023-12-11
CMD45714,CL0104,P071,Mar 26 2024,1,1811.22,en_cours,CASABLANCA,Carte,LIV9,
CMD16553,CL0097,P066,Jun 14 2023,3,210.8,OK,Tnja,Carte,LIV9,
CMD14225,CL0837,P019,06/04/2023,1,140.79,OK,marrakech,Carte,LIV5,
CMD32382,CL0951,P063,Feb 20 2023,4,4162.92,LIVRE,CASABLANCA,Carte,LIV10,2023-02-23
CMD34024,CL0087,P048,Apr 19 2023,3,879.91,retourné,RBA,Carte,LIV10,2023-04-24
CMD31066,CL0524,P018,Jun 19 2023,2,4901.37,livre,tanger,Carte,LIV2,
CMD22286,CL0548,P086,2024-01-29,1,4913.8,en_cours,Agadir,Carte,LIV10,
CMD00587,CL0676,P100,2023-08-04,5,4335.28,annulé,casa,Carte,LIV4,
CMD13513,CL0215,P071,Jan 07 2024,3,0,livré,Agadir,Carte,LIV4,2024-01-09
CMD34790,CL0607,P065,08/01/2023,2,3888.11,livré,Tnja,Carte,LIV10,2023-01-13
CMD01075,CL0565,P054,2024-03-12,3,1623.04,OK,Tnja,Carte,LIV3,
CMD14146,CL0968,P064,2023-07-15,2,2546.2,OK,CASABLANCA,Carte,LIV3,
CMD17623,CL0622,P068,Feb 10 2023,3,232.15,LIVRE,Tnja,Carte,LIV1,2023-02-12
CMD40665,CL0287,P036,05/09/2023,4,2079.01,DONE,TANGER,Carte,LIV3,2023-09-08
CMD42678,CL0187,P092,2024-04-12,5,3621.01,livré,casa,Carte,LIV2,2024-04-13
CMD30017,CL0927,P079,2023-03-25,4,3436.04,livré,marrakech,Carte,LIV4,2023-03-30
CMD10373,CL0401,P052,19/04/2024,2,4843.62,DONE,TNG,Carte,LIV6,2024-04-23
CMD47426,CL0866,P082,24/12/2023,1,2767.58,OK,RBA,Carte,LIV7,
CMD17453,CL0359,P093,Jun 23 2023,3,2773.61,KO,marrakech,Carte,LIV5,
CMD37644,CL0673,P008,2023-09-13,4,3906.49,livré,tanger,Carte,LIV5,2023-09-15
CMD06750,CL0613,P077,05/11/2023,1,640.13,DONE,Agadir,Carte,LIV1,2023-11-06
CMD34571,CL0653,P006,16/01/2023,2,3904.37,KO,Agadir,Carte,LIV10,
CMD37100,CL0877,P079,04/05/2023,4,3273.36,DONE,RBA,Carte,LIV5,2023-05-09
CMD29261,CL0761,P027,25/05/2023,1,3391.07,OK,Agadir,Carte,LIV9,
CMD08197,CL0328,P026,Jan 13 2023,1,2283.79,livré,casa,Carte,LIV6,2023-01-17
CMD28129,CL0855,P005,2023-12-24,4,4853.14,en_cours,tanger,Carte,LIV6,
CMD27449,CL0327,P011,2023-10-28,4,3625.33,DONE,CASABLANCA,Carte,LIV10,2023-11-02
CMD21693,CL0001,P039,2023-01-31,4,573.94,annulé,TANGER,Carte,LIV6,
CMD13861,CL0040,P097,2023-08-19,4,4344.2,LIVRE,RBA,Carte,LIV3,2023-08-20
CMD13390,CL0437,P067,22/08/2023,5,1430.95,LIVRE,CASABLANCA,Carte,LIV7,2023-08-26
CMD17658,CL0012,P050,2023-12-21,4,3842.89,retourné,Tnja,Carte,LIV7,2023-12-26
CMD25391,CL0138,P056,2023-08-04,2,4522.26,en_cours,kech,Carte,LIV1,
CMD41112,CL0113,P025,18/09/2023,3,471.86,livre,TANGER,Carte,,
CMD32869,CL0549,P044,2023-11-18,1,3226.22,OK,TANGER,Carte,LIV2,
CMD06859,CL0061,P067,2023-01-05,3,126.97,annulé,kech,Carte,,
CMD27582,CL0446,P026,2023-04-12,5,3914.73,LIVRE,kech,Carte,LIV8,2023-04-15
CMD36056,CL0952,P016,29/06/2023,1,4028.89,en_cours,kech,Carte,LIV9,
CMD30719,CL0164,P005,Apr 10 2023,5,1604.55,LIVRE,TNG,Carte,LIV8,2023-04-15
CMD35532,CL0785,P100,2023-12-12,1,4004.42,en_cours,casa,Carte,LIV3,
CMD29191,CL0068,P086,Jan 27 2023,2,1903.7,LIVRE,tanger,Carte,LIV9,2023-02-01
CMD20420,CL0566,P069,2023-04-27,2,4392.45,livré,Agadir,Carte,LIV5,2023-04-30
CMD03209,CL0191,P039,Jan 07 2024,2,1265.34,livré,RBA,Carte,LIV1,2024-01-09
CMD30352,CL0962,P065,2023-04-22,3,3964.17,livré,tanger,Carte,LIV6,2023-04-27
CMD27459,CL0255,P083,07/07/2023,2,4038.24,livré,TNG,Carte,LIV1,2023-07-11
CMD40559,CL0901,P098,2024-03-09,1,0,livré,casa,Carte,,2024-03-14
CMD04000,CL0261,P043,Jun 22 2023,2,2704.97,en_cours,TNG,Carte,LIV10,
CMD27447,CL0238,P047,11/08/2023,5,2082.13,en_cours,RBA,Carte,LIV3,
CMD31032,CL0615,P014,06/06/2023,2,2331.12,DONE,kech,Carte,LIV4,2023-06-07
CMD38398,CL0703,P004,2023-09-18,3,2144.42,LIVRE,Agadir,Carte,LIV1,2023-09-20
CMD30782,CL0651,P043,Oct 15 2023,3,4746.18,KO,CASABLANCA,Carte,LIV8,
CMD39032,CL0356,P090,2023-12-12,2,4275.09,DONE,kech,Carte,LIV9,2023-12-13
CMD13207,CL0128,P086,Nov 24 2023,2,611.67,OK,marrakech,Carte,LIV7,
CMD35591,CL0602,P024,Mar 03 2023,3,4338.69,retourné,marrakech,Carte,LIV10,2023-03-07
CMD43815,CL0352,P067,Aug 29 2023,4,4957.37,livré,casa,Carte,LIV8,2023-09-03
CMD23568,CL0253,P012,2023-05-23,5,4668.45,OK,Tnja,Carte,LIV1,
CMD41769,CL0085,P093,Feb 08 2023,2,1779.05,livré,kech,Carte,LIV8,2023-02-11
CMD30842,CL0828,P013,Mar 24 2024,5,1159.08,en_cours,casa,Carte,LIV3,
CMD01614,CL0453,P030,2023-12-23,5,1478.43,KO,TNG,Carte,LIV2,
CMD44980,CL0742,P042,2023-06-16,4,3551.18,livré,Agadir,Carte,LIV7,2023-06-19
CMD11372,CL0968,P069,2023-07-29,1,3405.76,retourné,TNG,Carte,LIV6,2023-08-02
CMD33033,CL0849,P098,25/08/2023,5,1751.62,livré,TNG,Carte,LIV10,2023-08-29
CMD42734,CL0920,P027,06/04/2023,2,4413.64,LIVRE,Agadir,Carte,LIV3,2023-04-08
CMD22141,CL0613,P002,Mar 22 2023,5,4900.04,annulé,Agadir,Carte,,
CMD17426,CL0410,P093,2023-04-19,3,3744.32,livre,tanger,Carte,LIV6,
CMD43149,CL0264,P032,2023-07-08,4,3384.28,livré,Tnja,Carte,LIV6,2023-07-11
CMD07994,CL0198,P078,2023-12-11,1,3613.49,annulé,Tnja,Carte,LIV9,
CMD45574,CL0017,P089,28/02/2024,1,2867.41,livre,marrakech,Carte,LIV9,
CMD30982,CL0695,P072,2023-01-08,1,1236.84,retourné,marrakech,Carte,LIV7,2023-01-12
CMD26972,CL0249,P042,2023-06-15,1,3325.76,DONE,kech,Carte,LIV2,2023-06-17
CMD20726,CL0114,P093,Jun 13 2023,3,1350.01,LIVRE,TNG,Carte,LIV6,2023-06-17
CMD13683,CL0624,P009,Jan 18 2024,1,4415.14,KO,Tnja,Carte,LIV6,
CMD19713,CL0301,P012,24/10/2023,5,3285.07,retourné,casa,Carte,LIV6,2023-10-28
CMD16242,CL0972,P073,Oct 20 2023,4,1496.57,annulé,tanger,Carte,LIV4,
CMD04968,CL0133,P062,Sep 25 2023,4,3335.06,DONE,TNG,Carte,,2023-09-28
CMD23160,CL0228,P052,10/04/2024,3,193.95,livré,casa,Carte,LIV1,2024-04-11
CMD15805,CL0964,P005,10/10/2023,2,4139.64,DONE,CASABLANCA,Carte,LIV3,2023-10-14
CMD30963,CL0868,P061,2024-03-05,3,2545.88,livré,CASABLANCA,Carte,LIV8,2024-03-08
CMD15472,CL0629,P053,2023-02-04,4,1993.16,retourné,casa,Carte,LIV6,2023-02-09
CMD10464,CL0910,P002,2023-07-07,3,1835.98,DONE,tanger,Carte,LIV10,2023-07-08
CMD18546,CL0437,P085,Feb 02 2023,4,2419.62,livré,Agadir,Carte,LIV7,2023-02-03
CMD20882,CL0392,P049,Jan 22 2024,3,2398.58,KO,TNG,Carte,LIV10,
CMD42867,CL0662,P031,Apr 04 2024,3,1722.14,livré,kech,Carte,LIV5,2024-04-06
CMD11706,CL0426,P004,Feb 11 2024,5,3506.91,DONE,kech,Carte,LIV10,2024-02-12
CMD47301,CL0488,P027,Nov 11 2023,4,4640.13,KO,Agadir,Carte,LIV1,
CMD19004,CL0654,P031,2023-05-20,3,687.82,en_cours,Agadir,Carte,,
CMD17194,CL0459,P001,Oct 25 2023,5,4270.38,LIVRE,kech,Carte,LIV1,2023-10-27
CMD05420,CL0517,P052,2023-06-29,1,4477.35,en_cours,Tnja,Carte,LIV8,
CMD31069,CL0569,P091,Jan 25 2023,5,1732.01,livré,CASABLANCA,Carte,LIV10,2023-01-26
CMD17264,CL0975,P033,17/08/2023,2,1841.43,retourné,marrakech,Carte,LIV7,2023-08-19
CMD02198,CL0741,P008,2023-04-20,5,3389.12,annulé,tanger,Carte,LIV8,
CMD22621,CL0183,P020,03/07/2023,5,2510.48,KO,Tnja,Carte,LIV4,
CMD04775,CL0057,P089,06/05/2023,4,1326.67,livré,tanger,Carte,LIV6,2023-05-11
CMD15956,CL0988,P045,17/03/2023,2,65.52,livré,CASABLANCA,Carte,LIV10,2023-03-21
CMD31303,CL0454,P001,2023-02-15,1,4648.99,en_cours,marrakech,Carte,LIV7,
CMD34106,CL0554,P010,Dec 22 2023,5,2222.02,KO,kech,Carte,LIV10,
CMD45538,CL0767,P068,03/11/2023,5,4210.98,KO,Tnja,Carte,LIV10,
CMD45923,CL0750,P008,18/08/2023,1,0,en_cours,CASABLANCA,Carte,LIV5,
CMD44806,CL0824,P040,Jan 17 2024,5,1118.68,livré,CASABLANCA,Carte,LIV4,2024-01-18
CMD05024,CL0759,P009,May 27 2023,5,3556.26,retourné,tanger,Carte,LIV1,2023-06-01
CMD47473,CL0484,P018,25/03/2024,1,3090.78,livré,tanger,Carte,LIV3,2024-03-28
CMD01221,CL0268,P054,19/03/2024,4,317.21,retourné,marrakech,Carte,LIV2,2024-03-20
CMD13767,CL0832,P085,Feb 19 2023,2,3516.1,en_cours,TNG,Carte,LIV4,
CMD07058,CL0392,P095,2024-02-10,4,1301.4,KO,kech,Carte,LIV5,
CMD36646,CL0089,P093,Mar 28 2023,2,4173.81,KO,Tnja,Carte,LIV5,
CMD35286,CL0735,P091,Sep 04 2023,5,234.09,LIVRE,CASABLANCA,Carte,LIV5,2023-09-07
CMD12744,CL0450,P099,Jan 04 2023,3,3001.46,en_cours,tanger,Carte,,
CMD41782,CL0760,P012,2024-01-21,1,3594.43,retourné,Agadir,Carte,LIV4,2024-01-24
CMD36467,CL0862,P094,Mar 30 2024,3,2297.42,livré,TANGER,Carte,LIV4,2024-04-01
CMD42848,CL0366,P010,2023-06-17,1,4458.83,KO,RBA,Carte,LIV2,
CMD32935,CL0626,P037,22/11/2023,2,4644.13,livré,kech,Carte,LIV2,2023-11-23
CMD11425,CL0857,P025,21/06/2023,2,1442.93,livré,casa,Carte,LIV8,2023-06-22
CMD00381,CL0044,P015,05/05/2023,2,235.85,LIVRE,casa,Carte,LIV4,2023-05-09
CMD05223,CL0467,P078,2023-01-24,3,844.74,OK,marrakech,Carte,,
CMD37342,CL0745,P095,2023-01-10,4,4831.27,DONE,marrakech,Carte,LIV7,2023-01-11
CMD28181,CL0950,P066,07/02/2023,3,1032.14,en_cours,CASABLANCA,Carte,LIV2,
CMD36862,CL0221,P080,Feb 07 2023,3,4838.21,livre,Tnja,Carte,LIV3,
CMD07204,CL0202,P014,2024-05-12,4,3413.21,livré,kech,Carte,LIV6,2024-05-13
CMD34791,CL0267,P009,2023-05-16,2,2209.66,KO,kech,Carte,LIV9,
CMD16435,CL0288,P035,2023-08-07,3,1301.36,annulé,Tnja,Carte,LIV7,
CMD19911,CL0849,P028,Jun 20 2023,3,1272.27,LIVRE,RBA,Carte,LIV10,2023-06-23
CMD07884,CL0733,P089,2024-04-26,3,57.18,en_cours,kech,Carte,LIV8,
CMD09027,CL0545,P070,Jun 21 2023,2,2671.11,retourné,casa,Carte,LIV2,2023-06-22
CMD23139,CL0244,P011,26/02/2024,5,3603.55,livré,TNG,Carte,LIV6,2024-02-29
CMD39015,CL0593,P025,Jun 16 2023,2,1304.72,OK,kech,Carte,LIV6,
CMD32523,CL0841,P005,Sep 10 2023,4,1902.98,LIVRE,RBA,Carte,LIV2,2023-09-15
CMD37447,CL0837,P091,2023-01-17,4,3208.74,livré,casa,Carte,LIV1,2023-01-22
CMD39818,CL0313,P040,Jan 31 2024,1,3227.45,retourné,Agadir,Carte,LIV6,2024-02-03
CMD17818,CL0940,P084,2023-01-21,1,4069.5,livré,tanger,Carte,,2023-01-25
CMD34789,CL0467,P030,Apr 09 2023,5,3451.18,retourné,marrakech,Carte,LIV5,2023-04-10
CMD45821,CL0785,P066,Jun 17 2023,4,2508.16,OK,TANGER,Carte,LIV10,
CMD24421,CL0743,P001,04/08/2023,5,2543.83,retourné,kech,Carte,LIV10,2023-08-09
CMD28254,CL0006,P004,Mar 03 2023,3,400.65,DONE,kech,Carte,LIV1,2023-03-07
CMD27572,CL0793,P053,Jan 10 2023,2,2407.47,annulé,Agadir,Carte,LIV9,
CMD21346,CL0283,P090,2023-06-17,4,3421.2,livre,CASABLANCA,Carte,LIV6,
CMD04043,CL0693,P031,2023-01-09,5,1101.72,livré,kech,Carte,LIV10,2023-01-14
CMD11866,CL0825,P045,Mar 16 2023,4,1889.33,en_cours,CASABLANCA,Carte,LIV4,
CMD21876,CL0219,P037,2023-03-20,4,4720.04,KO,RBA,Carte,LIV10,
CMD41498,CL0695,P029,Jan 22 2023,4,1029.64,retourné,kech,Carte,,2023-01-24
CMD14335,CL0659,P031,2023-06-09,3,3684.35,en_cours,casa,Carte,LIV8,
CMD01178,CL0079,P069,2023-04-15,1,1290.71,livre,TANGER,Carte,LIV4,
CMD32720,CL1000,P004,Sep 20 2023,3,154.75,LIVRE,marrakech,Carte,LIV5,2023-09-23
CMD32005,CL0161,P096,03/05/2024,4,3993.9,en_cours,marrakech,Carte,LIV3,
CMD15350,CL0862,P011,2023-06-18,4,1383.99,livré,Agadir,Carte,LIV1,2023-06-20
CMD24300,CL0983,P080,2023-02-23,3,2614.67,retourné,Tnja,Carte,LIV2,2023-02-26
CMD47911,CL0807,P054,Jun 02 2023,1,570.09,DONE,kech,Carte,LIV7,2023-06-06
CMD38256,CL0513,P072,Aug 08 2023,1,3991.69,livré,tanger,Carte,LIV10,2023-08-11
CMD40562,CL0750,P065,2024-03-05,2,2670.38,livre,TANGER,Carte,LIV4,
CMD44480,CL0211,P080,Dec 17 2023,4,4042.17,livré,CASABLANCA,Carte,,2023-12-19
CMD02835,CL0322,P010,2023-09-04,2,1212.49,annulé,tanger,Carte,LIV1,
CMD30327,CL0687,P095,21/05/2023,4,2392.34,livré,TANGER,Carte,,2023-05-26
CMD20543,CL0108,P072,23/08/2023,4,562.15,DONE,RBA,Carte,LIV9,2023-08-26
CMD18971,CL0018,P081,Feb 05 2023,2,2230.2,livré,TANGER,Carte,LIV9,2023-02-09
CMD40800,CL0817,P061,19/09/2023,1,3085.17,annulé,kech,Carte,LIV6,
CMD05009,CL0338,P049,Aug 31 2023,3,2017.13,KO,TNG,Carte,,
CMD19977,CL0958,P061,19/03/2024,3,1796.14,livré,marrakech,Carte,,2024-03-22
CMD47537,CL0620,P024,2023-01-26,5,1852.03,en_cours,marrakech,Carte,LIV3,
CMD30482,CL0370,P090,2023-02-22,3,3570.88,retourné,tanger,Carte,,2023-02-27
CMD40251,CL0199,P054,16/11/2023,2,4003.41,en_cours,kech,Carte,,
CMD32716,CL0721,P004,2024-02-15,5,4388.63,livré,marrakech,Carte,LIV2,2024-02-19
CMD44114,CL0171,P062,May 02 2024,4,1823.95,livre,TANGER,Carte,LIV4,
CMD12672,CL0653,P067,2023-04-05,4,3150.22,en_cours,Agadir,Carte,,
CMD15053,CL0742,P098,17/02/2024,5,3314.32,livré,marrakech,Carte,LIV8,2024-02-18
CMD13185,CL0848,P039,06/04/2023,2,863.0,livré,CASABLANCA,Carte,LIV1,2023-04-10
CMD29712,CL0926,P089,19/02/2023,3,4770.35,KO,kech,Carte,LIV7,
CMD21407,CL0151,P085,Apr 03 2024,4,1077.46,DONE,TANGER,Carte,LIV9,2024-04-05
CMD42334,CL0239,P062,2023-05-09,2,1755.6,annulé,tanger,Carte,LIV2,
CMD45774,CL0629,P046,26/01/2024,3,1759.93,DONE,marrakech,Carte,LIV8,2024-01-28
CMD43343,CL0291,P047,29/03/2024,3,1222.3,en_cours,TANGER,Carte,LIV2,
CMD04440,CL0031,P038,Oct 07 2023,5,984.17,retourné,tanger,Carte,LIV3,2023-10-09
CMD10914,CL0022,P030,Mar 28 2023,1,1433.34,livré,Tnja,Carte,LIV2,2023-04-01
CMD37174,CL0050,P013,2023-01-28,3,259.31,DONE,tanger,Carte,LIV9,2023-02-02
CMD17906,CL0060,P005,May 28 2023,5,1190.59,livré,CASABLANCA,Carte,LIV10,2023-06-01
CMD22012,CL0904,P068,Mar 10 2023,3,835.46,livre,marrakech,Carte,LIV10,
CMD30007,CL0711,P084,19/01/2024,1,2577.47,livré,casa,Carte,LIV4,2024-01-20
CMD16584,CL0510,P062,Aug 18 2023,2,2267.5,livre,Agadir,Carte,LIV9,
CMD07577,CL0558,P030,2023-08-08,5,4304.18,KO,marrakech,Carte,,
CMD42983,CL0708,P062,Jul 16 2023,4,3786.59,livré,TANGER,Carte,LIV4,2023-07-17
CMD25979,CL0492,P086,2024-03-26,2,1631.79,retourné,TNG,Carte,,2024-03-29
CMD41649,CL0999,P002,Feb 14 2024,2,1729.63,KO,TNG,Carte,LIV5,
CMD02373,CL0965,P013,Feb 01 2024,4,2291.03,annulé,RBA,Carte,LIV3,
CMD04813,CL0135,P090,03/09/2023,2,4917.52,retourné,Tnja,Carte,LIV6,2023-09-05
CMD28970,CL0061,P013,May 05 2024,3,2415.53,annulé,Tnja,Carte,LIV4,
CMD46263,CL0402,P077,Dec 30 2023,4,2169.02,LIVRE,kech,Carte,LIV8,2023-12-31
CMD29911,CL0147,P025,Apr 22 2024,4,2249.66,livre,TNG,Carte,LIV7,
CMD09998,CL0530,P081,Mar 06 2024,1,1809.04,livré,TNG,Carte,,2024-03-11
CMD13338,CL0409,P064,22/03/2023,2,276.74,OK,Tnja,Carte,LIV7,
CMD08866,CL0691,P062,2024-04-20,4,887.59,OK,TANGER,Carte,LIV2,
CMD19573,CL0798,P093,2023-08-06,4,518.76,KO,CASABLANCA,Carte,LIV2,
CMD03912,CL0783,P053,2023-03-14,2,3808.0,livré,CASABLANCA,Carte,LIV5,2023-03-17
CMD38238,CL0159,P043,Jan 18 2024,5,417.59,DONE,RBA,Carte,LIV7,2024-01-20
CMD13826,CL0669,P070,22/05/2023,5,4750.05,livré,Tnja,Carte,,2023-05-24
CMD25406,CL0205,P064,2023-09-30,2,1374.29,livré,kech,Carte,LIV6,2023-10-01
CMD34366,CL0923,P068,May 18 2023,3,1891.32,KO,kech,Carte,LIV1,
CMD24805,CL0378,P052,10/05/2023,2,2116.55,DONE,TNG,Carte,LIV3,2023-05-13
CMD14106,CL0964,P072,09/10/2023,1,2956.21,livré,TANGER,Carte,LIV3,2023-10-10
CMD19191,CL0263,P045,Mar 12 2024,4,2450.44,livré,RBA,Carte,LIV6,2024-03-14
CMD02131,CL0372,P071,Apr 18 2023,2,2716.73,KO,tanger,Carte,LIV3,
CMD15194,CL0414,P081,May 03 2023,3,4608.41,livré,casa,Carte,LIV4,2023-05-08
CMD47294,CL0019,P008,07/04/2024,1,3150.55,LIVRE,casa,Carte,LIV6,2024-04-09
CMD29873,CL1000,P016,2023-08-06,5,4407.27,OK,Agadir,Carte,LIV10,
CMD28485,CL0465,P019,2023-02-01,-1,1789.18,livré,RBA,Carte,LIV2,2023-02-05
CMD34119,CL0564,P096,Aug 31 2023,2,1577.43,livré,Agadir,Carte,LIV7,2023-09-01
CMD01206,CL0316,P015,2023-06-24,1,728.87,OK,marrakech,Carte,LIV6,
CMD26444,CL0136,P094,19/04/2024,3,2292.78,annulé,casa,Carte,LIV2,
CMD35358,CL0160,P039,2024-03-15,4,1982.32,retourné,tanger,Carte,LIV9,2024-03-17
CMD24766,CL0232,P095,2023-11-13,4,2869.83,DONE,CASABLANCA,Carte,LIV3,2023-11-18
CMD19955,CL0486,P055,2024-01-19,4,4866.66,livré,RBA,Carte,LIV4,2024-01-22
CMD30478,CL0067,P088,May 18 2023,1,4145.71,KO,marrakech,Carte,LIV7,
CMD30027,CL0410,P036,15/06/2023,5,520.07,livré,TANGER,Carte,LIV10,2023-06-20
CMD07354,CL0844,P084,15/04/2024,5,134.98,en_cours,Tnja,Carte,LIV1,
CMD09626,CL0934,P035,30/01/2023,2,764.74,annulé,Agadir,Carte,LIV9,
CMD23690,CL0896,P097,28/10/2023,1,3627.16,LIVRE,Tnja,Carte,LIV5,2023-10-29
CMD01184,CL0743,P060,Nov 07 2023,1,1470.09,OK,tanger,Carte,LIV2,
CMD05734,CL0646,P083,Jan 14 2023,5,952.29,annulé,casa,Carte,LIV8,
CMD33342,CL0604,P078,17/08/2023,1,3184.18,LIVRE,CASABLANCA,Carte,,2023-08-22
CMD44823,CL0925,P079,Apr 14 2024,1,3891.79,livre,Tnja,Carte,LIV8,
CMD16722,CL0908,P037,Jul 18 2023,3,1440.0,livré,RBA,Carte,LIV10,2023-07-21
CMD15271,CL0134,P054,Sep 23 2023,4,4623.23,retourné,Tnja,Carte,LIV8,2023-09-26
CMD14076,CL0292,P055,22/09/2023,4,1701.18,livre,Agadir,Carte,LIV9,
CMD45859,CL0742,P072,Jun 10 2023,4,1228.92,LIVRE,casa,Carte,LIV2,2023-06-13
CMD22052,CL0657,P011,2023-07-14,2,2424.02,livré,casa,Carte,LIV10,2023-07-19
CMD44958,CL0249,P031,Aug 07 2023,1,4402.95,KO,TNG,Carte,LIV6,
CMD38853,CL0664,P055,Feb 24 2024,5,1026.8,livré,CASABLANCA,Carte,LIV5,2024-02-25
CMD38738,CL0819,P028,Jan 19 2023,4,3894.39,livré,TNG,Carte,,2023-01-23
CMD19363,CL0818,P083,Mar 21 2023,4,1754.28,LIVRE,kech,Carte,,2023-03-23
CMD05173,CL0434,P004,18/03/2023,2,4569.74,livré,Agadir,Carte,LIV9,2023-03-21
CMD22388,CL0999,P022,2023-07-20,1,1460.4,en_cours,casa,Carte,LIV5,
CMD28381,CL0085,P078,03/04/2024,4,3918.05,LIVRE,Agadir,Carte,,2024-04-04
CMD21725,CL0380,P010,2023-06-13,1,3605.19,annulé,Agadir,Carte,LIV10,
CMD45786,CL0189,P059,2023-11-11,4,1476.22,LIVRE,casa,Carte,LIV9,2023-11-12
CMD45966,CL0314,P022,Jan 12 2024,5,1789.79,LIVRE,TANGER,Carte,LIV3,2024-01-16
CMD22640,CL0448,P025,Jul 05 2023,1,598.74,retourné,RBA,Carte,LIV2,2023-07-06
CMD41446,CL0544,P054,2023-10-11,-1,319.53,en_cours,casa,Carte,,
CMD25169,CL0546,P011,2023-01-18,1,463.96,livre,marrakech,Carte,LIV5,
CMD13765,CL0418,P077,01/02/2023,2,0,annulé,tanger,Carte,LIV10,
CMD35348,CL0919,P078,17/05/2023,1,965.37,livré,Tnja,Carte,LIV3,2023-05-18
CMD30946,CL0526,P056,Jun 13 2023,4,4725.32,KO,CASABLANCA,Carte,LIV9,
CMD36215,CL0659,P036,2023-07-29,4,2513.13,DONE,TANGER,Carte,LIV5,2023-07-31
CMD44740,CL0819,P066,04/01/2024,4,1322.23,livré,RBA,Carte,LIV8,2024-01-07
CMD34831,CL0639,P003,07/07/2023,4,2357.89,LIVRE,casa,Carte,LIV2,2023-07-10
CMD42038,CL0221,P070,2023-09-03,1,636.75,livré,Tnja,Carte,LIV5,2023-09-04
CMD40582,CL0426,P082,2024-03-13,5,3418.44,retourné,CASABLANCA,Carte,LIV3,2024-03-17
CMD41674,CL0681,P096,2023-07-11,3,3304.46,OK,Agadir,Carte,LIV1,
CMD47508,CL0099,P099,2023-07-19,3,3235.34,en_cours,marrakech,Carte,LIV2,
CMD05277,CL0837,P029,2023-01-06,2,3701.12,OK,Agadir,Carte,LIV6,
CMD14059,CL0004,P083,27/09/2023,3,2945.35,KO,tanger,Carte,LIV1,
CMD30917,CL0951,P039,30/07/2023,1,3616.2,OK,TANGER,Carte,LIV7,
CMD13382,CL0468,P086,2024-03-25,4,2791.37,LIVRE,TANGER,Carte,LIV4,2024-03-28
CMD06721,CL0782,P091,2023-07-31,3,3177.12,livré,TNG,Carte,LIV5,2023-08-05
CMD00959,CL0379,P024,Jan 10 2023,1,2773.37,annulé,tanger,Carte,LIV10,
CMD44044,CL0596,P022,Jul 17 2023,3,4433.36,livré,Tnja,Carte,LIV9,2023-07-21
CMD20449,CL0085,P032,2023-04-20,5,1949.59,retourné,tanger,Carte,LIV8,2023-04-22
CMD40434,CL0694,P013,2024-01-17,1,2823.53,annulé,marrakech,Carte,LIV4,
CMD27532,CL0791,P025,Feb 09 2024,2,428.18,OK,TANGER,Carte,LIV5,
CMD19263,CL0423,P001,15/07/2023,5,3762.81,livre,marrakech,Carte,LIV6,
CMD28736,CL0303,P018,2024-02-18,5,600.43,DONE,tanger,Carte,LIV5,2024-02-23
CMD38736,CL0461,P046,2023-04-12,5,4316.34,livre,marrakech,Carte,LIV5,
CMD38822,CL0979,P038,01/07/2023,4,4115.84,KO,TNG,Carte,,
CMD10651,CL0294,P085,Oct 11 2023,4,204.88,OK,Agadir,Carte,LIV3,
CMD47973,CL0662,P030,May 09 2023,2,853.37,LIVRE,TNG,Carte,LIV8,2023-05-13
CMD33568,CL0438,P062,2023-02-11,2,3721.51,OK,TANGER,Carte,LIV4,
CMD47695,CL0426,P082,2023-02-10,3,1809.66,DONE,TNG,Carte,LIV8,2023-02-12
CMD27348,CL0614,P099,Jan 26 2023,1,4680.81,livré,casa,Carte,LIV9,2023-01-29
CMD24417,CL0525,P089,2023-07-29,4,248.23,en_cours,Agadir,Carte,,
CMD41290,CL0672,P055,2023-06-20,4,2734.44,LIVRE,TNG,Carte,LIV3,2023-06-23
CMD47515,CL0169,P008,Jun 12 2023,2,111.55,livre,CASABLANCA,Carte,LIV4,
CMD35389,CL0470,P002,Oct 07 2023,2,0,livre,marrakech,Carte,,
CMD28233,CL0969,P058,2023-12-02,3,3890.87,OK,TANGER,Carte,LIV3,
CMD11243,CL0061,P003,17/04/2023,2,878.47,en_cours,Tnja,Carte,,
CMD17533,CL0601,P011,2023-10-20,5,1747.53,LIVRE,tanger,Carte,LIV2,2023-10-25
CMD01677,CL0646,P052,21/03/2023,5,2091.9,livré,marrakech,Carte,LIV1,2023-03-24
CMD45891,CL0727,P053,Jan 09 2023,1,4317.1,LIVRE,TNG,Carte,,2023-01-12
CMD42610,CL0258,P039,26/02/2023,4,807.38,OK,Tnja,Carte,LIV6,
CMD04754,CL0097,P057,10/02/2023,3,1540.03,OK,RBA,Carte,LIV1,
CMD14927,CL0135,P001,22/04/2023,3,713.41,KO,Tnja,Carte,LIV10,
CMD16924,CL0666,P046,17/01/2023,5,1446.97,OK,kech,Carte,LIV3,
CMD44763,CL0711,P051,08/06/2023,2,1501.54,livre,kech,Carte,LIV4,
CMD00433,CL0635,P006,May 30 2023,4,802.23,KO,TNG,Carte,LIV9,
CMD37306,CL0530,P096,Oct 07 2023,5,857.5,LIVRE,Tnja,Carte,LIV3,2023-10-12
CMD40893,CL0987,P096,07/09/2023,1,1179.21,OK,marrakech,Carte,LIV4,
CMD19830,CL0331,P027,Feb 16 2023,1,3656.74,livré,kech,Carte,LIV10,2023-02-17
CMD21735,CL0075,P055,2023-02-24,3,1805.9,annulé,TNG,Carte,LIV2,
CMD31349,CL0753,P085,03/05/2023,5,51.53,livre,RBA,Carte,LIV6,
CMD37854,CL0042,P005,2024-01-15,4,4009.86,KO,TNG,Carte,LIV4,
CMD32724,CL0732,P004,2024-02-29,2,4957.13,annulé,kech,Carte,LIV5,
CMD13102,CL0426,P053,Jul 23 2023,3,4312.31,OK,TANGER,Carte,LIV3,
CMD32822,CL0568,P065,Apr 12 2024,5,2781.74,annulé,tanger,Carte,LIV6,
CMD06262,CL0798,P085,09/07/2023,2,3686.87,retourné,Agadir,Carte,,2023-07-11
CMD20617,CL0368,P008,Jan 23 2024,2,570.87,OK,CASABLANCA,Carte,LIV2,
CMD35274,CL0401,P027,May 11 2023,3,1038.27,KO,tanger,Carte,LIV4,
CMD01669,CL0428,P069,08/01/2023,4,4915.6,en_cours,RBA,Carte,LIV2,
CMD41273,CL0089,P032,24/04/2024,2,140.71,OK,TANGER,Carte,LIV5,
CMD28655,CL0911,P055,2023-08-19,4,4769.16,en_cours,marrakech,Carte,LIV5,
CMD41535,CL0504,P070,Jan 26 2024,5,2614.24,livré,CASABLANCA,Carte,LIV5,2024-01-29
CMD23881,CL0991,P048,Oct 22 2023,4,225.07,OK,casa,Carte,LIV2,
CMD18128,CL0437,P079,2024-03-07,5,3825.49,en_cours,casa,Carte,LIV2,
CMD46512,CL0523,P019,Aug 13 2023,1,3462.63,retourné,kech,Carte,LIV7,2023-08-14
CMD37180,CL0070,P019,06/08/2023,1,685.42,livré,kech,Carte,LIV8,2023-08-08
CMD26182,CL0723,P005,Mar 04 2023,2,4258.23,OK,tanger,Carte,LIV9,
CMD04558,CL0527,P060,2023-03-01,3,235.59,livré,CASABLANCA,Carte,LIV10,2023-03-06
CMD32698,CL0422,P049,Feb 26 2023,3,62.34,livre,TNG,Carte,LIV5,
CMD30088,CL0897,P073,2023-08-29,4,1169.23,DONE,RBA,Carte,LIV8,2023-08-31
CMD47275,CL0552,P069,Aug 12 2023,4,2633.58,LIVRE,tanger,Carte,LIV5,2023-08-15
CMD46739,CL0221,P079,2023-09-22,1,3858.83,OK,Agadir,Carte,LIV7,
CMD02317,CL0014,P060,Jul 11 2023,4,2142.32,OK,TNG,Carte,LIV3,
CMD26340,CL0261,P005,Jan 04 2024,2,1091.08,livre,RBA,Carte,LIV6,
CMD02963,CL0627,P074,2023-08-22,2,2521.76,livré,Agadir,Carte,,2023-08-23
CMD42054,CL0190,P075,04/01/2024,1,608.15,retourné,tanger,Carte,LIV3,2024-01-06
CMD03974,CL0807,P075,Mar 15 2024,3,2048.29,livré,marrakech,Carte,LIV7,2024-03-16
CMD24069,CL0468,P038,Apr 14 2024,3,1331.09,en_cours,Tnja,Carte,LIV5,
CMD48197,CL0314,P083,2023-02-05,4,1466.38,livré,casa,Carte,LIV8,2023-02-06
CMD11644,CL0657,P082,2024-02-07,2,1224.46,livré,tanger,Carte,LIV5,2024-02-12
CMD40766,CL0577,P082,Jan 31 2024,4,4796.45,annulé,marrakech,Carte,LIV9,
CMD19167,CL0700,P011,07/03/2024,3,3769.83,KO,casa,Carte,LIV10,
CMD10808,CL0407,P070,2023-11-03,5,2488.59,livré,marrakech,Carte,LIV3,2023-11-07
CMD07323,CL0720,P052,2024-01-04,1,339.19,annulé,kech,Carte,LIV7,
CMD16047,CL0166,P074,2023-08-27,4,0,livré,Agadir,Carte,LIV8,2023-08-28
CMD09002,CL0038,P035,Feb 26 2023,4,54.96,LIVRE,casa,Carte,LIV10,2023-02-28
CMD21615,CL0225,P090,2023-08-29,3,803.45,KO,marrakech,Carte,,
CMD47978,CL0578,P077,2024-03-17,4,1616.47,retourné,RBA,Carte,LIV4,2024-03-22
CMD17307,CL0004,P044,Oct 26 2023,2,534.21,livré,TANGER,Carte,LIV6,2023-10-30
CMD44491,CL0650,P074,30/10/2023,3,663.0,livre,casa,Carte,LIV2,
CMD45140,CL0453,P005,2023-01-05,4,4277.74,OK,kech,Carte,LIV10,
CMD33720,CL0440,P031,2024-01-24,5,1473.62,DONE,RBA,Carte,LIV9,2024-01-27
CMD36420,CL0866,P076,17/12/2023,5,4595.29,livré,kech,Carte,,2023-12-22
CMD00450,CL0627,P016,Jul 14 2023,3,0,livré,Tnja,Carte,LIV5,2023-07-19
CMD39230,CL0982,P096,26/09/2023,1,3956.28,KO,tanger,Carte,LIV2,
CMD38581,CL0294,P063,Feb 15 2024,5,3897.3,KO,RBA,Carte,LIV10,
CMD04142,CL0278,P089,Jun 24 2023,2,4304.67,livré,CASABLANCA,Carte,LIV7,2023-06-26
CMD22246,CL0218,P019,2023-01-14,5,4461.09,livré,marrakech,Carte,LIV9,2023-01-18
CMD36244,CL0309,P025,2023-09-12,1,1597.4,LIVRE,casa,Carte,LIV6,2023-09-14
CMD21788,CL0727,P037,27/02/2023,1,3181.33,annulé,CASABLANCA,Carte,LIV7,
CMD40128,CL0044,P033,Aug 29 2023,3,2154.73,livre,TNG,Carte,LIV5,
CMD41698,CL0757,P016,22/01/2023,2,2340.34,KO,TNG,Carte,LIV6,
CMD17713,CL0585,P057,04/03/2023,3,1760.97,livré,tanger,Carte,LIV9,2023-03-06
CMD47188,CL0616,P008,2023-05-26,-1,2038.13,livré,TANGER,Carte,LIV8,2023-05-29
CMD39104,CL0722,P004,2023-06-05,4,1432.65,livré,TANGER,Carte,LIV6,2023-06-09
CMD08675,CL0661,P020,Dec 28 2023,-1,1817.02,livre,CASABLANCA,Carte,LIV1,
CMD21089,CL0984,P015,Oct 12 2023,4,1573.46,LIVRE,casa,Carte,LIV7,2023-10-14
CMD04756,CL0766,P066,18/12/2023,1,4956.28,livré,CASABLANCA,Carte,LIV8,2023-12-21
CMD28948,CL0391,P029,Oct 14 2023,4,2107.97,livré,Agadir,Carte,LIV8,2023-10-18
CMD33546,CL0051,P076,Jan 03 2023,2,3035.53,DONE,Agadir,Carte,LIV1,2023-01-06
CMD14936,CL0280,P059,2023-12-19,1,1395.54,DONE,marrakech,Carte,LIV10,2023-12-24
CMD10392,CL0209,P014,2023-12-21,1,775.65,OK,tanger,Carte,LIV10,
CMD06779,CL0285,P023,2023-04-28,1,4428.68,livré,CASABLANCA,Carte,LIV4,2023-04-29
CMD38374,CL0486,P093,16/08/2023,2,4945.9,DONE,kech,Carte,LIV1,2023-08-18
CMD17723,CL0698,P028,2023-04-08,3,4198.61,livré,CASABLANCA,Carte,LIV9,2023-04-09
CMD40419,CL0540,P046,Feb 25 2023,5,292.41,retourné,kech,Carte,,2023-02-28
CMD36655,CL0117,P060,24/12/2023,4,3432.13,LIVRE,Agadir,Carte,LIV8,2023-12-26
CMD07734,CL0440,P057,14/02/2024,4,2243.12,livré,kech,Carte,LIV9,2024-02-18
CMD11158,CL0531,P002,08/09/2023,3,1753.25,LIVRE,marrakech,Carte,LIV7,2023-09-13
CMD39759,CL0225,P007,26/02/2024,5,872.92,LIVRE,kech,Carte,LIV7,2024-03-02
CMD05676,CL0957,P057,Jul 12 2023,5,542.51,OK,kech,Carte,LIV1,
CMD22092,CL0309,P068,20/04/2023,5,3372.31,DONE,RBA,Carte,LIV5,2023-04-24
CMD04293,CL0526,P069,Jan 30 2024,1,2276.27,en_cours,TNG,Carte,LIV4,
CMD37726,CL0797,P031,2023-12-02,4,3158.64,LIVRE,casa,Carte,LIV4,2023-12-03
CMD40151,CL0129,P021,2024-04-29,3,4520.84,OK,casa,Carte,,
CMD05865,CL0903,P071,19/09/2023,1,1511.67,DONE,RBA,Carte,LIV8,2023-09-20
CMD34150,CL0353,P004,05/03/2024,4,1035.51,en_cours,RBA,Carte,LIV5,
CMD05967,CL0236,P024,2023-04-11,4,4582.66,livré,TNG,Carte,LIV1,2023-04-16
CMD44947,CL0557,P028,Apr 13 2023,3,1009.38,annulé,Agadir,Carte,LIV5,
CMD23787,CL0922,P044,2023-01-26,1,3731.14,KO,RBA,Carte,LIV1,
CMD27747,CL0131,P075,27/03/2024,3,2320.77,retourné,casa,Carte,LIV10,2024-03-31
CMD31360,CL0945,P081,18/09/2023,3,2058.31,retourné,TANGER,Carte,,2023-09-21
CMD04074,CL0124,P028,20/02/2023,2,420.36,livre,tanger,Carte,LIV10,
CMD03068,CL0273,P087,2024-03-06,5,423.87,livre,tanger,Carte,LIV5,
CMD35866,CL0234,P014,May 26 2023,5,2391.74,livre,Tnja,Carte,LIV9,
CMD21513,CL0295,P073,2023-01-12,2,3914.05,retourné,RBA,Carte,LIV3,2023-01-15
CMD29491,CL0164,P097,Apr 05 2023,5,933.33,KO,Tnja,Carte,LIV10,
CMD17637,CL0339,P074,Mar 24 2023,4,3014.12,livré,kech,Carte,,2023-03-26
CMD38181,CL0180,P046,2023-11-30,4,1001.76,livre,kech,Carte,LIV1,
CMD47373,CL0327,P023,Feb 09 2024,2,2018.59,LIVRE,Tnja,Carte,LIV6,2024-02-14
CMD35127,CL0031,P035,2023-12-08,1,0,annulé,casa,Carte,,
CMD41658,CL0915,P061,Feb 19 2024,3,4525.58,livré,TNG,Carte,LIV1,2024-02-22
CMD46166,CL0323,P031,23/04/2023,1,4450.7,livré,RBA,Carte,LIV4,2023-04-25
CMD24678,CL0833,P045,01/06/2023,5,2772.32,OK,TNG,Carte,LIV9,
CMD43021,CL0965,P048,Apr 20 2024,5,2721.75,livré,Tnja,Carte,LIV8,2024-04-23
CMD21093,CL0124,P024,2023-06-28,4,160.09,livre,kech,Carte,LIV1,
CMD22799,CL0687,P031,2023-03-24,5,3812.85,LIVRE,tanger,Carte,LIV7,2023-03-25
CMD15657,CL0589,P024,Mar 02 2023,2,4399.69,en_cours,tanger,Carte,LIV9,
CMD38305,CL0549,P065,2023-09-28,3,4969.01,en_cours,Agadir,Carte,LIV9,
CMD07140,CL0197,P017,11/06/2023,2,2666.62,LIVRE,RBA,Carte,LIV6,2023-06-16
CMD22950,CL0692,P078,Sep 17 2023,2,942.04,annulé,Agadir,Carte,,
CMD38764,CL0875,P021,18/05/2023,5,1114.84,retourné,tanger,Carte,LIV1,2023-05-22
CMD17270,CL0127,P100,04/10/2023,1,2605.5,livre,casa,Carte,LIV2,
CMD01581,CL0218,P038,May 06 2024,1,1864.63,annulé,TANGER,Carte,LIV4,
CMD33745,CL0046,P094,02/01/2023,2,241.31,livré,TNG,Carte,LIV7,2023-01-03
CMD04402,CL0082,P085,2023-09-27,5,3561.4,livré,TNG,Carte,LIV1,2023-09-30
CMD08652,CL0265,P033,Apr 11 2023,1,826.2,KO,Tnja,Carte,LIV10,
CMD35324,CL0790,P093,2024-04-26,1,2205.04,LIVRE,kech,Carte,LIV6,2024-05-01
CMD35870,CL0851,P045,01/01/2024,2,387.08,retourné,TNG,Carte,LIV10,2024-01-03
CMD37424,CL0192,P057,Mar 15 2024,3,3669.75,annulé,marrakech,Carte,LIV2,
CMD37546,CL0142,P015,26/06/2023,5,3922.22,livré,Tnja,Carte,LIV2,2023-07-01
CMD30691,CL0622,P068,14/10/2023,4,1144.02,OK,tanger,Carte,LIV9,
CMD44140,CL0327,P002,2024-02-01,2,2577.1,livre,casa,Carte,LIV9,
CMD47240,CL0141,P085,17/12/2023,4,2089.76,retourné,marrakech,Carte,LIV2,2023-12-19
CMD09747,CL0879,P003,2023-09-30,1,4776.08,LIVRE,TNG,Carte,LIV2,2023-10-01
CMD04363,CL0107,P016,28/01/2024,5,3157.09,livré,casa,Carte,LIV5,2024-01-31
CMD10123,CL0393,P027,Jun 13 2023,4,4534.84,livre,TANGER,Carte,LIV8,
CMD27339,CL0055,P097,14/03/2024,3,1942.5,livré,TNG,Carte,LIV10,2024-03-18
CMD07264,CL0392,P060,Jan 16 2023,4,1642.2,livré,Tnja,Carte,LIV1,2023-01-17
CMD27826,CL0777,P084,Feb 26 2024,3,3313.39,DONE,tanger,Carte,LIV9,2024-03-01
CMD11070,CL0595,P012,2023-01-19,5,1634.0,livre,tanger,Carte,LIV5,
CMD01394,CL0917,P013,2024-03-11,2,99.17,OK,tanger,Carte,,
CMD34116,CL0847,P076,2024-03-03,4,268.2,LIVRE,TNG,Carte,LIV2,2024-03-05
CMD45113,CL0816,P066,2023-08-13,1,3927.81,retourné,CASABLANCA,Carte,LIV3,2023-08-17
CMD09881,CL0588,P039,04/04/2024,4,4296.9,OK,TNG,Carte,LIV2,
CMD09534,CL0152,P014,2024-01-29,2,2305.48,livré,Agadir,Carte,LIV2,2024-01-31
CMD28858,CL0265,P027,2024-03-04,3,1980.12,retourné,kech,Carte,LIV10,2024-03-05
CMD27410,CL0624,P017,2023-07-23,4,689.98,livré,casa,Carte,,2023-07-25
CMD00655,CL0128,P046,Nov 15 2023,5,4457.91,livre,kech,Carte,LIV10,
CMD10142,CL0386,P049,Jan 11 2024,2,0,livré,Tnja,Carte,LIV2,2024-01-15
CMD37361,CL0892,P093,2023-01-06,2,2245.18,livré,Tnja,Carte,LIV3,2023-01-08
CMD43004,CL0492,P057,23/09/2023,3,4487.29,en_cours,TANGER,Carte,LIV4,
CMD33097,CL0748,P034,29/09/2023,4,1024.38,retourné,Agadir,Carte,LIV7,2023-10-03
CMD06404,CL0140,P080,2023-03-14,3,1468.33,retourné,tanger,Carte,LIV6,2023-03-16
CMD45027,CL0890,P095,Jan 09 2024,4,2118.14,livré,TNG,Carte,LIV5,2024-01-12
CMD05081,CL0507,P024,2024-01-14,2,4665.42,KO,casa,Carte,LIV2,
CMD03747,CL0409,P033,26/10/2023,3,3961.61,livré,CASABLANCA,Carte,,2023-10-31
CMD32207,CL0409,P014,Feb 08 2024,3,1435.78,livre,tanger,Carte,LIV1,
CMD17119,CL0721,P036,07/05/2024,4,4636.82,livré,Agadir,Carte,LIV3,2024-05-10
CMD17293,CL0787,P023,2023-04-29,4,2021.96,livré,Tnja,Carte,LIV9,2023-05-02
CMD21877,CL0071,P015,May 07 2024,1,510.35,livré,TNG,Carte,LIV5,2024-05-12
CMD42809,CL0890,P074,05/08/2023,3,3225.05,livre,RBA,Carte,LIV7,
CMD48119,CL0239,P028,29/09/2023,2,3306.7,KO,TANGER,Carte,LIV8,
CMD16616,CL0871,P100,Sep 26 2023,4,907.2,livré,marrakech,Carte,LIV6,2023-09-28
CMD20965,CL0704,P054,2024-01-12,5,4697.47,livre,CASABLANCA,Carte,LIV8,
CMD35648,CL0145,P007,2023-08-30,4,989.67,en_cours,Agadir,Carte,LIV3,
CMD43960,CL0732,P040,Apr 27 2023,4,1374.19,LIVRE,Tnja,Carte,LIV5,2023-05-02
CMD11831,CL0684,P098,2023-02-15,5,788.86,DONE,kech,Carte,LIV4,2023-02-19
CMD41537,CL0958,P068,19/11/2023,5,2416.06,en_cours,marrakech,Carte,LIV5,
CMD04523,CL0508,P046,2023-04-25,3,1621.93,livré,RBA,Carte,LIV9,2023-04-28
CMD45143,CL0699,P029,20/02/2023,3,519.65,DONE,casa,Carte,LIV6,2023-02-21
CMD17915,CL0318,P084,2023-07-23,2,129.31,annulé,kech,Carte,LIV2,
CMD42929,CL0737,P048,2023-11-24,2,753.37,livré,marrakech,Carte,LIV4,2023-11-27
CMD28050,CL0028,P049,Jul 31 2023,3,4135.07,livré,TANGER,Carte,LIV8,2023-08-05
CMD37723,CL0205,P023,Sep 10 2023,2,2724.87,annulé,Agadir,Carte,LIV4,
CMD20679,CL0097,P004,2023-03-21,1,1790.62,livré,Agadir,Carte,LIV10,2023-03-25
CMD29516,CL0447,P078,2023-09-15,3,3985.42,livré,Agadir,Carte,LIV4,2023-09-18
CMD11639,CL0939,P072,Mar 26 2023,4,4685.65,livré,TNG,Carte,LIV10,2023-03-28
CMD18701,CL0200,P084,01/01/2024,2,4709.64,en_cours,casa,Carte,LIV1,
CMD31204,CL0747,P001,04/04/2023,5,4558.91,OK,marrakech,Carte,LIV10,
CMD10144,CL0390,P031,19/04/2023,1,179.09,en_cours,RBA,Carte,LIV4,
CMD05165,CL0925,P041,13/12/2023,3,4817.4,retourné,TNG,Carte,LIV2,2023-12-15
CMD45194,CL0792,P072,Sep 23 2023,2,3132.03,livré,TNG,Carte,LIV6,2023-09-26
CMD24169,CL0499,P069,2023-06-11,4,2619.97,livré,RBA,Carte,LIV10,2023-06-14
CMD22494,CL0372,P041,2023-04-11,1,1432.36,livre,casa,Carte,LIV6,
CMD19492,CL0467,P052,11/05/2024,5,2511.75,LIVRE,casa,Carte,LIV4,2024-05-14
CMD03377,CL0932,P050,2023-03-18,5,4186.12,OK,tanger,Carte,LIV9,
CMD45036,CL0450,P032,Nov 18 2023,5,1220.37,KO,marrakech,Carte,LIV10,
CMD26256,CL0142,P062,2023-10-02,5,4117.28,KO,CASABLANCA,Carte,LIV5,
CMD07632,CL0122,P089,Aug 12 2023,4,640.78,KO,CASABLANCA,Carte,LIV2,
CMD26676,CL0689,P059,2024-01-26,5,2490.8,KO,Agadir,Carte,LIV7,
CMD29606,CL0914,P030,28/01/2023,1,1396.86,DONE,CASABLANCA,Carte,LIV10,2023-01-30
CMD08456,CL0111,P007,2023-05-01,2,2817.42,livré,TANGER,Carte,LIV4,2023-05-02
CMD05144,CL0926,P068,2023-10-29,3,4297.31,retourné,TANGER,Carte,LIV5,2023-11-01
CMD27789,CL0289,P040,16/10/2023,1,4654.09,annulé,Agadir,Carte,LIV10,
CMD19546,CL0729,P032,14/03/2023,3,1549.36,livre,casa,Carte,LIV7,
CMD21624,CL0383,P016,May 06 2023,1,713.58,livre,RBA,Carte,LIV4,
CMD15376,CL0850,P080,2023-04-24,3,4077.61,livré,CASABLANCA,Carte,LIV4,2023-04-29
CMD21209,CL0372,P019,Oct 27 2023,2,681.66,OK,Tnja,Carte,LIV7,
CMD13903,CL0395,P100,Dec 22 2023,4,1169.25,DONE,Tnja,Carte,,2023-12-27
CMD40294,CL0985,P040,May 11 2024,5,3076.45,livré,CASABLANCA,Carte,LIV8,2024-05-16
CMD37475,CL0578,P091,May 07 2024,2,365.93,en_cours,TANGER,Carte,LIV5,
CMD35903,CL0461,P013,Oct 14 2023,1,0,KO,Tnja,Carte,LIV1,
CMD04062,CL0130,P044,2023-04-14,2,3256.69,livré,casa,Carte,LIV7,2023-04-15
CMD10210,CL0294,P086,Feb 04 2023,4,2118.01,LIVRE,kech,Carte,LIV6,2023-02-09
CMD03386,CL0347,P023,03/02/2023,4,3290.25,en_cours,casa,Carte,LIV4,
CMD30608,CL0185,P098,2023-04-03,1,2640.92,DONE,tanger,Carte,LIV2,2023-04-04
CMD15691,CL0844,P016,Feb 15 2024,1,349.68,KO,tanger,Carte,LIV2,
CMD42940,CL0036,P091,16/10/2023,5,1232.86,annulé,RBA,Carte,LIV1,
CMD18573,CL0626,P001,Oct 14 2023,2,1837.36,livré,casa,Carte,LIV3,2023-10-18
CMD30795,CL0266,P009,2023-08-31,5,1513.91,KO,tanger,Carte,LIV9,
CMD36049,CL0906,P045,29/04/2024,3,2786.5,KO,Tnja,Carte,,
CMD19463,CL0896,P054,04/07/2023,5,3024.0,livré,casa,Carte,LIV10,2023-07-06
CMD31484,CL0860,P016,2023-03-01,1,4339.43,en_cours,RBA,Carte,LIV8,
CMD46544,CL0899,P073,06/02/2023,5,4586.72,livré,CASABLANCA,Carte,LIV1,2023-02-09
CMD26897,CL0434,P100,May 07 2023,1,2475.15,DONE,TNG,Carte,LIV3,2023-05-10
CMD29999,CL0317,P093,2023-04-27,5,0,livré,kech,Carte,LIV7,2023-05-01
CMD41468,CL0018,P038,2023-03-16,3,4094.86,livré,TNG,Carte,LIV10,2023-03-19
CMD10838,CL0738,P037,09/08/2023,1,0,retourné,marrakech,Carte,LIV10,2023-08-11
CMD11422,CL0733,P072,2023-03-09,3,3535.51,DONE,Agadir,Carte,,2023-03-14
CMD02995,CL0881,P002,Sep 09 2023,2,830.9,OK,TNG,Carte,LIV2,
CMD20589,CL0010,P052,2023-01-08,4,1263.02,livré,CASABLANCA,Carte,LIV5,2023-01-09
CMD25108,CL0397,P062,Jun 25 2023,5,2416.27,livré,casa,Carte,LIV8,2023-06-30
CMD36763,CL0422,P086,2024-01-02,4,3854.39,OK,TNG,Carte,LIV10,
CMD00723,CL0107,P094,Jan 20 2024,3,3302.83,LIVRE,casa,Carte,LIV6,2024-01-24
CMD13299,CL0036,P001,28/06/2023,3,2570.9,livré,RBA,Carte,LIV4,2023-06-29
CMD01946,CL0048,P013,04/05/2023,1,3147.98,OK,TNG,Carte,LIV8,
CMD11350,CL0149,P093,May 14 2024,2,4695.64,en_cours,casa,Carte,LIV8,
CMD21637,CL0921,P090,Jan 26 2023,4,1763.52,DONE,casa,Carte,LIV8,2023-01-27
CMD34338,CL0998,P002,2024-03-20,5,2771.42,LIVRE,tanger,Carte,LIV8,2024-03-21
CMD16314,CL0459,P056,06/04/2024,5,139.99,KO,RBA,Carte,LIV1,
CMD14576,CL0054,P093,2024-01-20,4,379.19,en_cours,marrakech,Carte,LIV3,
CMD32081,CL0120,P024,2024-02-15,3,2760.51,annulé,Tnja,Carte,LIV5,
CMD03861,CL0864,P007,Sep 16 2023,5,4456.34,DONE,TANGER,Carte,LIV2,2023-09-19
CMD07792,CL0655,P061,18/02/2024,4,3796.77,DONE,tanger,Carte,,2024-02-21
CMD09156,CL0838,P099,2023-04-26,-1,4474.53,livré,Tnja,Carte,LIV7,2023-04-29
CMD12232,CL0307,P002,02/10/2023,1,3650.14,en_cours,tanger,Carte,LIV4,
CMD45004,CL0573,P087,Aug 10 2023,2,804.18,livré,TANGER,Carte,LIV10,2023-08-15
CMD38390,CL0488,P010,15/01/2023,2,2725.38,DONE,casa,Carte,LIV10,2023-01-16
CMD29304,CL0568,P036,2023-03-06,3,284.78,livre,kech,Carte,LIV9,
CMD25262,CL0471,P066,Mar 09 2023,5,2362.49,DONE,CASABLANCA,Carte,LIV3,2023-03-13
CMD41396,CL0037,P042,03/04/2024,3,4471.51,livré,kech,Carte,LIV10,2024-04-06
CMD26895,CL0484,P025,2023-10-04,3,4529.22,livré,RBA,Carte,LIV10,2023-10-07
CMD45041,CL0811,P043,2023-12-14,3,2522.91,livre,TANGER,Carte,LIV1,
CMD29619,CL0865,P047,2023-11-05,2,102.52,livré,tanger,Carte,LIV5,2023-11-09
CMD32836,CL0788,P049,2023-05-06,1,3714.78,retourné,CASABLANCA,Carte,LIV3,2023-05-08
CMD23109,CL0935,P093,01/04/2023,3,2234.65,livré,TANGER,Carte,LIV7,2023-04-03
CMD24590,CL0164,P041,May 02 2023,3,2826.56,KO,Agadir,Carte,LIV1,
CMD45723,CL0049,P064,2023-02-06,5,1082.59,livré,Tnja,Carte,,2023-02-07
CMD46753,CL0811,P076,Feb 14 2024,4,3654.91,livré,CASABLANCA,Carte,LIV5,2024-02-15
CMD06546,CL0642,P092,2023-11-05,5,321.48,livré,marrakech,Carte,LIV8,2023-11-10
CMD02374,CL0737,P022,Jan 13 2023,5,3652.81,livré,tanger,Carte,LIV7,2023-01-15
CMD29777,CL0842,P002,2023-11-19,3,3857.81,livré,kech,Carte,,2023-11-21
CMD29980,CL0423,P090,22/04/2024,4,2907.26,LIVRE,TANGER,Carte,LIV10,2024-04-24
CMD15791,CL0792,P081,2023-11-04,1,0,retourné,TNG,Carte,LIV2,2023-11-08
CMD19630,CL0448,P049,2024-04-10,2,0,LIVRE,kech,Carte,LIV8,2024-04-11
CMD17220,CL0421,P043,Apr 18 2024,1,1294.43,OK,TANGER,Carte,LIV6,
CMD05669,CL0708,P038,2023-09-01,4,4063.32,livré,TNG,Carte,LIV1,2023-09-03
CMD48402,CL0206,P057,Mar 29 2023,4,2480.67,livré,RBA,Carte,LIV7,2023-03-31
CMD30686,CL0446,P098,2023-04-27,1,1780.07,DONE,casa,Carte,LIV2,2023-05-02
CMD40459,CL0574,P009,May 03 2024,1,3044.12,en_cours,casa,Carte,LIV9,
CMD08503,CL0927,P009,2023-01-14,4,4657.62,livré,TNG,Carte,LIV1,2023-01-18
CMD42790,CL0174,P035,11/01/2023,1,4122.36,en_cours,Tnja,Carte,LIV4,
CMD40371,CL0072,P040,Jul 14 2023,1,2726.99,livré,kech,Carte,LIV9,2023-07-17
CMD19001,CL0260,P069,Feb 27 2024,3,3557.41,DONE,Tnja,Carte,LIV4,2024-03-02
CMD34527,CL0496,P004,2024-01-18,3,2472.61,en_cours,casa,Carte,LIV2,
CMD18761,CL0546,P036,2024-02-08,3,327.45,LIVRE,casa,Carte,LIV9,2024-02-11
CMD14994,CL0392,P044,19/08/2023,4,597.82,KO,TANGER,Carte,LIV1,
CMD48061,CL0613,P058,30/04/2024,1,844.71,livré,casa,Carte,LIV3,2024-05-01
CMD19451,CL0937,P005,Apr 03 2023,5,1234.2,livré,tanger,Carte,LIV4,2023-04-08
CMD15211,CL0972,P030,Jul 16 2023,3,1459.75,livré,TNG,Carte,LIV10,2023-07-19
CMD41879,CL0001,P095,2024-01-23,4,4955.36,livre,RBA,Carte,LIV4,
CMD41940,CL0623,P025,26/01/2023,3,1259.7,en_cours,TANGER,Carte,LIV10,
CMD15954,CL0951,P088,2023-10-26,5,3083.53,DONE,TNG,Carte,LIV6,2023-10-31
CMD25127,CL0463,P044,2023-07-29,4,2602.83,KO,Tnja,Carte,LIV1,
CMD11682,CL0848,P035,21/10/2023,4,3297.09,OK,Tnja,Carte,LIV3,
CMD20437,CL0020,P056,Sep 02 2023,5,1590.65,livre,kech,Carte,LIV1,
CMD03988,CL0590,P011,2023-08-09,3,769.83,retourné,tanger,Carte,LIV6,2023-08-12
CMD44308,CL0095,P034,14/08/2023,2,3644.6,livré,TNG,Carte,,2023-08-18
CMD45002,CL0063,P020,Mar 21 2024,4,4687.86,livré,casa,Carte,LIV8,2024-03-24
CMD34678,CL0134,P050,Oct 23 2023,5,3296.33,LIVRE,TANGER,Carte,LIV1,2023-10-26
CMD25356,CL0556,P035,Apr 06 2023,2,4599.81,retourné,TNG,Carte,LIV8,2023-04-09
CMD06134,CL0620,P021,Jul 21 2023,4,381.84,annulé,TANGER,Carte,LIV7,
CMD46186,CL0104,P031,Apr 02 2023,5,4561.4,OK,Tnja,Carte,LIV7,
CMD46736,CL0899,P009,27/06/2023,1,3007.23,DONE,casa,Carte,LIV4,2023-06-29
CMD31424,CL0345,P049,2023-03-27,2,4211.03,livré,TNG,Carte,LIV9,2023-04-01
CMD16431,CL0564,P050,Jan 06 2024,5,4521.61,LIVRE,CASABLANCA,Carte,LIV9,2024-01-11
CMD38862,CL0835,P039,2023-02-24,3,1233.01,livré,kech,Carte,,2023-02-26
CMD19052,CL0702,P040,Jun 26 2023,4,2151.5,livré,Agadir,Carte,LIV5,2023-06-29
CMD24356,CL0107,P070,26/12/2023,4,2450.53,livré,Agadir,Carte,LIV8,2023-12-29
CMD22614,CL0799,P087,Feb 25 2023,3,4781.2,livré,TANGER,Carte,LIV1,2023-02-28
CMD24317,CL0611,P067,23/03/2023,3,3735.77,DONE,tanger,Carte,LIV5,2023-03-28
CMD01470,CL0510,P042,Mar 21 2024,1,838.26,annulé,TNG,Carte,LIV6,
CMD14981,CL0741,P079,14/01/2024,1,2759.45,livré,casa,Carte,LIV10,2024-01-16
CMD03003,CL0798,P073,Mar 26 2023,3,3642.65,annulé,RBA,Carte,LIV4,
CMD36078,CL0539,P018,22/04/2023,2,2425.33,en_cours,marrakech,Carte,LIV6,
CMD18875,CL0403,P096,Oct 18 2023,3,3766.09,livre,Tnja,Carte,,
CMD18426,CL0811,P031,2023-07-25,1,1259.53,DONE,Agadir,Carte,,2023-07-29
CMD17600,CL0440,P014,2023-09-22,3,4207.3,livré,casa,Carte,LIV7,2023-09-24
CMD14867,CL0007,P013,Nov 04 2023,3,2112.28,LIVRE,Tnja,Carte,LIV1,2023-11-08
CMD21650,CL0121,P086,Nov 07 2023,3,3284.85,LIVRE,Agadir,Carte,LIV6,2023-11-12
CMD15645,CL0363,P015,Feb 03 2023,2,3225.35,retourné,kech,Carte,LIV7,2023-02-04
CMD21454,CL0852,P091,20/09/2023,3,4840.93,OK,RBA,Carte,LIV10,
CMD34658,CL0147,P043,Jul 26 2023,4,4749.22,en_cours,TANGER,Carte,LIV7,
CMD17446,CL0782,P080,2024-03-01,5,1511.22,en_cours,CASABLANCA,Carte,LIV10,
CMD16514,CL0433,P027,2023-01-13,1,1983.13,KO,RBA,Carte,LIV8,
CMD20177,CL0744,P087,14/05/2024,1,1302.79,OK,kech,Carte,LIV4,
CMD46135,CL0995,P009,2023-04-19,2,4333.07,livré,CASABLANCA,Carte,LIV9,2023-04-21
CMD11433,CL0826,P079,Jan 30 2023,4,3844.05,KO,TANGER,Carte,LIV4,
CMD15505,CL0043,P040,12/10/2023,5,2601.82,livré,casa,Carte,LIV5,2023-10-13
CMD23769,CL0049,P056,2023-03-11,3,4994.69,DONE,Agadir,Carte,LIV9,2023-03-16
CMD43463,CL0359,P056,Jun 07 2023,1,3702.94,LIVRE,RBA,Carte,LIV2,2023-06-09
CMD25696,CL0186,P001,Dec 13 2023,1,4122.71,retourné,marrakech,Carte,LIV8,2023-12-18
CMD26630,CL0008,P011,04/03/2023,2,2984.5,DONE,TANGER,Carte,LIV2,2023-03-09
CMD19405,CL0704,P003,Jun 29 2023,3,666.78,livré,CASABLANCA,Carte,LIV6,2023-07-03
CMD14477,CL0807,P023,Feb 02 2024,5,2388.17,DONE,tanger,Carte,,2024-02-03
CMD22545,CL0842,P019,2024-03-19,2,530.17,KO,tanger,Carte,LIV7,
CMD37555,CL0933,P079,Jan 06 2024,4,302.3,DONE,marrakech,Carte,LIV2,2024-01-08
CMD33069,CL0998,P057,04/02/2024,1,552.15,LIVRE,CASABLANCA,Carte,LIV2,2024-02-08
CMD21460,CL0501,P041,Jun 17 2023,3,252.45,livré,marrakech,Carte,LIV5,2023-06-20
CMD23248,CL0462,P040,May 15 2023,2,1419.13,livré,Agadir,Carte,LIV2,2023-05-20
CMD14974,CL0046,P045,03/05/2024,4,2751.42,DONE,TNG,Carte,LIV4,2024-05-04
CMD48286,CL0083,P034,2023-01-29,1,3470.33,LIVRE,Tnja,Carte,LIV1,2023-02-03
CMD19504,CL0684,P002,22/04/2023,2,1753.28,livré,Tnja,Carte,LIV5,2023-04-24
CMD09093,CL0198,P015,Jan 25 2024,5,3674.11,livré,Agadir,Carte,LIV2,2024-01-29
CMD30696,CL0848,P094,2023-10-21,4,2490.76,annulé,CASABLANCA,Carte,LIV4,
CMD21284,CL0101,P066,24/01/2024,5,678.18,LIVRE,CASABLANCA,Carte,LIV10,2024-01-25
CMD28587,CL0559,P047,05/01/2023,5,1346.63,retourné,Tnja,Carte,LIV3,2023-01-07
CMD22389,CL0639,P098,Nov 15 2023,3,1775.47,LIVRE,casa,Carte,LIV5,2023-11-19
CMD05248,CL0067,P062,2023-01-01,2,4336.71,OK,Agadir,Carte,LIV9,
CMD05588,CL0102,P025,Dec 15 2023,5,475.6,livré,casa,Carte,,2023-12-20
CMD05761,CL0073,P083,Apr 15 2023,3,2534.47,retourné,casa,Carte,LIV5,2023-04-17
CMD04408,CL0535,P062,Apr 26 2023,3,4323.2,livré,kech,Carte,LIV4,2023-04-30
CMD33509,CL0784,P003,2024-02-12,5,4551.67,livré,casa,Carte,LIV4,2024-02-16
CMD17112,CL0303,P055,2023-06-03,1,1929.6,livré,RBA,Carte,LIV5,2023-06-04
CMD36709,CL0376,P030,31/05/2023,5,3650.49,livré,Agadir,Carte,LIV6,2023-06-01
CMD47440,CL0620,P048,Apr 19 2023,2,61.18,KO,Agadir,Carte,LIV6,
CMD31227,CL0380,P036,2023-05-19,2,230.93,KO,TANGER,Carte,LIV7,
CMD30792,CL0626,P089,Jan 06 2024,1,820.05,KO,TANGER,Carte,LIV6,
CMD14856,CL0263,P018,Aug 21 2023,2,3153.62,annulé,marrakech,Carte,LIV6,
CMD43820,CL0460,P004,Mar 30 2023,2,2800.18,livré,Agadir,Carte,,2023-04-03
CMD03790,CL0125,P016,Jun 03 2023,2,195.61,LIVRE,RBA,Carte,LIV1,2023-06-08
CMD44317,CL0153,P066,2023-12-15,5,4406.29,DONE,TNG,Carte,LIV6,2023-12-19
CMD48353,CL0070,P026,23/12/2023,2,3635.78,livré,casa,Carte,LIV10,2023-12-24
CMD33827,CL0892,P079,03/08/2023,1,3465.41,annulé,TANGER,Carte,LIV2,
CMD18794,CL0970,P098,Apr 18 2023,2,3317.95,en_cours,TANGER,Carte,LIV2,
CMD43809,CL0694,P076,Feb 24 2024,3,781.71,livre,RBA,Carte,LIV5,
CMD37426,CL0651,P074,2024-04-17,3,2309.83,livré,marrakech,Carte,LIV7,2024-04-18
CMD32151,CL0020,P064,2024-04-28,4,4219.45,annulé,kech,Carte,LIV5,
CMD04316,CL0256,P064,26/05/2023,1,3947.07,livré,tanger,Carte,LIV3,2023-05-27
CMD37737,CL0686,P028,2023-09-05,-1,3090.55,livré,TNG,Carte,LIV4,2023-09-10
CMD34842,CL0257,P044,Apr 02 2023,4,1607.58,annulé,marrakech,Carte,LIV7,
CMD35024,CL0977,P058,Apr 13 2024,1,4639.98,livré,marrakech,Carte,LIV8,2024-04-17
CMD28422,CL0630,P090,2023-08-28,1,70.76,DONE,Tnja,Carte,LIV10,2023-09-01
CMD33191,CL0748,P002,2024-04-03,2,3090.25,OK,marrakech,Carte,LIV2,
CMD13841,CL0343,P083,Jan 11 2024,1,3260.98,KO,CASABLANCA,Carte,LIV5,
CMD27153,CL0754,P031,Mar 25 2024,3,341.71,KO,tanger,Carte,LIV10,
CMD45881,CL0880,P098,Nov 21 2023,2,1294.2,LIVRE,tanger,Carte,LIV9,2023-11-22
CMD38268,CL0592,P058,Feb 07 2024,4,4516.05,en_cours,kech,Carte,LIV10,
CMD26104,CL0850,P076,2024-02-28,3,2069.55,livré,CASABLANCA,Carte,LIV7,2024-02-29
CMD09346,CL0210,P015,16/01/2024,1,4476.57,en_cours,TANGER,Carte,LIV7,
CMD03374,CL0219,P080,13/04/2024,5,94.28,DONE,RBA,Carte,LIV5,2024-04-14
CMD19195,CL0506,P058,10/01/2024,5,375.48,en_cours,Agadir,Carte,LIV6,
CMD48294,CL0277,P099,2023-01-26,1,382.47,OK,TANGER,Carte,LIV5,
CMD11919,CL0365,P094,21/09/2023,5,494.07,en_cours,TNG,Carte,LIV1,
CMD23855,CL0572,P012,03/05/2024,1,3954.68,LIVRE,tanger,Carte,LIV1,2024-05-08
CMD08630,CL0250,P018,2024-01-05,1,2123.4,livré,marrakech,Carte,LIV9,2024-01-08
CMD28678,CL0198,P024,2024-03-13,5,4589.52,annulé,casa,Carte,LIV4,
CMD10624,CL0851,P041,Jul 08 2023,3,1202.51,livre,CASABLANCA,Carte,LIV3,
CMD06761,CL0967,P074,25/08/2023,2,1603.67,livré,RBA,Carte,LIV7,2023-08-30
CMD30665,CL0942,P007,03/07/2023,3,1971.35,livre,kech,Carte,LIV3,
CMD18045,CL0479,P014,2023-10-15,3,4687.49,livré,Agadir,Carte,LIV7,2023-10-16
CMD10799,CL0753,P060,Jan 15 2024,4,786.39,DONE,Tnja,Carte,,2024-01-17
CMD00566,CL0820,P096,2023-06-12,1,4255.49,OK,TANGER,Carte,LIV8,
CMD44813,CL0113,P099,2023-12-10,4,4973.55,LIVRE,TNG,Carte,LIV8,2023-12-14
CMD36052,CL0109,P071,2023-08-11,1,1075.45,livré,Tnja,Carte,LIV1,2023-08-15
CMD20208,CL0282,P037,2023-12-25,2,2102.48,retourné,Agadir,Carte,LIV4,2023-12-27
CMD26520,CL0340,P050,Sep 18 2023,3,4333.94,retourné,Agadir,Carte,LIV4,2023-09-23
CMD34240,CL0866,P093,Apr 16 2023,2,1274.8,annulé,TANGER,Carte,,
CMD36340,CL0301,P073,08/03/2023,2,4981.52,LIVRE,kech,Carte,,2023-03-10
CMD11793,CL0295,P064,Feb 14 2023,1,2159.56,livré,TANGER,Carte,LIV7,2023-02-18
CMD45415,CL0836,P037,2023-06-16,5,99.55,retourné,TANGER,Carte,LIV7,2023-06-20
CMD32142,CL0134,P031,Feb 21 2023,4,0,DONE,Tnja,Carte,,2023-02-23
CMD23709,CL0067,P033,2023-10-02,3,2992.52,OK,casa,Carte,LIV7,
CMD18808,CL0331,P049,2023-08-21,2,1596.27,retourné,TANGER,Carte,LIV10,2023-08-25
CMD09323,CL0998,P079,01/06/2023,2,877.37,livre,TANGER,Carte,,
CMD28665,CL0234,P028,2023-03-18,4,3324.85,KO,Tnja,Carte,LIV10,
CMD33481,CL0657,P072,2023-08-24,3,1388.74,livré,RBA,Carte,LIV10,2023-08-28
CMD19859,CL0069,P001,2023-04-17,4,1344.03,livré,RBA,Carte,LIV3,2023-04-20
CMD27603,CL0422,P038,Feb 12 2024,2,686.26,OK,tanger,Carte,LIV6,
CMD39086,CL0184,P021,2023-05-10,3,959.13,KO,TANGER,Carte,LIV9,
CMD03705,CL0493,P063,Oct 01 2023,5,3949.18,KO,RBA,Carte,LIV10,
CMD10511,CL0282,P055,25/04/2023,5,0,OK,RBA,Carte,LIV3,
CMD25253,CL0534,P058,Dec 19 2023,1,693.79,KO,RBA,Carte,,
CMD40655,CL0209,P044,Jun 24 2023,5,3523.52,OK,marrakech,Carte,LIV2,
CMD02415,CL0437,P044,2024-03-04,5,1174.3,LIVRE,Tnja,Carte,LIV5,2024-03-09
CMD10734,CL0074,P059,2023-03-10,1,4292.64,DONE,tanger,Carte,LIV2,2023-03-12
CMD20228,CL0905,P061,Jan 30 2023,3,347.03,livre,marrakech,Carte,LIV2,
CMD18945,CL0727,P006,13/04/2024,2,2843.35,OK,TANGER,Carte,LIV1,
CMD18328,CL0603,P048,02/05/2024,5,2102.37,livré,Agadir,Carte,,2024-05-05
CMD36971,CL0588,P067,2024-03-07,1,4081.74,OK,Tnja,Carte,LIV9,
CMD32486,CL0860,P083,07/05/2023,1,236.19,OK,Agadir,Carte,LIV7,
CMD13829,CL0654,P033,Apr 02 2024,2,108.87,en_cours,casa,Carte,LIV10,
CMD23620,CL0252,P039,28/02/2024,5,3460.68,retourné,Agadir,Carte,LIV6,2024-03-02
CMD45104,CL0411,P038,31/03/2024,5,3559.07,annulé,RBA,Carte,LIV5,
CMD31327,CL0643,P075,Jun 25 2023,5,1210.82,KO,marrakech,Carte,LIV3,
CMD07457,CL0527,P089,13/07/2023,4,3557.71,DONE,Agadir,Carte,LIV10,2023-07-18
CMD36453,CL0873,P017,19/03/2023,5,2227.33,annulé,Agadir,Carte,LIV3,
CMD25118,CL0873,P058,05/03/2023,2,3775.61,livre,RBA,Carte,LIV5,
CMD27517,CL0009,P050,Jan 19 2023,4,114.01,en_cours,Agadir,Carte,LIV5,
CMD04109,CL0409,P038,Jun 04 2023,2,4027.17,retourné,TANGER,Carte,LIV5,2023-06-09
CMD01257,CL0101,P010,2023-07-22,3,4387.33,annulé,marrakech,Carte,LIV10,
CMD28476,CL0431,P062,Feb 23 2024,2,766.7,OK,marrakech,Carte,LIV9,
CMD09167,CL0402,P083,Feb 28 2023,5,2687.63,livre,Agadir,Carte,LIV7,
CMD18223,CL0820,P027,2024-02-21,4,2530.31,en_cours,kech,Carte,LIV4,
CMD01852,CL0873,P071,2024-02-24,3,2649.61,retourné,TANGER,Carte,LIV6,2024-02-28
CMD13528,CL0695,P084,12/09/2023,5,2910.65,livré,Tnja,Carte,LIV2,2023-09-13
CMD13800,CL0320,P010,2023-01-08,2,1098.12,livre,casa,Carte,LIV5,
CMD04906,CL0304,P003,Feb 04 2023,1,3177.97,annulé,marrakech,Carte,LIV7,
CMD02779,CL0509,P044,Jul 05 2023,3,4754.8,livré,Tnja,Carte,LIV2,2023-07-06
CMD25188,CL0469,P039,05/12/2023,2,3000.54,livre,CASABLANCA,Carte,LIV5,
CMD01033,CL0550,P098,18/03/2023,3,3579.46,livré,Tnja,Carte,LIV6,2023-03-22
CMD29406,CL0105,P059,25/08/2023,3,4100.28,annulé,Agadir,Carte,LIV8,
CMD29741,CL0326,P097,Oct 21 2023,1,1841.87,livré,Agadir,Carte,LIV6,2023-10-25
CMD38821,CL0047,P069,01/12/2023,5,2146.32,livré,TANGER,Carte,LIV3,2023-12-03
CMD33046,CL0678,P089,2024-01-16,5,4044.16,en_cours,TNG,Carte,,
CMD19921,CL0293,P040,2023-08-23,1,4994.02,livré,TNG,Carte,LIV2,2023-08-25
CMD16870,CL0993,P098,2023-01-26,4,4892.39,livre,casa,Carte,LIV2,
CMD47068,CL0378,P076,Oct 05 2023,5,4700.47,annulé,TNG,Carte,,
CMD43057,CL0632,P089,31/01/2023,4,3293.89,retourné,kech,Carte,LIV1,2023-02-01
CMD13971,CL0847,P037,Aug 24 2023,2,2933.21,livré,tanger,Carte,LIV10,2023-08-28
CMD47405,CL0068,P086,15/09/2023,3,4310.82,KO,Tnja,Carte,LIV5,
CMD05398,CL0739,P079,17/01/2023,4,2836.23,retourné,RBA,Carte,LIV10,2023-01-18
CMD21167,CL0357,P014,Jun 29 2023,2,0,OK,TNG,Carte,LIV1,
CMD17111,CL0766,P018,Jan 28 2024,3,4308.04,en_cours,TANGER,Carte,LIV8,
CMD27703,CL0095,P066,Apr 07 2023,3,1505.55,annulé,RBA,Carte,LIV7,
CMD40437,CL0605,P052,Jan 06 2024,2,2836.99,KO,Agadir,Carte,LIV2,
CMD14291,CL0711,P042,2024-03-11,1,714.62,retourné,casa,Carte,LIV9,2024-03-12
CMD07459,CL0831,P018,2023-01-24,5,3550.33,en_cours,Tnja,Carte,LIV6,
CMD21889,CL0990,P010,19/11/2023,3,4676.89,annulé,RBA,Carte,LIV2,
CMD04430,CL0557,P036,02/06/2023,4,71.49,livre,casa,Carte,LIV9,
CMD47134,CL0463,P031,Apr 09 2024,4,475.61,LIVRE,CASABLANCA,Carte,LIV7,2024-04-11
CMD37633,CL0014,P092,Nov 10 2023,5,4322.79,OK,TANGER,Carte,LIV6,
CMD45591,CL0374,P033,Mar 26 2023,3,469.67,livré,CASABLANCA,Carte,LIV10,2023-03-28
CMD02575,CL0693,P076,May 29 2023,3,290.95,livre,RBA,Carte,LIV8,
CMD45203,CL0611,P074,2023-10-12,2,2167.37,annulé,CASABLANCA,Carte,LIV3,
CMD43134,CL0425,P047,24/10/2023,5,4370.42,livré,Tnja,Carte,LIV2,2023-10-29
CMD32388,CL0684,P084,2024-01-12,1,4499.72,livré,casa,Carte,LIV6,2024-01-16
CMD38706,CL0435,P085,2023-10-10,1,4131.09,livré,TANGER,Carte,LIV1,2023-10-15
CMD26742,CL0641,P075,2023-07-30,3,0,retourné,kech,Carte,LIV8,2023-08-03
CMD12915,CL0353,P012,2023-07-26,1,1447.32,annulé,tanger,Carte,LIV6,
CMD25451,CL0992,P066,May 12 2023,5,2928.39,en_cours,TANGER,Carte,LIV10,
CMD33079,CL0609,P058,2023-05-27,2,3112.59,KO,CASABLANCA,Carte,LIV4,
CMD43439,CL0368,P061,Apr 29 2023,3,1743.21,livré,Agadir,Carte,LIV6,2023-04-30
CMD45223,CL0322,P060,2023-12-02,4,1910.33,annulé,kech,Carte,LIV3,
CMD03178,CL0892,P089,2023-01-25,2,2542.83,DONE,kech,Carte,LIV2,2023-01-29
CMD14472,CL0566,P078,2023-08-27,1,1428.84,KO,casa,Carte,LIV2,
CMD13361,CL0875,P039,22/06/2023,4,3058.1,KO,casa,Carte,LIV3,
CMD05471,CL0756,P040,06/04/2024,1,543.53,LIVRE,casa,Carte,LIV7,2024-04-10
CMD31628,CL0271,P034,Mar 28 2024,1,2753.35,LIVRE,TNG,Carte,LIV10,2024-04-01
CMD06047,CL0481,P098,01/01/2024,1,4420.98,annulé,Agadir,Carte,LIV5,
CMD05013,CL0361,P062,Jun 18 2023,5,3628.02,livre,Agadir,Carte,LIV5,
CMD14354,CL0438,P097,Feb 27 2023,-1,1727.08,retourné,CASABLANCA,Carte,LIV2,2023-03-04
CMD20397,CL0054,P050,Jan 16 2024,2,3231.71,annulé,casa,Carte,LIV2,
CMD05880,CL0587,P044,2023-01-28,3,3653.04,livré,marrakech,Carte,LIV8,2023-02-02
CMD19373,CL0855,P060,2023-03-03,3,4310.17,DONE,casa,Carte,LIV6,2023-03-08
CMD23529,CL0671,P005,2024-01-25,4,3168.08,LIVRE,RBA,Carte,LIV6,2024-01-26
CMD19828,CL0534,P095,05/01/2023,5,746.89,retourné,Tnja,Carte,LIV8,2023-01-07
CMD14838,CL0100,P049,2024-04-10,3,1114.07,retourné,TANGER,Carte,LIV5,2024-04-11
CMD12712,CL0270,P068,20/04/2024,5,4545.64,livré,CASABLANCA,Carte,LIV7,2024-04-22
CMD19411,CL0394,P072,2023-03-02,1,316.93,OK,TNG,Carte,LIV1,
CMD35300,CL0163,P093,Nov 02 2023,4,2352.55,DONE,tanger,Carte,LIV7,2023-11-07
CMD33840,CL0448,P022,2023-06-28,3,319.75,livré,RBA,Carte,LIV4,2023-06-29
CMD18797,CL0504,P001,2023-06-25,-1,800.31,LIVRE,TNG,Carte,LIV1,2023-06-30
CMD17520,CL0490,P079,2024-01-13,5,2564.43,OK,TNG,Carte,LIV1,
CMD03092,CL0361,P080,23/03/2024,2,2697.14,OK,casa,Carte,LIV4,
CMD20652,CL0257,P044,Oct 14 2023,1,1421.19,KO,TNG,Carte,LIV7,
CMD45700,CL0892,P057,2023-11-03,1,540.9,livré,Agadir,Carte,LIV10,2023-11-06
CMD37722,CL0599,P037,Dec 23 2023,4,4856.26,annulé,marrakech,Carte,LIV9,
CMD42803,CL0465,P017,23/03/2024,3,4808.92,livré,casa,Carte,,2024-03-24
CMD30351,CL0831,P049,Sep 01 2023,2,3065.81,KO,Agadir,Carte,LIV4,
CMD24792,CL0513,P012,2024-01-03,2,2461.72,OK,marrakech,Carte,LIV2,
CMD00407,CL0148,P072,2024-01-05,4,3108.82,LIVRE,kech,Carte,LIV6,2024-01-08
CMD04124,CL0812,P012,2024-04-29,3,1688.94,LIVRE,Agadir,Carte,LIV9,2024-05-01
CMD46648,CL0457,P087,2024-01-21,4,243.82,livré,Tnja,Carte,LIV1,2024-01-24
CMD38717,CL0392,P024,2024-04-26,5,784.07,DONE,TANGER,Carte,,2024-04-30
CMD34886,CL0872,P095,2023-03-31,1,2690.89,livré,TANGER,Carte,LIV8,2023-04-04
CMD34490,CL0649,P088,Apr 16 2024,3,4172.11,livré,casa,Carte,LIV2,2024-04-18
CMD24787,CL0997,P044,Apr 03 2023,1,4347.65,en_cours,Agadir,Carte,LIV5,
CMD31125,CL0978,P003,30/05/2023,3,192.31,en_cours,tanger,Carte,LIV3,
CMD08031,CL0628,P010,2024-05-11,2,4067.27,livré,TANGER,Carte,LIV5,2024-05-16
CMD14689,CL0729,P092,10/02/2024,5,1200.31,LIVRE,tanger,Carte,,2024-02-12
CMD06962,CL0306,P051,2023-10-27,5,2313.52,OK,RBA,Carte,LIV5,
CMD18101,CL0677,P007,03/04/2023,5,431.01,OK,Tnja,Carte,LIV4,
CMD15993,CL0462,P018,Mar 07 2024,4,3199.52,livre,CASABLANCA,Carte,LIV10,
CMD13586,CL0036,P019,Jan 08 2023,2,3456.87,livré,casa,Carte,LIV3,2023-01-12
CMD28502,CL0270,P065,06/03/2024,4,3138.19,livre,Agadir,Carte,LIV3,
CMD12127,CL0595,P032,Feb 26 2024,1,1405.49,LIVRE,TNG,Carte,,2024-03-01
CMD01258,CL0008,P052,2023-04-06,4,0,OK,tanger,Carte,LIV7,
CMD33476,CL0331,P002,17/04/2023,5,2631.46,annulé,tanger,Carte,LIV4,
CMD41979,CL0551,P061,15/03/2023,1,853.12,en_cours,Agadir,Carte,,
CMD32589,CL0990,P064,2023-06-24,2,76.99,livré,TNG,Carte,LIV9,2023-06-27
CMD44155,CL0559,P018,11/05/2023,5,895.25,annulé,RBA,Carte,LIV7,
CMD45634,CL0576,P094,2023-10-18,5,2057.69,annulé,marrakech,Carte,,
CMD13862,CL0728,P061,Aug 31 2023,2,2134.46,LIVRE,CASABLANCA,Carte,LIV3,2023-09-03
CMD24194,CL0119,P076,Jul 16 2023,2,3468.71,livre,TANGER,Carte,,
CMD08218,CL0561,P006,2023-07-25,5,4741.24,OK,casa,Carte,LIV10,
CMD34353,CL0292,P060,23/07/2023,3,1911.25,livré,Agadir,Carte,LIV9,2023-07-24
CMD47335,CL0477,P047,2023-12-26,1,879.17,retourné,Tnja,Carte,LIV6,2023-12-30
CMD03210,CL0375,P062,26/01/2023,2,3742.36,livré,tanger,Carte,LIV1,2023-01-29
CMD20785,CL0796,P035,May 10 2024,5,3265.53,livré,marrakech,Carte,LIV9,2024-05-15
CMD45069,CL0516,P021,May 16 2023,5,3630.87,retourné,Tnja,Carte,LIV4,2023-05-21
CMD07270,CL0974,P084,07/02/2023,3,978.14,en_cours,TNG,Carte,LIV4,
CMD33825,CL0050,P032,Sep 22 2023,2,3559.68,retourné,casa,Carte,LIV9,2023-09-25
CMD26992,CL0750,P025,2024-01-22,1,2687.08,livre,casa,Carte,LIV4,
CMD25669,CL0123,P087,2023-03-01,4,3229.1,livre,Tnja,Carte,LIV8,
CMD16533,CL0589,P080,Aug 09 2023,2,2968.78,livre,RBA,Carte,LIV4,
CMD28567,CL0794,P087,07/01/2023,5,3255.93,LIVRE,kech,Carte,LIV2,2023-01-12
CMD11478,CL0430,P013,Sep 03 2023,3,826.62,LIVRE,TNG,Carte,LIV1,2023-09-07
CMD38366,CL0019,P075,2023-10-31,3,4399.62,KO,casa,Carte,LIV2,
CMD47961,CL0760,P087,20/11/2023,5,414.05,KO,Tnja,Carte,LIV1,
CMD08176,CL0335,P071,2023-01-27,4,4301.38,KO,Tnja,Carte,LIV7,
CMD27266,CL0451,P035,2023-03-25,5,4551.63,KO,Agadir,Carte,LIV10,
CMD17017,CL0833,P006,06/03/2024,3,4110.03,retourné,Agadir,Carte,LIV6,2024-03-09
CMD07315,CL0424,P085,2024-01-22,2,4642.4,en_cours,TNG,Carte,LIV7,
CMD40214,CL0350,P065,2023-04-16,3,2813.89,DONE,CASABLANCA,Carte,LIV1,2023-04-19
CMD20281,CL0902,P077,2023-07-18,3,3367.47,livré,CASABLANCA,Carte,LIV1,2023-07-20
CMD05832,CL0226,P008,2023-05-22,4,1041.61,livré,CASABLANCA,Carte,LIV9,2023-05-23
CMD08229,CL0247,P052,2023-07-19,5,1599.87,livré,marrakech,Carte,LIV5,2023-07-24
CMD19284,CL0958,P079,2023-04-04,5,3983.38,annulé,casa,Carte,LIV5,
CMD21310,CL0750,P040,27/01/2023,5,3444.62,KO,casa,Carte,LIV2,
CMD05112,CL0843,P047,May 10 2024,3,418.84,retourné,Tnja,Carte,LIV5,2024-05-11
CMD27609,CL0815,P002,2024-03-05,2,3785.84,annulé,RBA,Carte,LIV4,
CMD41650,CL0404,P079,09/06/2023,4,509.4,KO,CASABLANCA,Carte,LIV6,
CMD15608,CL0819,P075,2023-02-01,4,3823.42,annulé,CASABLANCA,Carte,LIV3,
CMD11777,CL0601,P049,14/02/2023,2,210.2,retourné,kech,Carte,LIV2,2023-02-19
CMD42880,CL0170,P083,Dec 06 2023,-1,0,livré,TNG,Carte,LIV6,2023-12-07
CMD42560,CL0647,P017,Jan 14 2024,3,2420.31,DONE,Agadir,Carte,LIV4,2024-01-18
CMD06375,CL0780,P090,19/03/2024,5,2253.64,livré,CASABLANCA,Carte,LIV2,2024-03-23
CMD09210,CL0609,P091,08/12/2023,5,73.2,OK,TANGER,Carte,LIV3,
CMD37738,CL0724,P017,10/04/2023,5,930.26,retourné,marrakech,Carte,LIV6,2023-04-13
CMD00829,CL0078,P057,2023-12-17,-1,3968.68,livré,Tnja,Carte,LIV9,2023-12-22
CMD26494,CL0826,P052,May 13 2023,-1,3301.79,OK,casa,Carte,LIV9,
CMD14567,CL0464,P061,2023-01-15,-1,4626.52,en_cours,tanger,Carte,LIV1,
CMD14124,CL0371,P003,2023-07-09,3,4297.08,livré,Agadir,Carte,LIV10,2023-07-11
CMD11009,CL0154,P089,23/08/2023,5,3375.99,retourné,TNG,Carte,LIV5,2023-08-24
CMD46822,CL0112,P058,24/02/2024,3,1281.23,livré,CASABLANCA,Carte,LIV4,2024-02-26
CMD18879,CL0842,P055,08/10/2023,3,3149.52,OK,kech,Carte,LIV7,
CMD47505,CL0990,P068,Aug 27 2023,4,3401.01,livré,TNG,Carte,LIV7,2023-09-01
CMD11601,CL0646,P071,01/01/2023,2,465.07,livré,CASABLANCA,Carte,LIV2,2023-01-06
CMD03122,CL0934,P036,2023-10-28,1,3129.19,livré,Agadir,Carte,,2023-11-01
CMD02721,CL0596,P085,27/04/2023,4,4086.95,livré,CASABLANCA,Carte,LIV4,2023-05-01
CMD00708,CL0963,P019,2023-12-27,2,1325.65,livre,casa,Carte,LIV2,
CMD45438,CL0170,P045,Nov 02 2023,5,1290.07,KO,Agadir,Carte,LIV7,
CMD31935,CL0624,P074,19/01/2023,2,1771.36,en_cours,TNG,Carte,LIV8,
CMD41511,CL0803,P072,2023-08-09,5,3531.03,LIVRE,marrakech,Carte,LIV6,2023-08-14
CMD01476,CL0795,P089,2023-11-30,1,455.71,OK,Agadir,Carte,LIV10,
CMD24917,CL0223,P019,2023-03-08,5,4080.49,livré,casa,Carte,LIV6,2023-03-11
CMD44652,CL0868,P044,2024-04-25,3,598.75,DONE,RBA,Carte,LIV4,2024-04-26
CMD35733,CL0593,P035,2023-03-13,3,1107.24,livre,TANGER,Carte,LIV3,
CMD32453,CL0205,P097,27/08/2023,3,3215.07,livre,CASABLANCA,Carte,LIV7,
CMD10611,CL0908,P082,Sep 06 2023,5,4499.99,annulé,kech,Carte,,
CMD06214,CL0784,P036,2023-10-26,2,4079.54,KO,Agadir,Carte,LIV5,
CMD12493,CL0269,P064,2024-03-25,4,3302.98,retourné,RBA,Carte,LIV10,2024-03-29
CMD33401,CL0092,P094,13/01/2024,5,723.04,OK,Tnja,Carte,LIV2,
CMD27328,CL0857,P001,2024-02-03,4,4317.1,DONE,RBA,Carte,LIV5,2024-02-06
CMD39356,CL0688,P095,Apr 14 2024,1,1513.3,DONE,kech,Carte,LIV6,2024-04-16
CMD03645,CL0995,P020,2023-05-14,1,4667.95,en_cours,Tnja,Carte,LIV4,
CMD08088,CL0983,P006,2024-04-23,2,1946.4,retourné,TNG,Carte,LIV8,2024-04-27
CMD24071,CL0804,P069,2023-11-15,5,228.61,KO,casa,Carte,LIV2,
CMD11426,CL0662,P056,2024-01-19,1,3495.74,livré,RBA,Carte,LIV8,2024-01-24
CMD13162,CL0706,P014,Apr 06 2024,5,3991.76,KO,TANGER,Carte,LIV6,
CMD29135,CL0359,P077,2023-02-06,4,4992.61,DONE,casa,Carte,LIV1,2023-02-10
CMD22515,CL0878,P070,2023-03-26,1,4669.05,DONE,casa,Carte,LIV7,2023-03-29
CMD38316,CL0930,P052,02/05/2023,5,1130.08,livré,RBA,Carte,,2023-05-04
CMD47254,CL0689,P026,2023-11-22,4,991.95,en_cours,TNG,Carte,LIV6,
CMD22152,CL0413,P090,Sep 17 2023,1,3961.84,DONE,Tnja,Carte,LIV3,2023-09-21
CMD26150,CL0790,P092,Sep 11 2023,2,3378.91,livre,marrakech,Carte,LIV3,
CMD26939,CL0874,P039,May 07 2023,5,3614.06,livré,tanger,Carte,LIV3,2023-05-08
CMD03696,CL0728,P038,2023-02-03,1,4473.28,livre,CASABLANCA,Carte,LIV4,
CMD18173,CL0073,P065,2023-06-05,2,165.89,livré,casa,Carte,LIV7,2023-06-07
CMD12920,CL0539,P056,2023-06-09,4,1001.37,OK,Tnja,Carte,LIV4,
CMD41019,CL0934,P091,2023-01-28,5,4982.39,en_cours,marrakech,Carte,LIV8,
CMD40501,CL0633,P002,Jul 02 2023,3,337.29,livré,kech,Carte,LIV4,2023-07-06
CMD16635,CL0205,P077,2023-02-18,3,4402.35,DONE,CASABLANCA,Carte,LIV2,2023-02-19
CMD05655,CL0783,P087,23/02/2024,3,3558.25,livré,RBA,Carte,LIV9,2024-02-26
CMD36493,CL0065,P028,03/04/2023,5,4089.95,en_cours,marrakech,Carte,LIV6,
CMD23251,CL0120,P062,Apr 18 2024,1,1241.83,DONE,tanger,Carte,LIV7,2024-04-23
CMD03538,CL0152,P081,19/02/2024,1,1756.22,DONE,kech,Carte,LIV9,2024-02-22
CMD25199,CL0688,P017,19/12/2023,2,3683.85,livré,marrakech,Carte,LIV6,2023-12-22
CMD32343,CL0374,P039,19/07/2023,5,1023.36,en_cours,marrakech,Carte,LIV6,
CMD21644,CL0681,P075,Apr 07 2024,4,2398.24,retourné,Tnja,Carte,LIV1,2024-04-10
CMD40125,CL0237,P093,22/04/2024,1,4009.98,LIVRE,Tnja,Carte,LIV2,2024-04-24
CMD31616,CL0613,P069,2024-04-23,5,2234.66,retourné,Agadir,Carte,LIV1,2024-04-24
CMD02423,CL0742,P059,Apr 10 2023,2,2799.51,livré,kech,Carte,LIV9,2023-04-13
CMD34744,CL0263,P074,May 15 2024,1,3823.65,annulé,tanger,Carte,LIV9,
CMD46842,CL0353,P094,May 14 2023,1,4336.83,DONE,kech,Carte,LIV9,2023-05-18
CMD28071,CL0585,P012,2023-10-07,2,1279.53,retourné,Tnja,Carte,LIV6,2023-10-11
CMD11992,CL0411,P012,Nov 14 2023,1,1508.7,DONE,CASABLANCA,Carte,,2023-11-16
CMD08625,CL0466,P030,05/12/2023,1,1929.68,livré,tanger,Carte,LIV4,2023-12-10
CMD08926,CL0226,P034,24/02/2024,3,2267.77,LIVRE,TNG,Carte,LIV10,2024-02-27
CMD00356,CL0004,P054,2023-06-24,1,3066.52,KO,kech,Carte,LIV8,
CMD34010,CL0445,P040,22/08/2023,1,2014.38,LIVRE,Agadir,Carte,LIV7,2023-08-25
CMD15810,CL0394,P007,May 14 2024,3,2949.1,livré,kech,Carte,LIV2,2024-05-15
CMD19952,CL0671,P022,2024-01-07,3,3266.52,KO,casa,Carte,LIV8,
CMD15593,CL0731,P081,2023-07-28,2,2103.6,OK,marrakech,Carte,LIV6,
CMD39237,CL0393,P082,Feb 17 2024,1,4075.83,annulé,tanger,Carte,LIV4,
CMD12628,CL0438,P086,18/03/2023,5,1042.6,retourné,Tnja,Carte,LIV8,2023-03-19
CMD05624,CL0538,P030,27/03/2024,3,4982.39,LIVRE,tanger,Carte,LIV5,2024-03-31
CMD28250,CL0174,P055,Aug 13 2023,2,4949.99,livré,Tnja,Carte,LIV2,2023-08-18
CMD05651,CL0102,P038,Dec 06 2023,4,128.51,LIVRE,RBA,Carte,LIV7,2023-12-07
CMD15717,CL0495,P056,2024-05-02,4,1008.19,retourné,TNG,Carte,LIV6,2024-05-04
CMD24601,CL0014,P019,08/08/2023,2,3268.03,LIVRE,Agadir,Carte,LIV9,2023-08-13
CMD36417,CL0974,P100,24/11/2023,-1,2576.79,livré,Tnja,Carte,LIV2,2023-11-28
CMD24319,CL0238,P077,Jul 16 2023,1,605.36,OK,Tnja,Carte,LIV7,
CMD26134,CL0853,P077,2023-07-09,2,634.89,livre,marrakech,Carte,LIV5,
CMD12580,CL0671,P051,May 08 2023,4,1424.86,livré,RBA,Carte,LIV4,2023-05-09
CMD33656,CL0496,P081,23/11/2023,4,155.26,livré,tanger,Carte,LIV6,2023-11-28
CMD44539,CL0332,P030,05/11/2023,4,3159.04,annulé,kech,Carte,LIV2,
CMD26730,CL0407,P098,08/02/2023,3,4575.27,livre,casa,Carte,LIV7,
CMD06999,CL0225,P020,2024-02-17,2,3877.97,LIVRE,marrakech,Carte,LIV9,2024-02-20
CMD16703,CL0456,P027,Feb 16 2024,1,176.52,annulé,kech,Carte,LIV4,
CMD05668,CL0215,P072,Feb 27 2024,5,908.06,OK,Tnja,Carte,LIV8,
CMD28865,CL0087,P095,Apr 17 2024,4,3996.48,livré,Agadir,Carte,,2024-04-22
CMD07641,CL0985,P002,2023-05-17,5,3864.67,livré,marrakech,Carte,LIV8,2023-05-20
CMD08858,CL0130,P091,Jun 28 2023,1,4281.38,livré,tanger,Carte,LIV2,2023-06-30
CMD36900,CL0392,P002,2024-02-23,4,1146.66,DONE,marrakech,Carte,LIV5,2024-02-25
CMD01021,CL0475,P069,2024-03-29,4,2869.12,LIVRE,TNG,Carte,LIV6,2024-04-01
CMD12946,CL0843,P002,Mar 07 2023,5,2199.13,retourné,RBA,Carte,LIV3,2023-03-12
CMD41136,CL0528,P054,24/02/2023,5,3892.06,livré,TANGER,Carte,,2023-02-27
CMD45885,CL0398,P024,2023-09-10,2,128.23,annulé,CASABLANCA,Carte,LIV2,
CMD34562,CL0567,P032,2023-01-01,4,327.34,en_cours,RBA,Carte,LIV9,
CMD47060,CL0726,P012,Jan 24 2024,3,4690.11,en_cours,kech,Carte,LIV10,
CMD39291,CL0451,P043,2023-04-30,4,4201.02,DONE,RBA,Carte,LIV1,2023-05-03
CMD39341,CL0059,P044,2023-06-13,4,2184.68,livré,RBA,Carte,LIV5,2023-06-15
CMD19929,CL0688,P084,01/10/2023,3,3777.76,annulé,Agadir,Carte,LIV9,
CMD23525,CL0606,P015,Jan 10 2023,4,3799.05,livré,TNG,Carte,LIV5,2023-01-12
CMD37615,CL0117,P071,19/05/2023,3,4756.04,en_cours,CASABLANCA,Carte,LIV3,
CMD20285,CL0300,P065,2023-04-28,4,409.15,LIVRE,RBA,Carte,LIV2,2023-04-29
CMD00355,CL0676,P053,Mar 03 2024,3,4351.03,livré,TANGER,Carte,,2024-03-06
CMD28893,CL0467,P064,Sep 26 2023,3,2545.25,livré,CASABLANCA,Carte,LIV1,2023-09-30
CMD36074,CL0979,P071,Jun 07 2023,5,938.32,KO,RBA,Carte,LIV4,
CMD40547,CL0997,P041,14/02/2024,5,1281.19,livre,TANGER,Carte,LIV1,
CMD18610,CL0966,P080,Aug 02 2023,3,4034.83,retourné,RBA,Carte,LIV7,2023-08-04
CMD39055,CL0834,P042,2023-02-28,5,960.16,LIVRE,tanger,Carte,LIV4,2023-03-02
CMD25229,CL0710,P041,13/04/2024,1,4734.96,OK,tanger,Carte,LIV3,
CMD40431,CL0068,P062,Feb 03 2023,4,3660.33,annulé,CASABLANCA,Carte,LIV2,
CMD07097,CL0441,P086,2024-01-01,4,1456.71,DONE,kech,Carte,LIV9,2024-01-06
CMD05928,CL0585,P042,07/05/2023,2,185.73,DONE,tanger,Carte,LIV4,2023-05-08
CMD30831,CL0300,P083,29/09/2023,3,3984.27,livré,CASABLANCA,Carte,LIV3,2023-10-03
CMD25325,CL0551,P053,2024-04-08,5,724.18,DONE,CASABLANCA,Carte,LIV5,2024-04-12
CMD16574,CL0137,P045,Sep 02 2023,1,4477.89,livré,kech,Carte,LIV8,2023-09-06
CMD01171,CL0762,P013,2024-02-28,2,1626.16,livré,CASABLANCA,Carte,LIV10,2024-03-04
CMD39136,CL0362,P035,2024-01-03,4,2710.07,retourné,Agadir,Carte,LIV5,2024-01-04
CMD17187,CL0214,P038,12/05/2024,4,2236.61,KO,Tnja,Carte,LIV8,
CMD20537,CL0252,P078,10/03/2023,4,2293.37,livre,Agadir,Carte,LIV2,
CMD09822,CL0432,P026,Nov 14 2023,1,3109.34,LIVRE,kech,Carte,LIV5,2023-11-15
CMD00568,CL0073,P014,Feb 21 2023,3,4850.49,annulé,RBA,Carte,LIV7,
CMD04148,CL0514,P019,31/05/2023,3,1863.94,livré,TANGER,Carte,LIV10,2023-06-02
CMD42155,CL0384,P002,Mar 28 2023,2,1864.56,livre,CASABLANCA,Carte,LIV5,
CMD26413,CL0057,P073,25/10/2023,3,4861.35,retourné,Agadir,Carte,LIV8,2023-10-27
CMD09681,CL0476,P007,23/08/2023,5,4225.11,livré,Agadir,Carte,LIV2,2023-08-28
CMD00815,CL0806,P042,27/01/2024,2,1430.01,DONE,Agadir,Carte,LIV7,2024-01-29
CMD13544,CL0917,P069,30/07/2023,3,3832.72,livré,Tnja,Carte,,2023-08-02
CMD22618,CL0832,P032,Oct 27 2023,1,856.76,livré,marrakech,Carte,LIV1,2023-10-29
CMD32467,CL0983,P093,2023-10-11,1,1643.82,livré,kech,Carte,LIV2,2023-10-12
CMD37999,CL0656,P010,10/09/2023,2,2487.73,DONE,kech,Carte,LIV3,2023-09-15
CMD35334,CL0740,P018,Feb 20 2024,4,3496.22,DONE,TNG,Carte,,2024-02-24
CMD12193,CL0031,P047,19/10/2023,5,4262.68,retourné,RBA,Carte,LIV4,2023-10-22
CMD31084,CL0451,P048,10/01/2024,4,3477.69,DONE,Agadir,Carte,LIV1,2024-01-11
CMD25640,CL0788,P077,10/05/2024,1,4965.06,livre,TANGER,Carte,LIV6,
CMD11590,CL0139,P003,2024-01-15,-1,4108.1,LIVRE,Tnja,Carte,LIV3,2024-01-17
CMD29681,CL0783,P071,03/05/2023,3,4715.8,livré,Tnja,Carte,LIV2,2023-05-04
CMD25491,CL0194,P038,27/01/2023,4,2106.09,LIVRE,kech,Carte,LIV9,2023-01-31
CMD26282,CL0805,P025,2023-02-25,3,2157.76,annulé,casa,Carte,LIV7,
CMD32225,CL0747,P041,May 02 2024,4,442.15,OK,CASABLANCA,Carte,,
CMD33089,CL0536,P089,2024-03-19,2,4634.31,LIVRE,marrakech,Carte,LIV6,2024-03-23
CMD22725,CL0841,P077,Nov 02 2023,4,4894.42,livré,TANGER,Carte,LIV10,2023-11-04
CMD23291,CL0770,P077,Sep 26 2023,5,1888.32,livré,tanger,Carte,LIV1,2023-09-29
CMD06067,CL0019,P010,Oct 31 2023,1,1454.54,en_cours,Tnja,Carte,LIV5,
CMD03698,CL0954,P059,Nov 09 2023,5,3808.34,annulé,Tnja,Carte,LIV1,
CMD10976,CL0999,P054,Apr 08 2023,5,3405.91,DONE,Agadir,Carte,LIV6,2023-04-10
CMD36869,CL0413,P024,2023-01-29,2,1457.87,livré,kech,Carte,LIV3,2023-02-02
CMD12355,CL0218,P030,2023-08-19,2,4090.94,livre,TANGER,Carte,LIV10,
CMD14085,CL0272,P034,07/01/2023,3,3824.25,KO,TNG,Carte,LIV8,
CMD21331,CL0738,P049,Dec 26 2023,1,2566.82,LIVRE,CASABLANCA,Carte,LIV2,2023-12-30
CMD23777,CL0342,P100,2024-01-09,4,2824.36,en_cours,TNG,Carte,LIV1,
CMD23630,CL0765,P009,2023-04-03,4,2453.35,OK,Tnja,Carte,LIV7,
CMD16395,CL0809,P100,Jul 24 2023,5,106.18,DONE,marrakech,Carte,LIV8,2023-07-28
CMD04098,CL0464,P033,Oct 11 2023,1,4036.65,livré,tanger,Carte,LIV3,2023-10-15
CMD43405,CL0954,P088,Mar 06 2024,4,4553.24,DONE,casa,Carte,LIV3,2024-03-07
CMD30272,CL0644,P004,2024-04-13,1,108.91,OK,TNG,Carte,LIV8,
CMD13769,CL0579,P009,05/01/2024,2,2763.18,en_cours,casa,Carte,LIV7,
CMD01746,CL0049,P067,2023-02-09,1,243.51,livré,kech,Carte,LIV3,2023-02-12
CMD42347,CL0110,P012,30/10/2023,3,484.62,DONE,Tnja,Carte,LIV4,2023-11-04
CMD39350,CL0095,P033,08/03/2024,1,3505.4,livré,tanger,Carte,LIV9,2024-03-13
CMD31610,CL0416,P054,2023-03-02,1,2414.14,livré,TANGER,Carte,LIV3,2023-03-07
CMD02745,CL0280,P002,2023-12-18,5,570.42,retourné,Tnja,Carte,,2023-12-23
CMD12781,CL0546,P063,Aug 17 2023,-1,3856.52,annulé,TANGER,Carte,LIV1,
CMD23576,CL0139,P008,May 03 2023,3,4976.47,annulé,TANGER,Carte,LIV10,
CMD16330,CL0275,P015,2023-06-21,2,4540.13,livré,TANGER,Carte,LIV3,2023-06-26
CMD20529,CL0241,P036,2023-12-18,1,4757.08,livre,RBA,Carte,LIV2,
CMD00088,CL0251,P073,2023-02-08,5,1934.98,LIVRE,Tnja,Carte,,2023-02-10
CMD03751,CL0369,P082,2024-04-04,3,2751.14,KO,casa,Carte,LIV4,
CMD24466,CL0965,P075,2024-02-12,4,2534.65,livré,CASABLANCA,Carte,LIV3,2024-02-16
CMD03948,CL0559,P092,May 03 2023,4,3708.39,livré,TANGER,Carte,LIV3,2023-05-06
CMD34858,CL0147,P012,31/03/2024,3,1394.4,retourné,Agadir,Carte,LIV2,2024-04-05
CMD14892,CL0795,P094,21/11/2023,3,3839.52,OK,Tnja,Carte,LIV2,
CMD01695,CL0399,P033,Feb 05 2024,1,2078.63,retourné,kech,Carte,LIV2,2024-02-06
CMD16058,CL0015,P072,08/02/2023,2,4370.62,annulé,RBA,Carte,LIV6,
CMD00099,CL0787,P054,Feb 03 2024,3,680.71,OK,marrakech,Carte,LIV5,
CMD03616,CL0532,P047,28/05/2023,5,3354.26,livré,Tnja,Carte,LIV10,2023-05-29
CMD12473,CL0258,P061,28/04/2024,5,2362.4,en_cours,TNG,Carte,LIV10,
CMD03656,CL0523,P075,2023-12-10,4,77.08,livré,kech,Carte,LIV6,2023-12-13
CMD03596,CL0490,P037,2023-08-21,3,1800.28,livre,RBA,Carte,LIV7,
CMD20974,CL0049,P036,2024-02-26,1,3821.81,KO,TANGER,Carte,LIV10,
CMD01336,CL0323,P064,2023-12-18,5,793.72,LIVRE,kech,Carte,LIV10,2023-12-21
CMD43829,CL0381,P034,2023-03-10,2,4544.28,livré,CASABLANCA,Carte,LIV1,2023-03-12
CMD35855,CL0563,P042,15/05/2023,1,1119.89,livre,Tnja,Carte,LIV2,
CMD39990,CL0773,P050,2023-10-03,4,3676.8,DONE,kech,Carte,LIV3,2023-10-08
CMD15972,CL0678,P002,Mar 16 2023,2,2744.66,LIVRE,casa,Carte,LIV8,2023-03-18
CMD17456,CL0825,P088,2023-05-10,3,4990.86,livré,Agadir,Carte,LIV5,2023-05-14
CMD10458,CL0830,P035,2023-12-19,5,2396.31,annulé,CASABLANCA,Carte,LIV10,
CMD11581,CL0671,P036,09/08/2023,4,2259.2,annulé,RBA,Carte,,
CMD11421,CL0501,P083,13/12/2023,5,3491.54,DONE,Agadir,Carte,LIV1,2023-12-18
CMD28913,CL0473,P004,Oct 21 2023,4,1353.25,OK,TNG,Carte,LIV8,
CMD24494,CL0835,P092,2023-04-19,2,2237.67,annulé,TNG,Carte,LIV9,
CMD11273,CL0833,P045,Feb 20 2024,4,4592.53,livre,casa,Carte,LIV10,
CMD45820,CL0458,P080,23/10/2023,5,2543.38,livré,marrakech,Carte,,2023-10-28
CMD30146,CL0500,P098,26/08/2023,1,775.08,livre,TANGER,Carte,LIV4,
CMD43731,CL0416,P048,2023-03-05,5,1266.68,DONE,tanger,Carte,LIV10,2023-03-09
CMD02923,CL0385,P059,Nov 04 2023,3,840.9,livré,TNG,Carte,LIV1,2023-11-09
CMD41861,CL0680,P035,30/09/2023,1,2550.03,KO,marrakech,Carte,LIV9,
CMD46674,CL0868,P026,13/02/2023,4,3850.11,OK,Tnja,Carte,LIV5,
CMD06507,CL0625,P085,2023-09-06,4,921.26,livré,TANGER,Carte,LIV10,2023-09-07
CMD24902,CL0380,P091,2024-03-12,4,682.27,DONE,CASABLANCA,Carte,LIV7,2024-03-14
CMD35607,CL0852,P032,Feb 02 2024,4,4963.8,LIVRE,casa,Carte,LIV1,2024-02-06
CMD27184,CL0021,P070,May 12 2023,5,2398.25,OK,RBA,Carte,LIV10,
CMD11097,CL0392,P071,2023-09-11,4,471.37,DONE,marrakech,Carte,LIV10,2023-09-13
CMD08463,CL0646,P046,2023-04-03,2,1937.18,KO,marrakech,Carte,,
CMD44058,CL0356,P095,Mar 09 2024,4,3464.41,en_cours,marrakech,Carte,LIV8,
CMD15740,CL0827,P076,2023-03-05,1,1389.54,KO,CASABLANCA,Carte,LIV4,
CMD32277,CL0284,P006,2024-04-11,3,1855.95,livré,kech,Carte,LIV9,2024-04-16
CMD06906,CL0610,P091,Jul 31 2023,1,0,livré,casa,Carte,LIV1,2023-08-05
CMD38112,CL0452,P014,Jun 13 2023,1,3752.11,KO,CASABLANCA,Carte,LIV1,
CMD33259,CL0420,P022,2023-07-15,2,2457.84,livré,TANGER,Carte,LIV9,2023-07-20
CMD45831,CL0014,P007,2023-01-29,1,330.86,OK,marrakech,Carte,LIV2,
CMD30777,CL0141,P052,21/12/2023,5,1905.76,retourné,tanger,Carte,LIV2,2023-12-22
CMD03957,CL0837,P015,17/11/2023,3,2770.18,livré,tanger,Carte,LIV2,2023-11-20
CMD28269,CL0431,P026,2023-02-27,4,4380.01,retourné,kech,Carte,LIV10,2023-03-02
CMD29389,CL0667,P063,12/02/2024,2,833.05,en_cours,TNG,Carte,LIV5,
CMD30585,CL0403,P089,2024-04-26,1,4335.94,KO,Tnja,Carte,LIV7,
CMD16079,CL0785,P006,2024-03-11,5,0,livré,TNG,Carte,LIV3,2024-03-12
CMD03554,CL0034,P021,07/08/2023,1,453.44,KO,casa,Carte,LIV8,
CMD30983,CL0056,P015,27/04/2024,2,2750.44,livré,TANGER,Carte,LIV1,2024-04-28
CMD43027,CL0388,P045,24/01/2024,1,155.13,en_cours,casa,Carte,LIV3,
CMD23993,CL0773,P019,Sep 06 2023,5,2742.64,annulé,kech,Carte,LIV6,
CMD34546,CL0770,P061,25/05/2023,1,1068.94,OK,Agadir,Carte,LIV1,
CMD18863,CL0267,P018,18/04/2024,1,1569.41,en_cours,TANGER,Carte,LIV1,
CMD34130,CL0854,P013,26/06/2023,4,987.74,livré,kech,Carte,LIV3,2023-06-27
CMD30429,CL0351,P009,2023-07-02,3,3592.85,livre,kech,Carte,LIV1,
CMD24280,CL0498,P008,2023-07-14,1,3041.59,DONE,Agadir,Carte,LIV7,2023-07-15
CMD31090,CL0860,P045,20/10/2023,3,2933.23,KO,CASABLANCA,Carte,LIV3,
CMD20939,CL0978,P012,Jul 14 2023,2,1670.18,DONE,Agadir,Carte,LIV9,2023-07-19
CMD15819,CL0496,P032,2024-01-05,3,158.57,livré,marrakech,Carte,LIV9,2024-01-08
CMD13966,CL0792,P031,2023-08-01,4,998.13,DONE,TNG,Carte,LIV6,2023-08-05
CMD43608,CL0089,P091,30/08/2023,4,1011.99,annulé,TANGER,Carte,LIV3,
CMD11103,CL0938,P048,28/07/2023,3,2207.76,KO,Tnja,Carte,LIV9,
CMD35564,CL0760,P037,2023-10-02,1,1600.94,OK,TNG,Carte,LIV9,
CMD34629,CL0387,P039,2023-05-29,4,1088.96,livre,RBA,Carte,LIV1,
CMD15237,CL0637,P039,Sep 18 2023,5,4337.33,livré,CASABLANCA,Carte,LIV1,2023-09-21
CMD45727,CL0803,P099,2023-05-30,4,3336.58,livré,marrakech,Carte,,2023-05-31
CMD16357,CL0904,P029,Jan 14 2023,3,624.49,livré,RBA,Carte,LIV10,2023-01-19
CMD08200,CL0077,P049,2023-01-19,5,4535.96,LIVRE,RBA,Carte,LIV1,2023-01-20
CMD13281,CL0775,P054,Feb 13 2024,5,4761.09,OK,TANGER,Carte,LIV4,
CMD31542,CL0956,P047,Feb 15 2024,2,1741.71,LIVRE,TANGER,Carte,LIV1,2024-02-20
CMD40454,CL0448,P072,2023-08-27,3,1765.63,retourné,marrakech,Carte,LIV8,2023-09-01
CMD07390,CL0937,P043,Jul 08 2023,4,621.49,livré,TNG,Carte,LIV1,2023-07-12
CMD37486,CL0307,P049,06/09/2023,4,269.58,LIVRE,RBA,Carte,LIV8,2023-09-07
CMD06754,CL0177,P006,2023-03-27,3,4665.45,en_cours,Agadir,Carte,LIV10,
CMD08475,CL0282,P032,23/06/2023,1,732.65,en_cours,kech,Carte,LIV2,
CMD06648,CL0708,P061,Jul 04 2023,2,2499.62,annulé,marrakech,Carte,LIV2,
CMD35521,CL0012,P017,31/01/2023,3,2218.7,OK,kech,Carte,,
CMD15973,CL0374,P038,Feb 29 2024,2,2527.99,DONE,TNG,Carte,LIV3,2024-03-05
CMD37711,CL0437,P092,10/12/2023,4,834.85,retourné,kech,Carte,LIV8,2023-12-14
CMD35722,CL0114,P062,20/03/2023,3,4199.72,annulé,kech,Carte,LIV1,
CMD21039,CL0506,P045,07/09/2023,2,146.28,KO,TNG,Carte,LIV7,
CMD30695,CL0045,P095,2023-07-24,4,339.93,livré,CASABLANCA,Carte,LIV3,2023-07-28
CMD28659,CL0858,P062,06/06/2023,1,3077.13,livré,tanger,Carte,,2023-06-09
CMD38963,CL0185,P038,2024-05-01,3,3305.06,livré,casa,Carte,LIV9,2024-05-03
CMD38697,CL0672,P067,2024-04-01,4,4076.23,en_cours,Agadir,Carte,LIV1,
CMD38675,CL0820,P035,2023-11-08,3,1090.13,retourné,marrakech,Carte,LIV4,2023-11-13
CMD30145,CL0525,P100,01/01/2023,3,3646.61,annulé,kech,Carte,LIV1,
CMD27028,CL0610,P100,12/12/2023,2,1825.88,livré,Tnja,Carte,LIV4,2023-12-16
CMD33106,CL0985,P011,08/11/2023,5,2145.66,livré,RBA,Carte,,2023-11-12
CMD14223,CL0055,P032,Jul 19 2023,2,3492.21,DONE,kech,Carte,LIV4,2023-07-20
CMD11756,CL0209,P092,Dec 10 2023,1,2219.17,DONE,TNG,Carte,LIV2,2023-12-15
CMD07858,CL0682,P036,05/03/2024,4,2345.47,en_cours,tanger,Carte,LIV7,
CMD35934,CL0632,P058,2023-01-28,2,3427.06,livré,TNG,Carte,LIV4,2023-01-30
CMD30386,CL0395,P090,2023-03-17,5,4618.34,LIVRE,kech,Carte,LIV4,2023-03-21
CMD42721,CL0281,P023,04/12/2023,3,1175.61,livré,Agadir,Carte,LIV4,2023-12-06
CMD12816,CL0129,P086,2024-02-27,4,2817.15,livré,TANGER,Carte,LIV9,2024-02-29
CMD15901,CL0018,P051,2023-01-07,5,1880.19,en_cours,Tnja,Carte,LIV1,
CMD19480,CL0311,P012,2023-04-19,5,2901.91,annulé,casa,Carte,LIV6,
CMD26864,CL0504,P049,26/11/2023,1,264.97,KO,CASABLANCA,Carte,LIV5,
CMD23452,CL0778,P078,04/09/2023,2,1062.74,en_cours,TNG,Carte,LIV9,
CMD45854,CL0314,P072,23/10/2023,2,3536.76,annulé,kech,Carte,LIV7,
CMD36486,CL0730,P034,2023-09-17,1,1491.55,livré,RBA,Carte,LIV8,2023-09-22
CMD06032,CL0164,P045,Mar 13 2024,3,310.46,LIVRE,RBA,Carte,LIV10,2024-03-15
CMD33993,CL0146,P069,2023-03-09,2,1024.54,DONE,Tnja,Carte,LIV7,2023-03-14
CMD44417,CL0406,P007,2023-12-30,2,1279.26,DONE,Tnja,Carte,LIV7,2023-12-31
CMD31149,CL0465,P029,26/01/2023,5,972.8,livre,Tnja,Carte,LIV9,
CMD43819,CL0500,P028,2024-04-24,3,1652.74,OK,TANGER,Carte,LIV10,
CMD33690,CL0745,P035,Dec 08 2023,3,3060.72,en_cours,marrakech,Carte,LIV9,
CMD46246,CL0713,P080,2023-05-27,5,3110.92,retourné,CASABLANCA,Carte,LIV10,2023-05-28
CMD23840,CL0273,P056,May 16 2023,2,3786.55,OK,Tnja,Carte,LIV5,
CMD36891,CL0707,P068,Aug 21 2023,2,4997.69,DONE,Tnja,Carte,LIV10,2023-08-23
CMD44102,CL0591,P067,Mar 19 2023,4,2830.8,LIVRE,casa,Carte,LIV4,2023-03-20
CMD44224,CL0987,P097,27/02/2024,3,2032.06,LIVRE,marrakech,Carte,LIV2,2024-03-03
CMD40928,CL0686,P035,12/04/2023,5,4317.66,livré,casa,Carte,LIV5,2023-04-16
CMD35586,CL0839,P012,10/08/2023,5,676.21,livré,TNG,Carte,LIV8,2023-08-15
CMD13337,CL0693,P014,25/09/2023,4,4911.08,annulé,TANGER,Carte,LIV3,
CMD22579,CL0770,P071,30/01/2024,1,1618.67,OK,CASABLANCA,Carte,LIV10,
CMD23897,CL0554,P099,2023-09-01,4,3271.6,OK,CASABLANCA,Carte,LIV3,
CMD46878,CL0407,P076,Jan 23 2023,5,3991.0,livré,marrakech,Carte,LIV4,2023-01-27
CMD02170,CL0167,P085,19/04/2023,1,2476.83,OK,TANGER,Carte,LIV5,
CMD00087,CL0818,P061,2023-01-16,1,3134.03,en_cours,marrakech,Carte,LIV3,
CMD44720,CL0449,P047,05/03/2023,3,1859.69,DONE,RBA,Carte,LIV5,2023-03-10
CMD09140,CL0264,P033,2024-04-21,1,3210.8,DONE,CASABLANCA,Carte,LIV10,2024-04-26
CMD43888,CL0296,P005,12/05/2024,3,3873.86,OK,Tnja,Carte,LIV9,
CMD17076,CL0068,P045,Nov 13 2023,1,2570.26,en_cours,marrakech,Carte,LIV5,
CMD05804,CL0027,P082,Mar 27 2024,5,818.57,livré,TANGER,Carte,LIV2,2024-03-30
CMD44161,CL0983,P049,Jan 22 2024,1,1399.6,livré,Tnja,Carte,LIV9,2024-01-25
CMD33933,CL0714,P021,08/10/2023,1,3928.83,en_cours,kech,Carte,LIV5,
CMD06076,CL0805,P019,May 22 2023,1,4184.12,annulé,CASABLANCA,Carte,LIV6,
CMD36361,CL0420,P023,2023-04-01,1,4788.38,livre,casa,Carte,LIV5,
CMD36521,CL0942,P007,10/03/2023,3,2322.05,DONE,TANGER,Carte,LIV8,2023-03-15
CMD01953,CL0280,P054,24/03/2023,1,4798.61,livré,tanger,Carte,LIV4,2023-03-28
CMD10554,CL0245,P010,01/10/2023,5,1567.98,retourné,Tnja,Carte,LIV2,2023-10-05
CMD36490,CL0251,P025,2024-05-07,1,1143.36,livré,marrakech,Carte,LIV1,2024-05-10
CMD09982,CL0666,P075,03/03/2024,2,1325.24,annulé,TANGER,Carte,LIV6,
CMD42261,CL0157,P075,May 15 2023,5,4516.85,livre,TNG,Carte,LIV9,
CMD39448,CL0596,P079,30/06/2023,1,243.32,livré,Tnja,Carte,LIV8,2023-07-03
CMD16421,CL0979,P023,21/11/2023,2,2266.76,KO,Agadir,Carte,,
CMD11830,CL0476,P038,Jan 24 2024,3,2116.78,livre,TANGER,Carte,LIV2,
CMD22492,CL0013,P070,Nov 04 2023,3,4825.1,DONE,RBA,Carte,,2023-11-07
CMD17365,CL0306,P029,27/04/2023,2,1200.03,retourné,Tnja,Carte,LIV10,2023-04-28
CMD06671,CL0056,P047,Jan 01 2023,5,4770.81,KO,TNG,Carte,LIV9,
CMD17919,CL0797,P007,09/02/2023,4,903.3,livré,RBA,Carte,LIV8,2023-02-11
CMD35475,CL0132,P020,2024-02-28,1,1584.21,en_cours,tanger,Carte,LIV3,
CMD37832,CL0641,P053,Feb 16 2023,1,3082.74,retourné,casa,Carte,LIV7,2023-02-18
CMD46113,CL0598,P066,03/03/2024,5,2296.83,en_cours,TNG,Carte,LIV8,
CMD18521,CL0834,P035,2024-03-10,3,2224.47,livre,kech,Carte,LIV1,
CMD47805,CL0118,P014,Aug 18 2023,3,2239.13,KO,TANGER,Carte,LIV4,
CMD33645,CL0123,P032,2024-05-05,3,4669.97,livré,kech,Carte,LIV10,2024-05-08
CMD32936,CL0664,P058,23/04/2024,1,1192.99,livré,kech,Carte,LIV10,2024-04-24
CMD44206,CL0476,P058,2024-02-17,1,4034.4,livre,casa,Carte,,
CMD04952,CL0002,P004,2023-07-10,2,795.03,LIVRE,Agadir,Carte,LIV8,2023-07-11
CMD29063,CL0861,P064,Mar 15 2023,4,1437.28,retourné,tanger,Carte,LIV3,2023-03-19
CMD23563,CL0107,P098,Mar 31 2023,5,4250.35,en_cours,RBA,Carte,LIV1,
CMD40520,CL0067,P051,Dec 09 2023,2,4330.76,retourné,RBA,Carte,,2023-12-14
CMD01313,CL0588,P075,13/06/2023,2,2877.12,livré,RBA,Carte,,2023-06-14
CMD07660,CL0294,P003,22/08/2023,1,262.72,livré,TANGER,Carte,LIV3,2023-08-25
CMD05501,CL0958,P037,2023-05-29,2,2346.26,livré,kech,Carte,LIV9,2023-06-01
CMD19153,CL0983,P019,06/03/2023,1,4700.54,annulé,marrakech,Carte,LIV4,
CMD19646,CL0143,P078,27/05/2023,1,1206.29,livré,TANGER,Carte,LIV9,2023-05-28
CMD41615,CL0340,P092,2023-02-06,4,4077.15,KO,tanger,Carte,LIV2,
CMD45713,CL0319,P099,2024-04-19,4,1647.55,OK,CASABLANCA,Carte,LIV10,
CMD07464,CL0970,P078,07/03/2023,1,830.85,livré,Tnja,Carte,LIV3,2023-03-10
CMD34216,CL0947,P039,2023-12-25,3,4850.37,LIVRE,casa,Carte,LIV3,2023-12-27
CMD13680,CL0431,P046,Mar 27 2024,2,2379.02,en_cours,tanger,Carte,LIV7,
CMD38837,CL0874,P088,Jun 21 2023,2,4494.49,annulé,RBA,Carte,LIV8,
CMD12491,CL0713,P081,2024-05-02,1,1807.92,DONE,TNG,Carte,LIV9,2024-05-04
CMD15548,CL0541,P042,2024-03-07,4,3431.33,livré,marrakech,Carte,LIV3,2024-03-09
CMD43169,CL0876,P096,Nov 14 2023,5,695.08,livré,tanger,Carte,LIV2,2023-11-17
CMD19274,CL0228,P031,2024-03-24,3,1497.3,DONE,RBA,Carte,LIV7,2024-03-29
CMD15978,CL0197,P015,16/01/2023,4,589.87,livré,Agadir,Carte,LIV6,2023-01-17
CMD14990,CL0036,P056,25/03/2024,4,3765.79,OK,kech,Carte,LIV3,
CMD04447,CL0159,P063,02/12/2023,1,4729.19,DONE,CASABLANCA,Carte,LIV10,2023-12-07
CMD47520,CL0944,P057,Aug 28 2023,1,1617.38,annulé,Agadir,Carte,LIV10,
CMD33363,CL0153,P010,18/10/2023,5,919.77,annulé,casa,Carte,LIV9,
CMD13461,CL0298,P019,28/09/2023,2,4455.4,LIVRE,casa,Carte,LIV2,2023-09-30
CMD41310,CL0289,P011,30/04/2024,3,904.86,OK,marrakech,Carte,LIV5,
CMD09151,CL0083,P048,Mar 16 2023,4,3913.57,livré,Agadir,Carte,LIV3,2023-03-21
CMD35573,CL0255,P014,18/01/2024,2,2000.57,DONE,kech,Carte,LIV8,2024-01-21
CMD41577,CL0022,P053,Jun 02 2023,5,3126.34,en_cours,kech,Carte,LIV9,
CMD02970,CL0245,P085,14/06/2023,5,349.4,livré,Tnja,Carte,LIV5,2023-06-18
CMD03014,CL0572,P034,14/03/2024,3,3360.49,livre,CASABLANCA,Carte,LIV7,
CMD46219,CL0717,P046,07/07/2023,5,4590.0,KO,Tnja,Carte,LIV1,
CMD14986,CL0507,P088,07/03/2023,1,1000.01,DONE,TANGER,Carte,LIV3,2023-03-11
CMD42789,CL0334,P089,Jul 24 2023,1,4592.64,livré,tanger,Carte,LIV1,2023-07-25
CMD22033,CL0294,P030,27/11/2023,5,3869.44,retourné,tanger,Carte,LIV9,2023-12-02
CMD47620,CL0012,P015,2023-09-11,1,3349.43,annulé,casa,Carte,LIV4,
CMD04770,CL0184,P005,29/01/2023,5,2809.01,KO,casa,Carte,LIV3,
CMD38789,CL0700,P026,2024-03-03,2,2587.36,livré,kech,Carte,LIV9,2024-03-07
CMD03586,CL0930,P076,2023-12-08,3,1126.42,OK,TNG,Carte,LIV2,
CMD43159,CL0552,P040,2024-02-25,2,4780.72,OK,TANGER,Carte,LIV5,
CMD23316,CL0117,P063,Mar 28 2024,2,4568.0,livré,RBA,Carte,LIV4,2024-03-31
CMD15795,CL0235,P055,Apr 02 2023,4,2443.06,KO,casa,Carte,LIV8,
CMD07139,CL0372,P048,01/02/2024,5,3378.96,annulé,casa,Carte,LIV3,
CMD29926,CL0837,P090,26/06/2023,3,0,KO,TANGER,Carte,LIV10,
CMD48495,CL0526,P066,08/02/2024,2,802.67,KO,Tnja,Carte,,
CMD06711,CL0432,P092,05/09/2023,3,445.18,en_cours,kech,Carte,LIV2,
CMD41449,CL0889,P028,Feb 23 2024,5,1963.34,retourné,TANGER,Carte,LIV5,2024-02-28
CMD16106,CL0337,P009,22/02/2023,4,0,KO,Tnja,Carte,LIV7,
CMD10434,CL0805,P091,Jan 21 2023,2,3873.91,livré,CASABLANCA,Carte,LIV9,2023-01-23
CMD40621,CL0483,P064,2023-06-28,3,3511.88,OK,CASABLANCA,Carte,LIV5,
CMD04139,CL0198,P080,Jan 14 2024,3,986.11,livré,Agadir,Carte,LIV10,2024-01-17
CMD16018,CL0086,P044,Jan 25 2023,4,2367.4,LIVRE,casa,Carte,LIV6,2023-01-27
CMD11982,CL0191,P060,02/05/2023,4,303.98,livré,tanger,Carte,LIV7,2023-05-04
CMD16086,CL0512,P059,15/06/2023,2,570.54,livre,casa,Carte,LIV4,
CMD14104,CL0715,P008,2023-07-10,1,0,DONE,RBA,Carte,LIV2,2023-07-11
CMD36392,CL0113,P093,2023-01-09,2,1991.27,LIVRE,CASABLANCA,Carte,LIV1,2023-01-11
CMD32148,CL0490,P052,2023-02-22,2,248.02,DONE,kech,Carte,LIV8,2023-02-26
CMD39116,CL0214,P043,11/01/2023,5,1807.78,annulé,Agadir,Carte,LIV1,
CMD12290,CL0222,P065,15/12/2023,5,796.17,annulé,Tnja,Carte,LIV2,
CMD24562,CL0402,P075,2024-01-29,3,3901.08,annulé,RBA,Carte,LIV2,
CMD17895,CL0882,P089,2024-04-30,2,4838.81,livre,Agadir,Carte,LIV10,
CMD14479,CL0810,P067,Feb 23 2023,4,1979.1,LIVRE,tanger,Carte,LIV6,2023-02-28
CMD24293,CL0069,P039,Jan 24 2023,1,357.34,livré,RBA,Carte,,2023-01-29
CMD36314,CL0447,P038,Mar 01 2024,2,3373.15,KO,Agadir,Carte,LIV6,
CMD27548,CL0009,P055,Jan 03 2023,3,3166.93,OK,TANGER,Carte,LIV7,
CMD47045,CL0849,P071,11/06/2023,4,4688.81,livré,tanger,Carte,LIV6,2023-06-13
CMD03430,CL0610,P071,2023-09-03,4,864.36,livre,kech,Carte,LIV9,
CMD45347,CL0521,P017,21/06/2023,4,3577.8,DONE,kech,Carte,LIV6,2023-06-24
CMD35451,CL0274,P026,Nov 27 2023,1,3194.81,KO,RBA,Carte,LIV5,
CMD47001,CL0033,P011,May 28 2023,4,2403.86,LIVRE,CASABLANCA,Carte,LIV1,2023-05-30
CMD38417,CL0967,P057,2023-01-23,4,72.38,KO,kech,Carte,LIV7,
CMD15488,CL0273,P051,2024-05-13,4,3591.26,annulé,CASABLANCA,Carte,LIV3,
CMD02093,CL0661,P003,Jun 27 2023,3,2950.77,KO,Agadir,Carte,LIV9,
CMD47683,CL0469,P090,2023-09-22,4,4149.23,KO,TNG,Carte,LIV7,
CMD05268,CL0600,P040,2023-07-27,1,1714.82,OK,RBA,Carte,LIV4,
CMD28906,CL0599,P064,Sep 24 2023,3,786.11,OK,TNG,Carte,LIV10,
CMD02352,CL0387,P020,2023-01-25,3,4274.29,retourné,RBA,Carte,,2023-01-28
CMD19093,CL0370,P046,Apr 06 2024,1,3902.22,annulé,marrakech,Carte,LIV10,
CMD29839,CL0378,P053,24/03/2023,2,355.11,annulé,tanger,Carte,,
CMD22989,CL0202,P057,10/05/2023,4,555.77,KO,RBA,Carte,LIV3,
CMD34247,CL0268,P041,Oct 12 2023,1,4840.24,retourné,Agadir,Carte,LIV7,2023-10-14
CMD44574,CL0798,P031,2023-03-31,5,4909.16,OK,marrakech,Carte,LIV1,
CMD22210,CL0184,P092,Mar 25 2024,1,2929.18,livré,kech,Carte,,2024-03-29
CMD40694,CL0060,P062,27/06/2023,-1,4347.78,KO,casa,Carte,LIV4,
CMD17742,CL0409,P031,2023-07-12,1,891.85,livré,tanger,Carte,LIV10,2023-07-13
CMD24448,CL0050,P089,2023-04-04,3,1594.43,annulé,Agadir,Carte,LIV9,
CMD04652,CL0153,P060,Feb 10 2024,3,3720.48,annulé,kech,Carte,LIV4,
CMD13848,CL0376,P018,2023-01-07,5,4615.43,livré,RBA,Carte,LIV9,2023-01-10
CMD00827,CL0367,P050,06/01/2024,2,1308.96,OK,TANGER,Carte,LIV4,
CMD18531,CL0040,P041,Aug 18 2023,1,4184.03,DONE,casa,Carte,,2023-08-23
CMD28692,CL0211,P051,2023-05-30,4,4628.69,LIVRE,CASABLANCA,Carte,LIV3,2023-05-31
CMD43925,CL0626,P090,16/04/2024,3,611.04,DONE,marrakech,Carte,LIV4,2024-04-18
CMD02483,CL0721,P097,2023-09-11,1,371.94,retourné,marrakech,Carte,LIV6,2023-09-12
CMD15454,CL0127,P021,2023-01-25,1,1463.7,DONE,kech,Carte,LIV8,2023-01-28
CMD03676,CL0408,P041,24/06/2023,5,2373.84,retourné,CASABLANCA,Carte,LIV5,2023-06-26
CMD10075,CL0410,P063,Apr 20 2024,2,1348.67,en_cours,tanger,Carte,,
CMD10748,CL0268,P034,2023-02-23,4,363.76,retourné,Tnja,Carte,LIV4,2023-02-25
CMD26046,CL0648,P049,18/08/2023,1,2106.56,livre,kech,Carte,LIV1,
CMD46439,CL0652,P033,03/03/2023,1,2580.06,en_cours,CASABLANCA,Carte,,
CMD26521,CL0069,P048,Aug 18 2023,4,660.51,livré,TNG,Carte,LIV7,2023-08-20
CMD19533,CL0457,P020,Feb 07 2024,-1,4153.19,livré,casa,Carte,LIV5,2024-02-09
CMD00953,CL0196,P035,2024-05-03,3,1204.84,livré,Agadir,Carte,LIV1,2024-05-08
CMD03418,CL0263,P003,31/12/2023,3,3637.07,livré,kech,Carte,LIV6,2024-01-02
CMD24460,CL0624,P074,Jan 20 2023,3,3204.65,en_cours,tanger,Carte,LIV1,
CMD10243,CL0995,P100,2023-05-30,1,863.24,LIVRE,CASABLANCA,Carte,LIV8,2023-06-02
CMD26922,CL0644,P083,01/12/2023,5,4160.47,KO,TNG,Carte,LIV8,
CMD31441,CL0153,P098,May 07 2023,2,2982.86,DONE,tanger,Carte,LIV2,2023-05-09
CMD32937,CL0020,P090,2023-08-15,1,3814.0,LIVRE,CASABLANCA,Carte,LIV9,2023-08-16
CMD35431,CL0932,P071,05/11/2023,4,1711.2,KO,Agadir,Carte,LIV3,
CMD07496,CL0147,P047,2023-01-07,2,1801.35,en_cours,kech,Carte,LIV8,
CMD18073,CL0210,P081,24/09/2023,5,944.32,annulé,TNG,Carte,LIV9,
CMD37297,CL0600,P077,18/04/2023,3,4740.85,livre,Agadir,Carte,LIV9,
CMD23387,CL0891,P076,2023-09-04,4,682.15,livré,casa,Carte,LIV5,2023-09-05
CMD28242,CL0492,P079,2024-03-19,1,3439.43,LIVRE,Tnja,Carte,LIV4,2024-03-22
CMD09975,CL0904,P004,2023-08-16,2,4265.22,livré,tanger,Carte,LIV5,2023-08-20
CMD44036,CL0966,P088,2023-10-24,5,2958.93,livré,TANGER,Carte,LIV5,2023-10-29
CMD19972,CL0939,P049,2024-03-22,5,588.79,livré,RBA,Carte,LIV3,2024-03-25
CMD09694,CL0373,P011,2024-02-14,1,4915.7,en_cours,tanger,Carte,LIV1,
CMD14538,CL0795,P045,2024-01-01,4,2909.65,livré,tanger,Carte,LIV5,2024-01-02
CMD41956,CL0381,P100,2023-09-01,1,4344.47,DONE,Tnja,Carte,LIV9,2023-09-02
CMD38940,CL0205,P033,01/03/2024,2,4062.22,livré,CASABLANCA,Carte,LIV2,2024-03-06
CMD19623,CL0902,P096,03/02/2024,1,3518.15,livré,TANGER,Carte,LIV5,2024-02-05
CMD41116,CL0758,P064,Jul 02 2023,5,4643.94,DONE,kech,Carte,LIV1,2023-07-03
CMD25261,CL0536,P092,2023-08-01,2,2287.36,LIVRE,Agadir,Carte,LIV10,2023-08-05
CMD34919,CL0523,P084,Jul 22 2023,2,2633.57,KO,TANGER,Carte,LIV1,
CMD27971,CL0503,P079,Dec 05 2023,2,4866.9,DONE,Agadir,Carte,LIV10,2023-12-06
CMD17089,CL0571,P018,Jan 24 2024,3,4453.58,livré,Tnja,Carte,LIV2,2024-01-25
CMD23785,CL0599,P022,23/02/2024,3,3659.38,LIVRE,Tnja,Carte,LIV9,2024-02-28
CMD40926,CL0620,P020,29/04/2023,4,710.66,DONE,TNG,Carte,LIV6,2023-04-30
CMD23196,CL0576,P040,25/06/2023,1,686.87,livré,tanger,Carte,LIV4,2023-06-28
CMD23302,CL0981,P095,2023-02-26,2,551.31,livré,CASABLANCA,Carte,LIV3,2023-03-02
CMD26468,CL0047,P060,Mar 29 2024,5,0,livré,RBA,Carte,LIV7,2024-03-31
CMD38260,CL0364,P018,06/05/2023,3,1838.92,livré,TNG,Carte,LIV10,2023-05-09
CMD26881,CL0932,P084,18/11/2023,4,2583.44,retourné,tanger,Carte,,2023-11-20
CMD46705,CL0539,P073,2023-09-10,4,4587.19,livre,casa,Carte,LIV1,
CMD43087,CL0711,P050,May 27 2023,5,4664.71,livré,TNG,Carte,LIV9,2023-05-31
CMD41178,CL0623,P028,Aug 19 2023,2,2874.9,OK,TNG,Carte,LIV5,
CMD45550,CL0918,P064,20/01/2023,2,3886.24,DONE,casa,Carte,LIV9,2023-01-23
CMD02610,CL0370,P020,26/03/2024,2,2820.64,livre,RBA,Carte,LIV4,
CMD24694,CL0113,P043,2023-06-03,3,4736.36,livré,TANGER,Carte,LIV5,2023-06-08
CMD11984,CL0764,P010,02/09/2023,4,175.11,LIVRE,RBA,Carte,LIV4,2023-09-05
CMD16037,CL0964,P041,2023-09-09,4,481.12,annulé,Agadir,Carte,LIV5,
CMD34086,CL0705,P076,Sep 28 2023,2,2217.66,OK,RBA,Carte,LIV10,
CMD14825,CL0723,P032,2024-03-12,5,2113.92,livre,kech,Carte,LIV10,
CMD24495,CL0617,P075,2024-03-06,5,636.85,retourné,TNG,Carte,LIV10,2024-03-11
CMD20068,CL0828,P094,Nov 18 2023,5,695.49,livré,tanger,Carte,LIV8,2023-11-23
CMD27365,CL0443,P044,2023-06-16,2,1223.75,DONE,Tnja,Carte,LIV4,2023-06-19
CMD41848,CL0863,P022,2023-02-17,3,2384.2,annulé,marrakech,Carte,LIV6,
CMD42865,CL0511,P028,2023-07-18,2,3852.81,OK,marrakech,Carte,,
CMD33700,CL0181,P044,28/02/2024,4,3471.21,livre,kech,Carte,LIV9,
CMD02789,CL0761,P055,03/08/2023,2,1611.81,DONE,Tnja,Carte,LIV4,2023-08-04
CMD41929,CL0557,P086,2024-03-01,1,1738.91,OK,casa,Carte,LIV10,
CMD17178,CL0088,P011,Jul 06 2023,3,1453.67,livre,TNG,Carte,LIV8,
CMD48267,CL0922,P005,12/10/2023,2,4061.06,LIVRE,RBA,Carte,LIV5,2023-10-15
CMD26884,CL0657,P075,2023-09-30,5,1896.78,livre,TNG,Carte,,
CMD41797,CL0847,P007,17/06/2023,2,481.64,en_cours,TANGER,Carte,LIV1,
CMD13056,CL0111,P022,Dec 24 2023,4,2307.63,OK,TNG,Carte,LIV4,
CMD07437,CL0999,P083,07/01/2024,3,265.8,OK,tanger,Carte,LIV3,
CMD22200,CL0725,P063,Jan 14 2024,1,392.8,livré,Tnja,Carte,LIV3,2024-01-16
CMD24160,CL0719,P089,2023-07-05,3,2244.45,KO,Tnja,Carte,LIV10,
CMD30263,CL0346,P075,Oct 23 2023,1,1852.32,livré,TNG,Carte,LIV9,2023-10-24
CMD23858,CL0569,P009,May 04 2024,1,3096.32,retourné,kech,Carte,LIV8,2024-05-05
CMD42294,CL0301,P087,23/10/2023,4,154.75,OK,tanger,Carte,LIV8,
CMD41388,CL0984,P066,2024-01-23,5,2947.16,livré,TANGER,Carte,LIV1,2024-01-26
CMD39611,CL0734,P020,2023-01-04,4,3662.76,LIVRE,kech,Carte,LIV9,2023-01-09
CMD12188,CL0334,P047,Jun 18 2023,3,0,DONE,TANGER,Carte,LIV7,2023-06-20
CMD29711,CL0506,P092,Apr 05 2023,1,1001.34,livre,CASABLANCA,Carte,LIV7,
CMD08804,CL0256,P004,Feb 11 2023,5,2975.28,livré,kech,Carte,LIV10,2023-02-13
CMD23322,CL0685,P089,Apr 30 2023,5,4777.15,en_cours,kech,Carte,LIV10,
CMD48038,CL0999,P081,24/01/2024,4,3576.54,livré,TANGER,Carte,LIV3,2024-01-28
CMD13743,CL0066,P032,Oct 28 2023,5,2458.88,livré,RBA,Carte,LIV1,2023-10-31
CMD10551,CL0716,P091,25/04/2023,4,4161.37,annulé,marrakech,Carte,LIV6,
CMD20221,CL0305,P038,Nov 01 2023,5,774.08,LIVRE,Agadir,Carte,LIV3,2023-11-03
CMD48014,CL0289,P070,2023-10-28,5,2033.79,livre,marrakech,Carte,LIV8,
CMD18064,CL0827,P074,May 21 2023,5,418.71,KO,RBA,Carte,LIV9,
CMD48283,CL0209,P031,31/03/2023,5,824.38,livre,marrakech,Carte,,
CMD11323,CL0903,P058,2023-06-14,1,3973.33,OK,Agadir,Carte,LIV6,
CMD13080,CL0169,P070,2023-09-22,1,3079.41,retourné,tanger,Carte,LIV4,2023-09-27
CMD08429,CL0719,P076,Jan 15 2024,5,0,annulé,TNG,Carte,LIV6,
CMD39137,CL0008,P024,2023-05-24,2,4493.9,en_cours,Agadir,Carte,LIV5,
CMD07821,CL0970,P017,14/09/2023,3,1694.49,annulé,tanger,Carte,LIV8,
CMD26553,CL0643,P016,Feb 17 2023,1,4448.44,livré,tanger,Carte,LIV3,2023-02-20
CMD27050,CL0827,P086,Apr 18 2023,4,909.26,en_cours,marrakech,Carte,LIV1,
CMD00155,CL0905,P036,01/09/2023,1,4799.33,DONE,RBA,Carte,LIV2,2023-09-05
CMD12943,CL0223,P021,28/03/2023,4,2472.06,livré,RBA,Carte,LIV2,2023-03-29
CMD33193,CL0456,P028,11/09/2023,4,3005.58,KO,kech,Carte,LIV1,
CMD21578,CL0316,P037,2023-08-29,5,512.57,livré,casa,Carte,LIV6,2023-09-03
CMD05462,CL0149,P011,19/11/2023,5,4189.3,OK,TANGER,Carte,LIV10,
CMD03270,CL0603,P086,Aug 13 2023,3,4691.58,en_cours,Tnja,Carte,LIV6,
CMD24085,CL0240,P069,02/01/2023,2,1393.24,OK,TANGER,Carte,LIV10,
CMD31311,CL0253,P020,10/10/2023,4,2439.83,livré,marrakech,Carte,,2023-10-14
CMD42636,CL0416,P024,02/06/2023,1,3281.41,livré,TNG,Carte,LIV4,2023-06-05
CMD10125,CL0976,P053,24/05/2023,3,3728.88,en_cours,casa,Carte,LIV4,
CMD11381,CL0855,P047,04/10/2023,5,1833.68,livré,kech,Carte,LIV8,2023-10-09
CMD42531,CL0607,P011,2023-02-19,4,2854.42,livre,kech,Carte,LIV9,
CMD09880,CL0192,P062,2023-09-04,3,2712.13,retourné,Agadir,Carte,LIV4,2023-09-08
CMD09074,CL0063,P062,21/02/2023,5,1953.86,livré,TNG,Carte,LIV6,2023-02-26
CMD01957,CL0945,P004,2023-10-13,1,2031.48,annulé,CASABLANCA,Carte,LIV10,
CMD03887,CL0812,P037,01/05/2024,5,3892.15,livré,Tnja,Carte,LIV5,2024-05-04
CMD30955,CL0750,P100,Oct 02 2023,1,669.83,KO,Tnja,Carte,LIV4,
CMD10737,CL0949,P070,2023-12-04,2,3589.22,en_cours,TANGER,Carte,LIV10,
CMD47206,CL0686,P092,16/09/2023,5,4802.06,annulé,CASABLANCA,Carte,LIV2,
CMD40037,CL0252,P031,2024-02-20,4,3616.11,annulé,TNG,Carte,LIV1,
CMD34105,CL0308,P062,2023-06-14,5,1097.46,annulé,Agadir,Carte,,
CMD03566,CL0204,P040,Jan 02 2024,2,3296.62,LIVRE,Tnja,Carte,LIV6,2024-01-05
CMD05917,CL0512,P063,2023-10-17,3,4126.68,en_cours,kech,Carte,LIV9,
CMD10858,CL0975,P083,Jul 05 2023,2,1503.73,DONE,marrakech,Carte,LIV7,2023-07-08
CMD46513,CL0483,P026,Oct 27 2023,2,1705.98,livré,Agadir,Carte,LIV6,2023-10-28
CMD42949,CL0314,P063,Jun 04 2023,3,1731.31,KO,tanger,Carte,LIV1,
CMD09946,CL0507,P093,Jan 14 2024,1,4919.83,annulé,tanger,Carte,LIV4,
CMD26381,CL0910,P073,Mar 18 2023,2,3473.12,livre,marrakech,Carte,LIV3,
CMD39312,CL0323,P061,22/01/2023,2,3638.68,DONE,RBA,Carte,LIV1,2023-01-25
CMD09172,CL0534,P067,2024-04-25,2,2550.76,en_cours,casa,Carte,LIV9,
CMD11746,CL0518,P056,2024-02-28,2,4404.23,retourné,casa,Carte,,2024-03-03
CMD24206,CL0456,P005,31/08/2023,4,4957.83,livre,tanger,Carte,LIV7,
CMD43645,CL0989,P087,Oct 04 2023,5,4517.41,livré,kech,Carte,LIV5,2023-10-07
CMD31483,CL0194,P032,Mar 12 2023,3,3599.56,OK,tanger,Carte,LIV7,
CMD41478,CL0900,P046,Dec 10 2023,2,1819.81,livré,Agadir,Carte,LIV3,2023-12-11
CMD45461,CL0075,P017,17/12/2023,1,3651.15,OK,RBA,Carte,LIV9,
CMD20506,CL0645,P078,Feb 03 2023,4,4617.49,DONE,CASABLANCA,Carte,LIV2,2023-02-06
CMD32466,CL0342,P068,11/05/2024,2,3632.9,livré,kech,Carte,LIV10,2024-05-15
CMD06895,CL0525,P038,2023-10-27,4,4728.53,LIVRE,tanger,Carte,LIV6,2023-10-31
CMD32647,CL0980,P052,2023-03-15,5,4159.74,livré,CASABLANCA,Carte,LIV9,2023-03-20
CMD04077,CL0206,P094,16/01/2024,2,3767.73,LIVRE,TNG,Carte,LIV7,2024-01-17
CMD27390,CL0415,P039,Jul 21 2023,2,3865.14,en_cours,Tnja,Carte,LIV8,
CMD11889,CL0156,P059,2023-08-22,4,471.95,retourné,tanger,Carte,LIV10,2023-08-25
CMD33805,CL0978,P009,2023-06-09,3,755.05,LIVRE,RBA,Carte,LIV5,2023-06-10
CMD01306,CL0739,P094,Mar 12 2024,5,2967.98,OK,RBA,Carte,LIV9,
CMD01144,CL0644,P018,08/04/2024,3,1407.37,livré,casa,Carte,LIV6,2024-04-11
CMD01327,CL0113,P072,May 24 2023,3,168.83,livré,kech,Carte,LIV5,2023-05-27
CMD10913,CL0808,P060,Oct 25 2023,5,2917.16,annulé,TNG,Carte,LIV9,
CMD16271,CL0127,P073,29/12/2023,1,2941.86,livre,TANGER,Carte,LIV6,
CMD21670,CL0060,P055,Dec 01 2023,3,1323.86,annulé,Tnja,Carte,LIV6,
CMD04860,CL0178,P024,20/03/2023,1,454.86,retourné,Agadir,Carte,LIV2,2023-03-21
CMD25897,CL0230,P099,Feb 28 2024,2,2643.51,KO,TANGER,Carte,LIV4,
CMD14487,CL0798,P042,31/01/2024,2,884.65,livré,TANGER,Carte,LIV5,2024-02-05
CMD34384,CL0903,P011,2023-03-13,5,4956.37,livré,Agadir,Carte,LIV5,2023-03-15
CMD08122,CL0401,P052,2023-10-26,3,1020.79,en_cours,kech,Carte,LIV9,
CMD08012,CL0245,P022,13/10/2023,5,1120.79,livré,TANGER,Carte,LIV6,2023-10-17
CMD34843,CL0989,P024,14/02/2024,4,899.91,livré,Tnja,Carte,LIV1,2024-02-19
CMD16012,CL0197,P040,Sep 28 2023,4,1100.84,livré,TANGER,Carte,,2023-10-02
CMD32945,CL0059,P087,2023-06-29,1,1603.48,livré,TANGER,Carte,LIV8,2023-07-02
CMD14081,CL0049,P098,06/10/2023,3,2038.16,livre,CASABLANCA,Carte,LIV10,
CMD19745,CL0277,P031,Feb 05 2023,1,3407.21,livré,RBA,Carte,LIV5,2023-02-07
CMD18576,CL0758,P023,2023-02-26,4,560.68,livré,TNG,Carte,LIV5,2023-03-01
CMD37563,CL0749,P066,06/03/2023,2,967.12,KO,tanger,Carte,LIV9,
CMD03389,CL0723,P074,2024-04-22,4,3174.98,livré,TANGER,Carte,LIV9,2024-04-26
CMD10424,CL0024,P013,13/10/2023,4,2241.46,en_cours,Agadir,Carte,LIV3,
CMD43605,CL0829,P060,13/03/2023,1,4882.96,LIVRE,tanger,Carte,LIV8,2023-03-16
CMD03621,CL0813,P091,24/10/2023,3,3944.89,OK,RBA,Carte,LIV5,
CMD25490,CL0748,P002,Jun 20 2023,4,4980.0,OK,marrakech,Carte,,
CMD01693,CL0427,P062,Mar 26 2024,1,2268.84,livré,tanger,Carte,LIV3,2024-03-27
CMD03105,CL0251,P020,Jan 13 2023,4,3148.48,livré,TANGER,Carte,LIV2,2023-01-15
CMD35165,CL0451,P100,2024-04-25,2,3446.82,annulé,TNG,Carte,LIV4,
CMD17207,CL0208,P062,2024-04-17,3,648.93,OK,casa,Carte,LIV1,
CMD43926,CL0468,P005,Feb 04 2024,1,1682.25,livré,CASABLANCA,Carte,LIV9,2024-02-09
CMD06619,CL0338,P038,26/02/2024,3,4215.99,KO,RBA,Carte,LIV3,
CMD23399,CL0859,P026,Feb 25 2023,4,4084.37,OK,casa,Carte,LIV1,
CMD31173,CL0953,P052,May 19 2023,4,1366.43,annulé,RBA,Carte,LIV2,
CMD38101,CL0142,P019,Mar 17 2024,4,1781.03,annulé,TANGER,Carte,LIV2,
CMD32866,CL0039,P043,2024-04-27,1,4724.57,DONE,Agadir,Carte,LIV7,2024-04-30
CMD14023,CL0466,P061,Sep 12 2023,3,1003.07,livré,kech,Carte,LIV4,2023-09-16
CMD37111,CL0488,P044,2023-09-04,3,2977.83,livré,kech,Carte,LIV1,2023-09-07
CMD39919,CL0383,P054,07/06/2023,1,2624.46,annulé,TNG,Carte,LIV5,
CMD07295,CL0372,P077,05/06/2023,4,0,livré,tanger,Carte,LIV6,2023-06-10
CMD10259,CL0938,P003,Feb 28 2023,4,3131.21,retourné,Agadir,Carte,LIV7,2023-03-02
CMD06281,CL0696,P066,20/05/2023,3,55.85,KO,Agadir,Carte,LIV5,
CMD26217,CL0522,P013,03/01/2023,3,1179.49,livré,TNG,Carte,LIV9,2023-01-07
CMD28988,CL0348,P074,2024-01-14,1,2722.28,LIVRE,casa,Carte,LIV8,2024-01-18
CMD05484,CL0956,P039,May 12 2023,2,195.63,en_cours,Tnja,Carte,LIV7,
CMD33574,CL0025,P021,06/04/2024,3,4575.21,livré,CASABLANCA,Carte,LIV5,2024-04-09
CMD25324,CL0416,P009,2023-04-18,3,3577.16,livre,Tnja,Carte,LIV3,
CMD41524,CL0379,P088,May 11 2023,3,4753.59,en_cours,TANGER,Carte,LIV4,
CMD23694,CL0278,P053,2024-01-10,2,2236.49,livré,Agadir,Carte,LIV8,2024-01-11
CMD23447,CL0641,P050,02/05/2023,5,2029.77,livré,TANGER,Carte,LIV7,2023-05-06
CMD08538,CL0710,P076,2023-06-15,4,1747.95,annulé,marrakech,Carte,LIV3,
CMD30491,CL0573,P010,Apr 29 2023,5,167.85,retourné,kech,Carte,LIV10,2023-05-02
CMD12528,CL0248,P075,2023-02-25,5,4702.17,livré,RBA,Carte,LIV8,2023-02-28
CMD36015,CL0792,P045,16/05/2023,3,1591.74,livré,casa,Carte,LIV9,2023-05-18
CMD45677,CL0470,P074,20/02/2023,2,3754.54,livré,tanger,Carte,LIV10,2023-02-23
CMD01042,CL0624,P009,May 02 2024,5,2769.3,retourné,TANGER,Carte,LIV2,2024-05-03
CMD37329,CL0941,P083,Feb 18 2024,5,1276.88,KO,TANGER,Carte,LIV10,
CMD26706,CL0004,P004,Mar 12 2024,1,1969.48,LIVRE,Agadir,Carte,LIV8,2024-03-13
CMD27567,CL0466,P005,2024-05-11,3,0,livré,Agadir,Carte,LIV3,2024-05-15
CMD14916,CL0435,P049,Sep 19 2023,5,2506.89,DONE,Tnja,Carte,LIV8,2023-09-20
CMD17341,CL0876,P060,2023-03-26,5,4993.01,retourné,casa,Carte,LIV1,2023-03-29
CMD12723,CL0981,P100,Apr 21 2024,4,2592.97,annulé,kech,Carte,,
CMD04029,CL0356,P013,2023-08-17,5,164.2,OK,Tnja,Carte,LIV9,
CMD41924,CL0850,P062,Feb 02 2023,1,1267.35,annulé,CASABLANCA,Carte,LIV4,
CMD26442,CL0395,P072,Jul 18 2023,5,3081.92,en_cours,TANGER,Carte,LIV5,
CMD21302,CL0337,P028,14/11/2023,2,1828.87,KO,marrakech,Carte,LIV2,
CMD01450,CL0110,P069,Dec 29 2023,5,1205.38,annulé,CASABLANCA,Carte,LIV4,
CMD25698,CL0995,P030,03/05/2024,4,1068.26,retourné,CASABLANCA,Carte,LIV5,2024-05-07
CMD05346,CL0272,P059,Nov 14 2023,1,1896.72,OK,tanger,Carte,LIV9,
CMD27461,CL0114,P089,2024-04-22,5,3531.92,livre,TNG,Carte,LIV2,
CMD42398,CL0385,P096,Apr 01 2024,1,4437.88,OK,TANGER,Carte,LIV7,
CMD18643,CL0653,P023,Feb 03 2024,2,4734.52,annulé,TNG,Carte,LIV10,
CMD00116,CL0855,P001,26/11/2023,2,786.71,retourné,TNG,Carte,LIV2,2023-11-30
CMD05921,CL0261,P077,Jan 16 2024,4,3621.61,livré,kech,Carte,LIV7,2024-01-20
CMD00191,CL0657,P019,2023-07-17,2,2224.21,LIVRE,RBA,Carte,LIV4,2023-07-18
CMD44631,CL0776,P019,Mar 14 2023,5,3193.43,annulé,RBA,Carte,,
CMD05345,CL0043,P034,23/05/2023,4,586.54,en_cours,TNG,Carte,LIV2,
CMD02331,CL0954,P059,2024-04-15,2,4028.39,livré,casa,Carte,LIV8,2024-04-18
CMD24986,CL0217,P054,Nov 29 2023,4,1413.95,livré,marrakech,Carte,LIV4,2023-12-02
CMD37664,CL0549,P069,21/03/2023,3,577.75,livre,casa,Carte,LIV1,
CMD01128,CL0150,P083,Mar 10 2024,4,3944.44,livré,tanger,Carte,LIV9,2024-03-11
CMD18730,CL0487,P039,2023-05-17,5,3162.17,annulé,casa,Carte,LIV6,
CMD47323,CL0290,P009,May 02 2024,-1,601.12,livré,CASABLANCA,Carte,LIV8,2024-05-05
CMD40468,CL0152,P077,29/06/2023,2,170.22,livré,RBA,Carte,LIV2,2023-07-02
CMD20534,CL0483,P063,Oct 16 2023,3,1389.15,livre,TNG,Carte,LIV6,
CMD33362,CL0400,P019,2024-02-11,1,2363.34,OK,tanger,Carte,LIV4,
CMD24221,CL0459,P003,Jan 04 2024,3,3127.83,livré,RBA,Carte,LIV9,2024-01-06
CMD42224,CL0062,P001,Apr 10 2024,3,4157.62,livré,TANGER,Carte,LIV3,2024-04-11
CMD16347,CL0607,P064,2023-12-28,-1,2324.95,livre,CASABLANCA,Carte,LIV2,
CMD26711,CL0251,P087,2023-02-10,2,726.14,livre,TNG,Carte,,
CMD09146,CL0011,P023,2023-08-20,4,341.95,livre,RBA,Carte,LIV4,
CMD45987,CL0053,P082,Feb 21 2023,4,2439.45,retourné,tanger,Carte,LIV6,2023-02-24
CMD21224,CL0382,P020,15/04/2023,5,2586.17,retourné,TANGER,Carte,LIV3,2023-04-17
CMD30734,CL0392,P068,2023-09-15,3,4028.14,DONE,marrakech,Carte,LIV9,2023-09-20
CMD08862,CL0400,P086,06/05/2024,4,4291.51,livré,marrakech,Carte,LIV8,2024-05-10
CMD09794,CL0887,P052,2023-10-02,5,1763.96,retourné,Agadir,Carte,,2023-10-05
CMD11114,CL0099,P030,07/03/2024,5,0,KO,Tnja,Carte,LIV3,
CMD06399,CL0794,P001,Aug 02 2023,2,3937.0,en_cours,TANGER,Carte,LIV8,
CMD44817,CL0670,P042,17/09/2023,5,4906.14,OK,TNG,Carte,LIV3,
CMD03427,CL0106,P079,2023-05-05,1,1437.85,KO,CASABLANCA,Carte,LIV4,
CMD39092,CL0018,P031,04/07/2023,4,4302.1,DONE,kech,Carte,LIV3,2023-07-07
CMD26463,CL0214,P064,04/05/2023,5,2552.13,retourné,marrakech,Carte,LIV8,2023-05-05
CMD45445,CL0565,P069,2023-08-22,5,3019.85,annulé,Tnja,Carte,LIV10,
CMD41519,CL0325,P091,Oct 05 2023,2,1440.07,annulé,RBA,Carte,LIV4,
CMD04328,CL0029,P047,05/10/2023,5,2412.09,en_cours,tanger,Carte,LIV6,
CMD22560,CL0116,P041,2024-05-02,4,4354.65,KO,RBA,Carte,LIV8,
CMD35580,CL0592,P012,2024-04-11,2,2496.29,livré,CASABLANCA,Carte,LIV6,2024-04-13
CMD25531,CL0459,P069,13/02/2024,2,1784.88,annulé,Agadir,Carte,LIV8,
CMD12769,CL0203,P033,2023-07-30,3,1537.09,livré,casa,Carte,LIV10,2023-08-02
CMD03324,CL0110,P002,11/03/2024,1,1087.11,annulé,tanger,Carte,LIV8,
CMD26426,CL0365,P018,2023-09-28,5,1330.86,livré,kech,Carte,LIV3,2023-10-02
CMD22233,CL0943,P016,Nov 20 2023,5,232.35,annulé,Tnja,Carte,LIV7,
CMD46207,CL0374,P060,08/03/2023,3,4245.23,LIVRE,CASABLANCA,Carte,LIV6,2023-03-10
CMD20158,CL0175,P048,Feb 27 2024,2,1296.88,livre,Agadir,Carte,LIV4,
CMD41850,CL0871,P067,Aug 03 2023,-1,762.5,OK,kech,Carte,LIV3,
CMD29274,CL0705,P052,26/01/2024,-1,1148.52,livre,Agadir,Carte,LIV1,
CMD36783,CL0356,P034,Jan 26 2024,2,3236.97,OK,marrakech,Carte,LIV1,
CMD42082,CL0433,P020,29/10/2023,5,3819.38,livré,casa,Carte,LIV7,2023-11-01
CMD42471,CL0223,P048,Sep 12 2023,5,1720.89,livre,marrakech,Carte,LIV10,
CMD46704,CL0309,P057,28/04/2023,5,4240.95,livré,Agadir,Carte,,2023-05-01
CMD46789,CL0511,P073,01/01/2024,1,3102.7,OK,kech,Carte,LIV4,
CMD42129,CL0435,P071,16/08/2023,4,323.83,livré,TANGER,Carte,LIV10,2023-08-17
CMD06510,CL0727,P059,Jan 26 2024,5,4566.07,livré,TANGER,Carte,LIV3,2024-01-27
CMD31864,CL0717,P086,17/04/2023,2,2478.52,annulé,tanger,Carte,,
CMD21131,CL0438,P082,2023-06-17,1,4366.42,KO,marrakech,Carte,LIV3,
CMD01492,CL0408,P001,2023-06-17,1,2665.91,en_cours,TANGER,Carte,LIV4,
CMD34405,CL0672,P015,May 01 2023,3,264.14,en_cours,Tnja,Carte,LIV6,
CMD07966,CL0953,P030,Apr 18 2023,3,4708.96,livré,Tnja,Carte,LIV5,2023-04-19
CMD34956,CL0800,P043,2023-08-07,2,416.6,annulé,TNG,Carte,LIV5,
CMD41788,CL0948,P027,2023-08-10,2,1620.27,en_cours,kech,Carte,LIV8,
CMD42189,CL0404,P028,Feb 23 2024,5,2590.53,OK,TANGER,Carte,LIV1,
CMD33914,CL0765,P055,14/04/2023,2,1812.61,KO,Tnja,Carte,LIV8,
CMD18823,CL0581,P051,26/06/2023,3,2849.52,annulé,Tnja,Carte,LIV1,
CMD33530,CL0207,P076,16/02/2024,2,4999.7,DONE,TANGER,Carte,LIV7,2024-02-18
CMD10832,CL0094,P086,Aug 11 2023,2,3156.44,annulé,marrakech,Carte,LIV3,
CMD14238,CL0855,P013,18/10/2023,3,2588.38,annulé,RBA,Carte,LIV7,
CMD09193,CL0194,P060,2024-04-15,5,2301.75,LIVRE,casa,Carte,LIV3,2024-04-19
CMD29481,CL0893,P090,09/07/2023,3,1852.54,retourné,Tnja,Carte,LIV10,2023-07-14
CMD33531,CL0095,P010,2023-03-09,2,2122.83,KO,RBA,Carte,LIV9,
CMD10931,CL0329,P055,02/08/2023,5,1011.76,retourné,marrakech,Carte,LIV6,2023-08-04
CMD08145,CL0765,P094,Jan 15 2023,5,3086.75,livré,Agadir,Carte,LIV8,2023-01-17
CMD26302,CL0994,P021,08/05/2023,5,0,livré,TNG,Carte,,2023-05-12
CMD18324,CL0653,P047,27/07/2023,2,1795.86,OK,CASABLANCA,Carte,LIV8,
CMD21058,CL0314,P035,Mar 21 2023,5,645.36,livré,CASABLANCA,Carte,LIV3,2023-03-25
CMD35215,CL0199,P049,2023-01-09,2,4947.59,retourné,TANGER,Carte,LIV10,2023-01-13
CMD09144,CL0168,P063,Aug 03 2023,2,0,annulé,marrakech,Carte,LIV3,
CMD42457,CL0564,P071,2023-04-10,5,508.23,en_cours,casa,Carte,,
CMD02990,CL0704,P041,Aug 25 2023,4,2500.65,OK,TANGER,Carte,,
CMD18465,CL0942,P098,2023-01-03,4,3574.59,livré,kech,Carte,LIV1,2023-01-05
CMD04249,CL0420,P070,04/05/2024,2,2910.49,retourné,casa,Carte,LIV6,2024-05-09
CMD27200,CL0414,P002,2023-07-21,2,4641.77,retourné,CASABLANCA,Carte,LIV1,2023-07-25
CMD00887,CL0812,P059,2023-05-11,4,1843.89,livré,tanger,Carte,LIV6,2023-05-15
CMD34554,CL0255,P007,01/09/2023,4,3949.14,LIVRE,tanger,Carte,LIV7,2023-09-04
CMD36360,CL0595,P083,Sep 27 2023,2,2575.67,DONE,Agadir,Carte,LIV10,2023-10-01
CMD47148,CL0168,P060,Mar 20 2023,2,1514.36,OK,CASABLANCA,Carte,LIV8,
CMD00843,CL0422,P083,30/07/2023,3,2546.79,livré,TNG,Carte,LIV4,2023-08-03
CMD43109,CL0549,P075,Sep 04 2023,4,202.66,LIVRE,Agadir,Carte,,2023-09-05
CMD36093,CL0392,P087,Apr 07 2023,5,3914.57,OK,CASABLANCA,Carte,LIV6,
CMD42581,CL0895,P007,2023-06-18,1,4753.88,livré,casa,Carte,LIV3,2023-06-23
CMD28714,CL0219,P026,2023-05-09,4,616.93,en_cours,kech,Carte,LIV10,
CMD15951,CL0604,P040,Dec 12 2023,4,4527.64,annulé,TANGER,Carte,LIV8,
CMD36957,CL0503,P083,28/01/2023,3,3245.45,annulé,Agadir,Carte,LIV3,
CMD43000,CL0400,P036,2024-02-21,1,783.02,annulé,Agadir,Carte,LIV7,
CMD02451,CL0849,P055,2023-06-03,3,1641.92,livré,casa,Carte,LIV4,2023-06-06
CMD28503,CL0625,P071,05/12/2023,5,2304.34,livre,tanger,Carte,,
CMD41202,CL0527,P010,Jan 10 2024,3,1555.56,LIVRE,casa,Carte,LIV4,2024-01-15
CMD06150,CL0658,P088,23/06/2023,2,3212.34,en_cours,marrakech,Carte,LIV1,
CMD10970,CL0793,P013,Apr 10 2023,4,2424.39,retourné,kech,Carte,LIV8,2023-04-12
CMD28311,CL0567,P095,19/04/2023,1,3585.81,LIVRE,TNG,Carte,LIV10,2023-04-24
CMD47717,CL0037,P016,Dec 07 2023,2,1173.63,livre,Agadir,Carte,LIV5,
CMD41866,CL0544,P063,2023-10-24,5,1812.0,retourné,CASABLANCA,Carte,LIV5,2023-10-27
CMD20776,CL0370,P074,04/10/2023,2,1050.07,livré,tanger,Carte,LIV8,2023-10-08
CMD27219,CL0297,P009,16/02/2023,2,4817.0,retourné,CASABLANCA,Carte,LIV5,2023-02-19
CMD29319,CL0498,P076,2023-10-24,4,1574.35,DONE,kech,Carte,LIV1,2023-10-28
CMD40746,CL0860,P043,2023-10-26,2,3506.47,KO,marrakech,Carte,LIV8,
CMD19527,CL0895,P078,Apr 20 2023,4,1730.71,DONE,Tnja,Carte,LIV7,2023-04-25
CMD19313,CL0043,P025,22/03/2024,2,3085.27,livré,tanger,Carte,LIV4,2024-03-25
CMD26887,CL0899,P077,19/02/2023,2,2809.8,en_cours,kech,Carte,LIV7,
CMD40378,CL0393,P028,2023-12-30,4,4733.79,livré,TANGER,Carte,LIV2,2024-01-02
CMD08230,CL0871,P076,2024-04-02,4,2115.45,livre,Agadir,Carte,LIV1,
CMD30602,CL0416,P049,Mar 26 2023,2,927.09,KO,TNG,Carte,LIV1,
CMD23439,CL0164,P051,01/10/2023,2,2104.46,livré,marrakech,Carte,LIV3,2023-10-06
CMD12568,CL0203,P002,Mar 14 2023,4,573.93,en_cours,TNG,Carte,LIV6,
CMD26216,CL0112,P053,Jan 19 2024,2,4761.34,LIVRE,tanger,Carte,LIV7,2024-01-21
CMD12117,CL0542,P014,2024-04-12,5,1633.91,DONE,CASABLANCA,Carte,LIV2,2024-04-15
CMD10452,CL0613,P091,2023-01-24,1,610.15,LIVRE,casa,Carte,LIV6,2023-01-28
CMD18372,CL0502,P041,05/01/2024,5,4043.19,en_cours,TNG,Carte,LIV9,
CMD09810,CL0887,P089,2024-03-05,4,978.7,livré,marrakech,Carte,LIV4,2024-03-08
CMD18009,CL0049,P035,2023-10-10,3,760.33,livre,tanger,Carte,LIV10,
CMD28151,CL0230,P080,2023-06-28,4,554.96,LIVRE,tanger,Carte,LIV2,2023-07-02
CMD06075,CL0905,P033,Jan 24 2023,1,1210.2,OK,tanger,Carte,LIV10,
CMD14881,CL0524,P084,Mar 21 2023,1,4199.74,livre,Agadir,Carte,LIV2,
CMD08829,CL0884,P053,21/05/2023,3,1664.99,en_cours,Agadir,Carte,LIV3,
CMD21117,CL0619,P026,2023-12-26,1,482.38,livré,RBA,Carte,LIV3,2023-12-28
CMD47927,CL0288,P046,May 10 2023,5,3665.41,livré,RBA,Carte,LIV7,2023-05-15
CMD45583,CL0825,P058,2023-02-25,3,1650.3,annulé,TNG,Carte,LIV5,
CMD33605,CL0920,P049,24/07/2023,2,1058.12,livre,kech,Carte,LIV6,
CMD41076,CL0607,P063,Oct 25 2023,1,4153.52,LIVRE,tanger,Carte,LIV4,2023-10-30
CMD16632,CL0023,P019,Sep 28 2023,1,4950.44,OK,RBA,Carte,LIV2,
CMD46496,CL0505,P030,2023-04-22,2,2316.83,livré,RBA,Carte,LIV1,2023-04-27
CMD26979,CL0673,P012,24/02/2023,3,1377.95,livré,kech,Carte,LIV4,2023-02-27
CMD33358,CL0614,P090,11/05/2024,1,199.11,livré,marrakech,Carte,LIV9,2024-05-14
CMD43544,CL0496,P010,26/03/2023,4,1818.91,OK,TNG,Carte,LIV3,
CMD10856,CL0379,P026,Apr 04 2024,1,3329.78,KO,marrakech,Carte,LIV7,
CMD40413,CL0183,P088,2024-01-19,4,281.4,livré,tanger,Carte,LIV6,2024-01-23
CMD02997,CL0316,P100,08/03/2024,3,3350.88,DONE,marrakech,Carte,,2024-03-11
CMD33126,CL0899,P051,21/04/2024,1,1231.53,livré,casa,Carte,LIV9,2024-04-22
CMD02886,CL0797,P019,09/04/2023,3,2981.09,OK,CASABLANCA,Carte,LIV5,
CMD24391,CL0038,P029,21/12/2023,4,865.66,KO,Tnja,Carte,LIV8,
CMD30827,CL0423,P050,Mar 28 2024,4,831.67,livré,Tnja,Carte,LIV4,2024-03-31
CMD45591,CL0374,P033,Mar 26 2023,3,469.67,livré,CASABLANCA,Carte,LIV10,2023-03-28
CMD44454,CL0874,P047,Jun 24 2023,3,417.07,annulé,tanger,Carte,LIV4,
CMD22547,CL0092,P076,09/09/2023,4,3251.14,retourné,tanger,Carte,LIV9,2023-09-10
CMD34551,CL0207,P014,23/04/2024,3,3278.98,KO,Tnja,Carte,LIV2,
CMD19811,CL0977,P037,2023-07-14,1,3229.47,annulé,TNG,Carte,LIV7,
CMD20580,CL0201,P061,2024-03-31,4,4402.9,retourné,Agadir,Carte,LIV1,2024-04-03
CMD09439,CL0349,P095,05/03/2023,1,2430.31,livre,Tnja,Carte,LIV9,
CMD03713,CL0042,P031,03/10/2023,5,3339.42,livré,kech,Carte,,2023-10-05
CMD37080,CL0817,P054,2023-04-07,3,2734.52,DONE,RBA,Carte,LIV8,2023-04-11
CMD31621,CL0418,P089,2023-07-24,5,1096.32,DONE,TANGER,Carte,LIV8,2023-07-26
CMD04529,CL0479,P035,Sep 19 2023,5,2702.66,annulé,Tnja,Carte,LIV4,
CMD26573,CL0536,P046,Dec 13 2023,4,4890.03,livré,tanger,Carte,LIV9,2023-12-16
CMD13566,CL0037,P035,Jan 14 2024,2,2049.65,DONE,TNG,Carte,LIV1,2024-01-17
CMD46526,CL0669,P011,2023-12-03,3,4459.23,LIVRE,CASABLANCA,Carte,LIV8,2023-12-04
CMD13548,CL0090,P033,10/01/2024,4,2581.7,livré,Agadir,Carte,,2024-01-11
CMD30183,CL0474,P097,27/01/2024,3,2798.04,LIVRE,RBA,Carte,LIV7,2024-01-28
CMD25575,CL0881,P061,13/04/2024,4,3833.64,livré,Tnja,Carte,LIV8,2024-04-16
CMD46970,CL0018,P042,Apr 04 2024,4,1469.06,KO,Tnja,Carte,LIV10,
CMD02906,CL0036,P003,23/06/2023,2,4516.03,en_cours,casa,Carte,,
CMD41846,CL0271,P097,2024-01-26,5,4967.26,en_cours,casa,Carte,LIV10,
CMD38172,CL0237,P091,Apr 11 2024,4,3394.54,LIVRE,TNG,Carte,LIV2,2024-04-12
CMD21057,CL0853,P040,14/03/2024,5,3302.27,livré,RBA,Carte,LIV7,2024-03-16
CMD36670,CL0346,P021,Feb 22 2024,2,4507.0,DONE,CASABLANCA,Carte,LIV8,2024-02-24
CMD44170,CL0528,P016,08/03/2023,3,2535.01,livre,kech,Carte,LIV10,
CMD36688,CL0910,P056,2024-02-23,5,2078.34,livré,tanger,Carte,LIV6,2024-02-27
CMD48350,CL0471,P061,13/09/2023,3,1975.85,livré,Agadir,Carte,LIV10,2023-09-17
CMD20290,CL0769,P031,2024-03-07,4,4625.41,LIVRE,TANGER,Carte,,2024-03-08
CMD21121,CL0884,P090,2023-09-30,5,4461.96,DONE,Tnja,Carte,LIV1,2023-10-01
CMD22456,CL0880,P066,31/12/2023,1,1920.55,retourné,marrakech,Carte,LIV8,2024-01-03
CMD17442,CL0771,P099,2024-03-14,4,405.11,retourné,casa,Carte,LIV3,2024-03-17
CMD36103,CL0567,P040,2024-02-11,2,661.03,livre,Tnja,Carte,LIV6,
CMD31118,CL0890,P028,2023-04-28,3,1023.88,livré,Tnja,Carte,LIV7,2023-04-30
CMD40325,CL0744,P073,2023-03-28,5,2729.31,KO,tanger,Carte,LIV8,
CMD37950,CL0031,P037,25/02/2024,5,3136.87,LIVRE,marrakech,Carte,LIV7,2024-03-01
CMD16214,CL0020,P011,Jul 30 2023,2,3381.02,KO,TANGER,Carte,LIV3,
CMD38069,CL0880,P093,10/05/2023,5,4666.47,annulé,casa,Carte,LIV7,
CMD13589,CL0268,P041,Aug 20 2023,2,2237.89,livre,kech,Carte,LIV6,
CMD24999,CL0102,P007,Dec 28 2023,2,4872.45,en_cours,Tnja,Carte,LIV4,
CMD01713,CL0114,P077,31/10/2023,4,4740.67,retourné,tanger,Carte,LIV4,2023-11-01
CMD00898,CL0363,P067,Mar 10 2024,3,438.24,DONE,kech,Carte,LIV5,2024-03-13
CMD38108,CL0063,P061,2023-03-20,1,2925.69,en_cours,tanger,Carte,LIV3,
CMD08091,CL0077,P058,2023-12-13,1,1339.61,livré,marrakech,Carte,LIV5,2023-12-16
CMD08395,CL0740,P096,2023-11-14,1,4831.65,annulé,marrakech,Carte,LIV5,
CMD02439,CL0828,P020,Feb 04 2024,4,3440.12,OK,Agadir,Carte,LIV8,
CMD33151,CL0310,P019,29/04/2023,4,4917.96,livré,tanger,Carte,LIV5,2023-05-01
CMD31602,CL0095,P075,07/08/2023,2,1107.46,annulé,tanger,Carte,LIV8,
CMD11962,CL0461,P087,15/06/2023,2,3804.98,livre,Agadir,Carte,,
CMD43859,CL0598,P011,26/01/2024,2,4592.63,livre,TNG,Carte,LIV3,
CMD07674,CL0089,P050,Nov 30 2023,3,2408.8,OK,tanger,Carte,LIV5,
CMD10847,CL0497,P081,Jan 24 2024,2,685.52,OK,CASABLANCA,Carte,LIV8,
CMD11985,CL0067,P075,27/01/2024,5,136.54,annulé,TANGER,Carte,,
CMD11621,CL0751,P029,25/02/2023,5,4882.16,livré,TNG,Carte,LIV8,2023-02-28
CMD15275,CL0114,P054,2024-04-21,2,1866.45,LIVRE,TANGER,Carte,LIV9,2024-04-23
CMD05025,CL0337,P048,Dec 14 2023,5,1266.77,DONE,Tnja,Carte,LIV4,2023-12-15
CMD00716,CL0421,P086,2023-11-26,4,2255.18,livré,marrakech,Carte,LIV9,2023-11-30
CMD23957,CL0670,P090,Jan 14 2024,5,3045.22,OK,CASABLANCA,Carte,LIV7,
CMD36259,CL0422,P043,06/08/2023,1,3774.0,LIVRE,kech,Carte,LIV2,2023-08-09
CMD30651,CL0010,P038,Oct 23 2023,2,2317.04,livre,Tnja,Carte,LIV7,
CMD21281,CL0894,P046,Jul 26 2023,1,2282.85,retourné,Agadir,Carte,LIV9,2023-07-29
CMD41182,CL0030,P004,2024-04-05,3,2237.28,DONE,tanger,Carte,LIV6,2024-04-10
CMD01636,CL0026,P033,2024-03-26,5,0,retourné,Agadir,Carte,LIV1,2024-03-27
CMD26722,CL0555,P077,02/02/2024,3,4534.3,OK,CASABLANCA,Carte,LIV3,
CMD47729,CL0990,P093,07/02/2024,4,3413.34,livré,kech,Carte,LIV10,2024-02-11
CMD00579,CL0300,P042,2023-04-04,1,1603.74,livré,Tnja,Carte,LIV9,2023-04-09
CMD44828,CL0508,P047,Mar 31 2024,2,2637.71,retourné,Agadir,Carte,LIV6,2024-04-02
CMD33847,CL0411,P035,19/09/2023,1,3001.59,annulé,kech,Carte,LIV9,
CMD17924,CL0675,P039,2023-10-01,3,142.9,livré,Agadir,Carte,LIV7,2023-10-02
CMD20848,CL0284,P086,Apr 19 2023,4,1305.7,livré,CASABLANCA,Carte,LIV4,2023-04-24
CMD25512,CL0005,P049,Apr 12 2024,3,288.87,retourné,Agadir,Carte,LIV3,2024-04-16
CMD26963,CL0220,P022,2023-07-22,3,4443.94,en_cours,TANGER,Carte,LIV6,
CMD19074,CL0507,P063,03/02/2024,3,1921.23,OK,CASABLANCA,Carte,LIV4,
CMD36033,CL0306,P097,13/03/2023,2,3514.68,annulé,Tnja,Carte,LIV2,
CMD15898,CL0028,P028,25/04/2024,2,4245.92,OK,TNG,Carte,LIV1,
CMD25462,CL0374,P089,Mar 14 2023,5,2275.53,DONE,tanger,Carte,LIV5,2023-03-15
CMD19425,CL0770,P003,2024-03-01,5,2957.8,livre,marrakech,Carte,LIV7,
CMD06607,CL0404,P067,Jul 15 2023,1,4817.71,KO,TNG,Carte,LIV6,
CMD44821,CL0878,P025,2023-01-11,4,3569.25,livré,CASABLANCA,Carte,LIV10,2023-01-12
CMD45951,CL0735,P090,25/01/2023,2,3256.77,LIVRE,Tnja,Carte,LIV7,2023-01-26
CMD41486,CL0114,P057,06/04/2023,4,3648.22,livre,TNG,Carte,LIV8,
CMD35880,CL0527,P028,02/04/2023,2,925.53,OK,TNG,Carte,LIV1,
CMD43259,CL0870,P043,2024-05-02,5,2528.67,retourné,TANGER,Carte,LIV5,2024-05-04
CMD09480,CL0446,P050,04/02/2024,4,3469.54,livre,TNG,Carte,,
CMD33002,CL0093,P047,24/04/2023,3,1308.48,retourné,Agadir,Carte,LIV2,2023-04-26
CMD19764,CL0418,P020,2023-07-18,4,4876.11,en_cours,RBA,Carte,LIV9,
CMD41805,CL0799,P073,16/04/2024,5,4183.81,livre,kech,Carte,LIV1,
CMD07759,CL0085,P100,Jun 10 2023,4,4587.1,livre,CASABLANCA,Carte,LIV10,
CMD12406,CL0353,P010,Jan 14 2023,2,147.08,en_cours,kech,Carte,LIV8,
CMD48403,CL0374,P016,Aug 17 2023,3,785.05,en_cours,TNG,Carte,LIV2,
CMD26086,CL0719,P096,04/10/2023,1,1790.66,livré,tanger,Carte,LIV9,2023-10-09
CMD35761,CL0423,P058,07/01/2023,3,2804.27,livré,TNG,Carte,LIV2,2023-01-09
CMD23075,CL0287,P002,2023-06-05,2,2753.98,livré,Tnja,Carte,LIV5,2023-06-09
CMD26663,CL0338,P003,05/05/2024,5,2175.14,annulé,TNG,Carte,LIV10,
CMD06090,CL0352,P084,16/02/2024,2,882.19,KO,kech,Carte,LIV9,
CMD30603,CL0653,P074,2024-05-09,5,4934.43,livré,kech,Carte,LIV5,2024-05-12
CMD41064,CL0647,P061,Aug 08 2023,2,2182.03,OK,marrakech,Carte,LIV1,
CMD06900,CL0244,P070,Jan 14 2024,2,4440.53,KO,marrakech,Carte,,
CMD45673,CL0306,P018,Mar 03 2024,3,3856.11,KO,kech,Carte,LIV7,
CMD13176,CL0986,P038,17/01/2023,4,939.05,LIVRE,kech,Carte,LIV1,2023-01-22
CMD23315,CL0642,P041,2024-02-07,2,2161.39,LIVRE,TANGER,Carte,LIV5,2024-02-09
CMD04620,CL0051,P005,2023-02-24,2,766.48,LIVRE,Tnja,Carte,LIV8,2023-02-28
CMD19951,CL0464,P005,19/12/2023,5,2100.63,OK,Tnja,Carte,LIV5,
CMD40173,CL0649,P001,May 01 2023,4,1568.55,retourné,kech,Carte,LIV4,2023-05-04
CMD02840,CL0768,P071,Jul 07 2023,4,2611.89,DONE,tanger,Carte,LIV7,2023-07-10
CMD29738,CL0681,P009,10/05/2024,3,2883.48,annulé,RBA,Carte,LIV2,
CMD23006,CL0032,P062,21/10/2023,5,3514.3,en_cours,Tnja,Carte,LIV4,
CMD10014,CL0150,P062,05/07/2023,1,1647.64,DONE,CASABLANCA,Carte,,2023-07-10
CMD37136,CL0070,P085,Feb 12 2023,5,1815.57,LIVRE,kech,Carte,LIV6,2023-02-14
CMD27994,CL0759,P039,2024-01-31,3,68.85,OK,TNG,Carte,LIV1,
CMD10524,CL0523,P085,2023-12-07,4,252.7,DONE,RBA,Carte,LIV9,2023-12-11
CMD15843,CL0673,P012,2023-03-18,3,1239.97,livré,TANGER,Carte,LIV1,2023-03-23
CMD31747,CL0818,P069,2024-01-26,5,2947.8,retourné,RBA,Carte,LIV10,2024-01-31
CMD44362,CL0374,P026,25/09/2023,5,2192.03,retourné,TANGER,Carte,LIV6,2023-09-30
CMD30011,CL0677,P065,Sep 04 2023,1,1027.58,livré,tanger,Carte,LIV4,2023-09-09
CMD09041,CL0503,P066,11/04/2024,5,2924.51,retourné,Tnja,Carte,LIV7,2024-04-13
CMD19551,CL0449,P016,Feb 25 2024,2,3175.39,livré,CASABLANCA,Carte,LIV6,2024-02-29
CMD26695,CL0996,P088,May 01 2024,2,2568.04,livre,marrakech,Carte,LIV5,
CMD12660,CL0071,P002,23/09/2023,3,4032.91,DONE,TANGER,Carte,LIV1,2023-09-26
CMD33473,CL0016,P078,Aug 11 2023,4,438.93,en_cours,casa,Carte,LIV1,
CMD44701,CL0463,P094,20/07/2023,5,4468.12,KO,Agadir,Carte,LIV10,
CMD20402,CL0903,P060,Jun 20 2023,2,1942.48,KO,casa,Carte,LIV2,
CMD22708,CL0385,P057,Oct 31 2023,4,4007.93,LIVRE,CASABLANCA,Carte,LIV4,2023-11-01
CMD03982,CL0269,P047,Apr 25 2023,2,3757.11,retourné,Tnja,Carte,LIV10,2023-04-30
CMD24196,CL0241,P069,28/02/2023,5,4943.73,KO,CASABLANCA,Carte,LIV1,
CMD15498,CL0258,P064,2023-06-04,2,4293.98,retourné,kech,Carte,LIV7,2023-06-05
CMD41204,CL0389,P017,Jul 30 2023,4,3444.07,livré,CASABLANCA,Carte,LIV9,2023-08-03
CMD07136,CL0483,P077,2023-11-25,3,3872.09,retourné,tanger,Carte,LIV1,2023-11-28
CMD22091,CL0156,P096,2023-03-23,2,3933.37,OK,Agadir,Carte,LIV4,
CMD06553,CL0927,P021,2023-06-04,5,2360.01,livré,TANGER,Carte,LIV4,2023-06-06
CMD41181,CL0195,P089,Feb 21 2024,4,2242.26,retourné,casa,Carte,LIV9,2024-02-26
CMD47814,CL0291,P068,Nov 24 2023,1,3617.15,OK,casa,Carte,LIV5,
CMD38907,CL0029,P022,2023-09-03,5,4184.11,LIVRE,Agadir,Carte,LIV9,2023-09-07
CMD17154,CL0010,P028,2024-04-25,3,1625.7,LIVRE,tanger,Carte,LIV7,2024-04-29
CMD16217,CL0545,P089,Nov 12 2023,4,4664.27,KO,Agadir,Carte,LIV6,
CMD01812,CL0546,P021,May 02 2024,4,2865.6,annulé,TNG,Carte,LIV6,
CMD22219,CL0179,P044,2023-03-08,1,1751.56,DONE,casa,Carte,LIV10,2023-03-11
CMD12964,CL0682,P019,12/06/2023,2,2255.48,KO,TNG,Carte,LIV3,
CMD35606,CL0221,P041,2024-04-20,1,2449.64,OK,marrakech,Carte,LIV6,
CMD00962,CL0971,P084,2023-08-13,2,1582.54,KO,kech,Carte,LIV4,
CMD41529,CL0165,P091,Aug 26 2023,4,1110.72,en_cours,TANGER,Carte,LIV8,
CMD24703,CL0319,P007,Dec 24 2023,5,718.02,OK,RBA,Carte,LIV5,
CMD40587,CL0588,P036,Jan 20 2024,4,520.55,en_cours,tanger,Carte,LIV2,
CMD07629,CL0557,P025,2024-03-31,5,3179.78,livré,Agadir,Carte,LIV3,2024-04-01
CMD28238,CL0921,P089,2023-04-16,1,4513.9,livré,Agadir,Carte,LIV7,2023-04-17
CMD38061,CL0042,P002,21/11/2023,2,1981.13,en_cours,marrakech,Carte,LIV5,
CMD19506,CL0917,P092,26/10/2023,4,1475.21,livré,TNG,Carte,LIV10,2023-10-31
CMD38157,CL0784,P070,2023-02-23,5,2446.51,LIVRE,TANGER,Carte,LIV9,2023-02-26
CMD30621,CL0213,P060,22/12/2023,3,216.19,KO,TNG,Carte,,
CMD10330,CL0828,P055,2024-02-17,5,1923.65,OK,RBA,Carte,LIV3,
CMD48201,CL0536,P058,2023-07-21,5,1949.72,livré,CASABLANCA,Carte,LIV7,2023-07-22
CMD46721,CL0341,P009,2024-03-02,5,118.51,en_cours,Tnja,Carte,LIV9,
CMD30138,CL0881,P015,16/10/2023,5,1284.49,livre,casa,Carte,LIV6,
CMD42622,CL0394,P040,Apr 20 2023,2,4359.23,livre,RBA,Carte,LIV8,
CMD19742,CL0156,P046,Feb 12 2023,2,3365.56,livré,Tnja,Carte,LIV6,2023-02-14
CMD11420,CL0989,P079,2023-07-29,5,3006.65,livré,TNG,Carte,LIV4,2023-08-03
CMD04157,CL0954,P028,31/12/2023,3,1764.6,livre,TNG,Carte,LIV9,
CMD41708,CL0835,P051,2023-05-20,2,2003.35,livré,kech,Carte,LIV2,2023-05-25
CMD25879,CL0470,P026,2023-11-06,4,2438.76,livré,kech,Carte,LIV2,2023-11-07
CMD20489,CL0747,P043,08/01/2023,4,1704.47,OK,kech,Carte,,
CMD15027,CL0273,P053,2023-09-28,1,3159.52,livré,TANGER,Carte,LIV5,2023-10-01
CMD41361,CL0824,P049,Apr 29 2024,4,1504.93,livre,RBA,Carte,LIV5,
CMD31541,CL0036,P049,22/04/2023,1,585.34,en_cours,Agadir,Carte,LIV9,
CMD30916,CL0589,P056,Jan 30 2024,5,138.81,DONE,RBA,Carte,LIV3,2024-02-01
CMD09863,CL0870,P053,2023-12-15,1,2879.52,en_cours,marrakech,Carte,LIV6,
CMD17573,CL0072,P082,19/10/2023,3,2917.72,annulé,casa,Carte,LIV1,
CMD12381,CL0755,P065,2023-12-03,3,4054.05,livré,TANGER,Carte,LIV6,2023-12-04
CMD21218,CL0824,P027,2023-05-20,3,3505.89,en_cours,Tnja,Carte,LIV5,
CMD30218,CL0911,P061,Feb 12 2024,2,4193.63,en_cours,kech,Carte,LIV2,
CMD15024,CL0395,P009,May 08 2024,1,594.19,KO,tanger,Carte,LIV1,
CMD21787,CL0433,P037,2023-11-27,4,2354.54,OK,TANGER,Carte,LIV4,
CMD39186,CL0696,P045,Jan 18 2024,2,2311.5,livré,Tnja,Carte,LIV3,2024-01-21
CMD25766,CL0546,P032,Apr 29 2023,1,3412.75,livré,tanger,Carte,LIV2,2023-05-01
CMD14098,CL0114,P020,Apr 06 2023,1,4778.41,livré,Tnja,Carte,LIV6,2023-04-07
CMD13737,CL0194,P045,2024-03-02,1,1534.56,retourné,Tnja,Carte,LIV8,2024-03-06
CMD11355,CL0461,P002,Jan 29 2024,3,1351.74,DONE,Agadir,Carte,LIV5,2024-02-01
CMD05331,CL0110,P054,2024-04-03,2,1122.66,annulé,TNG,Carte,LIV9,
CMD16315,CL0772,P003,23/09/2023,1,1361.27,annulé,TANGER,Carte,LIV1,
CMD25546,CL0437,P047,Nov 06 2023,4,4276.19,annulé,TNG,Carte,LIV3,
CMD05110,CL0745,P015,Jan 14 2024,4,0,livré,CASABLANCA,Carte,LIV10,2024-01-19
CMD07172,CL0428,P041,2024-04-02,1,3914.86,LIVRE,tanger,Carte,LIV7,2024-04-05
CMD15088,CL0239,P095,2023-08-10,4,3856.63,livré,TANGER,Carte,LIV4,2023-08-12
CMD32788,CL0085,P093,Aug 05 2023,2,3339.22,en_cours,TANGER,Carte,LIV9,
CMD43548,CL0864,P014,29/05/2023,4,4603.5,KO,Tnja,Carte,LIV2,
CMD38315,CL0164,P077,2024-02-27,5,2895.13,livre,marrakech,Carte,LIV3,
CMD28051,CL0771,P063,Jul 01 2023,4,4316.99,livré,Tnja,Carte,LIV10,2023-07-02
CMD05313,CL0933,P024,14/07/2023,3,1196.87,DONE,casa,Carte,,2023-07-19
CMD24510,CL0257,P005,Nov 15 2023,4,4810.69,annulé,marrakech,Carte,LIV2,
CMD13605,CL0730,P076,Feb 13 2023,5,4113.81,KO,Tnja,Carte,LIV3,
CMD18209,CL0630,P097,20/07/2023,5,1190.87,LIVRE,TANGER,Carte,LIV7,2023-07-23
CMD40670,CL0124,P093,Mar 06 2023,5,1818.13,en_cours,CASABLANCA,Carte,LIV6,
CMD13746,CL0639,P074,2023-09-22,4,291.26,annulé,marrakech,Carte,LIV1,
CMD17612,CL0695,P018,May 25 2023,5,2203.71,OK,casa,Carte,LIV4,
CMD40699,CL0057,P030,27/01/2024,2,1543.17,LIVRE,casa,Carte,LIV7,2024-01-29
CMD27418,CL0215,P066,Nov 13 2023,3,1417.05,KO,CASABLANCA,Carte,LIV7,
CMD24104,CL0186,P017,Nov 25 2023,4,2920.87,KO,marrakech,Carte,LIV3,
CMD43101,CL0343,P100,16/05/2023,3,1106.79,livre,RBA,Carte,LIV8,
CMD46448,CL0376,P015,09/07/2023,1,1840.8,livré,kech,Carte,LIV2,2023-07-11
CMD48151,CL0944,P079,2023-12-13,5,4508.86,retourné,kech,Carte,LIV8,2023-12-16
CMD32316,CL0884,P037,2024-03-06,1,153.13,livré,kech,Carte,LIV8,2024-03-08
CMD26252,CL0544,P081,Mar 31 2023,3,1019.1,livré,Tnja,Carte,LIV8,2023-04-01
CMD43805,CL0081,P023,May 22 2023,3,4016.15,OK,kech,Carte,LIV1,
CMD29485,CL0257,P083,2023-07-28,2,2324.74,KO,TNG,Carte,,
CMD41844,CL0534,P021,06/02/2024,5,3362.86,KO,TNG,Carte,LIV3,
CMD27358,CL0382,P043,08/04/2024,2,2591.05,annulé,Tnja,Carte,LIV6,
CMD47412,CL0118,P088,13/05/2023,3,0,annulé,Tnja,Carte,LIV6,
CMD24439,CL0036,P063,02/05/2024,5,2494.23,OK,Agadir,Carte,LIV6,
CMD08259,CL0246,P038,Jun 29 2023,1,2047.25,en_cours,TNG,Carte,,
CMD41154,CL0208,P071,05/04/2023,4,4802.18,OK,TNG,Carte,LIV3,
CMD20480,CL0603,P010,2024-02-14,1,4413.62,DONE,Tnja,Carte,LIV6,2024-02-17
CMD34632,CL0038,P049,Apr 11 2024,2,4385.81,livre,marrakech,Carte,LIV1,
CMD12389,CL0370,P049,Feb 29 2024,2,750.27,LIVRE,CASABLANCA,Carte,LIV8,2024-03-05
CMD42635,CL0372,P072,13/11/2023,1,1153.92,retourné,marrakech,Carte,LIV4,2023-11-15
CMD30071,CL0513,P028,2023-10-26,2,1142.84,annulé,CASABLANCA,Carte,LIV5,
CMD03278,CL0896,P093,Jan 13 2023,2,4290.56,KO,TANGER,Carte,LIV3,
CMD22927,CL0533,P015,11/03/2024,3,1745.75,KO,CASABLANCA,Carte,LIV5,
CMD20172,CL0605,P070,14/01/2023,3,910.35,KO,tanger,Carte,LIV6,
CMD04374,CL0167,P063,2023-12-15,3,4383.64,livre,TNG,Carte,LIV5,
CMD30316,CL0392,P070,10/02/2024,4,4736.24,livré,TNG,Carte,,2024-02-15
CMD25216,CL0941,P091,2023-04-11,1,1234.93,annulé,kech,Carte,,
CMD13045,CL0664,P043,2024-03-17,2,2441.73,annulé,Tnja,Carte,LIV1,
CMD34772,CL0862,P037,19/04/2023,5,1540.19,en_cours,kech,Carte,LIV5,
CMD13438,CL0429,P031,24/11/2023,1,1824.56,livré,TNG,Carte,LIV3,2023-11-29
CMD03620,CL0577,P021,2023-01-03,1,4267.25,KO,CASABLANCA,Carte,LIV5,
CMD31422,CL0116,P005,23/01/2023,5,2240.73,annulé,TANGER,Carte,LIV8,
CMD46920,CL0775,P038,Jun 03 2023,2,1894.1,livre,tanger,Carte,LIV3,
CMD35335,CL0546,P059,02/09/2023,2,4989.31,annulé,CASABLANCA,Carte,LIV5,
CMD04348,CL0279,P059,Jun 29 2023,1,3111.93,annulé,kech,Carte,LIV5,
CMD28456,CL0690,P054,Feb 17 2024,5,697.69,OK,casa,Carte,LIV6,
CMD36955,CL0936,P035,2024-02-11,4,2575.14,en_cours,tanger,Carte,LIV9,
CMD37356,CL0104,P005,Apr 06 2023,2,3323.81,OK,tanger,Carte,LIV1,
CMD29023,CL0046,P086,2024-03-21,4,0,OK,tanger,Carte,LIV4,
CMD27650,CL0355,P022,2023-12-25,5,520.62,livre,tanger,Carte,LIV3,
CMD09453,CL0661,P003,Oct 14 2023,1,1457.73,retourné,marrakech,Carte,LIV6,2023-10-17
CMD21525,CL0717,P048,11/08/2023,4,4373.14,livre,Agadir,Carte,LIV4,
CMD30108,CL0651,P038,2023-12-05,4,510.77,retourné,Agadir,Carte,LIV6,2023-12-08
CMD07084,CL0697,P034,28/05/2023,5,4395.67,OK,Tnja,Carte,LIV3,
CMD22193,CL0758,P024,2024-03-01,1,3780.94,livré,Tnja,Carte,LIV4,2024-03-04
CMD16516,CL0595,P031,12/02/2024,2,1911.97,retourné,RBA,Carte,LIV8,2024-02-16
CMD08065,CL0257,P019,Jan 02 2023,4,2701.0,LIVRE,TANGER,Carte,LIV6,2023-01-05
CMD19969,CL0078,P002,25/06/2023,2,4805.29,livré,CASABLANCA,Carte,LIV1,2023-06-28
CMD07262,CL0394,P020,Jul 01 2023,3,0,DONE,RBA,Carte,LIV2,2023-07-04
CMD44106,CL0846,P065,2023-04-21,1,3241.05,KO,Tnja,Carte,LIV10,
CMD26374,CL0815,P095,02/10/2023,4,948.99,livré,TANGER,Carte,LIV10,2023-10-03
CMD10007,CL0569,P056,2024-02-03,3,3888.91,livré,Agadir,Carte,LIV10,2024-02-05
CMD33479,CL0753,P057,2024-01-17,2,0,livré,tanger,Carte,LIV3,2024-01-20
CMD35509,CL0092,P049,Mar 08 2024,3,3872.91,retourné,kech,Carte,LIV10,2024-03-11
CMD47533,CL0071,P023,18/04/2024,4,4986.86,LIVRE,kech,Carte,,2024-04-22
CMD23821,CL0505,P007,10/03/2023,3,859.76,retourné,tanger,Carte,,2023-03-14
CMD40793,CL0024,P081,Sep 01 2023,2,1087.39,livre,RBA,Carte,LIV4,
CMD15600,CL0314,P063,2023-12-05,3,1929.65,LIVRE,marrakech,Carte,LIV5,2023-12-06
CMD02637,CL0078,P051,Mar 08 2024,3,0,KO,RBA,Carte,LIV10,
CMD06565,CL0882,P057,2024-03-12,1,1517.1,DONE,tanger,Carte,LIV2,2024-03-15
CMD34061,CL0131,P029,2023-09-07,1,1022.67,OK,Tnja,Carte,LIV6,
CMD07620,CL0636,P098,2024-01-19,2,628.77,livré,CASABLANCA,Carte,LIV1,2024-01-23
CMD36984,CL0260,P049,2023-05-15,2,1606.65,DONE,casa,Carte,,2023-05-17
CMD31491,CL0667,P090,22/12/2023,4,1942.79,LIVRE,Tnja,Carte,LIV4,2023-12-27
CMD04996,CL0552,P032,2023-07-17,3,2699.75,en_cours,TANGER,Carte,LIV4,
CMD28438,CL0674,P061,2024-01-27,2,3949.45,LIVRE,casa,Carte,LIV8,2024-01-31
CMD36182,CL0067,P010,07/07/2023,4,83.74,LIVRE,Agadir,Carte,LIV9,2023-07-12
CMD27065,CL0648,P061,19/07/2023,1,3003.17,livre,Tnja,Carte,LIV8,
CMD00230,CL0855,P063,2023-07-03,2,2048.52,en_cours,casa,Carte,,
CMD19968,CL0817,P088,Aug 16 2023,4,901.54,OK,CASABLANCA,Carte,LIV5,
CMD29558,CL0963,P056,2023-09-03,2,2201.52,en_cours,kech,Carte,LIV5,
CMD24290,CL0996,P089,27/10/2023,5,4437.57,livré,marrakech,Carte,,2023-10-30
CMD24027,CL0639,P054,16/03/2024,1,583.61,OK,Agadir,Carte,LIV9,
CMD43892,CL0136,P051,Aug 01 2023,3,4545.93,LIVRE,tanger,Carte,LIV3,2023-08-03
CMD42000,CL0304,P071,2023-06-23,4,4901.11,OK,tanger,Carte,LIV2,
CMD31636,CL0222,P062,2023-05-01,4,3800.1,livré,Agadir,Carte,LIV3,2023-05-05
CMD32026,CL0970,P099,Jul 14 2023,3,4777.01,livré,TANGER,Carte,LIV1,2023-07-16
CMD00927,CL0775,P063,2023-02-10,5,2918.9,OK,RBA,Carte,LIV1,
CMD15763,CL0799,P022,2023-02-23,5,270.11,annulé,TNG,Carte,LIV7,
CMD17375,CL0510,P042,2023-12-17,4,3207.61,OK,TNG,Carte,LIV6,
CMD46716,CL0990,P048,20/01/2023,2,835.36,KO,Tnja,Carte,LIV2,
CMD30566,CL0948,P023,27/02/2024,2,3703.05,LIVRE,casa,Carte,LIV8,2024-02-28
CMD32057,CL0209,P064,2023-08-30,4,4315.78,livré,TNG,Carte,,2023-09-04
CMD39592,CL0977,P045,10/11/2023,1,620.7,livré,Tnja,Carte,LIV2,2023-11-14
CMD32541,CL0235,P034,Mar 15 2024,1,4642.22,LIVRE,marrakech,Carte,LIV1,2024-03-16
CMD22589,CL0315,P090,02/04/2023,4,4208.2,en_cours,CASABLANCA,Carte,LIV10,
CMD48088,CL0287,P079,Oct 11 2023,2,1890.09,livre,tanger,Carte,LIV2,
CMD15538,CL0137,P063,20/08/2023,5,164.19,annulé,casa,Carte,LIV1,
CMD27566,CL0535,P020,Mar 03 2023,1,3102.15,DONE,TANGER,Carte,LIV8,2023-03-07
CMD09240,CL0271,P059,2024-03-30,3,1999.02,DONE,casa,Carte,,2024-04-02
CMD16801,CL0778,P060,04/04/2023,5,858.27,livré,CASABLANCA,Carte,LIV6,2023-04-09
CMD42895,CL0642,P068,Aug 18 2023,3,2060.21,livré,Tnja,Carte,LIV4,2023-08-19
CMD21581,CL0819,P091,2023-09-11,4,1472.92,DONE,TNG,Carte,LIV4,2023-09-12
CMD40068,CL0135,P061,Nov 27 2023,5,4573.39,livre,CASABLANCA,Carte,LIV8,
CMD39884,CL0782,P029,2023-09-21,3,2279.81,livre,TANGER,Carte,,
CMD20809,CL0477,P055,2023-03-06,3,4604.07,KO,kech,Carte,LIV2,
CMD21671,CL0095,P047,Mar 21 2024,1,3770.64,livré,kech,Carte,LIV7,2024-03-24
CMD24008,CL0560,P095,Oct 14 2023,4,3674.3,retourné,RBA,Carte,LIV4,2023-10-19
CMD44395,CL0539,P042,2023-04-26,3,3821.21,livre,Agadir,Carte,LIV6,
CMD26262,CL0991,P070,Apr 08 2023,3,869.35,OK,RBA,Carte,LIV10,
CMD05357,CL0267,P014,Jan 23 2024,4,1023.4,livré,Agadir,Carte,LIV9,2024-01-24
CMD12151,CL0392,P045,2024-04-09,1,1121.27,livré,kech,Carte,LIV5,2024-04-14
CMD45185,CL0600,P095,2023-04-10,2,3069.66,DONE,marrakech,Carte,LIV1,2023-04-11
CMD43436,CL0613,P019,06/02/2023,2,3448.38,LIVRE,RBA,Carte,LIV5,2023-02-07
CMD36500,CL0359,P088,2023-12-24,2,2787.08,livré,tanger,Carte,LIV6,2023-12-29
CMD08329,CL0583,P020,2024-03-25,5,437.44,livré,kech,Carte,LIV8,2024-03-29
CMD33456,CL0953,P029,16/01/2023,4,4740.93,DONE,Tnja,Carte,LIV2,2023-01-20
CMD29921,CL0887,P016,26/04/2023,1,4607.16,OK,kech,Carte,LIV9,
CMD18021,CL0771,P089,2023-10-26,4,2494.33,livre,CASABLANCA,Carte,LIV4,
CMD45474,CL0521,P047,24/11/2023,2,4489.64,livré,Tnja,Carte,,2023-11-27
CMD19922,CL0325,P075,Jul 30 2023,1,3000.5,livre,TNG,Carte,LIV8,
CMD24372,CL0340,P039,2023-03-21,4,146.87,livré,casa,Carte,LIV5,2023-03-22
CMD46363,CL0954,P005,2024-03-19,3,0,livre,Agadir,Carte,LIV10,
CMD12821,CL0444,P070,2023-04-30,1,979.03,LIVRE,Tnja,Carte,LIV9,2023-05-01
CMD08465,CL0033,P048,18/01/2024,1,2082.84,retourné,casa,Carte,LIV4,2024-01-21
CMD00341,CL0615,P033,Mar 27 2023,5,3889.77,livré,TNG,Carte,LIV10,2023-03-31
CMD15703,CL0744,P056,Apr 22 2023,5,2376.81,annulé,kech,Carte,LIV6,
CMD29996,CL0960,P090,29/01/2024,3,2952.93,KO,CASABLANCA,Carte,LIV1,
CMD46399,CL0732,P084,2023-02-14,4,898.66,livré,Tnja,Carte,LIV6,2023-02-17
CMD08655,CL0749,P085,Sep 01 2023,5,1742.16,KO,RBA,Carte,LIV10,
CMD21956,CL0131,P035,Jun 03 2023,5,1181.32,en_cours,TANGER,Carte,LIV7,
CMD15415,CL0140,P074,2023-03-12,3,1358.9,livré,kech,Carte,LIV8,2023-03-17
CMD36366,CL0630,P094,08/11/2023,4,357.41,livré,CASABLANCA,Carte,LIV9,2023-11-09
CMD26599,CL0300,P071,01/06/2023,1,2224.12,livre,Agadir,Carte,LIV4,
CMD10580,CL0050,P087,Oct 18 2023,1,3456.35,annulé,TANGER,Carte,LIV2,
CMD24844,CL0614,P012,Jan 18 2023,5,3666.52,OK,Tnja,Carte,LIV6,
CMD17099,CL0936,P100,Oct 08 2023,2,4404.6,DONE,TANGER,Carte,LIV3,2023-10-11
CMD17430,CL0406,P068,Mar 15 2024,3,3414.07,DONE,RBA,Carte,LIV8,2024-03-16
CMD40556,CL0279,P001,2023-11-20,5,3578.08,DONE,marrakech,Carte,LIV1,2023-11-25
CMD17831,CL0455,P072,Sep 23 2023,2,4178.11,en_cours,tanger,Carte,,
CMD24222,CL0702,P087,2023-10-31,5,2071.28,DONE,TNG,Carte,LIV9,2023-11-04
CMD24667,CL0872,P032,23/04/2024,5,901.49,annulé,TANGER,Carte,LIV7,
CMD26165,CL0852,P082,Aug 07 2023,3,549.98,OK,Agadir,Carte,LIV3,
CMD28252,CL0323,P078,Mar 24 2023,4,4420.37,LIVRE,TNG,Carte,LIV1,2023-03-28
CMD18473,CL0035,P032,27/03/2023,2,3281.3,DONE,Agadir,Carte,LIV9,2023-03-30
CMD14721,CL0971,P064,Mar 06 2023,3,2206.69,livré,kech,Carte,LIV1,2023-03-08
CMD46886,CL0094,P006,Nov 05 2023,5,1680.39,livré,Tnja,Carte,LIV3,2023-11-10
CMD30636,CL0531,P007,Jun 05 2023,4,714.42,livré,CASABLANCA,Carte,LIV4,2023-06-08
CMD21347,CL0428,P065,Jul 08 2023,5,1981.4,livre,RBA,Carte,LIV4,
CMD27801,CL0518,P045,28/12/2023,2,2454.68,livré,RBA,Carte,LIV5,2024-01-02
CMD46440,CL0499,P007,Oct 10 2023,1,1711.0,LIVRE,Tnja,Carte,LIV3,2023-10-14
CMD18749,CL0972,P017,22/04/2023,5,1834.26,DONE,TNG,Carte,LIV5,2023-04-24
CMD11825,CL0769,P053,09/05/2023,3,1617.31,KO,RBA,Carte,LIV7,
CMD07364,CL0905,P070,22/04/2024,5,1665.48,OK,RBA,Carte,LIV6,
CMD06522,CL0739,P020,04/09/2023,5,3983.87,KO,CASABLANCA,Carte,LIV8,
CMD40536,CL0527,P075,May 12 2024,3,715.15,annulé,TANGER,Carte,LIV3,
CMD20762,CL0080,P080,2023-09-03,1,1651.41,livré,Tnja,Carte,LIV2,2023-09-06
CMD07305,CL0216,P029,2023-07-26,3,1695.84,annulé,Agadir,Carte,LIV7,
CMD13922,CL0211,P006,2023-08-08,1,2623.44,livré,RBA,Carte,,2023-08-11
CMD35026,CL0799,P080,2023-08-07,4,419.3,en_cours,kech,Carte,LIV4,
CMD28251,CL0679,P093,22/02/2023,4,1701.06,DONE,TNG,Carte,LIV4,2023-02-23
CMD47841,CL0045,P013,2023-12-29,3,2737.02,annulé,marrakech,Carte,LIV7,
CMD43199,CL0700,P061,2023-03-14,2,370.53,retourné,CASABLANCA,Carte,LIV5,2023-03-19
CMD33154,CL0056,P029,2023-02-07,4,1223.56,en_cours,CASABLANCA,Carte,LIV6,
CMD16488,CL0034,P027,Jul 23 2023,5,4597.29,livré,marrakech,Carte,LIV5,2023-07-24
CMD04646,CL0929,P036,Apr 10 2024,1,2268.12,DONE,Agadir,Carte,LIV4,2024-04-12
CMD02501,CL0186,P012,Dec 05 2023,4,1142.64,DONE,marrakech,Carte,LIV7,2023-12-09
CMD09021,CL0182,P067,2023-01-28,1,3876.97,KO,marrakech,Carte,LIV9,
CMD27236,CL0881,P017,2024-05-07,2,1637.36,livré,Tnja,Carte,LIV7,2024-05-11
CMD39918,CL0274,P054,22/01/2023,5,1330.16,DONE,casa,Carte,,2023-01-23
CMD20098,CL0304,P048,Jul 04 2023,5,2228.61,annulé,TNG,Carte,LIV10,
CMD00746,CL0817,P004,Oct 17 2023,2,1112.2,OK,TANGER,Carte,LIV5,
CMD27918,CL0570,P026,2023-10-29,2,2419.2,livré,casa,Carte,LIV10,2023-11-02
CMD08941,CL0987,P075,Apr 10 2024,3,115.36,OK,marrakech,Carte,,
CMD17699,CL0292,P013,26/02/2023,5,3905.73,LIVRE,tanger,Carte,LIV4,2023-03-03
CMD34415,CL0462,P016,2024-05-12,2,3018.74,livré,Tnja,Carte,LIV7,2024-05-14
CMD01652,CL0179,P095,27/05/2023,1,1025.42,DONE,TANGER,Carte,LIV8,2023-05-30
CMD45395,CL0675,P094,15/04/2024,3,3875.43,OK,tanger,Carte,LIV3,
CMD13752,CL0075,P030,03/02/2024,3,1063.63,livré,casa,Carte,LIV2,2024-02-07
CMD12541,CL0821,P003,2024-01-19,3,2107.63,livré,Agadir,Carte,LIV5,2024-01-20
CMD46694,CL0146,P033,Sep 10 2023,3,1134.79,retourné,RBA,Carte,LIV6,2023-09-14
CMD15824,CL0492,P065,22/10/2023,2,4629.0,en_cours,RBA,Carte,LIV9,
CMD17563,CL0770,P050,23/04/2024,1,2829.6,KO,kech,Carte,LIV8,
CMD23537,CL0156,P088,Feb 17 2023,1,3178.11,livre,TNG,Carte,LIV3,
CMD31453,CL0809,P073,Apr 21 2023,5,2750.29,annulé,kech,Carte,LIV10,
CMD26690,CL0955,P060,01/05/2024,2,2239.43,livré,kech,Carte,LIV2,2024-05-06
CMD21045,CL0395,P029,02/06/2023,1,1977.47,livre,casa,Carte,LIV2,
CMD06959,CL0146,P092,2023-08-03,2,925.93,annulé,tanger,Carte,LIV2,
CMD20616,CL0626,P098,07/06/2023,4,1844.36,LIVRE,marrakech,Carte,LIV9,2023-06-12
CMD47201,CL0533,P035,May 13 2024,1,3149.82,en_cours,CASABLANCA,Carte,LIV9,
CMD39823,CL0927,P025,Oct 04 2023,1,3206.58,livré,marrakech,Carte,LIV10,2023-10-06
CMD16375,CL0334,P079,10/06/2023,4,3350.16,DONE,marrakech,Carte,LIV7,2023-06-14
CMD36572,CL0231,P084,Apr 09 2023,5,3605.35,OK,Agadir,Carte,LIV1,
CMD03274,CL0722,P059,2024-01-26,3,657.69,KO,RBA,Carte,LIV5,
CMD15497,CL0094,P015,01/06/2023,5,1893.82,livré,TANGER,Carte,LIV9,2023-06-02
CMD00465,CL0176,P020,Oct 28 2023,3,1868.95,livre,kech,Carte,LIV9,
CMD06341,CL0786,P031,Aug 04 2023,1,441.15,livre,kech,Carte,LIV10,
CMD32990,CL0978,P070,Mar 08 2024,3,4467.14,livré,tanger,Carte,LIV6,2024-03-11
CMD24958,CL0587,P003,29/05/2023,3,3385.04,retourné,Tnja,Carte,LIV6,2023-05-31
CMD31339,CL0638,P064,09/01/2023,1,4905.26,LIVRE,Tnja,Carte,,2023-01-14
CMD43730,CL0153,P089,Jul 19 2023,4,2385.38,OK,Agadir,Carte,LIV5,
CMD31964,CL0904,P091,2024-02-22,4,2430.12,LIVRE,Agadir,Carte,LIV4,2024-02-26
CMD11935,CL0549,P019,20/06/2023,4,4122.5,en_cours,tanger,Carte,LIV3,
CMD08856,CL0249,P043,Jul 04 2023,4,4543.96,LIVRE,marrakech,Carte,LIV10,2023-07-08
CMD08432,CL0733,P082,2023-12-29,1,358.31,livré,casa,Carte,LIV2,2024-01-01
CMD31423,CL0811,P078,Jan 26 2023,4,3219.24,OK,TNG,Carte,LIV7,
CMD44488,CL0573,P022,2023-05-30,5,4793.7,livré,kech,Carte,,2023-06-04
CMD01580,CL0924,P059,26/12/2023,5,1594.85,livré,marrakech,Carte,LIV6,2023-12-30
CMD36528,CL0216,P079,Aug 09 2023,5,1650.72,en_cours,TNG,Carte,,
CMD23206,CL0126,P028,24/07/2023,4,4411.12,annulé,TANGER,Carte,LIV10,
CMD12552,CL0014,P059,31/12/2023,5,0,retourné,kech,Carte,LIV8,2024-01-04
CMD04380,CL0097,P046,2023-05-06,4,731.06,livré,RBA,Carte,LIV1,2023-05-09
CMD01961,CL0129,P005,Oct 28 2023,5,1547.36,LIVRE,Agadir,Carte,LIV6,2023-10-31
CMD27309,CL0152,P008,07/01/2024,2,184.12,livré,TNG,Carte,LIV10,2024-01-09
CMD12400,CL0406,P065,Mar 04 2023,2,3347.46,LIVRE,TNG,Carte,LIV5,2023-03-05
CMD47067,CL0225,P097,2023-03-09,1,3586.27,LIVRE,Tnja,Carte,,2023-03-10
CMD16335,CL0698,P084,2023-12-18,5,3008.54,livre,Agadir,Carte,LIV1,
CMD15674,CL0155,P052,27/01/2023,4,2355.67,annulé,RBA,Carte,LIV5,
CMD31781,CL0530,P048,Dec 06 2023,2,0,livré,tanger,Carte,LIV4,2023-12-09
CMD33124,CL0489,P088,08/05/2024,2,3804.19,livré,RBA,Carte,LIV7,2024-05-13
CMD17591,CL0839,P008,2024-01-04,1,4069.11,livré,RBA,Carte,LIV7,2024-01-05
CMD03729,CL0442,P022,29/01/2024,5,0,en_cours,TNG,Carte,LIV6,
CMD16580,CL0207,P094,2023-02-23,2,4719.87,annulé,Agadir,Carte,LIV5,
CMD34283,CL0434,P019,23/02/2023,2,3808.54,DONE,kech,Carte,LIV5,2023-02-24
CMD45403,CL0686,P038,11/06/2023,4,4528.82,annulé,TANGER,Carte,LIV4,
CMD34536,CL0339,P082,Sep 16 2023,1,4475.1,livré,Agadir,Carte,LIV7,2023-09-18
CMD25301,CL0770,P029,Jan 02 2023,5,4075.2,DONE,kech,Carte,LIV2,2023-01-07
CMD36481,CL0778,P040,May 02 2024,4,1268.01,LIVRE,RBA,Carte,LIV9,2024-05-07
CMD23059,CL0582,P024,17/04/2023,5,1909.13,livré,TNG,Carte,LIV10,2023-04-21
CMD04178,CL0209,P078,2023-04-01,5,905.73,en_cours,TNG,Carte,,
CMD26873,CL0838,P058,2023-05-21,4,560.64,DONE,casa,Carte,LIV2,2023-05-24
CMD01795,CL0296,P098,2023-12-12,1,3905.05,livré,kech,Carte,LIV7,2023-12-14
CMD42439,CL0127,P080,Jan 16 2024,4,3067.17,OK,tanger,Carte,LIV4,
CMD28830,CL0417,P095,Mar 14 2023,1,458.94,retourné,TNG,Carte,LIV8,2023-03-15
CMD40493,CL0568,P046,20/05/2023,1,295.27,annulé,TNG,Carte,LIV6,
CMD30693,CL0174,P088,09/10/2023,4,1897.97,en_cours,casa,Carte,LIV4,
CMD25250,CL0109,P078,2023-05-25,3,681.08,retourné,Tnja,Carte,LIV4,2023-05-29
CMD07201,CL0871,P014,23/05/2023,1,4703.94,retourné,Tnja,Carte,LIV2,2023-05-28
CMD19508,CL0697,P059,Aug 15 2023,3,2891.94,livré,Tnja,Carte,LIV6,2023-08-18
CMD23970,CL0644,P037,19/04/2023,1,1338.84,en_cours,Agadir,Carte,,
CMD10603,CL0839,P014,2023-06-28,2,1063.32,livré,TNG,Carte,LIV7,2023-07-02
CMD44316,CL0509,P081,Jan 27 2024,4,2038.58,DONE,TNG,Carte,LIV3,2024-02-01
CMD00780,CL0690,P046,2024-01-06,5,0,en_cours,casa,Carte,LIV6,
CMD14634,CL0058,P004,20/10/2023,3,477.84,LIVRE,TANGER,Carte,LIV3,2023-10-24
CMD06543,CL0015,P057,2023-03-20,3,3684.6,OK,CASABLANCA,Carte,LIV6,
CMD16886,CL0167,P039,Mar 21 2023,5,1797.71,livre,marrakech,Carte,LIV2,
CMD15554,CL0208,P100,Nov 03 2023,2,63.89,LIVRE,Agadir,Carte,,2023-11-05
CMD25249,CL0263,P047,01/02/2024,5,2302.73,livre,Tnja,Carte,LIV2,
CMD28017,CL0949,P057,2023-05-07,5,3576.01,OK,Tnja,Carte,LIV8,
CMD34774,CL0943,P021,29/10/2023,5,3800.18,annulé,CASABLANCA,Carte,LIV5,
CMD44137,CL0879,P047,2023-04-04,4,4125.77,retourné,Tnja,Carte,LIV9,2023-04-05
CMD13753,CL0251,P071,2023-11-06,4,4777.46,livre,Agadir,Carte,LIV5,
CMD28496,CL0956,P035,2023-11-10,2,3055.79,retourné,casa,Carte,LIV5,2023-11-12
CMD39922,CL0959,P020,01/04/2024,3,2134.9,livre,RBA,Carte,LIV6,
CMD07341,CL0819,P032,Jan 30 2024,3,3586.39,OK,marrakech,Carte,LIV9,
CMD00001,CL0472,P038,07/05/2024,3,2806.26,en_cours,TNG,Carte,,
CMD17891,CL0163,P097,11/01/2023,4,1845.42,livré,casa,Carte,LIV4,2023-01-13
CMD03682,CL0564,P039,30/07/2023,2,3610.26,retourné,Agadir,Carte,LIV3,2023-08-03
CMD36111,CL0216,P015,2024-03-21,1,4516.03,livre,TNG,Carte,LIV1,
CMD07725,CL0573,P009,2023-08-02,1,1966.1,livré,CASABLANCA,Carte,LIV9,2023-08-06
CMD19928,CL0012,P074,2023-11-09,5,2555.32,livre,RBA,Carte,LIV8,
CMD16797,CL0371,P039,2023-01-11,4,4912.15,livre,RBA,Carte,LIV6,
CMD16512,CL0068,P048,2023-03-06,1,3110.6,livré,marrakech,Carte,LIV3,2023-03-08
CMD34226,CL0316,P067,Feb 01 2024,3,4894.57,KO,TANGER,Carte,LIV5,
CMD11905,CL0735,P035,Jan 05 2024,1,110.14,OK,kech,Carte,LIV3,
CMD35336,CL0582,P047,22/09/2023,2,1014.45,OK,marrakech,Carte,LIV6,
CMD37756,CL0678,P036,Jan 02 2023,2,0,retourné,TNG,Carte,LIV2,2023-01-07
CMD20605,CL0403,P038,29/06/2023,2,1876.24,livré,TNG,Carte,LIV2,2023-07-04
CMD43214,CL0042,P032,Jul 08 2023,3,4796.8,livré,CASABLANCA,Carte,LIV8,2023-07-09
CMD04093,CL0561,P073,2023-06-29,5,4484.71,OK,Agadir,Carte,LIV9,
CMD23265,CL0682,P058,2023-05-21,2,2055.03,KO,Tnja,Carte,LIV5,
CMD11821,CL0772,P031,06/10/2023,1,1790.28,livré,TANGER,Carte,LIV7,2023-10-09
CMD29580,CL0620,P021,Oct 31 2023,4,4540.8,OK,casa,Carte,LIV8,
CMD11749,CL0892,P065,2024-01-05,4,3209.74,LIVRE,TNG,Carte,LIV8,2024-01-08
CMD29962,CL0089,P085,2024-02-10,1,2419.76,livré,tanger,Carte,LIV8,2024-02-12
CMD40265,CL0985,P020,02/09/2023,1,2358.01,LIVRE,marrakech,Carte,LIV3,2023-09-04
CMD31429,CL0429,P058,08/07/2023,2,3591.87,en_cours,tanger,Carte,LIV4,
CMD21314,CL0963,P024,2024-05-13,5,1749.89,en_cours,casa,Carte,LIV4,
CMD24762,CL0734,P003,03/03/2023,4,669.99,retourné,TANGER,Carte,LIV1,2023-03-06
CMD40189,CL0988,P017,2024-02-03,4,561.41,LIVRE,Agadir,Carte,LIV6,2024-02-05
CMD22247,CL0229,P048,03/02/2023,-1,109.91,KO,marrakech,Carte,LIV8,
CMD35378,CL0720,P074,29/01/2024,5,302.51,DONE,kech,Carte,LIV4,2024-01-30
CMD06142,CL0840,P056,2024-02-18,2,2024.06,en_cours,CASABLANCA,Carte,LIV10,
CMD46800,CL0256,P091,Apr 20 2023,2,1338.23,DONE,Agadir,Carte,LIV2,2023-04-25
CMD07691,CL0717,P051,2023-06-29,1,2106.44,DONE,TNG,Carte,LIV8,2023-07-02
CMD13702,CL0629,P068,Nov 01 2023,5,3755.48,livre,Tnja,Carte,LIV6,
CMD08925,CL0687,P001,Jul 15 2023,2,2141.15,KO,CASABLANCA,Carte,LIV4,
CMD15827,CL0563,P007,2023-04-05,5,1356.94,en_cours,marrakech,Carte,LIV9,
CMD38486,CL0165,P063,2023-05-02,2,3050.24,livré,Tnja,Carte,LIV9,2023-05-03
CMD11365,CL0159,P035,07/03/2024,2,3312.37,DONE,marrakech,Carte,LIV9,2024-03-08
CMD04667,CL0806,P008,Jun 26 2023,4,4019.8,DONE,marrakech,Carte,LIV8,2023-06-28
CMD12104,CL0574,P054,11/09/2023,1,1175.54,LIVRE,Tnja,Carte,LIV7,2023-09-13
CMD28455,CL0391,P056,05/01/2023,5,2887.77,en_cours,CASABLANCA,Carte,LIV7,
CMD20867,CL0574,P033,Jan 25 2023,1,1700.11,livré,Tnja,Carte,LIV4,2023-01-29
CMD35526,CL0446,P098,29/08/2023,5,274.24,LIVRE,kech,Carte,LIV7,2023-08-31
CMD39101,CL0504,P041,10/05/2023,5,1388.74,OK,tanger,Carte,LIV1,
CMD15273,CL0645,P086,2024-01-16,4,2099.73,retourné,Tnja,Carte,LIV10,2024-01-20
CMD13885,CL0904,P080,2024-03-07,2,1550.63,KO,marrakech,Carte,LIV3,
CMD01740,CL0942,P095,15/01/2024,2,591.64,livré,CASABLANCA,Carte,LIV8,2024-01-16
CMD13827,CL0887,P038,2023-01-10,1,1475.49,annulé,RBA,Carte,LIV8,
CMD31811,CL0822,P048,08/10/2023,1,2268.52,en_cours,casa,Carte,LIV5,
CMD39830,CL0199,P002,2023-04-30,5,623.44,en_cours,marrakech,Carte,LIV4,
CMD43768,CL0396,P017,Jan 04 2024,4,2607.08,OK,TANGER,Carte,LIV1,
CMD23985,CL0912,P099,Apr 03 2024,5,1801.19,livré,tanger,Carte,LIV3,2024-04-04
CMD20485,CL0117,P081,21/07/2023,1,2803.88,livré,tanger,Carte,LIV5,2023-07-22
CMD30509,CL0072,P038,Feb 19 2023,4,1994.14,en_cours,CASABLANCA,Carte,LIV10,
CMD04100,CL0476,P083,Nov 08 2023,1,0,LIVRE,CASABLANCA,Carte,LIV8,2023-11-09
CMD44644,CL0386,P037,11/10/2023,5,3742.59,en_cours,kech,Carte,LIV2,
CMD01819,CL0855,P073,Jan 26 2023,4,430.46,OK,CASABLANCA,Carte,LIV8,
CMD27986,CL0278,P033,16/03/2024,4,3811.57,livré,TANGER,Carte,LIV5,2024-03-19
CMD01046,CL0434,P064,2023-03-16,5,3193.8,livre,CASABLANCA,Carte,LIV10,
CMD30802,CL0177,P065,2024-04-17,4,1497.46,livré,marrakech,Carte,LIV1,2024-04-20
CMD20236,CL0141,P024,Nov 24 2023,4,2119.05,LIVRE,RBA,Carte,LIV5,2023-11-28
CMD02229,CL0717,P005,2023-07-22,1,885.96,livré,RBA,Carte,LIV7,2023-07-24
CMD03476,CL0187,P049,2023-02-24,4,4654.64,livré,Agadir,Carte,,2023-02-25
CMD30779,CL0854,P040,Jun 14 2023,1,4481.88,retourné,Tnja,Carte,LIV10,2023-06-16
CMD02672,CL0503,P073,May 11 2024,2,4083.1,livré,Agadir,Carte,,2024-05-16
CMD08097,CL0057,P083,Feb 27 2024,4,892.34,OK,casa,Carte,LIV7,
CMD16270,CL0655,P005,08/04/2023,4,4209.68,livré,casa,Carte,,2023-04-09
CMD47827,CL0815,P089,21/09/2023,3,690.46,en_cours,TANGER,Carte,LIV8,
CMD00768,CL0068,P060,Jan 13 2024,3,2425.17,annulé,Tnja,Carte,LIV1,
CMD13652,CL0478,P034,Sep 28 2023,3,1936.69,livre,casa,Carte,LIV10,
CMD27985,CL0641,P065,Feb 09 2023,2,4581.19,livré,Agadir,Carte,LIV6,2023-02-13
CMD08455,CL0949,P007,2024-03-13,4,1694.6,KO,TNG,Carte,LIV4,
CMD03333,CL0589,P017,2024-02-16,1,2595.48,livré,marrakech,Carte,LIV3,2024-02-18
CMD01759,CL0677,P064,Jan 15 2023,4,1478.43,LIVRE,RBA,Carte,LIV4,2023-01-18
CMD43712,CL0915,P072,Apr 02 2023,5,2671.06,LIVRE,tanger,Carte,LIV10,2023-04-05
CMD47932,CL0186,P016,21/01/2023,1,1356.95,livré,TNG,Carte,LIV5,2023-01-24
CMD27006,CL0885,P014,2023-10-04,4,2454.8,LIVRE,casa,Carte,LIV3,2023-10-07
CMD13111,CL0572,P081,May 04 2024,2,2104.96,livré,Agadir,Carte,LIV6,2024-05-05
CMD30073,CL0134,P011,05/11/2023,5,4131.14,DONE,RBA,Carte,LIV5,2023-11-09
CMD05367,CL0637,P062,16/01/2023,4,1475.94,livre,Agadir,Carte,LIV7,
CMD00835,CL0054,P048,08/07/2023,1,3817.95,livré,Agadir,Carte,LIV3,2023-07-09
CMD35884,CL0177,P007,21/01/2024,1,307.05,livre,Agadir,Carte,LIV2,
CMD35426,CL0353,P062,Jun 30 2023,3,4862.86,livré,marrakech,Carte,LIV4,2023-07-04
CMD29370,CL0787,P018,2023-11-23,2,4283.5,KO,tanger,Carte,LIV5,
CMD45640,CL0908,P080,Mar 29 2023,3,4077.54,livré,Tnja,Carte,LIV7,2023-04-02
CMD37122,CL0290,P017,Jan 06 2023,4,1135.71,livré,RBA,Carte,LIV1,2023-01-08
CMD01861,CL0317,P039,Apr 18 2024,2,196.06,annulé,kech,Carte,LIV8,
CMD24936,CL0303,P060,Mar 30 2023,1,4212.33,retourné,CASABLANCA,Carte,LIV3,2023-04-03
CMD10938,CL0414,P028,2023-03-17,2,2178.07,livré,Agadir,Carte,LIV4,2023-03-19
CMD04713,CL0168,P093,13/04/2023,5,1878.95,OK,marrakech,Carte,LIV7,
CMD09940,CL0259,P048,21/03/2024,2,3771.81,livré,Agadir,Carte,LIV9,2024-03-24
CMD13050,CL0718,P093,Dec 09 2023,5,3537.2,OK,CASABLANCA,Carte,LIV1,
CMD33285,CL0809,P029,08/01/2024,3,4679.56,OK,casa,Carte,LIV4,
CMD35715,CL0163,P058,15/08/2023,3,62.21,livré,TNG,Carte,LIV9,2023-08-19
CMD22668,CL0693,P093,04/02/2024,2,1436.07,DONE,casa,Carte,LIV6,2024-02-09
CMD33188,CL0230,P056,2023-02-20,4,3309.44,annulé,TANGER,Carte,LIV5,
CMD03127,CL0588,P031,22/01/2024,5,1091.13,retourné,marrakech,Carte,LIV5,2024-01-26
CMD46080,CL0867,P059,09/08/2023,2,1039.3,en_cours,RBA,Carte,LIV5,
CMD30645,CL0525,P020,2024-05-11,3,2953.67,en_cours,RBA,Carte,LIV10,
CMD09931,CL0109,P087,14/02/2023,5,128.75,livré,marrakech,Carte,LIV7,2023-02-17
CMD08510,CL0849,P046,Dec 21 2023,3,1110.4,KO,casa,Carte,LIV10,
CMD11874,CL0633,P043,24/01/2024,2,4166.71,en_cours,Agadir,Carte,,
CMD03407,CL0640,P067,Jun 15 2023,5,318.46,livré,casa,Carte,LIV6,2023-06-18
CMD43956,CL0078,P085,Feb 01 2023,3,4167.99,livre,casa,Carte,LIV2,
CMD38572,CL0741,P093,2023-12-24,5,3311.48,livré,kech,Carte,LIV8,2023-12-25
CMD02591,CL0653,P014,2023-05-16,2,4668.33,retourné,Tnja,Carte,LIV4,2023-05-19
CMD08448,CL0628,P021,04/04/2024,2,4916.81,livre,Tnja,Carte,LIV9,
CMD20315,CL0168,P087,2023-03-18,3,0,livré,Tnja,Carte,LIV5,2023-03-21
CMD23380,CL0535,P074,22/03/2023,2,4499.85,retourné,kech,Carte,LIV9,2023-03-26
CMD02267,CL0875,P030,2023-10-29,5,0,KO,tanger,Carte,LIV1,
CMD20076,CL0881,P021,Feb 15 2024,2,1768.93,LIVRE,kech,Carte,LIV6,2024-02-19
CMD20390,CL0667,P087,2023-07-25,3,1868.82,en_cours,TNG,Carte,LIV9,
CMD19383,CL0304,P079,01/10/2023,3,2795.44,LIVRE,TANGER,Carte,LIV3,2023-10-05
CMD20704,CL0123,P085,15/04/2024,1,1404.64,retourné,casa,Carte,LIV5,2024-04-16
CMD37531,CL0901,P059,Apr 27 2024,1,4939.88,retourné,kech,Carte,,2024-05-02
CMD41272,CL0441,P024,May 22 2023,2,436.11,LIVRE,tanger,Carte,LIV2,2023-05-25
CMD33453,CL0964,P078,2024-05-12,4,4281.03,livré,TANGER,Carte,,2024-05-13
CMD12157,CL0624,P015,2024-03-29,1,2014.79,livré,Tnja,Carte,LIV9,2024-03-31
CMD08996,CL0411,P100,Apr 27 2023,5,1674.02,livre,RBA,Carte,LIV1,
CMD15484,CL0557,P010,16/08/2023,1,4375.46,livre,casa,Carte,LIV10,
CMD14073,CL0586,P082,Aug 04 2023,4,4993.33,DONE,marrakech,Carte,LIV3,2023-08-07
CMD29778,CL0233,P081,11/10/2023,3,1091.95,en_cours,RBA,Carte,LIV10,
CMD12739,CL0854,P046,02/07/2023,5,2599.24,en_cours,Agadir,Carte,LIV8,
CMD16151,CL0094,P031,11/04/2024,3,424.49,KO,RBA,Carte,LIV7,
CMD09862,CL0569,P056,17/03/2023,3,3406.19,en_cours,tanger,Carte,LIV3,
CMD21490,CL0270,P048,24/01/2024,1,4064.19,livré,kech,Carte,LIV1,2024-01-27
CMD02548,CL0484,P046,Oct 19 2023,5,3157.12,LIVRE,Agadir,Carte,LIV10,2023-10-21
CMD30214,CL0361,P022,14/08/2023,3,1745.95,OK,casa,Carte,LIV6,
CMD46009,CL0439,P071,2024-03-16,1,4033.54,en_cours,CASABLANCA,Carte,LIV7,
CMD32194,CL0597,P019,08/04/2024,3,2988.58,KO,RBA,Carte,LIV10,
CMD45244,CL0540,P035,14/02/2024,1,1225.47,livre,kech,Carte,LIV4,
CMD11100,CL0317,P086,Apr 30 2024,3,2825.76,retourné,TANGER,Carte,LIV6,2024-05-02
CMD26023,CL0417,P021,Jul 15 2023,3,1413.48,DONE,Agadir,Carte,LIV1,2023-07-20
CMD23542,CL0063,P094,2024-01-14,5,1978.61,livré,marrakech,Carte,LIV8,2024-01-15
CMD32111,CL0398,P044,08/04/2023,5,4559.78,OK,CASABLANCA,Carte,LIV3,
CMD00430,CL0279,P054,25/02/2023,4,3734.84,en_cours,tanger,Carte,LIV9,
CMD38852,CL0133,P081,2023-11-27,4,850.68,annulé,tanger,Carte,,
CMD00144,CL0631,P024,15/08/2023,3,3422.58,annulé,tanger,Carte,,
CMD09561,CL0912,P094,2024-01-26,5,2129.5,livré,Tnja,Carte,LIV8,2024-01-27
CMD08497,CL0063,P048,Sep 10 2023,2,4235.13,DONE,tanger,Carte,LIV1,2023-09-13
CMD22399,CL0820,P058,Jan 10 2024,2,2791.82,KO,Tnja,Carte,LIV3,
CMD13585,CL0447,P047,2023-09-16,-1,3409.26,OK,TNG,Carte,LIV3,
CMD31876,CL0318,P045,18/09/2023,4,1364.21,livre,TANGER,Carte,,
CMD01992,CL0089,P062,24/04/2024,3,4724.03,livré,RBA,Carte,LIV7,2024-04-25
CMD45345,CL0326,P093,06/01/2023,1,3397.4,OK,marrakech,Carte,LIV2,
CMD23428,CL0260,P099,2023-11-06,5,3881.75,livré,Tnja,Carte,LIV10,2023-11-09
CMD16798,CL0689,P054,2024-05-12,4,3221.06,annulé,TNG,Carte,LIV2,
CMD30023,CL0732,P079,Feb 15 2024,4,3954.93,livré,TANGER,Carte,LIV1,2024-02-20
CMD32549,CL0410,P048,20/07/2023,2,4687.04,livré,Tnja,Carte,LIV2,2023-07-25
CMD00607,CL0462,P018,30/08/2023,3,1766.8,livre,TANGER,Carte,LIV2,
CMD08298,CL0048,P092,2023-12-23,4,261.57,livre,CASABLANCA,Carte,,
CMD08986,CL0353,P041,Feb 06 2024,2,2848.62,livré,kech,Carte,LIV5,2024-02-09
CMD20977,CL0161,P035,Apr 30 2023,3,549.16,DONE,marrakech,Carte,LIV9,2023-05-03
CMD35765,CL0121,P019,22/04/2024,5,3062.29,livré,kech,Carte,LIV8,2024-04-25
CMD13148,CL0578,P092,23/01/2023,1,3276.22,en_cours,tanger,Carte,LIV4,
CMD09684,CL0712,P011,29/11/2023,2,3219.35,livre,TANGER,Carte,LIV5,
CMD19873,CL0131,P073,16/03/2024,1,3093.26,livre,RBA,Carte,LIV9,
CMD39971,CL0630,P006,Feb 07 2024,3,3515.68,retourné,tanger,Carte,LIV4,2024-02-11
CMD11655,CL0207,P006,02/01/2023,5,3294.35,LIVRE,casa,Carte,LIV5,2023-01-07
CMD26684,CL0554,P033,Jul 04 2023,4,4883.1,livre,RBA,Carte,LIV6,
CMD21959,CL0978,P077,Jul 08 2023,1,375.9,livré,CASABLANCA,Carte,LIV7,2023-07-10
CMD28197,CL0105,P048,20/11/2023,4,4483.79,LIVRE,TNG,Carte,LIV1,2023-11-21
CMD03344,CL0982,P046,20/12/2023,4,1270.55,livré,marrakech,Carte,LIV3,2023-12-21
CMD08573,CL0557,P005,27/12/2023,5,3399.72,LIVRE,casa,Carte,LIV9,2023-12-28
CMD01388,CL0354,P040,2024-04-09,3,1675.78,OK,tanger,Carte,LIV6,
CMD41548,CL0673,P078,Jan 10 2023,4,1921.85,livré,Agadir,Carte,LIV2,2023-01-14
CMD13458,CL0473,P029,2023-01-10,3,3580.21,annulé,marrakech,Carte,LIV4,
CMD45581,CL0219,P068,11/05/2024,5,413.88,livré,casa,Carte,,2024-05-16
CMD05254,CL0933,P013,2023-08-27,3,2982.99,en_cours,kech,Carte,LIV6,
CMD04491,CL0083,P097,Jan 15 2024,5,3543.13,OK,kech,Carte,LIV4,
CMD31900,CL0059,P011,10/04/2024,2,724.54,DONE,TNG,Carte,LIV10,2024-04-13
CMD07053,CL0477,P066,16/04/2023,4,3873.58,OK,CASABLANCA,Carte,LIV7,
CMD28838,CL0609,P039,30/04/2024,2,1812.15,en_cours,marrakech,Carte,LIV2,
CMD26293,CL0659,P071,Jul 27 2023,5,1999.39,annulé,RBA,Carte,LIV8,
CMD48078,CL0843,P096,Jan 31 2023,2,1236.41,livré,Agadir,Carte,LIV7,2023-02-02
CMD12100,CL0197,P060,2023-01-02,5,2841.1,livre,RBA,Carte,LIV5,
CMD14604,CL0458,P099,28/02/2024,3,0,livré,tanger,Carte,LIV3,2024-03-03
CMD21148,CL0245,P075,2024-01-28,5,0,livré,CASABLANCA,Carte,LIV6,2024-02-01
CMD42134,CL0399,P057,19/11/2023,4,1741.72,en_cours,tanger,Carte,LIV8,
CMD15823,CL0595,P059,23/01/2023,5,3289.71,KO,TANGER,Carte,LIV4,
CMD29101,CL0835,P090,2023-12-22,5,4755.31,en_cours,casa,Carte,LIV10,
CMD44975,CL0423,P052,2024-03-03,5,383.54,annulé,RBA,Carte,LIV5,
CMD16528,CL0116,P027,16/02/2024,4,2890.43,livré,Tnja,Carte,LIV5,2024-02-21
CMD39989,CL0157,P086,2023-11-01,3,565.54,en_cours,CASABLANCA,Carte,LIV8,
CMD25771,CL0398,P009,08/05/2023,4,532.42,DONE,kech,Carte,LIV5,2023-05-10
CMD19226,CL0699,P095,2023-05-26,3,581.0,livre,tanger,Carte,LIV8,
CMD13472,CL0879,P099,25/01/2024,1,3217.42,livré,tanger,Carte,LIV4,2024-01-30
CMD01044,CL0461,P040,2023-06-17,-1,3079.38,retourné,TANGER,Carte,LIV5,2023-06-18
CMD09877,CL0793,P022,2023-03-16,1,176.9,livré,Agadir,Carte,LIV8,2023-03-19
CMD08633,CL0902,P091,2024-05-01,3,3695.23,annulé,tanger,Carte,LIV10,
CMD01997,CL0926,P075,02/06/2023,2,3134.08,KO,casa,Carte,LIV2,
CMD42578,CL0330,P038,2023-03-06,2,101.4,KO,tanger,Carte,LIV4,
CMD39404,CL0550,P037,2024-02-26,2,1709.64,livré,RBA,Carte,LIV7,2024-02-28
CMD47532,CL0064,P048,Jan 17 2023,1,2837.15,LIVRE,RBA,Carte,LIV5,2023-01-20
CMD13451,CL0239,P063,14/05/2023,2,837.29,livre,Tnja,Carte,,
CMD04319,CL0056,P083,2023-03-02,3,272.23,KO,TANGER,Carte,LIV2,
CMD42409,CL0021,P058,2023-05-09,3,4562.45,livre,Tnja,Carte,LIV5,
CMD42077,CL0312,P043,May 10 2024,4,2677.05,livre,marrakech,Carte,LIV8,
CMD19441,CL0890,P095,2024-04-13,3,3757.74,LIVRE,TANGER,Carte,LIV7,2024-04-16
CMD01475,CL0343,P032,2023-12-24,4,2525.26,livré,marrakech,Carte,LIV9,2023-12-29
CMD18874,CL0022,P003,27/01/2024,4,209.71,retourné,TNG,Carte,LIV9,2024-02-01
CMD28517,CL0548,P042,Aug 21 2023,3,857.69,LIVRE,marrakech,Carte,LIV5,2023-08-26
CMD09333,CL0231,P024,26/02/2023,3,575.57,DONE,TNG,Carte,LIV4,2023-02-28
CMD29018,CL0730,P019,2023-08-28,4,860.8,en_cours,Tnja,Carte,LIV8,
CMD16855,CL0063,P044,Feb 26 2023,1,3126.66,LIVRE,Tnja,Carte,LIV8,2023-02-27
CMD14426,CL0794,P010,Sep 01 2023,1,1285.51,LIVRE,kech,Carte,LIV5,2023-09-04
CMD26112,CL0738,P038,Jul 02 2023,1,1254.49,retourné,RBA,Carte,LIV10,2023-07-03
CMD38414,CL0717,P009,Mar 16 2023,4,1203.44,DONE,marrakech,Carte,,2023-03-18
CMD32247,CL0650,P086,Jan 22 2024,5,4905.24,LIVRE,TANGER,Carte,LIV9,2024-01-25
CMD35303,CL0447,P084,2024-01-03,2,2215.04,en_cours,casa,Carte,LIV8,
CMD12745,CL0783,P099,Jan 17 2023,4,334.14,OK,RBA,Carte,LIV1,
CMD34310,CL0136,P036,08/12/2023,5,4861.55,livré,Agadir,Carte,LIV1,2023-12-13
CMD10032,CL0717,P039,2023-05-17,3,4148.9,livré,Agadir,Carte,LIV7,2023-05-21
CMD00173,CL0720,P028,2023-01-06,3,4927.46,DONE,Agadir,Carte,LIV7,2023-01-07
CMD36549,CL0896,P055,Mar 21 2024,2,2609.25,livré,Agadir,Carte,LIV2,2024-03-26
CMD41816,CL0353,P012,2023-05-21,3,3322.73,DONE,casa,Carte,LIV5,2023-05-25
CMD37093,CL0817,P046,23/05/2023,4,3525.51,OK,RBA,Carte,LIV9,
CMD47605,CL0021,P032,2023-05-06,4,2671.39,retourné,marrakech,Carte,LIV9,2023-05-08
CMD43745,CL0178,P027,Feb 12 2023,4,333.38,livré,CASABLANCA,Carte,LIV3,2023-02-13
CMD44912,CL0614,P070,31/03/2024,3,4555.08,annulé,Agadir,Carte,LIV7,
CMD36825,CL0973,P016,03/01/2023,3,2808.65,en_cours,casa,Carte,LIV8,
CMD46755,CL1000,P072,Dec 12 2023,3,765.93,en_cours,kech,Carte,LIV7,
CMD29530,CL0955,P081,2023-06-30,2,0,annulé,Agadir,Carte,,
CMD39879,CL0895,P071,2023-11-17,5,2475.42,livré,Agadir,Carte,LIV10,2023-11-22
CMD33239,CL0162,P073,Dec 06 2023,1,1920.79,LIVRE,casa,Carte,,2023-12-08
CMD06645,CL0923,P100,2023-01-05,3,1550.77,livré,kech,Carte,LIV6,2023-01-09
CMD08313,CL0479,P092,2023-12-29,4,1556.18,OK,CASABLANCA,Carte,LIV1,
CMD29690,CL0169,P066,20/10/2023,1,3194.98,en_cours,TNG,Carte,LIV9,
CMD36442,CL0541,P005,2023-03-28,1,91.68,livré,CASABLANCA,Carte,LIV7,2023-04-01
CMD38880,CL0845,P046,2023-02-15,-1,496.57,livré,TNG,Carte,LIV6,2023-02-17
CMD08295,CL0567,P018,30/04/2024,1,764.65,LIVRE,Tnja,Carte,LIV5,2024-05-01
CMD15208,CL0972,P007,2023-02-11,3,3968.35,DONE,TANGER,Carte,,2023-02-14
CMD09245,CL0440,P023,24/06/2023,3,83.69,livré,marrakech,Carte,,2023-06-26
CMD36617,CL0999,P078,19/02/2024,4,1721.96,DONE,RBA,Carte,LIV7,2024-02-21
CMD06088,CL0940,P096,31/03/2024,1,4872.09,OK,casa,Carte,LIV8,
CMD36258,CL0034,P082,17/06/2023,5,1662.05,annulé,Tnja,Carte,LIV2,
CMD03321,CL0724,P045,Aug 20 2023,4,1917.18,DONE,casa,Carte,LIV2,2023-08-21
CMD30377,CL0203,P019,19/03/2024,4,4592.79,retourné,TANGER,Carte,LIV10,2024-03-21
CMD18684,CL0697,P071,Nov 19 2023,3,564.52,OK,Tnja,Carte,LIV9,
CMD00267,CL0032,P062,26/04/2024,4,1446.14,en_cours,RBA,Carte,LIV2,
CMD27773,CL0401,P044,2023-11-18,5,1268.62,retourné,RBA,Carte,LIV8,2023-11-20
CMD14887,CL0512,P005,2023-09-23,4,933.29,LIVRE,Tnja,Carte,LIV3,2023-09-25
CMD12973,CL0979,P017,2023-12-11,3,1569.47,KO,RBA,Carte,LIV6,
CMD43045,CL0160,P013,Apr 29 2024,2,2312.51,OK,RBA,Carte,LIV6,
CMD34062,CL0988,P029,14/07/2023,4,3491.22,livré,TANGER,Carte,LIV10,2023-07-18
CMD43468,CL0821,P028,2024-01-21,5,3430.2,livré,casa,Carte,LIV4,2024-01-23
CMD35802,CL0834,P099,05/06/2023,1,4867.84,livre,kech,Carte,LIV7,
CMD45350,CL0584,P053,Mar 01 2023,4,3850.47,livré,RBA,Carte,LIV10,2023-03-06
CMD31840,CL0516,P040,Apr 05 2024,2,3707.82,livré,casa,Carte,LIV8,2024-04-10
CMD16230,CL0412,P083,27/07/2023,4,3836.77,livré,RBA,Carte,LIV8,2023-07-28
CMD03528,CL0705,P040,Mar 08 2023,2,2469.9,annulé,marrakech,Carte,LIV3,
CMD09900,CL0623,P085,20/02/2023,3,2630.63,livré,CASABLANCA,Carte,LIV6,2023-02-23
CMD24823,CL0110,P016,05/11/2023,5,0,livre,Agadir,Carte,LIV6,
CMD01903,CL0915,P074,24/09/2023,3,4508.37,KO,Tnja,Carte,LIV2,
CMD42765,CL0277,P098,2023-06-06,1,1987.82,livré,Agadir,Carte,LIV9,2023-06-09
CMD15831,CL0088,P071,2023-07-23,3,4117.24,retourné,casa,Carte,LIV6,2023-07-27
CMD14836,CL0410,P065,10/05/2023,5,4084.11,annulé,CASABLANCA,Carte,LIV5,
CMD22612,CL0264,P060,2023-03-30,1,1153.36,livré,casa,Carte,LIV8,2023-04-02
CMD19813,CL0901,P018,Feb 24 2024,1,2859.48,livré,RBA,Carte,LIV5,2024-02-28
CMD29831,CL0019,P080,Mar 31 2024,1,2587.0,livré,RBA,Carte,LIV10,2024-04-03
CMD02028,CL0619,P073,2024-03-07,5,1220.93,LIVRE,Agadir,Carte,LIV6,2024-03-08
CMD02622,CL0602,P005,07/11/2023,2,3459.6,retourné,CASABLANCA,Carte,LIV10,2023-11-12
CMD02382,CL0816,P054,09/03/2023,1,1854.27,livré,Agadir,Carte,LIV4,2023-03-10
CMD11563,CL0063,P084,Jul 13 2023,5,3503.92,LIVRE,Agadir,Carte,LIV7,2023-07-14
CMD02361,CL0578,P010,14/09/2023,1,690.42,livré,tanger,Carte,LIV7,2023-09-19
CMD46634,CL0821,P090,2023-02-26,4,1761.06,en_cours,TNG,Carte,LIV6,
CMD30136,CL0977,P036,28/03/2024,4,0,DONE,Agadir,Carte,LIV4,2024-03-29
CMD10448,CL0021,P050,2023-05-01,1,4487.88,OK,casa,Carte,LIV6,
CMD40368,CL0489,P052,08/12/2023,1,2803.04,OK,Tnja,Carte,LIV5,
CMD35225,CL0134,P041,2023-03-19,1,1412.74,en_cours,Agadir,Carte,LIV10,
CMD28874,CL0553,P098,01/04/2023,5,4627.4,livré,TANGER,Carte,LIV1,2023-04-06
CMD06919,CL0559,P069,2023-07-25,2,612.38,DONE,TNG,Carte,LIV9,2023-07-30
CMD14360,CL0398,P006,22/03/2024,3,3752.61,livré,Agadir,Carte,,2024-03-24
CMD16711,CL0952,P043,2024-01-16,4,2584.71,livre,marrakech,Carte,,
CMD34896,CL0395,P048,27/11/2023,1,3801.29,en_cours,CASABLANCA,Carte,LIV5,
CMD04825,CL0145,P066,Feb 10 2024,1,3071.9,OK,tanger,Carte,LIV6,
CMD31179,CL0089,P058,28/05/2023,4,4257.56,livre,RBA,Carte,LIV2,
CMD26204,CL0312,P073,Feb 15 2024,4,2379.47,LIVRE,casa,Carte,LIV1,2024-02-20
CMD07931,CL0558,P005,Jul 05 2023,4,4814.57,LIVRE,marrakech,Carte,LIV7,2023-07-06
CMD23789,CL0545,P007,2023-02-03,2,4679.93,OK,TANGER,Carte,LIV8,
CMD05547,CL0822,P038,2023-12-02,1,3532.64,retourné,kech,Carte,LIV4,2023-12-07
CMD02078,CL0048,P076,16/12/2023,3,430.05,annulé,RBA,Carte,,
CMD46547,CL0810,P023,2023-02-27,5,2846.15,annulé,tanger,Carte,LIV10,
CMD13954,CL0807,P053,Dec 21 2023,2,4211.59,livré,tanger,Carte,LIV2,2023-12-25
CMD31232,CL0013,P030,2023-04-10,2,1114.24,LIVRE,TNG,Carte,LIV9,2023-04-12
CMD14191,CL0014,P084,06/06/2023,1,2184.88,livré,Tnja,Carte,LIV4,2023-06-11
CMD38245,CL0622,P042,23/02/2023,4,582.2,livré,Agadir,Carte,LIV2,2023-02-27
CMD25886,CL0378,P031,2023-06-16,3,3119.55,en_cours,kech,Carte,LIV1,
CMD42665,CL0380,P094,2023-06-26,5,762.7,KO,tanger,Carte,LIV8,
CMD34923,CL0633,P062,2023-06-24,3,4620.96,DONE,kech,Carte,LIV7,2023-06-29
CMD44997,CL0169,P046,Jul 26 2023,3,3236.52,annulé,TNG,Carte,LIV3,
CMD20742,CL0548,P027,2024-04-15,5,2501.95,en_cours,Agadir,Carte,LIV10,
CMD30483,CL0070,P019,Mar 23 2023,1,2619.48,livré,marrakech,Carte,,2023-03-28
CMD48498,CL0673,P069,22/10/2023,4,714.76,DONE,Tnja,Carte,LIV8,2023-10-27
CMD34822,CL0667,P030,12/01/2024,5,1264.68,en_cours,tanger,Carte,LIV7,
CMD03879,CL0372,P007,18/10/2023,4,4986.21,livré,Tnja,Carte,LIV4,2023-10-23
CMD02398,CL0928,P071,Jan 18 2024,5,2833.27,KO,marrakech,Carte,LIV4,
CMD17714,CL0142,P066,13/03/2024,4,262.62,LIVRE,TNG,Carte,LIV5,2024-03-14
CMD05716,CL0358,P078,02/06/2023,4,562.19,livre,TANGER,Carte,LIV6,
CMD18278,CL0249,P067,2023-10-26,5,3114.09,LIVRE,casa,Carte,LIV10,2023-10-31
CMD39850,CL0150,P063,10/03/2024,4,3415.37,livré,TANGER,Carte,LIV4,2024-03-12
CMD00658,CL0383,P064,Oct 26 2023,2,3569.52,livré,RBA,Carte,LIV3,2023-10-27
CMD27020,CL0373,P018,10/02/2024,4,1457.21,KO,marrakech,Carte,LIV2,
CMD41027,CL0670,P048,Apr 18 2023,1,3847.62,LIVRE,kech,Carte,,2023-04-19
CMD46279,CL0651,P028,Aug 12 2023,5,3885.15,livre,TNG,Carte,LIV5,
CMD40552,CL0615,P006,22/03/2023,3,2589.24,en_cours,RBA,Carte,LIV1,
CMD40733,CL0906,P091,Oct 04 2023,3,2273.48,LIVRE,CASABLANCA,Carte,LIV8,2023-10-05
CMD15914,CL0178,P065,Nov 03 2023,4,2084.67,DONE,RBA,Carte,LIV4,2023-11-04
CMD46807,CL0269,P007,2023-09-01,2,1529.96,LIVRE,casa,Carte,LIV10,2023-09-03
CMD43115,CL0582,P069,25/04/2024,2,3392.89,livré,TNG,Carte,LIV10,2024-04-28
CMD23748,CL0904,P051,2024-04-28,2,145.98,DONE,TNG,Carte,LIV3,2024-05-03
CMD14928,CL0294,P095,15/03/2023,3,3317.5,livre,Agadir,Carte,LIV8,
CMD34192,CL0302,P095,Jul 18 2023,4,3932.41,en_cours,Tnja,Carte,LIV3,
CMD17346,CL0740,P039,Feb 12 2023,5,1335.48,DONE,casa,Carte,LIV8,2023-02-13
CMD45976,CL0845,P096,19/09/2023,2,1672.23,retourné,tanger,Carte,LIV5,2023-09-20
CMD13190,CL0529,P082,01/04/2023,4,1483.73,retourné,RBA,Carte,LIV7,2023-04-06
CMD10483,CL0131,P094,08/05/2024,5,3884.4,livré,TNG,Carte,LIV1,2024-05-12
CMD32047,CL0797,P059,Sep 25 2023,1,1419.84,livré,CASABLANCA,Carte,LIV8,2023-09-29
CMD41921,CL0286,P003,05/09/2023,3,3534.06,livre,tanger,Carte,LIV9,
CMD12544,CL0715,P006,2024-04-08,3,325.76,retourné,kech,Carte,LIV3,2024-04-11
CMD10223,CL0143,P014,13/10/2023,4,3499.96,livré,CASABLANCA,Carte,LIV2,2023-10-17
CMD19770,CL0399,P020,29/01/2024,3,4743.82,en_cours,casa,Carte,LIV7,
CMD01471,CL0976,P062,03/03/2024,5,2282.74,LIVRE,casa,Carte,LIV3,2024-03-07
CMD11551,CL0131,P038,2023-10-02,5,4934.36,livré,TNG,Carte,LIV3,2023-10-04
CMD09828,CL0086,P006,2023-02-24,4,3515.92,OK,CASABLANCA,Carte,LIV9,
CMD09456,CL0081,P062,Nov 30 2023,1,4640.86,livré,marrakech,Carte,LIV4,2023-12-01
CMD21939,CL0371,P028,10/08/2023,5,1402.28,LIVRE,Agadir,Carte,LIV2,2023-08-14
CMD39780,CL0277,P022,Dec 25 2023,1,3680.85,KO,tanger,Carte,LIV4,
CMD23541,CL0211,P058,2023-01-02,2,1793.46,DONE,tanger,Carte,LIV3,2023-01-06
CMD09525,CL0865,P070,2023-04-26,-1,933.85,KO,tanger,Carte,LIV1,
CMD42683,CL0742,P097,Oct 18 2023,2,2785.78,DONE,casa,Carte,LIV9,2023-10-19
CMD43218,CL0838,P025,Jan 01 2023,2,1830.2,KO,casa,Carte,LIV10,
CMD41809,CL0336,P076,2023-02-02,3,3581.03,annulé,TANGER,Carte,LIV4,
CMD03347,CL0517,P022,20/03/2023,2,2879.48,KO,Tnja,Carte,LIV4,
CMD13137,CL0621,P024,2023-01-18,1,805.89,livré,TANGER,Carte,LIV8,2023-01-23
CMD38006,CL0838,P030,06/01/2023,3,4281.35,en_cours,tanger,Carte,LIV5,
CMD35013,CL0954,P039,18/07/2023,1,2448.23,annulé,TNG,Carte,,
CMD31644,CL0424,P010,2023-03-26,2,1000.49,DONE,TANGER,Carte,LIV8,2023-03-27
CMD42624,CL0248,P007,2023-09-06,1,900.36,livré,casa,Carte,LIV5,2023-09-09
CMD23179,CL0546,P048,Jan 22 2023,4,740.94,LIVRE,RBA,Carte,LIV6,2023-01-27
CMD48126,CL0033,P074,Jan 14 2024,2,1441.06,LIVRE,Tnja,Carte,LIV4,2024-01-18
CMD10109,CL0817,P081,Apr 18 2024,1,2963.51,retourné,tanger,Carte,LIV10,2024-04-23
CMD46093,CL0730,P100,2023-04-12,3,4997.76,OK,TNG,Carte,LIV4,
CMD17962,CL0764,P032,Apr 22 2023,3,3688.86,livré,tanger,Carte,LIV5,2023-04-24
CMD05929,CL0466,P033,13/05/2024,1,1558.95,livre,kech,Carte,LIV6,
CMD12862,CL0418,P062,2023-03-26,3,2322.86,annulé,CASABLANCA,Carte,LIV7,
CMD11263,CL0413,P044,Jan 30 2023,3,2391.83,LIVRE,CASABLANCA,Carte,,2023-02-03
CMD34752,CL0763,P077,Apr 29 2024,5,2479.42,DONE,TANGER,Carte,LIV10,2024-05-04
CMD17514,CL0092,P039,2023-08-12,1,2917.93,OK,kech,Carte,LIV8,
CMD45614,CL0468,P100,26/06/2023,1,3978.0,livré,kech,Carte,LIV8,2023-06-29
CMD36666,CL0059,P070,2023-05-10,1,990.03,DONE,TNG,Carte,LIV5,2023-05-11
CMD42323,CL0856,P080,2023-04-02,5,4086.9,livre,casa,Carte,LIV10,
CMD02258,CL0937,P076,Aug 25 2023,1,411.03,livré,TANGER,Carte,LIV6,2023-08-28
CMD44313,CL0013,P073,2023-11-21,2,4109.01,en_cours,TANGER,Carte,LIV2,
CMD00668,CL0014,P030,31/12/2023,3,4234.65,DONE,Tnja,Carte,LIV6,2024-01-03
CMD08055,CL0393,P027,Mar 27 2024,1,916.99,en_cours,RBA,Carte,,
CMD09911,CL0847,P058,Aug 27 2023,5,3741.16,livré,kech,Carte,LIV5,2023-09-01
CMD34741,CL0325,P079,Feb 27 2023,2,2847.02,DONE,tanger,Carte,LIV4,2023-03-02
CMD12831,CL0980,P030,03/11/2023,3,3069.42,livré,marrakech,Carte,LIV7,2023-11-04
CMD27195,CL0756,P098,2023-05-30,2,2337.41,livré,Agadir,Carte,LIV1,2023-06-04
CMD19816,CL0802,P073,Feb 18 2024,2,4133.07,LIVRE,TNG,Carte,LIV10,2024-02-20
CMD43613,CL0359,P087,09/03/2023,2,3901.74,LIVRE,RBA,Carte,,2023-03-12
CMD05358,CL0295,P061,Dec 07 2023,2,2818.81,livré,CASABLANCA,Carte,LIV5,2023-12-08
CMD27453,CL0041,P054,Sep 27 2023,1,2557.41,livré,TANGER,Carte,LIV7,2023-09-29
CMD47762,CL0819,P095,17/02/2024,4,1340.9,livré,RBA,Carte,,2024-02-19
CMD16968,CL0697,P029,Nov 18 2023,1,2652.39,en_cours,tanger,Carte,LIV8,
CMD26012,CL0109,P004,Dec 19 2023,4,2969.56,DONE,marrakech,Carte,LIV3,2023-12-20
CMD26253,CL0178,P096,Jul 31 2023,5,373.87,annulé,CASABLANCA,Carte,LIV9,
CMD05275,CL0777,P031,19/01/2024,5,1926.5,LIVRE,Agadir,Carte,LIV10,2024-01-23
CMD23150,CL0788,P054,2023-03-03,1,1747.73,livré,kech,Carte,LIV4,2023-03-04
CMD47858,CL0468,P025,Feb 21 2023,3,2042.51,LIVRE,Tnja,Carte,LIV10,2023-02-22
CMD11215,CL0517,P029,18/02/2023,1,3361.15,en_cours,marrakech,Carte,LIV7,
CMD27810,CL0587,P009,23/06/2023,4,3681.48,LIVRE,kech,Carte,LIV2,2023-06-24
CMD46061,CL0029,P008,2024-04-08,5,1184.78,OK,kech,Carte,LIV9,
CMD41754,CL0413,P084,2023-03-18,2,4465.35,OK,TANGER,Carte,LIV3,
CMD18582,CL0939,P045,2024-01-05,5,2980.82,livré,marrakech,Carte,LIV3,2024-01-09
CMD00865,CL0079,P069,02/09/2023,3,3725.63,retourné,Tnja,Carte,LIV2,2023-09-03
CMD44467,CL0753,P031,19/01/2023,3,4152.22,retourné,TNG,Carte,LIV3,2023-01-23
CMD10328,CL0358,P003,Jan 13 2023,3,2744.25,en_cours,kech,Carte,LIV8,
CMD10824,CL0617,P003,Feb 05 2024,5,4130.96,livre,tanger,Carte,LIV4,
CMD33199,CL0106,P025,06/09/2023,5,951.88,OK,CASABLANCA,Carte,LIV5,
CMD29301,CL0573,P017,Sep 02 2023,4,335.92,DONE,TANGER,Carte,LIV4,2023-09-05
CMD27903,CL0676,P053,Oct 18 2023,3,1308.73,livré,tanger,Carte,LIV4,2023-10-21
CMD03765,CL0032,P019,Nov 26 2023,1,584.8,livré,RBA,Carte,LIV9,2023-11-27
CMD44361,CL0930,P082,11/12/2023,5,300.99,livré,TANGER,Carte,LIV8,2023-12-13
CMD34620,CL0720,P058,20/02/2023,1,2236.8,retourné,casa,Carte,LIV6,2023-02-21
CMD37839,CL0857,P058,31/08/2023,2,700.32,LIVRE,CASABLANCA,Carte,LIV8,2023-09-01
CMD46269,CL0815,P005,2023-03-08,3,4647.83,retourné,Tnja,Carte,LIV10,2023-03-09
CMD25403,CL0483,P013,2024-03-16,5,1409.91,retourné,casa,Carte,LIV1,2024-03-19
CMD20891,CL0421,P019,Dec 26 2023,5,1317.87,DONE,CASABLANCA,Carte,LIV2,2023-12-30
CMD42614,CL0312,P082,Sep 18 2023,4,4325.33,livre,tanger,Carte,LIV8,
CMD01856,CL0780,P020,27/06/2023,5,1643.2,en_cours,Agadir,Carte,LIV4,
CMD04292,CL0744,P037,10/01/2024,3,3381.57,livré,TNG,Carte,LIV4,2024-01-13
CMD45278,CL0825,P021,Jun 16 2023,1,2262.75,annulé,Agadir,Carte,LIV5,
CMD39812,CL0126,P090,08/05/2024,1,1449.68,livré,TNG,Carte,LIV5,2024-05-10
CMD30353,CL0700,P001,Jan 22 2023,5,2323.76,annulé,kech,Carte,LIV8,
CMD41258,CL0339,P077,01/08/2023,1,3807.37,livré,tanger,Carte,LIV5,2023-08-02
CMD18969,CL0587,P004,2023-11-08,4,2276.93,livre,casa,Carte,LIV4,
CMD45420,CL0438,P066,Jan 23 2024,2,1994.53,livré,RBA,Carte,,2024-01-26
CMD06505,CL0828,P066,01/03/2024,3,671.53,OK,TANGER,Carte,LIV1,
CMD09296,CL0283,P018,19/03/2024,2,1745.43,annulé,RBA,Carte,LIV7,
CMD15835,CL0692,P024,19/05/2023,2,788.45,KO,TANGER,Carte,LIV1,
CMD09677,CL0966,P081,Sep 02 2023,4,2730.59,livré,Tnja,Carte,LIV4,2023-09-07
CMD19910,CL0085,P031,16/05/2023,2,4064.03,LIVRE,TNG,Carte,LIV9,2023-05-18
CMD18077,CL0078,P094,02/03/2024,4,2928.62,livré,RBA,Carte,LIV6,2024-03-07
CMD11474,CL0809,P095,Jun 15 2023,2,1484.95,livré,RBA,Carte,LIV2,2023-06-20
CMD20286,CL0324,P004,15/04/2023,1,2201.65,OK,RBA,Carte,LIV4,
CMD20834,CL0642,P095,2023-01-02,2,3716.13,annulé,kech,Carte,LIV8,
CMD45038,CL0041,P013,2023-05-24,5,404.51,en_cours,kech,Carte,LIV4,
CMD15344,CL0391,P043,Jan 12 2024,3,4791.55,LIVRE,CASABLANCA,Carte,LIV3,2024-01-17
CMD06604,CL0403,P016,Apr 18 2023,2,1764.8,DONE,Agadir,Carte,LIV9,2023-04-20
CMD34516,CL0529,P054,Jul 05 2023,4,1782.88,LIVRE,casa,Carte,LIV5,2023-07-10
CMD21734,CL0638,P055,2023-09-01,2,1987.94,LIVRE,RBA,Carte,LIV3,2023-09-04
CMD46692,CL0132,P076,2024-04-30,5,2633.41,KO,CASABLANCA,Carte,LIV4,
CMD22972,CL0451,P050,04/12/2023,2,3659.81,retourné,TNG,Carte,LIV2,2023-12-08
CMD46864,CL0490,P031,2023-12-21,4,2845.9,DONE,kech,Carte,LIV2,2023-12-24
CMD32198,CL0344,P083,2023-07-09,3,3620.85,DONE,marrakech,Carte,LIV8,2023-07-10
CMD18844,CL0820,P081,Jul 29 2023,1,3626.07,livré,casa,Carte,LIV8,2023-08-01
CMD10845,CL0954,P007,05/01/2023,2,3043.66,annulé,Agadir,Carte,LIV9,
CMD32366,CL0360,P062,26/08/2023,5,1115.74,en_cours,tanger,Carte,LIV3,
CMD27550,CL0287,P077,May 15 2024,5,2166.3,LIVRE,TANGER,Carte,LIV5,2024-05-18
CMD24721,CL0402,P025,03/06/2023,5,3009.94,KO,marrakech,Carte,LIV3,
CMD26250,CL0492,P100,Apr 04 2024,5,2568.96,LIVRE,TNG,Carte,LIV6,2024-04-08
CMD31253,CL0204,P076,2023-05-09,2,390.33,retourné,casa,Carte,LIV8,2023-05-11
CMD47072,CL0157,P003,19/02/2024,3,3967.96,livré,TANGER,Carte,LIV5,2024-02-21
CMD09080,CL0909,P006,17/11/2023,3,977.07,livré,RBA,Carte,LIV2,2023-11-21
CMD42197,CL0582,P074,2023-07-15,2,1195.39,LIVRE,CASABLANCA,Carte,,2023-07-19
CMD34023,CL0082,P055,2024-02-13,4,726.35,livré,marrakech,Carte,LIV2,2024-02-17
CMD46405,CL0502,P060,2024-01-19,1,4340.35,livré,RBA,Carte,LIV2,2024-01-23
CMD23846,CL0523,P053,25/09/2023,3,3431.07,livré,Tnja,Carte,LIV8,2023-09-26
CMD29658,CL0187,P033,2023-01-27,2,1163.74,DONE,marrakech,Carte,LIV1,2023-01-31
CMD26744,CL0902,P046,24/08/2023,3,97.46,OK,TNG,Carte,LIV10,
CMD47216,CL0161,P086,04/09/2023,1,2420.76,annulé,TANGER,Carte,LIV1,
CMD18230,CL0298,P008,14/02/2023,5,2743.7,LIVRE,Tnja,Carte,LIV3,2023-02-15
CMD22444,CL0291,P035,2024-03-09,2,4205.86,livré,RBA,Carte,LIV8,2024-03-13
CMD31217,CL0278,P017,Oct 20 2023,1,2744.05,livré,casa,Carte,LIV3,2023-10-24
CMD19576,CL0849,P001,2023-01-14,3,4830.27,annulé,CASABLANCA,Carte,LIV10,
CMD08705,CL0791,P091,29/12/2023,3,1407.09,en_cours,Agadir,Carte,LIV2,
CMD15474,CL0958,P064,28/03/2023,5,4480.68,retourné,RBA,Carte,LIV5,2023-04-01
CMD11779,CL0129,P028,2024-03-26,4,2393.16,livré,Tnja,Carte,LIV9,2024-03-29
CMD22302,CL0982,P061,2024-03-17,5,3655.29,OK,CASABLANCA,Carte,LIV7,
CMD08767,CL0151,P007,2024-01-19,5,2125.62,retourné,tanger,Carte,LIV4,2024-01-22
CMD32581,CL0487,P045,May 13 2024,4,3842.32,livré,CASABLANCA,Carte,LIV9,2024-05-16
CMD09489,CL0647,P014,Apr 10 2023,2,2803.05,en_cours,marrakech,Carte,LIV2,
CMD33197,CL0565,P077,Nov 11 2023,3,848.71,livre,tanger,Carte,,
CMD41416,CL0970,P055,24/03/2024,2,4926.82,annulé,CASABLANCA,Carte,LIV10,
CMD09589,CL0343,P056,2024-02-12,1,3470.43,KO,tanger,Carte,LIV6,
CMD41285,CL0926,P012,2023-10-05,1,2411.4,annulé,casa,Carte,LIV8,
CMD28673,CL0730,P065,May 05 2024,5,4488.47,retourné,marrakech,Carte,LIV7,2024-05-07
CMD30526,CL0346,P097,2023-07-06,3,3061.06,DONE,TNG,Carte,LIV1,2023-07-09
CMD07070,CL0148,P070,28/10/2023,3,2753.47,LIVRE,TNG,Carte,LIV9,2023-10-31
CMD07224,CL0613,P054,Aug 05 2023,4,2960.15,livre,kech,Carte,LIV3,
CMD27726,CL0392,P041,Sep 11 2023,4,2512.89,en_cours,Tnja,Carte,,
CMD41321,CL0135,P009,2023-04-15,1,2820.6,en_cours,Tnja,Carte,,
CMD30765,CL0412,P065,2023-09-17,1,1096.83,KO,TNG,Carte,LIV1,
CMD04936,CL0453,P052,13/04/2023,5,1608.21,livré,kech,Carte,LIV1,2023-04-14
CMD47277,CL0747,P006,Mar 07 2024,5,2749.26,DONE,tanger,Carte,LIV1,2024-03-11
CMD11690,CL0310,P067,Jul 17 2023,5,4789.55,livre,TANGER,Carte,LIV7,
CMD22185,CL0210,P025,May 14 2024,4,1389.43,retourné,casa,Carte,LIV9,2024-05-19
CMD19551,CL0449,P016,Feb 25 2024,2,3175.39,livré,CASABLANCA,Carte,LIV6,2024-02-29
CMD07697,CL0621,P014,20/09/2023,3,1333.92,livré,kech,Carte,LIV9,2023-09-24
CMD28732,CL0361,P098,2023-11-24,2,452.16,livré,CASABLANCA,Carte,LIV7,2023-11-28
CMD23422,CL0594,P029,Oct 11 2023,4,3127.16,LIVRE,Agadir,Carte,LIV9,2023-10-16
CMD19806,CL0159,P018,21/05/2023,3,3654.54,en_cours,RBA,Carte,LIV5,
CMD28788,CL0693,P037,Mar 22 2024,2,4112.74,OK,marrakech,Carte,LIV1,
CMD46476,CL0132,P006,2023-02-09,2,518.74,retourné,Agadir,Carte,LIV9,2023-02-11
CMD04623,CL0662,P053,Jun 12 2023,3,2745.14,livré,RBA,Carte,LIV2,2023-06-15
CMD22679,CL0213,P079,28/04/2023,3,791.51,livré,tanger,Carte,LIV5,2023-05-01
CMD06554,CL0438,P051,2023-07-27,5,4824.51,OK,tanger,Carte,LIV1,
CMD41140,CL0038,P052,Aug 11 2023,5,2034.81,livré,Tnja,Carte,LIV10,2023-08-12
CMD45710,CL0062,P055,23/07/2023,2,430.93,DONE,tanger,Carte,LIV9,2023-07-24
CMD09035,CL0440,P056,Feb 10 2024,5,3593.76,livre,Tnja,Carte,LIV1,
CMD10879,CL0538,P093,2023-01-12,1,3516.56,retourné,kech,Carte,LIV7,2023-01-17
CMD03833,CL0501,P077,29/03/2023,1,2456.19,OK,RBA,Carte,LIV3,
CMD22835,CL0811,P035,May 19 2023,1,2415.3,KO,RBA,Carte,LIV4,
CMD41843,CL0010,P054,May 17 2023,5,1052.89,livré,RBA,Carte,LIV3,2023-05-20
CMD40983,CL0252,P051,21/04/2023,2,4041.24,livré,kech,Carte,LIV6,2023-04-25
CMD22173,CL0810,P043,2023-06-04,-1,4674.48,DONE,casa,Carte,LIV3,2023-06-08
CMD31673,CL0779,P013,06/03/2023,3,1042.75,en_cours,TANGER,Carte,LIV10,
CMD26001,CL0922,P067,2024-03-15,3,4209.87,en_cours,kech,Carte,LIV10,
CMD21070,CL0130,P088,Mar 15 2023,3,2772.43,KO,TNG,Carte,LIV6,
CMD04666,CL0235,P095,2023-05-26,2,274.36,KO,Tnja,Carte,LIV8,
CMD43257,CL0171,P069,2023-05-19,1,1019.51,LIVRE,tanger,Carte,LIV4,2023-05-24
CMD10604,CL0605,P026,2024-03-14,2,2667.86,livré,tanger,Carte,LIV4,2024-03-17
CMD10185,CL0767,P036,2023-02-19,3,3027.43,en_cours,Agadir,Carte,LIV3,
CMD10755,CL0173,P048,21/09/2023,3,2130.91,annulé,kech,Carte,LIV9,
CMD11750,CL0870,P099,Jun 05 2023,3,4538.99,KO,CASABLANCA,Carte,LIV9,
CMD01506,CL0588,P058,2024-01-08,2,3168.93,annulé,marrakech,Carte,LIV1,
CMD16918,CL0002,P014,11/01/2024,5,3573.06,en_cours,Agadir,Carte,LIV9,
CMD32255,CL0144,P029,Mar 19 2024,4,1837.98,livré,Tnja,Carte,LIV8,2024-03-24
CMD21475,CL0143,P018,31/08/2023,2,1997.37,en_cours,Tnja,Carte,LIV8,
CMD17217,CL0530,P090,09/11/2023,1,4970.02,en_cours,TANGER,Carte,LIV8,
CMD45479,CL0846,P060,2024-05-04,3,367.69,DONE,TNG,Carte,LIV4,2024-05-09
CMD21445,CL0385,P057,23/10/2023,5,753.01,en_cours,casa,Carte,LIV10,
CMD48426,CL0955,P009,16/04/2024,4,1339.03,livré,casa,Carte,LIV9,2024-04-21
CMD14234,CL0326,P010,24/02/2023,3,3141.58,retourné,RBA,Carte,LIV6,2023-03-01
CMD30257,CL0563,P047,22/01/2024,2,2125.37,DONE,RBA,Carte,LIV8,2024-01-26
CMD28666,CL0344,P052,24/02/2023,4,898.15,OK,TANGER,Carte,LIV8,
CMD36874,CL0217,P012,Jan 28 2024,3,3915.43,livré,marrakech,Carte,LIV3,2024-01-29
CMD00161,CL0265,P029,Mar 31 2023,2,4563.81,livre,Tnja,Carte,LIV2,
CMD12306,CL0708,P067,2023-03-17,4,2162.13,livré,marrakech,Carte,LIV1,2023-03-18
CMD37850,CL0530,P041,2023-10-22,4,3348.99,livré,TNG,Carte,LIV9,2023-10-27
CMD38470,CL0156,P056,Mar 18 2024,3,1589.46,livre,kech,Carte,LIV4,
CMD18568,CL0453,P093,Jan 01 2024,1,1885.42,livré,RBA,Carte,LIV10,2024-01-03
CMD02897,CL0858,P073,2023-02-05,2,4595.08,LIVRE,kech,Carte,LIV2,2023-02-07
CMD42448,CL0921,P077,Jul 02 2023,5,2698.31,KO,tanger,Carte,,
CMD35236,CL0818,P012,09/04/2024,5,1370.79,KO,Agadir,Carte,LIV3,
CMD24589,CL0773,P007,Mar 09 2024,4,942.96,livré,RBA,Carte,LIV9,2024-03-14
CMD31132,CL0546,P089,2023-02-10,4,193.0,livré,TNG,Carte,LIV4,2023-02-12
CMD37819,CL0286,P015,Oct 20 2023,1,1802.41,livre,kech,Carte,LIV9,
CMD32137,CL0692,P048,31/03/2024,2,2201.4,LIVRE,CASABLANCA,Carte,LIV7,2024-04-05
CMD00507,CL0216,P085,2024-04-13,3,3302.99,annulé,Tnja,Carte,LIV2,
CMD04862,CL0086,P094,31/05/2023,3,870.74,KO,Tnja,Carte,LIV6,
CMD15480,CL0542,P001,2023-01-29,2,758.41,retourné,tanger,Carte,LIV6,2023-02-02
CMD38010,CL0976,P049,Jun 04 2023,3,4101.21,LIVRE,casa,Carte,LIV10,2023-06-08
CMD32180,CL0260,P063,24/04/2024,1,4262.11,livre,CASABLANCA,Carte,LIV2,
CMD45783,CL0636,P086,Jan 09 2023,2,1654.18,DONE,tanger,Carte,LIV6,2023-01-12
CMD37734,CL0373,P056,Jul 10 2023,3,2078.27,livré,kech,Carte,LIV10,2023-07-13
CMD37888,CL0163,P046,08/01/2023,5,0,KO,TNG,Carte,LIV5,
CMD12947,CL0932,P071,2023-10-22,4,3045.84,livre,RBA,Carte,LIV5,
CMD43359,CL0135,P046,11/01/2023,3,3752.5,KO,kech,Carte,LIV6,
CMD24770,CL0318,P081,09/12/2023,5,0,annulé,casa,Carte,LIV3,
CMD04151,CL0002,P091,2023-10-26,1,2990.9,livré,Agadir,Carte,LIV3,2023-10-29
CMD20174,CL0592,P057,2023-04-15,5,1295.28,retourné,tanger,Carte,LIV7,2023-04-17
CMD10466,CL0283,P098,09/04/2024,3,591.0,retourné,RBA,Carte,LIV7,2024-04-12
CMD34934,CL0034,P080,31/08/2023,4,2348.41,OK,Tnja,Carte,LIV5,
CMD15532,CL0571,P010,Nov 10 2023,3,2068.53,LIVRE,tanger,Carte,LIV7,2023-11-12
CMD47551,CL0299,P024,Sep 19 2023,2,3084.89,livre,Agadir,Carte,LIV6,
CMD20350,CL0975,P099,2023-03-01,2,1215.85,annulé,RBA,Carte,LIV5,
CMD43681,CL0712,P043,Sep 14 2023,3,3765.39,DONE,kech,Carte,LIV4,2023-09-16
CMD12585,CL0450,P070,Apr 11 2023,2,3445.74,retourné,TNG,Carte,LIV2,2023-04-15
CMD46586,CL0599,P094,Oct 31 2023,3,2519.95,KO,kech,Carte,LIV9,
CMD02908,CL0822,P092,11/10/2023,3,1304.99,livré,CASABLANCA,Carte,LIV3,2023-10-13
CMD24735,CL0778,P007,05/02/2024,3,2388.7,livre,Tnja,Carte,LIV3,
CMD10383,CL0164,P096,Jun 17 2023,1,3792.65,OK,tanger,Carte,LIV7,
CMD37687,CL0049,P098,08/04/2024,3,2666.73,LIVRE,Tnja,Carte,LIV10,2024-04-11
CMD13726,CL0256,P004,2023-11-18,4,0,en_cours,TNG,Carte,LIV8,
CMD42653,CL0286,P056,17/04/2024,3,3443.91,livré,Agadir,Carte,LIV3,2024-04-18
CMD32125,CL0830,P026,02/01/2024,2,2891.52,KO,Tnja,Carte,LIV3,
CMD06152,CL0300,P078,2024-02-28,5,2835.47,retourné,Tnja,Carte,LIV6,2024-03-02
CMD15870,CL0711,P053,29/02/2024,4,410.75,OK,TANGER,Carte,LIV8,
CMD20358,CL0902,P079,Jan 12 2023,5,4748.17,KO,marrakech,Carte,LIV10,
CMD44496,CL0539,P050,2024-01-14,2,59.11,annulé,Agadir,Carte,,
CMD33778,CL0523,P011,2023-08-09,5,3974.81,OK,CASABLANCA,Carte,LIV9,
CMD13536,CL0611,P039,28/06/2023,3,2422.72,livré,RBA,Carte,LIV8,2023-07-01
CMD02823,CL0010,P012,Feb 01 2024,1,3109.05,livré,Tnja,Carte,LIV6,2024-02-03
CMD47410,CL0711,P061,2023-08-27,2,4302.33,livré,RBA,Carte,LIV1,2023-08-31
CMD17830,CL0909,P088,22/04/2023,5,2012.74,annulé,marrakech,Carte,LIV5,
CMD18041,CL0217,P012,Jan 25 2023,3,2180.23,retourné,tanger,Carte,LIV6,2023-01-29
CMD31697,CL0729,P040,03/01/2023,1,1454.71,LIVRE,TANGER,Carte,,2023-01-04
CMD23794,CL0896,P064,10/01/2023,5,158.64,KO,tanger,Carte,LIV7,
CMD28572,CL0077,P056,2023-05-03,2,4193.69,KO,Agadir,Carte,LIV3,
CMD07413,CL0862,P025,26/03/2023,2,2384.18,retourné,casa,Carte,LIV9,2023-03-30
CMD45835,CL0391,P059,01/01/2023,4,4766.58,annulé,marrakech,Carte,LIV10,
CMD14198,CL0371,P082,03/12/2023,2,4550.17,livré,casa,Carte,LIV9,2023-12-08
CMD32368,CL0577,P030,Oct 17 2023,3,2357.38,OK,TANGER,Carte,LIV1,
CMD41819,CL0312,P033,02/06/2023,2,3541.56,livré,Tnja,Carte,LIV5,2023-06-06
CMD44562,CL0928,P008,09/09/2023,4,2467.87,livré,Tnja,Carte,LIV4,2023-09-10
CMD12588,CL0003,P068,2023-11-08,4,810.43,DONE,RBA,Carte,,2023-11-12
CMD24361,CL0155,P001,Nov 24 2023,4,3329.01,livre,CASABLANCA,Carte,LIV4,
CMD22688,CL0498,P087,Mar 30 2023,4,762.48,KO,TANGER,Carte,LIV6,
CMD42962,CL0844,P064,2023-06-22,2,4735.3,KO,marrakech,Carte,,
CMD27228,CL0991,P080,Feb 17 2023,1,2612.88,livré,Tnja,Carte,LIV8,2023-02-19
CMD11404,CL0351,P062,23/10/2023,4,1593.85,DONE,Agadir,Carte,LIV10,2023-10-24
CMD19566,CL0258,P078,2023-05-01,3,1678.84,livré,Agadir,Carte,LIV2,2023-05-06
CMD47142,CL0361,P099,Nov 08 2023,1,1185.96,livré,TNG,Carte,LIV4,2023-11-12
CMD48036,CL0046,P046,Aug 08 2023,3,4056.75,retourné,CASABLANCA,Carte,LIV7,2023-08-09
CMD40067,CL0045,P034,09/01/2024,2,0,DONE,TNG,Carte,LIV9,2024-01-14
CMD23977,CL0254,P014,07/09/2023,3,2371.91,en_cours,kech,Carte,LIV1,
CMD21995,CL0598,P051,2023-03-04,2,3989.78,livré,TNG,Carte,LIV10,2023-03-08
CMD33718,CL0276,P014,Jan 26 2024,1,921.73,livré,casa,Carte,LIV1,2024-01-30
CMD03607,CL0137,P083,05/11/2023,4,3082.17,livré,TANGER,Carte,LIV9,2023-11-10
CMD26610,CL0044,P085,2023-10-22,-1,0,KO,kech,Carte,LIV6,
CMD08157,CL0790,P023,2023-01-19,4,4609.55,KO,Tnja,Carte,LIV5,
CMD37232,CL0175,P081,04/04/2023,1,1300.48,livré,TANGER,Carte,LIV4,2023-04-08
CMD03446,CL0169,P016,Apr 01 2024,5,2827.98,en_cours,TNG,Carte,LIV10,
CMD39618,CL0822,P040,2023-07-31,3,843.23,en_cours,casa,Carte,LIV3,
CMD31237,CL0449,P093,Jul 17 2023,4,788.69,LIVRE,kech,Carte,LIV5,2023-07-21
CMD23955,CL0641,P087,Aug 02 2023,4,4107.23,livre,CASABLANCA,Carte,LIV10,
CMD34605,CL0480,P025,2023-09-27,4,550.93,livre,Agadir,Carte,LIV6,
CMD24685,CL0783,P026,2023-01-04,3,729.12,livré,casa,Carte,LIV8,2023-01-05
CMD15626,CL0119,P065,27/02/2023,5,159.07,OK,tanger,Carte,LIV3,
CMD04763,CL0910,P020,2023-12-07,5,2070.69,en_cours,marrakech,Carte,LIV3,
CMD05039,CL0064,P019,Feb 16 2023,3,646.82,livré,tanger,Carte,LIV10,2023-02-17
CMD02479,CL0370,P097,Mar 01 2024,2,4107.01,OK,RBA,Carte,LIV5,
CMD01495,CL0446,P007,11/10/2023,1,2672.88,livre,tanger,Carte,LIV3,
CMD12333,CL0718,P062,2023-04-13,1,4159.97,retourné,casa,Carte,LIV3,2023-04-14
CMD46575,CL0190,P054,2023-06-05,3,4498.18,LIVRE,tanger,Carte,LIV4,2023-06-06
CMD13037,CL0894,P024,2023-08-30,4,953.3,LIVRE,CASABLANCA,Carte,LIV5,2023-08-31
CMD35947,CL0418,P028,29/03/2024,1,1175.7,OK,casa,Carte,,
CMD09138,CL0726,P085,2024-05-03,5,2633.86,DONE,TNG,Carte,LIV3,2024-05-07
CMD39422,CL0274,P068,2023-05-18,3,3100.69,LIVRE,tanger,Carte,LIV10,2023-05-22
CMD01434,CL0521,P042,16/02/2024,5,0,livre,kech,Carte,LIV5,
CMD17445,CL0640,P074,Mar 04 2024,2,2715.38,livré,marrakech,Carte,LIV9,2024-03-08
CMD23301,CL0521,P029,May 06 2023,4,4728.01,livré,Tnja,Carte,LIV5,2023-05-11
CMD33675,CL0261,P089,2023-07-29,3,2122.27,retourné,RBA,Carte,LIV5,2023-07-31
CMD36238,CL0583,P005,06/01/2023,5,268.59,livre,Agadir,Carte,LIV5,
CMD22101,CL0904,P076,2023-12-13,1,1535.21,livré,CASABLANCA,Carte,LIV9,2023-12-14
CMD26769,CL0714,P095,2024-04-26,3,2538.59,DONE,Agadir,Carte,,2024-05-01
CMD37800,CL0414,P096,31/01/2024,2,959.98,livre,kech,Carte,LIV8,
CMD36343,CL0084,P079,07/07/2023,5,92.9,LIVRE,Agadir,Carte,LIV10,2023-07-11
CMD20902,CL0747,P099,08/01/2024,4,1235.8,livre,marrakech,Carte,LIV5,
CMD06228,CL0161,P037,2023-03-02,5,4172.73,LIVRE,RBA,Carte,,2023-03-04
CMD06323,CL0765,P052,2023-11-21,4,3280.14,livre,kech,Carte,LIV3,
CMD34092,CL0164,P069,22/03/2024,4,1053.25,livré,marrakech,Carte,,2024-03-26
CMD37927,CL0992,P074,2023-06-26,4,1768.66,DONE,Agadir,Carte,LIV6,2023-07-01
CMD35157,CL0413,P016,Sep 08 2023,1,1142.57,livré,marrakech,Carte,,2023-09-11
CMD33001,CL0597,P096,2023-12-25,1,4675.55,DONE,Tnja,Carte,LIV9,2023-12-27
CMD16222,CL0186,P067,Mar 13 2024,5,2508.84,LIVRE,tanger,Carte,LIV2,2024-03-17
CMD22701,CL0515,P010,19/06/2023,3,4137.66,DONE,marrakech,Carte,LIV8,2023-06-22
CMD03165,CL0928,P066,2024-02-19,5,3229.96,livre,marrakech,Carte,LIV4,
CMD46728,CL0642,P087,2024-01-15,1,572.22,retourné,marrakech,Carte,LIV1,2024-01-16
CMD22479,CL0111,P054,04/02/2023,1,4756.01,LIVRE,casa,Carte,LIV3,2023-02-09
CMD36046,CL0497,P020,2023-10-01,3,987.58,annulé,marrakech,Carte,LIV6,
CMD34686,CL0786,P062,08/10/2023,2,844.34,livré,casa,Carte,LIV3,2023-10-10
CMD34657,CL0711,P060,2024-04-06,3,979.21,DONE,marrakech,Carte,LIV6,2024-04-10
CMD36459,CL0764,P093,17/03/2023,5,4560.45,en_cours,Agadir,Carte,LIV6,
CMD18294,CL0643,P088,2024-01-22,3,3799.98,KO,TNG,Carte,LIV4,
CMD36712,CL0735,P023,06/04/2023,5,915.61,en_cours,Tnja,Carte,,
CMD44287,CL0659,P080,Apr 09 2024,3,4980.74,livré,TNG,Carte,LIV9,2024-04-13
CMD41094,CL0207,P005,31/12/2023,1,579.85,livre,marrakech,Carte,LIV7,
CMD36888,CL0620,P089,Feb 05 2023,4,3300.73,KO,marrakech,Carte,LIV7,
CMD35717,CL0949,P032,2024-05-07,2,4058.3,livre,CASABLANCA,Carte,LIV10,
CMD34014,CL0109,P060,2023-10-02,1,874.73,retourné,TANGER,Carte,LIV10,2023-10-06
CMD32460,CL0877,P027,11/11/2023,2,4845.86,livré,casa,Carte,LIV3,2023-11-13
CMD02457,CL0132,P061,17/05/2023,2,746.83,livre,RBA,Carte,LIV9,
CMD21837,CL0701,P087,Apr 23 2024,3,1435.38,retourné,CASABLANCA,Carte,LIV4,2024-04-27
CMD46956,CL0899,P062,2024-05-03,3,4166.19,livré,TNG,Carte,LIV1,2024-05-07
CMD34997,CL0010,P048,2023-12-06,3,4075.72,livré,Agadir,Carte,LIV2,2023-12-09
CMD08059,CL0146,P016,Nov 27 2023,5,2561.24,livre,Agadir,Carte,LIV7,
CMD00241,CL0595,P004,Jan 01 2023,4,1978.19,KO,RBA,Carte,LIV8,
CMD42960,CL0138,P035,Mar 21 2023,3,4541.76,en_cours,Tnja,Carte,LIV10,
CMD40479,CL0064,P078,Sep 01 2023,5,1118.35,livré,casa,Carte,,2023-09-02
CMD33871,CL0473,P060,2023-08-21,4,1014.11,livre,RBA,Carte,LIV6,
CMD10667,CL0448,P094,25/11/2023,4,0,LIVRE,RBA,Carte,LIV8,2023-11-27
CMD12873,CL0728,P018,27/02/2024,2,3880.4,annulé,kech,Carte,LIV1,
CMD45411,CL0913,P007,2023-09-14,3,533.64,KO,CASABLANCA,Carte,LIV8,
CMD26808,CL0770,P028,Aug 14 2023,3,3311.36,livre,TNG,Carte,LIV9,
CMD01119,CL0045,P030,Oct 17 2023,1,3819.74,LIVRE,RBA,Carte,LIV4,2023-10-20
CMD45263,CL0683,P055,Jan 12 2024,2,2038.24,livré,kech,Carte,LIV5,2024-01-13
CMD22168,CL0659,P041,08/02/2024,5,4410.94,livré,kech,Carte,LIV4,2024-02-13
CMD44039,CL0836,P089,Mar 30 2023,4,4227.01,annulé,kech,Carte,LIV6,
CMD04852,CL0502,P011,2024-03-13,5,1978.32,LIVRE,Tnja,Carte,LIV10,2024-03-17
CMD04707,CL0872,P065,Jan 29 2023,4,2897.42,LIVRE,kech,Carte,LIV6,2023-02-02
CMD28592,CL0277,P082,29/05/2023,3,3346.46,KO,kech,Carte,LIV1,
CMD14920,CL0796,P077,2023-02-23,5,311.97,DONE,TANGER,Carte,LIV3,2023-02-28
CMD41411,CL0812,P002,2023-06-03,3,1057.7,OK,TANGER,Carte,LIV1,
CMD22181,CL0225,P058,2023-11-24,1,4018.06,livré,TANGER,Carte,LIV1,2023-11-25
CMD10614,CL0271,P032,Aug 06 2023,2,2807.61,livré,tanger,Carte,LIV6,2023-08-07
CMD43137,CL0853,P024,2024-03-12,3,213.52,livre,TNG,Carte,LIV2,
CMD12213,CL0505,P030,10/11/2023,2,2456.25,DONE,marrakech,Carte,LIV4,2023-11-14
CMD04427,CL0887,P019,Oct 28 2023,4,2950.22,OK,Tnja,Carte,LIV2,
CMD38656,CL0717,P079,Dec 10 2023,5,2661.17,en_cours,marrakech,Carte,LIV6,
CMD06337,CL0249,P037,29/07/2023,3,3220.6,DONE,TNG,Carte,LIV6,2023-08-02
CMD25157,CL0073,P064,22/04/2023,5,539.99,en_cours,TANGER,Carte,LIV6,
CMD32456,CL0700,P096,2024-01-26,4,2364.26,annulé,marrakech,Carte,LIV4,
CMD11524,CL0219,P046,21/06/2023,3,3412.7,annulé,RBA,Carte,LIV1,
CMD33877,CL0426,P035,19/09/2023,5,1380.49,livre,CASABLANCA,Carte,,
CMD09204,CL0606,P020,2024-03-20,3,3859.72,annulé,TANGER,Carte,LIV8,
CMD33406,CL0255,P029,09/02/2024,1,3477.52,annulé,casa,Carte,,
CMD06564,CL0863,P047,2024-02-14,5,1944.33,annulé,kech,Carte,LIV10,
CMD26424,CL0235,P093,2023-10-25,4,3365.78,OK,TANGER,Carte,LIV3,
CMD04993,CL0108,P078,2024-01-21,2,0,livré,CASABLANCA,Carte,LIV3,2024-01-26
CMD09778,CL0291,P083,22/01/2024,4,1516.96,annulé,CASABLANCA,Carte,LIV7,
CMD44568,CL0663,P052,Oct 16 2023,1,4400.84,OK,RBA,Carte,LIV2,
CMD37911,CL0143,P089,Feb 23 2024,3,3494.0,livré,RBA,Carte,LIV3,2024-02-26
CMD24977,CL0477,P092,Dec 14 2023,2,4000.05,OK,RBA,Carte,LIV2,
CMD32627,CL0677,P072,10/05/2024,5,2696.73,livré,TNG,Carte,LIV3,2024-05-15
CMD45151,CL0599,P041,Jan 30 2023,4,3772.64,KO,TNG,Carte,LIV7,
CMD18564,CL0216,P086,Sep 09 2023,4,1612.68,en_cours,Agadir,Carte,LIV2,
CMD23869,CL0446,P088,Mar 29 2024,2,579.66,DONE,Tnja,Carte,LIV10,2024-03-31
CMD24276,CL0244,P094,2023-02-05,3,4325.07,retourné,Agadir,Carte,LIV9,2023-02-09
CMD14659,CL0025,P094,2023-09-16,3,2957.03,LIVRE,kech,Carte,LIV2,2023-09-17
CMD03086,CL0006,P026,May 07 2023,4,1919.63,en_cours,Agadir,Carte,LIV4,
CMD14795,CL0464,P003,Feb 08 2024,2,1822.23,livre,RBA,Carte,LIV4,
CMD07518,CL0980,P040,25/11/2023,1,1655.68,livré,tanger,Carte,LIV2,2023-11-30
CMD44808,CL0317,P058,24/02/2023,5,4463.18,en_cours,casa,Carte,LIV6,
CMD18098,CL0169,P046,Mar 18 2024,5,585.42,annulé,Tnja,Carte,LIV5,
CMD14488,CL0761,P020,Apr 16 2024,2,3336.21,annulé,TNG,Carte,LIV3,
CMD38360,CL0677,P060,2024-04-11,2,1023.96,livré,kech,Carte,LIV3,2024-04-12
CMD37378,CL0196,P094,2024-01-27,3,1880.59,KO,Tnja,Carte,LIV6,
CMD16292,CL0858,P011,09/01/2024,1,3642.84,OK,TANGER,Carte,LIV1,
CMD18522,CL0057,P065,2023-07-29,3,215.51,KO,tanger,Carte,LIV4,
CMD18449,CL0386,P070,Mar 05 2023,3,909.07,livre,TANGER,Carte,LIV7,
CMD28931,CL0918,P077,Feb 28 2023,3,187.88,livré,RBA,Carte,LIV6,2023-03-05
CMD00908,CL0263,P084,2024-01-31,2,4569.44,livré,TNG,Carte,,2024-02-04
CMD25667,CL0807,P069,19/01/2024,2,2489.17,livré,Tnja,Carte,LIV1,2024-01-24
CMD07342,CL0334,P027,15/10/2023,1,1981.54,livre,TANGER,Carte,LIV8,
CMD43473,CL0918,P016,Jan 29 2023,4,1128.21,livré,tanger,Carte,LIV2,2023-01-31
CMD10669,CL0227,P099,2023-06-18,3,2556.64,retourné,kech,Carte,LIV5,2023-06-21
CMD31254,CL0055,P033,09/07/2023,5,2055.91,en_cours,TNG,Carte,LIV3,
CMD35352,CL0534,P027,2024-04-18,5,3145.56,annulé,casa,Carte,LIV5,
CMD41601,CL0840,P086,2023-01-20,3,554.88,en_cours,tanger,Carte,LIV6,
CMD04483,CL0654,P019,Mar 09 2023,5,1886.02,livre,RBA,Carte,LIV2,
CMD03009,CL0218,P057,Sep 25 2023,5,792.19,livré,CASABLANCA,Carte,LIV7,2023-09-28
CMD42739,CL0205,P019,02/10/2023,5,321.2,OK,tanger,Carte,LIV2,
CMD01158,CL0703,P018,2023-10-29,1,2442.38,DONE,tanger,Carte,LIV10,2023-11-03
CMD18881,CL0583,P082,25/05/2023,4,4860.22,OK,kech,Carte,LIV10,
CMD01049,CL0485,P028,Apr 09 2023,2,3285.49,livré,kech,Carte,LIV3,2023-04-13
CMD11429,CL0655,P008,30/03/2024,3,4910.97,en_cours,TANGER,Carte,LIV9,
CMD46949,CL0976,P009,19/12/2023,4,4570.05,annulé,CASABLANCA,Carte,LIV9,
CMD18330,CL0206,P076,22/04/2024,4,3473.03,retourné,TANGER,Carte,LIV5,2024-04-23
CMD29536,CL0070,P055,May 08 2024,3,2756.52,livré,marrakech,Carte,LIV2,2024-05-09
CMD08661,CL0558,P073,27/12/2023,3,858.06,en_cours,kech,Carte,LIV6,
CMD21626,CL0312,P049,2023-12-13,2,4818.0,annulé,Agadir,Carte,LIV4,
CMD33404,CL0585,P028,Jan 16 2023,4,2875.01,OK,CASABLANCA,Carte,LIV3,
CMD19971,CL0497,P094,Mar 21 2023,3,3175.02,livré,CASABLANCA,Carte,LIV8,2023-03-22
CMD39603,CL0969,P066,Dec 24 2023,5,163.77,LIVRE,Agadir,Carte,LIV1,2023-12-26
CMD39944,CL0298,P014,2023-12-04,3,2187.67,en_cours,TNG,Carte,LIV1,
CMD24777,CL0221,P046,28/12/2023,5,1415.35,livré,RBA,Carte,LIV3,2023-12-29
CMD07145,CL0160,P087,16/10/2023,1,560.19,DONE,casa,Carte,LIV5,2023-10-20
CMD40112,CL0882,P036,12/05/2023,3,0,en_cours,RBA,Carte,LIV5,
CMD48318,CL0085,P050,2024-03-22,1,4491.79,livre,RBA,Carte,LIV10,
CMD43336,CL0890,P041,2024-01-31,3,4635.6,annulé,TNG,Carte,LIV5,
CMD31820,CL0429,P060,Nov 25 2023,2,92.72,KO,RBA,Carte,LIV10,
CMD06125,CL0587,P085,22/04/2024,5,2357.97,livre,CASABLANCA,Carte,LIV3,
CMD23063,CL0791,P027,2023-02-26,3,4738.6,livre,CASABLANCA,Carte,LIV9,
CMD02843,CL0330,P080,2023-05-20,5,679.22,annulé,CASABLANCA,Carte,LIV4,
CMD05204,CL0238,P015,Nov 04 2023,5,4517.36,en_cours,marrakech,Carte,LIV4,
CMD31968,CL0001,P068,Jun 19 2023,1,2206.16,livre,kech,Carte,LIV4,
CMD35186,CL0589,P010,09/05/2023,2,1663.26,KO,Tnja,Carte,,
CMD37034,CL0532,P034,05/07/2023,4,858.16,annulé,casa,Carte,LIV6,
CMD19957,CL0302,P066,May 11 2024,1,2798.42,livré,TNG,Carte,,2024-05-13
CMD37853,CL0991,P091,May 09 2023,5,2320.66,retourné,tanger,Carte,LIV1,2023-05-13
CMD25093,CL0467,P083,27/04/2023,4,4439.43,livré,Agadir,Carte,LIV8,2023-05-02
CMD27558,CL0393,P008,25/09/2023,3,2965.14,LIVRE,RBA,Carte,LIV2,2023-09-26
CMD29133,CL0575,P070,2023-08-08,3,0,annulé,CASABLANCA,Carte,LIV9,
CMD25347,CL0303,P084,Jan 05 2024,5,0,livré,casa,Carte,LIV6,2024-01-09
CMD42594,CL0341,P010,Oct 18 2023,3,870.78,annulé,tanger,Carte,,
CMD34336,CL0225,P019,2023-07-14,1,1288.83,livré,casa,Carte,LIV2,2023-07-15
CMD32666,CL0629,P009,23/05/2023,3,2566.33,livre,CASABLANCA,Carte,LIV2,
CMD16851,CL0231,P097,Jan 14 2023,4,3006.84,OK,CASABLANCA,Carte,LIV4,
CMD39348,CL0880,P019,2024-04-03,2,964.44,annulé,marrakech,Carte,LIV10,
CMD25174,CL0294,P016,12/08/2023,1,1387.85,KO,marrakech,Carte,LIV9,
CMD30413,CL0194,P085,2023-01-17,1,4760.28,livré,casa,Carte,LIV9,2023-01-22
CMD36089,CL0792,P016,22/02/2023,3,2696.79,DONE,TNG,Carte,LIV1,2023-02-23
CMD35202,CL0964,P022,14/03/2023,2,748.82,annulé,casa,Carte,LIV6,
CMD27924,CL0204,P093,Mar 12 2024,3,2284.19,DONE,Tnja,Carte,LIV7,2024-03-14
CMD05196,CL0155,P023,Jan 03 2024,1,3151.98,DONE,CASABLANCA,Carte,,2024-01-06
CMD13749,CL0875,P068,Apr 20 2024,3,2038.49,retourné,marrakech,Carte,LIV1,2024-04-23
CMD26251,CL0709,P087,23/11/2023,3,4071.94,livré,Tnja,Carte,LIV7,2023-11-25
CMD02018,CL0510,P008,2023-08-10,3,2472.69,en_cours,TNG,Carte,LIV1,
CMD44626,CL0394,P031,2024-04-24,4,1418.89,DONE,casa,Carte,LIV3,2024-04-28
CMD20541,CL0421,P020,2023-11-21,3,2070.09,DONE,marrakech,Carte,LIV10,2023-11-23
CMD05119,CL0387,P086,02/05/2024,3,1274.84,livré,TANGER,Carte,LIV4,2024-05-04
CMD44572,CL0880,P017,2024-04-04,1,4715.22,livre,marrakech,Carte,LIV1,
CMD44554,CL0990,P005,Dec 21 2023,1,1635.36,DONE,Tnja,Carte,LIV1,2023-12-26
CMD35148,CL0880,P037,Oct 18 2023,5,3848.14,OK,casa,Carte,LIV3,
CMD10951,CL0191,P032,2023-08-06,3,4470.3,DONE,TNG,Carte,LIV4,2023-08-08
CMD46574,CL0553,P057,18/04/2023,4,677.5,DONE,kech,Carte,LIV10,2023-04-22
CMD22056,CL0223,P061,Feb 20 2023,3,3874.32,KO,tanger,Carte,LIV8,
CMD18901,CL0101,P029,2024-03-31,4,2341.51,livré,TANGER,Carte,LIV8,2024-04-03
CMD33823,CL0698,P078,02/05/2024,5,2897.16,en_cours,TANGER,Carte,LIV3,
CMD36694,CL0434,P018,Dec 08 2023,-1,2802.25,DONE,Agadir,Carte,LIV5,2023-12-13
CMD04984,CL0674,P046,2023-06-12,2,2465.95,retourné,marrakech,Carte,LIV9,2023-06-16
CMD16585,CL0499,P003,2023-12-25,5,1099.46,livre,TANGER,Carte,LIV2,
CMD35899,CL0209,P022,Dec 05 2023,3,905.45,DONE,TANGER,Carte,LIV8,2023-12-07
CMD16588,CL0396,P060,18/02/2024,1,1307.44,retourné,casa,Carte,LIV8,2024-02-20
CMD16346,CL0095,P038,2023-11-13,1,2061.92,livre,Agadir,Carte,LIV7,
CMD46954,CL0942,P057,02/02/2024,3,833.79,OK,RBA,Carte,LIV3,
CMD26912,CL0053,P098,29/02/2024,3,3796.18,livré,CASABLANCA,Carte,LIV1,2024-03-03
CMD01367,CL0366,P003,06/04/2024,2,414.04,retourné,tanger,Carte,LIV10,2024-04-07
CMD07332,CL0624,P058,06/12/2023,-1,2275.9,KO,TNG,Carte,LIV10,
CMD48415,CL0634,P034,2024-02-12,1,2569.48,livre,Agadir,Carte,,
CMD29592,CL0592,P098,2023-08-27,1,4411.81,retourné,Agadir,Carte,,2023-08-30
CMD20786,CL0283,P009,Dec 23 2023,1,3599.04,annulé,TNG,Carte,LIV7,
CMD21126,CL0171,P024,Jun 20 2023,2,3223.86,KO,marrakech,Carte,LIV7,
CMD13784,CL0494,P026,Dec 24 2023,3,669.05,OK,Tnja,Carte,LIV7,
CMD10377,CL0391,P039,13/03/2024,2,1988.35,livre,Tnja,Carte,LIV7,
CMD23201,CL0409,P089,2023-08-08,2,2956.66,en_cours,CASABLANCA,Carte,LIV6,
CMD48181,CL0157,P015,Apr 23 2023,5,1937.51,KO,Agadir,Carte,LIV9,
CMD42870,CL0258,P073,16/05/2023,1,4182.15,DONE,tanger,Carte,LIV6,2023-05-19
CMD23879,CL0415,P048,Mar 28 2024,1,2886.51,livre,CASABLANCA,Carte,LIV8,
CMD35572,CL0354,P003,2023-09-25,4,1002.47,KO,kech,Carte,LIV6,
CMD31283,CL0698,P081,04/08/2023,4,468.23,livre,Tnja,Carte,LIV5,
CMD42203,CL0509,P090,Dec 15 2023,1,376.31,livré,marrakech,Carte,,2023-12-17
CMD17489,CL0208,P064,04/01/2023,2,4703.4,DONE,Tnja,Carte,LIV1,2023-01-06
CMD37274,CL0812,P100,03/02/2023,1,573.23,livré,casa,Carte,LIV6,2023-02-04
CMD42111,CL0864,P074,08/10/2023,1,1439.34,livre,TNG,Carte,LIV10,
CMD32458,CL0289,P096,09/09/2023,1,4014.22,annulé,RBA,Carte,LIV6,
CMD16365,CL0569,P035,Jan 31 2023,3,2854.33,OK,casa,Carte,LIV9,
CMD33520,CL0430,P039,May 17 2023,2,1806.52,KO,TNG,Carte,LIV7,
CMD23622,CL0137,P096,08/11/2023,3,652.53,OK,Tnja,Carte,LIV2,
CMD21409,CL0795,P026,05/04/2024,4,2643.25,retourné,TANGER,Carte,,2024-04-07
CMD27782,CL0822,P001,20/03/2023,3,1717.02,livré,TNG,Carte,LIV1,2023-03-24
CMD48375,CL0156,P044,Jan 17 2023,1,2646.77,en_cours,TANGER,Carte,LIV3,
CMD40706,CL0506,P063,Jul 23 2023,5,4247.23,KO,RBA,Carte,LIV1,
CMD14910,CL0269,P037,09/06/2023,4,495.78,LIVRE,RBA,Carte,LIV10,2023-06-11
CMD28524,CL0588,P077,2024-05-12,1,4854.97,LIVRE,Tnja,Carte,LIV7,2024-05-13
CMD37394,CL0071,P055,Apr 02 2024,2,946.24,retourné,casa,Carte,LIV10,2024-04-04
CMD42627,CL0125,P057,07/12/2023,5,1725.0,retourné,RBA,Carte,LIV4,2023-12-08
CMD22582,CL0066,P061,Oct 20 2023,1,3039.55,KO,Tnja,Carte,LIV7,
CMD02294,CL0827,P032,2023-06-05,5,1012.73,annulé,Agadir,Carte,LIV7,
CMD12613,CL0626,P045,2023-05-09,2,4045.56,DONE,TANGER,Carte,LIV5,2023-05-13
CMD06539,CL0173,P083,Mar 26 2024,4,2067.56,livré,casa,Carte,LIV5,2024-03-27
CMD43811,CL0982,P028,17/05/2023,5,3167.68,annulé,TANGER,Carte,LIV8,
CMD33257,CL0448,P060,2024-02-10,4,4978.17,LIVRE,CASABLANCA,Carte,LIV1,2024-02-13
CMD26606,CL0996,P019,2024-04-21,3,3375.3,livré,Tnja,Carte,LIV4,2024-04-23
CMD03207,CL0758,P041,2023-05-05,4,1517.28,livré,Tnja,Carte,LIV6,2023-05-07
CMD33760,CL0121,P029,2024-02-25,4,765.3,livre,CASABLANCA,Carte,LIV5,
CMD01070,CL0560,P075,19/09/2023,2,1919.19,annulé,Agadir,Carte,LIV1,
CMD33077,CL0601,P063,2023-02-18,2,1908.08,livré,casa,Carte,LIV3,2023-02-20
CMD34647,CL0580,P059,15/12/2023,1,2151.43,livré,CASABLANCA,Carte,LIV3,2023-12-16
CMD23026,CL0411,P038,2023-09-09,3,1616.28,livré,kech,Carte,LIV5,2023-09-11
CMD35673,CL0147,P021,2023-05-17,2,4036.05,KO,TANGER,Carte,LIV10,
CMD25812,CL0330,P044,2023-08-11,3,3717.55,OK,kech,Carte,LIV1,
CMD20787,CL0256,P083,11/07/2023,3,796.99,KO,TNG,Carte,,
CMD25961,CL0099,P007,Feb 13 2023,3,1143.11,livré,CASABLANCA,Carte,LIV7,2023-02-18
CMD35940,CL0729,P040,25/03/2023,5,2597.5,OK,Tnja,Carte,LIV1,
CMD03527,CL0411,P080,Mar 22 2024,2,4164.07,KO,Tnja,Carte,LIV6,
CMD19465,CL0601,P089,18/08/2023,5,1384.3,livré,TNG,Carte,LIV6,2023-08-22
CMD12323,CL0036,P022,27/12/2023,5,0,retourné,Tnja,Carte,,2024-01-01
CMD34938,CL0223,P100,Sep 21 2023,5,2647.23,retourné,marrakech,Carte,LIV2,2023-09-22
CMD34612,CL0176,P018,2023-10-29,4,4600.69,OK,tanger,Carte,LIV6,
CMD20499,CL0591,P037,Oct 20 2023,4,2942.3,livré,casa,Carte,,2023-10-24
CMD26021,CL0288,P021,Oct 13 2023,3,680.2,OK,CASABLANCA,Carte,LIV6,
CMD04576,CL0450,P076,2024-03-12,4,2684.59,livré,casa,Carte,LIV5,2024-03-17
CMD25013,CL0557,P092,May 01 2024,1,2349.08,livré,TNG,Carte,LIV8,2024-05-06
CMD27333,CL0121,P006,2023-11-25,5,2981.54,annulé,TANGER,Carte,LIV7,
CMD07934,CL0887,P087,Sep 02 2023,4,1340.49,retourné,kech,Carte,LIV1,2023-09-04
CMD22077,CL0996,P100,2023-10-19,2,1672.87,KO,Tnja,Carte,LIV1,
CMD04687,CL0082,P074,2024-03-23,3,133.0,livre,tanger,Carte,LIV8,
CMD25527,CL0166,P088,Feb 14 2024,1,1209.92,OK,Agadir,Carte,,
CMD45289,CL0421,P091,28/05/2023,2,2743.81,annulé,kech,Carte,LIV4,
CMD25817,CL0905,P019,2024-01-09,1,1021.59,livre,Tnja,Carte,LIV8,
CMD29266,CL0229,P035,Aug 25 2023,3,500.77,KO,Agadir,Carte,LIV3,
CMD39107,CL0701,P093,Aug 18 2023,1,3342.96,DONE,TANGER,Carte,LIV7,2023-08-19
CMD47487,CL0705,P050,31/07/2023,2,4771.71,livre,Agadir,Carte,LIV3,
CMD05600,CL0858,P010,27/03/2023,5,2372.8,retourné,kech,Carte,LIV3,2023-03-28
CMD12017,CL0764,P020,Jul 26 2023,4,1392.69,livré,TANGER,Carte,LIV2,2023-07-29
CMD16965,CL0418,P075,Nov 04 2023,4,2823.36,livré,Agadir,Carte,LIV6,2023-11-06
CMD23108,CL0807,P087,Feb 12 2023,4,1371.52,livré,tanger,Carte,LIV8,2023-02-15
CMD21766,CL0860,P014,Jan 11 2024,4,3830.94,livré,Agadir,Carte,LIV4,2024-01-15
CMD46707,CL0654,P051,16/11/2023,4,2917.36,livré,marrakech,Carte,LIV10,2023-11-19
CMD08068,CL0396,P052,Jun 06 2023,2,4232.53,KO,CASABLANCA,Carte,LIV1,
CMD17222,CL0049,P045,24/07/2023,4,276.26,KO,tanger,Carte,LIV10,
CMD43812,CL0709,P085,30/04/2024,1,4989.03,annulé,marrakech,Carte,LIV3,
CMD30775,CL0013,P035,2024-03-17,3,151.63,livré,kech,Carte,LIV3,2024-03-22
CMD28146,CL0754,P044,2023-12-10,2,643.12,OK,CASABLANCA,Carte,LIV8,
CMD37028,CL0670,P031,Mar 31 2024,3,4038.76,annulé,marrakech,Carte,,
CMD23835,CL0694,P066,2023-12-07,3,0,DONE,CASABLANCA,Carte,LIV3,2023-12-09
CMD43596,CL0223,P005,04/01/2024,5,3153.14,retourné,Tnja,Carte,LIV6,2024-01-08
CMD08143,CL0874,P014,2024-04-12,2,4155.22,livré,kech,Carte,LIV6,2024-04-16
CMD45877,CL0546,P008,2023-09-18,1,1440.81,LIVRE,Tnja,Carte,LIV2,2023-09-20
CMD20245,CL0645,P014,13/09/2023,4,4118.47,livré,TANGER,Carte,,2023-09-18
CMD03733,CL0521,P026,11/08/2023,2,2879.01,annulé,tanger,Carte,LIV3,
CMD33185,CL0673,P001,May 12 2023,5,1039.53,livré,tanger,Carte,LIV8,2023-05-14
CMD19819,CL0740,P032,24/03/2023,4,774.27,livré,CASABLANCA,Carte,LIV7,2023-03-26
CMD37934,CL0214,P065,Sep 24 2023,2,4459.12,retourné,kech,Carte,LIV9,2023-09-29
CMD39833,CL0947,P020,14/01/2023,5,3500.15,livré,marrakech,Carte,LIV4,2023-01-17
CMD43825,CL0402,P032,16/04/2023,1,2541.95,livre,RBA,Carte,LIV9,
CMD43016,CL0910,P081,Mar 28 2024,2,475.18,KO,kech,Carte,LIV4,
CMD41185,CL0585,P064,2023-09-18,5,3112.79,livre,casa,Carte,LIV6,
CMD31249,CL0715,P018,Jul 12 2023,5,3168.94,livré,TANGER,Carte,LIV5,2023-07-13
CMD19228,CL0469,P080,Jan 10 2024,3,2584.11,OK,Tnja,Carte,LIV2,
CMD01777,CL0035,P081,2023-04-26,5,2683.4,livre,casa,Carte,LIV8,
CMD05300,CL0198,P007,13/02/2024,2,4643.63,retourné,marrakech,Carte,LIV5,2024-02-14
CMD17679,CL0456,P060,2023-01-01,5,3596.56,OK,casa,Carte,LIV4,
CMD19442,CL0804,P038,May 02 2023,4,238.24,retourné,tanger,Carte,LIV2,2023-05-05
CMD19159,CL0903,P018,24/05/2023,3,1537.74,livre,Agadir,Carte,LIV8,
CMD30692,CL0021,P085,30/06/2023,1,4328.27,annulé,TNG,Carte,LIV3,
CMD19531,CL0573,P029,22/09/2023,2,1333.51,DONE,casa,Carte,LIV3,2023-09-25
CMD11823,CL0022,P081,2023-05-12,2,2426.74,retourné,Agadir,Carte,LIV4,2023-05-14
CMD03294,CL0422,P074,2024-03-18,1,1945.16,OK,TANGER,Carte,LIV8,
CMD17288,CL0024,P040,13/01/2024,5,145.31,OK,casa,Carte,LIV8,
CMD13940,CL0287,P007,Jan 02 2023,3,4307.22,retourné,tanger,Carte,,2023-01-06
CMD34405,CL0672,P015,May 01 2023,3,264.14,en_cours,Tnja,Carte,LIV6,
CMD07886,CL0416,P008,09/03/2024,3,4427.06,livré,TANGER,Carte,LIV9,2024-03-12
CMD39724,CL0540,P087,2023-04-07,4,701.03,livré,marrakech,Carte,,2023-04-09
CMD07549,CL0221,P098,May 29 2023,3,4516.04,OK,TANGER,Carte,,
CMD46904,CL0970,P032,14/02/2023,5,726.43,LIVRE,kech,Carte,LIV4,2023-02-15
CMD46032,CL0730,P036,Jan 27 2023,5,0,LIVRE,CASABLANCA,Carte,LIV3,2023-01-29
CMD20305,CL0634,P010,Feb 22 2024,4,2849.54,annulé,casa,Carte,LIV4,
CMD00070,CL0949,P066,Jan 05 2024,4,875.94,retourné,TANGER,Carte,LIV9,2024-01-06
CMD31555,CL0229,P040,2024-05-07,2,1812.85,DONE,marrakech,Carte,LIV6,2024-05-08
CMD46240,CL0196,P081,2023-05-28,4,677.92,OK,RBA,Carte,LIV2,
CMD31091,CL0497,P059,Oct 27 2023,3,767.69,livré,tanger,Carte,LIV7,2023-10-30
CMD05732,CL0290,P003,Jul 23 2023,4,609.15,LIVRE,casa,Carte,LIV5,2023-07-25
CMD43113,CL0886,P032,28/12/2023,1,2266.0,OK,kech,Carte,LIV5,
CMD44753,CL0819,P001,2023-10-15,3,561.99,DONE,kech,Carte,LIV4,2023-10-17
CMD40440,CL0524,P008,2023-03-10,2,2017.19,livré,CASABLANCA,Carte,LIV10,2023-03-12
CMD02312,CL0041,P029,2023-01-20,3,3550.23,KO,TNG,Carte,LIV2,
CMD35046,CL0908,P015,2024-03-23,4,2861.23,livré,CASABLANCA,Carte,LIV3,2024-03-25
CMD18055,CL0052,P053,14/02/2024,1,447.36,KO,Tnja,Carte,LIV6,
CMD08064,CL0113,P037,23/03/2023,5,2884.4,livré,CASABLANCA,Carte,,2023-03-28
CMD20697,CL0559,P017,2023-09-06,3,2220.63,en_cours,casa,Carte,LIV3,
CMD11865,CL0963,P098,2024-05-08,5,3323.37,livré,kech,Carte,LIV1,2024-05-12
CMD46963,CL0392,P087,Mar 11 2024,5,2489.67,DONE,TANGER,Carte,LIV2,2024-03-13
CMD40363,CL0208,P009,2023-04-11,3,978.31,KO,CASABLANCA,Carte,LIV8,
CMD36494,CL0415,P091,2023-05-05,1,985.7,retourné,tanger,Carte,LIV8,2023-05-07
CMD25635,CL0963,P060,2023-03-17,1,4641.12,retourné,tanger,Carte,,2023-03-22
CMD33409,CL0802,P046,07/03/2024,4,1478.28,livre,kech,Carte,LIV4,
CMD12909,CL0508,P014,17/02/2024,3,2359.26,annulé,tanger,Carte,LIV3,
CMD16696,CL0889,P083,Nov 28 2023,1,1617.3,OK,kech,Carte,,
CMD31231,CL0664,P023,17/07/2023,5,2603.11,annulé,TNG,Carte,LIV9,
CMD20959,CL0336,P093,12/03/2023,2,3812.95,retourné,casa,Carte,LIV6,2023-03-16
CMD10860,CL0738,P069,20/04/2024,1,4588.83,livré,marrakech,Carte,LIV5,2024-04-21
CMD19780,CL0548,P062,Feb 28 2024,4,3809.07,DONE,tanger,Carte,LIV3,2024-03-03
CMD38792,CL0214,P080,2023-07-23,5,4139.04,KO,kech,Carte,LIV4,
CMD05939,CL0064,P044,Feb 08 2024,3,2744.13,livré,Agadir,Carte,,2024-02-09
CMD32559,CL0387,P010,2024-01-15,4,2216.71,livré,CASABLANCA,Carte,LIV5,2024-01-17
CMD04436,CL0700,P068,May 16 2023,3,846.6,LIVRE,tanger,Carte,LIV6,2023-05-17
CMD47938,CL0099,P055,2023-02-17,4,3681.87,KO,Agadir,Carte,LIV9,
CMD35043,CL0875,P072,10/11/2023,2,973.78,en_cours,casa,Carte,LIV1,
CMD40361,CL0562,P054,May 13 2023,4,4807.77,DONE,CASABLANCA,Carte,LIV10,2023-05-15
CMD01859,CL0887,P026,Apr 18 2023,4,4839.16,en_cours,kech,Carte,LIV3,
CMD15718,CL0762,P056,2023-04-07,4,1291.2,livré,tanger,Carte,LIV7,2023-04-11
CMD46013,CL0783,P039,02/03/2023,1,3987.65,annulé,CASABLANCA,Carte,LIV8,
CMD30954,CL0406,P027,24/01/2024,1,198.82,retourné,Agadir,Carte,LIV3,2024-01-26
CMD21014,CL0016,P045,2023-03-12,3,94.18,OK,kech,Carte,LIV2,
CMD01062,CL0742,P076,10/05/2024,5,3348.12,en_cours,TNG,Carte,LIV8,
CMD32475,CL0436,P044,29/06/2023,4,4543.86,retourné,Tnja,Carte,LIV10,2023-07-04
CMD03997,CL0894,P048,Oct 12 2023,5,1704.11,DONE,tanger,Carte,LIV8,2023-10-14
CMD14798,CL0416,P067,2023-12-14,1,4093.59,annulé,TANGER,Carte,LIV10,
CMD40053,CL0994,P004,Nov 09 2023,1,3884.97,DONE,TNG,Carte,LIV5,2023-11-14
CMD33092,CL0298,P073,02/01/2024,5,3682.66,livre,Agadir,Carte,LIV7,
CMD17711,CL0376,P043,09/07/2023,5,2014.46,livré,CASABLANCA,Carte,LIV10,2023-07-14
CMD33763,CL0501,P096,02/03/2023,5,2910.32,livré,RBA,Carte,LIV9,2023-03-04
CMD48077,CL0227,P068,Jul 19 2023,1,3187.05,livré,kech,Carte,LIV2,2023-07-21
CMD39547,CL0080,P038,Aug 06 2023,1,3352.16,KO,casa,Carte,LIV6,
CMD08201,CL0750,P074,21/07/2023,1,918.85,livré,RBA,Carte,LIV9,2023-07-24
CMD44094,CL0388,P007,2023-09-21,1,4750.46,livré,marrakech,Carte,LIV4,2023-09-26
CMD40168,CL0479,P039,30/12/2023,1,245.99,OK,RBA,Carte,LIV8,
CMD02496,CL0198,P033,Sep 19 2023,1,2220.83,livré,marrakech,Carte,LIV7,2023-09-21
CMD24277,CL0180,P059,28/02/2023,2,1957.77,livré,RBA,Carte,LIV3,2023-03-01
CMD18590,CL0609,P072,2023-06-09,5,1210.76,KO,marrakech,Carte,LIV7,
CMD38368,CL0007,P080,2023-06-08,3,886.77,livre,CASABLANCA,Carte,LIV8,
CMD28652,CL0168,P095,Aug 07 2023,2,0,en_cours,Agadir,Carte,LIV9,
CMD25977,CL0289,P072,11/11/2023,3,3051.99,LIVRE,RBA,Carte,LIV9,2023-11-12
CMD17336,CL0238,P088,Aug 12 2023,5,4371.37,livre,RBA,Carte,LIV9,
CMD00401,CL0902,P021,Mar 05 2024,4,2234.67,KO,TANGER,Carte,LIV2,
CMD42671,CL0214,P081,Apr 04 2023,2,291.73,livre,CASABLANCA,Carte,LIV6,
CMD11101,CL0239,P052,2023-09-21,1,3721.35,LIVRE,CASABLANCA,Carte,LIV1,2023-09-24
CMD19857,CL0926,P068,Feb 11 2024,4,1459.21,LIVRE,Agadir,Carte,LIV6,2024-02-12
CMD39006,CL0598,P064,2023-05-30,5,1601.75,retourné,casa,Carte,LIV2,2023-06-02
CMD24205,CL0173,P028,01/02/2024,3,4849.54,annulé,marrakech,Carte,LIV7,
CMD45571,CL0800,P081,2023-05-11,5,2124.84,DONE,Agadir,Carte,LIV7,2023-05-12
CMD15814,CL0450,P096,04/01/2024,3,1757.66,retourné,Tnja,Carte,LIV3,2024-01-08
CMD23153,CL0304,P064,2023-09-28,1,3384.22,annulé,kech,Carte,LIV6,
CMD21896,CL0724,P028,09/02/2024,4,2031.79,livré,tanger,Carte,LIV2,2024-02-13
CMD05803,CL0302,P031,Oct 13 2023,4,163.02,LIVRE,RBA,Carte,LIV5,2023-10-18
CMD01583,CL0692,P007,29/05/2023,3,606.4,en_cours,Tnja,Carte,LIV8,
CMD33734,CL0366,P017,Aug 10 2023,1,3752.98,annulé,marrakech,Carte,LIV6,
CMD17516,CL0375,P097,2024-01-24,4,1194.15,OK,TNG,Carte,LIV7,
CMD22588,CL0137,P080,Jan 05 2023,3,680.22,LIVRE,kech,Carte,LIV9,2023-01-10
CMD35953,CL0928,P058,24/09/2023,2,4132.95,annulé,marrakech,Carte,LIV1,
CMD17254,CL0015,P043,Apr 15 2023,5,3470.93,livré,marrakech,Carte,,2023-04-17
CMD41047,CL0789,P033,Jan 07 2023,3,4479.22,OK,TNG,Carte,LIV3,
CMD35421,CL0197,P015,2023-07-31,4,3395.09,OK,Tnja,Carte,LIV6,
CMD46133,CL0442,P100,Jul 23 2023,4,4962.91,KO,marrakech,Carte,LIV2,
CMD36526,CL0588,P071,2023-08-17,3,1542.99,annulé,casa,Carte,LIV2,
CMD11858,CL0416,P093,17/10/2023,3,4133.08,en_cours,marrakech,Carte,LIV10,
CMD27900,CL0798,P070,23/10/2023,5,3494.78,OK,kech,Carte,LIV10,
CMD10887,CL0987,P091,29/01/2024,3,4422.05,LIVRE,CASABLANCA,Carte,LIV10,2024-02-01
CMD14778,CL0573,P013,10/10/2023,3,1940.71,livré,TANGER,Carte,LIV5,2023-10-15
CMD47499,CL0354,P062,May 04 2024,5,1031.87,KO,tanger,Carte,,
CMD48091,CL0913,P026,2024-03-29,1,2249.19,livré,marrakech,Carte,LIV1,2024-04-01
CMD24607,CL0027,P025,06/09/2023,1,2378.7,KO,CASABLANCA,Carte,LIV8,
CMD28856,CL0877,P048,2023-04-19,1,457.74,OK,tanger,Carte,LIV1,
CMD04341,CL0772,P017,10/01/2023,3,2488.48,livré,casa,Carte,LIV2,2023-01-14
CMD09724,CL0852,P023,22/01/2023,1,4545.89,livre,tanger,Carte,LIV8,
CMD09509,CL0142,P012,05/09/2023,1,4058.19,KO,CASABLANCA,Carte,LIV4,
CMD37632,CL0830,P071,2024-04-07,2,4808.09,livré,TANGER,Carte,LIV10,2024-04-12
CMD32811,CL0270,P072,Oct 06 2023,3,3920.07,KO,tanger,Carte,LIV2,
CMD14621,CL0729,P077,May 07 2024,4,1130.44,LIVRE,marrakech,Carte,LIV8,2024-05-08
CMD46356,CL0287,P060,2023-07-10,5,2561.84,livré,tanger,Carte,LIV3,2023-07-11
CMD24868,CL0008,P068,2024-05-14,1,2945.04,retourné,CASABLANCA,Carte,,2024-05-19
CMD23017,CL0712,P048,2023-10-01,4,2749.87,OK,Agadir,Carte,LIV6,
CMD15781,CL0701,P037,2024-04-29,5,2464.26,livré,casa,Carte,LIV4,2024-05-04
CMD38515,CL0800,P013,Jun 24 2023,5,3421.02,livré,CASABLANCA,Carte,LIV5,2023-06-26
CMD25613,CL0915,P095,Oct 16 2023,1,1471.59,KO,kech,Carte,LIV1,
CMD05742,CL0627,P099,13/05/2024,1,2108.06,livre,marrakech,Carte,LIV10,
CMD46376,CL0017,P043,2023-08-17,5,1393.93,livré,TANGER,Carte,LIV9,2023-08-20
CMD01027,CL0671,P094,Dec 25 2023,5,233.05,LIVRE,casa,Carte,LIV5,2023-12-30
CMD41248,CL0986,P016,Aug 14 2023,3,4295.14,DONE,Tnja,Carte,LIV7,2023-08-16
CMD27416,CL0695,P046,Jan 31 2023,1,1447.31,livré,casa,Carte,LIV5,2023-02-04
CMD05715,CL0385,P033,16/01/2023,1,420.95,livré,marrakech,Carte,,2023-01-21
CMD01868,CL0312,P017,May 13 2024,1,4655.65,KO,TNG,Carte,LIV10,
CMD00348,CL0157,P050,17/04/2024,1,1018.36,livré,Tnja,Carte,LIV9,2024-04-21
CMD26415,CL0692,P007,2023-11-27,4,3862.21,OK,tanger,Carte,LIV8,
CMD37676,CL0336,P049,Nov 09 2023,2,899.69,en_cours,marrakech,Carte,LIV6,
CMD41744,CL0314,P022,2023-11-09,3,2576.35,livré,casa,Carte,LIV10,2023-11-12
CMD20646,CL0619,P057,Mar 07 2024,5,2105.86,DONE,kech,Carte,,2024-03-10
CMD38199,CL0580,P090,29/10/2023,1,4759.91,KO,CASABLANCA,Carte,LIV6,
CMD39826,CL0970,P035,2023-04-13,5,3740.4,livré,tanger,Carte,LIV7,2023-04-16
CMD16743,CL0592,P045,15/06/2023,3,710.75,retourné,kech,Carte,LIV3,2023-06-18
CMD47782,CL0379,P062,Jul 24 2023,5,416.73,livré,tanger,Carte,LIV2,2023-07-28
CMD15854,CL0211,P092,Aug 01 2023,3,872.67,livré,RBA,Carte,LIV9,2023-08-06
CMD25255,CL0585,P015,Dec 11 2023,3,3674.08,livré,kech,Carte,LIV1,2023-12-14
CMD04516,CL0189,P048,21/04/2023,1,145.83,annulé,Tnja,Carte,LIV8,
CMD24693,CL0202,P065,Aug 06 2023,3,2169.81,livré,Tnja,Carte,LIV4,2023-08-11
CMD46838,CL0284,P053,28/01/2023,1,1143.26,en_cours,marrakech,Carte,LIV1,
CMD01779,CL0718,P042,Jun 30 2023,4,4070.44,OK,CASABLANCA,Carte,LIV9,
CMD33031,CL0989,P049,2024-03-16,3,3019.78,livré,kech,Carte,LIV2,2024-03-20
CMD02655,CL0876,P058,2024-03-01,1,905.88,livre,casa,Carte,LIV1,
CMD23605,CL0554,P023,10/09/2023,5,2627.25,DONE,kech,Carte,LIV2,2023-09-13
CMD06303,CL0636,P050,23/08/2023,1,945.28,OK,kech,Carte,LIV7,
CMD41008,CL0560,P024,09/06/2023,-1,1881.29,livré,CASABLANCA,Carte,LIV10,2023-06-11
CMD08703,CL0425,P055,15/03/2023,2,3913.33,retourné,TNG,Carte,LIV3,2023-03-19
CMD29637,CL0893,P057,2023-03-03,1,2268.62,annulé,marrakech,Carte,LIV1,
CMD19347,CL0427,P010,2023-02-20,4,3373.79,en_cours,kech,Carte,,
CMD41657,CL0735,P066,19/05/2023,2,4707.55,livre,marrakech,Carte,LIV9,
CMD29857,CL0761,P009,10/09/2023,3,3803.02,livré,tanger,Carte,LIV1,2023-09-13
CMD28271,CL0141,P028,Dec 11 2023,1,1420.7,KO,Tnja,Carte,LIV9,
CMD39497,CL0986,P062,2023-05-14,5,1203.0,DONE,RBA,Carte,LIV2,2023-05-17
CMD15868,CL0001,P014,2024-03-27,5,2244.67,livré,TANGER,Carte,LIV4,2024-03-29
CMD22550,CL0823,P049,Dec 17 2023,5,3068.19,en_cours,TNG,Carte,LIV3,
CMD22955,CL0508,P047,2023-03-30,1,3077.96,KO,casa,Carte,LIV7,
CMD40550,CL0938,P097,27/03/2024,4,1331.52,livré,CASABLANCA,Carte,LIV3,2024-03-30
CMD10284,CL0339,P095,22/03/2024,5,3440.45,en_cours,casa,Carte,LIV4,
CMD09298,CL0280,P086,Nov 24 2023,2,4843.89,en_cours,marrakech,Carte,LIV6,
CMD42048,CL0597,P009,2023-03-29,4,676.96,en_cours,marrakech,Carte,LIV3,
CMD38847,CL0732,P037,02/01/2023,4,4912.59,en_cours,Agadir,Carte,LIV5,
CMD15587,CL0858,P008,2023-01-12,5,2193.33,OK,kech,Carte,LIV9,
CMD01255,CL0898,P089,2023-01-23,4,1930.55,KO,CASABLANCA,Carte,LIV9,
CMD46577,CL0905,P046,27/04/2023,3,1733.39,OK,casa,Carte,LIV9,
CMD23873,CL0669,P095,09/04/2023,4,1972.08,retourné,marrakech,Carte,LIV4,2023-04-11
CMD44037,CL0959,P023,2023-09-06,4,3055.54,livré,marrakech,Carte,LIV2,2023-09-11
CMD03180,CL0674,P074,2024-02-14,1,511.92,DONE,TNG,Carte,LIV4,2024-02-19
CMD05879,CL0156,P087,Jan 25 2023,1,384.13,LIVRE,tanger,Carte,LIV1,2023-01-28
CMD28873,CL0360,P088,Nov 21 2023,1,4168.64,OK,CASABLANCA,Carte,,
CMD15360,CL0263,P022,Mar 29 2023,2,3231.76,livré,TANGER,Carte,LIV10,2023-04-03
CMD11235,CL0730,P036,06/04/2024,1,3972.57,livré,tanger,Carte,LIV10,2024-04-08
CMD29959,CL0657,P096,20/04/2024,5,268.26,OK,casa,Carte,LIV7,
CMD30378,CL0531,P009,26/11/2023,3,1813.88,LIVRE,CASABLANCA,Carte,LIV7,2023-11-28
CMD44617,CL0629,P044,Jul 30 2023,2,1441.17,OK,CASABLANCA,Carte,LIV9,
CMD29942,CL0030,P047,2024-04-30,1,833.32,retourné,RBA,Carte,LIV4,2024-05-02
CMD08935,CL0619,P069,Oct 15 2023,2,2695.92,annulé,CASABLANCA,Carte,LIV4,
CMD45781,CL0341,P052,Jan 10 2023,1,1083.33,livré,casa,Carte,LIV5,2023-01-15
CMD23089,CL0130,P052,22/02/2024,1,1941.08,retourné,TANGER,Carte,LIV10,2024-02-27
CMD36480,CL0391,P039,31/03/2023,1,764.41,KO,kech,Carte,LIV6,
CMD14485,CL0825,P083,Aug 02 2023,5,1487.01,OK,Agadir,Carte,LIV3,
CMD21080,CL0170,P089,Apr 25 2024,5,2365.07,en_cours,TNG,Carte,LIV8,
CMD11035,CL0863,P072,Apr 04 2024,4,4704.07,KO,RBA,Carte,LIV8,
CMD12786,CL0154,P096,Aug 18 2023,4,610.43,en_cours,Agadir,Carte,LIV4,
CMD26945,CL0362,P013,2024-02-09,3,3868.26,DONE,TANGER,Carte,LIV10,2024-02-12
CMD11119,CL0181,P055,2023-01-27,2,236.8,OK,CASABLANCA,Carte,LIV10,
CMD21385,CL0763,P094,2024-03-28,5,3545.23,en_cours,RBA,Carte,LIV1,
CMD27684,CL0846,P010,2023-12-29,5,967.46,KO,Agadir,Carte,LIV6,
CMD25526,CL0686,P070,Apr 11 2023,5,4872.66,retourné,kech,Carte,LIV7,2023-04-14
CMD30736,CL0740,P079,Aug 01 2023,3,4267.74,livré,kech,Carte,LIV9,2023-08-04
CMD08606,CL0544,P060,2023-02-17,3,2824.49,LIVRE,kech,Carte,LIV5,2023-02-20
CMD25416,CL0076,P034,2024-03-13,3,4227.79,retourné,Tnja,Carte,LIV6,2024-03-18
CMD19489,CL0283,P034,Mar 23 2024,4,1192.37,annulé,RBA,Carte,,
CMD19380,CL0965,P013,22/01/2024,4,0,retourné,RBA,Carte,LIV10,2024-01-26
CMD48432,CL0734,P086,Feb 04 2023,2,1852.76,en_cours,kech,Carte,LIV1,
CMD01232,CL0649,P028,Jun 15 2023,1,2007.85,LIVRE,casa,Carte,LIV1,2023-06-17
CMD42490,CL0694,P066,2023-04-08,1,4476.88,KO,marrakech,Carte,LIV3,
CMD15875,CL0556,P014,02/05/2023,5,3662.28,annulé,CASABLANCA,Carte,LIV7,
CMD17115,CL0048,P057,02/03/2024,1,648.01,OK,RBA,Carte,LIV1,
CMD07238,CL0711,P040,2023-06-26,2,4294.81,LIVRE,Tnja,Carte,LIV3,2023-07-01
CMD03075,CL0906,P067,30/04/2024,1,235.75,livré,TNG,Carte,LIV6,2024-05-03
CMD32344,CL0438,P002,Jul 06 2023,1,2235.94,LIVRE,RBA,Carte,LIV10,2023-07-08
CMD00855,CL0211,P003,Sep 16 2023,1,2719.72,livre,kech,Carte,LIV6,
CMD11888,CL0929,P039,2023-11-25,1,2054.36,livré,marrakech,Carte,LIV5,2023-11-29
CMD44187,CL0550,P027,Apr 13 2024,4,3782.42,LIVRE,TANGER,Carte,LIV4,2024-04-15
CMD05355,CL0851,P085,2024-03-12,5,4519.58,en_cours,TNG,Carte,LIV8,
CMD00940,CL0399,P088,2024-04-29,1,4098.64,en_cours,marrakech,Carte,LIV9,
CMD41899,CL0274,P043,Feb 22 2023,1,988.65,DONE,TNG,Carte,LIV9,2023-02-26
CMD42380,CL0102,P077,Dec 19 2023,5,2281.45,annulé,RBA,Carte,LIV7,
CMD06089,CL0432,P067,21/06/2023,1,3191.96,DONE,CASABLANCA,Carte,LIV8,2023-06-25
CMD29958,CL0053,P065,14/06/2023,3,909.98,LIVRE,Tnja,Carte,LIV4,2023-06-19
CMD16259,CL0648,P040,06/03/2024,4,2542.53,retourné,CASABLANCA,Carte,LIV5,2024-03-09
CMD38021,CL0905,P001,09/02/2024,3,3277.63,DONE,casa,Carte,LIV10,2024-02-10
CMD13824,CL0754,P079,06/01/2024,4,566.14,livré,CASABLANCA,Carte,LIV1,2024-01-07
CMD42887,CL0427,P085,2024-05-14,2,4515.37,DONE,Tnja,Carte,LIV5,2024-05-18
CMD06161,CL0841,P060,Jan 31 2023,5,4951.22,KO,CASABLANCA,Carte,LIV7,
CMD04594,CL0332,P045,2023-11-26,4,3150.38,livre,TANGER,Carte,LIV5,
CMD23127,CL0719,P076,18/03/2023,2,681.84,annulé,TANGER,Carte,LIV5,
CMD03242,CL0255,P062,2023-04-04,2,4258.57,KO,RBA,Carte,LIV7,
CMD00731,CL0265,P097,2023-08-25,3,1099.62,annulé,casa,Carte,,
CMD28726,CL0465,P048,2023-09-24,2,1537.66,OK,kech,Carte,LIV7,
CMD45447,CL0896,P006,2023-08-06,4,4861.69,livré,marrakech,Carte,LIV2,2023-08-11
CMD14454,CL0558,P040,29/12/2023,4,4084.22,annulé,casa,Carte,LIV6,
CMD23389,CL0611,P062,13/02/2024,3,123.4,livré,TNG,Carte,LIV9,2024-02-17
CMD19702,CL0707,P039,17/08/2023,3,1251.13,LIVRE,Tnja,Carte,LIV10,2023-08-21
CMD12683,CL0231,P068,Jul 03 2023,4,657.73,retourné,TANGER,Carte,LIV9,2023-07-04
CMD40282,CL0137,P025,Jul 16 2023,3,2602.8,en_cours,marrakech,Carte,LIV1,
CMD04474,CL0402,P039,2023-02-13,3,4343.6,OK,TNG,Carte,LIV7,
CMD38900,CL0853,P084,04/05/2023,3,3532.8,LIVRE,kech,Carte,LIV2,2023-05-07
CMD39117,CL0682,P058,04/01/2024,2,401.69,livré,kech,Carte,LIV2,2024-01-09
CMD16208,CL0122,P035,02/07/2023,2,4111.03,livré,TNG,Carte,LIV8,2023-07-03
CMD25027,CL0382,P073,May 30 2023,4,2998.51,en_cours,RBA,Carte,LIV9,
CMD10708,CL0651,P100,2023-05-19,1,4057.84,DONE,casa,Carte,,2023-05-21
CMD12007,CL0872,P076,Jul 06 2023,-1,1084.38,OK,Tnja,Carte,LIV5,
CMD28507,CL0310,P006,2023-06-26,2,3279.4,retourné,Agadir,Carte,LIV6,2023-06-29
CMD00379,CL0759,P066,22/12/2023,5,1890.76,annulé,TNG,Carte,LIV2,
CMD31645,CL0298,P038,09/03/2024,2,3074.33,livré,CASABLANCA,Carte,LIV7,2024-03-14
CMD28792,CL0854,P015,Mar 16 2024,4,2447.49,livré,tanger,Carte,LIV5,2024-03-17
CMD19507,CL0147,P050,Mar 20 2024,3,2227.95,annulé,casa,Carte,LIV1,
CMD37849,CL0790,P074,2024-03-16,4,2460.72,livré,casa,Carte,LIV7,2024-03-19
CMD21924,CL0503,P022,Feb 13 2024,2,71.1,retourné,Agadir,Carte,LIV5,2024-02-14
CMD28096,CL0161,P023,Jan 30 2023,5,591.83,DONE,tanger,Carte,LIV8,2023-02-04
CMD15783,CL0986,P081,2024-03-19,2,3634.41,annulé,marrakech,Carte,LIV8,
CMD15254,CL0651,P088,03/03/2023,3,4048.24,annulé,TANGER,Carte,LIV7,
CMD38654,CL0230,P075,12/12/2023,1,923.63,KO,TNG,Carte,LIV2,
CMD29761,CL0198,P095,2023-06-14,5,3239.07,KO,marrakech,Carte,LIV2,
CMD19320,CL0723,P002,Apr 07 2023,2,654.21,LIVRE,tanger,Carte,LIV9,2023-04-08
CMD28284,CL0208,P072,2023-08-08,4,4845.4,en_cours,CASABLANCA,Carte,LIV3,
CMD19559,CL0765,P064,May 10 2024,3,3668.16,annulé,RBA,Carte,LIV8,
CMD04579,CL0066,P070,Jul 19 2023,3,4267.68,livre,CASABLANCA,Carte,LIV8,
CMD47109,CL0336,P033,06/10/2023,1,4360.81,retourné,TNG,Carte,LIV7,2023-10-11
CMD24676,CL0507,P014,2023-07-15,4,1557.85,KO,TNG,Carte,,
CMD40783,CL0020,P003,Nov 06 2023,2,3401.4,retourné,TNG,Carte,LIV7,2023-11-07
CMD25362,CL0895,P013,27/06/2023,5,0,KO,TNG,Carte,LIV3,
CMD36052,CL0109,P071,2023-08-11,1,1075.45,livré,Tnja,Carte,LIV1,2023-08-15
CMD19681,CL0938,P011,Aug 27 2023,1,4614.63,LIVRE,marrakech,Carte,LIV8,2023-08-28
CMD05260,CL0405,P077,13/04/2023,1,455.73,LIVRE,kech,Carte,LIV8,2023-04-16
CMD23736,CL0851,P084,Mar 09 2023,1,1885.15,LIVRE,Agadir,Carte,LIV3,2023-03-14
CMD05230,CL0230,P089,19/10/2023,5,1536.17,livré,marrakech,Carte,LIV7,2023-10-22
CMD28307,CL0574,P038,Jun 07 2023,1,2687.33,annulé,TNG,Carte,LIV5,
CMD28806,CL0033,P086,01/04/2023,3,865.64,KO,TANGER,Carte,LIV7,
CMD19375,CL0675,P037,Jun 12 2023,3,4149.05,livre,Agadir,Carte,LIV6,
CMD08564,CL0012,P100,2023-12-07,2,4901.72,OK,TANGER,Carte,LIV2,
CMD38215,CL0487,P046,Nov 06 2023,1,3445.71,livre,TNG,Carte,LIV2,
CMD21911,CL0694,P004,May 25 2023,3,1528.02,livré,casa,Carte,LIV4,2023-05-26
CMD28758,CL0764,P087,22/10/2023,4,4559.82,DONE,casa,Carte,LIV6,2023-10-24
CMD34602,CL0051,P039,17/06/2023,3,3089.63,retourné,CASABLANCA,Carte,LIV1,2023-06-22
CMD31831,CL0991,P027,2023-08-19,4,4467.2,livré,Tnja,Carte,LIV2,2023-08-21
CMD00593,CL0584,P017,2023-03-18,4,642.88,livré,RBA,Carte,LIV4,2023-03-21
CMD39491,CL0859,P096,17/12/2023,2,806.09,KO,TNG,Carte,LIV1,
CMD13202,CL0151,P055,20/12/2023,1,3269.35,livré,casa,Carte,LIV9,2023-12-21
CMD28999,CL0686,P049,Feb 12 2023,2,4841.07,retourné,TANGER,Carte,LIV4,2023-02-17
CMD28341,CL0690,P035,2023-02-08,4,656.42,DONE,Tnja,Carte,LIV1,2023-02-13
CMD37988,CL0326,P029,Feb 20 2023,1,944.06,DONE,TANGER,Carte,LIV6,2023-02-21
CMD05521,CL0756,P008,Jan 07 2024,1,2784.17,OK,RBA,Carte,,
CMD28573,CL0808,P078,2024-03-09,4,2307.28,LIVRE,marrakech,Carte,LIV10,2024-03-13
CMD14181,CL0074,P027,17/02/2023,2,4979.05,retourné,TANGER,Carte,LIV2,2023-02-18
CMD15292,CL0656,P073,Nov 15 2023,1,1146.06,en_cours,marrakech,Carte,LIV1,
CMD26284,CL0419,P024,2023-05-27,3,652.37,livré,Tnja,Carte,LIV1,2023-05-29
CMD08953,CL0583,P047,Jan 07 2023,4,264.18,KO,tanger,Carte,LIV6,
CMD34888,CL0839,P071,2023-10-11,5,244.37,retourné,marrakech,Carte,LIV5,2023-10-12
CMD04487,CL0764,P012,13/10/2023,5,4581.15,retourné,Tnja,Carte,LIV9,2023-10-15
CMD34368,CL0330,P017,2024-02-01,1,3613.24,annulé,RBA,Carte,LIV9,
CMD26593,CL0469,P099,2023-07-08,2,116.81,livré,Agadir,Carte,LIV4,2023-07-12
CMD22442,CL0665,P019,2023-01-03,1,3268.44,livré,RBA,Carte,LIV9,2023-01-04
CMD44282,CL0621,P008,2023-09-24,5,2782.85,DONE,casa,Carte,LIV10,2023-09-27
CMD07701,CL0947,P099,24/06/2023,1,582.01,livré,TANGER,Carte,LIV1,2023-06-26
CMD05143,CL0749,P026,2023-09-20,3,1360.09,OK,CASABLANCA,Carte,LIV10,
CMD19500,CL0308,P068,2023-06-09,3,453.97,LIVRE,kech,Carte,LIV2,2023-06-13
CMD13690,CL0802,P070,2023-08-19,2,1400.72,annulé,marrakech,Carte,LIV6,
CMD27976,CL0367,P045,2023-09-25,3,3576.38,DONE,Tnja,Carte,LIV3,2023-09-28
CMD38475,CL0777,P090,Feb 23 2024,3,1355.13,livré,marrakech,Carte,LIV8,2024-02-25
CMD15816,CL0054,P084,20/04/2024,5,2673.44,retourné,CASABLANCA,Carte,LIV10,2024-04-25
CMD03533,CL0527,P001,Mar 06 2024,1,3684.8,livré,RBA,Carte,LIV3,2024-03-10
CMD30537,CL0099,P076,Mar 28 2023,3,267.45,livré,marrakech,Carte,LIV7,2023-03-30
CMD46296,CL0361,P007,04/12/2023,3,752.14,livré,RBA,Carte,LIV6,2023-12-07
CMD07760,CL0183,P072,2023-04-02,1,3946.79,livré,Agadir,Carte,LIV3,2023-04-07
CMD05262,CL0817,P068,2023-04-12,4,3179.65,OK,CASABLANCA,Carte,LIV6,
CMD09079,CL0688,P015,27/03/2024,1,129.4,KO,marrakech,Carte,LIV6,
CMD23434,CL0653,P002,2024-01-07,1,1939.34,livre,tanger,Carte,LIV8,
CMD47141,CL0245,P007,Oct 02 2023,1,1211.95,KO,marrakech,Carte,LIV9,
CMD27866,CL0455,P019,29/04/2024,5,4364.36,retourné,marrakech,Carte,,2024-05-02
CMD21372,CL0440,P095,May 05 2023,1,4219.77,KO,marrakech,Carte,LIV8,
CMD24768,CL0719,P047,08/03/2023,5,3741.64,annulé,Agadir,Carte,LIV6,
CMD44580,CL0435,P024,2023-10-31,3,2435.77,LIVRE,casa,Carte,LIV7,2023-11-02
CMD09528,CL0046,P099,Apr 16 2023,1,878.74,livré,CASABLANCA,Carte,LIV1,2023-04-20
CMD48212,CL0752,P098,11/11/2023,2,4394.87,livré,TANGER,Carte,LIV2,2023-11-15
CMD36127,CL0340,P080,Mar 07 2023,2,2145.37,KO,kech,Carte,LIV3,
CMD12618,CL0090,P095,06/04/2023,3,4959.98,OK,marrakech,Carte,LIV5,
CMD40444,CL0233,P100,Jul 28 2023,1,4879.03,KO,CASABLANCA,Carte,LIV2,
CMD38669,CL0846,P067,Jan 14 2023,5,2042.45,livré,Tnja,Carte,LIV4,2023-01-15
CMD25176,CL0888,P020,2023-06-08,1,3657.42,OK,kech,Carte,LIV10,
CMD22569,CL0502,P012,2023-08-16,4,3545.51,KO,tanger,Carte,LIV3,
CMD15198,CL0248,P082,2024-02-13,4,1357.63,KO,casa,Carte,LIV10,
CMD42894,CL0082,P025,21/02/2023,4,4547.24,livré,kech,Carte,LIV4,2023-02-23
CMD08421,CL0674,P004,14/11/2023,3,2011.29,retourné,casa,Carte,LIV3,2023-11-17
CMD14443,CL0010,P042,Jan 20 2023,2,4273.23,retourné,RBA,Carte,LIV5,2023-01-22
CMD13958,CL0741,P032,Mar 29 2024,2,4661.21,DONE,TANGER,Carte,LIV8,2024-03-31
CMD31001,CL0463,P065,23/01/2024,4,3662.4,retourné,CASABLANCA,Carte,LIV9,2024-01-27
CMD14512,CL0047,P013,2023-01-02,4,2491.1,livré,TANGER,Carte,LIV10,2023-01-07
CMD25050,CL0753,P084,12/04/2023,5,0,livre,TANGER,Carte,LIV4,
CMD47999,CL0967,P044,23/08/2023,3,2266.59,livre,marrakech,Carte,LIV5,
CMD47851,CL0201,P011,2023-10-06,2,4101.55,livré,kech,Carte,LIV8,2023-10-07
CMD00319,CL0435,P012,Feb 23 2023,5,2059.88,annulé,Tnja,Carte,LIV7,
CMD38480,CL0214,P023,Nov 06 2023,5,1504.88,livré,Tnja,Carte,LIV10,2023-11-10
CMD14625,CL0813,P050,Feb 20 2023,1,3912.0,OK,CASABLANCA,Carte,LIV7,
CMD24392,CL0527,P066,Apr 11 2023,2,4231.63,livre,casa,Carte,LIV10,
CMD37889,CL0916,P084,Feb 03 2023,4,4358.74,OK,RBA,Carte,LIV8,
CMD26923,CL0451,P075,2023-04-03,-1,497.14,livre,TNG,Carte,LIV1,
CMD18088,CL0471,P004,Jul 29 2023,3,3629.16,DONE,TNG,Carte,LIV4,2023-07-30
CMD41417,CL0750,P064,Mar 13 2023,1,4627.5,livré,kech,Carte,LIV8,2023-03-14
CMD41080,CL0787,P099,20/03/2024,2,489.26,livre,tanger,Carte,LIV5,
CMD40158,CL0143,P076,02/12/2023,4,1802.18,OK,Agadir,Carte,,
CMD38616,CL0287,P058,18/11/2023,1,2414.46,livré,TNG,Carte,LIV6,2023-11-20
CMD14292,CL0459,P036,05/04/2023,2,4530.21,livré,marrakech,Carte,LIV1,2023-04-10
CMD09568,CL0293,P082,03/02/2023,2,3067.64,OK,RBA,Carte,LIV8,
CMD15336,CL0042,P080,2023-10-26,5,3930.16,annulé,kech,Carte,,
CMD19128,CL0966,P052,11/03/2023,2,142.37,livré,marrakech,Carte,LIV6,2023-03-15
CMD47466,CL0727,P076,18/03/2023,2,917.6,en_cours,RBA,Carte,LIV4,
CMD33100,CL0644,P018,Dec 03 2023,5,3275.57,KO,CASABLANCA,Carte,LIV6,
CMD04112,CL0232,P017,Oct 24 2023,3,4352.83,livré,kech,Carte,LIV5,2023-10-25
CMD03893,CL0026,P009,May 08 2023,1,1937.74,retourné,TNG,Carte,LIV2,2023-05-09
CMD30297,CL0762,P069,29/04/2024,1,3493.9,OK,Agadir,Carte,,
CMD11342,CL0212,P014,31/03/2023,3,704.43,livré,Tnja,Carte,LIV6,2023-04-02
CMD18514,CL0759,P057,12/03/2023,4,3135.0,KO,Tnja,Carte,LIV5,
CMD38948,CL0410,P080,Feb 20 2023,4,2055.44,en_cours,tanger,Carte,LIV6,
CMD31709,CL0526,P043,11/01/2023,4,4763.85,KO,RBA,Carte,LIV9,
CMD38247,CL0102,P090,2024-05-14,2,3020.59,OK,marrakech,Carte,LIV4,
CMD42889,CL0949,P098,03/06/2023,3,1820.69,KO,kech,Carte,LIV6,
CMD07015,CL0738,P023,28/01/2024,3,499.87,annulé,Tnja,Carte,LIV7,
CMD04848,CL0221,P035,Jan 03 2023,2,4330.36,livré,CASABLANCA,Carte,LIV7,2023-01-07
CMD17381,CL0894,P063,Apr 20 2023,4,259.27,annulé,Tnja,Carte,LIV5,
CMD40243,CL0878,P075,Jun 05 2023,3,3022.64,OK,marrakech,Carte,LIV6,
CMD21873,CL0832,P001,21/02/2023,5,933.2,OK,casa,Carte,LIV2,
CMD42494,CL0288,P012,2024-03-26,4,2135.93,retourné,RBA,Carte,LIV6,2024-03-29
CMD06651,CL0130,P036,Apr 12 2023,3,3233.0,en_cours,casa,Carte,,
CMD34642,CL0737,P012,Aug 24 2023,3,4551.6,annulé,casa,Carte,LIV2,
CMD39020,CL0741,P001,Jan 11 2024,1,3151.69,livré,kech,Carte,LIV1,2024-01-16
CMD46564,CL0980,P080,2023-02-07,2,3727.99,KO,CASABLANCA,Carte,LIV2,
CMD34882,CL0650,P061,Apr 29 2024,2,2611.94,annulé,tanger,Carte,LIV1,
CMD30684,CL0292,P014,10/03/2023,2,3216.92,en_cours,RBA,Carte,LIV4,
CMD10752,CL0890,P027,Feb 18 2023,3,1086.92,KO,TANGER,Carte,LIV1,
CMD04762,CL0989,P074,17/08/2023,1,911.77,livre,CASABLANCA,Carte,LIV10,
CMD34796,CL0899,P081,Feb 26 2024,4,3517.9,KO,tanger,Carte,LIV9,
CMD11184,CL0759,P074,2023-04-22,2,3870.54,KO,casa,Carte,LIV4,
CMD09293,CL0621,P034,Jul 15 2023,1,4513.4,livré,Agadir,Carte,LIV4,2023-07-17
CMD31345,CL0852,P011,Apr 14 2023,4,4661.92,OK,RBA,Carte,LIV8,
CMD04907,CL0590,P016,17/11/2023,1,3254.98,DONE,tanger,Carte,LIV9,2023-11-22
CMD08873,CL0862,P058,2023-08-28,5,3855.67,livré,marrakech,Carte,LIV7,2023-08-29
CMD42919,CL0926,P034,25/08/2023,1,1659.47,en_cours,tanger,Carte,LIV1,
CMD19466,CL0337,P060,2023-11-03,5,3712.35,livré,RBA,Carte,LIV3,2023-11-07
CMD28848,CL0190,P033,2023-09-14,2,3207.64,LIVRE,Agadir,Carte,LIV9,2023-09-19
CMD44087,CL0910,P098,20/11/2023,5,996.36,retourné,RBA,Carte,LIV5,2023-11-23
CMD19848,CL0709,P019,Feb 23 2024,1,1608.86,livré,CASABLANCA,Carte,LIV3,2024-02-24
CMD32381,CL0030,P078,Feb 14 2024,5,3169.84,en_cours,Agadir,Carte,LIV7,
CMD30841,CL0949,P012,Feb 01 2023,4,2048.79,livré,marrakech,Carte,LIV10,2023-02-03
CMD14214,CL0506,P001,Mar 06 2023,5,163.16,livré,Agadir,Carte,LIV10,2023-03-11
CMD38854,CL0281,P028,25/02/2023,5,3603.98,retourné,tanger,Carte,LIV8,2023-03-01
CMD28482,CL0873,P090,Feb 16 2023,5,1226.82,livré,TANGER,Carte,LIV6,2023-02-17
CMD25385,CL0236,P060,Dec 31 2023,5,4098.76,livré,RBA,Carte,LIV10,2024-01-05
CMD07815,CL0269,P014,2023-04-02,4,0,livré,Tnja,Carte,LIV7,2023-04-04
CMD45948,CL0669,P098,2023-12-30,5,3843.6,retourné,RBA,Carte,LIV4,2024-01-02
CMD38271,CL0324,P051,2023-07-13,1,3378.03,en_cours,casa,Carte,LIV6,
CMD47079,CL0400,P096,Sep 15 2023,4,1047.42,livré,Agadir,Carte,LIV4,2023-09-18
CMD39829,CL0392,P090,Mar 01 2023,5,4871.34,OK,RBA,Carte,LIV4,
CMD19483,CL0019,P064,2023-10-13,4,2694.39,livre,CASABLANCA,Carte,LIV2,
CMD33779,CL0280,P014,2023-11-17,3,4366.57,livré,Agadir,Carte,LIV1,2023-11-21
CMD46424,CL0516,P052,Nov 14 2023,3,3837.19,livré,RBA,Carte,LIV9,2023-11-18
CMD12262,CL0945,P018,Oct 06 2023,1,3975.01,livré,RBA,Carte,LIV8,2023-10-11
CMD10778,CL0130,P088,29/09/2023,5,1616.58,livre,RBA,Carte,LIV8,
CMD07352,CL0833,P027,2023-06-05,4,1181.17,livré,TANGER,Carte,LIV8,2023-06-08
CMD40768,CL0145,P013,04/03/2024,4,2542.27,livré,marrakech,Carte,LIV9,2024-03-05
CMD40084,CL0070,P066,2024-02-08,4,836.47,livre,kech,Carte,LIV10,
CMD06864,CL0236,P100,17/01/2024,4,1816.33,livré,CASABLANCA,Carte,,2024-01-19
CMD41392,CL0141,P083,21/03/2024,3,4540.39,en_cours,kech,Carte,,
CMD43188,CL0093,P019,22/09/2023,1,4583.58,DONE,kech,Carte,LIV3,2023-09-25
CMD08299,CL0701,P072,Sep 14 2023,3,610.28,livré,TNG,Carte,LIV7,2023-09-16
CMD18721,CL0982,P096,12/03/2024,1,4553.87,retourné,tanger,Carte,LIV3,2024-03-14
CMD26265,CL0927,P042,28/08/2023,3,254.33,retourné,Tnja,Carte,LIV1,2023-09-02
CMD36733,CL0939,P095,Feb 06 2024,1,3121.9,OK,casa,Carte,LIV7,
CMD23159,CL0443,P068,2023-11-22,2,2888.78,OK,kech,Carte,LIV3,
CMD46689,CL0872,P049,Aug 04 2023,4,291.49,LIVRE,TNG,Carte,LIV8,2023-08-09
CMD29487,CL0234,P041,2024-05-05,4,3729.62,retourné,Tnja,Carte,LIV9,2024-05-07
CMD00245,CL0788,P042,Feb 13 2023,3,3028.81,LIVRE,marrakech,Carte,LIV5,2023-02-14
CMD41025,CL0432,P051,07/01/2024,5,616.67,retourné,Agadir,Carte,LIV6,2024-01-12
CMD00038,CL0879,P050,17/02/2024,1,0,annulé,Agadir,Carte,LIV6,
CMD22369,CL0224,P021,Oct 10 2023,1,1224.24,retourné,casa,Carte,LIV8,2023-10-14
CMD39062,CL0713,P070,2024-03-02,3,2705.55,livré,casa,Carte,LIV5,2024-03-05
CMD48196,CL0310,P071,Apr 26 2023,1,3767.28,DONE,Agadir,Carte,LIV2,2023-04-30
CMD11125,CL0513,P082,24/07/2023,4,0,retourné,CASABLANCA,Carte,LIV7,2023-07-29
CMD44521,CL0604,P072,Apr 10 2023,2,91.96,DONE,marrakech,Carte,LIV5,2023-04-11
CMD13581,CL0168,P091,2024-05-05,1,1008.51,en_cours,TANGER,Carte,LIV10,
CMD14016,CL0753,P030,2024-03-25,5,2565.67,DONE,casa,Carte,LIV2,2024-03-26
CMD23126,CL0985,P073,Sep 09 2023,4,918.96,livré,tanger,Carte,LIV1,2023-09-13
CMD34100,CL0109,P026,Sep 26 2023,3,3835.59,OK,tanger,Carte,LIV5,
CMD30530,CL0861,P035,Aug 16 2023,4,4737.84,DONE,Agadir,Carte,LIV5,2023-08-17
CMD28405,CL0916,P002,Feb 02 2024,5,2794.84,DONE,tanger,Carte,LIV6,2024-02-05
CMD35275,CL0343,P041,14/04/2024,5,4640.81,KO,TNG,Carte,LIV6,
CMD43450,CL0120,P044,19/03/2024,4,3963.51,annulé,kech,Carte,LIV2,
CMD17388,CL0573,P066,14/10/2023,5,4072.82,livré,tanger,Carte,,2023-10-17
CMD38167,CL0386,P009,Nov 22 2023,1,4963.69,livré,Tnja,Carte,LIV6,2023-11-26
CMD36394,CL0543,P094,2024-02-06,1,3404.46,KO,marrakech,Carte,,
CMD33346,CL0323,P065,Apr 29 2023,2,107.67,DONE,tanger,Carte,LIV2,2023-05-04
CMD45371,CL0337,P093,May 30 2023,1,3425.13,livre,Agadir,Carte,LIV2,
CMD19761,CL0317,P009,26/02/2024,1,1332.48,livré,CASABLANCA,Carte,LIV8,2024-02-28
CMD07793,CL0002,P003,Jun 22 2023,2,4062.79,en_cours,marrakech,Carte,LIV1,
CMD43814,CL0588,P071,23/07/2023,3,2104.31,livré,marrakech,Carte,LIV1,2023-07-25
CMD32102,CL0518,P081,Apr 25 2024,1,4502.65,livré,RBA,Carte,LIV3,2024-04-27
CMD20391,CL0786,P049,2023-02-14,1,2316.86,LIVRE,RBA,Carte,LIV3,2023-02-19
CMD38807,CL0137,P055,Aug 07 2023,-1,3761.08,livré,tanger,Carte,LIV8,2023-08-11
CMD39043,CL0795,P032,Apr 15 2023,5,466.95,en_cours,marrakech,Carte,LIV8,
CMD11313,CL0880,P039,2024-02-27,3,2012.74,annulé,CASABLANCA,Carte,LIV4,
CMD21567,CL0580,P028,10/07/2023,3,940.68,en_cours,TNG,Carte,,
CMD15382,CL0677,P059,16/03/2023,2,1339.46,livre,Agadir,Carte,LIV5,
CMD30227,CL0397,P071,Aug 02 2023,4,4110.91,en_cours,RBA,Carte,LIV6,
CMD26326,CL0550,P067,21/11/2023,5,772.17,LIVRE,TNG,Carte,,2023-11-24
CMD33523,CL0523,P076,01/05/2023,3,3665.54,KO,TNG,Carte,LIV5,
CMD04299,CL0814,P097,Aug 08 2023,1,3731.51,DONE,Agadir,Carte,,2023-08-11
CMD02541,CL0560,P056,01/04/2024,5,3996.76,KO,tanger,Carte,,
CMD11398,CL0991,P056,Feb 14 2023,1,3263.6,KO,TNG,Carte,LIV6,
CMD39366,CL0938,P035,2023-10-25,5,4527.91,livré,Tnja,Carte,LIV8,2023-10-29
CMD20627,CL0088,P089,02/03/2024,1,2732.83,annulé,CASABLANCA,Carte,LIV7,
CMD31081,CL0673,P067,Mar 19 2024,2,2776.89,en_cours,kech,Carte,LIV5,
CMD18962,CL0849,P037,2023-03-24,1,972.4,LIVRE,kech,Carte,LIV10,2023-03-26
CMD42060,CL0130,P084,12/10/2023,1,4004.28,LIVRE,kech,Carte,LIV9,2023-10-16
CMD30416,CL0385,P064,Jan 01 2023,5,1788.22,livré,kech,Carte,LIV1,2023-01-03
CMD45815,CL0142,P027,2023-09-11,2,2963.13,livré,kech,Carte,LIV10,2023-09-15
CMD30302,CL0146,P029,2024-03-21,2,2541.28,livré,TNG,Carte,LIV9,2024-03-26
CMD14076,CL0292,P055,22/09/2023,4,1701.18,livre,Agadir,Carte,LIV9,
CMD27002,CL0505,P027,Sep 17 2023,2,4584.71,livré,CASABLANCA,Carte,LIV8,2023-09-20
CMD45517,CL0823,P049,30/06/2023,1,4303.96,livré,TNG,Carte,LIV8,2023-07-01
CMD08152,CL0379,P079,2023-07-29,1,3316.53,livré,Agadir,Carte,LIV1,2023-07-31
CMD44757,CL0702,P041,2023-11-29,3,4405.11,retourné,kech,Carte,LIV2,2023-12-01
CMD02071,CL0626,P089,May 26 2023,4,2204.86,livré,tanger,Carte,LIV4,2023-05-30
CMD33954,CL0666,P035,21/02/2024,3,2446.13,livré,TNG,Carte,LIV2,2024-02-23
CMD37724,CL0636,P080,Nov 29 2023,5,1357.52,livré,casa,Carte,LIV7,2023-11-30
CMD13510,CL0596,P084,21/01/2024,3,3147.4,annulé,TANGER,Carte,LIV4,
CMD36477,CL0052,P055,Jun 01 2023,2,582.14,OK,TANGER,Carte,LIV10,
CMD32525,CL0953,P033,Sep 23 2023,5,1536.54,OK,CASABLANCA,Carte,LIV7,
CMD06103,CL0893,P053,26/11/2023,5,2975.49,livré,Tnja,Carte,LIV2,2023-11-30
CMD12760,CL0668,P082,2023-03-05,4,1047.27,retourné,TANGER,Carte,LIV9,2023-03-07
CMD20482,CL0881,P010,Apr 28 2023,5,1701.93,DONE,Tnja,Carte,LIV6,2023-05-03
CMD14072,CL0856,P083,Mar 04 2024,4,616.71,retourné,CASABLANCA,Carte,LIV6,2024-03-07
CMD15905,CL0525,P053,09/10/2023,4,377.14,livré,RBA,Carte,LIV5,2023-10-11
CMD23539,CL0932,P048,2024-01-25,5,4315.92,livré,TANGER,Carte,LIV4,2024-01-30
CMD05342,CL0053,P060,05/05/2024,-1,474.52,livré,Tnja,Carte,LIV3,2024-05-08
CMD07724,CL0281,P066,Dec 12 2023,3,174.01,livré,tanger,Carte,LIV9,2023-12-15
CMD48085,CL0676,P029,Jun 25 2023,5,3949.61,livré,kech,Carte,LIV9,2023-06-28
CMD40996,CL0142,P019,2024-04-24,5,2942.39,livre,RBA,Carte,LIV2,
CMD23045,CL0953,P029,Feb 15 2023,1,3482.4,en_cours,TNG,Carte,LIV5,
CMD27634,CL0914,P031,2023-07-28,2,3687.14,KO,marrakech,Carte,,
CMD35190,CL0155,P004,Jan 25 2024,1,3768.12,en_cours,Agadir,Carte,LIV10,
CMD35918,CL0165,P093,2024-03-05,5,290.34,retourné,TNG,Carte,LIV6,2024-03-06
CMD18556,CL0040,P086,Apr 22 2023,3,800.84,annulé,RBA,Carte,LIV2,
CMD02410,CL0767,P049,Jan 17 2024,1,3232.32,livre,kech,Carte,LIV7,
CMD13970,CL0803,P094,Jan 11 2023,2,4431.24,OK,TANGER,Carte,LIV9,
CMD20990,CL0728,P092,2023-07-06,4,2930.59,LIVRE,marrakech,Carte,LIV2,2023-07-08
CMD38070,CL0076,P073,Jul 23 2023,2,1448.19,LIVRE,marrakech,Carte,LIV1,2023-07-26
CMD15272,CL0976,P049,25/12/2023,2,4238.42,OK,tanger,Carte,LIV8,
CMD25477,CL0789,P081,2023-01-13,2,2293.5,KO,TANGER,Carte,LIV4,
CMD03021,CL0364,P001,May 10 2023,1,1234.79,LIVRE,marrakech,Carte,LIV8,2023-05-15
CMD06048,CL0363,P094,03/08/2023,3,3471.88,KO,TANGER,Carte,LIV3,
CMD20074,CL0412,P091,Mar 20 2024,2,79.19,OK,TNG,Carte,LIV10,
CMD20798,CL0373,P086,Mar 10 2024,3,304.81,livré,Tnja,Carte,LIV2,2024-03-11
CMD24114,CL0959,P055,02/04/2023,4,661.53,livré,Agadir,Carte,LIV6,2023-04-04
CMD22006,CL0307,P068,30/09/2023,-1,3539.22,DONE,casa,Carte,LIV8,2023-10-04
CMD02309,CL0356,P063,Mar 11 2023,1,2339.41,livré,kech,Carte,LIV10,2023-03-12
CMD16516,CL0595,P031,12/02/2024,2,1911.97,retourné,RBA,Carte,LIV8,2024-02-16
CMD30840,CL0882,P038,2023-09-03,3,2989.71,DONE,casa,Carte,LIV2,2023-09-07
CMD01799,CL0765,P003,2024-03-13,3,955.76,KO,kech,Carte,LIV8,
CMD27771,CL0706,P051,2024-02-09,5,3259.26,OK,CASABLANCA,Carte,LIV9,
CMD07849,CL0813,P096,2024-02-18,2,4150.82,KO,tanger,Carte,LIV4,
CMD36195,CL0800,P030,Jan 18 2024,3,2341.95,livré,tanger,Carte,LIV10,2024-01-19
CMD28956,CL0730,P023,2023-09-09,4,154.41,LIVRE,marrakech,Carte,LIV3,2023-09-11
CMD21623,CL0550,P083,Mar 04 2024,5,4099.77,livré,CASABLANCA,Carte,LIV8,2024-03-07
CMD44232,CL0672,P090,01/05/2024,5,4728.15,livré,Agadir,Carte,LIV6,2024-05-02
CMD24668,CL0682,P013,Apr 16 2023,4,3901.73,OK,TNG,Carte,LIV3,
CMD37158,CL0359,P008,13/08/2023,2,1129.28,en_cours,marrakech,Carte,LIV2,
CMD16791,CL0748,P022,2023-05-31,3,4320.9,livré,TANGER,Carte,LIV9,2023-06-02
CMD28804,CL0321,P043,Jul 11 2023,4,1629.74,OK,tanger,Carte,LIV2,
CMD27394,CL0596,P067,Jan 31 2024,2,1591.57,livré,marrakech,Carte,LIV1,2024-02-03
CMD10906,CL0292,P069,2023-01-05,2,1045.14,DONE,marrakech,Carte,LIV8,2023-01-06
CMD11803,CL0061,P009,02/10/2023,5,4648.53,annulé,TNG,Carte,LIV7,
CMD25668,CL0526,P088,Oct 10 2023,4,695.34,OK,CASABLANCA,Carte,LIV2,
CMD37594,CL0297,P065,Oct 21 2023,1,2603.67,livré,kech,Carte,LIV7,2023-10-24
CMD03805,CL0141,P046,16/07/2023,1,3848.73,DONE,tanger,Carte,,2023-07-21
CMD41877,CL0047,P013,Oct 14 2023,1,402.11,retourné,TANGER,Carte,,2023-10-18
CMD10726,CL0472,P036,Nov 26 2023,2,3128.52,KO,Agadir,Carte,LIV6,
CMD28019,CL0660,P090,09/04/2024,4,519.75,OK,Tnja,Carte,LIV5,
CMD43310,CL0043,P028,04/02/2024,3,3693.15,livré,marrakech,Carte,LIV10,2024-02-08
CMD00773,CL0988,P064,2023-12-06,1,955.15,livré,CASABLANCA,Carte,LIV6,2023-12-08
CMD02631,CL0061,P060,Mar 16 2023,2,2211.44,livré,TNG,Carte,,2023-03-21
CMD02898,CL0944,P065,Jul 17 2023,4,2683.89,DONE,marrakech,Carte,LIV10,2023-07-21
CMD22994,CL0836,P052,May 15 2024,2,3093.49,livré,Tnja,Carte,LIV3,2024-05-19
CMD37516,CL0658,P068,2023-02-12,3,61.8,retourné,TNG,Carte,LIV3,2023-02-14
CMD05766,CL0246,P068,08/06/2023,4,1460.39,livre,Agadir,Carte,LIV10,
CMD29650,CL0448,P054,2023-10-21,2,1672.63,retourné,Tnja,Carte,LIV5,2023-10-22
CMD34312,CL0993,P022,Feb 16 2023,1,4683.41,livré,Tnja,Carte,LIV8,2023-02-21
CMD18812,CL0429,P080,19/01/2024,2,3532.87,annulé,TANGER,Carte,LIV7,
CMD05872,CL0040,P021,Apr 13 2023,3,2136.52,annulé,RBA,Carte,LIV1,
CMD30195,CL0348,P003,2024-02-29,3,3329.02,retourné,TNG,Carte,LIV3,2024-03-04
CMD01528,CL0619,P092,Apr 16 2024,4,209.07,livré,casa,Carte,LIV3,2024-04-18
CMD27601,CL0139,P010,27/11/2023,3,762.53,livré,TNG,Carte,LIV3,2023-12-01
CMD17780,CL0433,P070,Mar 31 2024,3,2539.1,LIVRE,CASABLANCA,Carte,LIV4,2024-04-05
CMD21985,CL0956,P020,2023-04-23,1,1856.53,OK,TANGER,Carte,LIV7,
CMD13803,CL0142,P017,2023-03-02,3,2294.72,annulé,RBA,Carte,LIV8,
CMD18626,CL0840,P005,2023-01-09,4,1536.06,livre,Agadir,Carte,LIV10,
CMD34800,CL0001,P056,2024-02-06,1,4533.06,retourné,TNG,Carte,,2024-02-09
CMD12893,CL0710,P068,2023-02-18,3,4129.18,annulé,TNG,Carte,LIV9,
CMD15858,CL0576,P099,Oct 26 2023,4,4290.38,livré,RBA,Carte,LIV8,2023-10-28
CMD44786,CL0823,P047,2023-09-18,3,0,LIVRE,Tnja,Carte,LIV8,2023-09-23
CMD45950,CL0527,P090,2023-02-24,4,2832.86,KO,Agadir,Carte,LIV8,
CMD40747,CL0637,P006,Jun 26 2023,1,2725.01,OK,Agadir,Carte,LIV10,
CMD21585,CL0581,P049,27/09/2023,1,1076.02,LIVRE,tanger,Carte,LIV6,2023-10-01
CMD44567,CL0682,P039,Feb 25 2024,1,4280.41,en_cours,TNG,Carte,,
CMD11988,CL0647,P047,14/09/2023,5,4636.37,retourné,tanger,Carte,LIV9,2023-09-19
CMD00446,CL0080,P047,19/03/2023,3,4950.45,livré,Agadir,Carte,LIV9,2023-03-22
CMD37838,CL0896,P017,2024-01-07,5,1227.09,LIVRE,RBA,Carte,LIV8,2024-01-12
CMD45024,CL0793,P034,Feb 10 2024,5,2975.15,livré,TANGER,Carte,LIV1,2024-02-11
CMD37556,CL0939,P061,2023-12-22,1,4166.41,annulé,casa,Carte,LIV7,
CMD02508,CL0653,P044,09/02/2023,2,744.91,DONE,Agadir,Carte,LIV2,2023-02-10
CMD30812,CL0825,P065,2023-06-26,2,3702.99,livré,Tnja,Carte,LIV8,2023-06-30
CMD39013,CL0513,P056,20/07/2023,-1,4816.72,livre,kech,Carte,LIV7,
CMD14096,CL0271,P001,02/06/2023,4,4146.6,livré,CASABLANCA,Carte,LIV4,2023-06-04
CMD06243,CL0135,P008,Jul 15 2023,2,4256.22,KO,Agadir,Carte,LIV8,
CMD13852,CL0746,P073,26/03/2023,4,2087.92,annulé,casa,Carte,,
CMD24241,CL0239,P060,2023-06-26,5,1713.97,retourné,casa,Carte,LIV5,2023-06-27
CMD46367,CL0533,P071,2023-12-26,5,4004.48,livré,Agadir,Carte,LIV4,2023-12-30
CMD23203,CL0188,P094,2023-05-18,4,196.6,livré,Agadir,Carte,LIV5,2023-05-21
CMD29309,CL0672,P059,11/02/2024,1,159.53,livré,kech,Carte,LIV2,2024-02-16
CMD46497,CL0885,P014,2024-01-01,4,3591.2,retourné,TNG,Carte,LIV2,2024-01-06
CMD06724,CL0060,P041,05/02/2024,1,2028.65,livré,Tnja,Carte,LIV9,2024-02-06
CMD01588,CL0022,P024,Jan 29 2024,1,333.15,livré,Tnja,Carte,LIV1,2024-01-31
CMD24556,CL0224,P007,2023-10-26,1,4353.76,en_cours,RBA,Carte,LIV3,
CMD13597,CL0587,P064,23/10/2023,3,0,LIVRE,Tnja,Carte,LIV3,2023-10-27
CMD39557,CL0437,P021,Apr 20 2023,4,415.81,livre,CASABLANCA,Carte,LIV8,
CMD00296,CL0239,P093,Aug 10 2023,3,2183.32,KO,TNG,Carte,LIV10,
CMD00735,CL0136,P072,21/12/2023,5,2977.57,OK,kech,Carte,LIV8,
CMD44446,CL0113,P022,Nov 21 2023,5,4998.48,OK,CASABLANCA,Carte,LIV2,
CMD24115,CL0028,P098,Oct 12 2023,3,520.74,DONE,Agadir,Carte,LIV8,2023-10-14
CMD27973,CL0958,P061,Oct 21 2023,3,298.44,retourné,TNG,Carte,LIV10,2023-10-23
CMD39210,CL0592,P046,09/10/2023,4,1954.64,annulé,TNG,Carte,LIV10,
CMD46293,CL0898,P032,25/07/2023,5,1195.83,KO,RBA,Carte,LIV3,
CMD29902,CL0704,P043,2024-03-27,4,1579.52,annulé,Agadir,Carte,LIV3,
CMD11745,CL0729,P095,17/05/2023,4,3330.2,LIVRE,TANGER,Carte,LIV5,2023-05-21
CMD42747,CL0535,P020,2023-07-13,1,2263.48,KO,TANGER,Carte,,
CMD45654,CL0680,P096,23/02/2024,5,4228.68,livré,tanger,Carte,LIV2,2024-02-25
CMD01078,CL0005,P029,Nov 13 2023,3,124.57,livré,marrakech,Carte,LIV2,2023-11-18
CMD21882,CL0306,P082,2024-02-19,4,175.98,DONE,Agadir,Carte,LIV5,2024-02-22
CMD25268,CL0170,P026,2023-03-14,5,1246.46,en_cours,CASABLANCA,Carte,LIV7,
CMD13725,CL0903,P053,Feb 05 2024,1,1252.44,DONE,CASABLANCA,Carte,LIV2,2024-02-09
CMD22455,CL0843,P087,Apr 13 2023,2,2193.1,KO,marrakech,Carte,LIV6,
CMD20712,CL0351,P005,23/01/2023,5,3926.24,DONE,marrakech,Carte,,2023-01-25
CMD27141,CL0539,P067,2024-03-16,4,3299.4,LIVRE,Agadir,Carte,LIV6,2024-03-21
CMD41015,CL0249,P051,2024-04-21,2,830.23,livré,RBA,Carte,LIV9,2024-04-26
CMD35595,CL0735,P056,2023-10-30,1,4460.48,livré,Agadir,Carte,LIV2,2023-11-02
CMD27015,CL0057,P090,Nov 04 2023,4,2519.79,livré,CASABLANCA,Carte,LIV3,2023-11-09
CMD02322,CL0404,P063,2023-02-21,4,611.63,livré,kech,Carte,LIV6,2023-02-26
CMD47303,CL0023,P022,2023-04-12,4,3219.81,livre,RBA,Carte,LIV5,
CMD32943,CL0342,P050,2023-01-18,1,4106.93,annulé,TANGER,Carte,LIV6,
CMD43211,CL0029,P062,2023-09-01,1,3697.9,KO,tanger,Carte,LIV1,
CMD46913,CL0941,P062,Nov 28 2023,4,3209.52,livré,RBA,Carte,LIV10,2023-12-02
CMD06211,CL0303,P029,Feb 04 2024,5,432.38,OK,CASABLANCA,Carte,LIV8,
CMD42697,CL0779,P001,Apr 14 2024,5,4331.1,livré,CASABLANCA,Carte,LIV2,2024-04-17
CMD10800,CL0896,P074,May 26 2023,4,2985.23,livré,Agadir,Carte,LIV9,2023-05-29
CMD47833,CL0596,P050,20/04/2024,5,2417.64,OK,Agadir,Carte,LIV8,
CMD25800,CL0851,P048,Jul 08 2023,3,3954.47,en_cours,casa,Carte,LIV1,
CMD21382,CL0429,P023,Feb 21 2024,5,3527.89,livré,Tnja,Carte,LIV3,2024-02-23
CMD05968,CL0666,P029,05/05/2024,3,2633.19,DONE,tanger,Carte,,2024-05-08
CMD26978,CL0355,P083,2023-09-30,5,1256.69,livré,marrakech,Carte,LIV7,2023-10-04
CMD31190,CL0481,P085,May 23 2023,2,397.24,KO,CASABLANCA,Carte,LIV3,
CMD42666,CL0666,P064,2024-02-26,5,1634.91,KO,casa,Carte,LIV9,
CMD21974,CL0989,P094,Apr 16 2024,2,629.99,annulé,CASABLANCA,Carte,LIV3,
CMD26069,CL0601,P082,2023-07-07,4,0,annulé,CASABLANCA,Carte,LIV10,
CMD21778,CL0421,P022,Aug 05 2023,5,1031.92,OK,marrakech,Carte,LIV10,
CMD09707,CL0687,P001,2024-05-15,2,1343.93,livre,kech,Carte,LIV7,
CMD36671,CL0215,P100,06/06/2023,5,2082.87,retourné,kech,Carte,LIV10,2023-06-10
CMD48136,CL0451,P026,17/03/2024,4,2955.23,KO,tanger,Carte,LIV3,
CMD14441,CL0059,P044,02/08/2023,2,3538.99,livre,casa,Carte,,
CMD04074,CL0124,P028,20/02/2023,2,420.36,livre,tanger,Carte,LIV10,
CMD46227,CL0165,P011,2023-09-16,4,2102.81,OK,kech,Carte,LIV7,
CMD11094,CL0962,P085,30/01/2024,5,271.16,livré,casa,Carte,LIV1,2024-02-04
CMD21496,CL0844,P060,26/03/2023,4,155.47,livré,TNG,Carte,LIV8,2023-03-27
CMD31377,CL0725,P001,30/09/2023,1,1309.19,livré,Tnja,Carte,LIV9,2023-10-04
CMD29830,CL0776,P100,Jan 23 2023,2,1966.98,retourné,Tnja,Carte,LIV7,2023-01-26
CMD22812,CL0670,P007,26/09/2023,1,874.29,DONE,tanger,Carte,LIV7,2023-09-29
CMD42212,CL0718,P071,Mar 18 2024,4,3492.27,livré,kech,Carte,LIV4,2024-03-23
CMD21940,CL0162,P047,25/12/2023,5,2753.58,livré,kech,Carte,LIV1,2023-12-26
CMD26258,CL0972,P090,30/05/2023,4,1565.65,livre,Tnja,Carte,LIV9,
CMD15581,CL0401,P079,2023-06-10,4,4757.23,livre,Tnja,Carte,LIV8,
CMD18842,CL0926,P045,2023-12-13,3,4000.96,DONE,marrakech,Carte,LIV9,2023-12-15
CMD07785,CL0514,P019,04/10/2023,3,3737.6,livré,Agadir,Carte,LIV6,2023-10-09
CMD44285,CL0839,P035,20/12/2023,4,998.38,retourné,RBA,Carte,LIV6,2023-12-25
CMD10149,CL0553,P061,2024-01-04,2,1132.94,livré,CASABLANCA,Carte,LIV10,2024-01-05
CMD37501,CL0958,P076,Jan 27 2023,3,625.65,OK,marrakech,Carte,,
CMD14939,CL0296,P066,2023-10-17,3,4979.33,livré,kech,Carte,LIV1,2023-10-20
CMD41862,CL0025,P060,2023-05-12,5,3583.73,annulé,marrakech,Carte,,
CMD07751,CL0985,P008,27/04/2023,4,2196.94,livré,TANGER,Carte,LIV5,2023-04-28
CMD07431,CL0643,P042,2023-06-23,1,4306.03,livré,kech,Carte,,2023-06-28
CMD10903,CL0172,P081,Jul 30 2023,3,4979.82,livre,kech,Carte,LIV2,
CMD47184,CL0334,P006,28/05/2023,5,4092.71,livré,casa,Carte,LIV6,2023-05-30
CMD28594,CL0156,P029,Jun 13 2023,1,2798.59,en_cours,TNG,Carte,,
CMD24673,CL0947,P081,Mar 05 2024,4,4677.67,livre,TNG,Carte,LIV8,
CMD29663,CL0532,P089,Mar 02 2024,1,4501.14,en_cours,TANGER,Carte,LIV9,
CMD43089,CL0411,P099,Feb 04 2024,4,2104.93,livré,kech,Carte,LIV5,2024-02-07
CMD16522,CL0113,P058,17/07/2023,1,2638.86,en_cours,CASABLANCA,Carte,LIV7,
CMD04930,CL0380,P090,2024-04-19,2,297.26,livré,marrakech,Carte,LIV6,2024-04-22
CMD35019,CL0523,P100,2023-10-24,2,2089.2,livre,kech,Carte,LIV7,
CMD43190,CL0679,P044,10/05/2024,1,829.22,DONE,TANGER,Carte,LIV7,2024-05-11
CMD09047,CL0342,P008,15/04/2023,3,2955.24,livré,Tnja,Carte,LIV9,2023-04-18
CMD17609,CL0363,P050,06/03/2023,2,2622.32,en_cours,marrakech,Carte,LIV8,
CMD44793,CL0845,P053,2023-11-27,1,3902.43,livré,marrakech,Carte,LIV3,2023-11-29
CMD20430,CL0293,P065,05/04/2024,1,2198.77,livré,TANGER,Carte,LIV8,2024-04-08
CMD37727,CL0866,P015,30/01/2023,3,3447.22,livre,tanger,Carte,LIV4,
CMD40674,CL0036,P061,Jan 23 2023,5,3946.96,KO,TANGER,Carte,LIV4,
CMD38476,CL0161,P038,Apr 17 2023,5,2670.0,livré,TNG,Carte,LIV6,2023-04-21
CMD47706,CL0740,P085,23/12/2023,5,943.65,livré,TNG,Carte,LIV5,2023-12-24
CMD19671,CL0871,P010,10/04/2023,3,3493.69,livré,TANGER,Carte,LIV7,2023-04-12
CMD02540,CL0314,P033,16/09/2023,5,2822.09,livré,TNG,Carte,LIV1,2023-09-17
CMD40740,CL0869,P074,2024-03-24,3,4590.3,en_cours,Agadir,Carte,LIV4,
CMD03612,CL0818,P061,Apr 08 2024,3,2174.0,livré,RBA,Carte,LIV7,2024-04-10
CMD09441,CL0582,P080,21/03/2023,4,1488.5,OK,casa,Carte,LIV2,
CMD45627,CL0065,P005,Apr 05 2023,2,625.44,livré,Tnja,Carte,LIV1,2023-04-07
CMD04804,CL0604,P099,2024-01-21,4,3435.37,DONE,marrakech,Carte,LIV1,2024-01-22
CMD47917,CL0515,P065,Mar 20 2024,4,1967.03,KO,TANGER,Carte,LIV3,
CMD19994,CL0724,P051,Apr 04 2023,3,1397.08,livré,casa,Carte,LIV9,2023-04-07
CMD34568,CL0834,P024,2023-06-23,1,785.4,annulé,kech,Carte,LIV5,
CMD30238,CL0181,P086,Apr 07 2023,1,178.0,KO,RBA,Carte,LIV1,
CMD22930,CL0004,P088,13/10/2023,2,4229.43,livré,TNG,Carte,LIV5,2023-10-18
CMD29747,CL0522,P094,28/04/2024,5,1516.77,OK,Tnja,Carte,LIV2,
CMD41745,CL0617,P083,Jul 02 2023,2,4445.58,livré,CASABLANCA,Carte,LIV6,2023-07-06
CMD22461,CL0439,P014,21/08/2023,4,2768.54,annulé,Agadir,Carte,LIV2,
CMD00251,CL0439,P053,2023-07-18,3,2601.78,DONE,tanger,Carte,LIV5,2023-07-22
CMD04938,CL0124,P069,04/12/2023,2,214.27,en_cours,TNG,Carte,LIV1,
CMD32983,CL0777,P036,12/07/2023,1,3971.67,DONE,casa,Carte,LIV3,2023-07-14
CMD25873,CL0035,P044,24/11/2023,2,2231.53,DONE,Agadir,Carte,LIV2,2023-11-25
CMD42330,CL0686,P056,Feb 07 2024,5,1353.64,annulé,CASABLANCA,Carte,,
CMD38877,CL0935,P048,2023-12-11,2,1386.48,en_cours,TANGER,Carte,LIV2,
CMD21253,CL0732,P074,2023-05-24,2,2308.47,DONE,CASABLANCA,Carte,LIV5,2023-05-27
CMD44638,CL0196,P035,10/12/2023,5,3279.85,livré,tanger,Carte,LIV1,2023-12-12
CMD48042,CL0052,P067,Jan 29 2024,4,3870.3,OK,Agadir,Carte,LIV6,
CMD24119,CL0826,P091,27/01/2024,3,3765.52,KO,Tnja,Carte,LIV7,
CMD16534,CL0488,P029,2023-07-04,4,4734.02,annulé,TNG,Carte,LIV9,
CMD08768,CL0343,P004,Sep 07 2023,1,4385.77,livré,TANGER,Carte,LIV8,2023-09-12
CMD23287,CL0149,P021,06/06/2023,4,4685.4,livré,Tnja,Carte,LIV3,2023-06-11
CMD47512,CL0895,P054,2023-09-14,4,1114.14,en_cours,CASABLANCA,Carte,LIV4,
CMD01394,CL0917,P013,2024-03-11,2,99.17,OK,tanger,Carte,,
CMD33137,CL0072,P013,10/08/2023,1,2728.92,livré,casa,Carte,LIV10,2023-08-15
CMD29028,CL0608,P077,Feb 18 2023,2,2959.95,KO,marrakech,Carte,LIV1,
CMD03855,CL0114,P092,28/02/2024,5,1484.55,annulé,TNG,Carte,LIV4,
CMD24857,CL0440,P069,2023-03-08,2,411.66,en_cours,Agadir,Carte,LIV3,
CMD24528,CL0986,P036,13/08/2023,1,4162.79,livré,tanger,Carte,LIV7,2023-08-16
CMD46952,CL0068,P037,03/05/2024,3,2224.29,KO,tanger,Carte,LIV7,
CMD31578,CL0764,P071,2023-01-09,4,3402.39,livré,CASABLANCA,Carte,LIV10,2023-01-12
CMD25931,CL0804,P022,30/09/2023,4,56.13,en_cours,TANGER,Carte,LIV2,
CMD40276,CL0537,P025,Sep 29 2023,2,3902.11,livré,marrakech,Carte,LIV1,2023-10-02
CMD21681,CL0889,P048,2023-01-01,5,3237.28,livré,kech,Carte,LIV7,2023-01-04
CMD01619,CL0814,P009,04/01/2024,1,1055.98,DONE,casa,Carte,LIV10,2024-01-06
CMD42726,CL0966,P019,2023-10-23,4,1743.58,livré,casa,Carte,LIV10,2023-10-28
CMD10550,CL0517,P016,03/09/2023,1,1903.24,DONE,casa,Carte,LIV5,2023-09-07
CMD10347,CL0552,P084,Mar 06 2024,2,4970.92,annulé,RBA,Carte,LIV4,
CMD40721,CL0526,P041,Apr 30 2023,4,1913.8,DONE,RBA,Carte,LIV5,2023-05-01
CMD12728,CL0817,P009,Feb 28 2024,4,782.74,LIVRE,CASABLANCA,Carte,LIV2,2024-02-29
CMD02303,CL0499,P006,Aug 23 2023,3,3885.25,OK,kech,Carte,LIV1,
CMD05035,CL0555,P018,2023-12-21,4,736.37,livré,CASABLANCA,Carte,LIV5,2023-12-24
CMD23952,CL0154,P069,26/01/2023,5,3154.37,retourné,Tnja,Carte,LIV4,2023-01-28
CMD11246,CL0275,P006,02/01/2023,1,1856.28,livré,Tnja,Carte,,2023-01-06
CMD39875,CL0201,P091,08/02/2023,5,2176.26,LIVRE,RBA,Carte,,2023-02-10
CMD48005,CL0541,P093,2023-10-10,4,4935.52,KO,casa,Carte,LIV6,
CMD17680,CL0745,P049,26/10/2023,2,2160.71,livré,CASABLANCA,Carte,,2023-10-29
CMD07077,CL0046,P048,2023-03-24,3,3599.54,livré,tanger,Carte,LIV2,2023-03-29
CMD46044,CL0668,P077,Oct 10 2023,4,3223.4,KO,TNG,Carte,LIV2,
CMD20771,CL0576,P076,23/03/2023,1,345.73,LIVRE,marrakech,Carte,LIV4,2023-03-24
CMD11546,CL0431,P058,Apr 19 2023,2,537.1,livré,marrakech,Carte,,2023-04-20
CMD15096,CL0047,P048,07/02/2023,3,3423.95,KO,Tnja,Carte,LIV6,
CMD11720,CL0096,P033,26/01/2023,1,3851.99,annulé,Tnja,Carte,LIV7,
CMD05633,CL0558,P091,2023-12-18,4,1307.81,KO,CASABLANCA,Carte,LIV8,
CMD36905,CL0401,P003,2024-01-17,1,3681.95,retourné,CASABLANCA,Carte,LIV6,2024-01-20
CMD26386,CL0023,P020,10/03/2023,3,3524.57,en_cours,TNG,Carte,LIV2,
CMD38715,CL0779,P073,Aug 17 2023,1,3406.99,LIVRE,TANGER,Carte,LIV4,2023-08-19
CMD00151,CL0236,P009,2023-04-12,2,4687.29,LIVRE,TANGER,Carte,LIV3,2023-04-16
CMD17980,CL0735,P034,18/01/2023,2,4097.34,en_cours,casa,Carte,LIV2,
CMD17460,CL0410,P025,2023-04-26,4,1188.92,en_cours,CASABLANCA,Carte,LIV2,
CMD26911,CL0152,P009,Apr 29 2024,3,1663.18,livré,Tnja,Carte,LIV5,2024-05-04
CMD15912,CL0887,P080,May 05 2023,2,1466.72,DONE,Agadir,Carte,LIV2,2023-05-09
CMD07900,CL0926,P009,2023-11-26,3,1721.44,DONE,CASABLANCA,Carte,LIV8,2023-11-29
CMD39910,CL0736,P065,Jul 11 2023,3,2517.22,livré,CASABLANCA,Carte,LIV10,2023-07-16
CMD42369,CL0392,P052,Oct 31 2023,3,2532.45,DONE,TNG,Carte,LIV4,2023-11-03
CMD47133,CL0598,P055,28/09/2023,4,2522.15,OK,kech,Carte,LIV8,
CMD38714,CL0316,P034,25/09/2023,5,4664.52,DONE,Tnja,Carte,LIV1,2023-09-30
CMD13889,CL0010,P029,21/05/2023,5,2433.02,livré,casa,Carte,LIV3,2023-05-23
CMD31600,CL0073,P080,2023-10-21,3,4344.21,livré,TANGER,Carte,LIV2,2023-10-26
CMD22605,CL0118,P083,28/01/2023,4,1738.96,OK,Tnja,Carte,LIV4,
CMD45416,CL0246,P009,Feb 16 2023,5,4081.95,annulé,Tnja,Carte,LIV10,
CMD19597,CL0601,P100,26/12/2023,2,3686.0,KO,kech,Carte,LIV2,
CMD13570,CL0733,P087,Mar 30 2023,1,3358.9,annulé,tanger,Carte,LIV9,
CMD24238,CL0936,P066,2023-01-27,4,3185.06,retourné,CASABLANCA,Carte,LIV3,2023-01-28
CMD29459,CL0007,P029,Nov 14 2023,1,623.5,livré,TNG,Carte,LIV1,2023-11-17
CMD10092,CL0469,P022,2023-04-05,3,3375.49,KO,Tnja,Carte,LIV5,
CMD34544,CL0363,P047,2023-11-13,5,1315.93,en_cours,RBA,Carte,LIV9,
CMD05305,CL0162,P025,Mar 11 2024,1,3535.61,en_cours,CASABLANCA,Carte,,
CMD09781,CL0783,P043,2023-07-12,4,4020.84,livré,CASABLANCA,Carte,LIV4,2023-07-14
CMD29163,CL0216,P011,Sep 07 2023,3,2648.18,en_cours,CASABLANCA,Carte,LIV5,
CMD29162,CL0993,P044,Mar 11 2023,4,3983.18,en_cours,RBA,Carte,,
CMD44234,CL0827,P043,Oct 23 2023,5,4670.64,KO,marrakech,Carte,LIV6,
CMD19193,CL0133,P075,28/01/2023,2,2787.83,LIVRE,kech,Carte,LIV3,2023-01-31
CMD13236,CL0078,P059,01/07/2023,4,2668.13,livre,marrakech,Carte,LIV1,
CMD18679,CL0729,P013,Jan 21 2024,-1,208.02,OK,Agadir,Carte,,
CMD21476,CL0630,P097,May 19 2023,5,149.8,retourné,marrakech,Carte,LIV8,2023-05-23
CMD38013,CL0434,P018,Feb 03 2024,2,2967.46,livré,CASABLANCA,Carte,LIV4,2024-02-04
CMD38745,CL0203,P013,22/07/2023,4,2287.04,retourné,TNG,Carte,LIV5,2023-07-25
CMD46934,CL0045,P008,14/08/2023,2,587.41,OK,casa,Carte,LIV1,
CMD11317,CL0224,P099,2023-02-15,2,4353.0,OK,Tnja,Carte,LIV1,
CMD48069,CL0785,P016,2024-04-18,2,1409.93,annulé,Agadir,Carte,LIV5,
CMD38568,CL0214,P042,11/03/2023,4,1719.63,annulé,casa,Carte,LIV10,
CMD18999,CL0899,P041,2023-12-11,5,3796.9,retourné,RBA,Carte,,2023-12-12
CMD40741,CL0277,P085,Aug 21 2023,1,644.13,OK,marrakech,Carte,LIV6,
CMD19561,CL0663,P012,24/01/2023,4,764.18,en_cours,marrakech,Carte,LIV1,
CMD35771,CL0800,P032,2023-07-03,4,1796.48,livré,marrakech,Carte,LIV4,2023-07-06
CMD41763,CL0782,P023,2023-04-19,1,4441.46,livre,marrakech,Carte,LIV5,
CMD22723,CL0862,P095,03/12/2023,2,2376.2,LIVRE,Tnja,Carte,LIV5,2023-12-06
CMD36878,CL0781,P069,Sep 25 2023,5,2533.24,livré,tanger,Carte,LIV5,2023-09-30
CMD11667,CL0390,P025,2023-02-27,5,263.56,KO,CASABLANCA,Carte,,
CMD18603,CL0503,P095,Feb 20 2024,5,1188.41,annulé,tanger,Carte,LIV1,
CMD19016,CL0247,P074,Feb 12 2024,1,3778.01,livre,kech,Carte,LIV1,
CMD26422,CL0723,P079,2024-03-22,4,4349.66,livré,CASABLANCA,Carte,LIV9,2024-03-23
CMD38960,CL0830,P087,2023-02-18,2,1296.66,retourné,TNG,Carte,LIV8,2023-02-22
CMD41922,CL0274,P012,2023-02-18,3,1695.56,annulé,kech,Carte,LIV3,
CMD31816,CL0996,P031,Mar 29 2023,5,2023.75,livré,RBA,Carte,LIV2,2023-04-03
CMD30770,CL0744,P003,10/05/2024,4,3615.59,livré,tanger,Carte,LIV5,2024-05-13
CMD47265,CL0710,P058,2024-03-17,3,1337.65,livré,Tnja,Carte,LIV2,2024-03-18
CMD41736,CL0757,P003,2023-01-26,3,2751.88,DONE,tanger,Carte,LIV4,2023-01-27
CMD18248,CL0648,P024,Mar 04 2024,3,1975.43,livré,RBA,Carte,LIV8,2024-03-05
CMD34525,CL0666,P088,2024-04-20,5,1744.03,annulé,TANGER,Carte,LIV4,
CMD31991,CL0400,P029,2023-05-13,2,3706.22,livré,CASABLANCA,Carte,,2023-05-18
CMD24544,CL0207,P083,2024-03-28,3,2821.96,livré,RBA,Carte,LIV8,2024-04-02
CMD10414,CL0595,P062,May 10 2023,2,215.1,livré,RBA,Carte,LIV9,2023-05-12
CMD28062,CL0545,P067,Apr 21 2024,3,1548.04,livré,Tnja,Carte,LIV2,2024-04-22
CMD43145,CL0684,P022,10/07/2023,1,3791.51,OK,CASABLANCA,Carte,LIV2,
CMD32733,CL0740,P016,2023-06-12,2,4361.82,en_cours,Tnja,Carte,LIV8,
CMD18757,CL0811,P003,08/02/2024,5,4224.23,livré,TNG,Carte,,2024-02-12
CMD47630,CL0073,P031,2023-07-06,5,3077.96,livré,TNG,Carte,LIV4,2023-07-07
CMD38521,CL0552,P028,16/07/2023,5,3226.57,en_cours,Tnja,Carte,LIV4,
CMD08521,CL0464,P081,Jun 07 2023,5,3070.82,OK,Tnja,Carte,LIV10,
CMD18242,CL0767,P031,31/01/2023,2,4724.81,livré,TNG,Carte,LIV5,2023-02-05
CMD08885,CL0909,P035,Apr 08 2023,4,3803.33,livre,marrakech,Carte,LIV7,
CMD42498,CL0214,P026,25/03/2024,5,948.06,annulé,TANGER,Carte,LIV9,
CMD22366,CL0765,P087,2023-02-04,2,2563.34,retourné,Tnja,Carte,LIV7,2023-02-05
CMD18499,CL0634,P057,10/11/2023,4,1406.38,retourné,Agadir,Carte,LIV3,2023-11-11
CMD19678,CL0861,P008,Jan 05 2023,3,1388.0,OK,RBA,Carte,LIV3,
CMD01670,CL0904,P019,Jun 24 2023,3,683.59,KO,Agadir,Carte,LIV6,
CMD36956,CL0603,P059,Jan 07 2024,4,3063.85,livré,Agadir,Carte,LIV9,2024-01-12
CMD11430,CL0503,P083,Dec 16 2023,4,633.56,annulé,marrakech,Carte,,
CMD32463,CL0906,P022,08/05/2024,5,3582.83,livre,marrakech,Carte,LIV2,
CMD18036,CL0248,P073,2023-06-03,5,1671.55,retourné,casa,Carte,LIV10,2023-06-08
CMD42249,CL0739,P005,Nov 06 2023,2,4872.66,OK,RBA,Carte,LIV9,
CMD32444,CL0958,P096,18/01/2023,1,2505.03,annulé,marrakech,Carte,LIV4,
CMD21536,CL0150,P071,Feb 08 2023,2,4395.09,retourné,Agadir,Carte,LIV2,2023-02-10
CMD13837,CL0715,P016,09/06/2023,4,2917.36,LIVRE,TANGER,Carte,LIV2,2023-06-13
CMD01565,CL0186,P095,Feb 24 2023,1,2584.37,livré,CASABLANCA,Carte,LIV7,2023-02-25
CMD04314,CL0767,P053,2023-07-14,1,3282.33,en_cours,Tnja,Carte,LIV1,
CMD00894,CL0843,P032,06/02/2023,3,1598.86,annulé,RBA,Carte,LIV3,
CMD36275,CL0421,P011,Mar 12 2023,1,1005.19,KO,CASABLANCA,Carte,LIV8,
CMD26994,CL0530,P062,11/01/2023,2,1741.07,livre,tanger,Carte,LIV9,
CMD18925,CL0927,P052,01/01/2024,2,3296.53,KO,TNG,Carte,LIV2,
CMD32181,CL0291,P002,14/08/2023,3,3426.63,LIVRE,tanger,Carte,LIV5,2023-08-17
CMD17407,CL0046,P020,2023-07-14,3,254.88,livré,kech,Carte,LIV2,2023-07-17
CMD34512,CL0070,P094,18/01/2023,4,1703.42,OK,TANGER,Carte,LIV7,
CMD43831,CL0582,P026,22/02/2023,3,2485.94,KO,Tnja,Carte,LIV3,
CMD08212,CL0679,P011,Aug 02 2023,2,450.43,annulé,TNG,Carte,LIV4,
CMD17811,CL0504,P032,12/12/2023,1,1837.68,retourné,RBA,Carte,,2023-12-14
CMD01778,CL0864,P072,May 13 2024,2,3180.77,OK,RBA,Carte,LIV2,
CMD47204,CL0902,P051,13/04/2023,2,3985.73,LIVRE,casa,Carte,LIV9,2023-04-17
CMD37510,CL0329,P039,10/03/2023,4,4290.55,livré,marrakech,Carte,LIV9,2023-03-14
CMD41423,CL0145,P051,Sep 02 2023,5,2493.35,DONE,Tnja,Carte,,2023-09-06
CMD05042,CL0845,P081,2023-08-11,5,4410.42,livré,marrakech,Carte,LIV3,2023-08-16
CMD17269,CL0001,P050,Feb 09 2023,1,67.72,annulé,marrakech,Carte,LIV2,
CMD34131,CL0365,P039,17/11/2023,5,4868.17,livré,CASABLANCA,Carte,LIV5,2023-11-18
CMD36326,CL0716,P031,08/02/2023,5,2042.65,livre,Agadir,Carte,LIV10,
CMD24629,CL1000,P014,Apr 07 2024,4,2522.76,KO,RBA,Carte,LIV6,
CMD43179,CL0029,P017,Mar 17 2023,4,577.35,en_cours,TNG,Carte,,
CMD13143,CL0950,P021,23/11/2023,5,2577.33,retourné,Agadir,Carte,LIV6,2023-11-26
CMD17054,CL0994,P054,2023-10-16,-1,2975.94,livré,CASABLANCA,Carte,,2023-10-19
CMD03121,CL0525,P022,2023-08-22,2,1538.08,retourné,casa,Carte,LIV9,2023-08-23
CMD24367,CL0358,P054,2023-10-22,5,4342.43,livré,Agadir,Carte,LIV7,2023-10-25
CMD33328,CL0988,P058,2024-03-18,5,4737.19,LIVRE,casa,Carte,LIV5,2024-03-21
CMD35049,CL0360,P066,Apr 17 2023,4,3017.35,DONE,marrakech,Carte,LIV3,2023-04-20
CMD09777,CL0442,P067,30/01/2023,4,2159.67,DONE,marrakech,Carte,LIV1,2023-02-02
CMD17556,CL0171,P078,30/04/2023,5,4375.86,retourné,TANGER,Carte,LIV5,2023-05-04
CMD06317,CL0273,P032,25/02/2023,5,4016.42,DONE,TNG,Carte,LIV5,2023-02-27
CMD14242,CL0801,P063,31/01/2024,3,4635.24,DONE,CASABLANCA,Carte,LIV8,2024-02-03
CMD46078,CL0712,P044,Sep 16 2023,2,4722.16,annulé,tanger,Carte,LIV9,
CMD20096,CL0607,P098,01/01/2024,4,1761.3,KO,Tnja,Carte,LIV1,
CMD25681,CL0352,P082,25/05/2023,3,3989.8,retourné,Agadir,Carte,LIV8,2023-05-30
CMD25009,CL0366,P010,2023-09-01,1,4949.41,LIVRE,casa,Carte,LIV6,2023-09-04
CMD45178,CL0286,P020,Mar 10 2023,5,685.44,LIVRE,Tnja,Carte,LIV7,2023-03-15
CMD27907,CL0807,P048,Apr 26 2023,5,3089.87,OK,RBA,Carte,LIV6,
CMD39686,CL0204,P091,26/03/2023,2,955.13,OK,TNG,Carte,LIV8,
CMD31406,CL0604,P064,2023-10-08,1,2672.4,annulé,tanger,Carte,LIV7,
CMD05621,CL0682,P026,2024-02-20,5,59.05,livré,Tnja,Carte,LIV5,2024-02-23
CMD32980,CL0237,P075,07/03/2024,4,2968.0,en_cours,casa,Carte,LIV2,
CMD38350,CL0636,P039,Sep 11 2023,4,1187.91,annulé,marrakech,Carte,LIV2,
CMD14219,CL0705,P041,19/12/2023,4,1491.28,retourné,Agadir,Carte,LIV4,2023-12-24
CMD25267,CL0619,P019,2023-10-20,5,1439.59,OK,casa,Carte,LIV6,
CMD24946,CL0086,P093,2023-08-10,3,230.13,livre,TNG,Carte,LIV1,
CMD23978,CL0512,P014,11/10/2023,2,1827.61,OK,Tnja,Carte,LIV9,
CMD36375,CL0945,P013,2023-12-06,1,326.81,livre,marrakech,Carte,LIV3,
CMD08512,CL0783,P023,31/12/2023,2,2199.17,livré,kech,Carte,,2024-01-04
CMD41394,CL0554,P059,2024-02-15,5,1108.22,annulé,CASABLANCA,Carte,LIV4,
CMD43125,CL0936,P076,18/03/2024,4,1196.18,LIVRE,Agadir,Carte,LIV10,2024-03-21
CMD07521,CL0226,P083,2024-01-29,5,877.68,annulé,RBA,Carte,LIV7,
CMD26927,CL0566,P009,03/05/2024,1,1930.35,KO,RBA,Carte,LIV1,
CMD28781,CL0611,P030,Sep 26 2023,4,2962.84,en_cours,tanger,Carte,LIV6,
CMD27916,CL0976,P026,31/08/2023,3,4434.33,LIVRE,RBA,Carte,LIV9,2023-09-04
CMD09898,CL0784,P007,2023-10-07,4,1651.59,livré,marrakech,Carte,,2023-10-11
CMD21897,CL0777,P060,May 21 2023,4,1422.8,livré,CASABLANCA,Carte,LIV2,2023-05-24
CMD35860,CL0420,P085,03/05/2023,1,2050.57,en_cours,RBA,Carte,LIV3,
CMD27537,CL0155,P068,Jul 05 2023,2,2604.83,en_cours,marrakech,Carte,LIV5,
CMD38986,CL0943,P089,Mar 28 2023,2,4701.95,en_cours,Agadir,Carte,LIV5,
CMD45511,CL0737,P016,2024-04-28,5,1606.75,OK,kech,Carte,,
CMD19473,CL0326,P047,29/11/2023,4,509.9,LIVRE,TANGER,Carte,LIV8,2023-12-02
CMD09732,CL0411,P035,2023-06-07,3,4764.21,KO,CASABLANCA,Carte,LIV3,
CMD08316,CL0074,P064,2023-08-08,5,835.46,DONE,Agadir,Carte,LIV8,2023-08-11
CMD04092,CL0316,P052,26/01/2024,4,1446.69,en_cours,CASABLANCA,Carte,LIV10,
CMD45909,CL0260,P026,Feb 19 2023,5,1464.47,OK,RBA,Carte,LIV10,
CMD11064,CL0825,P034,2023-03-31,2,4270.95,livré,Agadir,Carte,LIV9,2023-04-01
CMD36139,CL0025,P009,2023-01-13,3,4949.49,livré,tanger,Carte,LIV5,2023-01-16
CMD03799,CL0950,P018,2023-02-18,2,3517.9,LIVRE,casa,Carte,LIV9,2023-02-23
CMD06113,CL0652,P094,2023-06-16,5,707.23,annulé,TNG,Carte,LIV3,
CMD15249,CL0168,P029,Feb 15 2023,4,486.09,livré,TANGER,Carte,LIV1,2023-02-17
CMD08488,CL0509,P076,2023-10-16,1,3407.77,livré,Tnja,Carte,LIV8,2023-10-18
CMD46735,CL0685,P079,Sep 10 2023,2,1732.81,DONE,tanger,Carte,LIV1,2023-09-11
CMD31829,CL0221,P061,2023-11-21,4,288.89,LIVRE,CASABLANCA,Carte,LIV10,2023-11-22
CMD48317,CL0887,P079,18/01/2024,1,3301.33,OK,CASABLANCA,Carte,LIV1,
CMD21127,CL0366,P033,Mar 25 2024,4,2706.12,retourné,Tnja,Carte,LIV2,2024-03-27
CMD23693,CL0250,P024,2023-08-20,5,1334.51,en_cours,tanger,Carte,LIV9,
CMD35154,CL0634,P060,Mar 20 2024,2,2873.42,livré,TNG,Carte,LIV2,2024-03-24
CMD44888,CL0807,P040,2024-04-11,2,3714.06,livré,Tnja,Carte,LIV2,2024-04-12
CMD10317,CL0448,P076,24/06/2023,2,3578.5,en_cours,Agadir,Carte,LIV3,
CMD31088,CL0918,P003,2023-10-26,4,2199.39,LIVRE,RBA,Carte,LIV9,2023-10-30
CMD21772,CL0049,P076,28/08/2023,1,2151.77,livre,TNG,Carte,LIV1,
CMD30601,CL0594,P041,Jan 26 2024,3,1568.37,LIVRE,kech,Carte,LIV4,2024-01-31
CMD28773,CL0401,P080,Apr 25 2024,5,4344.66,livré,tanger,Carte,LIV4,2024-04-28
CMD46917,CL0041,P082,2023-04-21,2,2549.64,en_cours,CASABLANCA,Carte,LIV4,
CMD07765,CL0116,P094,Jan 27 2023,4,4687.18,en_cours,RBA,Carte,LIV6,
CMD29508,CL0914,P089,2023-07-06,1,2607.48,DONE,casa,Carte,LIV1,2023-07-11
CMD30539,CL0156,P072,19/04/2023,3,2374.6,en_cours,RBA,Carte,LIV5,
CMD21861,CL0577,P100,Jul 18 2023,5,586.16,KO,casa,Carte,LIV7,
CMD43286,CL0474,P045,Aug 11 2023,3,3361.81,livré,TNG,Carte,LIV2,2023-08-14
CMD37803,CL0040,P042,14/06/2023,4,4374.15,KO,kech,Carte,LIV3,
CMD02916,CL0142,P056,Apr 12 2023,1,4609.76,DONE,tanger,Carte,LIV2,2023-04-15
CMD45683,CL0588,P084,25/12/2023,4,2738.15,livré,TANGER,Carte,LIV6,2023-12-28
CMD32363,CL0836,P008,18/03/2023,1,184.94,DONE,Tnja,Carte,LIV4,2023-03-20
CMD39471,CL0495,P041,23/06/2023,1,2170.02,retourné,Tnja,Carte,,2023-06-26
CMD02686,CL0167,P009,01/03/2023,4,4430.49,DONE,casa,Carte,LIV5,2023-03-02
CMD31383,CL0024,P003,29/10/2023,4,340.88,annulé,Agadir,Carte,LIV2,
CMD38173,CL0490,P042,Apr 22 2023,2,1816.1,annulé,kech,Carte,LIV3,
CMD14423,CL0363,P085,Mar 08 2023,5,4078.65,livré,TANGER,Carte,LIV5,2023-03-13
CMD01280,CL0871,P026,Jan 13 2024,4,3641.38,en_cours,tanger,Carte,LIV6,
CMD46281,CL0831,P035,2023-04-30,4,134.38,OK,TNG,Carte,LIV7,
CMD25088,CL0816,P073,28/05/2023,3,4124.4,LIVRE,Tnja,Carte,LIV5,2023-05-31
CMD37201,CL0663,P052,Nov 03 2023,3,2488.35,LIVRE,tanger,Carte,LIV7,2023-11-08
CMD35637,CL0643,P032,Feb 06 2024,1,1002.39,LIVRE,CASABLANCA,Carte,,2024-02-11
CMD37872,CL0616,P057,26/03/2023,3,1408.91,DONE,TANGER,Carte,LIV4,2023-03-27
CMD28718,CL0564,P075,Apr 02 2023,4,2986.81,LIVRE,TANGER,Carte,LIV4,2023-04-03
CMD21555,CL0145,P012,2023-05-01,3,827.5,livré,Tnja,Carte,LIV1,2023-05-02
CMD04881,CL0448,P072,2023-08-04,3,4762.33,retourné,RBA,Carte,LIV10,2023-08-05
CMD47115,CL0326,P063,2023-01-10,1,3899.5,LIVRE,Tnja,Carte,LIV6,2023-01-14
CMD07424,CL0028,P040,Jun 02 2023,2,1202.82,OK,Tnja,Carte,LIV2,
CMD47552,CL0444,P078,Feb 28 2023,5,4493.45,livré,kech,Carte,LIV3,2023-03-02
CMD07565,CL0475,P025,27/11/2023,1,236.33,DONE,TANGER,Carte,LIV2,2023-11-30
CMD14686,CL0661,P021,Aug 22 2023,2,3214.35,annulé,CASABLANCA,Carte,LIV9,
CMD38444,CL0859,P070,Dec 23 2023,3,4013.14,livré,Tnja,Carte,LIV3,2023-12-27
CMD19884,CL0885,P041,2024-03-31,3,3639.27,LIVRE,TANGER,Carte,LIV6,2024-04-04
CMD39692,CL0750,P005,2023-01-15,4,3889.02,OK,TANGER,Carte,LIV9,
CMD44903,CL0515,P030,Dec 14 2023,3,3061.82,DONE,TANGER,Carte,LIV6,2023-12-15
CMD07648,CL0562,P007,2024-01-23,2,1312.13,livré,Tnja,Carte,LIV3,2024-01-28
CMD02242,CL0178,P085,11/09/2023,5,4602.3,retourné,CASABLANCA,Carte,LIV7,2023-09-16
CMD30838,CL0475,P058,2024-01-24,1,4241.02,annulé,marrakech,Carte,LIV6,
CMD30282,CL0327,P003,Apr 09 2023,2,2254.09,KO,TNG,Carte,LIV8,
CMD42552,CL0533,P016,2023-02-11,4,676.69,KO,TNG,Carte,LIV7,
CMD24564,CL0933,P057,03/01/2023,4,2094.36,annulé,Tnja,Carte,LIV9,
CMD32308,CL0938,P099,16/08/2023,1,4051.06,en_cours,CASABLANCA,Carte,LIV1,
CMD02928,CL0045,P001,2023-05-22,3,2836.04,livré,TNG,Carte,LIV4,2023-05-25
CMD13998,CL0595,P057,Apr 08 2024,4,2878.32,retourné,TANGER,Carte,LIV3,2024-04-12
CMD34159,CL0810,P034,Mar 11 2023,2,4726.16,OK,kech,Carte,LIV5,
CMD45919,CL0838,P001,17/01/2024,4,1021.24,retourné,RBA,Carte,,2024-01-22
CMD17671,CL0594,P080,07/06/2023,5,4342.4,retourné,casa,Carte,LIV9,2023-06-10
CMD13956,CL0374,P004,Mar 23 2024,4,1787.14,OK,TANGER,Carte,LIV9,
CMD07685,CL0465,P096,2023-03-09,4,4500.46,en_cours,CASABLANCA,Carte,LIV10,
CMD22974,CL0581,P017,Jan 26 2024,1,2768.7,en_cours,marrakech,Carte,LIV7,
CMD12408,CL0353,P028,23/01/2024,5,4272.12,LIVRE,TANGER,Carte,,2024-01-24
CMD47220,CL0559,P021,2023-06-18,2,4955.36,livre,kech,Carte,LIV6,
CMD36942,CL0045,P076,24/06/2023,4,561.07,livré,TANGER,Carte,LIV5,2023-06-29
CMD44768,CL0014,P082,2024-04-27,2,4568.37,KO,RBA,Carte,LIV10,
CMD08971,CL0444,P060,Jul 06 2023,5,1379.58,en_cours,TANGER,Carte,LIV3,
CMD31662,CL0064,P058,Jul 14 2023,1,869.65,livré,Tnja,Carte,LIV7,2023-07-19
CMD17916,CL0485,P083,20/02/2023,4,464.66,annulé,Agadir,Carte,LIV9,
CMD01219,CL0957,P015,05/06/2023,5,4822.89,OK,kech,Carte,LIV1,
CMD03712,CL0828,P022,2023-07-04,2,4533.65,LIVRE,kech,Carte,LIV10,2023-07-06
CMD23627,CL0221,P008,24/08/2023,3,3794.37,KO,casa,Carte,,
CMD35382,CL0249,P052,2023-07-13,5,4662.31,livré,CASABLANCA,Carte,LIV2,2023-07-16
CMD16367,CL0829,P018,29/10/2023,2,309.27,livré,Tnja,Carte,LIV1,2023-11-02
CMD40692,CL0593,P008,14/05/2024,1,2086.18,annulé,CASABLANCA,Carte,,
CMD33318,CL0508,P031,03/04/2024,3,398.35,KO,TNG,Carte,LIV9,
CMD09231,CL0296,P067,2023-07-13,5,1712.19,livré,kech,Carte,,2023-07-17
CMD28388,CL0477,P092,2023-05-21,1,2085.68,annulé,casa,Carte,LIV3,
CMD43565,CL0338,P068,13/08/2023,4,2795.34,livré,casa,Carte,LIV4,2023-08-16
CMD23719,CL0576,P078,08/06/2023,3,263.05,KO,marrakech,Carte,LIV3,
CMD26033,CL0592,P026,26/11/2023,4,4206.73,annulé,TNG,Carte,LIV7,
CMD20718,CL0720,P097,2024-04-24,3,567.7,livré,tanger,Carte,LIV10,2024-04-25
CMD10228,CL0579,P066,Sep 18 2023,2,229.89,KO,Agadir,Carte,LIV8,
CMD24498,CL0632,P077,Aug 26 2023,4,1181.17,LIVRE,kech,Carte,LIV3,2023-08-29
CMD35937,CL0342,P073,Mar 28 2023,2,286.64,KO,kech,Carte,LIV7,
CMD35744,CL0963,P008,2024-03-24,3,157.46,livré,TANGER,Carte,LIV7,2024-03-28
CMD17665,CL0860,P079,06/09/2023,3,3055.1,annulé,RBA,Carte,LIV9,
CMD05229,CL0458,P064,2023-11-08,3,4228.57,KO,TANGER,Carte,LIV3,
CMD48420,CL0539,P074,Mar 22 2023,5,898.43,livre,Tnja,Carte,LIV1,
CMD34849,CL1000,P087,2023-02-09,1,892.36,annulé,TNG,Carte,LIV1,
CMD17093,CL0017,P054,2023-12-19,2,2835.85,livré,CASABLANCA,Carte,LIV3,2023-12-22
CMD27279,CL0338,P007,May 25 2023,1,4280.35,LIVRE,tanger,Carte,LIV1,2023-05-27
CMD20276,CL0795,P043,2023-10-03,5,1786.67,livre,CASABLANCA,Carte,LIV4,
CMD19314,CL0940,P006,2023-04-29,4,1607.12,livre,kech,Carte,LIV4,
CMD45301,CL0655,P020,2023-10-13,4,4200.72,livre,TANGER,Carte,LIV10,
CMD47792,CL0224,P087,2023-12-27,2,555.52,livré,kech,Carte,LIV6,2023-12-28
CMD37509,CL0272,P014,2023-10-14,4,570.49,KO,RBA,Carte,LIV8,
CMD11855,CL0479,P019,Jan 22 2023,5,3685.39,livre,casa,Carte,LIV7,
CMD46561,CL0013,P026,2023-05-17,1,3264.09,livré,CASABLANCA,Carte,LIV6,2023-05-20
CMD17917,CL0051,P037,Mar 31 2024,1,1338.15,KO,Agadir,Carte,LIV5,
CMD15064,CL0685,P068,Nov 03 2023,2,4694.9,DONE,casa,Carte,LIV8,2023-11-05
CMD10013,CL0100,P065,2023-05-06,4,4070.07,DONE,kech,Carte,LIV3,2023-05-10
CMD34807,CL0370,P016,Apr 05 2024,4,833.51,livré,RBA,Carte,LIV6,2024-04-07
CMD18500,CL0051,P087,01/04/2024,3,2391.49,OK,tanger,Carte,LIV10,
CMD00930,CL0227,P064,Nov 07 2023,5,2521.12,livré,kech,Carte,LIV10,2023-11-11
CMD01834,CL0067,P021,Mar 05 2024,1,1469.31,livré,Agadir,Carte,LIV4,2024-03-09
CMD11053,CL0399,P089,2023-05-28,3,3245.24,LIVRE,TNG,Carte,LIV8,2023-05-31
CMD31549,CL0560,P022,Jun 07 2023,5,2798.96,annulé,marrakech,Carte,LIV4,
CMD45364,CL0572,P020,21/03/2024,4,1868.12,DONE,kech,Carte,LIV7,2024-03-26
CMD35820,CL0411,P084,May 27 2023,5,2768.7,DONE,Tnja,Carte,LIV5,2023-06-01
CMD18203,CL0632,P023,31/01/2024,2,81.83,LIVRE,marrakech,Carte,LIV8,2024-02-04
CMD43428,CL0809,P007,26/08/2023,5,4871.49,KO,RBA,Carte,LIV5,
CMD06631,CL0337,P072,Apr 14 2024,2,4424.99,KO,Tnja,Carte,LIV8,
CMD23172,CL0848,P042,2023-11-21,5,3769.12,en_cours,Tnja,Carte,LIV8,
CMD18196,CL0814,P041,Aug 03 2023,4,4058.74,livre,TNG,Carte,LIV9,
CMD34674,CL0430,P008,Feb 25 2024,3,3153.07,annulé,Tnja,Carte,LIV6,
CMD24659,CL0467,P083,2023-08-21,5,1062.41,LIVRE,kech,Carte,LIV1,2023-08-24
CMD06008,CL0169,P090,30/01/2023,1,3138.35,livré,casa,Carte,LIV6,2023-02-02
CMD35108,CL0024,P047,Feb 16 2023,5,1050.51,KO,TANGER,Carte,LIV3,
CMD21441,CL0063,P030,2024-04-10,3,3689.92,retourné,Tnja,Carte,LIV8,2024-04-12
CMD37369,CL0878,P019,01/11/2023,3,612.42,DONE,Tnja,Carte,LIV5,2023-11-06
CMD42341,CL0469,P011,Jan 31 2024,2,3705.96,en_cours,Tnja,Carte,LIV9,
CMD24636,CL0236,P089,06/05/2023,1,625.53,OK,tanger,Carte,LIV1,
CMD04795,CL0896,P033,2023-07-04,5,1686.77,annulé,marrakech,Carte,LIV2,
CMD20222,CL0785,P088,12/04/2023,2,4652.87,annulé,RBA,Carte,LIV6,
CMD41557,CL0382,P075,Aug 13 2023,3,215.97,en_cours,CASABLANCA,Carte,LIV10,
CMD01291,CL0367,P049,2024-01-23,5,2632.58,livré,kech,Carte,LIV5,2024-01-24
CMD28188,CL0649,P006,2023-02-15,2,3737.07,livré,CASABLANCA,Carte,LIV8,2023-02-19
CMD05723,CL0140,P046,2023-02-19,3,743.33,livré,TANGER,Carte,LIV1,2023-02-20
CMD21639,CL0839,P099,07/01/2023,2,1798.04,livre,TNG,Carte,LIV3,
CMD21268,CL0717,P097,Sep 17 2023,4,3266.11,livré,tanger,Carte,LIV5,2023-09-21
CMD19607,CL0701,P009,Jul 05 2023,5,2537.89,en_cours,Agadir,Carte,,
CMD23757,CL0254,P040,19/01/2023,1,4950.1,retourné,Agadir,Carte,LIV6,2023-01-24
CMD44350,CL0873,P091,Apr 20 2023,5,3599.38,LIVRE,kech,Carte,LIV2,2023-04-24
CMD15713,CL0389,P063,21/04/2024,1,4887.39,KO,RBA,Carte,,
CMD27502,CL0468,P022,2023-07-05,2,4098.94,livré,casa,Carte,LIV1,2023-07-06
CMD32244,CL0621,P057,Dec 13 2023,4,2759.88,KO,Tnja,Carte,LIV2,
CMD07933,CL0111,P093,2023-04-10,5,1339.18,KO,RBA,Carte,LIV4,
CMD08415,CL0650,P051,2023-06-07,5,925.29,livré,Tnja,Carte,LIV10,2023-06-10
CMD23200,CL0217,P008,2023-08-25,3,4607.61,KO,marrakech,Carte,LIV7,
CMD47627,CL0673,P065,Jan 09 2023,3,1538.38,livré,kech,Carte,LIV9,2023-01-11
CMD04427,CL0887,P019,Oct 28 2023,4,2950.22,OK,Tnja,Carte,LIV2,
CMD15389,CL0569,P021,02/04/2023,4,1109.5,livre,TANGER,Carte,LIV7,
CMD09000,CL0660,P008,19/05/2023,3,2983.99,livré,Tnja,Carte,LIV9,2023-05-21
CMD43249,CL0703,P044,13/04/2024,3,973.02,OK,tanger,Carte,LIV4,
CMD05507,CL0933,P019,05/03/2024,4,158.71,OK,CASABLANCA,Carte,LIV10,
CMD17204,CL0385,P065,06/02/2023,2,4606.11,livre,casa,Carte,LIV8,
CMD40092,CL0169,P100,Aug 31 2023,5,2310.01,retourné,kech,Carte,LIV7,2023-09-05
CMD12527,CL0471,P088,Apr 08 2024,3,1378.88,KO,TANGER,Carte,LIV10,
CMD29870,CL0852,P072,Mar 07 2023,4,3150.04,livre,tanger,Carte,,
CMD27755,CL0931,P038,Dec 22 2023,1,2944.05,OK,Agadir,Carte,LIV8,
CMD11123,CL0108,P091,May 15 2023,2,1151.75,retourné,TNG,Carte,LIV6,2023-05-18
CMD44576,CL0417,P003,2023-10-26,3,1587.83,livré,CASABLANCA,Carte,LIV5,2023-10-29
CMD06159,CL0437,P095,2023-06-19,1,538.34,LIVRE,CASABLANCA,Carte,LIV1,2023-06-20
CMD06004,CL0871,P069,29/04/2024,1,3963.52,LIVRE,RBA,Carte,LIV1,2024-05-02
CMD06121,CL0106,P020,12/02/2024,2,957.24,LIVRE,casa,Carte,LIV8,2024-02-15
CMD14949,CL0390,P090,Apr 25 2023,1,2747.52,KO,TANGER,Carte,LIV9,
CMD16636,CL0957,P005,29/09/2023,5,2104.09,OK,CASABLANCA,Carte,LIV9,
CMD47652,CL0809,P087,15/01/2023,5,2578.2,en_cours,marrakech,Carte,LIV5,
CMD26743,CL0204,P007,24/08/2023,1,2806.74,annulé,Agadir,Carte,LIV8,
CMD04121,CL0471,P059,2024-02-19,5,4318.62,DONE,Agadir,Carte,LIV1,2024-02-22
CMD21033,CL0369,P012,2023-05-31,2,1082.07,livré,casa,Carte,LIV1,2023-06-02
CMD05525,CL0018,P081,Apr 08 2023,2,3606.59,livre,TANGER,Carte,LIV6,
CMD36774,CL0392,P049,Apr 15 2024,4,3144.44,livré,tanger,Carte,LIV1,2024-04-19
CMD09455,CL0819,P044,Apr 28 2024,3,4339.46,KO,CASABLANCA,Carte,LIV2,
CMD12495,CL0588,P084,2024-02-12,3,1381.83,KO,tanger,Carte,LIV7,
CMD36323,CL0482,P078,2024-03-07,5,3427.33,livre,CASABLANCA,Carte,,
CMD27751,CL0537,P014,30/08/2023,4,2046.89,livré,casa,Carte,LIV1,2023-09-03
CMD07257,CL0506,P089,27/09/2023,3,1078.26,en_cours,TNG,Carte,LIV5,
CMD30909,CL0322,P039,Mar 13 2024,5,2286.75,en_cours,kech,Carte,LIV8,
CMD33961,CL0543,P079,2023-01-18,5,3129.63,retourné,marrakech,Carte,LIV7,2023-01-19
CMD43313,CL0514,P010,2023-01-29,1,4386.08,livre,TNG,Carte,LIV5,
CMD28423,CL0747,P028,31/12/2023,1,1518.07,livré,casa,Carte,LIV4,2024-01-04
CMD19098,CL0246,P037,25/12/2023,2,4759.43,retourné,RBA,Carte,LIV1,2023-12-29
CMD25454,CL0153,P029,13/10/2023,2,3283.94,en_cours,Agadir,Carte,LIV9,
CMD02604,CL0804,P009,29/09/2023,5,2409.1,LIVRE,Agadir,Carte,LIV3,2023-10-04
CMD32527,CL0114,P076,26/07/2023,1,829.12,LIVRE,Agadir,Carte,LIV5,2023-07-30
CMD31615,CL0049,P036,18/01/2023,3,2246.3,KO,TNG,Carte,LIV8,
CMD42922,CL0494,P028,27/12/2023,3,2243.27,retourné,marrakech,Carte,LIV10,2023-12-29
CMD27746,CL0474,P057,18/03/2023,4,2307.34,en_cours,tanger,Carte,,
CMD36948,CL0855,P091,2024-04-14,5,4867.82,annulé,TNG,Carte,LIV5,
CMD26298,CL0399,P073,07/05/2024,4,2747.14,livre,marrakech,Carte,LIV1,
CMD18309,CL0846,P024,23/01/2023,5,852.91,livre,Tnja,Carte,LIV9,
CMD16227,CL0845,P009,11/01/2023,5,3760.92,livre,CASABLANCA,Carte,LIV10,
CMD06102,CL0103,P011,Jul 10 2023,1,602.62,livré,tanger,Carte,LIV1,2023-07-13
CMD02660,CL0168,P094,18/11/2023,5,1016.98,livré,kech,Carte,LIV1,2023-11-21
CMD22197,CL0044,P033,21/03/2024,1,4213.67,retourné,CASABLANCA,Carte,LIV5,2024-03-26
CMD04814,CL0492,P014,16/04/2023,5,1339.47,retourné,tanger,Carte,LIV2,2023-04-17
CMD24127,CL0733,P053,Feb 21 2024,2,954.32,livré,Tnja,Carte,LIV6,2024-02-25
CMD36885,CL0187,P021,22/03/2024,1,1054.37,livré,RBA,Carte,LIV5,2024-03-26
CMD32507,CL0191,P006,Mar 21 2024,3,908.74,annulé,tanger,Carte,LIV6,
CMD08559,CL0614,P072,2023-06-20,1,4975.61,livré,TNG,Carte,LIV5,2023-06-25
CMD27764,CL0064,P033,2024-04-23,4,3339.79,OK,casa,Carte,LIV4,
CMD23625,CL0804,P021,30/03/2023,2,3296.38,livré,kech,Carte,LIV1,2023-04-02
CMD26060,CL0365,P010,19/07/2023,1,3260.64,retourné,casa,Carte,LIV8,2023-07-22
CMD27561,CL0597,P059,2023-03-25,5,2288.73,en_cours,casa,Carte,LIV9,
CMD35136,CL0195,P077,2024-03-21,3,58.36,annulé,Agadir,Carte,LIV7,
CMD02176,CL0633,P035,07/08/2023,2,4071.19,en_cours,Agadir,Carte,LIV5,
CMD25562,CL0025,P099,Jun 21 2023,2,2525.57,livré,marrakech,Carte,LIV6,2023-06-23
CMD10533,CL0420,P029,Mar 24 2023,2,2570.75,livré,marrakech,Carte,LIV2,2023-03-29
CMD44699,CL0011,P061,25/10/2023,4,541.78,OK,TANGER,Carte,LIV8,
CMD28377,CL0777,P082,Oct 20 2023,5,1564.26,KO,RBA,Carte,LIV6,
CMD20013,CL0064,P023,21/03/2023,4,1453.57,DONE,TNG,Carte,LIV3,2023-03-22
CMD40423,CL0581,P012,2023-12-08,5,4446.69,livré,TANGER,Carte,LIV8,2023-12-09
CMD15830,CL0665,P049,2023-06-23,3,2534.56,DONE,Tnja,Carte,LIV1,2023-06-28
CMD02518,CL0681,P045,Feb 24 2023,1,0,retourné,casa,Carte,LIV7,2023-03-01
CMD06147,CL0576,P065,2023-08-18,2,1075.35,annulé,marrakech,Carte,LIV1,
CMD27114,CL0115,P050,2023-07-30,3,798.64,OK,Tnja,Carte,LIV2,
CMD02104,CL0438,P060,06/11/2023,2,1957.28,annulé,RBA,Carte,LIV10,
CMD20398,CL0153,P039,24/07/2023,2,767.95,LIVRE,Agadir,Carte,LIV8,2023-07-26
CMD42300,CL0104,P078,30/08/2023,5,371.98,livre,kech,Carte,LIV5,
CMD33578,CL0762,P083,Aug 01 2023,2,4154.57,annulé,casa,Carte,,
CMD28412,CL0032,P084,11/04/2024,3,2127.92,LIVRE,TNG,Carte,LIV6,2024-04-16
CMD18120,CL0365,P061,09/05/2024,2,4682.34,KO,kech,Carte,LIV4,
CMD34751,CL0525,P100,2024-02-10,2,1457.0,en_cours,marrakech,Carte,LIV4,
CMD32666,CL0629,P009,23/05/2023,3,2566.33,livre,CASABLANCA,Carte,LIV2,
CMD09588,CL0243,P079,2023-08-11,5,462.67,LIVRE,Agadir,Carte,LIV1,2023-08-15
CMD36645,CL0691,P087,2023-06-23,3,4111.91,annulé,RBA,Carte,LIV3,
CMD05838,CL0434,P029,2023-11-29,5,457.47,livré,Agadir,Carte,LIV2,2023-12-02
CMD37725,CL0478,P067,06/03/2024,1,609.69,annulé,kech,Carte,LIV3,
CMD32029,CL0164,P071,2023-02-20,-1,2441.0,OK,kech,Carte,LIV5,
CMD39589,CL0354,P029,Nov 08 2023,5,1457.8,livré,casa,Carte,LIV5,2023-11-11
CMD42393,CL0735,P092,May 07 2023,5,483.88,livré,CASABLANCA,Carte,LIV4,2023-05-09
CMD42767,CL0971,P095,2023-05-29,5,1769.89,en_cours,tanger,Carte,LIV6,
CMD16624,CL0494,P036,11/03/2023,4,3622.2,retourné,TANGER,Carte,LIV7,2023-03-12
CMD22635,CL0678,P057,May 08 2024,4,4367.97,KO,Tnja,Carte,LIV8,
CMD18828,CL0751,P028,Apr 14 2024,4,3760.39,LIVRE,TNG,Carte,LIV4,2024-04-17
CMD23648,CL0544,P085,Sep 20 2023,3,2992.59,livré,marrakech,Carte,LIV8,2023-09-25
CMD05940,CL0145,P033,23/12/2023,5,3400.17,KO,TNG,Carte,LIV7,
CMD37963,CL0376,P095,2024-02-17,3,235.15,KO,CASABLANCA,Carte,LIV1,
CMD31739,CL0892,P051,2024-05-15,5,2641.87,LIVRE,kech,Carte,,2024-05-17
CMD06374,CL0915,P049,03/11/2023,2,4701.16,livré,kech,Carte,LIV6,2023-11-05
CMD38726,CL0983,P029,2024-05-01,5,4982.05,livre,kech,Carte,LIV6,
CMD12777,CL0655,P063,12/03/2024,5,2917.12,retourné,RBA,Carte,LIV9,2024-03-14
CMD21555,CL0145,P012,2023-05-01,3,827.5,livré,Tnja,Carte,LIV1,2023-05-02
CMD04129,CL0026,P062,29/01/2024,2,474.65,LIVRE,kech,Carte,LIV1,2024-02-01
CMD44175,CL0921,P059,20/04/2023,3,4203.17,DONE,Tnja,Carte,LIV8,2023-04-22
CMD09554,CL0668,P051,May 14 2024,4,869.38,livre,casa,Carte,LIV6,
CMD19620,CL0428,P059,11/05/2023,1,1046.59,annulé,tanger,Carte,LIV1,
CMD12731,CL0929,P094,2024-04-18,3,4932.51,livré,casa,Carte,LIV10,2024-04-22
CMD18662,CL0941,P068,25/04/2023,2,4891.75,annulé,kech,Carte,LIV4,
CMD06669,CL0596,P092,2023-05-25,1,1764.83,livré,tanger,Carte,LIV9,2023-05-29
CMD09045,CL0202,P025,27/04/2024,4,2075.86,DONE,tanger,Carte,LIV3,2024-04-28
CMD24382,CL0816,P064,2023-11-05,5,2732.24,OK,CASABLANCA,Carte,,
CMD35563,CL0165,P008,14/05/2023,1,4374.07,OK,tanger,Carte,LIV1,
CMD43696,CL0601,P044,Jan 08 2024,2,4310.51,LIVRE,Tnja,Carte,LIV2,2024-01-09
CMD22259,CL0626,P084,Apr 07 2024,3,766.33,livré,TANGER,Carte,LIV9,2024-04-08
CMD00928,CL0724,P066,11/07/2023,4,2801.19,livré,TNG,Carte,LIV4,2023-07-15
CMD38510,CL0213,P054,14/01/2023,3,3905.56,OK,Tnja,Carte,LIV10,
CMD47112,CL0428,P021,Mar 12 2023,4,2226.65,retourné,tanger,Carte,LIV10,2023-03-14
CMD33698,CL0563,P090,Mar 18 2024,4,724.51,livre,kech,Carte,LIV10,
CMD47921,CL0641,P084,Jan 18 2024,4,2476.01,KO,RBA,Carte,LIV8,
CMD39119,CL0449,P096,Apr 07 2023,3,2302.15,DONE,RBA,Carte,LIV3,2023-04-11
CMD24035,CL0295,P023,2024-02-04,1,1530.62,DONE,RBA,Carte,LIV6,2024-02-08
CMD05445,CL0413,P001,06/12/2023,2,2852.55,LIVRE,kech,Carte,LIV9,2023-12-10
CMD02574,CL0090,P016,2023-05-15,3,3274.8,LIVRE,CASABLANCA,Carte,,2023-05-18
CMD21073,CL0944,P074,Nov 11 2023,3,2896.67,livre,TANGER,Carte,LIV6,
CMD16598,CL0635,P078,Feb 21 2024,1,2767.9,OK,Agadir,Carte,LIV9,
CMD23033,CL0559,P068,May 03 2023,2,3824.65,annulé,marrakech,Carte,LIV5,
CMD42154,CL0279,P010,16/03/2024,5,2803.99,livré,CASABLANCA,Carte,LIV1,2024-03-17
CMD04873,CL0433,P037,Sep 28 2023,5,1016.31,retourné,RBA,Carte,LIV10,2023-09-29
CMD35587,CL0851,P008,Oct 13 2023,1,4573.25,DONE,TANGER,Carte,LIV1,2023-10-17
CMD21998,CL0235,P001,11/09/2023,5,2840.3,livre,Agadir,Carte,,
CMD08315,CL0210,P051,Jan 17 2024,4,4408.38,OK,RBA,Carte,LIV4,
CMD23042,CL0992,P057,Jan 21 2024,3,4895.72,annulé,CASABLANCA,Carte,LIV2,
CMD20355,CL0142,P013,18/02/2024,2,2747.21,retourné,TANGER,Carte,LIV9,2024-02-21
CMD45615,CL0743,P092,2023-11-20,1,1402.26,livre,casa,Carte,LIV7,
CMD07871,CL0084,P032,22/03/2024,4,1902.93,livré,TANGER,Carte,LIV4,2024-03-23
CMD20105,CL0042,P045,Dec 18 2023,3,4788.05,annulé,TANGER,Carte,LIV9,
CMD14799,CL0766,P002,17/02/2023,3,2709.32,livré,Agadir,Carte,LIV10,2023-02-18
CMD08053,CL0326,P038,Apr 25 2024,2,1969.86,livré,casa,Carte,LIV7,2024-04-29
CMD25990,CL0529,P071,Jul 06 2023,2,3898.39,annulé,TANGER,Carte,LIV10,
CMD34535,CL0312,P086,2023-02-28,2,1418.73,LIVRE,casa,Carte,LIV1,2023-03-02
CMD06398,CL0201,P030,Jan 26 2023,3,622.94,KO,CASABLANCA,Carte,LIV4,
CMD40178,CL0198,P083,Feb 22 2024,4,0,livré,TANGER,Carte,LIV8,2024-02-24
CMD01239,CL0738,P100,Jul 14 2023,3,1419.25,livré,kech,Carte,LIV3,2023-07-19
CMD34237,CL0274,P009,Aug 10 2023,4,3957.08,livré,Agadir,Carte,LIV10,2023-08-14
CMD22015,CL0567,P033,2023-11-13,5,2616.86,annulé,RBA,Carte,LIV1,
CMD16939,CL0527,P073,Jul 15 2023,2,1423.12,en_cours,RBA,Carte,,
CMD44543,CL0495,P077,14/03/2023,4,441.88,livre,CASABLANCA,Carte,LIV1,
CMD25179,CL0852,P041,2023-08-26,5,4557.15,annulé,marrakech,Carte,LIV5,
CMD02066,CL0959,P059,Dec 16 2023,2,2124.36,DONE,TNG,Carte,LIV10,2023-12-17
CMD12969,CL0112,P100,04/11/2023,5,3936.78,livré,TANGER,Carte,LIV8,2023-11-09
CMD04485,CL0965,P015,Jun 06 2023,5,1301.71,livré,RBA,Carte,LIV1,2023-06-09
CMD30724,CL0934,P057,Mar 27 2023,4,631.96,livré,TNG,Carte,LIV5,2023-03-31
CMD26430,CL0252,P025,2023-09-07,2,3139.35,livre,TNG,Carte,LIV3,
CMD13816,CL0581,P090,2023-02-18,3,3447.54,livre,Agadir,Carte,LIV1,
CMD31061,CL0278,P097,06/01/2023,4,3662.89,en_cours,tanger,Carte,LIV3,
CMD05338,CL0891,P098,21/02/2023,4,2457.97,livré,marrakech,Carte,LIV10,2023-02-26
CMD27729,CL0766,P032,22/04/2023,5,2507.0,livré,TANGER,Carte,LIV1,2023-04-27
CMD44391,CL0001,P026,May 28 2023,5,318.52,DONE,TANGER,Carte,LIV5,2023-05-30
CMD38451,CL0607,P012,22/03/2023,3,4266.75,LIVRE,TANGER,Carte,LIV7,2023-03-24
CMD11450,CL0903,P061,31/03/2024,3,2527.31,en_cours,casa,Carte,LIV10,
CMD35493,CL0561,P043,2023-11-02,5,3369.72,livré,Agadir,Carte,LIV3,2023-11-04
CMD12644,CL0818,P047,22/04/2024,3,738.47,livré,casa,Carte,LIV5,2024-04-24
CMD23774,CL0530,P012,2023-08-14,3,2349.31,livré,casa,Carte,LIV7,2023-08-15
CMD19633,CL0226,P059,10/02/2024,1,1927.82,retourné,TANGER,Carte,LIV7,2024-02-13
CMD04502,CL0066,P064,Apr 26 2024,1,3832.19,livre,kech,Carte,LIV2,
CMD37818,CL0414,P010,14/09/2023,5,2446.64,livré,RBA,Carte,LIV3,2023-09-17
CMD47258,CL0750,P019,Dec 12 2023,3,2995.83,livré,casa,Carte,LIV8,2023-12-15
CMD21364,CL0847,P001,2023-10-24,3,3807.06,livré,casa,Carte,LIV5,2023-10-28
CMD45559,CL0675,P039,04/11/2023,4,3577.43,annulé,tanger,Carte,LIV4,
CMD28613,CL0340,P060,22/01/2023,5,1979.06,OK,marrakech,Carte,LIV3,
CMD30568,CL0472,P058,2023-03-22,4,4790.26,en_cours,marrakech,Carte,,
CMD37746,CL0029,P050,2023-01-14,5,4347.49,KO,Agadir,Carte,LIV1,
CMD40141,CL0370,P078,28/04/2024,2,2201.47,livré,kech,Carte,LIV9,2024-04-29
CMD00638,CL0145,P066,Apr 11 2023,2,3187.49,livre,casa,Carte,,
CMD20138,CL0915,P084,Aug 13 2023,2,2475.14,KO,RBA,Carte,LIV3,
CMD42988,CL0912,P025,Aug 24 2023,4,2591.79,LIVRE,TNG,Carte,LIV4,2023-08-29
CMD46203,CL0019,P069,Feb 15 2024,1,4520.45,annulé,TANGER,Carte,LIV10,
CMD19150,CL0689,P025,Jul 22 2023,1,155.95,livré,kech,Carte,LIV10,2023-07-23
CMD08787,CL0647,P089,10/09/2023,4,409.24,en_cours,CASABLANCA,Carte,LIV10,
CMD29386,CL0368,P013,21/01/2023,2,1802.9,livré,TANGER,Carte,LIV9,2023-01-23
CMD31872,CL0501,P009,Jun 18 2023,1,444.15,retourné,marrakech,Carte,LIV10,2023-06-22
CMD42199,CL0790,P014,Feb 11 2024,1,2889.59,livré,RBA,Carte,LIV3,2024-02-13
CMD32544,CL0750,P035,16/04/2024,4,197.63,OK,kech,Carte,LIV5,
CMD21773,CL0201,P009,Nov 13 2023,4,2207.88,livre,TNG,Carte,LIV9,
CMD16653,CL0890,P007,2023-04-22,3,1890.74,annulé,casa,Carte,LIV4,
CMD47421,CL0159,P022,Mar 15 2024,1,500.93,livré,TNG,Carte,LIV4,2024-03-19
CMD14531,CL0189,P068,2023-09-08,1,4624.39,DONE,RBA,Carte,LIV5,2023-09-12
CMD34567,CL0658,P057,09/12/2023,4,3175.28,livré,tanger,Carte,LIV1,2023-12-13
CMD11512,CL0324,P058,Apr 08 2023,1,4300.9,annulé,kech,Carte,LIV5,
CMD21166,CL0147,P081,2024-04-26,1,2970.29,OK,TANGER,Carte,LIV3,
CMD18511,CL0041,P039,Jan 16 2023,1,87.41,DONE,TNG,Carte,LIV5,2023-01-21
CMD00666,CL0137,P037,2024-03-12,1,2833.58,DONE,Tnja,Carte,LIV4,2024-03-13
CMD41645,CL0337,P034,09/06/2023,-1,511.59,LIVRE,TANGER,Carte,LIV9,2023-06-10
CMD33070,CL0546,P091,Jan 05 2024,2,2623.34,livré,TANGER,Carte,LIV3,2024-01-08
CMD25594,CL0806,P095,2023-06-03,5,1296.84,livré,casa,Carte,LIV2,2023-06-08
CMD18984,CL0500,P039,10/06/2023,1,392.71,retourné,kech,Carte,LIV9,2023-06-11
CMD04145,CL0166,P023,23/03/2023,3,0,DONE,CASABLANCA,Carte,LIV5,2023-03-24
CMD16243,CL0198,P081,06/12/2023,2,1752.95,en_cours,CASABLANCA,Carte,LIV4,
CMD48209,CL0370,P100,Sep 19 2023,5,2748.4,DONE,casa,Carte,LIV10,2023-09-23
CMD31065,CL0366,P001,21/12/2023,3,3389.27,retourné,marrakech,Carte,LIV5,2023-12-22
CMD09826,CL0805,P054,11/08/2023,5,4475.23,en_cours,TNG,Carte,LIV10,
CMD25352,CL0900,P050,2023-12-27,4,0,livre,TANGER,Carte,LIV3,
CMD14764,CL0947,P081,2023-09-12,3,4201.22,en_cours,Tnja,Carte,LIV1,
CMD24638,CL0930,P015,Apr 14 2023,2,1178.57,en_cours,TANGER,Carte,LIV1,
CMD15622,CL0027,P054,2023-10-28,2,4719.95,livre,Agadir,Carte,LIV9,
CMD46675,CL0849,P018,30/01/2023,1,4779.66,retourné,Agadir,Carte,LIV10,2023-01-31
CMD07711,CL0071,P073,2023-11-24,2,254.45,annulé,Agadir,Carte,LIV6,
CMD34388,CL0756,P079,11/10/2023,3,1967.35,DONE,casa,Carte,LIV10,2023-10-14
CMD43915,CL0266,P010,01/04/2023,2,4561.89,en_cours,casa,Carte,LIV4,
CMD30334,CL0940,P060,23/08/2023,5,3635.45,livre,casa,Carte,LIV6,
CMD01727,CL0409,P036,Aug 08 2023,2,3836.83,en_cours,Agadir,Carte,LIV7,
CMD46380,CL0839,P003,22/08/2023,1,4049.7,OK,Agadir,Carte,LIV7,
CMD36003,CL0700,P048,Jun 11 2023,1,3220.69,retourné,casa,Carte,LIV5,2023-06-13
CMD42566,CL0663,P008,Jan 17 2024,1,1125.36,OK,Agadir,Carte,,
CMD21566,CL0872,P074,2023-07-24,5,2782.24,OK,TANGER,Carte,LIV7,
CMD31994,CL0829,P076,10/06/2023,2,4786.09,annulé,CASABLANCA,Carte,LIV8,
CMD32311,CL0251,P063,04/02/2023,5,3311.27,livre,TNG,Carte,LIV10,
CMD01497,CL0439,P018,26/01/2023,1,1344.3,annulé,RBA,Carte,LIV2,
CMD19264,CL0028,P074,2023-03-30,4,4818.68,DONE,tanger,Carte,LIV7,2023-03-31
CMD07347,CL0965,P011,Jun 03 2023,4,4747.55,KO,Agadir,Carte,LIV6,
CMD26122,CL0331,P025,2023-10-03,4,506.78,retourné,casa,Carte,LIV4,2023-10-04
CMD03437,CL0750,P049,17/12/2023,3,496.55,livré,tanger,Carte,LIV2,2023-12-22
CMD06511,CL0455,P056,17/07/2023,3,1489.54,OK,CASABLANCA,Carte,LIV3,
CMD40204,CL0274,P087,20/12/2023,4,1910.29,livré,RBA,Carte,LIV7,2023-12-24
CMD27792,CL0370,P082,Aug 04 2023,5,3633.49,en_cours,TNG,Carte,LIV4,
CMD43657,CL0216,P081,2023-02-25,4,2305.87,livré,tanger,Carte,LIV9,2023-03-01
CMD12174,CL0319,P080,24/06/2023,1,4150.33,DONE,kech,Carte,LIV8,2023-06-28
CMD20460,CL0604,P075,2023-06-08,4,0,livré,tanger,Carte,LIV7,2023-06-13
CMD11175,CL0066,P075,2023-06-16,4,2926.28,retourné,Agadir,Carte,,2023-06-19
CMD12031,CL0563,P070,20/12/2023,4,308.47,DONE,tanger,Carte,LIV8,2023-12-21
CMD25631,CL0559,P046,08/04/2023,2,549.35,livre,casa,Carte,LIV5,
CMD13261,CL0257,P058,2023-05-05,3,4450.22,livré,tanger,Carte,LIV10,2023-05-09
CMD09508,CL0702,P039,17/08/2023,4,3069.19,OK,TNG,Carte,LIV3,
CMD46745,CL0920,P085,Apr 20 2023,4,776.67,retourné,RBA,Carte,LIV4,2023-04-21
CMD28751,CL0943,P082,2023-08-25,4,403.66,KO,TNG,Carte,LIV1,
CMD30433,CL0091,P016,2023-09-22,1,3804.59,livré,tanger,Carte,LIV2,2023-09-25
CMD37762,CL0116,P051,14/05/2023,2,3021.28,DONE,kech,Carte,LIV6,2023-05-18
CMD37866,CL0889,P072,17/02/2024,3,3914.38,livré,Tnja,Carte,LIV7,2024-02-18
CMD05817,CL0451,P070,23/11/2023,1,1135.37,retourné,TANGER,Carte,LIV10,2023-11-27
CMD09478,CL0384,P046,2023-06-30,1,2087.53,en_cours,kech,Carte,LIV7,
CMD01731,CL0056,P090,22/03/2024,3,3005.48,LIVRE,marrakech,Carte,LIV8,2024-03-25
CMD39314,CL0877,P021,15/06/2023,2,3443.55,livré,RBA,Carte,LIV1,2023-06-17
CMD47797,CL0212,P025,2023-03-25,1,4421.36,livré,Tnja,Carte,LIV8,2023-03-30
CMD16774,CL0691,P002,Nov 07 2023,1,2965.7,OK,Agadir,Carte,LIV10,
CMD16530,CL0319,P079,2023-03-14,1,4467.25,LIVRE,Agadir,Carte,LIV4,2023-03-18
CMD25718,CL0284,P069,2024-01-31,2,1999.98,retourné,kech,Carte,,2024-02-04
CMD04262,CL0158,P001,2024-04-29,2,4918.93,OK,TNG,Carte,LIV7,
CMD30261,CL0972,P072,15/04/2023,1,844.87,retourné,marrakech,Carte,LIV5,2023-04-19
CMD30554,CL0488,P060,09/04/2023,3,1246.51,retourné,tanger,Carte,LIV9,2023-04-13
CMD26840,CL0076,P053,2023-11-21,4,1282.06,livré,Tnja,Carte,LIV1,2023-11-26
CMD04429,CL0936,P034,Feb 16 2023,1,2628.25,retourné,kech,Carte,LIV1,2023-02-18
CMD15504,CL0346,P100,May 11 2024,2,1815.62,LIVRE,Agadir,Carte,LIV9,2024-05-13
CMD02595,CL0570,P052,2023-07-23,5,4566.09,LIVRE,marrakech,Carte,,2023-07-28
CMD16983,CL0382,P037,2023-01-04,1,2443.16,livré,kech,Carte,LIV3,2023-01-06
CMD31668,CL0970,P040,23/05/2023,3,334.33,livré,tanger,Carte,,2023-05-25
CMD27257,CL0156,P079,2024-01-30,3,2158.88,en_cours,RBA,Carte,LIV2,
CMD29739,CL0362,P050,18/03/2024,4,168.67,livré,CASABLANCA,Carte,LIV6,2024-03-20
CMD30432,CL0499,P034,2023-01-05,1,4135.29,annulé,kech,Carte,LIV2,
CMD10943,CL0664,P032,14/11/2023,5,2912.25,annulé,TANGER,Carte,,
CMD08129,CL0698,P071,10/03/2023,2,4195.71,DONE,casa,Carte,LIV10,2023-03-13
CMD37627,CL0841,P054,2023-07-23,5,230.93,DONE,RBA,Carte,LIV6,2023-07-26
CMD04310,CL0373,P014,Jul 09 2023,2,2540.94,DONE,CASABLANCA,Carte,LIV6,2023-07-11
CMD43168,CL0202,P059,20/06/2023,4,4780.43,annulé,kech,Carte,LIV10,
CMD30834,CL0295,P013,2023-04-14,2,2416.93,OK,CASABLANCA,Carte,LIV4,
CMD01229,CL0891,P003,19/12/2023,3,4135.82,KO,casa,Carte,LIV1,
CMD24023,CL0706,P038,01/03/2024,3,2050.59,livré,marrakech,Carte,LIV3,2024-03-04
CMD36569,CL0385,P022,2023-02-19,3,4828.73,annulé,TANGER,Carte,LIV7,
CMD28744,CL0308,P006,2023-01-03,1,3361.06,livré,casa,Carte,LIV6,2023-01-08
CMD18035,CL0852,P039,Apr 01 2023,1,3907.05,retourné,Agadir,Carte,,2023-04-04
CMD40506,CL0979,P043,07/10/2023,4,4213.25,livré,RBA,Carte,LIV3,2023-10-12
CMD10649,CL0895,P003,10/07/2023,4,1769.55,livré,RBA,Carte,LIV9,2023-07-11
CMD12551,CL0153,P057,Oct 31 2023,5,1319.03,OK,casa,Carte,LIV7,
CMD34459,CL0988,P060,Jan 22 2023,1,947.92,OK,marrakech,Carte,LIV9,
CMD15267,CL0580,P085,Dec 09 2023,4,3632.07,livré,Tnja,Carte,LIV2,2023-12-12
CMD30435,CL0752,P019,22/08/2023,4,3551.82,livré,marrakech,Carte,LIV8,2023-08-25
CMD48396,CL0846,P044,Dec 14 2023,3,2496.5,livré,CASABLANCA,Carte,LIV9,2023-12-18
CMD18659,CL0862,P075,2023-06-08,4,2549.44,KO,TANGER,Carte,LIV6,
CMD42310,CL0403,P047,2023-08-19,1,3695.17,LIVRE,kech,Carte,LIV3,2023-08-20
CMD19081,CL0871,P055,Jan 17 2023,4,3371.07,livré,CASABLANCA,Carte,LIV3,2023-01-18
CMD33810,CL0470,P011,26/03/2024,2,1878.0,en_cours,TANGER,Carte,,
CMD28559,CL0163,P025,2024-05-10,4,3954.63,OK,tanger,Carte,LIV7,
CMD16602,CL0451,P031,Feb 04 2024,2,2734.89,retourné,tanger,Carte,LIV9,2024-02-09
CMD36575,CL0798,P051,2024-03-09,3,757.49,KO,RBA,Carte,LIV7,
CMD02838,CL0978,P037,2023-12-06,5,1048.78,retourné,kech,Carte,LIV4,2023-12-07
CMD38158,CL0688,P015,2023-11-10,2,1656.24,KO,CASABLANCA,Carte,LIV8,
CMD31746,CL0457,P032,22/08/2023,1,2146.53,livré,kech,Carte,LIV9,2023-08-23
CMD44027,CL0726,P052,2024-02-27,4,3145.61,LIVRE,kech,Carte,LIV5,2024-03-02
CMD20943,CL0430,P009,Sep 10 2023,5,1849.22,livré,marrakech,Carte,LIV8,2023-09-14
CMD04994,CL0102,P017,Jan 10 2023,1,3740.19,LIVRE,RBA,Carte,LIV8,2023-01-15
CMD14082,CL0414,P009,16/07/2023,3,1363.05,KO,tanger,Carte,LIV4,
CMD10902,CL0928,P037,2023-08-17,1,4421.98,livré,Tnja,Carte,,2023-08-22
CMD17121,CL0130,P095,Apr 03 2023,1,1565.25,OK,RBA,Carte,LIV10,
CMD00217,CL0508,P088,2023-10-06,1,195.19,en_cours,kech,Carte,LIV7,
CMD18010,CL0082,P007,Jul 27 2023,2,4360.43,livre,RBA,Carte,LIV6,
CMD43561,CL0194,P080,09/10/2023,5,1011.78,livré,casa,Carte,LIV2,2023-10-10
CMD18181,CL0805,P087,2023-09-30,1,709.25,en_cours,CASABLANCA,Carte,LIV1,
CMD34918,CL0809,P035,Jan 01 2023,3,2160.0,LIVRE,tanger,Carte,LIV1,2023-01-06
CMD42247,CL0930,P074,2024-01-26,3,4459.24,livré,kech,Carte,LIV1,2024-01-28
CMD21976,CL0334,P009,2023-04-11,3,3817.79,retourné,marrakech,Carte,LIV5,2023-04-13
CMD37820,CL0339,P049,Mar 27 2024,2,1649.55,annulé,TANGER,Carte,LIV8,
CMD16121,CL0448,P002,Dec 27 2023,5,1528.59,livre,tanger,Carte,LIV9,
CMD12459,CL0669,P027,20/04/2023,2,1470.22,DONE,RBA,Carte,LIV1,2023-04-21
CMD16993,CL0134,P019,25/03/2024,3,2018.54,livre,TANGER,Carte,LIV7,
CMD37535,CL0220,P100,Apr 29 2023,1,1949.32,livré,TNG,Carte,LIV4,2023-04-30
CMD45382,CL0678,P072,2024-02-04,1,2448.42,annulé,kech,Carte,LIV1,
CMD42718,CL0934,P044,Dec 06 2023,3,2665.47,livré,CASABLANCA,Carte,LIV4,2023-12-08
CMD29089,CL0750,P013,Feb 06 2024,3,1631.78,LIVRE,TANGER,Carte,LIV3,2024-02-09
CMD13610,CL0857,P010,Jun 18 2023,1,4225.57,en_cours,kech,Carte,LIV6,
CMD30629,CL0617,P008,Jun 20 2023,2,3931.49,OK,TANGER,Carte,LIV1,
CMD17143,CL0135,P020,2023-11-21,4,4895.5,OK,TANGER,Carte,LIV3,
CMD03016,CL0756,P060,07/03/2024,5,3734.35,OK,Agadir,Carte,LIV5,
CMD22845,CL0125,P090,2023-08-21,5,4346.89,livré,TANGER,Carte,LIV7,2023-08-22
CMD11782,CL0807,P094,Apr 23 2023,2,2548.43,KO,casa,Carte,LIV1,
CMD16641,CL0885,P052,27/05/2023,5,413.59,retourné,CASABLANCA,Carte,LIV9,2023-06-01
CMD46400,CL0263,P031,28/11/2023,2,1082.0,DONE,TNG,Carte,LIV9,2023-11-29
CMD26991,CL0838,P015,2023-10-17,3,2343.72,livré,TNG,Carte,LIV8,2023-10-21
CMD00844,CL0380,P057,2023-11-14,1,1824.06,en_cours,CASABLANCA,Carte,LIV6,
CMD36729,CL0428,P015,2023-03-30,-1,4710.12,DONE,kech,Carte,,2023-04-01
CMD16726,CL0994,P090,Nov 19 2023,1,634.75,livre,casa,Carte,LIV2,
CMD19070,CL0330,P081,2024-04-12,4,3089.49,LIVRE,Tnja,Carte,LIV1,2024-04-17
CMD32582,CL0565,P045,May 22 2023,4,3858.88,livré,TNG,Carte,LIV5,2023-05-26
CMD34451,CL0391,P100,14/07/2023,1,829.41,livré,kech,Carte,LIV1,2023-07-18
CMD46429,CL0536,P002,15/01/2023,2,2444.69,retourné,casa,Carte,LIV4,2023-01-16
CMD40095,CL0986,P042,2024-03-04,3,4815.07,livre,Agadir,Carte,LIV3,
CMD32088,CL0998,P020,09/10/2023,4,871.22,retourné,marrakech,Carte,LIV8,2023-10-10
CMD14879,CL0431,P053,2024-01-07,2,2140.33,DONE,kech,Carte,LIV7,2024-01-08
CMD10640,CL0265,P040,10/12/2023,2,4862.12,livré,marrakech,Carte,LIV1,2023-12-13
CMD32436,CL0881,P080,2024-01-30,1,4763.6,livré,TANGER,Carte,LIV1,2024-02-04
CMD21280,CL0363,P047,27/04/2024,5,156.58,livré,RBA,Carte,LIV5,2024-04-30
CMD08743,CL0082,P027,Jan 02 2024,4,1072.14,annulé,TNG,Carte,LIV9,
CMD24152,CL0857,P039,2024-05-07,1,0,livré,casa,Carte,LIV9,2024-05-11
CMD28992,CL0502,P033,2023-12-16,2,3425.75,livre,Agadir,Carte,,
CMD45252,CL0653,P013,29/09/2023,1,1815.12,LIVRE,casa,Carte,LIV6,2023-09-30
CMD47036,CL0028,P040,Jan 18 2023,5,3104.61,LIVRE,kech,Carte,LIV9,2023-01-21
CMD24209,CL0129,P061,2024-05-05,3,1047.41,livre,kech,Carte,LIV1,
CMD43194,CL0217,P003,2023-08-25,2,3135.02,DONE,tanger,Carte,LIV2,2023-08-30
CMD46305,CL0004,P056,2023-06-09,2,1061.94,OK,casa,Carte,LIV3,
CMD17133,CL0259,P069,Nov 28 2023,1,4889.73,livre,marrakech,Carte,LIV7,
CMD08908,CL0107,P019,Jan 27 2024,5,3532.48,retourné,casa,Carte,,2024-01-28
CMD44081,CL0054,P058,Apr 27 2023,5,4341.6,livré,marrakech,Carte,LIV7,2023-04-28
CMD36405,CL0983,P002,Jan 03 2023,4,4565.43,livré,tanger,Carte,LIV9,2023-01-05
CMD25421,CL0754,P081,Mar 02 2023,2,4423.32,livré,TNG,Carte,LIV7,2023-03-06
CMD02067,CL0196,P058,2023-06-13,5,2190.56,livré,CASABLANCA,Carte,LIV1,2023-06-17
CMD43151,CL0974,P059,2023-02-18,3,2575.97,LIVRE,TNG,Carte,LIV6,2023-02-19
CMD10724,CL0898,P039,Dec 29 2023,5,2686.33,OK,Tnja,Carte,LIV9,
CMD05369,CL0231,P062,2023-11-15,1,1379.13,LIVRE,kech,Carte,LIV6,2023-11-20
CMD45730,CL0582,P006,2023-11-20,4,549.91,KO,TNG,Carte,LIV3,
CMD44251,CL0886,P065,27/05/2023,4,2364.0,livré,RBA,Carte,LIV3,2023-05-28
CMD00588,CL0787,P080,2023-05-19,1,1580.34,livré,tanger,Carte,,2023-05-24
CMD05844,CL0574,P010,2023-09-28,4,2383.67,DONE,TANGER,Carte,LIV4,2023-10-03
CMD18019,CL0588,P038,2023-09-10,1,2352.26,LIVRE,kech,Carte,LIV1,2023-09-15
CMD13368,CL0407,P087,Aug 22 2023,4,2392.71,livré,RBA,Carte,LIV2,2023-08-24
CMD02571,CL0814,P039,Feb 11 2024,5,2844.96,livre,Tnja,Carte,LIV6,
CMD17079,CL0897,P017,Dec 29 2023,5,2156.76,KO,RBA,Carte,LIV8,
CMD30755,CL0852,P027,Aug 26 2023,4,973.54,livré,Tnja,Carte,LIV10,2023-08-27
CMD04677,CL0924,P014,2024-02-23,3,1449.05,en_cours,tanger,Carte,LIV3,
CMD25584,CL0292,P018,14/01/2024,3,1228.1,DONE,Tnja,Carte,LIV1,2024-01-16
CMD45857,CL0832,P045,Apr 28 2023,3,4216.74,KO,casa,Carte,LIV6,
CMD41228,CL0107,P066,Oct 06 2023,2,2473.25,annulé,Tnja,Carte,LIV6,
CMD10701,CL0399,P089,Mar 15 2023,4,1789.76,livre,TNG,Carte,LIV5,
CMD29803,CL0170,P063,08/11/2023,2,4549.52,OK,casa,Carte,LIV10,
CMD48020,CL0240,P042,Jun 29 2023,4,2068.46,LIVRE,Tnja,Carte,LIV4,2023-06-30
CMD31607,CL0627,P091,2023-02-25,2,1602.38,livré,casa,Carte,LIV3,2023-02-26
CMD34538,CL0545,P040,Feb 25 2023,3,3911.94,livre,casa,Carte,LIV1,
CMD43410,CL0353,P073,08/04/2024,5,3377.95,livre,kech,Carte,LIV7,
CMD01456,CL0876,P096,Feb 19 2023,4,0,DONE,RBA,Carte,,2023-02-24
CMD39300,CL0479,P034,Feb 11 2023,4,0,livré,TNG,Carte,,2023-02-14
CMD01344,CL0753,P008,2023-08-08,1,3325.04,OK,tanger,Carte,LIV5,
CMD35718,CL0396,P092,2023-09-28,1,1045.91,retourné,marrakech,Carte,LIV9,2023-10-02
CMD19649,CL0836,P037,Nov 10 2023,3,370.74,KO,RBA,Carte,LIV9,
CMD13514,CL0199,P045,2023-07-07,3,4284.04,livré,Tnja,Carte,LIV9,2023-07-12
CMD37856,CL0401,P025,Sep 08 2023,1,518.3,LIVRE,RBA,Carte,LIV3,2023-09-13
CMD43385,CL0753,P037,2023-06-08,1,2059.79,KO,CASABLANCA,Carte,LIV1,
CMD46725,CL0513,P083,01/03/2024,3,1166.12,livre,casa,Carte,LIV10,
CMD44967,CL0055,P096,Dec 01 2023,3,4250.95,LIVRE,kech,Carte,LIV1,2023-12-03
CMD17277,CL0949,P053,May 04 2023,1,3822.38,en_cours,TNG,Carte,LIV6,
CMD18046,CL0020,P095,Feb 09 2023,3,961.85,OK,Tnja,Carte,LIV9,
CMD03004,CL0544,P068,08/03/2023,4,990.63,annulé,RBA,Carte,LIV3,
CMD20252,CL0748,P013,29/12/2023,3,587.33,DONE,tanger,Carte,LIV6,2024-01-03
CMD33339,CL0218,P065,Aug 07 2023,5,1501.05,annulé,marrakech,Carte,LIV4,
CMD30301,CL0514,P088,14/02/2024,1,2090.46,retourné,TANGER,Carte,LIV2,2024-02-18
CMD21992,CL0062,P001,Jul 06 2023,4,3517.29,en_cours,casa,Carte,LIV2,
CMD37715,CL0857,P074,Oct 25 2023,2,1189.97,annulé,kech,Carte,LIV8,
CMD21729,CL0303,P082,2024-01-03,3,3925.5,livré,kech,Carte,LIV1,2024-01-07
CMD26563,CL0887,P013,Feb 11 2024,4,1325.65,en_cours,RBA,Carte,LIV4,
CMD21402,CL0492,P092,30/01/2023,4,2701.41,DONE,TNG,Carte,LIV1,2023-01-31
CMD23423,CL0520,P032,Apr 05 2023,5,3577.39,annulé,TNG,Carte,LIV4,
CMD31596,CL0313,P007,Dec 09 2023,5,3507.27,OK,Agadir,Carte,LIV5,
CMD37898,CL0204,P044,14/05/2024,4,565.16,livré,TNG,Carte,LIV8,2024-05-19
CMD37148,CL0650,P053,07/01/2023,5,834.93,livré,tanger,Carte,LIV8,2023-01-08
CMD34803,CL0347,P002,12/05/2023,4,1884.69,LIVRE,TANGER,Carte,LIV4,2023-05-16
CMD17815,CL0007,P041,Jan 24 2024,4,517.12,livré,casa,Carte,LIV2,2024-01-29
CMD06732,CL0981,P024,Oct 04 2023,4,0,livré,TANGER,Carte,LIV3,2023-10-08
CMD11596,CL0759,P087,Apr 13 2024,3,4043.07,livre,tanger,Carte,LIV8,
CMD01986,CL0413,P005,17/07/2023,1,4705.97,DONE,CASABLANCA,Carte,LIV9,2023-07-21
CMD06453,CL0644,P002,06/03/2024,2,4523.26,OK,CASABLANCA,Carte,LIV10,
CMD13640,CL0809,P049,Mar 03 2023,1,2540.19,livré,CASABLANCA,Carte,LIV7,2023-03-08
CMD36780,CL0254,P089,25/12/2023,1,4133.03,KO,Agadir,Carte,LIV10,
CMD39014,CL0829,P034,Oct 05 2023,3,1248.32,KO,RBA,Carte,LIV1,
CMD22402,CL0364,P010,May 23 2023,3,835.04,annulé,Agadir,Carte,LIV2,
CMD29418,CL0922,P016,30/07/2023,2,1219.61,livré,CASABLANCA,Carte,,2023-07-31
CMD35794,CL0273,P004,2023-01-02,4,1437.61,en_cours,TNG,Carte,LIV2,
CMD03914,CL0147,P086,Jan 05 2023,3,2131.78,OK,casa,Carte,LIV3,
CMD09678,CL0348,P012,04/03/2024,5,4571.04,retourné,TNG,Carte,LIV3,2024-03-08
CMD36986,CL0081,P001,29/04/2024,3,3887.63,livré,TANGER,Carte,LIV4,2024-05-03
CMD12369,CL0353,P017,Jan 10 2024,3,3658.9,livré,CASABLANCA,Carte,LIV3,2024-01-15
CMD02812,CL0359,P096,06/04/2024,4,3893.18,annulé,marrakech,Carte,LIV1,
CMD25180,CL0455,P066,Jul 17 2023,4,1236.87,livré,kech,Carte,LIV6,2023-07-19
CMD14639,CL0905,P032,28/03/2023,3,574.91,DONE,Tnja,Carte,LIV8,2023-04-01
CMD39029,CL0660,P073,2023-04-07,5,3004.12,annulé,CASABLANCA,Carte,LIV8,
CMD27897,CL0636,P035,13/04/2023,4,3071.59,OK,casa,Carte,LIV8,
CMD34616,CL0901,P022,May 25 2023,1,4606.77,LIVRE,RBA,Carte,LIV4,2023-05-28
CMD31789,CL0860,P030,Aug 14 2023,1,2931.64,annulé,Tnja,Carte,LIV3,
CMD09893,CL0724,P017,2024-04-07,4,2407.12,DONE,casa,Carte,LIV1,2024-04-12
CMD04703,CL0125,P015,13/03/2024,2,662.78,livré,kech,Carte,LIV3,2024-03-15
CMD39027,CL0646,P041,2024-05-12,2,3245.65,en_cours,RBA,Carte,LIV10,
CMD21228,CL0139,P017,22/06/2023,3,2151.34,KO,kech,Carte,LIV5,
CMD23781,CL0270,P027,2024-05-05,2,1430.68,DONE,marrakech,Carte,LIV5,2024-05-06
CMD42085,CL0845,P086,2023-03-29,3,1260.6,livre,RBA,Carte,LIV5,
CMD34984,CL0443,P095,2023-01-13,2,2531.31,KO,kech,Carte,LIV3,
CMD36564,CL0507,P059,Feb 12 2024,3,4392.75,KO,Agadir,Carte,LIV6,
CMD27151,CL0788,P060,26/12/2023,3,3511.35,livré,RBA,Carte,,2023-12-31
CMD34450,CL0014,P017,17/04/2024,3,4514.28,livre,Tnja,Carte,LIV9,
CMD10465,CL0748,P097,Nov 10 2023,2,4891.55,KO,marrakech,Carte,LIV1,
CMD31759,CL0585,P041,Jun 02 2023,1,2006.56,livré,casa,Carte,LIV9,2023-06-03
CMD21868,CL0032,P096,31/10/2023,4,2399.06,livré,CASABLANCA,Carte,LIV2,2023-11-03
CMD34217,CL0935,P049,Apr 27 2023,5,3825.21,KO,Tnja,Carte,LIV7,
CMD47572,CL0001,P012,May 12 2023,1,1843.16,livré,CASABLANCA,Carte,LIV2,2023-05-17
CMD22029,CL0731,P039,2024-04-26,3,4828.95,livré,RBA,Carte,LIV5,2024-04-30
CMD16148,CL0541,P065,09/12/2023,3,193.42,livre,TANGER,Carte,LIV6,
CMD35330,CL0302,P089,Jun 27 2023,1,3702.82,annulé,RBA,Carte,LIV6,
CMD43432,CL0667,P091,Mar 15 2023,2,2954.22,annulé,Agadir,Carte,LIV6,
CMD14306,CL0170,P056,2023-08-18,3,1901.33,livré,TNG,Carte,LIV8,2023-08-20
CMD41470,CL0280,P026,Jan 27 2023,5,919.81,livré,RBA,Carte,LIV6,2023-02-01
CMD07733,CL0535,P078,Jan 05 2024,3,1947.91,en_cours,tanger,Carte,LIV8,
CMD42481,CL0330,P080,Aug 22 2023,1,0,annulé,RBA,Carte,LIV7,
CMD10468,CL0871,P009,2023-09-14,1,2060.65,livré,CASABLANCA,Carte,LIV8,2023-09-16
CMD08816,CL0976,P061,Dec 11 2023,4,3222.9,KO,casa,Carte,LIV3,
CMD38214,CL0315,P070,Apr 08 2024,5,997.04,livré,marrakech,Carte,LIV2,2024-04-10
CMD38133,CL0111,P040,2023-09-30,5,545.38,OK,casa,Carte,LIV4,
CMD47727,CL0877,P001,10/05/2024,2,3555.45,LIVRE,CASABLANCA,Carte,LIV7,2024-05-14
CMD42760,CL0038,P054,Feb 13 2024,4,936.16,LIVRE,TNG,Carte,LIV1,2024-02-14
CMD14025,CL0825,P096,2023-08-25,5,1682.18,retourné,casa,Carte,,2023-08-29
CMD44035,CL0828,P037,26/10/2023,4,3342.14,annulé,RBA,Carte,LIV1,
CMD16382,CL0382,P020,Jan 28 2024,3,1212.36,annulé,TNG,Carte,LIV7,
CMD01435,CL0219,P060,2024-03-08,5,2201.54,livré,kech,Carte,LIV1,2024-03-10
CMD39485,CL0241,P078,May 03 2023,4,2137.52,OK,tanger,Carte,LIV10,
CMD46283,CL0447,P036,06/04/2024,5,2193.46,OK,casa,Carte,LIV8,
CMD36367,CL0764,P078,Sep 17 2023,2,1956.01,OK,Tnja,Carte,LIV10,
CMD05943,CL0663,P076,2024-01-03,1,4818.48,KO,Tnja,Carte,LIV5,
CMD36260,CL0734,P032,Jan 19 2024,4,4394.23,retourné,TNG,Carte,LIV2,2024-01-24
CMD18503,CL0223,P082,2023-05-20,2,2984.98,DONE,Tnja,Carte,LIV3,2023-05-21
CMD21625,CL0042,P022,23/10/2023,1,4754.4,livré,casa,Carte,LIV6,2023-10-27
CMD39837,CL0616,P076,2023-01-02,2,2463.16,livré,Agadir,Carte,LIV3,2023-01-04
CMD36388,CL0385,P016,15/01/2023,4,3195.91,en_cours,TNG,Carte,LIV7,
CMD25184,CL0588,P079,2023-04-11,2,3381.66,DONE,casa,Carte,,2023-04-16
CMD19457,CL0004,P043,2023-03-09,4,3502.19,DONE,Agadir,Carte,LIV6,2023-03-10
CMD30741,CL0937,P074,Oct 06 2023,3,852.7,en_cours,Agadir,Carte,,
CMD27836,CL0340,P040,Oct 11 2023,4,2129.72,livré,tanger,Carte,,2023-10-15
CMD01432,CL0708,P085,Sep 04 2023,1,1987.85,en_cours,CASABLANCA,Carte,LIV6,
CMD06695,CL0556,P068,14/11/2023,5,1085.38,LIVRE,marrakech,Carte,LIV1,2023-11-16
CMD18255,CL0040,P017,Nov 23 2023,5,4661.85,LIVRE,CASABLANCA,Carte,LIV6,2023-11-26
CMD23094,CL0094,P035,2023-07-01,2,311.1,KO,Tnja,Carte,LIV10,
CMD05587,CL0488,P024,16/05/2023,2,3473.86,livré,Agadir,Carte,LIV8,2023-05-21
CMD16864,CL0735,P030,23/12/2023,5,4647.09,retourné,marrakech,Carte,LIV5,2023-12-26
CMD26375,CL0798,P074,2023-02-09,1,3862.48,LIVRE,TANGER,Carte,LIV5,2023-02-14
CMD28337,CL0794,P082,2023-08-09,2,1486.31,LIVRE,CASABLANCA,Carte,LIV6,2023-08-10
CMD30294,CL0311,P001,03/05/2023,2,913.58,livre,Tnja,Carte,,
CMD08909,CL0336,P007,2023-08-13,3,1608.93,livré,CASABLANCA,Carte,LIV6,2023-08-16
CMD07142,CL0951,P099,Jan 03 2024,2,3501.17,livré,RBA,Carte,LIV3,2024-01-06
CMD17958,CL0376,P032,18/08/2023,2,4546.43,livré,Agadir,Carte,,2023-08-20
CMD48114,CL0777,P091,27/03/2024,1,934.42,DONE,Agadir,Carte,LIV2,2024-03-28
CMD37551,CL0883,P064,2023-04-01,4,3093.19,livré,TNG,Carte,LIV2,2023-04-03
CMD23904,CL0887,P068,06/10/2023,3,2975.77,KO,marrakech,Carte,LIV4,
CMD10472,CL0950,P016,2023-04-10,5,3590.53,LIVRE,RBA,Carte,LIV5,2023-04-14
CMD07664,CL0977,P100,2024-01-25,3,494.79,OK,RBA,Carte,LIV5,
CMD44542,CL0918,P057,Nov 30 2023,1,3040.05,DONE,Tnja,Carte,LIV9,2023-12-02
CMD38951,CL0945,P040,Apr 13 2024,4,4934.47,en_cours,RBA,Carte,LIV3,
CMD33343,CL0780,P080,06/04/2024,3,1980.26,KO,marrakech,Carte,LIV3,
CMD02755,CL0756,P015,2023-11-24,4,1938.79,retourné,Tnja,Carte,LIV1,2023-11-28
CMD05273,CL0648,P078,27/04/2023,2,2995.85,livre,casa,Carte,LIV4,
CMD02797,CL0897,P081,Apr 03 2023,3,3767.28,KO,Tnja,Carte,LIV9,
CMD08571,CL0271,P029,10/01/2023,2,2678.62,OK,tanger,Carte,LIV2,
CMD19543,CL0218,P067,2024-02-09,4,3640.11,livre,Tnja,Carte,LIV1,
CMD30054,CL0811,P021,Oct 21 2023,5,2117.27,livre,RBA,Carte,LIV3,
CMD14582,CL0157,P071,19/02/2023,3,3404.34,en_cours,casa,Carte,LIV8,
CMD15154,CL0785,P063,2023-03-01,3,4586.64,en_cours,Agadir,Carte,LIV10,
CMD26536,CL0046,P014,2024-01-24,1,1907.4,DONE,tanger,Carte,LIV3,2024-01-28
CMD17206,CL0696,P030,Apr 02 2024,3,2441.09,livré,kech,Carte,LIV3,2024-04-07
CMD13634,CL0828,P072,2023-09-23,5,3527.53,livré,casa,Carte,LIV10,2023-09-25
CMD15179,CL0893,P012,30/01/2024,3,3592.29,livré,Agadir,Carte,LIV1,2024-02-01
CMD35923,CL0840,P034,2023-05-25,3,1644.14,OK,tanger,Carte,,
CMD11033,CL0395,P011,21/01/2023,4,1364.91,livré,marrakech,Carte,LIV4,2023-01-22
CMD45701,CL0061,P043,2024-01-16,3,4580.35,annulé,casa,Carte,LIV10,
CMD02583,CL0550,P061,Jul 31 2023,4,74.09,LIVRE,kech,Carte,LIV7,2023-08-01
CMD35851,CL0882,P090,2023-01-17,5,2926.31,KO,CASABLANCA,Carte,LIV8,
CMD45195,CL0278,P091,Aug 05 2023,1,216.93,retourné,kech,Carte,LIV10,2023-08-10
CMD25329,CL0245,P057,31/07/2023,5,2302.5,retourné,kech,Carte,LIV5,2023-08-04
CMD47904,CL0640,P099,06/09/2023,5,1385.74,KO,Tnja,Carte,LIV10,
CMD25131,CL0178,P003,Apr 30 2024,4,2696.47,livré,Agadir,Carte,LIV2,2024-05-02
CMD10020,CL0986,P013,Jan 31 2023,1,4298.37,LIVRE,tanger,Carte,LIV9,2023-02-04
CMD45521,CL0058,P044,11/01/2024,1,2382.13,DONE,RBA,Carte,,2024-01-12
CMD11538,CL0771,P005,15/07/2023,4,1441.67,DONE,marrakech,Carte,LIV1,2023-07-18
CMD33460,CL0008,P008,04/09/2023,3,3550.38,annulé,casa,Carte,LIV2,
CMD38968,CL0702,P083,Jun 15 2023,3,4819.38,livre,TNG,Carte,LIV8,
CMD00449,CL0971,P071,2023-07-11,5,4725.6,OK,Agadir,Carte,LIV3,
CMD13497,CL0043,P004,10/09/2023,3,4338.5,livré,casa,Carte,LIV8,2023-09-15
CMD29698,CL0608,P067,2023-11-18,2,1895.11,livré,TNG,Carte,LIV1,2023-11-19
CMD05550,CL0893,P091,16/02/2023,3,516.98,retourné,TNG,Carte,LIV9,2023-02-19
CMD36369,CL0381,P083,Jan 19 2024,3,789.86,livré,TANGER,Carte,LIV10,2024-01-22
CMD28957,CL0040,P083,05/05/2024,1,2515.2,KO,kech,Carte,LIV3,
CMD34592,CL0451,P046,2023-03-08,5,3917.56,livre,CASABLANCA,Carte,LIV1,
CMD04880,CL0598,P038,Feb 23 2024,1,2220.18,livré,CASABLANCA,Carte,LIV3,2024-02-25
CMD19983,CL0269,P100,2024-02-09,3,3653.76,livre,CASABLANCA,Carte,LIV5,
CMD38428,CL0186,P009,2023-03-06,4,1346.53,LIVRE,CASABLANCA,Carte,LIV4,2023-03-11
CMD03772,CL0754,P070,03/02/2023,1,972.08,KO,CASABLANCA,Carte,LIV8,
CMD45558,CL0922,P027,10/01/2024,2,4825.62,KO,Agadir,Carte,LIV10,
CMD41067,CL0549,P100,2023-03-09,5,712.34,livré,casa,Carte,LIV5,2023-03-13
CMD12542,CL0720,P079,28/04/2024,4,2186.7,retourné,CASABLANCA,Carte,LIV3,2024-05-01
CMD31329,CL0817,P070,Sep 13 2023,2,1905.12,livré,Agadir,Carte,LIV1,2023-09-16
CMD37070,CL0388,P037,Jan 10 2024,5,1781.02,KO,Agadir,Carte,LIV2,
CMD44852,CL0097,P029,Aug 21 2023,4,3730.93,annulé,TNG,Carte,LIV4,
CMD36704,CL0243,P097,08/04/2024,1,3008.4,DONE,TANGER,Carte,LIV3,2024-04-10
CMD30048,CL0870,P032,04/05/2024,5,4821.84,en_cours,tanger,Carte,LIV1,
CMD38038,CL0907,P054,30/06/2023,5,1415.44,LIVRE,TANGER,Carte,LIV5,2023-07-05
CMD17062,CL0626,P047,06/03/2023,3,247.66,livré,CASABLANCA,Carte,LIV1,2023-03-07
CMD04175,CL0225,P031,13/03/2024,2,3155.62,annulé,Tnja,Carte,LIV7,
CMD04675,CL0276,P052,24/04/2024,3,2489.04,livré,CASABLANCA,Carte,LIV1,2024-04-29
CMD21465,CL0215,P015,2023-09-24,3,1682.57,en_cours,TANGER,Carte,LIV8,
CMD19140,CL0098,P089,Sep 30 2023,5,4252.03,KO,casa,Carte,LIV5,
CMD39784,CL0609,P061,Feb 28 2023,4,3075.53,en_cours,kech,Carte,LIV1,
CMD39436,CL0967,P031,2024-04-23,1,3082.16,livré,Agadir,Carte,LIV1,2024-04-28
CMD28331,CL0469,P066,03/09/2023,5,394.72,livré,kech,Carte,LIV9,2023-09-08
CMD08249,CL0523,P075,2024-03-04,3,964.45,livré,kech,Carte,LIV6,2024-03-05
CMD37992,CL0880,P059,08/12/2023,2,700.1,retourné,Tnja,Carte,LIV3,2023-12-13
CMD04266,CL0104,P066,2024-05-04,2,1010.74,LIVRE,Agadir,Carte,LIV1,2024-05-06
CMD27474,CL0224,P043,13/01/2023,2,3909.15,annulé,casa,Carte,LIV1,
CMD20027,CL0640,P013,Jun 29 2023,1,3210.91,livré,TANGER,Carte,LIV1,2023-07-02
CMD15431,CL0750,P066,Dec 05 2023,4,4245.03,LIVRE,CASABLANCA,Carte,,2023-12-09
CMD09883,CL0229,P047,Apr 22 2023,1,3107.12,livré,Agadir,Carte,LIV10,2023-04-24
CMD29815,CL0438,P059,2023-11-11,2,900.96,livré,TNG,Carte,LIV8,2023-11-12
CMD15442,CL0849,P081,2023-01-08,4,1900.94,en_cours,TANGER,Carte,LIV3,
CMD33913,CL0069,P079,Aug 20 2023,2,2654.92,livre,casa,Carte,LIV4,
CMD21212,CL0262,P067,Mar 30 2023,4,4308.89,OK,TNG,Carte,LIV1,
CMD01842,CL0469,P074,Mar 28 2024,1,4149.62,KO,marrakech,Carte,LIV3,
CMD28166,CL0409,P056,2023-06-30,5,3157.02,annulé,kech,Carte,LIV3,
CMD34948,CL0979,P013,26/03/2024,5,489.25,DONE,casa,Carte,LIV8,2024-03-31
CMD22552,CL0492,P065,2023-11-06,5,277.65,DONE,marrakech,Carte,LIV9,2023-11-07
CMD20352,CL0748,P040,25/01/2024,4,4969.11,livré,tanger,Carte,,2024-01-30
CMD32606,CL0709,P064,Aug 07 2023,5,356.12,LIVRE,Tnja,Carte,LIV2,2023-08-09
CMD17623,CL0622,P068,Feb 10 2023,3,232.15,LIVRE,Tnja,Carte,LIV1,2023-02-12
CMD28055,CL0130,P091,26/09/2023,2,1376.9,LIVRE,Tnja,Carte,LIV5,2023-09-30
CMD23878,CL0807,P042,06/01/2024,4,3732.12,livré,kech,Carte,LIV10,2024-01-08
CMD36348,CL0010,P100,25/03/2024,2,3623.11,DONE,Agadir,Carte,LIV1,2024-03-29
CMD21951,CL0408,P073,2024-01-21,5,1335.7,en_cours,casa,Carte,LIV3,
CMD44077,CL0887,P038,10/02/2023,5,3343.48,OK,TANGER,Carte,,
CMD48490,CL0753,P061,12/03/2023,2,3021.81,livré,marrakech,Carte,LIV5,2023-03-15
CMD30100,CL0580,P036,13/02/2024,5,3768.71,DONE,Tnja,Carte,LIV8,2024-02-14
CMD11050,CL0353,P002,2023-10-12,4,3644.93,DONE,Agadir,Carte,LIV6,2023-10-16
CMD34064,CL0745,P089,Sep 17 2023,3,2437.78,livre,Tnja,Carte,LIV9,
CMD47772,CL0313,P062,2024-01-12,5,192.05,LIVRE,Tnja,Carte,LIV5,2024-01-14
CMD12926,CL0275,P069,2023-12-04,1,4043.5,livré,casa,Carte,LIV7,2023-12-07
CMD19755,CL0264,P090,Mar 21 2024,2,1685.56,annulé,marrakech,Carte,LIV4,
CMD43475,CL0829,P085,03/12/2023,4,3916.04,DONE,TNG,Carte,,2023-12-05
CMD31078,CL0228,P003,12/10/2023,5,3187.6,DONE,Agadir,Carte,LIV6,2023-10-14
CMD27275,CL0443,P100,29/06/2023,5,1462.72,OK,RBA,Carte,LIV8,
CMD46498,CL0068,P008,2023-10-04,2,1786.16,DONE,tanger,Carte,LIV6,2023-10-05
CMD28219,CL0927,P046,2023-11-21,5,3428.32,livre,marrakech,Carte,LIV4,
CMD41484,CL0305,P061,Jan 26 2024,5,437.18,KO,Tnja,Carte,LIV1,
CMD45754,CL0541,P015,2023-01-27,2,4014.55,OK,tanger,Carte,LIV5,
CMD11144,CL0206,P059,28/02/2023,3,2234.3,livré,RBA,Carte,LIV3,2023-03-02
CMD12328,CL0614,P092,2023-02-16,1,4108.16,DONE,casa,Carte,LIV10,2023-02-21
CMD19300,CL0482,P077,06/05/2023,4,2038.8,livré,TANGER,Carte,LIV8,2023-05-09
CMD01969,CL0066,P050,Nov 11 2023,1,4498.74,DONE,kech,Carte,LIV3,2023-11-12
CMD09592,CL0956,P009,May 04 2023,2,2230.72,livré,Agadir,Carte,LIV10,2023-05-05
CMD08748,CL0877,P093,2024-03-18,5,3393.5,livré,RBA,Carte,LIV6,2024-03-20
CMD42883,CL0384,P051,Oct 05 2023,2,98.98,livré,Agadir,Carte,LIV6,2023-10-06
CMD26966,CL0363,P031,26/07/2023,1,3983.53,livre,CASABLANCA,Carte,LIV7,
CMD35791,CL0986,P090,07/02/2024,3,3612.67,retourné,tanger,Carte,LIV7,2024-02-10
CMD27298,CL0678,P040,02/03/2024,5,1701.66,LIVRE,casa,Carte,LIV9,2024-03-07
CMD02643,CL0184,P031,07/05/2024,4,178.32,livré,Tnja,Carte,LIV5,2024-05-10
CMD19197,CL0310,P090,2023-10-09,3,665.67,annulé,CASABLANCA,Carte,LIV7,
CMD46928,CL0673,P034,Dec 31 2023,3,3228.72,KO,CASABLANCA,Carte,LIV1,
CMD40088,CL0549,P006,Dec 25 2023,1,709.99,LIVRE,tanger,Carte,LIV8,2023-12-28
CMD22042,CL0591,P037,10/02/2024,5,4286.11,livré,CASABLANCA,Carte,LIV2,2024-02-12
CMD37817,CL0120,P013,Sep 12 2023,1,3282.46,LIVRE,Agadir,Carte,LIV5,2023-09-14
CMD09942,CL0174,P074,30/01/2023,3,1963.97,LIVRE,CASABLANCA,Carte,LIV9,2023-02-03
CMD45995,CL0566,P057,05/01/2024,5,1182.19,LIVRE,marrakech,Carte,LIV2,2024-01-07
CMD11959,CL0055,P012,23/09/2023,2,106.72,livré,kech,Carte,LIV5,2023-09-26
CMD39276,CL0514,P092,27/03/2024,2,4624.44,livré,Tnja,Carte,LIV2,2024-03-31
CMD14855,CL0974,P076,2023-11-10,5,4248.64,livre,casa,Carte,LIV1,
CMD03477,CL0028,P089,Apr 05 2024,2,108.0,annulé,marrakech,Carte,LIV5,
CMD03395,CL0026,P025,22/10/2023,3,1967.54,KO,Tnja,Carte,LIV7,
CMD37513,CL0672,P099,Aug 15 2023,5,4213.39,livré,RBA,Carte,LIV9,2023-08-17
CMD06355,CL0512,P019,Jan 07 2024,5,2804.43,annulé,Agadir,Carte,LIV10,
CMD41243,CL0003,P011,2023-12-13,4,4298.51,DONE,Agadir,Carte,LIV7,2023-12-17
CMD19984,CL0074,P047,Apr 25 2023,3,4242.28,livré,TNG,Carte,LIV2,2023-04-29
CMD46102,CL0979,P053,27/05/2023,2,488.49,en_cours,kech,Carte,LIV3,
CMD38915,CL0748,P058,2023-10-21,5,3547.12,LIVRE,TNG,Carte,LIV4,2023-10-22
CMD31141,CL0201,P090,2024-05-10,1,799.05,livré,RBA,Carte,LIV6,2024-05-14
CMD01131,CL0901,P092,2024-04-14,5,920.84,livré,Agadir,Carte,LIV10,2024-04-19
CMD39913,CL0365,P051,21/08/2023,1,1983.19,LIVRE,TNG,Carte,LIV9,2023-08-23
CMD39481,CL0787,P055,Feb 05 2024,4,4512.35,LIVRE,Tnja,Carte,,2024-02-10
CMD02960,CL0664,P077,2023-11-07,4,885.14,retourné,kech,Carte,LIV6,2023-11-10
CMD33625,CL0627,P077,02/07/2023,5,1650.51,KO,casa,Carte,LIV1,
CMD11698,CL0542,P055,May 09 2023,1,1282.74,OK,casa,Carte,LIV10,
CMD13035,CL0387,P018,Feb 27 2023,3,2247.95,livré,Tnja,Carte,LIV4,2023-02-28
CMD47368,CL0777,P055,2023-04-24,2,2032.91,livré,TNG,Carte,LIV2,2023-04-29
CMD46218,CL0119,P099,Feb 02 2024,4,3457.94,livre,kech,Carte,LIV8,
CMD41256,CL0931,P054,Sep 16 2023,4,3101.09,livre,kech,Carte,LIV7,
CMD03435,CL0678,P011,Sep 16 2023,3,4745.16,DONE,casa,Carte,LIV7,2023-09-20
CMD06559,CL0054,P036,2023-08-16,3,2553.8,retourné,Tnja,Carte,,2023-08-19
CMD28637,CL0305,P066,10/09/2023,4,4523.98,annulé,CASABLANCA,Carte,LIV5,
CMD28798,CL0406,P044,25/02/2024,3,2495.88,livre,Agadir,Carte,LIV4,
CMD08869,CL0510,P082,09/06/2023,2,1809.78,retourné,TNG,Carte,,2023-06-14
CMD14062,CL0592,P052,2023-01-13,1,3295.87,annulé,tanger,Carte,LIV2,
CMD19287,CL0010,P020,27/03/2023,3,1839.92,KO,RBA,Carte,LIV2,
CMD17669,CL0637,P093,14/10/2023,5,1193.98,retourné,marrakech,Carte,LIV9,2023-10-18
CMD30253,CL0786,P010,2023-06-27,2,2204.04,retourné,TANGER,Carte,LIV3,2023-06-29
CMD16849,CL0399,P051,11/07/2023,2,2238.98,KO,casa,Carte,LIV1,
CMD12838,CL0830,P065,14/09/2023,2,420.7,LIVRE,kech,Carte,LIV2,2023-09-15
CMD11348,CL0869,P075,19/01/2024,5,4750.48,livré,kech,Carte,LIV5,2024-01-20
CMD42122,CL0482,P032,Feb 18 2024,3,2287.61,livré,RBA,Carte,LIV10,2024-02-20
CMD21173,CL0705,P047,2023-01-11,2,4973.67,annulé,CASABLANCA,Carte,LIV2,
CMD13712,CL0485,P054,Jun 01 2023,1,3226.09,annulé,tanger,Carte,LIV3,
CMD47610,CL0141,P068,15/07/2023,1,3407.42,annulé,RBA,Carte,LIV5,
CMD31944,CL0664,P007,2023-11-26,2,379.51,retourné,kech,Carte,LIV1,2023-11-27
CMD20793,CL0181,P100,2023-01-18,4,1169.96,en_cours,marrakech,Carte,LIV7,
CMD19339,CL0823,P069,2024-03-21,1,3030.47,KO,TANGER,Carte,LIV2,
CMD44526,CL0910,P099,2023-07-09,3,1810.26,retourné,tanger,Carte,LIV7,2023-07-13
CMD45144,CL0533,P096,2023-08-31,4,2969.31,livré,tanger,Carte,,2023-09-05
CMD17874,CL0613,P032,Dec 31 2023,4,3511.02,en_cours,RBA,Carte,LIV4,
CMD11211,CL0407,P004,Mar 07 2024,2,2315.66,annulé,marrakech,Carte,LIV1,
CMD24445,CL0073,P092,2024-04-30,3,101.23,DONE,Agadir,Carte,LIV10,2024-05-03
CMD09582,CL0365,P071,Jun 05 2023,5,2391.91,LIVRE,kech,Carte,LIV7,2023-06-08
CMD40645,CL0099,P002,23/03/2023,2,3564.84,livré,casa,Carte,LIV6,2023-03-25
CMD46156,CL0544,P079,22/09/2023,5,2770.84,DONE,Tnja,Carte,LIV7,2023-09-26
CMD27808,CL0676,P014,29/03/2023,5,2467.75,retourné,kech,Carte,LIV7,2023-04-01
CMD29641,CL0941,P082,2023-08-29,1,4704.31,livre,CASABLANCA,Carte,LIV4,
CMD21802,CL0560,P067,27/05/2023,4,1692.4,livre,CASABLANCA,Carte,LIV6,
CMD39467,CL0662,P031,2023-12-18,3,1679.81,LIVRE,TANGER,Carte,LIV1,2023-12-19
CMD31176,CL0427,P013,Jun 18 2023,5,4570.25,livré,TANGER,Carte,LIV1,2023-06-23
CMD18227,CL0942,P059,15/01/2023,2,620.47,KO,CASABLANCA,Carte,LIV10,
CMD00891,CL0987,P037,2023-08-01,1,1706.93,LIVRE,TANGER,Carte,LIV9,2023-08-04
CMD32016,CL0840,P074,27/01/2023,1,0,livré,TANGER,Carte,LIV8,2023-01-31
CMD11191,CL0768,P034,2023-05-26,3,4744.7,DONE,TNG,Carte,LIV5,2023-05-28
CMD01703,CL0873,P027,12/03/2023,4,1269.65,en_cours,TNG,Carte,LIV1,
CMD13301,CL0574,P052,26/11/2023,3,3719.09,livre,CASABLANCA,Carte,LIV6,
CMD20056,CL0921,P023,Feb 11 2024,4,592.72,en_cours,TNG,Carte,LIV8,
CMD29923,CL0007,P038,31/07/2023,1,951.68,en_cours,Tnja,Carte,LIV4,
CMD29647,CL0246,P088,2023-09-22,4,1938.48,livré,kech,Carte,LIV3,2023-09-26
CMD25246,CL0451,P020,2023-07-09,1,3534.59,annulé,Tnja,Carte,LIV7,
CMD37534,CL0743,P080,2024-03-29,2,2758.6,livré,tanger,Carte,LIV4,2024-03-31
CMD39803,CL0891,P079,2024-01-26,3,1366.42,LIVRE,tanger,Carte,LIV6,2024-01-30
CMD17708,CL0647,P027,14/02/2024,3,992.73,annulé,Tnja,Carte,LIV10,
CMD45647,CL0056,P093,Jul 18 2023,5,546.8,annulé,casa,Carte,LIV3,
CMD26135,CL0954,P091,2023-02-05,4,425.48,OK,Tnja,Carte,LIV3,
CMD17055,CL0655,P078,Jun 06 2023,1,3846.49,KO,Agadir,Carte,LIV2,
CMD34591,CL0414,P054,2023-05-13,5,4164.78,livre,Tnja,Carte,LIV4,
CMD33078,CL0419,P036,Sep 03 2023,4,4709.83,retourné,CASABLANCA,Carte,LIV1,2023-09-05
CMD19172,CL0262,P001,Nov 17 2023,1,958.63,KO,Agadir,Carte,LIV10,
CMD20938,CL0501,P014,Jan 18 2024,5,3469.86,en_cours,casa,Carte,LIV8,
CMD42743,CL0247,P046,2023-02-10,1,2878.95,annulé,RBA,Carte,LIV7,
CMD39457,CL0447,P097,Apr 22 2024,3,145.16,livre,marrakech,Carte,LIV7,
CMD43953,CL0131,P005,May 07 2024,3,2732.96,OK,kech,Carte,LIV2,
CMD29547,CL0638,P049,Apr 04 2023,1,0,OK,RBA,Carte,LIV9,
CMD01672,CL0767,P036,03/01/2024,5,3000.44,LIVRE,TNG,Carte,LIV10,2024-01-04
CMD20492,CL0146,P041,Sep 15 2023,3,1504.63,annulé,CASABLANCA,Carte,LIV2,
CMD09433,CL0725,P065,Nov 24 2023,4,3952.29,retourné,RBA,Carte,LIV5,2023-11-27
CMD00801,CL0834,P100,2023-07-26,4,2158.76,livré,kech,Carte,LIV5,2023-07-27
CMD12469,CL0575,P034,Jul 13 2023,3,3774.0,annulé,kech,Carte,,
CMD07698,CL0452,P029,Sep 29 2023,3,2932.05,LIVRE,casa,Carte,LIV7,2023-10-04
CMD25995,CL0724,P006,2024-02-29,5,3530.33,livré,CASABLANCA,Carte,LIV2,2024-03-04
CMD29635,CL0510,P071,2023-02-04,3,3171.89,retourné,marrakech,Carte,LIV5,2023-02-08
CMD06396,CL0941,P040,04/04/2024,4,3206.0,livré,tanger,Carte,LIV10,2024-04-08
CMD32236,CL0883,P065,18/04/2023,3,4505.54,livré,tanger,Carte,LIV10,2023-04-19
CMD35626,CL0954,P019,2023-07-07,3,2461.18,livre,RBA,Carte,LIV10,
CMD14434,CL0645,P042,Mar 29 2024,1,3268.49,livré,casa,Carte,LIV4,2024-03-31
CMD01772,CL0449,P050,2023-06-16,1,2847.25,livré,CASABLANCA,Carte,LIV2,2023-06-20
CMD10427,CL0927,P076,May 01 2024,3,3290.14,livré,TANGER,Carte,LIV9,2024-05-04
CMD43429,CL0411,P032,Nov 27 2023,1,3323.46,LIVRE,TNG,Carte,LIV2,2023-12-02
CMD30942,CL0726,P097,03/04/2024,4,4898.24,livré,marrakech,Carte,LIV9,2024-04-05
CMD38876,CL0900,P091,Feb 14 2024,4,1744.16,OK,CASABLANCA,Carte,LIV1,
CMD00212,CL0568,P021,06/01/2023,3,2695.09,KO,Tnja,Carte,LIV6,
CMD47734,CL0544,P017,18/05/2023,3,3787.13,livré,RBA,Carte,LIV10,2023-05-23
CMD37459,CL0137,P024,Jan 28 2023,5,3455.05,livré,TNG,Carte,LIV8,2023-02-01
CMD28494,CL0581,P035,Jun 15 2023,2,2456.91,LIVRE,casa,Carte,LIV5,2023-06-19
CMD37169,CL0512,P097,31/03/2024,3,1670.94,livré,CASABLANCA,Carte,LIV5,2024-04-04
CMD19394,CL0654,P082,24/03/2023,4,2929.78,retourné,kech,Carte,,2023-03-29
CMD26604,CL0721,P066,2023-07-08,2,2924.69,LIVRE,TNG,Carte,LIV10,2023-07-10
CMD13926,CL0553,P065,29/02/2024,4,1840.58,livre,TANGER,Carte,LIV1,
CMD25331,CL0530,P039,Jan 24 2024,5,4735.99,OK,casa,Carte,LIV6,
CMD04258,CL0003,P097,2023-10-21,3,288.24,OK,marrakech,Carte,LIV2,
CMD31111,CL0721,P021,Mar 18 2024,3,334.23,livré,TNG,Carte,LIV2,2024-03-19
CMD22331,CL0183,P028,2024-03-17,1,943.23,KO,kech,Carte,LIV8,
CMD44445,CL0917,P079,2023-07-04,2,1150.92,KO,TNG,Carte,LIV1,
CMD03204,CL0879,P011,Sep 09 2023,5,3091.19,KO,casa,Carte,LIV9,
CMD43306,CL0105,P036,04/09/2023,2,715.93,DONE,casa,Carte,LIV8,2023-09-05
CMD23274,CL0864,P050,26/01/2023,5,2048.23,LIVRE,kech,Carte,LIV9,2023-01-30
CMD45592,CL0908,P051,16/08/2023,2,4383.94,livré,Agadir,Carte,LIV6,2023-08-19
CMD32424,CL0401,P064,04/04/2024,4,1627.26,livré,Agadir,Carte,LIV6,2024-04-08
CMD40356,CL0711,P060,2024-02-06,2,2163.14,livré,tanger,Carte,LIV4,2024-02-08
CMD16760,CL0111,P091,2023-09-05,4,3524.53,livré,casa,Carte,LIV5,2023-09-09
CMD43772,CL0075,P044,Jun 06 2023,1,1100.56,LIVRE,TNG,Carte,LIV3,2023-06-08
CMD04927,CL0556,P045,2024-03-25,3,72.47,retourné,kech,Carte,LIV9,2024-03-29
CMD36676,CL0190,P082,10/04/2024,2,2310.03,KO,tanger,Carte,LIV9,
CMD24532,CL0836,P015,10/06/2023,3,1789.77,livre,kech,Carte,LIV10,
CMD40887,CL0998,P051,01/04/2024,5,4138.12,livré,casa,Carte,LIV7,2024-04-04
CMD25470,CL0878,P088,08/06/2023,4,2159.86,livre,RBA,Carte,LIV10,
CMD13955,CL0663,P001,Aug 11 2023,2,1816.52,livré,casa,Carte,LIV4,2023-08-16
CMD06132,CL0446,P096,20/08/2023,2,2355.42,en_cours,CASABLANCA,Carte,LIV6,
CMD09422,CL0102,P072,2023-09-19,5,4446.66,livré,Tnja,Carte,LIV2,2023-09-22
CMD48279,CL0623,P034,2023-09-19,5,2185.2,KO,CASABLANCA,Carte,LIV8,
CMD08192,CL0953,P047,2023-05-22,2,1815.69,OK,Tnja,Carte,LIV1,
CMD19342,CL0379,P084,27/11/2023,4,3558.74,KO,TANGER,Carte,LIV7,
CMD13424,CL0586,P033,2023-06-07,3,2287.12,DONE,TNG,Carte,LIV2,2023-06-08
CMD23752,CL0966,P071,Aug 06 2023,3,4855.93,livré,Tnja,Carte,,2023-08-11
CMD25524,CL0391,P025,02/12/2023,1,863.96,en_cours,RBA,Carte,LIV10,
CMD38645,CL0369,P094,Oct 29 2023,2,178.93,OK,CASABLANCA,Carte,LIV7,
CMD47651,CL0182,P024,Feb 07 2024,4,1882.72,retourné,TANGER,Carte,LIV8,2024-02-09
CMD38868,CL0529,P002,2023-09-05,1,1475.64,annulé,Agadir,Carte,LIV7,
CMD13020,CL0869,P047,21/10/2023,2,3258.21,livré,tanger,Carte,LIV10,2023-10-24
CMD25617,CL0860,P033,08/03/2023,4,2264.84,livré,casa,Carte,LIV3,2023-03-13
CMD29284,CL0493,P041,2023-07-22,5,859.69,KO,CASABLANCA,Carte,LIV10,
CMD07449,CL0848,P071,Aug 14 2023,4,941.85,KO,Tnja,Carte,LIV8,
CMD08391,CL0025,P027,Nov 23 2023,3,3369.56,livré,Agadir,Carte,LIV6,2023-11-25
CMD29906,CL0421,P068,Dec 30 2023,3,773.56,livre,kech,Carte,LIV3,
CMD46087,CL0063,P075,Jan 21 2023,2,522.87,livré,TANGER,Carte,LIV9,2023-01-23
CMD25479,CL0910,P009,27/11/2023,5,4776.79,livré,Tnja,Carte,LIV3,2023-11-30
CMD23990,CL0675,P086,2023-10-27,2,122.95,DONE,kech,Carte,LIV6,2023-10-28
CMD29369,CL0200,P021,Jan 08 2023,4,350.28,retourné,Agadir,Carte,LIV7,2023-01-13
CMD14417,CL0371,P038,13/09/2023,1,4576.02,LIVRE,TNG,Carte,,2023-09-16
CMD09397,CL0549,P098,2023-07-31,3,0,annulé,RBA,Carte,LIV5,
CMD11939,CL0998,P081,Apr 10 2023,4,1287.87,livré,TNG,Carte,LIV9,2023-04-14
CMD15549,CL0342,P090,2023-06-21,4,4781.24,livré,TANGER,Carte,LIV5,2023-06-26
CMD27512,CL0111,P014,23/04/2023,4,630.28,retourné,kech,Carte,,2023-04-26
CMD33589,CL0320,P022,2023-01-30,2,2964.29,livre,CASABLANCA,Carte,LIV1,
CMD37879,CL0322,P074,Aug 20 2023,5,3912.79,livré,TANGER,Carte,LIV7,2023-08-25
CMD15278,CL0647,P058,Jul 18 2023,2,1216.95,retourné,TANGER,Carte,LIV6,2023-07-19
CMD37648,CL0119,P016,2023-06-10,3,3483.95,OK,RBA,Carte,LIV2,
CMD03694,CL0618,P011,28/09/2023,5,2991.44,DONE,casa,Carte,,2023-09-29
CMD35109,CL0954,P063,Jan 30 2024,5,2538.9,OK,Tnja,Carte,LIV2,
CMD24033,CL0161,P068,Mar 25 2024,3,3978.23,OK,TANGER,Carte,LIV4,
CMD11727,CL0274,P059,04/05/2024,2,1363.34,en_cours,marrakech,Carte,LIV7,
CMD18838,CL0335,P038,Jan 22 2023,3,1827.72,livré,tanger,Carte,LIV5,2023-01-23
CMD12704,CL0366,P040,20/04/2023,4,3128.08,en_cours,Tnja,Carte,LIV6,
CMD44951,CL0865,P077,2023-02-01,2,3803.85,KO,RBA,Carte,LIV1,
CMD45379,CL0493,P034,Jan 16 2023,3,2316.66,OK,RBA,Carte,LIV4,
CMD28123,CL0444,P012,30/11/2023,1,255.35,livré,Tnja,Carte,LIV10,2023-12-01
CMD00159,CL0642,P082,28/02/2023,1,2238.53,annulé,TNG,Carte,LIV2,
CMD20936,CL0726,P054,Mar 15 2023,2,1116.47,livré,TANGER,Carte,,2023-03-18
CMD32233,CL0050,P008,2023-07-18,2,4356.97,DONE,Agadir,Carte,LIV6,2023-07-23
CMD11097,CL0392,P071,2023-09-11,4,471.37,DONE,marrakech,Carte,LIV10,2023-09-13
CMD29207,CL0102,P019,14/04/2023,1,4193.11,livre,TANGER,Carte,LIV6,
CMD07890,CL0131,P090,26/02/2024,3,2918.58,annulé,casa,Carte,LIV2,
CMD23197,CL0544,P064,2023-05-25,5,2155.16,OK,RBA,Carte,LIV2,
CMD02690,CL0629,P099,Feb 03 2024,1,3475.03,annulé,CASABLANCA,Carte,LIV5,
CMD13601,CL0345,P027,16/08/2023,5,1138.77,KO,casa,Carte,LIV6,
CMD18111,CL0388,P063,22/08/2023,1,110.2,KO,Agadir,Carte,LIV6,
CMD00692,CL0132,P068,2024-03-02,1,1859.83,en_cours,kech,Carte,LIV3,
CMD09989,CL0174,P008,12/04/2024,1,2116.44,KO,marrakech,Carte,LIV9,
CMD22743,CL0828,P014,10/01/2023,4,1354.73,livré,casa,Carte,LIV8,2023-01-14
CMD08945,CL0270,P046,2024-05-12,2,228.48,en_cours,tanger,Carte,LIV8,
CMD37098,CL0159,P047,2023-06-26,4,3667.85,retourné,TANGER,Carte,LIV5,2023-07-01
CMD25786,CL0722,P015,May 27 2023,5,3560.64,LIVRE,TANGER,Carte,LIV5,2023-05-30
CMD02143,CL0309,P011,2023-05-23,2,472.89,OK,TNG,Carte,LIV8,
CMD00129,CL0343,P094,Jan 17 2023,2,2612.58,DONE,Tnja,Carte,LIV10,2023-01-20
CMD46229,CL0831,P027,05/08/2023,5,3447.67,LIVRE,Tnja,Carte,LIV9,2023-08-09
CMD11791,CL0261,P036,09/06/2023,5,1574.55,livré,TNG,Carte,LIV8,2023-06-13
CMD44447,CL0677,P067,28/01/2024,5,1602.36,livre,casa,Carte,LIV4,
CMD12479,CL0785,P004,16/10/2023,2,3531.52,LIVRE,tanger,Carte,LIV4,2023-10-18
CMD47187,CL0718,P026,Aug 20 2023,5,1868.48,OK,Agadir,Carte,,
CMD14411,CL0143,P078,Oct 09 2023,5,4924.36,en_cours,marrakech,Carte,LIV9,
CMD22537,CL0062,P014,2023-05-25,5,1895.7,en_cours,kech,Carte,LIV6,
CMD19621,CL0654,P048,09/03/2024,3,2578.66,KO,TANGER,Carte,LIV3,
CMD28657,CL0012,P085,2024-04-01,3,428.58,livré,Tnja,Carte,LIV10,2024-04-06
CMD30820,CL0286,P041,Mar 19 2023,3,4965.99,retourné,Tnja,Carte,LIV7,2023-03-21
CMD47336,CL0573,P050,22/04/2023,3,4079.45,LIVRE,Agadir,Carte,LIV7,2023-04-25
CMD39358,CL0500,P012,2023-07-26,5,3425.51,LIVRE,RBA,Carte,LIV5,2023-07-28
CMD20495,CL0057,P088,2023-08-18,4,3435.16,livre,CASABLANCA,Carte,LIV1,
CMD22644,CL0717,P041,2023-08-22,4,2655.69,livré,tanger,Carte,LIV3,2023-08-25
CMD02922,CL0459,P095,13/07/2023,1,1405.89,DONE,TNG,Carte,LIV1,2023-07-14
CMD36080,CL0659,P014,22/04/2024,1,2482.05,LIVRE,Tnja,Carte,LIV8,2024-04-25
CMD01729,CL0751,P018,15/02/2023,2,2066.86,en_cours,marrakech,Carte,LIV9,
CMD06534,CL0050,P060,23/03/2024,5,3916.23,KO,tanger,Carte,LIV4,
CMD04276,CL0506,P002,07/01/2024,2,3294.51,KO,TNG,Carte,LIV6,
CMD35299,CL0663,P083,28/01/2024,4,3678.85,livré,marrakech,Carte,LIV4,2024-02-02
CMD24346,CL0434,P061,Aug 02 2023,1,4381.55,retourné,casa,Carte,LIV6,2023-08-07
CMD39194,CL0305,P049,07/10/2023,3,1047.72,en_cours,casa,Carte,LIV2,
CMD29441,CL0008,P071,11/01/2023,1,2315.33,LIVRE,CASABLANCA,Carte,LIV6,2023-01-13
CMD03067,CL0954,P079,Feb 01 2023,3,2796.79,KO,casa,Carte,LIV9,
CMD42688,CL0717,P069,2023-09-03,2,2876.9,LIVRE,TNG,Carte,LIV10,2023-09-05
CMD45085,CL0843,P009,Dec 28 2023,1,870.68,DONE,CASABLANCA,Carte,LIV5,2024-01-01
CMD14066,CL0742,P098,27/02/2024,3,2090.09,annulé,TANGER,Carte,LIV9,
CMD47614,CL0524,P058,14/12/2023,3,420.81,LIVRE,TNG,Carte,LIV4,2023-12-16
CMD30919,CL0228,P055,13/08/2023,4,4038.88,DONE,RBA,Carte,LIV1,2023-08-16
CMD20473,CL0413,P042,01/05/2023,1,4119.78,DONE,TANGER,Carte,LIV3,2023-05-05
CMD26866,CL0748,P020,12/06/2023,1,4424.0,livré,kech,Carte,LIV9,2023-06-15
CMD13910,CL0586,P058,2023-08-26,5,2397.73,retourné,Tnja,Carte,LIV7,2023-08-28
CMD25996,CL0607,P082,Dec 30 2023,3,0,annulé,marrakech,Carte,,
CMD32896,CL0769,P062,2023-01-26,5,2142.34,DONE,Agadir,Carte,LIV1,2023-01-29
CMD01488,CL0255,P033,18/04/2023,3,2701.31,livré,CASABLANCA,Carte,LIV6,2023-04-20
CMD46996,CL0541,P091,2023-06-18,4,0,en_cours,TNG,Carte,LIV2,
CMD06077,CL0432,P012,Sep 14 2023,1,3268.3,livré,kech,Carte,LIV4,2023-09-16
CMD40161,CL0184,P061,23/03/2023,3,1707.5,livre,kech,Carte,LIV1,
CMD08814,CL0165,P014,Nov 23 2023,2,4869.68,livré,RBA,Carte,LIV1,2023-11-27
CMD26586,CL0794,P043,2023-08-14,5,3470.74,livre,tanger,Carte,LIV1,
CMD18709,CL0165,P086,19/03/2023,3,1719.4,LIVRE,RBA,Carte,LIV1,2023-03-23
CMD31299,CL0279,P037,Feb 17 2023,5,3768.32,livre,TANGER,Carte,LIV5,
CMD40778,CL0726,P096,2023-11-09,5,3192.84,en_cours,Tnja,Carte,,
CMD15872,CL0886,P007,01/04/2024,3,1366.74,livré,marrakech,Carte,LIV4,2024-04-06
CMD23838,CL0107,P039,Jun 28 2023,4,859.81,KO,CASABLANCA,Carte,LIV6,
CMD47304,CL0772,P015,30/04/2023,4,4925.89,retourné,Agadir,Carte,LIV7,2023-05-01
CMD27136,CL0689,P053,30/03/2023,4,4419.08,livré,TANGER,Carte,LIV10,2023-04-01
CMD18347,CL0787,P087,2023-12-29,5,837.73,livré,TNG,Carte,LIV6,2023-12-31
CMD10520,CL0272,P002,2023-04-22,3,2101.39,livre,TNG,Carte,LIV10,
CMD44473,CL0278,P018,Apr 13 2024,5,4850.32,livré,casa,Carte,LIV1,2024-04-16
CMD39886,CL0093,P052,Mar 08 2024,2,515.98,livre,CASABLANCA,Carte,LIV7,
CMD39539,CL0571,P048,Apr 02 2024,5,387.51,en_cours,tanger,Carte,LIV1,
CMD44640,CL0341,P049,09/09/2023,3,3228.76,KO,CASABLANCA,Carte,LIV8,
CMD04028,CL0486,P050,2023-04-14,1,3009.98,livré,marrakech,Carte,,2023-04-18
CMD39634,CL0410,P064,2023-11-02,2,0,OK,Agadir,Carte,LIV3,
CMD22205,CL0830,P092,Mar 13 2024,1,2856.71,OK,CASABLANCA,Carte,LIV5,
CMD11187,CL0439,P038,2024-02-21,4,620.96,livré,casa,Carte,LIV8,2024-02-23
CMD19901,CL0268,P005,21/03/2023,4,3618.0,DONE,TANGER,Carte,LIV3,2023-03-24
CMD43490,CL0749,P021,Feb 01 2023,2,2924.62,livré,Agadir,Carte,LIV3,2023-02-02
CMD27188,CL0891,P030,2023-09-13,1,4777.13,livré,kech,Carte,LIV1,2023-09-16
CMD43364,CL0370,P049,2023-05-06,4,4166.31,livré,Agadir,Carte,LIV6,2023-05-08
CMD19981,CL0826,P019,2023-05-25,1,3390.62,retourné,Tnja,Carte,LIV10,2023-05-26
CMD23987,CL0434,P038,23/10/2023,1,2751.62,LIVRE,Tnja,Carte,LIV7,2023-10-27
CMD00389,CL0982,P091,28/02/2023,2,1621.79,livré,TNG,Carte,LIV3,2023-03-02
CMD32776,CL0373,P083,01/02/2024,1,4251.12,en_cours,Agadir,Carte,LIV3,
CMD08581,CL0964,P020,04/01/2024,2,2257.59,livré,RBA,Carte,LIV1,2024-01-07
CMD41232,CL0934,P037,25/04/2024,5,474.31,retourné,marrakech,Carte,LIV4,2024-04-28
CMD18107,CL0474,P007,Oct 20 2023,4,3905.97,en_cours,CASABLANCA,Carte,LIV10,
CMD42429,CL0312,P085,Oct 11 2023,2,1009.93,livré,Tnja,Carte,LIV7,2023-10-13
CMD27181,CL0095,P099,26/08/2023,4,1162.05,en_cours,kech,Carte,LIV9,
CMD13876,CL0474,P020,19/12/2023,2,652.02,OK,Agadir,Carte,,
CMD18485,CL0842,P016,02/05/2023,5,4636.51,retourné,Agadir,Carte,LIV8,2023-05-06
CMD20753,CL0856,P098,13/01/2023,-1,3366.12,livré,CASABLANCA,Carte,LIV3,2023-01-14
CMD05375,CL0411,P065,2023-06-15,4,3590.2,livré,TANGER,Carte,LIV3,2023-06-20
CMD01919,CL0449,P081,03/09/2023,5,2526.14,livre,Tnja,Carte,,
CMD35253,CL0607,P037,2024-05-12,2,2654.13,livré,marrakech,Carte,LIV7,2024-05-16
CMD17110,CL0462,P008,Dec 03 2023,3,4831.58,en_cours,TNG,Carte,LIV10,
CMD22262,CL0017,P020,02/02/2023,5,3082.79,DONE,CASABLANCA,Carte,LIV10,2023-02-07
CMD18642,CL0105,P028,2023-07-27,1,3598.62,livré,casa,Carte,LIV3,2023-07-31
CMD18700,CL0201,P008,May 05 2024,5,2333.36,annulé,CASABLANCA,Carte,LIV10,
CMD03943,CL0589,P085,09/03/2023,2,3391.72,LIVRE,Agadir,Carte,LIV8,2023-03-12
CMD12235,CL0028,P084,30/01/2024,1,748.7,en_cours,tanger,Carte,,
CMD32952,CL0179,P001,2024-02-22,3,4519.23,LIVRE,CASABLANCA,Carte,LIV8,2024-02-23
CMD10608,CL0912,P014,2023-07-05,1,4643.13,retourné,marrakech,Carte,LIV9,2023-07-10
CMD13354,CL0383,P086,2023-09-05,5,3127.96,annulé,Tnja,Carte,LIV9,
CMD06010,CL0180,P060,2024-05-02,4,883.64,en_cours,RBA,Carte,LIV3,
CMD05756,CL0950,P018,2023-10-03,5,1339.08,en_cours,CASABLANCA,Carte,,
CMD41174,CL0619,P098,2023-10-07,5,878.52,livré,TANGER,Carte,LIV7,2023-10-08
CMD03549,CL0708,P065,06/10/2023,5,2599.43,KO,TANGER,Carte,LIV2,
CMD34778,CL0156,P051,Feb 18 2024,5,579.52,OK,TANGER,Carte,LIV6,
CMD15946,CL0581,P063,Apr 02 2023,1,4813.65,DONE,Tnja,Carte,LIV6,2023-04-05
CMD14221,CL0026,P079,2023-01-17,5,3395.63,retourné,Agadir,Carte,LIV8,2023-01-22
CMD25164,CL0164,P092,2023-07-08,2,1542.43,en_cours,TNG,Carte,LIV5,
CMD46158,CL0145,P017,2024-02-23,1,1268.47,livré,TNG,Carte,LIV5,2024-02-27
CMD20519,CL0427,P042,24/03/2023,1,2892.62,OK,Tnja,Carte,LIV6,
CMD21750,CL0545,P053,2024-02-28,4,2282.88,retourné,tanger,Carte,LIV3,2024-03-01
CMD23742,CL0580,P017,Mar 09 2023,4,1976.58,livré,kech,Carte,LIV6,2023-03-14
CMD40566,CL0839,P004,2023-11-09,4,3525.11,LIVRE,RBA,Carte,LIV8,2023-11-11
CMD25892,CL0923,P041,Jan 02 2023,1,1907.16,OK,marrakech,Carte,LIV4,
CMD48254,CL0687,P068,Sep 16 2023,5,3119.74,retourné,CASABLANCA,Carte,LIV6,2023-09-18
CMD16173,CL0497,P057,Jan 22 2023,4,127.39,annulé,tanger,Carte,LIV10,
CMD27488,CL0434,P096,27/06/2023,2,4290.66,livre,Tnja,Carte,,
CMD25218,CL0765,P043,Apr 07 2023,1,4172.1,livré,RBA,Carte,LIV5,2023-04-08
CMD01115,CL0642,P026,2023-08-27,4,162.55,DONE,Agadir,Carte,LIV7,2023-08-30
CMD09633,CL0674,P094,28/06/2023,5,1567.4,en_cours,RBA,Carte,LIV8,
CMD00817,CL0416,P006,05/10/2023,1,4248.15,livre,Agadir,Carte,LIV9,
CMD06820,CL0372,P023,Jul 31 2023,5,1524.04,retourné,Tnja,Carte,LIV4,2023-08-01
CMD09207,CL0221,P080,Jan 23 2024,4,3833.2,livré,RBA,Carte,LIV5,2024-01-26
CMD00253,CL0701,P034,18/06/2023,2,2151.87,en_cours,Agadir,Carte,LIV1,
CMD03807,CL0357,P029,Apr 29 2023,2,1298.4,en_cours,casa,Carte,LIV7,
CMD04344,CL0415,P047,27/04/2024,2,2177.07,livré,RBA,Carte,LIV5,2024-05-02
CMD36246,CL0102,P072,2023-07-13,1,1043.21,KO,marrakech,Carte,LIV7,
CMD29903,CL0397,P012,Sep 05 2023,1,158.29,LIVRE,CASABLANCA,Carte,LIV2,2023-09-07
CMD25716,CL0457,P090,2023-03-29,2,1807.78,DONE,marrakech,Carte,LIV3,2023-03-31
CMD00948,CL0618,P026,01/07/2023,3,198.31,livre,Tnja,Carte,LIV10,
CMD24591,CL0397,P024,2024-03-31,4,4282.26,LIVRE,kech,Carte,,2024-04-05
CMD06948,CL0905,P002,2023-01-11,1,1393.33,KO,RBA,Carte,LIV6,
CMD22198,CL0289,P064,Apr 25 2024,1,1943.32,livré,TANGER,Carte,LIV2,2024-04-29
CMD25720,CL0729,P078,10/06/2023,3,4507.03,annulé,tanger,Carte,LIV3,
CMD00976,CL0540,P065,Apr 29 2024,4,4141.97,livré,marrakech,Carte,LIV3,2024-05-02
CMD06182,CL0372,P093,Jan 04 2024,2,3072.98,livré,TNG,Carte,LIV2,2024-01-06
CMD39243,CL0957,P044,2024-05-01,4,2551.24,KO,Agadir,Carte,LIV2,
CMD20500,CL0132,P006,2023-02-01,1,549.3,LIVRE,tanger,Carte,LIV1,2023-02-06
CMD26195,CL0695,P043,09/08/2023,3,3727.19,LIVRE,TANGER,Carte,LIV5,2023-08-14
CMD37322,CL0311,P026,2024-02-24,3,1769.7,LIVRE,Tnja,Carte,LIV5,2024-02-26
CMD44636,CL0703,P099,14/02/2024,2,3637.31,en_cours,tanger,Carte,LIV2,
CMD35422,CL0863,P044,2023-09-03,2,4695.42,livré,casa,Carte,LIV3,2023-09-05
CMD10436,CL0390,P069,Feb 18 2023,5,3555.17,LIVRE,Agadir,Carte,LIV9,2023-02-23
CMD08111,CL0618,P034,2024-02-07,2,4096.97,OK,TANGER,Carte,LIV1,
CMD25903,CL0335,P060,28/11/2023,1,1652.72,KO,kech,Carte,LIV7,
CMD37358,CL0088,P045,May 29 2023,5,639.34,retourné,RBA,Carte,LIV6,2023-06-01
CMD03602,CL0892,P048,2023-12-25,3,3730.37,livré,Agadir,Carte,LIV7,2023-12-28
CMD39364,CL0329,P045,04/05/2023,1,1262.68,KO,casa,Carte,LIV6,
CMD26164,CL0124,P030,Feb 25 2024,3,3530.04,en_cours,marrakech,Carte,,
CMD31954,CL0468,P071,21/02/2023,3,4832.15,livre,CASABLANCA,Carte,LIV2,
CMD24797,CL0139,P064,2023-12-04,1,0,retourné,tanger,Carte,LIV2,2023-12-05
CMD31957,CL0470,P018,14/03/2024,4,3329.43,livré,tanger,Carte,LIV9,2024-03-17
CMD46823,CL0760,P006,Jan 12 2024,4,3833.63,livré,CASABLANCA,Carte,LIV10,2024-01-15
CMD21411,CL0437,P086,2023-06-10,5,1835.65,livré,RBA,Carte,LIV4,2023-06-13
CMD23407,CL0973,P067,2023-05-31,1,3600.48,retourné,RBA,Carte,LIV7,2023-06-03
CMD33696,CL0053,P066,2023-05-13,5,3986.83,livré,TNG,Carte,LIV3,2023-05-15
CMD30490,CL0275,P023,2024-02-17,1,784.51,livré,Agadir,Carte,,2024-02-21
CMD15651,CL0993,P027,03/02/2024,5,4117.47,LIVRE,RBA,Carte,LIV8,2024-02-05
CMD39196,CL0144,P024,Mar 09 2024,2,1777.15,livre,Agadir,Carte,LIV4,
CMD43156,CL0102,P059,05/02/2023,2,1791.16,livre,tanger,Carte,LIV7,
CMD33903,CL0647,P069,Nov 15 2023,5,4387.82,annulé,kech,Carte,LIV3,
CMD31750,CL0875,P093,2024-03-25,-1,3703.97,livré,CASABLANCA,Carte,LIV4,2024-03-30
CMD37599,CL0782,P087,2024-01-25,3,2110.1,KO,TNG,Carte,LIV6,
CMD20555,CL0430,P068,2023-04-19,4,2718.79,livré,TNG,Carte,LIV1,2023-04-24
CMD37188,CL0722,P072,2023-03-08,1,1171.35,livré,casa,Carte,LIV2,2023-03-13
CMD09879,CL0984,P043,08/04/2023,2,4008.31,livré,TANGER,Carte,LIV9,2023-04-12
CMD46929,CL0607,P004,08/05/2023,2,1311.0,livré,TNG,Carte,LIV4,2023-05-10
CMD38608,CL0560,P051,19/05/2023,4,1108.0,en_cours,Tnja,Carte,LIV2,
CMD38718,CL0570,P074,17/04/2023,5,3511.09,livré,kech,Carte,LIV8,2023-04-18
CMD24920,CL0130,P012,07/05/2024,2,52.38,livre,Agadir,Carte,,
CMD27235,CL0216,P091,Feb 05 2024,2,1423.77,livre,TANGER,Carte,LIV5,
CMD43136,CL0843,P045,May 30 2023,4,4217.24,KO,casa,Carte,LIV6,
CMD04597,CL0663,P001,2023-02-03,3,3646.0,annulé,TNG,Carte,LIV6,
CMD46415,CL0552,P052,2023-12-15,3,4374.65,LIVRE,TANGER,Carte,LIV3,2023-12-19
CMD16838,CL0609,P067,2023-01-09,1,4375.58,retourné,tanger,Carte,LIV4,2023-01-12
CMD24054,CL0481,P100,18/02/2024,5,777.44,LIVRE,CASABLANCA,Carte,LIV7,2024-02-19
CMD26689,CL0181,P074,Jun 01 2023,1,3611.77,en_cours,TNG,Carte,LIV3,
CMD22724,CL0400,P021,09/01/2023,1,2610.6,livré,TNG,Carte,LIV5,2023-01-14
CMD43806,CL0109,P076,29/03/2023,4,791.09,en_cours,kech,Carte,LIV3,
CMD34149,CL0810,P034,2023-11-03,1,147.07,livré,RBA,Carte,LIV3,2023-11-07
CMD42144,CL0536,P053,01/09/2023,4,0,OK,tanger,Carte,LIV3,
CMD31388,CL0250,P079,30/10/2023,2,3357.85,KO,TANGER,Carte,,
CMD36639,CL0821,P062,Jan 31 2024,1,3969.18,livre,casa,Carte,LIV3,
CMD24410,CL0749,P078,2023-03-08,1,4478.44,annulé,Agadir,Carte,LIV9,
CMD42375,CL0540,P076,May 20 2023,1,844.83,livré,Tnja,Carte,LIV9,2023-05-24
CMD24710,CL0609,P030,20/03/2023,3,2067.6,annulé,tanger,Carte,LIV6,
CMD36404,CL0467,P087,Jul 02 2023,3,1213.2,retourné,casa,Carte,LIV1,2023-07-07
CMD44303,CL0591,P094,11/01/2024,1,1126.31,en_cours,TNG,Carte,LIV1,
CMD36718,CL0020,P019,2023-10-21,4,3932.3,DONE,Tnja,Carte,LIV10,2023-10-24
CMD47618,CL0819,P034,31/07/2023,1,3253.77,LIVRE,kech,Carte,LIV8,2023-08-03
CMD04729,CL0754,P043,Nov 16 2023,3,4399.57,livré,RBA,Carte,LIV8,2023-11-20
CMD01811,CL0573,P068,2024-01-20,3,383.23,DONE,TANGER,Carte,LIV5,2024-01-23
CMD15229,CL0474,P067,2023-09-19,3,1591.24,LIVRE,tanger,Carte,LIV3,2023-09-23
CMD27220,CL0771,P034,Aug 20 2023,3,541.23,LIVRE,Tnja,Carte,LIV7,2023-08-25
CMD33664,CL0390,P087,Oct 11 2023,3,1153.67,annulé,TANGER,Carte,LIV5,
CMD32433,CL0890,P056,Feb 08 2023,3,3412.35,retourné,kech,Carte,LIV5,2023-02-09
CMD18824,CL0586,P047,2023-03-28,2,3783.81,livré,RBA,Carte,LIV9,2023-03-31
CMD39888,CL0004,P094,2023-07-20,3,3399.32,LIVRE,kech,Carte,LIV5,2023-07-22
CMD41260,CL0345,P071,Apr 20 2023,4,2852.14,annulé,casa,Carte,,
CMD47465,CL0299,P056,Jan 04 2024,2,64.36,KO,TANGER,Carte,LIV4,
CMD30965,CL0208,P051,23/06/2023,5,2550.47,livre,RBA,Carte,LIV7,
CMD25722,CL0354,P036,21/11/2023,1,2946.36,KO,casa,Carte,LIV3,
CMD36069,CL0712,P012,2023-08-22,5,741.3,retourné,Agadir,Carte,LIV9,2023-08-27
CMD27733,CL0207,P052,Aug 04 2023,2,984.89,livré,TANGER,Carte,LIV3,2023-08-07
CMD42240,CL0604,P026,2023-10-17,3,3197.98,en_cours,casa,Carte,LIV9,
CMD15026,CL0693,P059,28/11/2023,1,3449.51,livré,marrakech,Carte,LIV3,2023-12-02
CMD46563,CL0200,P038,05/02/2024,5,4837.97,livré,Tnja,Carte,,2024-02-07
CMD10299,CL0262,P002,Apr 01 2023,3,168.18,OK,tanger,Carte,LIV3,
CMD12018,CL0569,P020,20/02/2024,2,4541.09,livré,TNG,Carte,LIV6,2024-02-25
CMD08537,CL0191,P033,2023-05-12,2,4318.09,OK,casa,Carte,LIV1,
CMD48409,CL0535,P090,2023-02-11,5,2543.03,LIVRE,RBA,Carte,,2023-02-12
CMD34022,CL0974,P050,16/04/2024,2,948.48,livre,kech,Carte,,
CMD33719,CL0450,P001,May 13 2024,1,1591.62,KO,kech,Carte,LIV4,
CMD18008,CL0662,P026,2023-11-30,5,3049.94,livré,RBA,Carte,LIV1,2023-12-04
CMD34235,CL0408,P012,Dec 11 2023,1,408.45,LIVRE,Tnja,Carte,LIV2,2023-12-15
CMD19034,CL0898,P059,2023-07-26,3,348.51,livre,Agadir,Carte,LIV8,
CMD35012,CL0738,P018,Apr 30 2024,4,4099.52,livré,TANGER,Carte,LIV8,2024-05-04
CMD17805,CL0655,P087,19/11/2023,5,1388.44,LIVRE,TANGER,Carte,,2023-11-20
CMD22293,CL0269,P067,01/03/2023,3,1854.32,OK,tanger,Carte,LIV9,
CMD47565,CL0610,P017,23/11/2023,4,2071.08,LIVRE,Agadir,Carte,LIV4,2023-11-28
CMD37474,CL0627,P051,2023-08-23,1,2316.26,en_cours,TANGER,Carte,LIV4,
CMD35298,CL0157,P057,Jun 14 2023,3,3053.43,retourné,tanger,Carte,LIV6,2023-06-17
CMD16152,CL0273,P032,2024-04-11,1,429.81,OK,Tnja,Carte,LIV10,
CMD39956,CL0732,P051,2023-04-25,1,413.92,OK,TANGER,Carte,LIV3,
CMD08294,CL0024,P073,Mar 12 2024,4,116.62,livré,Tnja,Carte,LIV3,2024-03-14
CMD40409,CL0235,P060,2023-07-25,2,2949.91,OK,Agadir,Carte,LIV7,
CMD46708,CL0233,P079,Nov 06 2023,4,2662.98,en_cours,Tnja,Carte,LIV10,
CMD03915,CL0234,P054,2023-06-10,4,3751.33,livré,TNG,Carte,LIV2,2023-06-15
CMD10382,CL0109,P061,Apr 19 2023,2,4538.2,retourné,TNG,Carte,LIV4,2023-04-24
CMD43734,CL0771,P034,2024-03-16,3,304.86,OK,CASABLANCA,Carte,LIV8,
CMD34699,CL0357,P022,04/04/2024,4,3006.15,retourné,RBA,Carte,LIV1,2024-04-05
CMD10694,CL0480,P081,2023-02-25,4,3151.57,DONE,Agadir,Carte,LIV6,2023-03-02
CMD26484,CL0126,P098,07/11/2023,4,4659.43,en_cours,CASABLANCA,Carte,LIV6,
CMD41539,CL0984,P025,30/12/2023,1,4126.28,annulé,Tnja,Carte,LIV1,
CMD13600,CL0280,P001,Apr 10 2023,3,370.03,LIVRE,TANGER,Carte,LIV8,2023-04-12
CMD12489,CL0790,P045,Sep 14 2023,2,3107.26,annulé,CASABLANCA,Carte,LIV4,
CMD21758,CL0710,P054,2024-04-12,5,0,DONE,RBA,Carte,LIV6,2024-04-16
CMD20515,CL0865,P040,2024-03-01,1,1551.6,LIVRE,casa,Carte,LIV9,2024-03-04
CMD08425,CL0016,P078,2024-03-06,4,378.04,livré,kech,Carte,LIV2,2024-03-08
CMD09719,CL0337,P026,21/01/2024,4,4368.89,OK,casa,Carte,LIV8,
CMD42458,CL0463,P061,12/10/2023,2,4714.5,KO,TNG,Carte,LIV5,
CMD11553,CL0357,P081,2023-02-08,2,623.93,retourné,CASABLANCA,Carte,LIV6,2023-02-09
CMD46570,CL0262,P006,Aug 19 2023,3,3664.42,DONE,tanger,Carte,LIV9,2023-08-21
CMD36743,CL0411,P090,31/07/2023,4,1184.78,KO,tanger,Carte,LIV6,
CMD05301,CL0532,P042,Jun 04 2023,2,2297.59,DONE,RBA,Carte,LIV1,2023-06-08
CMD45600,CL0444,P014,12/05/2024,5,0,DONE,Tnja,Carte,LIV2,2024-05-16
CMD34706,CL0712,P069,2023-12-26,3,2580.94,OK,casa,Carte,LIV5,
CMD39127,CL0233,P059,Jan 11 2024,4,4056.27,KO,TNG,Carte,LIV6,
CMD39325,CL0254,P017,29/03/2024,1,4615.19,annulé,TANGER,Carte,LIV9,
CMD37582,CL0862,P048,2024-02-03,4,117.61,retourné,CASABLANCA,Carte,LIV6,2024-02-08
CMD30252,CL0990,P080,Jan 07 2024,4,1047.6,KO,kech,Carte,LIV5,
CMD01897,CL0062,P044,Feb 07 2023,4,0,retourné,TNG,Carte,LIV1,2023-02-10
CMD16614,CL0805,P026,2023-06-13,3,2522.32,retourné,tanger,Carte,LIV4,2023-06-18
CMD34641,CL0714,P061,Jul 30 2023,3,3175.46,KO,tanger,Carte,LIV5,
CMD24141,CL0142,P024,2023-09-03,1,4249.35,livré,CASABLANCA,Carte,LIV9,2023-09-04
CMD04342,CL0975,P037,15/04/2024,3,3597.98,en_cours,tanger,Carte,LIV9,
CMD30089,CL0462,P002,2024-03-11,4,2594.94,livré,Agadir,Carte,LIV8,2024-03-12
CMD46208,CL0563,P090,19/02/2023,5,3457.46,annulé,kech,Carte,LIV8,
CMD04700,CL0107,P088,Jul 18 2023,3,1028.16,OK,casa,Carte,LIV7,
CMD14074,CL0341,P035,26/04/2023,4,656.68,livre,casa,Carte,LIV1,
CMD34680,CL0309,P042,Oct 16 2023,5,1540.52,livré,marrakech,Carte,LIV10,2023-10-17
CMD39336,CL0924,P045,14/04/2024,2,127.06,annulé,Tnja,Carte,LIV2,
CMD05429,CL0863,P023,2023-12-30,1,648.26,livré,TANGER,Carte,LIV3,2024-01-04
CMD17542,CL0013,P082,2023-06-16,1,1903.71,livré,tanger,Carte,LIV1,2023-06-19
CMD35208,CL0506,P053,2023-03-15,3,3919.02,KO,RBA,Carte,LIV6,
CMD13319,CL0455,P048,2023-06-15,1,4241.75,livré,TNG,Carte,,2023-06-16
CMD46621,CL0218,P080,Feb 23 2024,4,1670.15,livre,marrakech,Carte,LIV4,
CMD14752,CL0387,P038,17/09/2023,2,3426.16,livré,marrakech,Carte,LIV8,2023-09-21
CMD14056,CL0730,P015,2023-06-28,2,4597.53,livré,TNG,Carte,LIV5,2023-07-03
CMD09003,CL0428,P015,2024-01-13,5,1584.68,livré,RBA,Carte,LIV9,2024-01-17
CMD17760,CL0173,P036,Aug 16 2023,1,4283.39,KO,TANGER,Carte,LIV2,
CMD15536,CL0929,P026,12/04/2023,5,2374.23,livré,marrakech,Carte,LIV6,2023-04-15
CMD12916,CL0187,P052,2023-03-29,1,3860.71,livré,marrakech,Carte,LIV7,2023-04-03
CMD44896,CL0063,P001,2023-11-08,2,1702.51,OK,TNG,Carte,LIV6,
CMD30407,CL0576,P090,Jun 13 2023,2,4691.67,KO,RBA,Carte,LIV8,
CMD01386,CL0593,P013,2024-01-17,3,2070.86,livré,marrakech,Carte,LIV6,2024-01-21
CMD19402,CL0849,P083,Jun 09 2023,5,2313.28,en_cours,TANGER,Carte,LIV9,
CMD13530,CL0587,P051,05/07/2023,1,0,livre,Agadir,Carte,LIV5,
CMD27143,CL0227,P018,Apr 29 2023,2,2948.21,DONE,CASABLANCA,Carte,LIV9,2023-05-04
CMD06712,CL0796,P012,2023-11-25,4,542.6,retourné,CASABLANCA,Carte,LIV6,2023-11-28
CMD09503,CL0253,P092,May 17 2023,2,2401.96,KO,casa,Carte,LIV3,
CMD16113,CL0722,P078,Jan 15 2023,2,2264.93,livre,RBA,Carte,LIV5,
CMD05866,CL0973,P071,Mar 17 2024,5,3705.98,annulé,RBA,Carte,LIV4,
CMD34793,CL0705,P048,01/08/2023,5,433.19,livre,TNG,Carte,LIV7,
CMD43468,CL0821,P028,2024-01-21,5,3430.2,livré,casa,Carte,LIV4,2024-01-23
CMD11359,CL0055,P018,Apr 20 2024,2,1277.88,DONE,Tnja,Carte,LIV7,2024-04-24
CMD45947,CL0111,P072,25/10/2023,2,2818.45,livre,Agadir,Carte,LIV9,
CMD21188,CL0050,P046,2023-10-09,4,3966.34,retourné,CASABLANCA,Carte,LIV2,2023-10-13
CMD20410,CL0595,P070,27/03/2024,2,870.88,annulé,CASABLANCA,Carte,LIV1,
CMD46565,CL0920,P077,23/10/2023,5,4309.99,retourné,CASABLANCA,Carte,LIV1,2023-10-26
CMD06039,CL0321,P083,24/04/2023,4,4937.59,LIVRE,marrakech,Carte,LIV2,2023-04-28
CMD31037,CL0359,P077,Sep 08 2023,2,4536.09,annulé,Tnja,Carte,LIV1,
CMD05426,CL0119,P075,Mar 21 2024,5,4114.97,en_cours,tanger,Carte,LIV8,
CMD36622,CL0820,P034,Jan 02 2024,1,3051.69,LIVRE,CASABLANCA,Carte,LIV4,2024-01-06
CMD23170,CL0314,P004,2023-09-02,2,3679.04,DONE,Agadir,Carte,LIV8,2023-09-07
CMD22925,CL0519,P067,19/07/2023,2,747.03,en_cours,marrakech,Carte,LIV9,
CMD09171,CL0474,P033,13/08/2023,4,2697.19,livre,tanger,Carte,LIV4,
CMD04734,CL0559,P011,2023-12-28,1,3221.5,livré,casa,Carte,LIV9,2024-01-02
CMD07237,CL0847,P014,Mar 20 2023,4,4746.6,retourné,marrakech,Carte,LIV1,2023-03-23
CMD35711,CL0986,P077,10/01/2024,2,4962.24,en_cours,Agadir,Carte,LIV2,
CMD37438,CL0550,P092,2023-11-29,2,426.8,livré,RBA,Carte,LIV2,2023-12-04
CMD42383,CL0342,P003,Mar 04 2024,2,3701.96,KO,Tnja,Carte,LIV5,
CMD36563,CL0920,P055,2024-04-02,4,969.33,DONE,TANGER,Carte,LIV5,2024-04-05
CMD24040,CL0920,P035,29/01/2023,2,405.66,retourné,CASABLANCA,Carte,LIV7,2023-01-30
CMD24635,CL0261,P044,14/05/2023,2,3281.89,KO,CASABLANCA,Carte,LIV4,
CMD28598,CL0658,P063,Apr 12 2024,4,987.1,en_cours,casa,Carte,LIV7,
CMD26559,CL0722,P072,22/02/2024,3,957.56,retourné,TANGER,Carte,LIV5,2024-02-26
CMD08562,CL0773,P066,Jul 12 2023,5,2352.01,livré,marrakech,Carte,LIV4,2023-07-13
CMD17403,CL0645,P093,11/11/2023,1,3301.19,livré,casa,Carte,,2023-11-15
CMD35073,CL0318,P098,28/08/2023,5,371.57,LIVRE,casa,Carte,LIV2,2023-09-01
CMD25804,CL0025,P062,Jan 22 2023,1,1714.94,en_cours,TANGER,Carte,LIV9,
CMD22183,CL0827,P041,26/04/2024,2,719.14,DONE,tanger,Carte,LIV9,2024-04-27
CMD03522,CL0357,P050,2024-05-01,4,3033.72,en_cours,RBA,Carte,LIV6,
CMD17428,CL0114,P065,14/12/2023,3,3718.24,livré,marrakech,Carte,LIV5,2023-12-19
CMD04506,CL0487,P020,06/05/2023,5,2155.64,KO,Tnja,Carte,LIV4,
CMD39754,CL0838,P073,18/04/2023,-1,857.83,annulé,TANGER,Carte,LIV7,
CMD13974,CL0631,P032,2023-08-12,3,1711.65,retourné,TNG,Carte,LIV8,2023-08-13
CMD19993,CL0857,P022,2023-02-16,4,1731.99,DONE,tanger,Carte,LIV1,2023-02-18
CMD05847,CL0639,P042,20/03/2023,3,2975.01,livre,Agadir,Carte,LIV9,
CMD12132,CL0158,P077,23/02/2023,-1,3607.42,annulé,RBA,Carte,LIV5,
CMD35209,CL0073,P077,2024-03-26,1,2306.62,OK,TNG,Carte,LIV7,
CMD12711,CL0015,P081,Sep 02 2023,2,531.68,KO,TANGER,Carte,LIV5,
CMD15384,CL0490,P020,2023-10-07,5,4931.87,DONE,tanger,Carte,LIV1,2023-10-11
CMD32746,CL0072,P083,22/02/2023,1,2629.72,KO,CASABLANCA,Carte,LIV2,
CMD16004,CL0301,P076,Apr 03 2024,2,243.53,DONE,marrakech,Carte,LIV10,2024-04-08
CMD12610,CL0732,P045,30/10/2023,2,1245.7,retourné,CASABLANCA,Carte,LIV9,2023-11-03
CMD23810,CL0861,P032,02/11/2023,1,78.21,livré,TNG,Carte,LIV10,2023-11-03
CMD42131,CL0423,P061,Apr 09 2023,4,4693.38,livre,CASABLANCA,Carte,LIV9,
CMD16974,CL0220,P007,2023-04-26,2,4662.37,annulé,Tnja,Carte,LIV4,
CMD38276,CL0435,P003,2023-10-21,4,0,OK,TNG,Carte,LIV3,
CMD23038,CL0449,P034,01/11/2023,2,3976.04,en_cours,TNG,Carte,LIV10,
CMD17219,CL0766,P071,28/01/2024,5,1725.57,OK,casa,Carte,LIV1,
CMD24113,CL0875,P073,Feb 14 2023,3,2500.06,livré,casa,Carte,LIV4,2023-02-15
CMD13780,CL0747,P092,28/02/2024,3,1282.47,livre,Agadir,Carte,LIV9,
CMD22705,CL0652,P013,29/01/2023,4,1010.41,livre,casa,Carte,LIV5,
CMD38633,CL0936,P021,2023-02-11,3,4762.94,LIVRE,Tnja,Carte,LIV5,2023-02-14
CMD07370,CL0911,P083,Aug 01 2023,5,52.27,en_cours,casa,Carte,LIV3,
CMD27063,CL0706,P064,May 07 2024,4,2082.65,LIVRE,CASABLANCA,Carte,LIV9,2024-05-10
CMD12273,CL0076,P068,05/05/2024,3,4425.52,KO,casa,Carte,LIV6,
CMD04022,CL0723,P063,13/06/2023,3,3935.33,LIVRE,kech,Carte,LIV2,2023-06-17
CMD12431,CL0385,P082,Apr 15 2024,1,4988.33,livre,TNG,Carte,LIV7,
CMD41606,CL0866,P050,Mar 07 2023,5,3751.35,livré,Agadir,Carte,LIV5,2023-03-12
CMD47893,CL0620,P004,2024-05-07,1,597.58,livré,CASABLANCA,Carte,LIV7,2024-05-08
CMD32511,CL0203,P093,29/04/2023,1,3501.7,LIVRE,TNG,Carte,LIV3,2023-05-04
CMD14763,CL0103,P008,2023-05-03,4,1115.12,LIVRE,kech,Carte,LIV1,2023-05-04
CMD47993,CL0304,P053,2024-04-13,1,3650.21,livre,casa,Carte,LIV1,
CMD21336,CL0126,P018,2023-01-21,1,2676.86,livré,Agadir,Carte,LIV6,2023-01-22
CMD37930,CL0900,P093,23/11/2023,2,1382.14,en_cours,marrakech,Carte,LIV7,
CMD23989,CL0912,P083,Oct 04 2023,4,4903.65,OK,tanger,Carte,LIV10,
CMD30024,CL0087,P068,Jan 18 2024,2,643.32,livré,Tnja,Carte,LIV1,2024-01-19
CMD35362,CL0279,P059,21/03/2024,2,2775.29,en_cours,TNG,Carte,LIV4,
CMD12725,CL0310,P067,09/04/2024,1,0,en_cours,Tnja,Carte,LIV3,
CMD18170,CL0901,P057,23/11/2023,3,198.1,livre,marrakech,Carte,LIV7,
CMD32828,CL0833,P066,19/01/2023,4,783.22,livre,TNG,Carte,LIV1,
CMD15511,CL0444,P079,2023-11-21,5,3669.55,livré,RBA,Carte,,2023-11-26
CMD30180,CL0889,P054,2024-01-27,4,1066.08,LIVRE,Tnja,Carte,LIV6,2024-01-31
CMD43649,CL0928,P024,May 04 2024,1,4507.08,livré,tanger,Carte,LIV8,2024-05-06
CMD28087,CL0015,P038,12/06/2023,5,3772.63,livré,CASABLANCA,Carte,LIV3,2023-06-17
CMD42356,CL0631,P091,21/03/2024,4,1222.48,KO,kech,Carte,LIV5,
CMD16390,CL0455,P091,2023-04-07,5,1906.44,en_cours,tanger,Carte,LIV9,
CMD29094,CL0421,P035,13/07/2023,3,4747.47,OK,kech,Carte,LIV4,
CMD25007,CL0486,P069,2024-02-01,2,3509.32,livre,Agadir,Carte,LIV10,
CMD42650,CL0279,P100,2023-07-23,2,149.12,en_cours,TNG,Carte,LIV9,
CMD01149,CL0055,P042,06/04/2024,5,2908.29,retourné,marrakech,Carte,LIV9,2024-04-11
CMD25193,CL0424,P056,02/09/2023,3,886.06,LIVRE,kech,Carte,LIV4,2023-09-07
CMD27186,CL0931,P037,01/11/2023,1,3135.28,LIVRE,kech,Carte,LIV8,2023-11-06
CMD03108,CL0695,P096,21/01/2023,3,3104.36,LIVRE,tanger,Carte,LIV1,2023-01-26
CMD02155,CL0747,P029,13/07/2023,3,3537.71,en_cours,CASABLANCA,Carte,LIV4,
CMD18859,CL0724,P050,20/03/2023,4,4117.74,annulé,Agadir,Carte,LIV4,
CMD05291,CL0940,P006,11/07/2023,4,732.29,livré,TNG,Carte,LIV6,2023-07-12
CMD47908,CL0519,P082,Mar 28 2024,4,2314.18,livré,kech,Carte,LIV10,2024-03-29
CMD02799,CL0309,P068,Oct 12 2023,3,4011.49,livre,marrakech,Carte,LIV5,
CMD35976,CL0448,P007,Apr 27 2023,3,1362.52,LIVRE,casa,Carte,LIV10,2023-05-01
CMD00654,CL0695,P086,2023-12-10,1,3948.7,annulé,Tnja,Carte,LIV5,
CMD33600,CL0243,P059,May 13 2024,2,4995.4,annulé,TNG,Carte,LIV9,
CMD44101,CL0246,P077,21/09/2023,2,4941.2,annulé,kech,Carte,LIV6,
CMD00864,CL0254,P023,17/02/2023,5,4617.01,en_cours,kech,Carte,LIV4,
CMD22016,CL0816,P042,30/04/2024,2,2446.95,en_cours,TNG,Carte,LIV10,
CMD36272,CL0753,P051,Jul 27 2023,1,2195.26,en_cours,tanger,Carte,LIV3,
CMD29994,CL0057,P044,02/04/2023,3,4037.63,retourné,marrakech,Carte,LIV1,2023-04-05
CMD43322,CL0569,P045,2023-04-10,4,2198.31,retourné,Agadir,Carte,,2023-04-12
CMD39902,CL0151,P093,08/03/2024,4,3966.24,DONE,TANGER,Carte,LIV6,2024-03-12
CMD32962,CL0241,P043,2023-12-10,1,602.48,livré,tanger,Carte,LIV4,2023-12-12
CMD01307,CL0446,P023,Jan 22 2023,4,3146.64,livré,kech,Carte,LIV2,2023-01-27
CMD40779,CL0533,P012,2023-04-10,5,4588.73,livré,RBA,Carte,LIV9,2023-04-12
CMD13320,CL0545,P098,08/02/2023,1,3848.63,OK,RBA,Carte,LIV1,
CMD39301,CL0863,P042,14/05/2024,2,4661.65,OK,RBA,Carte,LIV2,
CMD01109,CL0603,P057,2023-12-02,4,3977.19,en_cours,kech,Carte,LIV5,
CMD33148,CL0979,P078,2023-02-22,4,4563.03,OK,CASABLANCA,Carte,LIV7,
CMD18245,CL0169,P032,Apr 21 2023,5,3449.27,annulé,tanger,Carte,LIV10,
CMD37584,CL0429,P001,2023-02-12,2,1626.1,en_cours,Tnja,Carte,LIV1,
CMD39018,CL0148,P095,2024-01-20,4,1499.59,en_cours,tanger,Carte,LIV2,
CMD14486,CL0023,P099,2024-05-02,2,3230.32,OK,Tnja,Carte,LIV6,
CMD20493,CL0861,P023,2023-07-13,4,2495.02,livré,CASABLANCA,Carte,,2023-07-15
CMD12482,CL0684,P059,Sep 10 2023,4,1609.76,retourné,Tnja,Carte,LIV5,2023-09-15
CMD37066,CL0314,P022,25/03/2023,4,3705.47,annulé,Tnja,Carte,LIV10,
CMD25174,CL0294,P016,12/08/2023,1,1387.85,KO,marrakech,Carte,LIV9,
CMD44745,CL0056,P013,08/03/2023,3,4689.24,livre,casa,Carte,LIV5,
CMD24568,CL0918,P045,11/12/2023,2,801.35,OK,tanger,Carte,LIV10,
CMD19723,CL0307,P067,Mar 14 2023,5,1051.81,livré,CASABLANCA,Carte,LIV9,2023-03-16
CMD04463,CL0670,P064,2023-12-11,1,2357.76,OK,kech,Carte,LIV4,
CMD21062,CL0370,P094,24/01/2023,1,1975.41,livré,TANGER,Carte,LIV1,2023-01-27
CMD00922,CL0138,P090,Mar 05 2024,1,2476.2,livré,CASABLANCA,Carte,LIV2,2024-03-09
CMD37469,CL0803,P047,2023-10-07,3,592.77,OK,kech,Carte,LIV2,
CMD12282,CL0839,P009,25/10/2023,1,0,OK,tanger,Carte,LIV2,
CMD05394,CL0847,P068,2023-07-13,1,570.27,DONE,Tnja,Carte,LIV2,2023-07-15
CMD39468,CL0169,P081,2024-03-20,1,1222.95,annulé,casa,Carte,LIV9,
CMD38308,CL0547,P086,Jun 28 2023,5,2122.6,en_cours,casa,Carte,LIV6,
CMD24296,CL0104,P021,2023-06-28,2,2098.39,en_cours,CASABLANCA,Carte,LIV8,
CMD35260,CL0028,P076,2024-03-17,4,1170.93,livré,tanger,Carte,LIV9,2024-03-20
CMD38796,CL0113,P066,2023-04-22,5,4488.96,en_cours,kech,Carte,LIV2,
CMD48095,CL0470,P076,2023-04-01,4,2235.85,LIVRE,Tnja,Carte,LIV7,2023-04-03
CMD23305,CL0307,P028,2023-01-20,2,1810.63,LIVRE,kech,Carte,LIV1,2023-01-23
CMD37109,CL0204,P082,2023-06-28,4,273.43,KO,casa,Carte,LIV5,
CMD29731,CL0455,P085,Sep 10 2023,5,859.41,OK,RBA,Carte,LIV5,
CMD39367,CL0507,P057,07/05/2023,4,3051.84,retourné,Agadir,Carte,LIV8,2023-05-12
CMD07401,CL0690,P025,23/06/2023,3,1202.37,DONE,Agadir,Carte,LIV4,2023-06-24
CMD46355,CL0889,P012,Nov 14 2023,4,1501.14,livré,casa,Carte,LIV8,2023-11-15
CMD02173,CL0198,P074,06/01/2023,5,2995.98,livré,TANGER,Carte,LIV8,2023-01-10
CMD48029,CL0898,P037,17/05/2023,-1,178.04,annulé,tanger,Carte,LIV5,
CMD09537,CL0131,P036,2023-11-24,1,1903.68,KO,Agadir,Carte,LIV9,
CMD03497,CL0276,P074,13/02/2023,4,4551.91,OK,Tnja,Carte,LIV7,
CMD11849,CL0549,P071,03/07/2023,5,1672.75,en_cours,Agadir,Carte,LIV6,
CMD22278,CL0066,P089,Aug 24 2023,2,3097.36,LIVRE,kech,Carte,LIV3,2023-08-29
CMD48003,CL0637,P056,2024-04-15,5,3619.91,en_cours,marrakech,Carte,LIV4,
CMD37755,CL0177,P100,25/06/2023,2,1783.51,livre,tanger,Carte,LIV1,
CMD05740,CL0455,P029,2023-07-19,3,3795.95,KO,Tnja,Carte,LIV8,
CMD37749,CL0762,P099,Nov 15 2023,-1,3403.69,KO,kech,Carte,LIV8,
CMD32215,CL0272,P072,2023-02-03,4,4347.17,OK,TNG,Carte,,
CMD15897,CL0653,P079,Feb 19 2023,3,1320.57,livré,TNG,Carte,LIV2,2023-02-21
CMD40317,CL0971,P040,2024-02-15,1,4664.21,livré,TANGER,Carte,LIV8,2024-02-19
CMD03135,CL0606,P072,2024-04-01,3,4874.43,OK,marrakech,Carte,LIV5,
CMD20552,CL0182,P064,2023-05-13,3,358.84,KO,CASABLANCA,Carte,LIV1,
CMD33527,CL0707,P055,09/01/2024,2,2540.01,livré,CASABLANCA,Carte,LIV4,2024-01-11
CMD39734,CL0658,P003,13/01/2024,4,769.61,livré,kech,Carte,LIV3,2024-01-18
CMD15165,CL0454,P007,Feb 25 2023,5,0,livré,tanger,Carte,LIV10,2023-03-01
CMD21657,CL0726,P049,Mar 21 2023,3,4823.46,livré,Agadir,Carte,LIV3,2023-03-25
CMD31853,CL0086,P072,26/07/2023,2,1347.81,en_cours,kech,Carte,LIV5,
CMD08616,CL0289,P089,17/09/2023,5,2268.25,en_cours,casa,Carte,LIV3,
CMD11569,CL0513,P006,Dec 08 2023,5,4774.25,OK,Tnja,Carte,LIV1,
CMD21546,CL0384,P057,Jan 31 2024,5,1605.35,livré,TNG,Carte,LIV9,2024-02-01
CMD36048,CL0321,P072,Jul 08 2023,2,2680.17,en_cours,TNG,Carte,LIV5,
CMD43874,CL0730,P072,2023-10-31,3,2487.22,DONE,marrakech,Carte,LIV6,2023-11-01
CMD10441,CL0299,P089,Oct 08 2023,2,1131.08,retourné,Agadir,Carte,LIV5,2023-10-10
CMD20064,CL0345,P049,2023-12-21,5,3756.94,KO,marrakech,Carte,LIV6,
CMD08288,CL0720,P031,Oct 19 2023,4,2702.36,retourné,TANGER,Carte,LIV5,2023-10-20
CMD18665,CL0520,P019,2024-02-28,4,1288.8,LIVRE,tanger,Carte,LIV8,2024-02-29
CMD37088,CL0845,P072,Jun 21 2023,5,4653.28,livre,tanger,Carte,LIV5,
CMD00624,CL0322,P094,Sep 22 2023,4,2055.67,livré,kech,Carte,LIV6,2023-09-26
CMD11917,CL0991,P076,2023-01-07,2,2028.21,KO,casa,Carte,LIV3,
CMD09929,CL0688,P026,2023-05-01,1,4476.61,livré,Agadir,Carte,LIV4,2023-05-04
CMD43581,CL0576,P065,2023-11-08,2,4853.03,OK,marrakech,Carte,,
CMD41147,CL0816,P070,2023-03-15,2,361.37,en_cours,CASABLANCA,Carte,LIV3,
CMD15277,CL0938,P042,2024-03-08,4,1425.15,livré,kech,Carte,LIV5,2024-03-11
CMD26221,CL0802,P021,2023-01-10,1,1823.46,LIVRE,marrakech,Carte,LIV9,2023-01-13
CMD42153,CL0766,P075,Apr 17 2023,5,2619.0,LIVRE,CASABLANCA,Carte,LIV1,2023-04-22
CMD33226,CL0815,P094,02/01/2024,2,369.61,livré,Agadir,Carte,LIV5,2024-01-04
CMD32186,CL0479,P056,07/02/2023,1,605.99,KO,TNG,Carte,LIV4,
CMD19116,CL0410,P036,12/11/2023,1,1583.45,KO,kech,Carte,LIV10,
CMD29031,CL0093,P008,2023-12-24,5,2011.46,livré,kech,Carte,LIV7,2023-12-26
CMD26163,CL0543,P052,2023-11-07,-1,1044.67,livré,marrakech,Carte,LIV6,2023-11-10
CMD14202,CL0411,P045,2024-04-26,5,3963.96,annulé,TNG,Carte,,
CMD41224,CL0819,P075,2023-01-03,5,3106.68,livré,kech,Carte,LIV2,2023-01-08
CMD01548,CL0343,P093,Feb 22 2023,5,2173.36,livre,RBA,Carte,LIV6,
CMD11637,CL0822,P001,08/02/2024,1,4007.41,livré,marrakech,Carte,,2024-02-10
CMD24425,CL0509,P016,13/07/2023,1,849.26,retourné,Agadir,Carte,LIV8,2023-07-14
CMD35491,CL0672,P022,2023-04-13,4,3807.72,OK,kech,Carte,LIV4,
CMD39105,CL0321,P083,2023-03-08,5,1524.6,DONE,marrakech,Carte,LIV3,2023-03-11
CMD39975,CL0227,P034,Mar 08 2023,3,1289.89,DONE,CASABLANCA,Carte,LIV6,2023-03-10
CMD16815,CL0718,P052,13/02/2023,3,1003.38,en_cours,RBA,Carte,LIV10,
CMD16322,CL0082,P053,Aug 21 2023,1,3159.53,retourné,tanger,Carte,LIV10,2023-08-24
CMD18138,CL0509,P059,2023-09-30,2,2238.82,OK,Tnja,Carte,LIV9,
CMD33430,CL0529,P035,Dec 01 2023,1,4024.54,DONE,kech,Carte,LIV6,2023-12-03
CMD00713,CL0237,P060,20/06/2023,3,1224.02,LIVRE,TANGER,Carte,LIV4,2023-06-25
CMD15649,CL0905,P001,Jun 02 2023,5,1769.81,livré,RBA,Carte,LIV8,2023-06-03
CMD28712,CL0335,P029,06/10/2023,4,367.12,annulé,casa,Carte,LIV7,
CMD31933,CL0645,P036,31/03/2023,4,787.96,en_cours,tanger,Carte,LIV3,
CMD29426,CL0816,P032,Oct 21 2023,1,2222.97,DONE,tanger,Carte,LIV5,2023-10-22
CMD47360,CL0948,P060,25/01/2024,4,1562.31,livre,marrakech,Carte,LIV4,
CMD02532,CL0601,P016,Oct 08 2023,5,1443.28,en_cours,CASABLANCA,Carte,LIV10,
CMD04857,CL0617,P025,2023-04-27,3,347.55,DONE,kech,Carte,LIV1,2023-05-01
CMD16423,CL0150,P090,Jan 20 2023,1,3195.23,retourné,TANGER,Carte,LIV6,2023-01-23
CMD33369,CL0997,P021,29/12/2023,5,1951.28,LIVRE,TNG,Carte,,2023-12-31
CMD13616,CL0877,P078,2023-10-24,3,1002.19,KO,kech,Carte,LIV7,
CMD40118,CL0175,P068,Jan 22 2023,5,2069.17,livre,TNG,Carte,LIV9,
CMD13388,CL0467,P082,08/10/2023,4,3859.53,livre,TNG,Carte,LIV9,
CMD18738,CL0488,P094,2023-03-15,2,683.39,OK,casa,Carte,LIV6,
CMD46631,CL0598,P075,2024-04-21,-1,813.32,annulé,Agadir,Carte,LIV1,
CMD25831,CL0033,P091,Mar 19 2024,4,1421.21,annulé,TNG,Carte,LIV2,
CMD24605,CL0038,P074,05/02/2023,3,232.75,en_cours,marrakech,Carte,,
CMD42255,CL0555,P016,2024-03-28,3,4117.11,livré,Tnja,Carte,LIV1,2024-03-31
CMD15765,CL0989,P062,11/02/2024,4,1856.05,en_cours,casa,Carte,LIV6,
CMD25440,CL0121,P049,Aug 04 2023,5,1010.81,retourné,CASABLANCA,Carte,LIV8,2023-08-08
CMD11920,CL0942,P012,16/07/2023,3,2974.54,KO,Tnja,Carte,LIV9,
CMD46832,CL0820,P056,Mar 31 2024,2,3875.09,OK,Agadir,Carte,LIV6,
CMD25165,CL0226,P041,Jun 21 2023,1,4254.05,OK,TANGER,Carte,LIV4,
CMD02826,CL0566,P091,Oct 10 2023,3,4117.52,retourné,marrakech,Carte,LIV9,2023-10-14
CMD26914,CL0779,P016,2024-02-27,4,2461.88,KO,CASABLANCA,Carte,LIV9,
CMD08385,CL0539,P071,05/04/2024,2,3661.8,livre,TANGER,Carte,LIV9,
CMD32961,CL0388,P067,20/09/2023,1,665.67,DONE,tanger,Carte,LIV3,2023-09-24
CMD25795,CL0567,P094,28/06/2023,1,469.89,KO,tanger,Carte,LIV10,
CMD04750,CL0872,P062,Jul 06 2023,2,3034.73,livré,TANGER,Carte,LIV4,2023-07-08
CMD41950,CL0265,P004,27/10/2023,4,4030.24,DONE,TANGER,Carte,LIV1,2023-11-01
CMD15888,CL0536,P072,Feb 13 2024,2,4483.61,livré,TANGER,Carte,LIV10,2024-02-18
CMD22777,CL0612,P020,2024-05-02,5,1908.87,livré,kech,Carte,LIV2,2024-05-04
CMD37902,CL0072,P024,Oct 12 2023,1,625.52,retourné,RBA,Carte,LIV8,2023-10-14
CMD31593,CL0440,P022,Oct 09 2023,2,1238.9,OK,kech,Carte,,
CMD38311,CL0656,P053,2023-07-21,4,2514.96,livre,Agadir,Carte,LIV4,
CMD36881,CL0252,P042,Feb 18 2023,5,1475.67,annulé,Agadir,Carte,LIV4,
CMD46045,CL0756,P024,2024-02-12,-1,4978.59,DONE,CASABLANCA,Carte,LIV4,2024-02-14
CMD40470,CL0338,P002,Mar 19 2024,3,595.53,retourné,casa,Carte,LIV8,2024-03-24
CMD43269,CL0086,P049,2023-08-13,2,3038.76,livre,TNG,Carte,LIV9,
CMD36937,CL0196,P005,11/09/2023,5,3075.63,annulé,Tnja,Carte,,
CMD12131,CL0253,P096,07/05/2023,4,4707.92,en_cours,marrakech,Carte,LIV1,
CMD15546,CL0109,P006,Sep 12 2023,3,4459.66,annulé,CASABLANCA,Carte,,
CMD06971,CL0510,P008,31/05/2023,4,1599.75,livré,TNG,Carte,LIV8,2023-06-05
CMD00800,CL0055,P044,Aug 31 2023,3,316.11,livré,CASABLANCA,Carte,LIV2,2023-09-01
CMD32240,CL0589,P017,2023-10-14,1,2937.94,livre,Tnja,Carte,LIV5,
CMD46538,CL0966,P055,2023-11-28,5,2158.74,retourné,kech,Carte,LIV9,2023-11-29
CMD36471,CL0887,P036,Mar 02 2023,5,2415.8,DONE,CASABLANCA,Carte,LIV2,2023-03-03
CMD42156,CL0528,P066,Jun 29 2023,3,3631.54,DONE,Agadir,Carte,LIV7,2023-07-03
CMD06562,CL0972,P066,Nov 02 2023,5,2105.7,livré,casa,Carte,LIV9,2023-11-07
CMD06676,CL0406,P049,11/05/2024,2,2306.63,OK,marrakech,Carte,LIV2,
CMD32261,CL0244,P049,Mar 16 2023,4,3015.56,DONE,TNG,Carte,LIV6,2023-03-21
CMD05949,CL0112,P075,20/02/2024,1,3963.17,livré,marrakech,Carte,LIV10,2024-02-21
CMD40018,CL0749,P009,Jan 12 2024,3,3611.1,livre,marrakech,Carte,LIV6,
CMD14863,CL0366,P038,Dec 28 2023,5,4119.78,livre,kech,Carte,LIV4,
CMD19365,CL0311,P046,28/10/2023,3,2405.58,KO,casa,Carte,LIV6,
CMD22769,CL0813,P087,Dec 03 2023,3,1796.57,retourné,TNG,Carte,LIV7,2023-12-04
CMD47411,CL0117,P017,Mar 08 2024,4,3627.52,OK,RBA,Carte,LIV7,
CMD20633,CL0186,P037,2023-01-02,5,3223.49,LIVRE,Tnja,Carte,LIV2,2023-01-05
CMD02033,CL0403,P087,Mar 15 2023,2,4753.01,DONE,TANGER,Carte,LIV3,2023-03-20
CMD45519,CL0910,P078,22/09/2023,5,3457.87,livré,CASABLANCA,Carte,LIV4,2023-09-24
CMD32831,CL0210,P061,2024-04-06,5,139.52,livre,RBA,Carte,LIV8,
CMD40201,CL0943,P031,May 28 2023,3,4581.53,livre,marrakech,Carte,,
CMD01875,CL0228,P071,03/04/2024,1,1348.49,OK,TANGER,Carte,LIV10,
CMD39966,CL0956,P045,2024-02-08,2,3283.89,livre,marrakech,Carte,LIV10,
CMD39702,CL0988,P001,2024-04-01,5,3316.91,livre,RBA,Carte,LIV10,
CMD36637,CL0095,P095,Mar 27 2023,2,2346.95,en_cours,tanger,Carte,LIV3,
CMD33521,CL0958,P021,2024-01-03,1,2519.34,LIVRE,casa,Carte,LIV8,2024-01-05
CMD04830,CL0916,P077,03/12/2023,2,3610.87,OK,marrakech,Carte,LIV9,
CMD19455,CL0613,P098,12/11/2023,2,176.99,LIVRE,tanger,Carte,LIV2,2023-11-13
CMD07099,CL0100,P019,Jun 25 2023,3,4670.15,en_cours,RBA,Carte,LIV3,
CMD40725,CL0486,P068,14/04/2024,1,1417.74,OK,marrakech,Carte,LIV5,
CMD21130,CL0264,P023,Aug 30 2023,5,2631.22,OK,Agadir,Carte,LIV6,
CMD36062,CL0742,P041,Apr 07 2024,3,4381.5,DONE,tanger,Carte,LIV2,2024-04-08
CMD31995,CL0575,P036,2023-01-26,2,1664.32,livre,Agadir,Carte,LIV4,
CMD17441,CL0520,P061,11/03/2024,5,3382.59,retourné,tanger,Carte,LIV3,2024-03-16
CMD37368,CL0743,P029,2023-04-29,3,1950.98,KO,casa,Carte,LIV1,
CMD10712,CL0890,P076,2023-04-29,2,3739.16,annulé,CASABLANCA,Carte,LIV5,
CMD36982,CL0934,P095,Feb 19 2023,2,2334.26,KO,RBA,Carte,LIV4,
CMD27007,CL0650,P052,2023-12-15,1,2591.52,annulé,TANGER,Carte,LIV6,
CMD38264,CL0199,P093,2024-01-16,3,2609.31,annulé,casa,Carte,LIV3,
CMD33845,CL0178,P075,11/08/2023,1,758.56,en_cours,CASABLANCA,Carte,LIV9,
CMD02657,CL0443,P005,Dec 24 2023,2,916.96,livré,casa,Carte,LIV4,2023-12-26
CMD48292,CL0489,P036,Jun 28 2023,1,3627.57,livre,CASABLANCA,Carte,LIV6,
CMD12119,CL0718,P022,03/03/2023,2,2100.25,en_cours,kech,Carte,LIV2,
CMD32553,CL0500,P060,2023-08-03,1,138.58,livre,Tnja,Carte,LIV3,
CMD11291,CL0364,P091,Apr 13 2023,3,1739.85,livre,Tnja,Carte,LIV9,
CMD39992,CL0871,P004,Apr 03 2023,3,1291.59,en_cours,marrakech,Carte,LIV6,
CMD03353,CL0703,P048,11/03/2024,2,554.15,livre,CASABLANCA,Carte,LIV10,
CMD41320,CL0180,P037,2024-03-18,5,4251.88,en_cours,tanger,Carte,LIV7,
CMD00050,CL0428,P052,2023-07-18,2,4872.57,livré,marrakech,Carte,LIV2,2023-07-23
CMD43604,CL0614,P001,2024-01-13,2,1907.58,en_cours,TANGER,Carte,LIV9,
CMD44312,CL0207,P028,2023-03-15,4,3231.26,DONE,Agadir,Carte,LIV2,2023-03-18
CMD07640,CL0908,P097,2023-04-02,4,2422.69,livré,kech,Carte,LIV5,2023-04-04
CMD35242,CL0096,P063,20/01/2024,3,3022.9,LIVRE,RBA,Carte,LIV2,2024-01-22
CMD23415,CL0423,P077,2023-12-15,1,3941.57,retourné,TNG,Carte,LIV9,2023-12-19
CMD30829,CL0858,P054,08/02/2024,4,4104.32,LIVRE,Tnja,Carte,LIV10,2024-02-13
CMD26377,CL0757,P038,2023-12-29,1,1396.58,livré,RBA,Carte,LIV2,2024-01-02
CMD26230,CL0881,P025,Apr 08 2023,4,1113.52,livré,Agadir,Carte,LIV8,2023-04-10
CMD34181,CL0991,P038,2023-02-18,5,1003.9,retourné,marrakech,Carte,LIV10,2023-02-22
CMD26059,CL0393,P070,13/10/2023,5,1814.96,en_cours,Tnja,Carte,LIV8,
CMD41430,CL0336,P043,Jan 25 2024,5,405.69,DONE,tanger,Carte,LIV10,2024-01-27
CMD05498,CL0939,P035,15/09/2023,5,4930.73,LIVRE,tanger,Carte,LIV7,2023-09-19
CMD45262,CL0702,P068,2024-03-20,5,3723.01,retourné,marrakech,Carte,LIV5,2024-03-21
CMD04365,CL0658,P002,2024-01-16,4,2049.16,livré,CASABLANCA,Carte,LIV5,2024-01-21
CMD36020,CL0607,P042,Jan 15 2023,2,1202.3,retourné,casa,Carte,LIV8,2023-01-20
CMD24354,CL0129,P065,2023-08-07,2,4253.9,livré,TANGER,Carte,LIV7,2023-08-10
CMD16757,CL0664,P076,2023-04-07,1,4975.44,DONE,CASABLANCA,Carte,LIV6,2023-04-09
CMD14445,CL0611,P053,Jul 26 2023,5,4483.59,livré,kech,Carte,LIV6,2023-07-28
CMD18358,CL0200,P040,2023-12-31,2,168.94,OK,Tnja,Carte,LIV1,
CMD24642,CL0211,P033,15/10/2023,1,1455.57,retourné,Tnja,Carte,,2023-10-18
CMD40845,CL0414,P031,26/02/2023,5,1371.53,LIVRE,TNG,Carte,LIV5,2023-02-27
CMD33858,CL0567,P077,13/05/2024,5,1599.17,annulé,TNG,Carte,LIV9,
CMD36325,CL0448,P042,14/05/2023,-1,277.24,en_cours,TANGER,Carte,LIV2,
CMD00062,CL0572,P096,26/01/2023,5,2927.15,KO,Tnja,Carte,LIV3,
CMD05019,CL0325,P080,Nov 08 2023,3,3713.08,retourné,marrakech,Carte,LIV2,2023-11-13
CMD01007,CL0492,P020,2023-11-26,3,2180.34,retourné,CASABLANCA,Carte,LIV7,2023-11-28
CMD44834,CL0492,P007,12/08/2023,3,762.45,en_cours,tanger,Carte,LIV4,
CMD03941,CL0187,P083,Feb 23 2024,5,4564.58,livré,TNG,Carte,LIV8,2024-02-25
CMD12834,CL0005,P046,23/11/2023,3,4872.36,DONE,TANGER,Carte,LIV5,2023-11-25
CMD09510,CL0700,P097,2023-02-28,3,4143.63,OK,tanger,Carte,LIV4,
CMD04593,CL0012,P023,Jan 27 2024,5,936.66,livré,kech,Carte,LIV8,2024-01-30
CMD29865,CL0325,P082,21/04/2023,1,3559.33,livré,RBA,Carte,LIV3,2023-04-22
CMD19433,CL0630,P072,11/05/2024,1,4951.79,OK,TNG,Carte,LIV8,
CMD26942,CL0820,P060,Feb 18 2024,2,4567.74,livré,kech,Carte,LIV3,2024-02-23
CMD00967,CL0567,P007,2024-02-13,4,3392.36,KO,CASABLANCA,Carte,LIV5,
CMD03781,CL0058,P018,Apr 15 2024,5,3142.07,LIVRE,Tnja,Carte,LIV7,2024-04-17
CMD40796,CL0109,P013,May 09 2023,3,4594.47,livré,Tnja,Carte,,2023-05-10
CMD16763,CL0379,P026,26/09/2023,4,625.73,livré,TANGER,Carte,,2023-09-28
CMD41580,CL0167,P045,Apr 27 2024,3,2859.84,KO,kech,Carte,,
CMD29473,CL0648,P042,2023-12-15,4,372.33,retourné,CASABLANCA,Carte,LIV8,2023-12-17
CMD25232,CL0385,P033,2024-02-20,2,3914.92,KO,TNG,Carte,LIV1,
CMD37269,CL0595,P086,16/03/2023,2,3925.93,LIVRE,casa,Carte,LIV1,2023-03-20
CMD11104,CL0665,P042,May 08 2024,3,3115.81,livre,Agadir,Carte,LIV6,
CMD00985,CL0921,P053,Mar 19 2024,3,2472.93,livre,tanger,Carte,LIV3,
CMD34346,CL0277,P013,2023-11-14,1,878.36,KO,tanger,Carte,LIV6,
CMD32524,CL0196,P035,Jul 01 2023,2,1939.36,annulé,marrakech,Carte,LIV7,
CMD30301,CL0514,P088,14/02/2024,1,2090.46,retourné,TANGER,Carte,LIV2,2024-02-18
CMD04492,CL0481,P093,Mar 13 2023,4,3318.54,livré,TNG,Carte,LIV9,2023-03-18
CMD26404,CL0415,P014,18/03/2024,1,1499.21,LIVRE,marrakech,Carte,LIV7,2024-03-22
CMD38667,CL0135,P054,13/02/2023,2,4504.35,LIVRE,RBA,Carte,,2023-02-14
CMD38749,CL0794,P020,2023-03-22,1,3616.52,livré,tanger,Carte,,2023-03-24
CMD30872,CL0043,P054,2023-09-05,5,708.22,annulé,marrakech,Carte,LIV6,
CMD24470,CL0786,P085,Dec 05 2023,3,1929.09,OK,Agadir,Carte,LIV5,
CMD42689,CL0566,P025,2023-02-23,1,3471.98,en_cours,TANGER,Carte,LIV5,
CMD47177,CL0494,P007,2023-03-28,5,4852.29,OK,TNG,Carte,LIV8,
CMD25621,CL0978,P056,23/02/2023,4,4165.28,livré,Agadir,Carte,LIV2,2023-02-26
CMD09604,CL0217,P016,2023-05-11,1,4381.61,retourné,Agadir,Carte,LIV6,2023-05-13
CMD18635,CL0899,P096,06/02/2023,3,1669.99,retourné,kech,Carte,LIV9,2023-02-11
CMD16734,CL0955,P027,Jun 07 2023,3,493.21,livré,Tnja,Carte,LIV2,2023-06-12
CMD30817,CL0962,P064,09/08/2023,3,1311.1,KO,kech,Carte,LIV1,
CMD37705,CL0058,P091,Apr 19 2023,3,4431.38,livré,tanger,Carte,LIV9,2023-04-24
CMD24550,CL0748,P001,2023-05-07,5,1165.01,OK,Agadir,Carte,LIV10,
CMD46057,CL0355,P024,2023-08-10,4,3140.73,en_cours,kech,Carte,LIV1,
CMD09523,CL0643,P042,2023-12-24,1,392.91,KO,TANGER,Carte,LIV3,
CMD05773,CL0915,P002,14/05/2024,3,1304.97,livre,kech,Carte,LIV2,
CMD36221,CL0302,P010,01/11/2023,2,1842.26,livre,marrakech,Carte,LIV3,
CMD01071,CL0863,P022,2023-04-08,1,1295.41,en_cours,casa,Carte,LIV1,
CMD06184,CL0423,P039,Jan 23 2024,1,2910.11,en_cours,tanger,Carte,LIV4,
CMD11004,CL0215,P050,Apr 25 2024,5,3376.08,LIVRE,casa,Carte,LIV5,2024-04-26
CMD00429,CL0341,P072,Feb 20 2024,2,2317.68,livré,Tnja,Carte,LIV8,2024-02-24
CMD30163,CL0865,P079,22/11/2023,3,3882.53,livré,tanger,Carte,LIV3,2023-11-24
CMD10168,CL0755,P035,Jan 15 2023,5,395.22,retourné,Tnja,Carte,LIV1,2023-01-19
CMD37846,CL0788,P100,Oct 08 2023,2,110.71,annulé,RBA,Carte,LIV5,
CMD19343,CL0807,P015,05/04/2024,3,4479.99,KO,TNG,Carte,LIV5,
CMD09891,CL0245,P014,Mar 22 2024,1,3287.26,KO,CASABLANCA,Carte,LIV3,
CMD12166,CL0251,P036,Feb 13 2024,2,1378.11,livré,CASABLANCA,Carte,LIV5,2024-02-18
CMD36365,CL0818,P052,Jul 25 2023,-1,2580.03,livré,CASABLANCA,Carte,LIV7,2023-07-29
CMD00172,CL0306,P079,May 06 2023,1,3270.75,annulé,CASABLANCA,Carte,LIV8,
CMD15759,CL0230,P001,Apr 24 2023,5,3694.14,retourné,TNG,Carte,LIV7,2023-04-25
CMD21857,CL0067,P092,31/05/2023,5,2742.65,OK,kech,Carte,LIV8,
CMD15862,CL0957,P072,Jul 31 2023,5,1510.18,retourné,kech,Carte,LIV4,2023-08-01
CMD32053,CL0945,P093,Nov 14 2023,5,3408.19,retourné,marrakech,Carte,LIV8,2023-11-16
CMD04915,CL0128,P093,2023-10-22,5,570.26,livre,kech,Carte,LIV9,
CMD09445,CL0594,P031,2024-04-05,3,4023.38,DONE,TANGER,Carte,LIV7,2024-04-07
CMD17255,CL0665,P070,17/05/2023,1,4558.05,livré,CASABLANCA,Carte,LIV6,2023-05-19
CMD43514,CL0144,P028,2023-06-06,5,1632.31,livré,TANGER,Carte,LIV8,2023-06-09
CMD44160,CL0123,P088,01/02/2023,2,4944.92,OK,casa,Carte,LIV1,
CMD07131,CL0234,P067,29/04/2024,3,3948.33,annulé,RBA,Carte,LIV3,
CMD44713,CL0345,P033,Mar 17 2024,5,4072.25,livré,RBA,Carte,LIV9,2024-03-18
CMD32303,CL0608,P060,19/09/2023,3,2748.14,OK,TNG,Carte,LIV7,
CMD33768,CL0515,P034,2024-05-03,1,4084.67,livré,kech,Carte,LIV8,2024-05-06
CMD30122,CL0732,P092,04/09/2023,1,2589.14,en_cours,TNG,Carte,LIV7,
CMD44594,CL0212,P007,Jul 15 2023,5,3011.81,retourné,CASABLANCA,Carte,LIV8,2023-07-20
CMD44737,CL0269,P100,10/05/2023,3,3909.47,KO,casa,Carte,LIV3,
CMD42577,CL0416,P082,25/03/2023,3,3283.49,livre,tanger,Carte,LIV8,
CMD26904,CL0289,P077,Aug 27 2023,1,1658.54,DONE,Tnja,Carte,LIV5,2023-08-30
CMD30760,CL0734,P053,Dec 28 2023,1,2946.84,livré,TNG,Carte,LIV1,2023-12-30
CMD04223,CL0548,P066,25/07/2023,5,4829.89,annulé,TANGER,Carte,LIV6,
CMD09359,CL0193,P050,29/08/2023,4,838.03,livré,RBA,Carte,LIV9,2023-09-02
CMD26190,CL0740,P048,2023-09-30,2,3621.66,DONE,TANGER,Carte,LIV5,2023-10-02
CMD08852,CL0552,P004,Oct 16 2023,2,4934.25,KO,Tnja,Carte,LIV6,
CMD43037,CL0745,P030,2024-01-19,5,3430.53,retourné,Agadir,Carte,LIV10,2024-01-22
CMD11408,CL0010,P086,2023-08-07,4,928.29,livré,casa,Carte,LIV3,2023-08-09
CMD43227,CL0389,P095,28/09/2023,4,398.45,DONE,tanger,Carte,,2023-09-29
CMD00818,CL0641,P087,2023-08-20,5,2966.92,DONE,TANGER,Carte,LIV5,2023-08-21
CMD22692,CL0719,P094,Feb 18 2024,5,3668.45,retourné,Tnja,Carte,LIV3,2024-02-23
CMD17956,CL0455,P040,2023-09-02,5,629.63,livré,kech,Carte,LIV3,2023-09-06
CMD22932,CL0614,P045,10/01/2024,5,1249.46,en_cours,tanger,Carte,LIV10,
CMD15459,CL0810,P048,2023-08-03,4,1376.9,KO,TNG,Carte,LIV4,
CMD01762,CL0764,P089,26/06/2023,1,2491.52,DONE,RBA,Carte,LIV5,2023-07-01
CMD28578,CL0953,P013,2023-11-26,4,1283.64,en_cours,CASABLANCA,Carte,LIV4,
CMD48066,CL0902,P061,Feb 08 2024,3,4266.7,retourné,Tnja,Carte,LIV6,2024-02-10
CMD22580,CL0227,P093,Jan 16 2024,4,2404.63,en_cours,TANGER,Carte,LIV2,
CMD21842,CL0930,P053,14/10/2023,5,2511.39,annulé,casa,Carte,LIV5,
CMD15055,CL0008,P048,2024-02-09,2,922.58,retourné,casa,Carte,LIV3,2024-02-12
CMD41583,CL0173,P020,2023-10-28,2,1311.25,livre,RBA,Carte,LIV9,
CMD23145,CL0573,P007,Feb 05 2024,2,2879.21,livré,RBA,Carte,,2024-02-06
CMD41794,CL0982,P015,2024-02-05,1,3806.29,LIVRE,casa,Carte,,2024-02-06
CMD47616,CL0316,P064,2023-08-20,5,133.11,retourné,tanger,Carte,,2023-08-25
CMD38523,CL0267,P002,23/07/2023,4,1741.15,livré,Agadir,Carte,LIV3,2023-07-26
CMD16877,CL0953,P076,20/10/2023,4,2372.8,en_cours,TNG,Carte,LIV6,
CMD20520,CL0050,P041,Aug 29 2023,4,2720.93,DONE,casa,Carte,LIV7,2023-08-31
CMD09265,CL0267,P007,2023-04-22,1,2362.99,livré,RBA,Carte,LIV4,2023-04-27
CMD05348,CL0287,P095,Sep 29 2023,1,3912.86,DONE,CASABLANCA,Carte,LIV1,2023-10-03
CMD13764,CL0635,P099,Feb 27 2023,4,724.49,en_cours,marrakech,Carte,LIV7,
CMD02105,CL0096,P057,2023-08-12,2,3169.72,LIVRE,RBA,Carte,LIV4,2023-08-13
CMD07418,CL0895,P091,2024-02-22,2,543.27,LIVRE,TNG,Carte,LIV6,2024-02-27
CMD37865,CL0031,P097,25/08/2023,5,2989.68,livré,TNG,Carte,LIV8,2023-08-30
CMD39428,CL0612,P065,2023-08-29,3,4357.89,KO,Tnja,Carte,LIV5,
CMD12247,CL0776,P032,2023-12-20,4,1996.04,livré,TNG,Carte,LIV8,2023-12-22
CMD23636,CL0181,P030,2023-09-12,5,883.41,livré,CASABLANCA,Carte,LIV3,2023-09-16
CMD41277,CL0983,P074,Aug 16 2023,3,3365.86,KO,Tnja,Carte,LIV5,
CMD08519,CL0045,P047,2023-05-02,4,2789.35,KO,casa,Carte,LIV8,
CMD20595,CL0699,P028,2023-01-12,4,1924.12,en_cours,RBA,Carte,LIV5,
CMD03985,CL0970,P015,2023-11-12,3,907.02,retourné,CASABLANCA,Carte,LIV9,2023-11-17
CMD06509,CL0865,P098,15/10/2023,2,852.14,en_cours,CASABLANCA,Carte,LIV7,
CMD14117,CL0872,P097,Jan 22 2024,3,2196.16,OK,TANGER,Carte,LIV4,
CMD15640,CL0510,P041,2023-01-04,2,209.65,LIVRE,TNG,Carte,LIV7,2023-01-06
CMD30402,CL0076,P092,Dec 09 2023,4,824.51,LIVRE,Tnja,Carte,LIV3,2023-12-11
CMD02383,CL0606,P088,21/04/2023,4,4228.06,livré,CASABLANCA,Carte,LIV10,2023-04-24
CMD24879,CL0286,P025,2023-12-09,4,4407.83,LIVRE,tanger,Carte,,2023-12-11
CMD33173,CL0271,P089,Mar 27 2024,1,866.51,DONE,TANGER,Carte,LIV8,2024-03-30
CMD13436,CL0648,P048,11/10/2023,1,3447.2,annulé,kech,Carte,LIV10,
CMD03139,CL0217,P076,Nov 17 2023,4,2171.8,livre,RBA,Carte,LIV6,
CMD34787,CL0031,P060,2023-04-01,5,1350.22,livré,Agadir,Carte,LIV5,2023-04-03
CMD20996,CL0772,P024,May 05 2023,5,2127.2,retourné,marrakech,Carte,LIV1,2023-05-08
CMD19417,CL0402,P003,Mar 08 2023,3,4007.12,DONE,RBA,Carte,LIV10,2023-03-13
CMD35513,CL0479,P035,2023-03-17,5,3153.18,retourné,RBA,Carte,LIV5,2023-03-22
CMD41673,CL0756,P052,17/08/2023,2,3605.84,livré,marrakech,Carte,LIV1,2023-08-22
CMD20825,CL0036,P077,2023-03-30,5,3818.57,annulé,marrakech,Carte,LIV5,
CMD17372,CL0356,P080,Jul 05 2023,2,1390.94,en_cours,TANGER,Carte,LIV4,
CMD47236,CL0236,P017,2023-10-29,1,3658.32,en_cours,RBA,Carte,LIV5,
CMD09214,CL0971,P074,Aug 04 2023,5,1219.32,livré,kech,Carte,,2023-08-07
CMD16081,CL0657,P020,2023-06-15,3,4659.06,livré,TNG,Carte,LIV8,2023-06-19
CMD32764,CL0648,P068,Jun 15 2023,2,1181.87,OK,Agadir,Carte,LIV6,
CMD47160,CL0072,P046,2023-07-18,5,3642.88,DONE,tanger,Carte,LIV7,2023-07-22
CMD35102,CL0352,P091,31/12/2023,4,2565.68,annulé,casa,Carte,LIV4,
CMD37997,CL0665,P012,01/01/2024,3,4577.71,livré,CASABLANCA,Carte,LIV10,2024-01-06
CMD30832,CL0056,P050,2023-09-02,2,3060.2,OK,TNG,Carte,LIV3,
CMD27752,CL0273,P014,2023-10-25,1,1226.76,DONE,CASABLANCA,Carte,LIV6,2023-10-29
CMD18089,CL0220,P098,2023-05-07,3,4224.1,OK,casa,Carte,LIV10,
CMD39383,CL0132,P059,2023-12-01,3,4868.8,livre,RBA,Carte,LIV1,
CMD20319,CL0196,P086,29/08/2023,4,885.76,OK,kech,Carte,LIV9,
CMD07105,CL0606,P019,May 08 2024,5,127.33,OK,casa,Carte,LIV8,
CMD45833,CL0738,P046,23/04/2023,3,744.4,DONE,RBA,Carte,LIV2,2023-04-28
CMD14505,CL0854,P003,10/02/2024,5,1270.41,LIVRE,tanger,Carte,LIV6,2024-02-14
CMD34374,CL0150,P088,May 13 2024,5,4765.87,KO,Agadir,Carte,LIV10,
CMD11556,CL0534,P073,11/07/2023,4,1929.61,retourné,kech,Carte,LIV2,2023-07-15
CMD10253,CL0679,P084,02/11/2023,2,4002.58,livre,casa,Carte,LIV4,
CMD40362,CL0733,P076,Jan 17 2023,2,3757.35,livré,Agadir,Carte,LIV1,2023-01-19
CMD07546,CL0538,P077,17/04/2024,3,2506.76,livré,Tnja,Carte,LIV9,2024-04-19
CMD39625,CL0493,P020,Aug 09 2023,3,234.06,OK,TNG,Carte,LIV1,
CMD04230,CL0201,P090,2023-09-03,2,4096.35,OK,TANGER,Carte,LIV3,
CMD26556,CL0685,P024,Aug 04 2023,2,4727.32,livré,TANGER,Carte,LIV5,2023-08-08
CMD12932,CL0796,P035,2023-04-29,2,3123.28,livré,Agadir,Carte,,2023-04-30
CMD03882,CL0032,P064,May 07 2023,4,4164.23,OK,TNG,Carte,LIV2,
CMD02034,CL0997,P057,May 03 2023,1,4040.76,OK,Tnja,Carte,LIV7,
CMD21244,CL0935,P085,07/07/2023,3,2723.52,KO,TNG,Carte,,
CMD20945,CL0089,P100,2024-05-05,5,1403.26,livré,RBA,Carte,LIV4,2024-05-06
CMD06664,CL0885,P049,2023-04-23,3,2963.81,LIVRE,Agadir,Carte,LIV3,2023-04-26
CMD31049,CL0069,P014,2023-03-03,2,1838.93,KO,TNG,Carte,LIV6,
CMD16438,CL0420,P037,Jun 04 2023,4,1469.43,annulé,TANGER,Carte,LIV1,
CMD41496,CL0924,P090,Mar 23 2024,5,4812.73,annulé,RBA,Carte,LIV2,
CMD43687,CL0718,P028,Sep 10 2023,4,4412.15,LIVRE,casa,Carte,LIV9,2023-09-15
CMD46092,CL0031,P068,19/01/2023,5,0,livré,marrakech,Carte,LIV1,2023-01-22
CMD06232,CL0907,P088,Feb 15 2024,5,2506.91,LIVRE,casa,Carte,LIV9,2024-02-20
CMD28365,CL0493,P043,07/05/2024,4,0,livre,CASABLANCA,Carte,LIV1,
CMD38331,CL0235,P029,2024-02-18,5,4044.64,annulé,kech,Carte,LIV7,
CMD12751,CL0224,P040,Aug 03 2023,3,950.67,livre,CASABLANCA,Carte,LIV6,
CMD32839,CL0120,P037,Jan 27 2024,3,148.16,retourné,Agadir,Carte,LIV4,2024-02-01
CMD05611,CL0098,P091,2024-02-18,1,1721.09,DONE,casa,Carte,LIV10,2024-02-22
CMD45555,CL0755,P034,Feb 19 2023,3,3476.48,DONE,TANGER,Carte,LIV10,2023-02-24
CMD15615,CL0263,P036,Apr 16 2024,3,3098.23,KO,TNG,Carte,LIV3,
CMD19138,CL0094,P099,28/02/2023,5,2819.58,KO,RBA,Carte,LIV7,
CMD21586,CL0445,P034,07/04/2023,3,4119.83,en_cours,CASABLANCA,Carte,LIV5,
CMD01043,CL0807,P065,09/10/2023,3,3095.04,livré,casa,Carte,LIV2,2023-10-10
CMD36754,CL0476,P062,30/12/2023,1,2947.1,retourné,CASABLANCA,Carte,LIV2,2023-12-31
CMD17249,CL0444,P021,Jan 23 2023,4,2659.79,livré,TANGER,Carte,LIV6,2023-01-26
CMD15057,CL0371,P035,Mar 10 2023,5,4261.43,livre,tanger,Carte,LIV10,
CMD47096,CL0483,P070,Apr 15 2023,5,2953.16,annulé,TANGER,Carte,LIV6,
CMD26956,CL0082,P021,20/12/2023,5,2629.5,livré,Tnja,Carte,LIV3,2023-12-25
CMD17687,CL0230,P070,Oct 28 2023,5,3159.67,livré,Tnja,Carte,LIV3,2023-10-29
CMD44064,CL0185,P034,15/04/2024,4,4017.85,DONE,TANGER,Carte,LIV8,2024-04-16
CMD47774,CL0898,P081,07/04/2023,2,503.58,OK,kech,Carte,LIV5,
CMD10115,CL0584,P069,2023-05-18,3,4534.2,KO,tanger,Carte,,
CMD21730,CL0169,P047,2023-10-01,3,3821.2,livre,tanger,Carte,LIV1,
CMD23753,CL0866,P047,04/01/2023,3,4767.61,KO,TNG,Carte,LIV10,
CMD09539,CL0424,P082,28/02/2024,5,1933.2,livré,TNG,Carte,LIV3,2024-03-02
CMD06869,CL0349,P058,2023-08-14,5,4076.93,livré,kech,Carte,LIV4,2023-08-15
CMD23316,CL0117,P063,Mar 28 2024,2,4568.0,livré,RBA,Carte,LIV4,2024-03-31
CMD30903,CL0873,P086,30/05/2023,2,854.47,en_cours,marrakech,Carte,LIV10,
CMD41497,CL0529,P032,Jan 25 2023,2,4944.73,en_cours,Tnja,Carte,LIV2,
CMD04847,CL0564,P061,Jan 09 2023,3,3663.99,livre,Tnja,Carte,LIV2,
CMD09130,CL0499,P087,Feb 09 2023,4,4312.58,retourné,kech,Carte,LIV1,2023-02-10
CMD29070,CL0759,P080,20/07/2023,1,3022.83,livré,marrakech,Carte,LIV10,2023-07-25
CMD13825,CL0107,P051,Jun 18 2023,2,1673.1,retourné,marrakech,Carte,LIV1,2023-06-19
CMD42382,CL0510,P100,18/02/2024,4,3642.73,annulé,TNG,Carte,LIV1,
CMD43079,CL0398,P073,27/06/2023,3,4051.94,DONE,marrakech,Carte,LIV2,2023-06-28
CMD06524,CL0536,P036,13/04/2023,5,0,livré,tanger,Carte,LIV4,2023-04-16
CMD47955,CL0227,P029,2023-08-26,3,1129.38,LIVRE,tanger,Carte,LIV2,2023-08-29
CMD18994,CL0139,P080,Sep 07 2023,5,1646.21,livré,RBA,Carte,LIV3,2023-09-09
CMD01752,CL0079,P037,Jun 29 2023,4,1957.83,livre,kech,Carte,LIV10,
CMD37170,CL0826,P040,Dec 24 2023,1,1186.32,livré,tanger,Carte,LIV5,2023-12-26
CMD28532,CL0325,P015,2023-04-29,2,4987.39,livré,casa,Carte,LIV6,2023-05-02
CMD41884,CL0197,P001,2023-09-10,5,2918.92,livré,marrakech,Carte,LIV9,2023-09-13
CMD46594,CL0096,P052,2023-12-31,5,3442.02,retourné,tanger,Carte,LIV3,2024-01-05
CMD08375,CL0571,P100,Aug 02 2023,4,1920.87,livré,Tnja,Carte,LIV4,2023-08-05
CMD14231,CL0552,P051,Jan 06 2023,1,4369.12,annulé,TANGER,Carte,LIV1,
CMD24081,CL0772,P068,05/07/2023,4,3871.81,livré,kech,Carte,LIV4,2023-07-07
CMD42430,CL0876,P039,02/01/2024,5,791.63,livré,RBA,Carte,LIV5,2024-01-03
CMD12687,CL0810,P080,02/09/2023,1,1063.86,KO,marrakech,Carte,LIV5,
CMD08486,CL0441,P010,Feb 09 2024,4,795.52,en_cours,casa,Carte,LIV2,
CMD11640,CL0695,P080,24/05/2023,5,855.11,DONE,CASABLANCA,Carte,,2023-05-29
CMD43618,CL0550,P070,Mar 21 2024,2,2914.94,livre,Tnja,Carte,LIV4,
CMD06639,CL0040,P089,2023-11-06,5,1978.22,en_cours,marrakech,Carte,LIV10,
CMD21266,CL0669,P003,2023-12-19,3,1691.79,OK,TNG,Carte,LIV8,
CMD43261,CL0825,P084,Apr 11 2023,1,3723.34,annulé,CASABLANCA,Carte,LIV3,
CMD23294,CL0664,P022,2023-04-18,3,0,en_cours,CASABLANCA,Carte,LIV8,
CMD08759,CL0267,P042,2024-05-01,5,3823.86,en_cours,Agadir,Carte,,
CMD03597,CL0018,P100,01/04/2023,2,748.44,livré,TNG,Carte,LIV8,2023-04-03
CMD27791,CL0256,P001,11/09/2023,3,1139.77,OK,tanger,Carte,LIV5,
CMD39269,CL0940,P055,Oct 31 2023,4,1170.08,retourné,Agadir,Carte,LIV3,2023-11-04
CMD02000,CL0273,P001,Aug 09 2023,1,4391.15,DONE,Tnja,Carte,LIV10,2023-08-12
CMD02658,CL0784,P005,Mar 11 2024,5,4333.32,OK,RBA,Carte,LIV3,
CMD46940,CL0023,P031,Feb 17 2024,5,3821.2,en_cours,CASABLANCA,Carte,LIV5,
CMD39655,CL0647,P097,11/04/2024,1,1077.6,livré,RBA,Carte,LIV8,2024-04-14
CMD07971,CL0794,P078,2024-03-26,2,4880.87,LIVRE,CASABLANCA,Carte,LIV8,2024-03-30
CMD47553,CL0733,P057,24/08/2023,2,3097.92,livré,Tnja,Carte,LIV9,2023-08-29
CMD40063,CL0351,P012,04/08/2023,1,2231.59,livré,Tnja,Carte,LIV6,2023-08-05
CMD07179,CL0521,P009,25/06/2023,2,3374.87,retourné,marrakech,Carte,LIV5,2023-06-27
CMD19739,CL0536,P026,Jan 23 2023,5,2422.85,livré,kech,Carte,LIV2,2023-01-25
CMD24577,CL0633,P072,12/05/2023,2,291.65,DONE,Agadir,Carte,LIV5,2023-05-13
CMD23865,CL0668,P021,Feb 18 2023,5,967.09,OK,marrakech,Carte,LIV4,
CMD13685,CL0011,P014,27/04/2024,5,749.84,livré,kech,Carte,LIV2,2024-05-01
CMD21709,CL0667,P029,2024-01-14,2,1003.57,livré,marrakech,Carte,LIV4,2024-01-18
CMD44683,CL0172,P022,2023-07-22,2,1386.28,LIVRE,tanger,Carte,LIV4,2023-07-23
CMD27796,CL0688,P005,07/03/2023,3,898.96,LIVRE,Agadir,Carte,LIV7,2023-03-09
CMD20338,CL0092,P044,2023-04-02,5,3450.35,livre,RBA,Carte,LIV4,
CMD22418,CL1000,P096,2023-08-01,1,2491.51,en_cours,CASABLANCA,Carte,LIV2,
CMD36241,CL0876,P053,11/03/2024,3,437.49,KO,kech,Carte,LIV1,
CMD35082,CL0092,P016,2024-03-27,1,2067.59,annulé,Tnja,Carte,LIV1,
CMD15963,CL0265,P028,05/04/2024,3,4227.86,en_cours,Agadir,Carte,LIV5,
CMD22762,CL0003,P066,2023-09-09,4,4882.93,livré,kech,Carte,LIV6,2023-09-13
CMD34446,CL0060,P094,2023-02-17,5,3624.22,livré,kech,Carte,LIV2,2023-02-19
CMD36828,CL0944,P044,2023-07-06,3,4380.59,KO,CASABLANCA,Carte,LIV2,
CMD19782,CL0915,P031,2023-06-02,5,2855.11,livre,Agadir,Carte,LIV9,
CMD01949,CL0110,P005,30/09/2023,3,0,OK,Agadir,Carte,LIV6,
CMD38187,CL0414,P058,2023-08-13,1,3095.6,livre,Agadir,Carte,LIV6,
CMD15930,CL0459,P082,2024-04-15,5,144.95,retourné,TNG,Carte,,2024-04-18
CMD38908,CL0028,P079,Aug 16 2023,5,0,LIVRE,TNG,Carte,LIV1,2023-08-19
CMD06733,CL0050,P060,2024-03-30,1,1466.62,livré,RBA,Carte,LIV3,2024-04-04
CMD06206,CL0171,P039,Feb 08 2024,1,985.05,annulé,Tnja,Carte,LIV8,
CMD47224,CL0502,P078,24/09/2023,4,3331.97,livre,marrakech,Carte,LIV6,
CMD00732,CL0464,P007,2024-02-18,4,4775.87,DONE,marrakech,Carte,LIV7,2024-02-22
CMD35987,CL0027,P065,2023-11-23,4,922.12,OK,tanger,Carte,LIV10,
CMD23286,CL0507,P052,May 10 2023,5,79.84,en_cours,casa,Carte,LIV9,
CMD14024,CL0420,P061,2023-01-08,1,3252.77,en_cours,kech,Carte,LIV6,
CMD32934,CL0069,P078,Feb 20 2024,3,2433.81,livré,tanger,Carte,LIV8,2024-02-23
CMD41685,CL0208,P042,2024-01-13,5,2682.36,DONE,CASABLANCA,Carte,LIV10,2024-01-16
CMD15219,CL0857,P044,13/12/2023,2,4126.64,livré,TNG,Carte,LIV5,2023-12-14
CMD23053,CL0562,P028,15/02/2024,4,1221.54,livré,Tnja,Carte,LIV2,2024-02-16
CMD14455,CL0014,P073,2024-02-24,5,3012.31,OK,Tnja,Carte,LIV9,
CMD44174,CL0915,P055,06/08/2023,3,625.66,livré,TNG,Carte,LIV5,2023-08-07
CMD00003,CL0148,P049,30/05/2023,2,2116.32,OK,casa,Carte,LIV10,
CMD37750,CL0026,P014,2024-04-09,1,1869.15,DONE,marrakech,Carte,LIV9,2024-04-10
CMD04063,CL0540,P025,2023-12-24,2,2194.43,retourné,TANGER,Carte,LIV9,2023-12-29
CMD28709,CL0141,P029,2023-08-23,2,2193.07,livré,RBA,Carte,LIV3,2023-08-25
CMD06572,CL0115,P024,14/02/2024,1,3455.11,DONE,TANGER,Carte,LIV1,2024-02-19
CMD37605,CL0028,P031,Nov 22 2023,5,4559.0,livré,marrakech,Carte,,2023-11-23
CMD35262,CL0838,P071,2023-03-15,3,2440.16,KO,RBA,Carte,LIV3,
CMD32966,CL0981,P001,Oct 19 2023,4,2477.96,LIVRE,TNG,Carte,LIV7,2023-10-21
CMD20081,CL0906,P075,Nov 10 2023,3,1987.52,KO,kech,Carte,LIV5,
CMD10874,CL0723,P036,2023-03-21,1,687.56,KO,RBA,Carte,LIV2,
CMD29858,CL0534,P020,2023-03-29,1,3035.94,retourné,casa,Carte,LIV5,2023-04-01
CMD03928,CL0206,P071,2024-05-06,3,1918.2,en_cours,TANGER,Carte,LIV7,
CMD37425,CL0827,P063,2024-01-03,2,2182.85,retourné,RBA,Carte,LIV6,2024-01-08
CMD14182,CL0736,P051,2023-02-08,3,673.7,livré,CASABLANCA,Carte,LIV2,2023-02-09
CMD23582,CL0805,P019,2024-02-29,3,1921.36,livré,CASABLANCA,Carte,LIV9,2024-03-03
CMD01124,CL0828,P021,Mar 25 2024,4,1039.46,livre,TANGER,Carte,LIV1,
CMD41365,CL0105,P030,29/02/2024,5,4600.83,LIVRE,CASABLANCA,Carte,,2024-03-04
CMD11751,CL0513,P024,Jan 29 2024,5,1805.71,livre,Agadir,Carte,LIV4,
CMD43172,CL0258,P021,Mar 09 2023,4,248.36,livré,CASABLANCA,Carte,LIV9,2023-03-14
CMD14814,CL0326,P095,2024-03-31,2,1872.69,LIVRE,TNG,Carte,LIV5,2024-04-04
CMD04815,CL0169,P087,Feb 16 2023,2,3559.83,OK,casa,Carte,,
CMD40402,CL0582,P024,21/05/2023,3,1545.59,LIVRE,kech,Carte,LIV1,2023-05-22
CMD31609,CL0118,P029,28/01/2024,3,3513.15,livré,casa,Carte,LIV4,2024-01-29
CMD34413,CL0582,P081,2023-11-18,5,186.32,annulé,CASABLANCA,Carte,LIV6,
CMD21704,CL0317,P057,2023-07-06,1,1014.01,retourné,tanger,Carte,LIV6,2023-07-07
CMD36995,CL0438,P074,Mar 05 2024,5,1457.13,retourné,RBA,Carte,LIV4,2024-03-07
CMD16609,CL0569,P072,2023-06-26,4,452.13,LIVRE,tanger,Carte,LIV4,2023-06-27
CMD17413,CL0706,P018,28/03/2024,1,1002.81,livré,marrakech,Carte,LIV4,2024-04-02
CMD00686,CL0265,P018,03/05/2024,4,3953.69,livré,RBA,Carte,LIV10,2024-05-08
CMD27259,CL0787,P079,2024-01-18,3,3957.04,KO,TNG,Carte,LIV10,
CMD45243,CL0157,P061,2024-02-24,1,1191.17,annulé,RBA,Carte,LIV9,
CMD01416,CL0367,P005,Jul 05 2023,2,1311.85,livré,TNG,Carte,LIV6,2023-07-09
CMD11031,CL0519,P012,Dec 16 2023,1,4322.27,KO,Agadir,Carte,LIV2,
CMD20265,CL0700,P047,Apr 22 2023,-1,0,DONE,Agadir,Carte,LIV2,2023-04-27
CMD21783,CL0115,P085,2024-01-20,1,925.15,livré,Agadir,Carte,LIV4,2024-01-22
CMD05450,CL0123,P003,2023-07-25,5,762.56,livre,CASABLANCA,Carte,LIV5,
CMD14013,CL0938,P078,17/12/2023,1,3696.94,retourné,Agadir,Carte,LIV1,2023-12-19
CMD47888,CL0113,P011,08/11/2023,3,1796.33,DONE,marrakech,Carte,,2023-11-11
CMD27922,CL0752,P090,May 11 2023,1,610.57,OK,tanger,Carte,,
CMD15925,CL0031,P052,2023-05-07,2,3424.8,en_cours,tanger,Carte,LIV7,
CMD27245,CL0901,P085,Mar 14 2024,1,2941.48,en_cours,CASABLANCA,Carte,LIV8,
CMD35611,CL0212,P085,30/08/2023,3,4887.87,DONE,Tnja,Carte,LIV6,2023-09-02
CMD47125,CL0724,P090,2024-03-02,3,1989.54,livre,TNG,Carte,LIV4,
CMD38678,CL0694,P017,May 02 2023,4,1593.25,LIVRE,marrakech,Carte,LIV7,2023-05-03
CMD24675,CL0220,P035,Aug 29 2023,2,2388.01,retourné,Tnja,Carte,,2023-08-31
CMD09284,CL0583,P056,12/03/2023,5,4015.22,livré,tanger,Carte,LIV9,2023-03-14
CMD48023,CL0111,P005,11/02/2023,5,167.55,KO,RBA,Carte,LIV6,
CMD45037,CL0480,P067,11/11/2023,2,1015.57,livré,Tnja,Carte,LIV5,2023-11-13
CMD39514,CL0192,P038,Aug 23 2023,5,4076.47,annulé,CASABLANCA,Carte,LIV7,
CMD15611,CL0180,P071,2023-11-03,1,1418.85,LIVRE,marrakech,Carte,LIV4,2023-11-04
CMD18630,CL0281,P040,2024-02-17,1,1717.46,KO,CASABLANCA,Carte,,
CMD16698,CL0358,P034,2023-11-23,1,3949.19,livre,casa,Carte,LIV10,
CMD45376,CL0629,P036,2024-03-12,4,2575.9,livré,kech,Carte,LIV5,2024-03-14
CMD11618,CL0167,P019,13/07/2023,3,3139.73,livré,TANGER,Carte,LIV9,2023-07-15
CMD42693,CL0989,P030,2023-04-14,5,1007.78,livré,kech,Carte,LIV5,2023-04-16
CMD00190,CL0200,P058,2024-05-13,2,2766.47,KO,casa,Carte,LIV3,
CMD21860,CL0235,P079,2023-08-27,2,4588.68,en_cours,kech,Carte,LIV3,
CMD14691,CL0715,P034,20/01/2024,2,1438.45,livré,kech,Carte,LIV3,2024-01-25
CMD46491,CL0721,P069,24/01/2023,4,1505.67,livré,marrakech,Carte,LIV8,2023-01-25
CMD09754,CL0703,P041,Jul 19 2023,3,1982.47,DONE,casa,Carte,LIV4,2023-07-21
CMD07578,CL0950,P082,25/12/2023,1,3776.5,KO,Agadir,Carte,LIV6,
CMD23231,CL0220,P055,2023-04-01,3,3356.93,KO,CASABLANCA,Carte,LIV3,
CMD48132,CL0240,P082,17/06/2023,1,3113.04,livré,tanger,Carte,LIV4,2023-06-21
CMD30117,CL0106,P066,2024-01-04,2,3747.29,livré,marrakech,Carte,LIV2,2024-01-09
CMD48093,CL0755,P059,12/09/2023,4,4312.43,livré,tanger,Carte,LIV8,2023-09-13
CMD22096,CL0382,P025,Jun 24 2023,5,730.54,DONE,tanger,Carte,LIV10,2023-06-29
CMD14281,CL0772,P008,2023-10-16,2,3268.43,DONE,Tnja,Carte,LIV10,2023-10-17
CMD12616,CL0325,P027,25/04/2023,4,4150.43,livré,CASABLANCA,Carte,LIV8,2023-04-30
CMD15223,CL0709,P039,27/06/2023,2,1417.14,livre,Agadir,Carte,LIV2,
CMD14159,CL0692,P059,2024-04-26,1,0,livre,casa,Carte,LIV5,
CMD46089,CL0343,P090,2024-03-04,5,3981.56,livre,marrakech,Carte,LIV6,
CMD01295,CL0173,P075,2023-05-21,1,2880.58,livré,Agadir,Carte,LIV10,2023-05-24
CMD11845,CL0230,P035,Nov 24 2023,3,4730.77,livré,TNG,Carte,,2023-11-25
CMD14951,CL0427,P038,11/07/2023,2,815.08,LIVRE,Agadir,Carte,LIV9,2023-07-15
CMD45150,CL0818,P099,27/06/2023,-1,2029.0,livré,RBA,Carte,LIV6,2023-06-28
CMD30599,CL0143,P010,06/02/2024,1,1963.57,OK,CASABLANCA,Carte,LIV6,
CMD18954,CL0879,P078,2024-04-27,5,2559.9,livré,casa,Carte,LIV4,2024-04-28
CMD38713,CL0334,P028,2023-04-22,1,3987.76,KO,Agadir,Carte,LIV4,
CMD01766,CL0929,P074,Oct 09 2023,2,2424.73,livré,kech,Carte,LIV1,2023-10-10
CMD05458,CL0971,P041,2023-06-20,4,1063.09,livre,marrakech,Carte,LIV10,
CMD19223,CL0442,P023,22/09/2023,3,1969.28,livré,tanger,Carte,LIV8,2023-09-24
CMD46313,CL0184,P083,27/03/2023,4,4236.79,LIVRE,marrakech,Carte,LIV3,2023-03-29
CMD17656,CL0944,P044,25/03/2024,4,2900.38,retourné,marrakech,Carte,LIV3,2024-03-26
CMD45255,CL0984,P055,30/11/2023,5,1594.23,OK,TNG,Carte,,
CMD14772,CL0885,P070,23/03/2023,4,2902.41,annulé,TNG,Carte,LIV8,
CMD40164,CL0655,P083,Aug 07 2023,2,2599.75,retourné,kech,Carte,LIV1,2023-08-10
CMD12189,CL0943,P080,2023-12-25,1,3552.42,livré,casa,Carte,,2023-12-26
CMD36658,CL0350,P038,2023-01-05,1,4113.93,KO,CASABLANCA,Carte,LIV8,
CMD17063,CL0320,P042,Sep 29 2023,3,1210.51,OK,Agadir,Carte,LIV6,
CMD03689,CL0967,P037,Apr 27 2024,3,57.34,retourné,kech,Carte,LIV1,2024-04-28
CMD39959,CL0688,P020,29/04/2023,4,124.87,annulé,marrakech,Carte,LIV3,
CMD33147,CL0499,P032,05/02/2023,2,2298.66,retourné,casa,Carte,LIV1,2023-02-09
CMD24044,CL0881,P004,2024-02-22,1,4310.79,KO,RBA,Carte,LIV4,
CMD17024,CL0039,P073,2023-02-28,2,2755.22,livré,casa,Carte,LIV1,2023-03-01
CMD31988,CL0039,P036,14/02/2023,1,3074.28,livré,Agadir,Carte,LIV3,2023-02-16
CMD13323,CL0690,P087,04/11/2023,3,978.64,annulé,CASABLANCA,Carte,LIV2,
CMD16266,CL0371,P044,May 21 2023,3,4095.74,livré,CASABLANCA,Carte,LIV1,2023-05-25
CMD06329,CL0381,P055,2023-08-26,1,3483.36,KO,kech,Carte,,
CMD04531,CL0646,P051,06/01/2023,5,916.98,LIVRE,Tnja,Carte,LIV10,2023-01-09
CMD17836,CL0359,P080,2023-11-14,5,762.42,livre,Tnja,Carte,LIV3,
CMD47806,CL0212,P073,2023-12-23,4,4610.55,retourné,TANGER,Carte,LIV8,2023-12-27
CMD24795,CL0909,P067,2023-06-05,2,2916.82,livre,Agadir,Carte,LIV1,
CMD20057,CL0361,P095,2023-02-06,4,0,annulé,casa,Carte,LIV4,
CMD21357,CL0195,P091,Mar 04 2024,5,2256.93,retourné,casa,Carte,LIV9,2024-03-05
CMD37290,CL0375,P067,23/02/2024,5,3203.25,LIVRE,TNG,Carte,LIV7,2024-02-28
CMD05878,CL0893,P017,2023-06-10,4,1946.91,livré,TANGER,Carte,LIV1,2023-06-12
CMD11927,CL0353,P057,Jun 17 2023,4,1137.71,livre,TANGER,Carte,LIV8,
CMD30680,CL0519,P061,02/04/2023,3,2520.13,annulé,CASABLANCA,Carte,LIV4,
CMD18715,CL0394,P063,01/12/2023,4,3243.83,livré,RBA,Carte,LIV3,2023-12-05
CMD36132,CL0130,P100,2024-04-25,5,2195.78,OK,tanger,Carte,LIV6,
CMD31195,CL0431,P006,Jan 22 2023,5,3362.82,en_cours,casa,Carte,LIV6,
CMD45391,CL0725,P100,20/03/2024,4,4002.46,livré,TNG,Carte,LIV8,2024-03-24
CMD47172,CL0334,P021,26/04/2024,3,447.14,livré,Agadir,Carte,LIV6,2024-04-28
CMD08543,CL0693,P042,2023-08-24,2,1583.14,retourné,RBA,Carte,LIV4,2023-08-28
CMD01855,CL0263,P008,2024-02-02,4,2351.86,annulé,CASABLANCA,Carte,LIV2,
CMD48451,CL0634,P048,2024-05-09,2,2540.16,annulé,Tnja,Carte,LIV10,
CMD24379,CL0073,P050,17/02/2024,4,2572.56,retourné,tanger,Carte,LIV10,2024-02-20
CMD40509,CL0001,P034,29/04/2024,2,1280.19,en_cours,RBA,Carte,LIV6,
CMD08978,CL0817,P100,Mar 20 2024,2,4891.42,DONE,tanger,Carte,LIV6,2024-03-24
CMD08822,CL0675,P094,04/06/2023,4,1926.39,DONE,tanger,Carte,LIV10,2023-06-07
CMD41555,CL0394,P039,07/11/2023,1,859.03,en_cours,casa,Carte,,
CMD31442,CL0668,P018,11/02/2024,1,2263.99,LIVRE,RBA,Carte,LIV8,2024-02-15
CMD01547,CL0600,P079,2023-10-16,2,2920.13,annulé,Tnja,Carte,LIV7,
CMD08006,CL0489,P063,2024-01-20,2,3721.0,livre,Agadir,Carte,LIV4,
CMD15412,CL0489,P009,Nov 15 2023,1,3786.03,KO,TNG,Carte,LIV5,
CMD17266,CL0027,P031,Oct 13 2023,3,4261.69,KO,CASABLANCA,Carte,LIV10,
CMD12143,CL0786,P090,23/10/2023,1,769.43,livre,tanger,Carte,LIV2,
CMD01646,CL0240,P065,2023-11-26,1,4497.56,LIVRE,kech,Carte,LIV10,2023-11-28
CMD24814,CL0284,P050,Jun 11 2023,2,2764.65,DONE,CASABLANCA,Carte,LIV7,2023-06-13
CMD14736,CL0650,P002,Mar 06 2023,1,337.61,livré,kech,Carte,LIV4,2023-03-08
CMD22261,CL0381,P069,21/10/2023,1,3408.94,livré,RBA,Carte,LIV4,2023-10-22
CMD21273,CL0907,P042,2023-09-06,3,2071.05,KO,RBA,Carte,LIV3,
CMD27794,CL0313,P016,29/04/2024,3,641.01,LIVRE,marrakech,Carte,,2024-05-04
CMD32084,CL0508,P056,Aug 07 2023,1,3339.53,livré,tanger,Carte,LIV5,2023-08-10
CMD33049,CL0063,P031,Dec 20 2023,2,2192.66,retourné,Tnja,Carte,LIV7,2023-12-25
CMD16510,CL0808,P029,11/07/2023,-1,751.41,DONE,marrakech,Carte,LIV3,2023-07-16
CMD20403,CL0661,P079,Aug 02 2023,2,4468.56,livre,casa,Carte,LIV10,
CMD20372,CL0390,P080,2023-11-01,4,3452.19,livre,marrakech,Carte,LIV9,
CMD45079,CL0973,P063,15/09/2023,1,1950.87,livre,Tnja,Carte,LIV5,
CMD18600,CL0911,P017,2023-05-09,3,2725.53,livré,TANGER,Carte,LIV8,2023-05-10
CMD47603,CL0352,P020,26/08/2023,1,3241.3,livré,TANGER,Carte,,2023-08-27
CMD29372,CL0370,P064,2023-01-03,2,1807.81,livré,TANGER,Carte,LIV8,2023-01-04
CMD17397,CL0172,P061,05/07/2023,2,4167.96,livré,casa,Carte,,2023-07-07
CMD09811,CL0872,P008,06/12/2023,1,4421.47,livré,tanger,Carte,LIV9,2023-12-10
CMD00160,CL0038,P032,07/03/2023,5,4738.37,livré,Tnja,Carte,LIV6,2023-03-11
CMD11814,CL0771,P046,Sep 22 2023,5,3244.54,livre,TNG,Carte,LIV7,
CMD36609,CL0603,P062,Feb 13 2024,2,2399.36,livré,Tnja,Carte,LIV7,2024-02-18
CMD40981,CL0610,P044,Aug 02 2023,1,4578.52,livré,TANGER,Carte,LIV3,2023-08-03
CMD19190,CL0801,P045,31/03/2023,2,2204.44,livre,Tnja,Carte,LIV4,
CMD30522,CL0658,P036,Feb 26 2024,4,3489.83,livre,Tnja,Carte,LIV5,
CMD20788,CL0212,P039,15/08/2023,1,4242.24,livré,kech,Carte,LIV1,2023-08-16
CMD42591,CL0700,P063,14/03/2023,2,3892.63,DONE,Agadir,Carte,LIV4,2023-03-16
CMD04674,CL0107,P018,Aug 21 2023,3,144.23,annulé,kech,Carte,LIV9,
CMD26870,CL0318,P060,Jun 27 2023,3,3756.43,KO,RBA,Carte,LIV6,
CMD00283,CL0357,P096,17/05/2023,3,4495.49,en_cours,TNG,Carte,LIV1,
CMD28738,CL0713,P006,2024-05-13,2,4736.52,DONE,tanger,Carte,LIV1,2024-05-14
CMD01736,CL0796,P038,28/01/2024,3,1621.61,en_cours,Agadir,Carte,LIV8,
CMD00349,CL0221,P048,Jun 25 2023,3,851.48,livré,TANGER,Carte,LIV3,2023-06-26
CMD43034,CL0833,P015,04/03/2024,5,1767.81,livré,TNG,Carte,LIV3,2024-03-05
CMD44246,CL0715,P030,03/01/2024,3,3732.35,livré,marrakech,Carte,LIV8,2024-01-05
CMD22202,CL0403,P010,Nov 10 2023,4,3840.8,DONE,Tnja,Carte,LIV2,2023-11-14
CMD25596,CL0054,P015,Apr 15 2024,2,3557.01,livré,CASABLANCA,Carte,LIV9,2024-04-20
CMD38117,CL0339,P001,2023-03-29,1,776.3,KO,kech,Carte,LIV5,
CMD47451,CL0083,P073,16/07/2023,3,325.8,LIVRE,tanger,Carte,LIV8,2023-07-17
CMD15531,CL0753,P015,Dec 07 2023,3,4151.27,livré,kech,Carte,LIV4,2023-12-10
CMD28251,CL0679,P093,22/02/2023,4,1701.06,DONE,TNG,Carte,LIV4,2023-02-23
CMD20453,CL0680,P046,2023-04-21,5,582.83,retourné,RBA,Carte,LIV2,2023-04-26
CMD39425,CL0891,P090,Jul 14 2023,4,3047.87,livré,TANGER,Carte,LIV1,2023-07-19
CMD33009,CL0861,P086,2023-01-26,4,0,KO,TANGER,Carte,LIV5,
CMD16050,CL0972,P062,2023-11-16,4,3479.65,DONE,CASABLANCA,Carte,LIV10,2023-11-21
CMD41160,CL0784,P096,10/03/2023,4,2996.93,livre,casa,Carte,LIV8,
CMD36758,CL0340,P087,2023-02-26,5,4509.12,livre,Tnja,Carte,LIV9,
CMD28177,CL0769,P073,Apr 16 2024,1,4079.97,KO,casa,Carte,LIV9,
CMD24658,CL0370,P030,Jun 24 2023,3,652.56,LIVRE,marrakech,Carte,LIV3,2023-06-27
CMD32024,CL0803,P012,28/06/2023,1,735.74,KO,RBA,Carte,LIV10,
CMD23065,CL0797,P100,14/01/2023,4,332.08,livré,kech,Carte,LIV6,2023-01-18
CMD47042,CL0520,P073,Feb 25 2024,1,3604.53,livré,Tnja,Carte,LIV6,2024-02-26
CMD36786,CL0481,P039,2023-07-24,2,497.89,livré,Tnja,Carte,LIV4,2023-07-27
CMD37016,CL0294,P046,Mar 01 2023,1,1129.15,annulé,Agadir,Carte,LIV8,
CMD02984,CL0571,P007,20/03/2023,1,3949.79,livre,TNG,Carte,LIV9,
CMD37052,CL0053,P010,2023-09-12,2,4729.95,retourné,TANGER,Carte,LIV8,2023-09-15
CMD43511,CL0868,P069,2023-10-11,5,3963.17,livré,RBA,Carte,LIV5,2023-10-15
CMD04495,CL0068,P001,2024-03-01,-1,2286.94,livré,Agadir,Carte,LIV3,2024-03-05
CMD43777,CL0727,P037,25/02/2024,4,1213.55,annulé,RBA,Carte,LIV2,
CMD27025,CL0044,P027,05/01/2024,1,2937.03,livré,CASABLANCA,Carte,LIV8,2024-01-09
CMD07121,CL0456,P086,24/03/2023,4,1285.41,livré,RBA,Carte,LIV7,2023-03-28
CMD06074,CL0170,P016,Apr 12 2024,1,4096.01,OK,Agadir,Carte,LIV10,
CMD25307,CL0103,P044,Aug 26 2023,3,1420.9,livre,tanger,Carte,LIV6,
CMD45186,CL0002,P073,21/11/2023,4,4759.37,DONE,Agadir,Carte,LIV4,2023-11-23
CMD30735,CL0331,P011,Oct 25 2023,5,338.79,en_cours,marrakech,Carte,LIV3,
CMD19747,CL0252,P023,17/08/2023,2,1032.72,livré,tanger,Carte,LIV7,2023-08-21
CMD36550,CL0963,P068,2023-09-18,1,3602.08,en_cours,CASABLANCA,Carte,LIV5,
CMD42209,CL0959,P096,2024-04-29,3,1272.21,DONE,Agadir,Carte,LIV1,2024-04-30
CMD37204,CL0952,P098,21/02/2023,2,3248.49,livré,kech,Carte,LIV1,2023-02-25
CMD18804,CL0705,P067,2023-12-08,4,2457.14,livré,TNG,Carte,LIV4,2023-12-12
CMD26263,CL0499,P024,Sep 10 2023,1,2599.71,KO,Tnja,Carte,,
CMD31559,CL0223,P013,21/02/2024,5,3367.09,OK,CASABLANCA,Carte,LIV6,
CMD13785,CL0438,P095,Mar 08 2024,1,628.35,retourné,Agadir,Carte,LIV10,2024-03-13
CMD27944,CL0208,P042,Jul 20 2023,2,217.72,livré,TANGER,Carte,,2023-07-24
CMD41363,CL0641,P055,07/02/2023,4,3656.0,OK,TANGER,Carte,LIV3,
CMD37054,CL0357,P097,Feb 14 2024,3,0,livré,TNG,Carte,LIV8,2024-02-16
CMD30739,CL0387,P055,2024-02-02,1,314.8,annulé,tanger,Carte,,
CMD22440,CL0271,P057,Jul 14 2023,1,3492.49,livre,TNG,Carte,LIV6,
CMD46967,CL0924,P067,09/08/2023,1,2173.91,livre,RBA,Carte,LIV8,
CMD06967,CL0197,P017,14/09/2023,5,2957.19,livré,TANGER,Carte,LIV1,2023-09-19
CMD44344,CL0666,P081,2023-04-07,2,2447.39,LIVRE,RBA,Carte,LIV3,2023-04-09
CMD45006,CL0538,P051,Feb 10 2024,5,431.75,livré,RBA,Carte,LIV10,2024-02-13
CMD28728,CL0163,P034,May 05 2023,5,4918.74,livré,casa,Carte,LIV10,2023-05-07
CMD33518,CL0597,P024,26/02/2023,2,4253.8,en_cours,tanger,Carte,LIV6,
CMD16074,CL0911,P059,03/10/2023,3,3546.39,KO,Tnja,Carte,LIV4,
CMD42442,CL0591,P078,Apr 26 2024,2,236.97,LIVRE,kech,Carte,LIV9,2024-05-01
CMD02511,CL0332,P087,2024-05-07,4,1889.09,en_cours,Agadir,Carte,LIV4,
CMD22084,CL0804,P088,25/02/2024,5,4131.73,DONE,RBA,Carte,LIV3,2024-02-27
CMD10886,CL0947,P010,Nov 26 2023,5,2066.73,retourné,Tnja,Carte,,2023-11-27
CMD27695,CL0120,P024,2023-04-10,3,4074.48,KO,TNG,Carte,LIV4,
CMD19768,CL0636,P034,Nov 26 2023,-1,2977.25,LIVRE,kech,Carte,LIV2,2023-12-01
CMD25752,CL0624,P016,Jun 22 2023,3,2646.2,DONE,TNG,Carte,,2023-06-26
CMD33926,CL0437,P003,Mar 04 2024,4,633.48,KO,marrakech,Carte,LIV3,
CMD28540,CL0964,P081,2023-10-11,5,2630.0,DONE,TNG,Carte,LIV6,2023-10-14
CMD06122,CL0412,P091,19/04/2023,2,1619.89,livré,marrakech,Carte,LIV4,2023-04-22
CMD24897,CL0772,P093,23/03/2023,2,2832.52,DONE,RBA,Carte,LIV5,2023-03-27
CMD01150,CL0706,P008,Jun 28 2023,2,65.65,OK,RBA,Carte,LIV4,
CMD48457,CL0195,P037,Jan 04 2023,2,4518.16,OK,Agadir,Carte,LIV9,
CMD26749,CL0251,P004,Feb 16 2024,2,1647.2,livré,CASABLANCA,Carte,LIV10,2024-02-18
CMD15720,CL0469,P099,13/01/2023,2,4732.16,livre,marrakech,Carte,LIV2,
CMD32033,CL0471,P058,Mar 29 2024,2,205.71,livré,TNG,Carte,LIV3,2024-04-01
CMD00968,CL0962,P041,20/01/2024,5,2005.2,retourné,RBA,Carte,LIV3,2024-01-25
CMD21832,CL0027,P086,2023-11-27,1,0,DONE,Agadir,Carte,LIV6,2023-11-28
CMD18451,CL0782,P088,Feb 23 2024,3,3148.74,annulé,kech,Carte,LIV10,
CMD07530,CL0426,P098,18/07/2023,1,2307.47,annulé,tanger,Carte,LIV5,
CMD22970,CL0073,P024,10/07/2023,4,3903.52,annulé,Tnja,Carte,LIV8,
CMD02362,CL0490,P014,Mar 10 2024,2,819.26,livré,TNG,Carte,LIV2,2024-03-14
CMD07955,CL0474,P022,May 01 2023,1,1903.92,en_cours,CASABLANCA,Carte,LIV10,
CMD04395,CL0723,P049,Dec 29 2023,2,4972.56,livré,RBA,Carte,LIV3,2024-01-01
CMD06493,CL0172,P062,18/07/2023,1,2209.29,livré,Agadir,Carte,LIV9,2023-07-20
CMD10773,CL0610,P048,16/12/2023,5,2936.53,KO,TNG,Carte,LIV5,
CMD00758,CL0635,P099,Jun 23 2023,3,3669.75,DONE,tanger,Carte,LIV10,2023-06-27
CMD29455,CL0100,P096,Jan 30 2024,3,847.97,DONE,TNG,Carte,LIV10,2024-02-02
CMD15709,CL0298,P098,2024-01-09,3,1176.32,retourné,TANGER,Carte,LIV3,2024-01-13
CMD45009,CL0220,P082,2023-10-17,5,885.13,KO,kech,Carte,,
CMD24708,CL0140,P023,01/06/2023,2,3247.72,en_cours,Agadir,Carte,LIV10,
CMD40558,CL0609,P024,Nov 30 2023,-1,2309.06,LIVRE,kech,Carte,LIV5,2023-12-01
CMD20157,CL0947,P026,Jun 05 2023,4,320.69,retourné,Agadir,Carte,LIV1,2023-06-06
CMD43909,CL0212,P085,2023-10-11,2,1356.73,KO,Agadir,Carte,LIV3,
CMD01857,CL0756,P100,Mar 28 2023,3,2328.39,livré,RBA,Carte,LIV9,2023-04-01
CMD25890,CL0145,P094,26/12/2023,5,4149.93,DONE,RBA,Carte,LIV2,2023-12-31
CMD31990,CL0715,P088,2023-09-16,5,2282.62,annulé,TANGER,Carte,LIV7,
CMD35589,CL0813,P040,03/05/2023,5,2420.27,KO,TANGER,Carte,LIV10,
CMD28168,CL0958,P098,13/05/2024,1,4490.11,livré,kech,Carte,LIV1,2024-05-14
CMD33643,CL0663,P065,2023-02-02,3,1356.94,livré,tanger,Carte,LIV6,2023-02-04
CMD13843,CL0582,P077,Jul 07 2023,5,851.96,en_cours,RBA,Carte,,
CMD45132,CL0192,P015,Jun 11 2023,2,3636.47,livre,TANGER,Carte,LIV7,
CMD19474,CL0745,P065,May 27 2023,5,2568.28,livré,marrakech,Carte,,2023-05-29
CMD03134,CL0946,P005,06/11/2023,1,2707.93,livré,casa,Carte,LIV8,2023-11-07
CMD16463,CL0726,P057,10/02/2023,1,4809.08,livré,tanger,Carte,LIV7,2023-02-12
CMD23144,CL0831,P090,09/02/2024,3,4821.94,annulé,TNG,Carte,LIV1,
CMD35388,CL0001,P077,Apr 08 2024,3,573.06,OK,TANGER,Carte,LIV1,
CMD12468,CL0800,P019,25/11/2023,3,3542.1,retourné,Tnja,Carte,LIV5,2023-11-29
CMD25104,CL0505,P058,Apr 15 2024,2,4164.25,KO,kech,Carte,LIV7,
CMD43873,CL0107,P005,2023-05-16,5,1108.39,livré,Agadir,Carte,LIV3,2023-05-20
CMD01721,CL0476,P032,2023-12-10,1,4484.77,LIVRE,Tnja,Carte,LIV8,2023-12-15
CMD14469,CL0734,P050,Aug 01 2023,2,0,livré,casa,Carte,LIV5,2023-08-03
CMD01276,CL0421,P099,Sep 23 2023,2,4626.69,OK,Agadir,Carte,LIV8,
CMD45280,CL0433,P051,2024-02-24,1,516.76,KO,casa,Carte,LIV1,
CMD17949,CL0936,P017,20/02/2023,5,1138.64,DONE,kech,Carte,LIV8,2023-02-23
CMD03342,CL0489,P059,Jun 19 2023,2,4373.42,livré,TNG,Carte,LIV8,2023-06-23
CMD36531,CL0040,P045,01/01/2023,1,3795.1,OK,casa,Carte,LIV8,
CMD13668,CL0602,P052,24/04/2024,3,93.98,LIVRE,tanger,Carte,LIV10,2024-04-26
CMD00626,CL0391,P034,25/10/2023,1,244.34,annulé,TNG,Carte,LIV2,
CMD03295,CL0497,P067,2024-05-14,-1,4679.27,DONE,kech,Carte,LIV5,2024-05-18
CMD46955,CL0703,P020,Mar 07 2023,2,2205.39,DONE,RBA,Carte,LIV7,2023-03-10
CMD36891,CL0707,P068,Aug 21 2023,2,4997.69,DONE,Tnja,Carte,LIV10,2023-08-23
CMD13961,CL0597,P014,09/06/2023,4,3844.41,livre,tanger,Carte,LIV6,
CMD21046,CL0799,P087,Apr 27 2024,1,4019.14,retourné,tanger,Carte,LIV3,2024-04-30
CMD43589,CL0097,P013,May 01 2024,1,2705.45,annulé,tanger,Carte,,
CMD42900,CL0777,P006,03/01/2024,5,721.67,LIVRE,tanger,Carte,LIV10,2024-01-07
CMD42282,CL0976,P083,2023-01-14,3,3155.7,KO,Agadir,Carte,LIV8,
CMD05706,CL0604,P018,2023-09-29,2,1353.31,livré,marrakech,Carte,LIV5,2023-10-02
CMD05467,CL0824,P018,Sep 24 2023,1,2614.86,livre,RBA,Carte,LIV8,
CMD03452,CL0379,P034,2023-04-13,2,3657.18,en_cours,marrakech,Carte,LIV9,
CMD20351,CL0256,P099,29/01/2023,1,501.86,LIVRE,TANGER,Carte,LIV3,2023-02-03
CMD08910,CL0224,P080,28/08/2023,5,1986.42,OK,RBA,Carte,LIV8,
CMD27472,CL0664,P014,09/07/2023,5,3602.09,OK,tanger,Carte,LIV8,
CMD07916,CL0553,P087,Feb 18 2023,4,4908.19,livré,Agadir,Carte,LIV5,2023-02-20
CMD09441,CL0582,P080,21/03/2023,4,1488.5,OK,casa,Carte,LIV2,
CMD13105,CL0703,P083,2023-02-09,1,954.67,livre,kech,Carte,LIV8,
CMD39313,CL0338,P054,14/10/2023,2,3757.08,DONE,RBA,Carte,LIV10,2023-10-16
CMD02892,CL0145,P082,Aug 30 2023,4,3977.75,livré,TNG,Carte,LIV7,2023-09-04
CMD40238,CL0825,P086,2023-05-23,5,1953.81,annulé,Tnja,Carte,LIV5,
CMD36682,CL0451,P048,Nov 03 2023,3,1623.93,livré,TNG,Carte,LIV1,2023-11-07
CMD19073,CL0099,P062,Feb 12 2023,1,623.71,livre,casa,Carte,LIV2,
CMD18180,CL0020,P021,Jan 14 2023,3,966.05,retourné,casa,Carte,LIV8,2023-01-17
CMD27757,CL0232,P002,26/03/2024,1,1446.06,KO,marrakech,Carte,LIV8,
CMD28012,CL0315,P047,2023-11-13,2,1588.27,LIVRE,RBA,Carte,LIV4,2023-11-18
CMD47974,CL0301,P025,Sep 29 2023,2,4599.44,en_cours,RBA,Carte,LIV8,
CMD44860,CL0896,P021,2024-04-30,1,683.28,livré,marrakech,Carte,LIV3,2024-05-05
CMD08846,CL0187,P072,Aug 18 2023,5,3618.44,DONE,marrakech,Carte,LIV3,2023-08-19
CMD42226,CL0926,P079,2024-02-09,2,4326.21,livré,tanger,Carte,LIV2,2024-02-12
CMD38322,CL0156,P004,24/02/2023,3,4579.51,livre,Agadir,Carte,LIV3,
CMD15260,CL0845,P094,May 19 2023,2,4394.13,DONE,TANGER,Carte,LIV2,2023-05-22
CMD48227,CL0241,P034,12/07/2023,3,331.94,livre,TNG,Carte,LIV2,
CMD30559,CL0767,P097,Feb 12 2024,2,2528.92,en_cours,CASABLANCA,Carte,LIV7,
CMD21531,CL0268,P039,Oct 21 2023,2,1408.44,livre,kech,Carte,LIV8,
CMD03595,CL0054,P070,Nov 15 2023,3,4892.25,retourné,kech,Carte,LIV4,2023-11-17
CMD08183,CL0084,P024,2024-01-07,4,1944.08,livré,TANGER,Carte,LIV9,2024-01-08
CMD28126,CL0272,P025,26/08/2023,1,845.11,livré,kech,Carte,LIV9,2023-08-31
CMD40735,CL0999,P016,2023-09-03,1,2699.81,annulé,marrakech,Carte,LIV2,
CMD30791,CL0765,P015,2023-05-07,2,4085.09,OK,TNG,Carte,LIV4,
CMD14283,CL0973,P098,Oct 01 2023,2,2812.23,retourné,marrakech,Carte,LIV9,2023-10-05
CMD13251,CL0975,P021,Jan 23 2024,5,1284.72,livré,casa,Carte,LIV9,2024-01-28
CMD15647,CL0877,P004,2024-03-31,1,422.29,DONE,TNG,Carte,LIV2,2024-04-04
CMD02201,CL0483,P017,Aug 26 2023,5,2096.8,KO,TNG,Carte,,
CMD29884,CL0456,P089,2024-02-10,1,409.93,en_cours,Agadir,Carte,LIV2,
CMD47856,CL0899,P028,2023-11-05,5,1003.03,OK,kech,Carte,LIV7,
CMD10103,CL0129,P041,2023-11-06,3,3804.06,LIVRE,kech,Carte,LIV6,2023-11-09
CMD19908,CL0124,P003,2023-07-25,2,1175.34,livré,kech,Carte,LIV7,2023-07-29
CMD03305,CL0434,P044,2024-04-12,1,2888.88,livre,tanger,Carte,LIV9,
CMD33996,CL0408,P051,Sep 03 2023,2,4465.46,livré,RBA,Carte,LIV3,2023-09-05
CMD35825,CL0541,P096,Oct 20 2023,1,413.51,retourné,TNG,Carte,LIV8,2023-10-23
CMD15948,CL0698,P030,07/05/2023,4,583.28,livré,TANGER,Carte,LIV6,2023-05-11
CMD27318,CL0642,P032,Sep 13 2023,1,4335.69,LIVRE,tanger,Carte,LIV4,2023-09-17
CMD38372,CL0885,P013,16/04/2024,1,915.93,OK,Agadir,Carte,LIV9,
CMD17360,CL0832,P083,08/08/2023,1,3612.8,KO,Agadir,Carte,LIV7,
CMD44100,CL0959,P011,2023-04-15,2,2108.57,livré,Tnja,Carte,LIV8,2023-04-20
CMD04083,CL0284,P012,2023-09-14,1,2338.01,KO,kech,Carte,LIV7,
CMD21345,CL0897,P054,2024-04-11,5,4029.42,annulé,tanger,Carte,LIV8,
CMD26419,CL0885,P056,2023-06-13,3,1060.7,annulé,tanger,Carte,LIV9,
CMD45237,CL0805,P059,2023-11-16,3,314.55,annulé,Agadir,Carte,LIV3,
CMD12645,CL0373,P033,2023-03-11,1,3211.92,livré,Tnja,Carte,LIV9,2023-03-13
CMD44923,CL0093,P071,Apr 18 2024,3,2865.49,livré,TNG,Carte,LIV1,2024-04-21
CMD21969,CL0319,P092,05/01/2024,5,1264.89,livré,tanger,Carte,LIV10,2024-01-06
CMD02110,CL0338,P046,22/12/2023,5,1077.38,LIVRE,CASABLANCA,Carte,LIV4,2023-12-24
CMD16741,CL0074,P041,2023-07-06,1,4404.98,DONE,marrakech,Carte,LIV8,2023-07-08
CMD11427,CL0426,P091,10/05/2023,3,889.79,KO,TANGER,Carte,LIV4,
CMD27690,CL0362,P064,22/09/2023,2,3260.02,livré,casa,Carte,LIV6,2023-09-24
CMD04600,CL0116,P026,Feb 01 2023,3,1360.3,livré,kech,Carte,LIV1,2023-02-02
CMD14844,CL0528,P078,2024-05-05,1,349.99,DONE,RBA,Carte,LIV3,2024-05-10
CMD02464,CL0263,P097,2023-01-24,3,1804.79,OK,CASABLANCA,Carte,,
CMD37834,CL0300,P017,2023-07-31,2,804.4,DONE,tanger,Carte,LIV9,2023-08-01
CMD33569,CL0312,P048,25/06/2023,1,1121.9,en_cours,casa,Carte,LIV4,
CMD42402,CL0598,P084,2023-02-23,5,0,LIVRE,tanger,Carte,LIV1,2023-02-25
CMD07129,CL0078,P047,2023-01-09,3,4649.18,DONE,marrakech,Carte,LIV8,2023-01-14
CMD12162,CL0297,P078,2023-05-12,2,4082.42,livré,TANGER,Carte,LIV5,2023-05-16
CMD13499,CL0310,P067,10/01/2023,2,4425.64,annulé,TANGER,Carte,LIV1,
CMD32136,CL0030,P046,22/01/2024,4,3246.77,KO,kech,Carte,LIV1,
CMD01654,CL0083,P033,14/03/2024,4,4407.84,annulé,kech,Carte,LIV9,
CMD01000,CL0277,P025,2023-06-05,1,2074.15,retourné,kech,Carte,LIV7,2023-06-08
CMD45823,CL0064,P043,25/06/2023,4,1750.53,livré,TANGER,Carte,LIV2,2023-06-28
CMD43720,CL0293,P095,2024-02-11,2,2800.59,KO,kech,Carte,LIV10,
CMD04653,CL0794,P058,Oct 29 2023,4,4957.08,livré,Tnja,Carte,,2023-11-03
CMD47435,CL0881,P008,14/03/2023,3,3553.44,DONE,TANGER,Carte,LIV2,2023-03-18
CMD03000,CL0405,P046,15/10/2023,2,1795.64,livre,kech,Carte,LIV5,
CMD21686,CL0768,P091,10/05/2024,5,2024.14,livré,tanger,Carte,,2024-05-13
CMD34407,CL0534,P008,Nov 09 2023,3,2183.89,KO,RBA,Carte,LIV8,
CMD44041,CL0291,P011,2024-02-01,1,3289.14,livré,TANGER,Carte,LIV5,2024-02-05
CMD05969,CL0053,P049,Oct 23 2023,2,2073.07,LIVRE,tanger,Carte,LIV4,2023-10-27
CMD00600,CL0030,P099,2023-01-10,4,996.78,DONE,RBA,Carte,LIV6,2023-01-15
CMD35570,CL0273,P057,May 22 2023,4,4603.92,LIVRE,Tnja,Carte,LIV5,2023-05-25
CMD04615,CL0244,P029,2023-02-15,1,1088.42,KO,CASABLANCA,Carte,LIV8,
CMD11246,CL0275,P006,02/01/2023,1,1856.28,livré,Tnja,Carte,,2023-01-06
CMD42842,CL0374,P087,Sep 24 2023,2,2680.23,annulé,Tnja,Carte,LIV4,
CMD40957,CL0783,P078,2023-09-27,5,4445.03,livre,RBA,Carte,LIV9,
CMD40422,CL0473,P056,2023-05-05,5,798.63,en_cours,kech,Carte,,
CMD38174,CL0319,P094,Jun 05 2023,1,1896.72,LIVRE,TANGER,Carte,LIV8,2023-06-10
CMD30981,CL0137,P026,15/03/2023,3,4416.52,retourné,kech,Carte,LIV3,2023-03-18
CMD40512,CL0927,P052,09/11/2023,3,176.33,livré,tanger,Carte,LIV7,2023-11-14
CMD27211,CL0406,P061,Aug 20 2023,3,3938.81,livré,Agadir,Carte,LIV2,2023-08-21
CMD07486,CL0337,P030,09/04/2023,1,3851.53,OK,RBA,Carte,LIV3,
CMD29272,CL0370,P029,2024-02-28,2,4065.02,KO,CASABLANCA,Carte,LIV9,
CMD08949,CL0737,P093,Feb 04 2023,5,3118.71,retourné,Agadir,Carte,LIV3,2023-02-07
CMD47043,CL0568,P072,2023-03-08,1,4199.79,livre,TNG,Carte,LIV8,
CMD38643,CL0054,P099,20/08/2023,1,3879.01,livré,casa,Carte,LIV4,2023-08-22
CMD33195,CL0131,P018,18/10/2023,-1,4142.06,livré,tanger,Carte,LIV9,2023-10-19
CMD28686,CL0980,P041,2023-03-22,2,100.39,livré,Agadir,Carte,LIV1,2023-03-27
CMD20863,CL0076,P040,27/11/2023,-1,3889.45,livré,TNG,Carte,LIV6,2023-11-28
CMD12037,CL0896,P097,2024-04-25,2,195.04,livré,TANGER,Carte,LIV10,2024-04-28
CMD45397,CL0462,P033,14/05/2024,2,3008.26,en_cours,marrakech,Carte,LIV9,
CMD18716,CL0183,P005,31/05/2023,3,4024.99,livré,TNG,Carte,LIV7,2023-06-01
CMD01015,CL0406,P082,09/03/2024,4,4838.9,OK,Tnja,Carte,LIV3,
CMD38149,CL0768,P047,May 02 2023,5,1283.87,en_cours,TNG,Carte,LIV1,
CMD47433,CL0054,P011,2023-11-02,4,1616.42,livré,marrakech,Carte,LIV3,2023-11-06
CMD01041,CL0924,P058,27/10/2023,5,4333.12,en_cours,RBA,Carte,LIV2,
CMD23129,CL0479,P070,15/03/2023,2,4103.16,KO,TANGER,Carte,LIV6,
CMD47347,CL0207,P014,May 24 2023,4,2011.14,livré,TANGER,Carte,,2023-05-29
CMD19420,CL0793,P084,2023-06-09,5,4053.72,DONE,kech,Carte,LIV7,2023-06-10
CMD15420,CL0019,P089,24/02/2024,5,3709.8,en_cours,Agadir,Carte,LIV1,
CMD19557,CL0045,P031,26/02/2024,5,4660.2,livré,tanger,Carte,,2024-03-02
CMD36024,CL0053,P033,13/03/2023,2,3848.5,en_cours,TANGER,Carte,LIV3,
CMD30953,CL0143,P082,Jan 19 2024,3,439.25,livré,RBA,Carte,LIV9,2024-01-21
CMD34906,CL0892,P087,Apr 29 2024,4,127.71,KO,casa,Carte,LIV8,
CMD29106,CL0354,P040,Apr 20 2024,4,3212.01,LIVRE,CASABLANCA,Carte,LIV1,2024-04-24
CMD08033,CL0900,P077,2023-06-17,3,2063.07,livré,marrakech,Carte,LIV7,2023-06-21
CMD24950,CL0242,P059,Aug 25 2023,4,3982.71,DONE,RBA,Carte,LIV2,2023-08-28
CMD06022,CL0879,P097,Feb 16 2024,3,2943.38,DONE,casa,Carte,LIV4,2024-02-19
CMD09793,CL0953,P072,Dec 16 2023,3,967.55,LIVRE,kech,Carte,LIV2,2023-12-18
CMD39386,CL0130,P032,Sep 15 2023,3,453.57,annulé,RBA,Carte,LIV10,
CMD38887,CL0950,P002,Mar 07 2023,2,4487.67,OK,kech,Carte,LIV9,
CMD04240,CL0731,P078,2024-03-01,4,1411.29,retourné,tanger,Carte,LIV7,2024-03-02
CMD01780,CL0880,P005,2023-01-14,1,4855.45,DONE,TANGER,Carte,LIV2,2023-01-18
CMD28794,CL0666,P015,25/03/2023,4,4566.96,livré,CASABLANCA,Carte,LIV2,2023-03-28
CMD16320,CL0489,P071,Sep 27 2023,2,2364.18,DONE,Tnja,Carte,LIV7,2023-10-01
CMD11078,CL0431,P002,2023-10-23,2,0,DONE,TNG,Carte,LIV4,2023-10-27
CMD42416,CL0099,P080,2024-04-09,1,4488.37,KO,tanger,Carte,LIV6,
CMD06367,CL0842,P093,2023-08-24,1,433.81,LIVRE,RBA,Carte,LIV7,2023-08-27
CMD17421,CL0088,P072,Mar 02 2023,1,3357.59,retourné,Tnja,Carte,LIV8,2023-03-07
CMD13225,CL0256,P096,Jan 21 2024,1,964.44,livré,TNG,Carte,LIV6,2024-01-23
CMD24245,CL0728,P018,Feb 01 2023,3,3891.55,LIVRE,kech,Carte,LIV1,2023-02-02
CMD43521,CL0214,P084,2024-04-19,5,838.81,en_cours,Agadir,Carte,LIV4,
CMD25388,CL0408,P064,2024-03-29,5,1840.99,LIVRE,CASABLANCA,Carte,LIV10,2024-04-03
CMD01816,CL0320,P100,2023-11-15,-1,688.92,livré,CASABLANCA,Carte,LIV9,2023-11-18
CMD17429,CL0888,P100,2023-10-15,4,4767.07,retourné,RBA,Carte,LIV5,2023-10-16
CMD37181,CL0502,P083,11/03/2024,4,89.19,livré,tanger,Carte,LIV7,2024-03-15
CMD33916,CL0132,P024,Feb 02 2024,1,968.41,retourné,casa,Carte,LIV1,2024-02-04
CMD24858,CL0865,P033,07/09/2023,2,2677.94,livre,kech,Carte,LIV5,
CMD42791,CL0800,P079,Feb 22 2023,4,2459.8,KO,CASABLANCA,Carte,LIV1,
CMD08035,CL0416,P096,2023-09-05,2,3588.27,LIVRE,marrakech,Carte,LIV9,2023-09-09
CMD16928,CL0429,P034,09/03/2023,5,2438.56,annulé,casa,Carte,LIV8,
CMD26243,CL0108,P075,2023-06-18,3,247.68,annulé,CASABLANCA,Carte,LIV4,
CMD02041,CL0044,P011,Jul 13 2023,3,4083.6,en_cours,CASABLANCA,Carte,LIV7,
CMD09680,CL0268,P071,17/04/2024,3,298.6,KO,casa,Carte,LIV2,
CMD16591,CL0012,P069,10/11/2023,1,3166.06,livré,CASABLANCA,Carte,LIV7,2023-11-13
CMD43717,CL0374,P021,26/05/2023,3,794.8,livre,marrakech,Carte,LIV5,
CMD09175,CL0843,P033,2024-04-12,4,1457.68,en_cours,Agadir,Carte,LIV5,
CMD02365,CL0825,P024,2023-03-12,2,4173.97,en_cours,Tnja,Carte,LIV4,
CMD32577,CL0806,P063,2024-05-08,1,2672.69,livré,Tnja,Carte,LIV3,2024-05-13
CMD38259,CL0739,P048,Jan 29 2023,1,3963.3,annulé,kech,Carte,LIV4,
CMD34404,CL0185,P014,Jul 16 2023,2,3902.84,LIVRE,Tnja,Carte,LIV6,2023-07-19
CMD05199,CL0191,P096,15/06/2023,3,750.65,OK,kech,Carte,LIV10,
CMD48477,CL0006,P001,2023-10-26,3,2285.48,retourné,Tnja,Carte,LIV5,2023-10-27
CMD29195,CL0868,P035,Oct 19 2023,2,1909.52,LIVRE,TANGER,Carte,LIV1,2023-10-24
CMD03631,CL0031,P097,Aug 15 2023,1,4569.44,annulé,Agadir,Carte,LIV9,
CMD19079,CL0542,P027,Jun 03 2023,2,1018.99,annulé,CASABLANCA,Carte,LIV5,
CMD40647,CL0157,P063,02/05/2023,5,396.07,livré,kech,Carte,LIV10,2023-05-04
CMD21849,CL0602,P081,Mar 17 2023,5,1369.93,en_cours,marrakech,Carte,,
CMD24901,CL0464,P015,Apr 07 2023,2,4671.07,OK,kech,Carte,LIV3,
CMD42731,CL0301,P007,2023-04-27,3,3083.74,OK,Agadir,Carte,LIV3,
CMD21177,CL0688,P076,2023-11-30,3,1644.69,OK,CASABLANCA,Carte,LIV3,
CMD42652,CL0652,P051,02/04/2024,4,1876.0,livré,tanger,Carte,LIV8,2024-04-07
CMD38530,CL0849,P075,14/11/2023,5,1925.54,annulé,CASABLANCA,Carte,LIV4,
CMD15998,CL0200,P049,28/02/2023,2,3799.89,annulé,RBA,Carte,LIV9,
CMD20253,CL0910,P066,18/02/2024,3,3761.17,annulé,kech,Carte,LIV9,
CMD19744,CL0387,P007,Aug 04 2023,5,3018.68,livré,TNG,Carte,LIV7,2023-08-05
CMD32417,CL0105,P055,Aug 30 2023,5,1875.03,livré,Agadir,Carte,,2023-09-04
CMD40634,CL0037,P006,2023-10-10,1,570.99,DONE,TNG,Carte,LIV6,2023-10-13
CMD35627,CL0711,P010,04/12/2023,4,4240.59,annulé,TNG,Carte,LIV5,
CMD13969,CL0680,P026,2023-09-07,5,4840.24,OK,marrakech,Carte,LIV2,
CMD18336,CL0716,P075,12/01/2023,2,4477.73,livre,tanger,Carte,,
CMD23470,CL0331,P045,2024-04-29,3,1661.77,livré,marrakech,Carte,LIV6,2024-05-03
CMD34875,CL0190,P051,Apr 03 2023,5,2734.27,DONE,TANGER,Carte,LIV1,2023-04-07
CMD18802,CL0894,P002,21/01/2023,3,736.35,LIVRE,TANGER,Carte,LIV3,2023-01-23
CMD44130,CL0688,P048,26/06/2023,3,1613.67,OK,CASABLANCA,Carte,LIV1,
CMD05278,CL0696,P041,2023-01-18,4,4517.81,en_cours,Tnja,Carte,LIV5,
CMD24905,CL0188,P100,Jul 08 2023,4,3157.98,retourné,RBA,Carte,LIV2,2023-07-11
CMD27642,CL0409,P007,30/09/2023,1,2356.0,livré,Agadir,Carte,LIV2,2023-10-04
CMD40517,CL0532,P050,28/03/2024,1,0,LIVRE,casa,Carte,LIV7,2024-03-31
CMD02908,CL0822,P092,11/10/2023,3,1304.99,livré,CASABLANCA,Carte,LIV3,2023-10-13
CMD21943,CL0128,P001,2023-10-09,5,4874.11,retourné,marrakech,Carte,LIV4,2023-10-11
CMD39130,CL0478,P058,2024-05-07,4,4164.31,DONE,kech,Carte,LIV7,2024-05-08
CMD35055,CL0704,P050,2023-12-16,1,4556.93,DONE,Agadir,Carte,,2023-12-18
CMD08057,CL0256,P017,21/10/2023,3,1953.83,livré,marrakech,Carte,LIV9,2023-10-24
CMD32522,CL0367,P065,2023-11-05,2,922.81,DONE,RBA,Carte,LIV9,2023-11-08
CMD29673,CL0740,P003,2023-09-23,5,1044.26,annulé,marrakech,Carte,LIV9,
CMD09706,CL0520,P079,15/05/2024,4,3904.68,OK,Agadir,Carte,LIV6,
CMD47138,CL0847,P064,2023-02-23,1,4992.38,annulé,RBA,Carte,LIV1,
CMD03239,CL0731,P085,2023-10-17,5,2680.15,DONE,marrakech,Carte,LIV1,2023-10-22
CMD04854,CL0544,P024,Nov 19 2023,5,1615.7,en_cours,Agadir,Carte,LIV3,
CMD06299,CL0539,P089,2024-05-14,1,0,livré,kech,Carte,LIV6,2024-05-19
CMD00767,CL0801,P036,2024-02-09,5,2844.43,livré,tanger,Carte,,2024-02-13
CMD07324,CL0081,P096,14/06/2023,4,1628.18,livré,TANGER,Carte,LIV7,2023-06-19
CMD06414,CL0950,P084,07/04/2024,5,1029.72,livré,casa,Carte,LIV3,2024-04-10
CMD03099,CL0224,P047,2024-02-16,4,2825.75,livré,CASABLANCA,Carte,,2024-02-21
CMD42998,CL0100,P007,Jan 03 2024,1,549.42,en_cours,casa,Carte,LIV6,
CMD48377,CL0416,P052,14/12/2023,5,292.31,livré,RBA,Carte,LIV1,2023-12-16
CMD22825,CL0153,P054,2023-10-26,1,3825.05,KO,Tnja,Carte,,
CMD34534,CL0249,P058,Oct 08 2023,4,1974.46,DONE,RBA,Carte,LIV3,2023-10-13
CMD01181,CL0373,P033,2023-05-13,4,3841.9,livré,casa,Carte,LIV9,2023-05-16
CMD47788,CL0281,P056,08/04/2023,5,4978.72,OK,tanger,Carte,LIV8,
CMD30959,CL0085,P094,2023-11-11,4,2732.47,en_cours,TANGER,Carte,LIV10,
CMD24278,CL0553,P022,Nov 12 2023,5,2902.79,annulé,RBA,Carte,LIV1,
CMD39720,CL0159,P053,2024-03-06,3,1798.17,livre,marrakech,Carte,LIV10,
CMD45967,CL0082,P080,2024-03-29,5,3104.08,livré,CASABLANCA,Carte,LIV7,2024-04-01
CMD30675,CL0786,P026,27/10/2023,4,1476.74,livré,Tnja,Carte,LIV7,2023-10-31
CMD25537,CL0012,P018,2023-12-21,4,3207.78,annulé,RBA,Carte,LIV7,
CMD18975,CL0939,P052,May 12 2024,4,1070.05,KO,TANGER,Carte,LIV7,
CMD33885,CL0029,P070,2023-06-29,2,2901.65,DONE,CASABLANCA,Carte,LIV5,2023-07-01
CMD42924,CL0497,P080,12/05/2023,3,925.29,annulé,TANGER,Carte,LIV2,
CMD11241,CL0181,P031,2024-01-28,5,738.31,retourné,Agadir,Carte,LIV7,2024-01-29
CMD24511,CL0669,P024,2024-04-07,4,1315.78,LIVRE,RBA,Carte,LIV9,2024-04-11
CMD12670,CL0415,P089,22/02/2024,3,4090.23,livré,casa,Carte,LIV2,2024-02-26
CMD03517,CL0569,P009,Jan 19 2024,1,1072.93,livré,tanger,Carte,LIV4,2024-01-20
CMD25907,CL0414,P089,Jun 05 2023,4,1260.34,LIVRE,TNG,Carte,LIV5,2023-06-08
CMD24239,CL0723,P029,08/02/2024,3,3213.72,livré,CASABLANCA,Carte,LIV4,2024-02-09
CMD41742,CL0685,P099,Apr 21 2024,2,1880.7,annulé,RBA,Carte,LIV9,
CMD24061,CL0888,P067,2024-01-04,1,2108.01,livré,RBA,Carte,LIV6,2024-01-09
CMD43616,CL0292,P052,Feb 17 2024,4,4655.57,livré,Tnja,Carte,LIV10,2024-02-19
CMD43944,CL0193,P077,2024-04-04,3,2667.27,annulé,CASABLANCA,Carte,LIV8,
CMD43680,CL0818,P088,25/06/2023,2,2354.01,LIVRE,tanger,Carte,LIV2,2023-06-30
CMD48241,CL0457,P090,Mar 21 2023,2,334.42,KO,marrakech,Carte,LIV5,
CMD46769,CL0527,P087,16/06/2023,3,2220.03,KO,casa,Carte,LIV7,
CMD38727,CL0127,P038,2023-07-28,4,1853.9,en_cours,tanger,Carte,LIV4,
CMD31824,CL0844,P034,26/07/2023,4,2859.85,en_cours,CASABLANCA,Carte,,
CMD17408,CL0792,P027,31/10/2023,1,3340.62,DONE,kech,Carte,LIV2,2023-11-03
CMD38017,CL0157,P077,Aug 25 2023,3,1371.51,livré,TNG,Carte,,2023-08-26
CMD36043,CL0038,P013,06/02/2024,2,3863.1,livré,kech,Carte,LIV9,2024-02-09
CMD33496,CL0847,P057,2024-01-17,4,2283.79,LIVRE,tanger,Carte,LIV6,2024-01-18
CMD16491,CL0410,P036,Mar 01 2023,4,363.07,livré,TNG,Carte,LIV1,2023-03-03
CMD25655,CL0855,P036,Mar 14 2024,2,554.82,KO,TNG,Carte,LIV4,
CMD09279,CL0477,P012,Nov 29 2023,2,3488.31,livré,Agadir,Carte,LIV3,2023-12-03
CMD04446,CL0194,P004,28/05/2023,5,2560.66,en_cours,Agadir,Carte,LIV4,
CMD16975,CL0787,P021,May 25 2023,4,1266.22,retourné,marrakech,Carte,LIV8,2023-05-30
CMD30921,CL0598,P021,Feb 22 2024,5,1004.23,livré,CASABLANCA,Carte,LIV9,2024-02-25
CMD30527,CL0256,P096,31/03/2023,4,3744.58,OK,Tnja,Carte,LIV10,
CMD46483,CL0448,P033,2024-02-14,5,1817.38,retourné,kech,Carte,LIV4,2024-02-15
CMD19985,CL0165,P097,Jan 09 2024,1,4020.03,OK,TANGER,Carte,LIV8,
CMD42407,CL0198,P021,2023-07-07,3,3550.43,en_cours,Agadir,Carte,LIV5,
CMD27630,CL0642,P085,28/03/2023,3,4385.31,livré,TNG,Carte,LIV2,2023-04-01
CMD44142,CL0318,P074,2023-04-18,1,4476.47,KO,TNG,Carte,LIV4,
CMD32299,CL0823,P049,2024-02-07,4,3256.32,LIVRE,Tnja,Carte,,2024-02-08
CMD17488,CL0656,P021,2024-04-13,5,3182.13,en_cours,TANGER,Carte,LIV8,
CMD00128,CL0894,P086,Mar 16 2024,5,3471.02,DONE,tanger,Carte,LIV10,2024-03-17
CMD26370,CL0266,P055,22/04/2023,3,340.06,retourné,CASABLANCA,Carte,LIV5,2023-04-24
CMD34838,CL0781,P086,Dec 31 2023,3,2832.66,DONE,kech,Carte,LIV5,2024-01-03
CMD40993,CL0396,P091,Sep 07 2023,2,4700.45,livré,Tnja,Carte,LIV2,2023-09-10
CMD09616,CL0109,P090,Jun 15 2023,1,1306.43,livré,TANGER,Carte,LIV9,2023-06-16
CMD08440,CL0277,P068,Nov 17 2023,3,3998.82,livré,TANGER,Carte,LIV10,2023-11-19
CMD44125,CL0190,P064,08/01/2024,5,3482.84,OK,casa,Carte,LIV6,
CMD30499,CL0637,P084,26/04/2024,4,3215.36,KO,Agadir,Carte,,
CMD03666,CL0130,P009,Jan 13 2024,2,2188.22,en_cours,casa,Carte,LIV7,
CMD18000,CL0203,P041,20/07/2023,3,2477.9,en_cours,casa,Carte,LIV5,
CMD07637,CL0543,P077,01/08/2023,3,3844.6,en_cours,RBA,Carte,LIV9,
CMD30107,CL0147,P050,01/07/2023,4,2754.01,OK,tanger,Carte,LIV2,
CMD32427,CL0415,P024,Feb 03 2023,3,4284.57,livré,tanger,Carte,LIV3,2023-02-06
CMD18466,CL0657,P026,Dec 15 2023,3,3658.15,livré,Tnja,Carte,LIV3,2023-12-17
CMD24885,CL0227,P046,2023-05-21,3,1076.72,annulé,RBA,Carte,LIV5,
CMD26270,CL0374,P076,Dec 18 2023,5,3578.65,livré,CASABLANCA,Carte,,2023-12-21
CMD10679,CL0361,P091,2023-10-28,4,3543.99,livre,TANGER,Carte,LIV5,
CMD39801,CL0891,P081,2023-01-01,1,3412.85,livre,tanger,Carte,LIV10,
CMD35906,CL0130,P037,12/04/2023,5,1490.06,livré,TANGER,Carte,LIV2,2023-04-16
CMD31571,CL0642,P100,Aug 08 2023,1,3625.19,livre,TANGER,Carte,LIV9,
CMD28693,CL0823,P015,2024-05-07,3,2347.82,en_cours,marrakech,Carte,LIV7,
CMD03864,CL0025,P062,14/04/2023,2,448.93,retourné,CASABLANCA,Carte,LIV4,2023-04-18
CMD15974,CL0911,P070,07/05/2023,4,625.71,OK,tanger,Carte,,
CMD22844,CL0384,P044,2023-07-17,1,2184.61,retourné,casa,Carte,LIV8,2023-07-22
CMD38459,CL0893,P041,2023-07-23,3,564.67,livré,Tnja,Carte,LIV5,2023-07-24
CMD26528,CL0802,P098,2023-05-05,4,4696.36,livré,casa,Carte,LIV6,2023-05-10
CMD03495,CL0638,P022,2023-11-09,5,183.44,livré,tanger,Carte,LIV7,2023-11-10
CMD06696,CL0547,P005,Apr 08 2024,3,2203.75,en_cours,Tnja,Carte,LIV7,
CMD05908,CL0970,P061,2023-02-14,2,330.62,livré,CASABLANCA,Carte,LIV4,2023-02-17
CMD08337,CL0518,P062,2023-01-13,4,800.13,annulé,CASABLANCA,Carte,LIV9,
CMD06246,CL0090,P057,Aug 11 2023,4,1982.36,LIVRE,TANGER,Carte,LIV6,2023-08-16
CMD30783,CL0681,P016,2024-04-17,4,1158.08,OK,TANGER,Carte,LIV2,
CMD17041,CL0378,P002,25/11/2023,1,462.71,livré,RBA,Carte,LIV1,2023-11-30
CMD19751,CL0052,P100,2023-12-07,3,1606.45,livre,TANGER,Carte,LIV5,
CMD08460,CL0757,P032,Feb 13 2024,3,4134.7,livre,TNG,Carte,,
CMD45819,CL0421,P096,10/11/2023,2,3243.18,OK,CASABLANCA,Carte,,
CMD14841,CL0923,P043,Oct 29 2023,3,4550.64,en_cours,casa,Carte,LIV4,
CMD25602,CL0985,P030,Jan 17 2024,2,668.89,livré,kech,Carte,LIV7,2024-01-20
CMD32161,CL0330,P063,24/12/2023,5,3392.84,KO,TNG,Carte,LIV5,
CMD26982,CL0900,P071,21/02/2024,4,1765.46,en_cours,RBA,Carte,,
CMD12882,CL0812,P062,2023-07-22,5,1233.31,livré,Agadir,Carte,LIV3,2023-07-27
CMD37561,CL0317,P020,05/09/2023,4,516.5,LIVRE,kech,Carte,,2023-09-10
CMD18214,CL0060,P067,Mar 20 2024,4,4771.45,retourné,kech,Carte,LIV3,2024-03-21
CMD02387,CL0477,P025,05/05/2023,1,4856.23,livré,marrakech,Carte,LIV8,2023-05-08
CMD25749,CL0855,P057,Mar 08 2024,3,2566.07,livre,tanger,Carte,LIV6,
CMD02180,CL0195,P070,Jan 16 2024,2,232.01,OK,kech,Carte,LIV7,
CMD32372,CL0882,P038,2024-04-22,2,4171.62,OK,RBA,Carte,LIV6,
CMD12338,CL0802,P045,2023-02-15,4,4280.38,retourné,RBA,Carte,LIV9,2023-02-18
CMD08782,CL0192,P028,2023-08-12,4,1682.66,en_cours,Tnja,Carte,LIV10,
CMD38826,CL0047,P070,2023-05-03,1,2221.18,livré,casa,Carte,LIV9,2023-05-05
CMD29045,CL0925,P035,2023-10-03,5,3779.09,livre,casa,Carte,LIV6,
CMD29963,CL0365,P077,11/07/2023,5,3112.34,LIVRE,casa,Carte,,2023-07-15
CMD45929,CL0626,P026,2024-04-20,4,2841.52,livre,CASABLANCA,Carte,LIV9,
CMD24716,CL0664,P031,May 09 2024,2,1026.03,livré,TANGER,Carte,,2024-05-13
CMD26454,CL0312,P056,03/04/2024,2,588.04,LIVRE,Tnja,Carte,LIV8,2024-04-04
CMD12701,CL0805,P045,01/03/2024,2,4487.14,livré,kech,Carte,LIV5,2024-03-04
CMD44363,CL0636,P065,Jun 13 2023,4,3200.52,OK,casa,Carte,,
CMD29953,CL0789,P032,2023-12-20,2,3303.74,KO,TANGER,Carte,LIV8,
CMD13083,CL0512,P035,Jan 03 2024,4,1664.03,DONE,RBA,Carte,LIV7,2024-01-07
CMD01150,CL0706,P008,Jun 28 2023,2,65.65,OK,RBA,Carte,LIV4,
CMD47725,CL0377,P085,Dec 19 2023,4,760.95,annulé,TNG,Carte,LIV4,
CMD13493,CL0800,P057,Jan 22 2023,2,2386.98,en_cours,casa,Carte,LIV6,
CMD44907,CL0889,P098,Feb 06 2023,2,4685.8,LIVRE,CASABLANCA,Carte,,2023-02-11
CMD44536,CL0424,P072,Nov 11 2023,-1,2578.0,OK,casa,Carte,LIV3,
CMD46741,CL0735,P092,2023-10-14,4,2448.56,annulé,tanger,Carte,LIV10,
CMD08476,CL0053,P084,22/02/2023,3,2298.86,livré,tanger,Carte,LIV5,2023-02-25
CMD02662,CL0272,P014,15/01/2023,1,1876.99,en_cours,TANGER,Carte,LIV7,
CMD11357,CL0669,P002,2023-01-01,4,2528.02,retourné,CASABLANCA,Carte,LIV6,2023-01-06
CMD30640,CL0796,P011,28/09/2023,1,1467.58,OK,kech,Carte,LIV8,
CMD10281,CL0813,P052,2023-08-22,4,4369.94,livré,marrakech,Carte,LIV9,2023-08-24
CMD41031,CL0941,P039,08/12/2023,4,4527.96,retourné,Tnja,Carte,LIV7,2023-12-10
CMD15807,CL0424,P009,22/02/2024,1,733.74,livré,kech,Carte,LIV5,2024-02-25
CMD18042,CL0545,P013,Nov 06 2023,2,1096.25,retourné,tanger,Carte,LIV4,2023-11-10
CMD12055,CL0766,P077,2023-10-29,4,1693.12,LIVRE,kech,Carte,,2023-11-02
CMD40314,CL0281,P010,2023-03-25,3,4484.03,en_cours,marrakech,Carte,LIV8,
CMD35642,CL0943,P078,Jun 17 2023,3,177.31,livré,Agadir,Carte,LIV5,2023-06-22
CMD24806,CL0700,P029,2023-05-21,5,2511.13,retourné,tanger,Carte,LIV10,2023-05-26
CMD31767,CL0256,P016,2024-02-14,1,3271.29,livré,CASABLANCA,Carte,LIV3,2024-02-19
CMD47055,CL0408,P022,2023-08-23,3,3666.14,KO,RBA,Carte,,
CMD32190,CL0254,P069,May 03 2023,1,2237.08,livré,Agadir,Carte,LIV4,2023-05-06
CMD42444,CL0689,P010,Feb 06 2023,1,3957.43,annulé,kech,Carte,LIV8,
CMD32050,CL0601,P021,2023-09-13,1,337.89,LIVRE,Tnja,Carte,LIV1,2023-09-14
CMD30369,CL0609,P079,Feb 28 2023,3,2025.1,livré,TNG,Carte,LIV10,2023-03-01
CMD34381,CL0197,P100,2023-08-18,2,1817.79,livré,casa,Carte,LIV2,2023-08-19
CMD02332,CL0782,P022,2023-06-22,3,705.58,en_cours,casa,Carte,LIV2,
CMD02364,CL0696,P062,2023-09-25,5,2490.55,annulé,Agadir,Carte,LIV10,
CMD25243,CL0131,P006,2024-04-07,1,640.34,OK,TNG,Carte,LIV7,
CMD10865,CL0735,P099,14/06/2023,3,4758.85,livré,casa,Carte,LIV1,2023-06-15
CMD20683,CL0116,P042,28/06/2023,1,1382.8,LIVRE,Agadir,Carte,LIV8,2023-07-01
CMD24433,CL0361,P034,May 30 2023,5,2795.87,livré,kech,Carte,LIV9,2023-05-31
CMD25133,CL0202,P092,Apr 15 2023,4,739.65,livré,tanger,Carte,LIV6,2023-04-16
CMD24835,CL0844,P029,Feb 10 2024,2,1246.94,livre,TNG,Carte,LIV9,
CMD33209,CL0455,P067,31/10/2023,4,3991.84,livré,marrakech,Carte,LIV1,2023-11-01
CMD12010,CL0608,P086,31/12/2023,4,1153.65,DONE,TANGER,Carte,LIV4,2024-01-03
CMD12454,CL0263,P005,Mar 08 2023,5,1840.12,DONE,Tnja,Carte,LIV3,2023-03-09
CMD34608,CL0023,P062,2023-06-09,4,320.04,retourné,TANGER,Carte,LIV2,2023-06-11
CMD09757,CL0769,P037,2023-09-10,3,571.12,LIVRE,TANGER,Carte,LIV5,2023-09-12
CMD37457,CL0970,P070,06/02/2024,5,2616.6,retourné,casa,Carte,LIV7,2024-02-08
CMD17793,CL0088,P034,06/04/2023,3,4059.58,livré,TANGER,Carte,LIV3,2023-04-07
CMD35625,CL0542,P050,Oct 26 2023,2,1307.66,annulé,marrakech,Carte,LIV6,
CMD24502,CL0433,P082,22/04/2023,4,1421.38,en_cours,kech,Carte,LIV3,
CMD36138,CL0163,P056,May 08 2024,1,1401.56,OK,CASABLANCA,Carte,LIV2,
CMD39289,CL0419,P080,28/01/2024,2,543.5,KO,casa,Carte,LIV3,
CMD30101,CL0362,P085,Apr 29 2024,1,2300.28,livré,tanger,Carte,,2024-05-04
CMD46742,CL0604,P035,10/04/2024,4,3493.64,livré,kech,Carte,LIV8,2024-04-15
CMD21232,CL0616,P051,10/01/2024,4,2529.34,livré,Tnja,Carte,LIV6,2024-01-11
CMD48083,CL0194,P100,2024-04-12,2,943.7,LIVRE,Tnja,Carte,LIV8,2024-04-15
CMD44882,CL0418,P020,Mar 26 2024,4,2891.39,annulé,TNG,Carte,LIV6,
CMD27132,CL0956,P071,02/02/2024,5,1728.99,en_cours,TANGER,Carte,LIV7,
CMD02043,CL0402,P021,Apr 21 2024,5,1865.7,livré,kech,Carte,,2024-04-24
CMD27040,CL0713,P044,2023-12-12,3,4001.33,OK,RBA,Carte,LIV6,
CMD36638,CL0803,P010,26/09/2023,5,1789.69,livré,marrakech,Carte,LIV1,2023-09-28
CMD43301,CL0082,P097,2023-01-12,3,3342.32,annulé,Tnja,Carte,LIV9,
CMD10916,CL0391,P090,13/02/2024,5,1226.08,KO,TNG,Carte,LIV3,
CMD14722,CL0766,P079,15/09/2023,4,1236.75,en_cours,CASABLANCA,Carte,LIV3,
CMD45863,CL0334,P076,Sep 19 2023,1,1011.96,livré,CASABLANCA,Carte,LIV6,2023-09-24
CMD21299,CL0498,P095,03/11/2023,4,3350.44,livré,TANGER,Carte,LIV9,2023-11-06
CMD24881,CL0461,P055,2023-02-15,3,3847.4,livré,TANGER,Carte,LIV5,2023-02-17
CMD13104,CL0376,P067,Jun 14 2023,2,1138.61,KO,CASABLANCA,Carte,LIV3,
CMD24609,CL0954,P047,Jan 31 2024,4,3077.9,en_cours,kech,Carte,LIV4,
CMD42844,CL0119,P093,Dec 12 2023,2,3686.01,LIVRE,Tnja,Carte,LIV5,2023-12-13
CMD27498,CL0458,P022,30/10/2023,2,3773.94,KO,tanger,Carte,LIV5,
CMD36847,CL0955,P057,2023-01-20,1,1749.4,OK,kech,Carte,LIV9,
CMD37010,CL0513,P034,Apr 06 2023,1,401.74,retourné,CASABLANCA,Carte,LIV6,2023-04-11
CMD01584,CL0915,P094,Jul 14 2023,1,1404.5,LIVRE,tanger,Carte,LIV4,2023-07-17
CMD07023,CL0920,P034,2024-03-21,5,1820.85,annulé,Tnja,Carte,LIV3,
CMD38020,CL0439,P020,2023-11-06,2,3252.04,retourné,CASABLANCA,Carte,LIV4,2023-11-07
CMD01196,CL0610,P041,Jan 27 2024,5,3010.54,OK,marrakech,Carte,LIV10,
CMD01485,CL0276,P025,23/04/2023,4,4016.35,KO,kech,Carte,LIV6,
CMD44566,CL0792,P048,19/05/2023,2,2216.75,LIVRE,Tnja,Carte,LIV8,2023-05-21
CMD34900,CL0559,P056,2023-04-25,4,1984.52,en_cours,kech,Carte,LIV2,
CMD24548,CL0479,P099,2023-08-21,1,4861.47,livré,casa,Carte,LIV4,2023-08-24
CMD42104,CL0167,P064,Mar 20 2023,5,4057.65,livré,marrakech,Carte,LIV5,2023-03-22
CMD24965,CL0743,P097,Jul 07 2023,1,4052.68,livré,tanger,Carte,LIV5,2023-07-11
CMD31851,CL0612,P042,2023-03-27,5,3990.77,DONE,Agadir,Carte,LIV7,2023-04-01
CMD42150,CL0136,P023,2023-11-09,3,1683.84,KO,TANGER,Carte,LIV5,
CMD13541,CL0221,P003,24/03/2024,5,4529.32,KO,TANGER,Carte,LIV8,
CMD34550,CL0268,P058,Mar 31 2024,1,3954.53,OK,kech,Carte,,
CMD08720,CL0515,P062,13/03/2023,3,4377.91,en_cours,CASABLANCA,Carte,LIV5,
CMD03417,CL0580,P007,Jul 30 2023,4,3803.87,en_cours,Agadir,Carte,LIV3,
CMD16626,CL0036,P073,Apr 27 2023,2,472.39,LIVRE,Agadir,Carte,LIV3,2023-04-28
CMD42755,CL0159,P054,Mar 03 2024,5,2442.36,DONE,TNG,Carte,LIV4,2024-03-07
CMD35845,CL0790,P011,Jan 07 2024,3,1953.85,LIVRE,tanger,Carte,LIV3,2024-01-12
CMD34234,CL0934,P035,2023-03-30,1,4963.06,retourné,TNG,Carte,,2023-03-31
CMD12970,CL0523,P063,Nov 09 2023,3,2531.1,OK,casa,Carte,,
CMD41445,CL0479,P072,2023-11-21,3,0,annulé,TANGER,Carte,LIV10,
CMD20859,CL0075,P016,Aug 28 2023,2,2988.22,en_cours,RBA,Carte,,
CMD29656,CL0766,P097,Feb 09 2024,4,3836.7,livré,Agadir,Carte,LIV7,2024-02-14
CMD20967,CL0826,P072,Jan 17 2023,5,4793.4,livré,CASABLANCA,Carte,LIV7,2023-01-20
CMD47361,CL0417,P077,2024-05-02,2,3664.07,KO,TANGER,Carte,LIV4,
CMD35604,CL0103,P037,31/03/2023,3,2522.09,LIVRE,Tnja,Carte,LIV7,2023-04-02
CMD30628,CL0373,P085,2024-02-19,1,1126.54,DONE,casa,Carte,LIV4,2024-02-20
CMD18963,CL0838,P009,25/02/2023,5,1450.32,LIVRE,CASABLANCA,Carte,LIV9,2023-03-02
CMD06413,CL0523,P081,Apr 13 2023,1,2991.9,DONE,tanger,Carte,LIV4,2023-04-15
CMD43554,CL0515,P073,Jan 05 2024,2,546.88,livré,TANGER,Carte,LIV1,2024-01-07
CMD39847,CL0529,P086,13/02/2024,3,3821.07,annulé,Tnja,Carte,LIV3,
CMD45246,CL0447,P008,2023-05-27,5,379.78,DONE,marrakech,Carte,LIV8,2023-05-30
CMD12727,CL0070,P093,14/01/2023,2,1367.02,LIVRE,Tnja,Carte,LIV2,2023-01-17
CMD28658,CL0381,P063,27/02/2024,1,4491.49,livre,TNG,Carte,LIV10,
CMD32965,CL0902,P096,Mar 19 2023,5,4930.75,KO,tanger,Carte,LIV3,
CMD00148,CL0325,P029,Apr 24 2023,2,3841.18,annulé,kech,Carte,LIV3,
CMD47446,CL0059,P034,09/02/2024,1,218.26,annulé,TNG,Carte,,
CMD33651,CL0729,P086,Jan 21 2023,4,907.32,livré,CASABLANCA,Carte,LIV7,2023-01-24
CMD31890,CL0452,P034,Dec 10 2023,5,747.7,livré,RBA,Carte,LIV7,2023-12-13
CMD35029,CL0109,P093,2023-03-07,1,2949.75,livré,RBA,Carte,LIV4,2023-03-09
CMD24855,CL0449,P021,Mar 10 2023,5,3384.45,livré,RBA,Carte,LIV5,2023-03-11
CMD21665,CL0822,P082,2024-05-14,4,3303.88,livré,Agadir,Carte,LIV8,2024-05-17
CMD22108,CL0167,P067,07/11/2023,1,1192.99,retourné,kech,Carte,LIV2,2023-11-10
CMD27933,CL0124,P054,Nov 12 2023,1,940.24,LIVRE,casa,Carte,LIV9,2023-11-16
CMD14110,CL0163,P044,Jun 10 2023,4,2429.77,KO,marrakech,Carte,,
CMD05924,CL0935,P087,24/05/2023,3,2517.63,livré,tanger,Carte,LIV10,2023-05-29
CMD11018,CL0653,P083,05/06/2023,3,1489.72,en_cours,kech,Carte,,
CMD21751,CL0362,P055,2023-08-09,5,2543.84,livre,RBA,Carte,LIV8,
CMD38831,CL0041,P082,21/02/2024,4,3818.04,retourné,RBA,Carte,LIV10,2024-02-23
CMD02896,CL0200,P045,Feb 18 2023,5,3533.23,livre,Agadir,Carte,LIV6,
CMD37893,CL0420,P003,2023-03-07,3,3819.54,DONE,TANGER,Carte,LIV8,2023-03-08
CMD23278,CL0414,P054,May 17 2023,4,4000.61,en_cours,TANGER,Carte,LIV7,
CMD45809,CL0074,P067,2024-04-02,1,3278.18,LIVRE,Tnja,Carte,LIV6,2024-04-03
CMD17654,CL0074,P024,Apr 25 2024,5,4858.5,livre,casa,Carte,LIV1,
CMD44225,CL0638,P070,16/07/2023,5,117.3,OK,CASABLANCA,Carte,LIV6,
CMD15395,CL0411,P060,24/01/2024,4,118.57,KO,kech,Carte,LIV5,
CMD34475,CL0044,P016,May 09 2024,1,2466.76,livre,tanger,Carte,LIV3,
CMD29368,CL0654,P031,07/01/2023,3,1776.67,DONE,RBA,Carte,LIV9,2023-01-09
CMD47029,CL0501,P052,Jan 05 2023,4,1342.26,OK,Tnja,Carte,LIV9,
CMD12829,CL0969,P056,Apr 16 2023,2,472.3,livré,casa,Carte,LIV7,2023-04-19
CMD38502,CL0840,P065,12/10/2023,5,3487.69,livre,TANGER,Carte,LIV1,
CMD15551,CL0128,P002,Mar 29 2023,1,997.3,en_cours,tanger,Carte,LIV6,
CMD46260,CL0040,P014,2024-03-30,4,1223.36,DONE,marrakech,Carte,LIV2,2024-04-02
CMD39033,CL0854,P035,04/03/2024,5,2613.05,livre,Agadir,Carte,LIV2,
CMD45426,CL0151,P029,22/01/2024,2,435.87,livre,TANGER,Carte,,
CMD43107,CL0314,P077,Feb 11 2023,5,3888.38,livré,Tnja,Carte,LIV1,2023-02-13
CMD38605,CL0369,P023,2023-08-06,1,2589.74,KO,Agadir,Carte,LIV2,
CMD02743,CL0746,P003,Jul 09 2023,2,1636.91,OK,casa,Carte,LIV4,
CMD33336,CL0310,P013,2023-09-03,2,1644.38,livré,TANGER,Carte,LIV7,2023-09-06
CMD12467,CL0785,P040,2023-04-26,4,1445.46,en_cours,tanger,Carte,LIV5,
CMD35449,CL0547,P076,Nov 16 2023,1,170.03,livré,RBA,Carte,LIV1,2023-11-18
CMD17598,CL0640,P018,28/10/2023,3,1796.3,en_cours,TNG,Carte,LIV6,
CMD00875,CL0853,P018,06/02/2023,1,3371.82,livre,Agadir,Carte,LIV6,
CMD06513,CL0217,P062,24/09/2023,5,2230.67,DONE,tanger,Carte,,2023-09-26
CMD04351,CL0329,P068,14/07/2023,4,281.89,LIVRE,Agadir,Carte,LIV9,2023-07-18
CMD12658,CL0315,P084,Aug 02 2023,1,2605.68,LIVRE,kech,Carte,LIV9,2023-08-03
CMD34926,CL0652,P066,Sep 17 2023,4,2735.0,OK,CASABLANCA,Carte,LIV9,
CMD41761,CL0142,P011,16/09/2023,5,3320.18,livré,kech,Carte,LIV4,2023-09-18
CMD02862,CL0013,P071,14/02/2023,5,1794.89,livre,TNG,Carte,LIV9,
CMD45641,CL0834,P019,23/04/2023,2,2934.69,retourné,kech,Carte,,2023-04-24
CMD12689,CL0714,P013,2023-07-29,3,0,retourné,marrakech,Carte,LIV9,2023-08-02
CMD35121,CL0962,P093,2023-04-24,3,4699.23,retourné,TANGER,Carte,LIV1,2023-04-28
CMD43384,CL0479,P088,Feb 04 2023,5,3871.74,DONE,Agadir,Carte,LIV3,2023-02-07
CMD15209,CL0222,P035,2023-03-31,5,1594.02,annulé,CASABLANCA,Carte,LIV2,
CMD04389,CL0747,P053,Mar 31 2023,4,4418.43,KO,casa,Carte,LIV2,
CMD23692,CL0018,P024,Jul 18 2023,3,4468.45,LIVRE,TNG,Carte,LIV2,2023-07-23
CMD29093,CL0491,P082,18/01/2023,5,4821.53,retourné,RBA,Carte,LIV7,2023-01-23
CMD30573,CL0569,P025,2023-09-26,1,2630.73,annulé,Agadir,Carte,LIV5,
CMD22363,CL0485,P047,24/10/2023,4,459.49,DONE,marrakech,Carte,,2023-10-28
CMD45526,CL0155,P033,2023-09-30,5,284.19,livré,marrakech,Carte,LIV4,2023-10-04
CMD21621,CL0693,P049,2023-03-13,1,518.43,livré,marrakech,Carte,LIV4,2023-03-15
CMD44086,CL0735,P011,Jan 27 2024,4,1218.65,DONE,CASABLANCA,Carte,LIV10,2024-01-31
CMD40035,CL0817,P031,14/01/2024,3,3816.96,OK,CASABLANCA,Carte,LIV4,
CMD09673,CL0637,P037,2023-09-23,5,4252.79,en_cours,TNG,Carte,LIV2,
CMD16897,CL0863,P044,Feb 20 2023,3,232.66,KO,CASABLANCA,Carte,LIV6,
CMD08434,CL0979,P052,2024-01-28,1,4233.43,retourné,tanger,Carte,LIV9,2024-02-02
CMD22420,CL0744,P094,01/11/2023,4,631.04,retourné,tanger,Carte,LIV9,2023-11-06
CMD10012,CL0575,P028,2023-06-02,2,4101.6,en_cours,TNG,Carte,LIV6,
CMD07837,CL0892,P091,Mar 03 2024,5,741.2,DONE,CASABLANCA,Carte,LIV2,2024-03-06
CMD19586,CL0958,P034,2023-03-03,5,4991.44,OK,tanger,Carte,LIV7,
CMD00830,CL0292,P091,2023-09-30,3,1556.62,retourné,TANGER,Carte,LIV5,2023-10-02
CMD28327,CL0388,P002,24/04/2024,2,681.87,livré,marrakech,Carte,,2024-04-28
CMD00127,CL0400,P065,15/12/2023,1,1359.94,OK,casa,Carte,LIV8,
CMD38409,CL0396,P003,Mar 19 2023,2,441.7,retourné,TANGER,Carte,LIV7,2023-03-20
CMD41775,CL0023,P047,Jul 01 2023,3,376.06,DONE,tanger,Carte,LIV9,2023-07-02
CMD27019,CL0449,P047,Jan 20 2023,4,2237.79,DONE,CASABLANCA,Carte,LIV7,2023-01-21
CMD09180,CL0262,P071,2023-10-19,5,3771.41,retourné,marrakech,Carte,LIV7,2023-10-24
CMD02285,CL0104,P001,22/04/2023,3,371.31,OK,TANGER,Carte,LIV5,
CMD14299,CL0243,P027,06/01/2024,5,4379.32,retourné,Tnja,Carte,LIV7,2024-01-09
CMD40473,CL0080,P061,2023-06-06,4,111.7,livré,CASABLANCA,Carte,LIV10,2023-06-09
CMD44494,CL0257,P094,Jan 15 2024,3,1429.94,livre,tanger,Carte,LIV1,
CMD28576,CL0638,P021,2023-12-18,4,2502.94,livre,kech,Carte,LIV8,
CMD26567,CL0185,P088,26/09/2023,2,548.26,en_cours,Tnja,Carte,,
CMD25330,CL0155,P025,21/01/2023,1,1288.36,KO,tanger,Carte,LIV3,
CMD40252,CL0576,P039,2023-03-06,2,3045.26,KO,tanger,Carte,,
CMD20384,CL0306,P053,22/03/2024,3,4672.98,en_cours,CASABLANCA,Carte,LIV2,
CMD40976,CL0211,P003,Feb 16 2024,3,1897.53,OK,TNG,Carte,LIV2,
CMD45778,CL0332,P099,2023-11-13,1,4280.25,livré,TNG,Carte,LIV10,2023-11-17
CMD20920,CL0424,P065,Jul 19 2023,2,3556.62,KO,tanger,Carte,LIV9,
CMD31741,CL0717,P044,May 08 2024,5,3437.85,DONE,marrakech,Carte,LIV5,2024-05-10
CMD36498,CL0290,P030,2023-03-19,2,81.48,retourné,kech,Carte,LIV7,2023-03-20
CMD35030,CL0785,P038,Apr 18 2023,1,3758.05,livre,casa,Carte,LIV5,
CMD23547,CL0543,P062,Sep 11 2023,1,1987.49,livré,TANGER,Carte,LIV3,2023-09-14
CMD34000,CL0904,P005,06/06/2023,4,941.76,livré,tanger,Carte,LIV4,2023-06-09
CMD09541,CL0034,P068,2023-04-09,3,0,livré,marrakech,Carte,LIV7,2023-04-14
CMD38902,CL0378,P014,01/05/2024,5,2336.57,livré,casa,Carte,LIV5,2024-05-02
CMD06965,CL0181,P089,2023-10-02,4,1118.67,retourné,Tnja,Carte,LIV9,2023-10-07
CMD18985,CL0860,P096,2023-12-31,5,1797.59,annulé,Agadir,Carte,LIV3,
CMD00675,CL0614,P095,Apr 17 2023,1,3677.67,livré,Agadir,Carte,LIV9,2023-04-20
CMD32199,CL0688,P027,2023-08-02,3,3193.87,OK,kech,Carte,LIV8,
CMD13410,CL0191,P070,Jul 06 2023,5,1343.57,livré,tanger,Carte,LIV10,2023-07-11
CMD19808,CL0920,P060,Apr 01 2024,2,3852.66,retourné,TNG,Carte,LIV1,2024-04-05
CMD32131,CL0378,P080,2024-04-06,2,1705.67,LIVRE,kech,Carte,LIV8,2024-04-08
CMD43165,CL0612,P011,09/03/2023,4,2205.67,DONE,casa,Carte,LIV5,2023-03-12
CMD27433,CL0385,P087,2023-11-08,2,1127.53,livré,tanger,Carte,LIV8,2023-11-09
CMD37270,CL0159,P046,17/03/2023,1,3077.79,OK,TANGER,Carte,LIV3,
CMD22542,CL0577,P074,2024-04-05,2,322.88,livré,kech,Carte,LIV9,2024-04-07
CMD04988,CL0370,P078,11/01/2023,4,1667.02,livre,Tnja,Carte,LIV9,
CMD37505,CL0087,P100,2023-01-30,5,3985.44,livré,casa,Carte,LIV2,2023-02-03
CMD22211,CL0235,P027,2024-01-27,4,692.93,livré,RBA,Carte,LIV5,2024-01-28
CMD41111,CL0194,P088,2023-02-14,4,3859.84,KO,TANGER,Carte,LIV6,
CMD05080,CL0008,P030,2023-09-20,2,4182.09,annulé,CASABLANCA,Carte,LIV1,
CMD25991,CL0133,P052,2023-06-15,4,252.9,LIVRE,kech,Carte,LIV8,2023-06-17
CMD36811,CL0293,P085,23/12/2023,2,540.24,livré,Agadir,Carte,LIV4,2023-12-27
CMD13063,CL0503,P045,2023-01-05,4,2060.78,DONE,TNG,Carte,LIV6,2023-01-10
CMD17510,CL0169,P097,20/08/2023,5,311.92,livré,RBA,Carte,LIV10,2023-08-25
CMD03350,CL0416,P079,2023-09-27,4,1485.46,livré,casa,Carte,LIV5,2023-10-01
CMD33219,CL0698,P081,Mar 15 2024,1,4081.78,KO,TNG,Carte,LIV8,
CMD30946,CL0526,P056,Jun 13 2023,4,4725.32,KO,CASABLANCA,Carte,LIV9,
CMD01910,CL0571,P089,Mar 05 2023,3,420.31,livre,casa,Carte,LIV1,
CMD07763,CL0604,P031,2023-07-08,3,3759.49,retourné,Agadir,Carte,LIV9,2023-07-13
CMD41989,CL0158,P071,Feb 28 2024,4,963.97,livré,marrakech,Carte,LIV5,2024-02-29
CMD19322,CL0861,P075,19/04/2024,2,287.31,DONE,Tnja,Carte,LIV8,2024-04-24
CMD07164,CL0330,P067,Jan 20 2023,5,1285.65,LIVRE,tanger,Carte,LIV3,2023-01-22
CMD24048,CL0419,P034,May 10 2023,4,4542.33,KO,Agadir,Carte,LIV2,
CMD05316,CL0851,P029,21/04/2023,1,1137.67,en_cours,casa,Carte,LIV6,
CMD43135,CL0656,P010,Nov 07 2023,3,220.36,DONE,casa,Carte,LIV9,2023-11-10
CMD44294,CL0656,P081,2023-03-11,2,3844.35,KO,RBA,Carte,LIV8,
CMD41917,CL0084,P031,Jan 06 2024,2,2486.46,annulé,tanger,Carte,LIV8,
CMD11073,CL0773,P091,Feb 09 2024,5,2693.47,OK,Agadir,Carte,LIV10,
CMD17051,CL0604,P030,Nov 05 2023,4,2718.86,livré,tanger,Carte,LIV3,2023-11-07
CMD40105,CL0282,P005,13/09/2023,2,3380.57,LIVRE,kech,Carte,LIV8,2023-09-17
CMD02347,CL0419,P050,2023-08-18,3,1452.68,livré,marrakech,Carte,LIV1,2023-08-23
CMD33831,CL0988,P070,2023-10-12,3,388.6,en_cours,Agadir,Carte,LIV7,
CMD40299,CL0986,P039,10/04/2024,3,979.83,KO,Tnja,Carte,LIV3,
CMD13921,CL0119,P077,07/11/2023,3,4382.39,livre,Tnja,Carte,LIV6,
CMD00483,CL0294,P076,13/05/2023,2,225.89,livré,kech,Carte,LIV7,2023-05-16
CMD43801,CL0232,P045,20/09/2023,4,2691.68,livré,RBA,Carte,LIV3,2023-09-24
CMD17562,CL0961,P072,2023-11-29,3,2419.43,livré,Tnja,Carte,LIV10,2023-12-04
CMD11029,CL0274,P033,2023-06-17,4,2546.42,annulé,TNG,Carte,LIV1,
CMD34995,CL0301,P061,Jun 01 2023,1,4243.81,OK,casa,Carte,LIV3,
CMD28897,CL0085,P050,11/04/2023,3,803.08,DONE,TANGER,Carte,LIV5,2023-04-16
CMD01143,CL0998,P050,Feb 24 2023,3,4976.21,livré,RBA,Carte,LIV2,2023-02-28
CMD09307,CL0924,P061,Nov 18 2023,1,3536.48,livre,marrakech,Carte,LIV5,
CMD34507,CL0089,P063,Feb 20 2023,4,829.78,livré,CASABLANCA,Carte,LIV5,2023-02-25
CMD39815,CL0371,P094,2023-04-19,2,3427.12,livre,tanger,Carte,LIV7,
CMD39143,CL0906,P013,Jan 12 2023,2,2827.98,DONE,CASABLANCA,Carte,LIV5,2023-01-17
CMD03106,CL0283,P005,2024-03-07,2,3685.36,KO,CASABLANCA,Carte,LIV1,
CMD25714,CL0194,P020,20/11/2023,5,3308.35,retourné,RBA,Carte,LIV6,2023-11-24
CMD37742,CL0371,P047,11/02/2023,4,2883.42,DONE,CASABLANCA,Carte,LIV9,2023-02-14
CMD02434,CL0557,P021,31/10/2023,1,3260.41,DONE,TNG,Carte,LIV6,2023-11-03
CMD43378,CL0255,P021,11/03/2024,3,4538.01,OK,CASABLANCA,Carte,LIV1,
CMD39202,CL0878,P042,Dec 01 2023,3,170.07,DONE,kech,Carte,LIV2,2023-12-05
CMD07791,CL0581,P012,2024-04-26,4,4235.54,annulé,Agadir,Carte,LIV4,
CMD24406,CL0764,P035,2024-01-28,4,1946.88,livré,marrakech,Carte,LIV3,2024-02-01
CMD24980,CL0045,P027,Aug 25 2023,1,3167.32,annulé,TNG,Carte,LIV1,
CMD02934,CL0412,P032,Jan 24 2024,2,267.06,LIVRE,casa,Carte,LIV10,2024-01-28
CMD04598,CL0895,P019,15/12/2023,1,4035.77,retourné,TANGER,Carte,LIV5,2023-12-18
CMD22482,CL0612,P063,17/02/2023,4,4474.09,en_cours,marrakech,Carte,LIV4,
CMD45417,CL0322,P012,2023-04-11,3,109.26,retourné,RBA,Carte,LIV10,2023-04-13
CMD31376,CL0749,P098,18/04/2023,5,4372.14,livré,casa,Carte,LIV1,2023-04-21
CMD18174,CL0577,P053,2023-02-26,3,4909.83,livré,Agadir,Carte,LIV2,2023-02-28
CMD41748,CL0563,P040,2024-02-11,4,3409.84,en_cours,RBA,Carte,LIV1,
CMD07450,CL0687,P035,28/02/2023,5,911.79,KO,Agadir,Carte,LIV9,
CMD22281,CL0532,P037,Mar 01 2024,5,111.12,retourné,RBA,Carte,LIV10,2024-03-04
CMD47646,CL0132,P100,17/01/2024,3,3250.82,OK,casa,Carte,LIV5,
CMD38788,CL0979,P019,31/01/2023,4,3847.09,OK,CASABLANCA,Carte,LIV3,
CMD44875,CL0118,P098,2023-07-13,1,4358.21,livré,casa,Carte,LIV2,2023-07-16
CMD07054,CL0368,P068,Dec 05 2023,5,2967.0,LIVRE,CASABLANCA,Carte,LIV1,2023-12-08
CMD02894,CL0784,P071,2023-08-10,4,1940.24,livré,marrakech,Carte,LIV5,2023-08-14
CMD05454,CL0466,P046,Feb 11 2024,4,3093.59,DONE,marrakech,Carte,LIV6,2024-02-15
CMD21645,CL0315,P094,19/09/2023,3,413.88,annulé,Tnja,Carte,LIV6,
CMD48446,CL0580,P076,Oct 25 2023,5,4910.7,DONE,RBA,Carte,LIV10,2023-10-29
CMD21408,CL0912,P023,Apr 30 2024,4,4901.27,retourné,Tnja,Carte,LIV1,2024-05-05
CMD02589,CL0727,P069,17/05/2023,3,2017.98,LIVRE,TANGER,Carte,LIV4,2023-05-22
CMD10595,CL0757,P071,Dec 17 2023,1,1075.95,DONE,Agadir,Carte,LIV4,2023-12-18
CMD24364,CL0588,P088,Mar 13 2023,4,2277.2,OK,casa,Carte,LIV9,
CMD39295,CL0878,P059,Jan 05 2024,3,3525.5,livre,marrakech,Carte,LIV9,
CMD13699,CL0603,P096,Nov 30 2023,5,4954.74,annulé,casa,Carte,LIV3,
CMD09746,CL0476,P032,2023-04-28,1,1598.36,retourné,CASABLANCA,Carte,LIV1,2023-05-01
CMD19291,CL0203,P008,2024-01-08,-1,516.7,livre,tanger,Carte,LIV5,
CMD05539,CL0568,P063,2024-01-04,5,2622.79,livre,casa,Carte,LIV2,
CMD23534,CL0702,P017,Jan 26 2024,1,379.72,DONE,TNG,Carte,LIV9,2024-01-31
CMD26436,CL0184,P018,Apr 15 2023,3,3386.65,OK,Tnja,Carte,LIV7,
CMD11887,CL0618,P091,04/12/2023,5,3401.5,retourné,marrakech,Carte,LIV4,2023-12-09
CMD14033,CL0295,P046,15/02/2024,2,564.95,KO,kech,Carte,LIV6,
CMD28452,CL0259,P088,24/10/2023,5,1931.94,OK,marrakech,Carte,LIV4,
CMD00085,CL0206,P020,09/05/2023,5,3927.06,livré,RBA,Carte,LIV6,2023-05-13
CMD10593,CL0358,P052,06/05/2023,5,2780.47,LIVRE,casa,Carte,LIV7,2023-05-08
CMD08424,CL0107,P023,May 04 2023,1,176.86,KO,TNG,Carte,LIV10,
CMD15534,CL0007,P015,Oct 29 2023,4,4462.62,livré,marrakech,Carte,LIV7,2023-11-02
CMD13516,CL0164,P012,Nov 22 2023,5,4113.05,livre,CASABLANCA,Carte,LIV8,
CMD22730,CL0930,P051,2023-12-24,1,162.67,retourné,TANGER,Carte,LIV8,2023-12-26
CMD19477,CL0096,P026,2023-05-30,5,1918.24,livré,CASABLANCA,Carte,LIV5,2023-06-01
CMD42143,CL0979,P098,18/01/2024,1,3345.05,retourné,CASABLANCA,Carte,LIV6,2024-01-21
CMD17914,CL0219,P030,Mar 02 2024,4,4250.73,annulé,Tnja,Carte,LIV1,
CMD24545,CL0688,P065,Jan 18 2024,2,4916.29,annulé,TNG,Carte,LIV5,
CMD04792,CL0575,P088,Aug 23 2023,5,2573.39,LIVRE,marrakech,Carte,LIV10,2023-08-28
CMD22761,CL0323,P074,Dec 24 2023,3,2179.31,livré,TANGER,Carte,LIV5,2023-12-28
CMD07584,CL0129,P013,07/03/2023,2,3324.19,livre,kech,Carte,LIV2,
CMD02933,CL0666,P099,Mar 23 2023,4,163.16,retourné,Agadir,Carte,LIV4,2023-03-25
CMD34673,CL0108,P093,04/04/2023,4,2053.51,LIVRE,marrakech,Carte,LIV9,2023-04-09
CMD00625,CL0285,P064,2023-01-30,3,804.81,livré,tanger,Carte,LIV5,2023-02-03
CMD39694,CL0347,P096,21/07/2023,4,3916.07,DONE,CASABLANCA,Carte,LIV1,2023-07-24
CMD04657,CL0909,P005,Oct 06 2023,1,4205.81,livré,marrakech,Carte,LIV7,2023-10-10
CMD11132,CL0235,P026,2023-11-07,5,3242.4,OK,TANGER,Carte,LIV3,
CMD12863,CL0278,P078,2023-07-01,2,0,OK,casa,Carte,,
CMD37637,CL0026,P086,2023-11-01,5,1328.5,livré,kech,Carte,LIV7,2023-11-04
CMD43729,CL0097,P020,14/06/2023,2,2117.08,LIVRE,TNG,Carte,LIV5,2023-06-18
CMD12210,CL0767,P060,Nov 07 2023,2,2465.6,KO,TANGER,Carte,LIV2,
CMD05025,CL0337,P048,Dec 14 2023,5,1266.77,DONE,Tnja,Carte,LIV4,2023-12-15
CMD26688,CL0956,P060,2023-01-20,5,233.04,annulé,Agadir,Carte,LIV9,
CMD24812,CL0563,P051,2024-04-05,5,3636.48,LIVRE,marrakech,Carte,LIV8,2024-04-09
CMD15745,CL0514,P095,14/02/2024,3,4143.96,livre,RBA,Carte,LIV1,
CMD14797,CL0853,P029,2024-01-31,1,439.75,livré,tanger,Carte,LIV10,2024-02-04
CMD27661,CL0104,P004,30/05/2023,1,3853.45,LIVRE,RBA,Carte,LIV9,2023-06-04
CMD18407,CL0865,P045,13/03/2024,3,1557.8,LIVRE,CASABLANCA,Carte,,2024-03-14
CMD15417,CL0097,P050,11/01/2023,5,3223.59,livré,Tnja,Carte,LIV10,2023-01-15
CMD18382,CL0198,P037,06/06/2023,4,1790.7,OK,marrakech,Carte,LIV3,
CMD28351,CL0824,P035,2023-04-23,4,4933.96,livré,CASABLANCA,Carte,LIV6,2023-04-24
CMD22074,CL0339,P058,May 08 2023,4,1280.23,livré,TANGER,Carte,,2023-05-09
CMD33296,CL0992,P029,2023-04-30,1,1094.38,DONE,RBA,Carte,LIV2,2023-05-05
CMD18448,CL0799,P016,15/05/2023,4,2220.28,annulé,marrakech,Carte,LIV8,
CMD08567,CL0774,P099,2023-10-31,4,4822.35,livre,tanger,Carte,LIV8,
CMD16987,CL0195,P064,16/03/2024,5,2695.34,livre,TANGER,Carte,LIV5,
CMD33539,CL0237,P075,16/06/2023,4,1639.83,livre,kech,Carte,LIV4,
CMD36842,CL0167,P049,Jul 29 2023,1,1543.55,retourné,tanger,Carte,LIV3,2023-08-02
CMD14350,CL0214,P089,2023-08-24,5,571.27,annulé,CASABLANCA,Carte,LIV3,
CMD46619,CL0523,P053,26/01/2023,5,3049.25,livré,kech,Carte,LIV9,2023-01-29
CMD32484,CL0196,P087,Jun 29 2023,3,3165.96,OK,CASABLANCA,Carte,LIV3,
CMD34121,CL0203,P021,29/08/2023,3,4487.69,retourné,marrakech,Carte,LIV1,2023-09-02
CMD42473,CL0644,P081,2023-05-03,3,2917.74,livré,TNG,Carte,LIV4,2023-05-08
CMD09205,CL0307,P035,Feb 28 2024,3,1228.09,DONE,TNG,Carte,LIV6,2024-03-03
CMD21747,CL0804,P085,Mar 02 2023,1,2487.93,livré,casa,Carte,LIV2,2023-03-05
CMD35470,CL0359,P079,2023-08-27,1,3579.35,OK,tanger,Carte,,
CMD23521,CL0946,P079,2023-09-09,5,3844.15,livre,kech,Carte,LIV3,
CMD15575,CL0007,P052,2023-05-04,4,1996.05,DONE,Agadir,Carte,LIV9,2023-05-08
CMD21661,CL0239,P086,Aug 11 2023,1,3137.76,retourné,Agadir,Carte,,2023-08-15
CMD47179,CL0582,P053,2024-04-13,2,1131.85,livre,kech,Carte,LIV10,
CMD32389,CL0180,P027,06/11/2023,2,0,livre,RBA,Carte,LIV2,
CMD20528,CL0763,P065,26/08/2023,4,4149.34,LIVRE,tanger,Carte,LIV1,2023-08-27
CMD33052,CL0407,P076,2023-02-26,3,2905.38,livré,RBA,Carte,LIV4,2023-02-28
CMD27404,CL0883,P044,Nov 12 2023,5,4051.67,en_cours,marrakech,Carte,,
CMD36243,CL0450,P006,Feb 01 2024,4,3505.11,livré,tanger,Carte,LIV10,2024-02-02
CMD36923,CL0112,P087,11/03/2023,2,744.28,livré,Agadir,Carte,LIV8,2023-03-12
CMD45882,CL0939,P078,20/09/2023,5,3817.43,retourné,Agadir,Carte,LIV1,2023-09-25
CMD25203,CL0416,P034,10/09/2023,3,4835.39,LIVRE,TANGER,Carte,LIV2,2023-09-11
CMD42037,CL0023,P022,2023-02-22,3,1819.16,OK,tanger,Carte,LIV9,
CMD11367,CL0163,P063,Dec 27 2023,5,2898.28,livré,RBA,Carte,,2024-01-01
CMD47441,CL0237,P055,26/02/2023,1,2879.34,livré,casa,Carte,LIV10,2023-02-27
CMD41375,CL0771,P065,Feb 04 2023,5,1586.69,LIVRE,casa,Carte,LIV8,2023-02-09
CMD34524,CL0621,P073,2023-02-20,3,4230.27,annulé,RBA,Carte,LIV1,
CMD22295,CL0938,P035,2023-12-16,4,1826.59,livré,Tnja,Carte,LIV6,2023-12-20
CMD24016,CL0959,P090,22/11/2023,3,4912.77,livré,kech,Carte,LIV2,2023-11-23
CMD06429,CL0825,P081,May 13 2023,5,4959.53,livré,TANGER,Carte,LIV5,2023-05-16
CMD06175,CL0546,P035,23/12/2023,2,4236.74,en_cours,RBA,Carte,LIV5,
CMD25510,CL0578,P027,08/09/2023,4,3142.21,annulé,tanger,Carte,LIV10,
CMD16540,CL0975,P036,11/05/2023,3,3816.96,retourné,Agadir,Carte,LIV9,2023-05-12
CMD29452,CL0226,P031,Jul 30 2023,5,3491.74,LIVRE,kech,Carte,LIV6,2023-08-03
CMD38397,CL0856,P071,2023-03-17,3,4419.58,livre,marrakech,Carte,LIV6,
CMD37597,CL0061,P056,05/08/2023,5,3197.35,annulé,Agadir,Carte,LIV7,
CMD06117,CL0142,P011,Mar 31 2023,4,2208.17,OK,CASABLANCA,Carte,LIV2,
CMD25972,CL0697,P001,12/05/2024,4,2042.84,retourné,Tnja,Carte,LIV10,2024-05-14
CMD38629,CL0603,P062,22/05/2023,4,2751.85,livre,casa,Carte,LIV6,
CMD35003,CL0054,P071,25/05/2023,5,672.66,en_cours,Agadir,Carte,LIV8,
CMD15865,CL0147,P051,21/02/2024,1,4712.62,livré,RBA,Carte,LIV1,2024-02-26
CMD40761,CL0399,P008,05/05/2024,3,2456.6,en_cours,CASABLANCA,Carte,LIV1,
CMD45362,CL0009,P002,Mar 10 2024,5,2232.16,LIVRE,TANGER,Carte,,2024-03-12
CMD12015,CL0347,P050,2023-11-26,1,4219.52,DONE,tanger,Carte,LIV2,2023-12-01
CMD25926,CL0920,P018,2023-02-10,2,3114.92,annulé,TANGER,Carte,LIV2,
CMD37271,CL0984,P088,23/02/2023,3,4896.79,livré,tanger,Carte,LIV9,2023-02-26
CMD04472,CL0738,P069,Nov 10 2023,4,607.05,annulé,TANGER,Carte,LIV10,
CMD02432,CL0220,P025,2023-07-13,4,1301.27,OK,TNG,Carte,LIV2,
CMD19337,CL0338,P072,Aug 31 2023,3,4715.16,retourné,RBA,Carte,LIV9,2023-09-05
CMD08173,CL0168,P099,Apr 16 2023,3,612.81,annulé,Agadir,Carte,LIV3,
CMD01602,CL0546,P027,Mar 04 2023,3,3842.75,DONE,TNG,Carte,LIV7,2023-03-06
CMD27306,CL0360,P076,Mar 19 2024,2,270.35,livré,tanger,Carte,LIV6,2024-03-22
CMD39601,CL0406,P035,2023-08-19,4,114.51,livré,CASABLANCA,Carte,LIV6,2023-08-23
CMD16627,CL0221,P073,Jun 13 2023,2,4794.83,KO,marrakech,Carte,LIV7,
CMD12496,CL0924,P072,2023-07-18,4,1542.09,LIVRE,tanger,Carte,LIV4,2023-07-22
CMD10772,CL0220,P091,11/01/2023,5,1894.46,KO,marrakech,Carte,LIV3,
CMD13512,CL0602,P045,2023-01-10,3,3820.62,DONE,casa,Carte,LIV5,2023-01-11
CMD40010,CL0923,P012,16/03/2024,2,1317.2,livré,marrakech,Carte,LIV10,2024-03-20
CMD13622,CL0216,P078,Sep 19 2023,3,1987.7,livré,marrakech,Carte,LIV9,2023-09-22
CMD32558,CL0233,P055,2024-01-24,3,706.58,retourné,Tnja,Carte,LIV1,2024-01-25
CMD45981,CL0718,P046,2024-04-03,4,0,OK,kech,Carte,LIV1,
CMD28447,CL0208,P015,27/04/2024,4,4959.88,annulé,CASABLANCA,Carte,LIV9,
CMD22160,CL0990,P002,2024-01-04,5,4901.45,OK,tanger,Carte,LIV8,
CMD07359,CL0574,P019,2023-12-06,3,1587.75,livre,marrakech,Carte,LIV10,
CMD24617,CL0137,P027,2023-02-19,1,3247.72,LIVRE,TANGER,Carte,,2023-02-24
CMD08254,CL0233,P046,Oct 02 2023,2,2244.26,en_cours,Agadir,Carte,LIV1,
CMD47678,CL0008,P019,Feb 28 2024,4,4496.43,livré,marrakech,Carte,LIV10,2024-03-03
CMD37421,CL0340,P012,Nov 24 2023,4,1146.78,livre,TANGER,Carte,LIV6,
CMD09268,CL0698,P016,2024-02-28,2,61.61,DONE,tanger,Carte,LIV10,2024-03-04
CMD15286,CL0449,P087,Mar 04 2024,1,0,KO,marrakech,Carte,LIV2,
CMD47086,CL0198,P013,2024-04-13,4,2021.51,annulé,TNG,Carte,LIV10,
CMD39334,CL0508,P039,May 25 2023,5,1405.85,livre,Tnja,Carte,LIV9,
CMD10764,CL0919,P007,18/04/2024,1,2567.73,livré,Tnja,Carte,,2024-04-23
CMD42589,CL0061,P018,06/05/2023,4,471.74,livré,casa,Carte,LIV8,2023-05-11
CMD38903,CL0059,P049,2023-08-11,3,3323.1,LIVRE,RBA,Carte,,2023-08-13
CMD00786,CL0345,P032,Aug 09 2023,4,3853.78,livre,kech,Carte,LIV10,
CMD34491,CL0380,P038,2024-03-08,1,1844.87,OK,tanger,Carte,LIV4,
CMD15255,CL0641,P069,2023-08-30,1,3605.53,OK,Tnja,Carte,LIV3,
CMD01883,CL0336,P027,02/05/2023,-1,2249.48,KO,marrakech,Carte,LIV2,
CMD16905,CL0910,P096,05/03/2023,3,2208.5,LIVRE,TANGER,Carte,LIV3,2023-03-08
CMD18609,CL0527,P069,31/01/2023,5,2579.31,KO,TANGER,Carte,LIV9,
CMD42191,CL0778,P014,Mar 31 2024,5,735.83,livré,casa,Carte,LIV2,2024-04-05
CMD47434,CL0134,P019,2023-05-25,3,4805.11,retourné,kech,Carte,LIV10,2023-05-30
CMD34057,CL0225,P057,02/03/2023,2,2401.03,livre,Agadir,Carte,LIV4,
CMD02193,CL0363,P026,Sep 09 2023,5,2696.54,KO,kech,Carte,LIV8,
CMD26692,CL0505,P031,2024-03-27,1,2706.95,livre,marrakech,Carte,,
CMD00373,CL0507,P030,28/10/2023,4,254.88,livre,TNG,Carte,LIV8,
CMD38882,CL0362,P004,29/03/2023,4,777.14,en_cours,casa,Carte,LIV4,
CMD26590,CL0072,P083,19/03/2023,2,2232.82,OK,CASABLANCA,Carte,LIV6,
CMD28040,CL0591,P042,2024-03-17,3,2313.96,retourné,Agadir,Carte,LIV4,2024-03-22
CMD28629,CL0485,P096,Apr 24 2023,5,4577.09,DONE,TNG,Carte,LIV6,2023-04-26
CMD15369,CL0272,P019,Apr 17 2024,4,4548.29,en_cours,CASABLANCA,Carte,LIV7,
CMD46428,CL0905,P006,2023-12-01,1,1043.59,livré,TNG,Carte,,2023-12-02
CMD06657,CL0902,P056,19/01/2023,2,3051.8,LIVRE,tanger,Carte,LIV9,2023-01-23
CMD14151,CL0880,P089,Dec 15 2023,1,1069.93,OK,casa,Carte,LIV8,
CMD11668,CL0147,P057,14/06/2023,2,1065.98,retourné,kech,Carte,LIV10,2023-06-18
CMD26237,CL0753,P056,04/03/2024,3,4508.91,LIVRE,Tnja,Carte,LIV2,2024-03-05
CMD40763,CL0765,P024,2023-09-18,5,2723.16,livré,TNG,Carte,LIV7,2023-09-23
CMD08047,CL0874,P067,Jul 12 2023,5,4286.79,DONE,TNG,Carte,,2023-07-15
CMD16038,CL0415,P058,06/07/2023,4,3967.25,LIVRE,casa,Carte,LIV7,2023-07-10
CMD23963,CL0085,P034,2023-07-27,3,2810.54,livré,casa,Carte,LIV8,2023-07-30
CMD07022,CL0369,P077,2024-05-14,5,3966.29,en_cours,tanger,Carte,LIV10,
CMD21534,CL0228,P068,Sep 22 2023,1,548.09,en_cours,Tnja,Carte,LIV3,
CMD08976,CL0259,P031,2023-06-02,5,198.75,livre,TANGER,Carte,LIV7,
CMD10322,CL0190,P024,19/08/2023,5,914.19,LIVRE,TANGER,Carte,,2023-08-21
CMD05852,CL0440,P024,16/04/2024,2,3737.21,livré,TANGER,Carte,LIV7,2024-04-21
CMD29075,CL0407,P069,05/03/2023,4,2958.78,livré,Tnja,Carte,LIV2,2023-03-09
CMD28920,CL0795,P049,07/06/2023,3,2437.07,livré,Tnja,Carte,LIV7,2023-06-09
CMD32339,CL0361,P026,30/04/2024,5,113.18,DONE,Tnja,Carte,LIV6,2024-05-04
CMD31420,CL0525,P074,May 29 2023,3,2237.45,KO,marrakech,Carte,LIV10,
CMD21203,CL0250,P095,21/02/2023,4,221.0,livré,CASABLANCA,Carte,,2023-02-22
CMD09135,CL0507,P048,27/11/2023,3,1206.96,OK,TNG,Carte,LIV7,
CMD01061,CL0571,P018,10/05/2024,4,4847.4,DONE,marrakech,Carte,LIV2,2024-05-12
CMD05594,CL0423,P024,Nov 29 2023,5,3652.45,livre,TNG,Carte,LIV3,
CMD04185,CL0729,P051,Apr 27 2024,5,4648.01,LIVRE,tanger,Carte,LIV4,2024-04-30
CMD09761,CL0435,P037,Apr 15 2023,4,4229.44,KO,marrakech,Carte,LIV3,
CMD21739,CL0136,P092,2023-01-05,1,4182.05,livré,casa,Carte,LIV6,2023-01-07
CMD10502,CL0118,P045,2023-09-19,2,3033.3,en_cours,tanger,Carte,LIV5,
CMD24140,CL0692,P089,18/02/2024,4,2083.83,retourné,RBA,Carte,,2024-02-21
CMD47447,CL0704,P044,Nov 29 2023,5,471.3,livré,kech,Carte,LIV1,2023-12-03
CMD42646,CL0539,P011,Dec 17 2023,5,1252.85,livré,casa,Carte,LIV6,2023-12-18
CMD23554,CL0080,P024,16/06/2023,1,4688.52,retourné,casa,Carte,,2023-06-18
CMD11515,CL0758,P059,20/03/2024,5,1806.05,livré,kech,Carte,LIV3,2024-03-22
CMD31161,CL0556,P069,May 25 2023,1,2945.66,livré,TANGER,Carte,LIV5,2023-05-29
CMD02038,CL0882,P029,Mar 17 2024,5,1530.3,annulé,casa,Carte,LIV3,
CMD45611,CL0670,P094,2023-05-13,4,3756.17,DONE,kech,Carte,LIV8,2023-05-17
CMD01421,CL0465,P035,Apr 29 2023,3,367.4,livré,tanger,Carte,LIV8,2023-05-03
CMD15809,CL0659,P042,06/11/2023,4,4766.52,LIVRE,Agadir,Carte,LIV1,2023-11-08
CMD07503,CL0344,P068,02/05/2024,3,1911.69,livré,TNG,Carte,LIV4,2024-05-04
CMD00670,CL0664,P007,2023-05-12,4,1707.52,DONE,CASABLANCA,Carte,LIV2,2023-05-15
CMD32763,CL0897,P083,20/01/2023,3,2459.87,livré,casa,Carte,LIV9,2023-01-22
CMD42158,CL0785,P052,Aug 29 2023,1,1491.39,livre,TNG,Carte,LIV9,
CMD01016,CL0468,P036,05/10/2023,1,3518.69,LIVRE,RBA,Carte,LIV2,2023-10-06
CMD42874,CL0057,P016,22/07/2023,1,4903.91,livré,Tnja,Carte,LIV8,2023-07-23
CMD33444,CL0373,P008,23/04/2023,4,2238.62,OK,Tnja,Carte,LIV4,
CMD32639,CL0304,P092,Aug 10 2023,2,2030.61,livré,Agadir,Carte,,2023-08-11
CMD22935,CL0831,P046,Dec 02 2023,3,340.77,DONE,CASABLANCA,Carte,LIV10,2023-12-06
CMD32108,CL0333,P085,2024-02-04,2,1653.48,KO,marrakech,Carte,LIV1,
CMD19202,CL0149,P026,2024-02-22,2,4128.04,livre,marrakech,Carte,,
CMD35710,CL0401,P097,2023-08-03,3,4051.5,retourné,kech,Carte,LIV6,2023-08-05
CMD26312,CL0075,P100,2023-07-01,3,4667.18,livré,TANGER,Carte,LIV7,2023-07-04
CMD36547,CL0710,P054,17/07/2023,1,4873.55,livre,marrakech,Carte,LIV10,
CMD37177,CL0220,P003,Dec 18 2023,2,596.41,OK,TNG,Carte,LIV1,
CMD10574,CL0086,P079,Jan 11 2024,2,4000.29,livré,Tnja,Carte,LIV10,2024-01-12
CMD21435,CL0872,P063,2023-02-09,1,1456.04,OK,CASABLANCA,Carte,LIV10,
CMD02877,CL0621,P095,Jul 04 2023,1,421.63,livré,marrakech,Carte,LIV3,2023-07-09
CMD30879,CL0090,P029,May 14 2024,5,2351.19,en_cours,TANGER,Carte,,
CMD44842,CL0057,P014,Aug 18 2023,3,3271.77,annulé,kech,Carte,LIV10,
CMD23481,CL0989,P026,2024-03-27,1,3355.16,LIVRE,TANGER,Carte,LIV4,2024-03-29
CMD18810,CL0844,P058,Dec 16 2023,2,3909.87,livré,casa,Carte,LIV8,2023-12-21
CMD30896,CL0153,P040,2024-04-12,4,931.45,livre,TNG,Carte,LIV4,
CMD47010,CL0038,P069,25/05/2023,2,2091.34,LIVRE,casa,Carte,LIV2,2023-05-26
CMD01926,CL0202,P042,28/11/2023,5,3070.22,DONE,marrakech,Carte,,2023-11-29
CMD23228,CL0740,P089,23/02/2023,5,315.37,livré,CASABLANCA,Carte,LIV10,2023-02-24
CMD22250,CL0820,P094,17/03/2023,5,3613.83,en_cours,kech,Carte,LIV10,
CMD14843,CL0019,P030,Jan 26 2023,2,1857.65,OK,tanger,Carte,LIV10,
CMD40485,CL0398,P083,Oct 17 2023,5,4198.33,KO,CASABLANCA,Carte,LIV3,
CMD28414,CL0353,P025,2023-10-22,3,2202.39,en_cours,tanger,Carte,LIV8,
CMD12901,CL0506,P019,2023-06-01,4,1667.72,annulé,marrakech,Carte,LIV1,
CMD39040,CL0853,P003,2023-09-22,4,3642.21,KO,tanger,Carte,LIV6,
CMD10199,CL0096,P096,Apr 07 2024,5,599.51,retourné,Tnja,Carte,LIV8,2024-04-08
CMD41005,CL0597,P052,May 16 2023,3,4499.99,DONE,Agadir,Carte,LIV3,2023-05-17
CMD10280,CL0411,P054,2023-03-24,1,4336.59,LIVRE,TNG,Carte,LIV6,2023-03-27
CMD40644,CL0038,P041,Sep 29 2023,5,3492.42,livré,marrakech,Carte,,2023-10-03
CMD28867,CL0179,P093,22/01/2023,1,1786.07,livré,Agadir,Carte,LIV10,2023-01-25
CMD02056,CL0019,P086,15/04/2024,4,2020.79,KO,TNG,Carte,,
CMD09379,CL0886,P036,2023-03-28,3,683.93,OK,tanger,Carte,LIV3,
CMD04582,CL0621,P035,16/02/2024,3,3275.31,livré,Agadir,Carte,LIV1,2024-02-19
CMD13948,CL0290,P051,11/02/2023,5,3507.49,livré,Tnja,Carte,LIV3,2023-02-14
CMD14065,CL0307,P100,2024-01-28,1,4628.05,en_cours,marrakech,Carte,LIV1,
CMD39669,CL0682,P023,Nov 14 2023,4,921.57,en_cours,RBA,Carte,,
CMD39401,CL0047,P069,2024-03-08,5,817.24,livre,TANGER,Carte,LIV7,
CMD18365,CL0885,P034,Feb 10 2023,1,4611.4,LIVRE,TANGER,Carte,LIV4,2023-02-12
CMD27398,CL0592,P035,18/04/2024,5,3749.09,livre,TANGER,Carte,LIV4,
CMD38120,CL0228,P005,Feb 17 2023,4,2298.48,retourné,casa,Carte,LIV5,2023-02-19
CMD16257,CL0893,P076,28/02/2024,4,2424.6,retourné,RBA,Carte,LIV7,2024-03-01
CMD06252,CL0693,P044,2024-04-18,4,3689.31,DONE,marrakech,Carte,LIV8,2024-04-23
CMD37471,CL0703,P010,2024-05-03,3,2004.5,DONE,Tnja,Carte,LIV6,2024-05-04
CMD27694,CL0552,P083,Sep 11 2023,4,3825.46,retourné,TNG,Carte,LIV4,2023-09-16
CMD12475,CL0242,P025,2023-08-21,4,4171.31,annulé,marrakech,Carte,LIV5,
CMD30231,CL0973,P010,01/02/2024,3,3107.35,LIVRE,TNG,Carte,LIV8,2024-02-03
CMD06514,CL0541,P055,2023-02-18,5,2209.87,livré,Tnja,Carte,LIV9,2023-02-19
CMD03504,CL0155,P049,2024-02-11,1,4344.26,livre,CASABLANCA,Carte,LIV8,
CMD18404,CL0904,P013,05/10/2023,4,3783.18,annulé,CASABLANCA,Carte,LIV2,
CMD22848,CL0390,P082,Apr 18 2024,2,313.45,OK,TANGER,Carte,LIV6,
CMD44988,CL0939,P050,24/07/2023,3,2849.65,livré,tanger,Carte,LIV9,2023-07-29
CMD11938,CL0433,P099,2023-01-25,4,1898.09,livre,Agadir,Carte,LIV3,
CMD32964,CL0955,P077,25/03/2023,2,3975.78,LIVRE,casa,Carte,LIV10,2023-03-28
CMD43260,CL0535,P035,Mar 21 2024,1,2833.51,OK,Tnja,Carte,LIV10,
CMD17069,CL0722,P016,2023-12-16,3,3924.18,livre,Agadir,Carte,LIV2,
CMD42866,CL0118,P090,2023-01-29,5,1973.89,livré,tanger,Carte,LIV8,2023-02-02
CMD41429,CL0876,P084,Mar 18 2024,5,3254.64,livré,tanger,Carte,LIV4,2024-03-23
CMD02989,CL0763,P060,Apr 17 2023,4,1205.8,annulé,TANGER,Carte,LIV3,
CMD29082,CL0172,P030,11/12/2023,5,2661.14,livré,tanger,Carte,LIV5,2023-12-15
CMD38663,CL0338,P082,2023-07-30,4,2595.07,KO,casa,Carte,LIV1,
CMD00438,CL0954,P007,Aug 09 2023,2,4597.85,OK,kech,Carte,LIV4,
CMD40808,CL0100,P023,Aug 20 2023,2,468.05,KO,kech,Carte,LIV3,
CMD11884,CL0297,P050,16/12/2023,3,2284.89,annulé,tanger,Carte,LIV7,
CMD36491,CL0896,P011,Mar 01 2024,2,4011.54,livre,TNG,Carte,LIV3,
CMD02121,CL0417,P020,2023-09-16,2,3147.35,annulé,TNG,Carte,LIV7,
CMD09675,CL0794,P021,13/02/2024,1,303.62,livre,Agadir,Carte,LIV9,
CMD24597,CL0602,P028,2024-03-13,4,2028.03,livré,Agadir,Carte,LIV9,2024-03-17
CMD43609,CL0170,P026,Jun 02 2023,4,2172.01,annulé,TNG,Carte,LIV8,
CMD43321,CL0544,P018,2023-07-16,3,0,annulé,CASABLANCA,Carte,LIV3,
CMD13414,CL0822,P018,2024-02-25,1,3388.78,livré,RBA,Carte,LIV6,2024-02-29
CMD31370,CL0353,P007,26/11/2023,2,3102.11,livré,RBA,Carte,LIV4,2023-11-30
CMD38177,CL0475,P055,04/03/2023,5,4493.83,DONE,tanger,Carte,LIV8,2023-03-05
CMD10320,CL0097,P045,Dec 02 2023,2,2453.45,livre,casa,Carte,LIV5,
CMD42129,CL0435,P071,16/08/2023,4,323.83,livré,TANGER,Carte,LIV10,2023-08-17
CMD25729,CL0421,P012,Nov 19 2023,3,3609.62,livré,CASABLANCA,Carte,LIV6,2023-11-24
CMD12250,CL0608,P049,Jun 17 2023,4,1659.41,livré,TANGER,Carte,LIV3,2023-06-19
CMD45796,CL0727,P045,2023-01-31,4,1789.83,OK,Tnja,Carte,LIV2,
CMD22677,CL0084,P043,08/07/2023,1,3993.72,KO,kech,Carte,,
CMD26199,CL0667,P005,2024-03-10,1,3170.37,en_cours,tanger,Carte,LIV8,
CMD18588,CL0047,P074,Apr 29 2024,2,2616.97,livré,Agadir,Carte,LIV6,2024-05-01
CMD26457,CL0453,P036,2023-01-03,3,2172.44,retourné,casa,Carte,LIV8,2023-01-05
CMD41733,CL0900,P084,2023-02-23,2,4388.05,DONE,CASABLANCA,Carte,LIV9,2023-02-25
CMD16996,CL0981,P092,Aug 21 2023,5,704.24,LIVRE,marrakech,Carte,LIV7,2023-08-26
CMD00652,CL0248,P016,30/04/2024,4,4557.45,livré,kech,Carte,LIV4,2024-05-02
CMD28434,CL0182,P010,2023-06-02,5,2771.43,livré,marrakech,Carte,LIV6,2023-06-07
CMD13542,CL0502,P001,Sep 29 2023,3,3017.59,en_cours,marrakech,Carte,LIV10,
CMD22076,CL0483,P063,2024-01-25,4,2964.02,OK,RBA,Carte,LIV10,
CMD37781,CL0411,P005,28/11/2023,4,3646.57,OK,kech,Carte,LIV7,
CMD44797,CL0987,P092,Apr 21 2024,4,736.14,retourné,Tnja,Carte,LIV9,2024-04-23
CMD28306,CL0313,P014,2023-10-21,2,2991.79,KO,Agadir,Carte,LIV2,
CMD33692,CL0744,P082,2023-09-26,3,1327.25,livré,marrakech,Carte,,2023-09-27
CMD35077,CL0452,P098,2023-05-16,1,4618.24,livre,kech,Carte,LIV8,
CMD00899,CL0429,P043,2023-09-18,1,4152.24,livré,TANGER,Carte,,2023-09-22
CMD33747,CL0491,P016,14/07/2023,3,875.8,KO,CASABLANCA,Carte,LIV10,
CMD12142,CL0399,P034,Apr 06 2023,1,3034.76,LIVRE,CASABLANCA,Carte,LIV6,2023-04-10
CMD44714,CL0816,P013,2024-05-10,4,1569.7,OK,TANGER,Carte,LIV1,
CMD38429,CL0706,P078,2023-04-17,2,3206.34,KO,TANGER,Carte,LIV4,
CMD28955,CL0696,P065,Feb 24 2023,3,2505.18,retourné,RBA,Carte,LIV7,2023-02-27
CMD40480,CL0185,P023,Jan 28 2023,2,3960.88,livre,Agadir,Carte,LIV5,
CMD07399,CL0630,P036,2023-10-07,5,795.6,livré,TANGER,Carte,LIV6,2023-10-10
CMD05954,CL0806,P045,10/02/2023,3,3259.89,OK,tanger,Carte,LIV8,
CMD10169,CL0737,P049,2023-10-22,4,2253.88,LIVRE,TANGER,Carte,,2023-10-23
CMD01798,CL0983,P028,May 12 2024,2,2264.59,en_cours,Agadir,Carte,LIV10,
CMD43092,CL0097,P058,19/03/2024,1,1521.03,retourné,casa,Carte,LIV5,2024-03-21
CMD25883,CL0664,P028,May 06 2024,5,3373.24,OK,RBA,Carte,LIV1,
CMD31187,CL0471,P071,Jan 04 2023,5,1576.2,LIVRE,RBA,Carte,LIV8,2023-01-09
CMD15127,CL0422,P019,2023-06-07,1,4105.87,livré,TNG,Carte,LIV9,2023-06-08
CMD39197,CL0701,P035,Nov 09 2023,3,4812.32,livré,CASABLANCA,Carte,,2023-11-10
CMD48417,CL0054,P095,2023-02-08,2,2550.71,en_cours,tanger,Carte,LIV4,
CMD45502,CL0137,P043,2024-03-28,5,2942.28,retourné,RBA,Carte,LIV9,2024-04-01
CMD41494,CL0363,P097,Apr 20 2024,1,4538.36,retourné,tanger,Carte,LIV3,2024-04-22
CMD40888,CL0909,P045,2023-01-05,4,599.46,en_cours,Agadir,Carte,LIV10,
CMD10889,CL0873,P004,Jan 22 2023,3,1640.6,LIVRE,Agadir,Carte,LIV1,2023-01-26
CMD30013,CL0671,P096,04/06/2023,3,2990.95,DONE,kech,Carte,LIV7,2023-06-08
CMD37126,CL0189,P064,2023-11-25,3,3039.35,livré,Agadir,Carte,,2023-11-28
CMD28632,CL0198,P011,2023-12-13,1,4379.24,retourné,Tnja,Carte,LIV3,2023-12-18
CMD22149,CL0173,P065,20/03/2023,2,190.24,livré,TANGER,Carte,LIV3,2023-03-23
CMD01974,CL0429,P049,2023-10-25,1,4480.09,DONE,RBA,Carte,LIV3,2023-10-29
CMD10430,CL0513,P092,Jul 19 2023,5,3857.19,en_cours,Tnja,Carte,LIV8,
CMD25152,CL0327,P052,2023-03-28,2,875.38,OK,tanger,Carte,LIV5,
CMD15610,CL0471,P004,2023-06-10,5,1295.88,livre,Tnja,Carte,LIV6,
CMD08061,CL0391,P001,27/05/2023,5,1801.22,LIVRE,TANGER,Carte,LIV1,2023-05-31
CMD19887,CL0372,P067,2023-08-23,1,511.06,LIVRE,Agadir,Carte,LIV7,2023-08-25
CMD31940,CL0407,P004,May 11 2024,3,4363.32,livre,CASABLANCA,Carte,LIV9,
CMD34707,CL0349,P009,May 10 2024,3,1892.53,annulé,kech,Carte,LIV3,
CMD13065,CL0484,P023,Apr 24 2023,5,4257.68,retourné,TNG,Carte,LIV6,2023-04-26
CMD41421,CL0601,P045,2024-02-19,4,2442.21,livré,TANGER,Carte,LIV3,2024-02-20
CMD38682,CL0068,P086,03/10/2023,2,2978.29,OK,CASABLANCA,Carte,LIV7,
CMD05453,CL0575,P033,19/10/2023,3,2837.52,livré,Agadir,Carte,LIV6,2023-10-20
CMD18725,CL0797,P077,Mar 09 2023,3,994.21,KO,Agadir,Carte,LIV9,
CMD09853,CL0352,P075,2023-10-24,2,2676.59,retourné,marrakech,Carte,LIV5,2023-10-25
CMD29670,CL0525,P099,2024-04-15,4,2847.25,DONE,kech,Carte,LIV10,2024-04-19
CMD32754,CL0032,P003,Jul 10 2023,1,0,livré,Agadir,Carte,LIV8,2023-07-15
CMD12573,CL0324,P087,2023-12-31,5,711.11,retourné,TANGER,Carte,LIV9,2024-01-04
CMD29120,CL0531,P100,23/02/2023,5,1981.79,livre,RBA,Carte,LIV7,
CMD09652,CL0741,P006,2023-10-29,5,218.06,en_cours,TNG,Carte,LIV4,
CMD27655,CL0899,P071,2023-04-21,5,0,DONE,Agadir,Carte,LIV10,2023-04-23
CMD09691,CL0527,P035,Mar 06 2024,3,2293.8,en_cours,Tnja,Carte,LIV4,
CMD34199,CL0554,P064,Sep 03 2023,5,3787.78,livre,RBA,Carte,LIV1,
CMD05645,CL0004,P005,Jan 07 2024,3,1028.54,en_cours,TANGER,Carte,LIV2,
CMD40167,CL0244,P096,Feb 02 2023,2,3033.92,en_cours,marrakech,Carte,LIV1,
CMD29985,CL0197,P014,12/03/2023,4,1947.61,LIVRE,marrakech,Carte,LIV2,2023-03-16
CMD46143,CL0032,P006,2023-12-03,3,0,livré,Tnja,Carte,LIV5,2023-12-06
CMD31997,CL0657,P049,28/04/2023,2,915.26,retourné,Tnja,Carte,LIV5,2023-05-03
CMD25018,CL0613,P098,Jun 30 2023,5,3428.19,livré,TNG,Carte,LIV7,2023-07-03
CMD11780,CL0457,P054,Feb 18 2023,2,3607.03,livré,Agadir,Carte,LIV8,2023-02-22
CMD32392,CL0917,P085,Aug 28 2023,2,925.04,livré,casa,Carte,LIV2,2023-08-31
CMD00097,CL0359,P080,2023-08-02,5,178.52,KO,Agadir,Carte,LIV3,
CMD22427,CL0233,P050,19/10/2023,4,3767.68,LIVRE,CASABLANCA,Carte,LIV7,2023-10-21
CMD18951,CL0904,P080,Aug 14 2023,3,3583.2,livré,CASABLANCA,Carte,LIV6,2023-08-16
CMD12772,CL0643,P036,2023-05-16,5,3734.85,annulé,TANGER,Carte,LIV3,
CMD28729,CL0359,P074,05/02/2024,1,414.71,annulé,Tnja,Carte,LIV10,
CMD23330,CL0529,P086,Nov 06 2023,5,1221.67,livre,TNG,Carte,LIV8,
CMD19325,CL0897,P077,24/07/2023,3,937.3,livré,CASABLANCA,Carte,LIV3,2023-07-27
CMD04551,CL0918,P021,17/04/2024,3,241.78,DONE,casa,Carte,LIV5,2024-04-21
CMD40819,CL0453,P009,21/12/2023,1,3460.99,en_cours,TNG,Carte,LIV2,
CMD40248,CL0213,P099,2024-04-15,5,3663.25,livré,casa,Carte,LIV2,2024-04-16
CMD13013,CL0238,P097,15/05/2024,4,1009.67,DONE,TNG,Carte,LIV4,2024-05-18
CMD48237,CL0426,P079,Jan 26 2024,5,1422.77,livre,tanger,Carte,LIV1,
CMD29480,CL0982,P063,27/04/2023,1,2934.71,LIVRE,CASABLANCA,Carte,LIV5,2023-04-30
CMD47750,CL0342,P046,16/11/2023,5,2965.64,retourné,casa,Carte,,2023-11-20
CMD40618,CL0805,P036,Apr 18 2023,5,4577.81,annulé,casa,Carte,LIV4,
CMD13951,CL0826,P083,26/03/2024,5,1438.3,livre,marrakech,Carte,LIV3,
CMD42532,CL0797,P073,Oct 15 2023,5,4208.25,en_cours,tanger,Carte,LIV2,
CMD06026,CL0148,P033,2024-05-14,1,1885.58,LIVRE,Tnja,Carte,LIV8,2024-05-19
CMD32499,CL0864,P073,Mar 04 2024,3,3403.88,livré,kech,Carte,LIV10,2024-03-06
CMD19471,CL0080,P039,May 11 2024,5,4290.93,livré,CASABLANCA,Carte,LIV9,2024-05-14
CMD04243,CL0636,P086,2023-01-22,1,3830.74,livré,casa,Carte,LIV8,2023-01-26
CMD03668,CL0219,P004,28/12/2023,4,2950.56,LIVRE,TNG,Carte,LIV7,2023-12-29
CMD16898,CL0633,P007,02/02/2024,1,639.04,livré,RBA,Carte,LIV9,2024-02-03
CMD33175,CL0794,P036,2023-02-23,1,4701.42,LIVRE,CASABLANCA,Carte,LIV4,2023-02-24
CMD11228,CL0907,P007,Aug 19 2023,1,1889.19,retourné,TANGER,Carte,LIV2,2023-08-24
CMD10442,CL0591,P033,26/07/2023,4,4299.28,livré,Agadir,Carte,LIV3,2023-07-27
CMD46700,CL0889,P080,2023-11-17,1,3249.42,LIVRE,marrakech,Carte,LIV1,2023-11-21
CMD17134,CL0283,P004,Jul 15 2023,5,4718.03,livré,Agadir,Carte,LIV10,2023-07-17
CMD25665,CL0719,P056,19/03/2024,3,1353.66,KO,Tnja,Carte,LIV1,
CMD41935,CL0285,P055,Feb 18 2023,4,1087.61,livre,Tnja,Carte,LIV8,
CMD20429,CL0612,P044,2023-02-05,5,2689.7,livre,kech,Carte,LIV5,
CMD18548,CL0192,P003,Jan 15 2023,1,3821.55,LIVRE,kech,Carte,LIV5,2023-01-19
CMD05989,CL0586,P084,29/05/2023,1,3637.04,LIVRE,casa,Carte,LIV1,2023-05-30
CMD43015,CL0370,P094,20/11/2023,2,3481.58,livre,TNG,Carte,LIV4,
CMD35385,CL0166,P006,Sep 22 2023,1,2278.53,en_cours,RBA,Carte,LIV9,
CMD40146,CL0205,P094,2023-03-10,4,2647.71,en_cours,RBA,Carte,LIV8,
CMD06460,CL0681,P092,2024-04-03,3,441.1,livré,Tnja,Carte,LIV4,2024-04-05
CMD44091,CL0461,P080,2024-05-01,5,2318.04,retourné,RBA,Carte,LIV1,2024-05-02
CMD15760,CL0705,P011,Feb 27 2024,4,4172.53,KO,casa,Carte,LIV8,
CMD01832,CL0551,P007,Apr 20 2024,5,389.21,KO,Agadir,Carte,LIV10,
CMD19331,CL0128,P068,Apr 14 2023,3,3743.85,en_cours,RBA,Carte,LIV3,
CMD41444,CL0614,P073,23/03/2024,3,865.23,livré,RBA,Carte,LIV4,2024-03-28
CMD41097,CL0174,P018,2023-11-28,2,2944.41,livré,casa,Carte,LIV10,2023-11-30
CMD25885,CL0384,P003,02/05/2024,4,1909.38,livré,RBA,Carte,LIV5,2024-05-03
CMD35467,CL0378,P071,Dec 27 2023,2,4772.94,livré,kech,Carte,LIV7,2024-01-01
CMD21433,CL0422,P084,2023-10-17,4,4391.62,annulé,kech,Carte,LIV7,
CMD35985,CL0005,P039,2024-03-10,5,2840.71,OK,RBA,Carte,LIV3,
CMD15598,CL0716,P062,14/10/2023,1,765.21,annulé,TANGER,Carte,LIV1,
CMD04533,CL0356,P055,2023-12-22,3,2876.97,LIVRE,Agadir,Carte,LIV3,2023-12-27
CMD15144,CL0521,P095,04/03/2024,2,2165.23,LIVRE,TANGER,Carte,LIV4,2024-03-07
CMD05648,CL0106,P009,2023-11-23,5,2672.6,retourné,TANGER,Carte,LIV8,2023-11-26
CMD04913,CL0424,P052,Apr 17 2023,1,142.64,KO,Tnja,Carte,LIV1,
CMD27717,CL0836,P083,2023-09-06,2,911.14,annulé,Tnja,Carte,LIV1,
CMD40942,CL0089,P061,2023-04-04,3,3156.89,livre,RBA,Carte,LIV7,
CMD03087,CL0209,P039,Dec 02 2023,5,4762.07,livré,TNG,Carte,LIV4,2023-12-07
CMD31000,CL0072,P089,Mar 26 2024,3,3063.99,retourné,casa,Carte,LIV8,2024-03-30
CMD37393,CL0348,P089,May 03 2023,5,2244.83,LIVRE,kech,Carte,LIV10,2023-05-05
CMD22390,CL0545,P038,Apr 25 2024,5,1726.31,LIVRE,TNG,Carte,,2024-04-27
CMD22154,CL0461,P064,2023-12-07,1,210.74,en_cours,marrakech,Carte,LIV5,
CMD18927,CL0510,P094,Apr 18 2023,3,2986.0,livré,TANGER,Carte,LIV9,2023-04-20
CMD04072,CL0805,P054,2023-06-14,5,2018.32,KO,casa,Carte,LIV2,
CMD27278,CL0828,P067,May 07 2023,5,100.12,retourné,RBA,Carte,LIV10,2023-05-12
CMD23289,CL0146,P009,Jan 21 2023,2,4527.76,KO,tanger,Carte,LIV8,
CMD35647,CL0524,P056,2024-05-07,1,2384.95,en_cours,TNG,Carte,LIV7,
CMD30845,CL0906,P045,2023-04-21,3,1375.75,en_cours,CASABLANCA,Carte,LIV1,
CMD43513,CL0751,P008,17/01/2024,5,418.9,retourné,CASABLANCA,Carte,LIV10,2024-01-20
CMD47598,CL0377,P049,2024-01-23,2,4052.27,livré,Tnja,Carte,LIV2,2024-01-25
CMD02203,CL0132,P023,2023-08-15,4,1622.95,retourné,kech,Carte,LIV1,2023-08-16
CMD41975,CL0090,P024,Oct 01 2023,1,3280.21,DONE,marrakech,Carte,,2023-10-05
CMD33227,CL0306,P088,2023-07-02,4,1550.96,livre,tanger,Carte,LIV9,
CMD42632,CL0127,P025,03/04/2024,1,3779.09,OK,TANGER,Carte,LIV8,
CMD28737,CL0655,P062,2023-09-13,1,749.86,OK,Agadir,Carte,LIV6,
CMD32147,CL0563,P026,2024-04-19,1,393.75,retourné,CASABLANCA,Carte,LIV10,2024-04-22
CMD30162,CL0952,P082,2023-05-20,4,4462.04,KO,Tnja,Carte,LIV3,
CMD30051,CL0853,P027,Oct 19 2023,4,4235.78,LIVRE,Agadir,Carte,LIV6,2023-10-21
CMD48068,CL0282,P091,2023-06-14,4,3750.38,OK,Tnja,Carte,LIV1,
CMD02329,CL0360,P052,2023-09-19,2,1616.87,annulé,TNG,Carte,LIV2,
CMD01749,CL0134,P004,Mar 26 2023,5,2521.49,KO,marrakech,Carte,LIV9,
CMD18013,CL0463,P030,08/02/2023,1,2376.3,LIVRE,marrakech,Carte,LIV2,2023-02-12
CMD28706,CL0197,P059,Jul 04 2023,4,1820.21,livre,casa,Carte,LIV9,
CMD45212,CL0383,P055,Mar 12 2024,5,701.26,LIVRE,TNG,Carte,LIV2,2024-03-17
CMD48465,CL0796,P045,07/07/2023,5,1661.01,KO,TNG,Carte,LIV9,
CMD35909,CL0253,P069,Jan 27 2024,3,2064.51,KO,tanger,Carte,,
CMD37547,CL0727,P088,2023-09-22,2,963.18,livré,TNG,Carte,LIV6,2023-09-23
CMD13205,CL0720,P077,Mar 20 2023,1,2490.22,LIVRE,CASABLANCA,Carte,LIV10,2023-03-21
CMD22068,CL0331,P050,May 10 2024,2,1359.2,livré,Agadir,Carte,LIV1,2024-05-11
CMD04556,CL0463,P029,2023-10-19,3,4476.29,livré,casa,Carte,LIV10,2023-10-23
CMD29074,CL0066,P025,29/09/2023,4,1941.25,retourné,casa,Carte,LIV2,2023-10-04
CMD12854,CL0078,P086,19/11/2023,5,257.97,livré,CASABLANCA,Carte,LIV8,2023-11-24
CMD05195,CL0434,P064,2023-11-03,5,4446.42,KO,casa,Carte,LIV7,
CMD15056,CL0909,P039,May 29 2023,2,3921.9,en_cours,CASABLANCA,Carte,LIV2,
CMD11562,CL0480,P037,2024-04-01,3,1611.06,KO,casa,Carte,LIV7,
CMD30149,CL0425,P058,2023-06-23,3,953.32,retourné,CASABLANCA,Carte,LIV5,2023-06-27
CMD24043,CL0071,P093,Feb 26 2023,3,2502.92,livre,casa,Carte,LIV1,
CMD42621,CL0415,P078,Jun 24 2023,3,4145.94,livré,RBA,Carte,LIV7,2023-06-28
CMD18331,CL0886,P014,2023-10-17,3,448.12,DONE,RBA,Carte,LIV9,2023-10-19
CMD00826,CL0146,P060,2024-02-05,5,1014.34,DONE,CASABLANCA,Carte,LIV4,2024-02-08
CMD06499,CL0318,P060,2023-11-18,1,2378.56,livré,tanger,Carte,LIV3,2023-11-20
CMD18030,CL0152,P057,Feb 12 2024,3,3157.73,DONE,Agadir,Carte,LIV4,2024-02-15
CMD46626,CL0416,P074,2023-08-08,5,3237.24,livré,casa,Carte,,2023-08-12
CMD27351,CL0481,P092,03/06/2023,5,4733.32,livré,TNG,Carte,LIV3,2023-06-07
CMD14635,CL0546,P053,12/04/2023,2,4619.59,KO,TNG,Carte,LIV2,
CMD46900,CL0605,P024,05/01/2023,5,2531.95,DONE,Agadir,Carte,LIV4,2023-01-10
CMD00500,CL0113,P024,2023-02-28,2,2480.68,LIVRE,kech,Carte,LIV3,2023-03-03
CMD28391,CL0491,P004,2023-09-16,4,4483.63,LIVRE,Tnja,Carte,LIV1,2023-09-18
CMD45238,CL0177,P021,05/03/2023,4,1853.98,annulé,Tnja,Carte,LIV2,
CMD21755,CL0257,P005,2023-12-29,3,322.9,livré,casa,Carte,LIV4,2024-01-03
CMD27300,CL0407,P044,2023-06-10,4,613.96,retourné,TANGER,Carte,LIV8,2023-06-14
CMD00229,CL0642,P018,15/06/2023,1,4635.02,livre,CASABLANCA,Carte,LIV3,
CMD00544,CL0253,P007,18/01/2024,3,4159.32,annulé,TANGER,Carte,LIV3,
CMD39785,CL0864,P053,12/10/2023,2,1029.87,KO,Agadir,Carte,LIV8,
CMD14245,CL0369,P052,2023-11-22,5,3605.5,livré,Agadir,Carte,LIV10,2023-11-24
CMD41904,CL0312,P078,02/03/2023,2,3735.27,LIVRE,casa,Carte,LIV1,2023-03-03
CMD14696,CL0253,P019,Dec 03 2023,5,2677.27,annulé,TNG,Carte,LIV1,
CMD37059,CL0143,P100,Sep 27 2023,2,0,OK,TNG,Carte,LIV3,
CMD12240,CL0023,P068,Apr 08 2023,1,374.44,en_cours,RBA,Carte,LIV3,
CMD17128,CL0063,P074,2023-07-31,1,1887.6,livré,kech,Carte,LIV2,2023-08-03
CMD03287,CL0765,P012,Mar 20 2024,2,4305.47,livré,TNG,Carte,LIV9,2024-03-24
CMD16981,CL0667,P001,2024-03-07,4,4902.28,livré,Tnja,Carte,LIV10,2024-03-11
CMD01679,CL0575,P080,Apr 24 2024,1,1426.56,livre,tanger,Carte,LIV5,
CMD06201,CL0467,P052,14/02/2024,3,4851.0,KO,casa,Carte,LIV7,
CMD44329,CL0466,P017,26/11/2023,3,1963.32,annulé,TANGER,Carte,LIV8,
CMD12759,CL0423,P065,Jun 29 2023,4,3750.18,en_cours,casa,Carte,LIV5,
CMD33065,CL0970,P025,18/06/2023,4,1204.15,annulé,marrakech,Carte,LIV8,
CMD00774,CL0033,P031,15/11/2023,1,1994.88,annulé,RBA,Carte,,
CMD22146,CL0206,P033,Apr 23 2023,5,1410.19,livré,marrakech,Carte,LIV1,2023-04-28
CMD08419,CL0667,P036,Feb 20 2023,2,1873.44,annulé,RBA,Carte,LIV6,
CMD25637,CL0734,P003,15/11/2023,4,2892.71,livré,RBA,Carte,LIV9,2023-11-19
CMD23668,CL0565,P096,2024-02-28,1,4948.64,livré,Agadir,Carte,LIV2,2024-03-01
CMD21808,CL0063,P019,2023-07-14,2,4146.41,OK,casa,Carte,LIV8,
CMD24476,CL0807,P065,2024-03-14,3,660.93,retourné,Tnja,Carte,LIV1,2024-03-15
CMD11658,CL0940,P002,Jul 14 2023,2,3446.26,livre,Tnja,Carte,LIV1,
CMD36099,CL0880,P077,2023-01-27,1,4858.1,KO,CASABLANCA,Carte,LIV9,
CMD21170,CL0564,P090,Jan 24 2024,3,4264.67,DONE,Tnja,Carte,LIV7,2024-01-28
CMD23924,CL0125,P027,19/03/2023,4,3037.65,livré,Tnja,Carte,LIV7,2023-03-23
CMD02902,CL0276,P076,07/11/2023,4,783.52,livré,TNG,Carte,LIV9,2023-11-12
CMD32149,CL0489,P040,Aug 07 2023,4,4862.97,livré,TANGER,Carte,LIV5,2023-08-11
CMD34965,CL0448,P068,2023-12-24,1,3746.69,livre,Agadir,Carte,,
CMD03708,CL0454,P075,31/07/2023,4,3827.89,livré,marrakech,Carte,LIV3,2023-08-01
CMD32938,CL0017,P011,Dec 13 2023,5,2984.37,livré,Agadir,Carte,LIV3,2023-12-15
CMD40471,CL0836,P081,26/01/2024,2,2339.21,livré,kech,Carte,LIV3,2024-01-29
CMD39767,CL0710,P096,Jun 12 2023,2,1184.75,retourné,RBA,Carte,LIV3,2023-06-14
CMD42258,CL0153,P085,2024-02-03,3,4062.67,en_cours,RBA,Carte,LIV2,
CMD18728,CL0253,P021,18/03/2023,4,2257.87,retourné,casa,Carte,LIV1,2023-03-19
CMD22351,CL0676,P092,16/06/2023,3,2491.01,livré,Tnja,Carte,,2023-06-19
CMD04146,CL0985,P011,2023-05-31,1,685.8,livre,casa,Carte,LIV8,
CMD08290,CL0641,P069,2023-08-24,2,4708.12,livré,RBA,Carte,LIV5,2023-08-27
CMD37117,CL0736,P025,13/01/2024,2,3858.81,en_cours,TANGER,Carte,LIV5,
CMD08410,CL0634,P023,2023-02-01,5,843.42,OK,tanger,Carte,LIV2,
CMD01988,CL1000,P062,May 23 2023,5,4586.65,annulé,casa,Carte,LIV3,
CMD18723,CL0329,P039,10/11/2023,2,2344.63,OK,kech,Carte,LIV3,
CMD08725,CL0857,P012,Jan 24 2024,3,2784.36,LIVRE,casa,Carte,LIV8,2024-01-26
CMD13587,CL0012,P076,Nov 05 2023,3,3033.07,livre,marrakech,Carte,LIV3,
CMD04827,CL0709,P087,2023-05-08,4,4665.54,OK,TNG,Carte,LIV8,
CMD09920,CL0539,P004,Mar 09 2024,5,2407.26,livré,tanger,Carte,LIV10,2024-03-10
CMD10867,CL0104,P089,2023-10-28,4,2961.96,livré,TANGER,Carte,LIV9,2023-10-31
CMD21908,CL0520,P014,Nov 22 2023,2,4479.56,retourné,kech,Carte,LIV6,2023-11-27
CMD45523,CL0908,P021,2023-10-14,2,3018.53,OK,Agadir,Carte,,
CMD21627,CL0460,P022,2023-09-08,1,1137.66,livré,CASABLANCA,Carte,LIV5,2023-09-11
CMD24660,CL0579,P037,2023-06-06,3,2098.58,DONE,Tnja,Carte,LIV10,2023-06-08
CMD38292,CL0477,P049,2024-01-18,5,1158.22,retourné,tanger,Carte,LIV9,2024-01-21
CMD41173,CL0282,P046,2023-04-12,3,962.1,annulé,tanger,Carte,LIV8,
CMD42211,CL0190,P100,02/04/2024,3,3978.0,livré,RBA,Carte,LIV4,2024-04-03
CMD04134,CL0900,P097,29/07/2023,2,3452.77,KO,TANGER,Carte,LIV5,
CMD09909,CL0607,P061,24/12/2023,4,2659.42,retourné,TNG,Carte,LIV8,2023-12-25
CMD39046,CL0044,P032,14/07/2023,4,0,annulé,Agadir,Carte,LIV5,
CMD21552,CL0909,P098,Aug 21 2023,3,2343.89,LIVRE,CASABLANCA,Carte,LIV8,2023-08-26
CMD01401,CL0587,P030,12/02/2023,3,2169.04,KO,TANGER,Carte,LIV7,
CMD45679,CL0878,P098,2023-06-27,1,3249.1,annulé,casa,Carte,LIV8,
CMD38575,CL0573,P041,06/10/2023,5,329.07,KO,TNG,Carte,LIV8,
CMD36356,CL0876,P026,Sep 20 2023,2,1174.96,KO,kech,Carte,LIV6,
CMD03429,CL0631,P056,2023-02-28,3,204.12,en_cours,TNG,Carte,LIV2,
CMD44478,CL0258,P061,15/02/2023,3,2138.73,KO,marrakech,Carte,LIV2,
CMD31362,CL0891,P035,2024-04-22,1,2818.75,livré,RBA,Carte,LIV4,2024-04-26
CMD03263,CL0193,P069,2024-05-02,3,1880.98,livré,TNG,Carte,LIV3,2024-05-04
CMD17171,CL0809,P078,Dec 06 2023,3,224.44,LIVRE,RBA,Carte,,2023-12-08
CMD23169,CL0197,P057,Mar 23 2024,-1,2541.53,livré,tanger,Carte,LIV1,2024-03-25
CMD34017,CL0050,P009,Jan 28 2024,3,0,LIVRE,casa,Carte,,2024-02-01
CMD41489,CL0533,P048,May 15 2023,1,755.48,OK,kech,Carte,,
CMD02692,CL0068,P090,2024-01-19,5,2157.2,en_cours,TANGER,Carte,LIV5,
CMD44171,CL0601,P062,2023-06-09,5,4048.09,retourné,TANGER,Carte,LIV1,2023-06-14
CMD07675,CL0407,P042,2024-02-24,5,1528.14,livré,CASABLANCA,Carte,LIV10,2024-02-29
CMD08110,CL0424,P063,May 11 2023,4,3978.79,en_cours,TANGER,Carte,LIV1,
CMD30110,CL0638,P021,Jan 08 2023,2,4954.22,LIVRE,RBA,Carte,,2023-01-10
CMD18471,CL0946,P047,29/01/2023,2,2771.64,LIVRE,casa,Carte,LIV7,2023-02-02
CMD30975,CL0456,P001,2023-05-11,3,1677.37,LIVRE,Tnja,Carte,LIV7,2023-05-14
CMD36380,CL0302,P065,20/05/2023,4,1068.27,livré,tanger,Carte,LIV5,2023-05-24
CMD11936,CL0540,P078,Mar 22 2023,1,3367.46,DONE,kech,Carte,LIV4,2023-03-26
CMD19032,CL0869,P044,2023-07-02,1,3697.83,en_cours,casa,Carte,LIV7,
CMD05063,CL0656,P089,04/11/2023,5,0,livre,Tnja,Carte,LIV1,
CMD31982,CL0605,P056,24/07/2023,3,3309.9,retourné,RBA,Carte,LIV3,2023-07-26
CMD34762,CL0273,P060,May 14 2023,5,1453.15,retourné,TNG,Carte,LIV2,2023-05-15
CMD24307,CL0071,P071,Mar 08 2023,4,4776.19,en_cours,marrakech,Carte,LIV5,
CMD20141,CL0289,P080,10/08/2023,1,4017.17,livre,Tnja,Carte,LIV5,
CMD21220,CL0579,P057,2023-01-06,5,4233.13,en_cours,TANGER,Carte,LIV10,
CMD20069,CL0716,P073,Jan 10 2024,2,654.44,livré,Agadir,Carte,,2024-01-11
CMD08702,CL0279,P086,07/10/2023,3,692.69,annulé,Tnja,Carte,LIV7,
CMD13949,CL0851,P048,24/08/2023,2,4517.25,OK,RBA,Carte,LIV7,
CMD14229,CL0880,P002,2023-11-06,2,3481.51,OK,tanger,Carte,LIV3,
CMD18143,CL0753,P057,Aug 22 2023,3,2491.81,annulé,kech,Carte,LIV6,
CMD36907,CL0320,P093,Apr 25 2023,1,2043.1,livré,marrakech,Carte,LIV3,2023-04-26
CMD23929,CL0596,P083,18/01/2023,1,3982.0,livré,casa,Carte,LIV10,2023-01-22
CMD28855,CL0825,P062,28/01/2023,1,4811.1,OK,TANGER,Carte,,
CMD33837,CL0330,P050,2024-03-29,4,2852.3,livré,marrakech,Carte,LIV3,2024-03-31
CMD47791,CL0470,P023,Jun 03 2023,4,4779.86,livré,TANGER,Carte,LIV7,2023-06-05
CMD04257,CL0601,P049,30/03/2024,1,1727.99,annulé,TNG,Carte,LIV5,
CMD13230,CL0034,P081,Dec 16 2023,2,2988.39,KO,CASABLANCA,Carte,LIV5,
CMD00053,CL0061,P057,02/03/2024,3,3193.96,livré,kech,Carte,LIV4,2024-03-07
CMD47494,CL0875,P100,Feb 05 2023,3,1321.37,retourné,Agadir,Carte,LIV2,2023-02-08
CMD31213,CL0196,P011,May 08 2023,3,2823.47,KO,tanger,Carte,LIV8,
CMD24187,CL0601,P036,26/11/2023,4,604.33,OK,casa,Carte,LIV8,
CMD44603,CL0589,P002,12/02/2023,4,1001.04,annulé,Tnja,Carte,LIV5,
CMD31961,CL0501,P096,25/09/2023,5,4031.14,livré,TANGER,Carte,LIV8,2023-09-27
CMD12366,CL0231,P076,27/01/2023,3,3157.31,KO,marrakech,Carte,LIV5,
CMD25012,CL0824,P099,08/09/2023,5,4258.74,livré,CASABLANCA,Carte,LIV8,2023-09-13
CMD44827,CL0352,P003,2023-06-22,4,1467.64,livre,tanger,Carte,LIV4,
CMD25967,CL0335,P066,2023-06-09,2,2095.78,livré,tanger,Carte,LIV3,2023-06-14
CMD33129,CL0227,P041,03/11/2023,1,4375.61,LIVRE,TNG,Carte,,2023-11-08
CMD20033,CL0807,P056,Jul 01 2023,2,476.07,livré,CASABLANCA,Carte,LIV4,2023-07-03
CMD17040,CL0332,P002,02/05/2023,4,1576.03,OK,Agadir,Carte,LIV7,
CMD01594,CL0213,P048,Feb 02 2024,4,3750.45,OK,Agadir,Carte,LIV7,
CMD03143,CL0025,P068,Apr 19 2024,5,779.85,DONE,CASABLANCA,Carte,LIV8,2024-04-24
CMD41978,CL0759,P062,Feb 24 2023,1,3443.1,DONE,CASABLANCA,Carte,LIV1,2023-02-28
CMD02890,CL0085,P012,2024-02-22,4,4986.57,livré,marrakech,Carte,LIV10,2024-02-26
CMD09395,CL0959,P034,27/02/2023,1,3296.05,livré,CASABLANCA,Carte,LIV6,2023-03-03
CMD05447,CL0827,P076,Jan 23 2023,5,2123.5,retourné,TNG,Carte,LIV1,2023-01-28
CMD05227,CL0110,P075,Apr 13 2023,5,2095.44,LIVRE,tanger,Carte,LIV5,2023-04-15
CMD35904,CL0882,P050,16/04/2024,3,3998.03,en_cours,casa,Carte,,
CMD45685,CL0036,P039,2023-01-26,4,4403.62,LIVRE,marrakech,Carte,LIV8,2023-01-27
CMD40055,CL0538,P006,2023-07-05,3,1336.63,KO,Tnja,Carte,LIV2,
CMD38401,CL0347,P008,17/04/2023,2,1604.0,en_cours,marrakech,Carte,LIV10,
CMD41515,CL0404,P013,2023-07-29,1,1490.24,DONE,CASABLANCA,Carte,LIV7,2023-08-01
CMD39408,CL0865,P032,2023-09-28,1,4657.01,annulé,RBA,Carte,LIV9,
CMD03633,CL0582,P084,Apr 28 2023,5,2633.37,OK,casa,Carte,LIV7,
CMD31071,CL0999,P044,27/12/2023,1,1727.97,LIVRE,tanger,Carte,LIV7,2024-01-01
CMD39031,CL0231,P077,Jan 22 2023,3,1779.8,livre,casa,Carte,LIV3,
CMD34605,CL0480,P025,2023-09-27,4,550.93,livre,Agadir,Carte,LIV6,
CMD20259,CL0086,P061,2023-07-22,5,3537.28,retourné,tanger,Carte,LIV2,2023-07-24
CMD27722,CL0548,P083,2023-05-20,4,502.94,retourné,tanger,Carte,LIV9,2023-05-24
CMD25394,CL0535,P072,27/09/2023,4,2965.14,livre,Tnja,Carte,LIV7,
CMD06148,CL0100,P076,12/10/2023,5,1512.16,DONE,Tnja,Carte,LIV6,2023-10-16
CMD37038,CL0833,P029,05/08/2023,2,3460.5,en_cours,Agadir,Carte,LIV1,
CMD45221,CL0803,P037,Apr 26 2024,2,4966.89,KO,marrakech,Carte,LIV6,
CMD30347,CL0202,P039,28/01/2023,2,573.29,en_cours,TNG,Carte,LIV10,
CMD22336,CL0718,P027,2023-05-16,1,3725.25,livré,RBA,Carte,LIV6,2023-05-20
CMD47896,CL0948,P058,Jun 24 2023,1,544.64,livré,TNG,Carte,LIV6,2023-06-28
CMD11963,CL0657,P054,11/04/2024,5,2008.7,livré,RBA,Carte,,2024-04-13
CMD04624,CL0407,P057,23/01/2023,2,1318.9,OK,casa,Carte,LIV7,
CMD15668,CL0254,P094,24/01/2023,5,3528.02,LIVRE,casa,Carte,LIV8,2023-01-26
CMD28187,CL0373,P088,10/03/2023,2,1247.55,livré,TNG,Carte,LIV5,2023-03-14
CMD16262,CL0639,P017,19/03/2023,4,1775.49,OK,Tnja,Carte,LIV1,
CMD48320,CL0476,P012,2023-06-04,3,4979.0,livre,casa,Carte,LIV8,
CMD27329,CL0304,P029,22/01/2023,5,1033.42,annulé,Agadir,Carte,LIV6,
CMD00167,CL0823,P022,30/07/2023,1,1481.53,livré,TNG,Carte,LIV10,2023-07-31
CMD41629,CL0677,P075,May 08 2024,5,243.64,KO,tanger,Carte,LIV7,
CMD40304,CL0684,P056,Aug 05 2023,1,1346.81,annulé,kech,Carte,,
CMD11828,CL0595,P013,2023-07-23,3,3254.86,annulé,Tnja,Carte,LIV2,
CMD03886,CL0577,P084,Jan 10 2024,5,4984.89,livré,kech,Carte,LIV1,2024-01-14
CMD13021,CL0797,P029,2023-09-08,5,2261.26,livré,CASABLANCA,Carte,LIV8,2023-09-10
CMD14366,CL0871,P092,2023-04-27,3,3886.35,OK,Tnja,Carte,LIV9,
CMD18201,CL0596,P012,06/10/2023,1,3097.48,livre,CASABLANCA,Carte,LIV8,
CMD43088,CL0150,P020,Feb 14 2024,4,3882.99,LIVRE,TNG,Carte,LIV4,2024-02-16
CMD40816,CL0885,P005,2023-06-07,2,1851.83,annulé,CASABLANCA,Carte,,
CMD19482,CL0290,P068,Mar 23 2023,4,1402.05,annulé,Tnja,Carte,LIV4,
CMD47531,CL0253,P017,Feb 14 2023,2,4285.3,DONE,Agadir,Carte,LIV7,2023-02-19
CMD02225,CL0677,P051,2023-07-30,1,1262.32,annulé,RBA,Carte,LIV1,
CMD24373,CL0962,P081,2023-06-06,4,4756.07,en_cours,TANGER,Carte,LIV7,
CMD11182,CL0142,P058,Jun 06 2023,4,4727.46,livré,kech,Carte,LIV4,2023-06-07
CMD31455,CL0339,P049,Jan 26 2024,2,2916.92,livré,kech,Carte,LIV1,2024-01-28
CMD29798,CL0320,P069,Apr 12 2023,2,3665.08,DONE,Agadir,Carte,LIV4,2023-04-14
CMD01796,CL0244,P057,2023-02-20,3,1724.63,DONE,kech,Carte,LIV6,2023-02-23
CMD12035,CL0469,P041,May 08 2024,1,1712.46,DONE,Agadir,Carte,LIV1,2024-05-13
CMD37729,CL0471,P005,12/06/2023,2,2143.95,livré,kech,Carte,,2023-06-17
CMD16999,CL0930,P084,2024-02-04,4,1357.68,retourné,TANGER,Carte,LIV10,2024-02-05
CMD27167,CL0929,P092,Jun 05 2023,2,252.96,OK,TANGER,Carte,LIV1,
CMD32797,CL0019,P060,Aug 23 2023,5,4703.04,livré,Agadir,Carte,LIV9,2023-08-24
CMD31031,CL0927,P083,Jul 02 2023,4,333.45,retourné,RBA,Carte,LIV1,2023-07-07
CMD22430,CL0759,P004,2023-10-15,5,2033.91,retourné,TANGER,Carte,LIV2,2023-10-16
CMD21059,CL0845,P079,Oct 30 2023,5,4614.81,OK,marrakech,Carte,LIV2,
CMD30321,CL0914,P095,2023-01-31,4,4578.44,DONE,TNG,Carte,LIV4,2023-02-05
CMD37218,CL0988,P047,Apr 23 2024,2,4355.04,LIVRE,CASABLANCA,Carte,LIV5,2024-04-27
CMD48236,CL0973,P035,Mar 04 2023,5,3092.23,en_cours,RBA,Carte,LIV4,
CMD28385,CL0368,P082,19/11/2023,3,702.04,livre,TNG,Carte,LIV5,
CMD09966,CL0629,P052,Apr 19 2023,2,1862.99,livre,CASABLANCA,Carte,LIV10,
CMD45413,CL0973,P002,Aug 06 2023,1,1472.44,retourné,Agadir,Carte,LIV6,2023-08-10
CMD35719,CL0890,P030,2023-03-06,3,4337.7,livré,TANGER,Carte,LIV5,2023-03-11
CMD27302,CL0707,P088,2023-05-09,4,2368.04,OK,TNG,Carte,LIV8,
CMD47171,CL0743,P021,Apr 25 2024,5,1666.27,retourné,RBA,Carte,LIV1,2024-04-29
CMD25212,CL0876,P060,2023-10-22,5,3249.42,retourné,casa,Carte,LIV8,2023-10-24
CMD00925,CL0657,P080,24/05/2023,4,1772.45,annulé,casa,Carte,LIV1,
CMD43883,CL0762,P071,Nov 29 2023,5,464.2,retourné,marrakech,Carte,LIV6,2023-12-03
CMD05641,CL0873,P029,2024-01-29,4,2438.21,OK,TNG,Carte,LIV1,
CMD37574,CL0287,P029,Oct 03 2023,2,0,LIVRE,TNG,Carte,LIV9,2023-10-08
CMD16593,CL0810,P086,2023-01-28,1,1289.7,livré,casa,Carte,LIV5,2023-01-29
CMD07942,CL0692,P094,Feb 24 2024,3,4064.78,livré,TNG,Carte,LIV4,2024-02-29
CMD39984,CL0861,P072,2023-08-30,3,2568.12,retourné,tanger,Carte,LIV1,2023-08-31
CMD29003,CL0163,P014,2023-08-12,1,4167.82,livré,tanger,Carte,LIV3,2023-08-16
CMD24583,CL0081,P073,Mar 30 2024,2,3361.21,livré,TANGER,Carte,LIV3,2024-04-02
CMD32348,CL0901,P050,Oct 22 2023,1,791.89,livré,TNG,Carte,LIV2,2023-10-25
CMD31416,CL0110,P099,28/06/2023,2,2210.8,livré,kech,Carte,LIV9,2023-06-30
CMD47091,CL0056,P003,2023-04-15,5,3524.34,livré,casa,Carte,LIV10,2023-04-16
CMD34530,CL0183,P032,18/10/2023,1,4094.84,DONE,marrakech,Carte,LIV10,2023-10-19
CMD25754,CL0512,P008,Jan 02 2023,5,4929.06,livré,Agadir,Carte,LIV6,2023-01-05
CMD08133,CL0298,P067,Dec 09 2023,2,2539.01,livre,CASABLANCA,Carte,LIV6,
CMD41131,CL0784,P047,06/02/2024,3,568.93,retourné,tanger,Carte,LIV7,2024-02-11
CMD35468,CL0302,P024,18/09/2023,3,4737.48,DONE,RBA,Carte,LIV8,2023-09-22
CMD04772,CL0264,P089,2024-03-06,2,1025.15,livré,TNG,Carte,LIV6,2024-03-09
CMD11129,CL0572,P030,09/02/2023,5,855.61,en_cours,marrakech,Carte,LIV4,
CMD45338,CL0300,P094,Aug 06 2023,2,4736.32,livre,RBA,Carte,LIV9,
CMD14649,CL0728,P052,05/12/2023,1,1227.87,en_cours,RBA,Carte,LIV1,
CMD18558,CL0621,P049,06/05/2023,2,0,DONE,Agadir,Carte,LIV4,2023-05-11
CMD03316,CL0303,P063,21/03/2024,5,3167.93,retourné,casa,Carte,LIV9,2024-03-24
CMD29947,CL0542,P033,28/02/2024,5,3384.28,DONE,kech,Carte,LIV9,2024-02-29
CMD21008,CL0477,P079,2023-04-20,4,4627.01,livre,TNG,Carte,LIV2,
CMD27487,CL0872,P079,29/10/2023,2,3753.74,annulé,casa,Carte,LIV2,
CMD04253,CL0880,P043,May 16 2023,4,4288.91,KO,Tnja,Carte,LIV2,
CMD42181,CL0774,P034,Jul 30 2023,3,789.58,retourné,CASABLANCA,Carte,LIV5,2023-08-04
CMD36271,CL0486,P014,Feb 15 2024,2,4879.34,OK,tanger,Carte,LIV5,
CMD07344,CL0589,P073,04/05/2023,4,902.48,retourné,CASABLANCA,Carte,LIV1,2023-05-05
CMD37301,CL0309,P007,07/11/2023,4,549.73,KO,CASABLANCA,Carte,,
CMD01096,CL0751,P040,19/04/2024,2,3547.03,DONE,tanger,Carte,LIV4,2024-04-22
CMD08184,CL0040,P074,2023-02-18,3,4582.22,OK,Agadir,Carte,LIV3,
CMD45758,CL0404,P077,20/01/2024,4,3973.86,livre,casa,Carte,LIV9,
CMD26665,CL0076,P019,2023-12-06,2,3930.21,retourné,CASABLANCA,Carte,LIV8,2023-12-11
CMD28206,CL0952,P038,09/04/2023,2,3305.65,OK,casa,Carte,LIV3,
CMD33132,CL0019,P100,2023-04-11,1,4162.64,en_cours,CASABLANCA,Carte,LIV2,
CMD22026,CL0354,P012,2024-01-18,1,4553.38,livré,RBA,Carte,LIV8,2024-01-21
CMD14899,CL0538,P011,Mar 13 2023,5,447.42,KO,casa,Carte,LIV7,
CMD29540,CL0414,P010,Aug 16 2023,2,4584.4,livré,TANGER,Carte,LIV3,2023-08-19
CMD11843,CL0284,P031,04/06/2023,4,3111.5,retourné,TANGER,Carte,LIV1,2023-06-09
CMD15517,CL0626,P029,2024-03-03,3,592.53,LIVRE,casa,Carte,LIV10,2024-03-08
CMD34200,CL0101,P055,2024-02-28,1,2794.24,livre,Agadir,Carte,LIV7,
CMD10581,CL0453,P083,02/04/2023,3,1391.74,retourné,TANGER,Carte,LIV1,2023-04-03
CMD25884,CL0661,P033,2023-11-08,5,4136.99,OK,CASABLANCA,Carte,LIV6,
CMD34325,CL0491,P097,11/10/2023,1,4695.34,retourné,kech,Carte,LIV7,2023-10-14
CMD11599,CL0743,P053,Aug 14 2023,3,1707.92,livre,Agadir,Carte,LIV9,
CMD31807,CL0560,P074,29/05/2023,4,1348.99,en_cours,casa,Carte,LIV6,
CMD34452,CL0549,P040,Oct 15 2023,5,3916.87,livré,tanger,Carte,LIV10,2023-10-20
CMD22836,CL0765,P078,2024-01-15,5,682.22,livre,kech,Carte,LIV9,
CMD29146,CL0494,P017,2023-03-03,1,4449.12,DONE,tanger,Carte,LIV4,2023-03-07
CMD11961,CL0463,P014,Jun 23 2023,4,306.22,livré,casa,Carte,LIV7,2023-06-28
CMD46998,CL0180,P036,2023-09-06,2,745.31,LIVRE,CASABLANCA,Carte,LIV9,2023-09-10
CMD22466,CL0446,P054,Aug 16 2023,1,3230.18,KO,TANGER,Carte,LIV7,
CMD03119,CL0773,P039,26/01/2024,5,1454.04,OK,tanger,Carte,LIV3,
CMD33665,CL0482,P039,2023-12-08,5,111.7,OK,CASABLANCA,Carte,LIV1,
CMD03291,CL0960,P011,Apr 11 2023,1,4944.58,livré,TNG,Carte,LIV3,2023-04-16
CMD28542,CL0154,P075,2023-11-06,5,2380.57,annulé,RBA,Carte,LIV8,
CMD07025,CL0645,P016,22/10/2023,5,3982.86,livré,Tnja,Carte,LIV5,2023-10-23
CMD36377,CL0695,P045,Apr 03 2023,2,2289.74,livré,TANGER,Carte,LIV6,2023-04-07
CMD31787,CL0284,P009,Aug 25 2023,2,3278.01,livré,kech,Carte,LIV2,2023-08-26
CMD21756,CL0012,P055,Dec 03 2023,4,4070.45,retourné,marrakech,Carte,,2023-12-07
CMD12595,CL0658,P092,05/01/2023,1,1742.02,livré,Tnja,Carte,LIV5,2023-01-07
CMD42098,CL0413,P090,2024-01-27,1,1880.81,retourné,Agadir,Carte,LIV3,2024-01-28
CMD12319,CL0489,P025,04/03/2024,5,2393.12,LIVRE,TNG,Carte,LIV4,2024-03-06
CMD04802,CL0532,P041,May 24 2023,2,2648.92,retourné,tanger,Carte,LIV10,2023-05-25
CMD12748,CL0880,P063,Jan 29 2024,1,2159.67,livré,RBA,Carte,LIV5,2024-01-30
CMD24322,CL0768,P033,2024-05-09,4,3296.97,LIVRE,Agadir,Carte,LIV3,2024-05-13
CMD39454,CL0941,P082,2023-05-03,4,3998.41,livré,RBA,Carte,LIV3,2023-05-04
CMD26653,CL0182,P094,Feb 27 2023,2,1578.79,livre,kech,Carte,LIV8,
CMD36775,CL0508,P036,Sep 04 2023,5,4693.52,retourné,TANGER,Carte,LIV3,2023-09-07
CMD37155,CL0310,P039,22/07/2023,2,1791.28,livré,marrakech,Carte,LIV8,2023-07-26
CMD38147,CL0795,P036,Jul 26 2023,5,1735.78,OK,casa,Carte,LIV3,
CMD35095,CL0857,P023,Jun 26 2023,2,4688.23,DONE,Agadir,Carte,LIV6,2023-07-01
CMD03182,CL0635,P002,17/02/2024,4,2771.61,livré,casa,Carte,LIV2,2024-02-19
CMD13473,CL0705,P009,07/11/2023,2,1504.35,OK,Agadir,Carte,LIV9,
CMD01993,CL0140,P023,07/01/2024,4,3866.62,livré,tanger,Carte,LIV3,2024-01-12
CMD32748,CL0396,P014,Nov 29 2023,2,1132.0,KO,marrakech,Carte,LIV4,
CMD47498,CL0187,P004,Mar 20 2023,5,2516.9,livré,TNG,Carte,LIV5,2023-03-23
CMD10333,CL0156,P097,2023-01-03,1,2784.02,livré,Tnja,Carte,LIV4,2023-01-05
CMD14102,CL0054,P003,08/02/2023,2,274.43,KO,Tnja,Carte,LIV6,
CMD30957,CL0004,P022,Mar 22 2023,2,1263.54,OK,marrakech,Carte,LIV5,
CMD12686,CL0547,P052,Jul 18 2023,2,1835.21,DONE,TANGER,Carte,LIV9,2023-07-23
CMD05943,CL0663,P076,2024-01-03,1,4818.48,KO,Tnja,Carte,LIV5,
CMD21848,CL0524,P008,Feb 12 2024,3,2048.59,retourné,RBA,Carte,,2024-02-17
CMD23721,CL0160,P087,Jul 24 2023,2,2167.96,en_cours,tanger,Carte,LIV1,
CMD48177,CL0955,P072,Apr 06 2024,5,3275.45,retourné,casa,Carte,LIV1,2024-04-08
CMD26993,CL0793,P043,Jun 17 2023,5,1270.58,livré,TANGER,Carte,LIV7,2023-06-19
CMD22729,CL0739,P061,2023-11-01,3,0,annulé,tanger,Carte,LIV10,
CMD35151,CL0265,P026,29/06/2023,4,2710.55,livré,RBA,Carte,LIV4,2023-07-03
CMD30313,CL0924,P051,02/09/2023,5,217.64,en_cours,TANGER,Carte,LIV5,
CMD07570,CL0121,P044,2023-03-23,4,4555.67,en_cours,tanger,Carte,LIV2,
CMD07779,CL0142,P001,Dec 03 2023,2,1664.75,livre,Tnja,Carte,LIV5,
CMD35808,CL0872,P055,2023-08-12,4,4117.96,LIVRE,TANGER,Carte,LIV5,2023-08-13
CMD05848,CL0060,P082,Mar 13 2024,5,3166.48,livre,TNG,Carte,,
CMD39126,CL0775,P005,2024-01-29,2,3723.39,livré,TANGER,Carte,LIV8,2024-02-02
CMD11439,CL0656,P016,10/12/2023,4,1085.73,livré,Tnja,Carte,LIV6,2023-12-14
CMD09418,CL0498,P084,2024-04-26,3,377.82,livre,CASABLANCA,Carte,LIV5,
CMD34845,CL0177,P046,2023-07-29,4,3036.46,livré,RBA,Carte,LIV1,2023-08-01
CMD46327,CL0355,P056,2024-02-27,4,1833.7,en_cours,marrakech,Carte,LIV7,
CMD28705,CL0896,P067,2023-05-07,4,0,retourné,casa,Carte,LIV9,2023-05-11
CMD21459,CL0953,P012,May 05 2023,2,3099.32,livre,marrakech,Carte,LIV9,
CMD12836,CL0944,P091,Apr 20 2024,-1,176.3,KO,marrakech,Carte,LIV6,
CMD31295,CL0719,P038,30/09/2023,1,377.08,OK,CASABLANCA,Carte,LIV1,
CMD21011,CL0164,P035,2023-07-20,2,199.96,annulé,tanger,Carte,LIV6,
CMD10304,CL0737,P026,Jun 08 2023,1,3384.15,KO,marrakech,Carte,LIV3,
CMD04985,CL0856,P025,Jul 11 2023,2,329.51,DONE,marrakech,Carte,LIV2,2023-07-15
CMD24612,CL0361,P087,2024-03-19,3,1346.02,livré,TNG,Carte,LIV6,2024-03-21
CMD03714,CL0471,P092,02/01/2024,5,1051.62,livré,marrakech,Carte,LIV6,2024-01-04
CMD02156,CL0693,P055,17/03/2023,1,1940.05,en_cours,casa,Carte,LIV3,
CMD00720,CL0090,P042,2024-02-02,4,3784.15,livré,Agadir,Carte,LIV5,2024-02-05
CMD16665,CL0673,P075,2024-02-10,4,403.4,OK,casa,Carte,LIV4,
CMD30132,CL0355,P034,2023-02-04,1,615.55,livré,RBA,Carte,LIV5,2023-02-09
CMD28164,CL0742,P038,Jul 03 2023,-1,1489.94,livré,casa,Carte,LIV5,2023-07-06
CMD42243,CL0871,P035,Feb 18 2023,1,434.0,OK,TANGER,Carte,LIV2,
CMD43761,CL0209,P077,2023-11-30,5,2850.62,en_cours,kech,Carte,LIV4,
CMD29894,CL0063,P035,Apr 05 2023,4,1338.16,annulé,marrakech,Carte,LIV8,
CMD38339,CL0206,P082,Apr 21 2023,3,2450.14,en_cours,kech,Carte,LIV2,
CMD10933,CL0703,P081,2023-03-14,1,2889.02,livré,TNG,Carte,LIV9,2023-03-19
CMD24725,CL0170,P085,Dec 13 2023,1,829.98,en_cours,marrakech,Carte,LIV4,
CMD16793,CL0766,P013,Sep 28 2023,4,1316.64,livre,Agadir,Carte,LIV8,
CMD20881,CL0753,P003,2023-06-24,3,2774.41,livre,TANGER,Carte,LIV2,
CMD28127,CL0374,P075,10/02/2023,1,947.44,retourné,tanger,Carte,LIV7,2023-02-13
CMD07147,CL0957,P047,2023-12-30,1,454.64,livré,tanger,Carte,LIV8,2023-12-31
CMD45973,CL0682,P071,Mar 19 2023,4,2052.57,retourné,casa,Carte,LIV1,2023-03-20
CMD24208,CL0757,P003,Sep 28 2023,4,2048.93,LIVRE,Agadir,Carte,LIV8,2023-09-29
CMD33834,CL0081,P044,May 19 2023,5,2536.52,annulé,kech,Carte,,
CMD39628,CL0513,P006,Feb 02 2024,1,4531.06,livre,tanger,Carte,LIV9,
CMD47714,CL0634,P036,Jul 30 2023,2,289.54,livré,TANGER,Carte,LIV10,2023-08-04
CMD38109,CL0566,P089,Dec 09 2023,2,4124.92,DONE,RBA,Carte,LIV6,2023-12-11
CMD02224,CL0014,P042,2023-06-06,4,3869.85,en_cours,CASABLANCA,Carte,LIV3,
CMD10631,CL0667,P076,Sep 28 2023,3,2348.51,annulé,CASABLANCA,Carte,LIV2,
CMD34531,CL0172,P070,2024-01-12,4,658.91,livre,TNG,Carte,LIV2,
CMD27557,CL0252,P018,Feb 13 2024,5,1814.47,livré,TANGER,Carte,LIV6,2024-02-17
CMD13097,CL0563,P085,Aug 31 2023,3,1935.23,en_cours,TANGER,Carte,LIV3,
CMD08758,CL0057,P077,2023-12-26,5,1812.6,en_cours,RBA,Carte,LIV1,
CMD02163,CL0372,P049,23/03/2023,3,4686.31,KO,tanger,Carte,LIV2,
CMD31813,CL0353,P008,28/03/2023,3,2342.06,retourné,tanger,Carte,LIV9,2023-03-31
CMD42891,CL0558,P007,2024-04-06,3,1839.63,livré,Tnja,Carte,LIV6,2024-04-08
CMD20128,CL0097,P083,2023-03-13,5,1756.15,livré,TANGER,Carte,LIV10,2023-03-17
CMD13218,CL0221,P042,Jul 17 2023,2,3203.98,LIVRE,Tnja,Carte,LIV5,2023-07-18
CMD28868,CL0606,P042,12/08/2023,1,2730.2,KO,kech,Carte,LIV2,
CMD34343,CL0493,P056,20/03/2023,4,1448.27,livré,Agadir,Carte,LIV5,2023-03-24
CMD23682,CL0666,P095,Jul 01 2023,3,3566.96,LIVRE,RBA,Carte,LIV3,2023-07-02
CMD25071,CL0713,P089,2023-03-23,2,3815.64,livré,kech,Carte,LIV10,2023-03-25
CMD16555,CL0168,P006,13/04/2024,1,3497.59,DONE,TNG,Carte,LIV7,2024-04-15
CMD43356,CL0625,P042,May 28 2023,2,149.46,en_cours,Agadir,Carte,LIV2,
CMD34893,CL0023,P073,2023-01-07,1,4365.97,retourné,Tnja,Carte,LIV3,2023-01-08
CMD20858,CL0763,P062,Aug 11 2023,3,4718.52,LIVRE,kech,Carte,LIV8,2023-08-14
CMD41633,CL0748,P097,Jul 30 2023,3,3305.22,retourné,kech,Carte,,2023-08-04
CMD24273,CL0906,P046,12/10/2023,4,1656.35,livré,Agadir,Carte,LIV5,2023-10-13
CMD07294,CL0803,P011,2023-09-19,3,2196.49,livre,Tnja,Carte,LIV2,
CMD10702,CL0271,P031,2023-09-07,5,2685.49,livré,TNG,Carte,LIV1,2023-09-08
CMD12492,CL0921,P097,17/07/2023,4,3001.47,livré,CASABLANCA,Carte,LIV7,2023-07-19
CMD37971,CL0734,P079,02/04/2023,3,3727.88,LIVRE,casa,Carte,LIV6,2023-04-04
CMD30106,CL0625,P085,17/01/2023,2,2133.89,DONE,marrakech,Carte,LIV2,2023-01-19
CMD27364,CL0701,P080,2023-03-14,2,2708.26,DONE,TANGER,Carte,LIV1,2023-03-17
CMD24812,CL0563,P051,2024-04-05,5,3636.48,LIVRE,marrakech,Carte,LIV8,2024-04-09
CMD17100,CL0751,P035,2024-03-29,4,3557.24,livré,TNG,Carte,LIV4,2024-03-31
CMD38803,CL0213,P033,Feb 17 2024,5,2130.18,retourné,RBA,Carte,,2024-02-19
CMD00303,CL0932,P009,Apr 14 2023,4,2062.13,OK,TNG,Carte,LIV10,
CMD29004,CL0073,P047,May 25 2023,5,4064.12,livré,TNG,Carte,LIV10,2023-05-27
CMD12823,CL0484,P029,May 26 2023,2,3789.38,retourné,RBA,Carte,LIV2,2023-05-27
CMD07985,CL0982,P072,May 13 2024,5,677.16,DONE,Tnja,Carte,LIV6,2024-05-18
CMD32487,CL0633,P086,2023-10-25,4,1809.33,livre,TANGER,Carte,LIV3,
CMD45852,CL0331,P097,2023-12-06,1,4236.51,livré,Tnja,Carte,LIV6,2023-12-10
CMD38836,CL0758,P033,2023-12-28,1,4253.73,DONE,CASABLANCA,Carte,LIV4,2023-12-30
CMD39270,CL0542,P053,2023-05-06,4,1213.43,LIVRE,RBA,Carte,LIV4,2023-05-09
CMD21457,CL0101,P057,Feb 20 2024,4,3327.85,DONE,marrakech,Carte,LIV3,2024-02-25
CMD12846,CL0716,P017,2023-01-12,5,656.87,livré,Agadir,Carte,,2023-01-16
CMD47389,CL0600,P039,22/03/2024,5,1385.99,DONE,casa,Carte,LIV3,2024-03-23
CMD33682,CL0922,P016,2023-08-30,2,1897.13,en_cours,tanger,Carte,LIV6,
CMD09507,CL0382,P054,03/05/2023,4,1472.8,DONE,casa,Carte,LIV6,2023-05-06
CMD40608,CL0569,P072,08/04/2024,1,1193.53,LIVRE,RBA,Carte,LIV6,2024-04-13
CMD11548,CL0849,P018,2024-05-06,5,0,livré,TANGER,Carte,LIV10,2024-05-09
CMD22188,CL0095,P017,2023-05-22,3,4171.26,livre,RBA,Carte,LIV2,
CMD39220,CL0270,P020,Oct 11 2023,4,0,retourné,CASABLANCA,Carte,LIV1,2023-10-14
CMD43116,CL0371,P041,07/05/2024,4,4498.02,retourné,TANGER,Carte,LIV10,2024-05-09
CMD28813,CL0508,P054,Jan 23 2023,2,286.51,en_cours,tanger,Carte,LIV6,
CMD03871,CL0699,P075,25/10/2023,4,3145.86,livré,TNG,Carte,LIV10,2023-10-29
CMD22938,CL0685,P099,07/05/2024,5,50.63,KO,kech,Carte,LIV6,
CMD41810,CL0844,P072,Mar 14 2024,2,2226.86,DONE,Tnja,Carte,LIV10,2024-03-18
CMD36527,CL0126,P006,Sep 10 2023,4,3674.51,livre,CASABLANCA,Carte,LIV10,
CMD30868,CL0164,P085,Sep 27 2023,5,3718.13,LIVRE,CASABLANCA,Carte,LIV3,2023-09-28
CMD09385,CL0064,P060,2023-12-08,2,4064.58,livre,Agadir,Carte,LIV1,
CMD32041,CL0795,P058,02/08/2023,3,1698.15,livré,CASABLANCA,Carte,LIV2,2023-08-06
CMD45211,CL0127,P090,06/12/2023,5,2095.3,livré,CASABLANCA,Carte,LIV10,2023-12-08
CMD04371,CL0312,P088,08/12/2023,2,1529.23,livré,TANGER,Carte,,2023-12-12
CMD01573,CL0097,P026,2023-08-20,1,3234.42,OK,RBA,Carte,LIV2,
CMD16809,CL0094,P051,Mar 02 2024,5,2706.68,annulé,Tnja,Carte,LIV3,
CMD06528,CL0783,P078,20/05/2023,3,149.8,livre,kech,Carte,LIV1,
CMD33851,CL0951,P090,22/08/2023,2,4632.33,retourné,kech,Carte,LIV3,2023-08-26
CMD03642,CL0022,P039,28/12/2023,4,0,OK,Agadir,Carte,LIV5,
CMD01376,CL0419,P098,2023-10-16,5,3513.64,retourné,casa,Carte,LIV8,2023-10-19
CMD21819,CL0039,P032,2023-06-25,2,2618.71,DONE,marrakech,Carte,LIV3,2023-06-27
CMD31083,CL0094,P080,03/05/2024,4,4763.24,DONE,marrakech,Carte,LIV4,2024-05-08
CMD29519,CL0198,P009,Jan 13 2023,1,1074.7,KO,casa,Carte,LIV3,
CMD29627,CL0084,P069,Dec 10 2023,3,2383.4,en_cours,RBA,Carte,LIV9,
CMD46249,CL0140,P052,Dec 12 2023,3,3745.94,livré,CASABLANCA,Carte,LIV10,2023-12-15
CMD29662,CL0757,P070,Sep 13 2023,3,4153.1,LIVRE,kech,Carte,LIV9,2023-09-16
CMD01277,CL0132,P035,Dec 03 2023,3,588.3,KO,TNG,Carte,LIV7,
CMD45208,CL0349,P085,2023-08-25,3,304.55,retourné,Tnja,Carte,LIV9,2023-08-29
CMD32783,CL0206,P030,07/11/2023,3,4387.15,LIVRE,TNG,Carte,LIV6,2023-11-11
CMD19689,CL0050,P049,2023-01-08,5,116.1,en_cours,CASABLANCA,Carte,LIV6,
CMD22218,CL0550,P084,Jul 13 2023,3,2708.84,KO,RBA,Carte,LIV4,
CMD42397,CL0505,P040,2023-01-04,1,4592.33,en_cours,tanger,Carte,LIV1,
CMD18460,CL0349,P099,2023-09-02,3,4426.19,LIVRE,casa,Carte,LIV8,2023-09-03
CMD47192,CL0272,P091,2023-04-08,1,1287.75,DONE,tanger,Carte,LIV2,2023-04-09
CMD15723,CL0506,P087,Mar 26 2024,5,2822.23,annulé,RBA,Carte,,
CMD09178,CL0577,P025,Sep 25 2023,4,4032.02,annulé,Agadir,Carte,LIV2,
CMD33576,CL0043,P077,2024-01-04,4,1733.51,livré,kech,Carte,LIV5,2024-01-08
CMD46331,CL0054,P006,Sep 16 2023,3,160.2,livré,CASABLANCA,Carte,LIV9,2023-09-20
CMD22002,CL0535,P032,29/05/2023,2,238.92,LIVRE,Agadir,Carte,LIV3,2023-05-30
CMD10089,CL0383,P003,2023-07-20,5,1863.56,OK,kech,Carte,,
CMD05483,CL0164,P079,12/08/2023,4,768.88,livré,marrakech,Carte,LIV4,2023-08-13
CMD21779,CL0427,P027,2024-02-26,1,1824.86,en_cours,Tnja,Carte,LIV7,
CMD15507,CL0543,P041,11/08/2023,3,4643.02,livre,TNG,Carte,LIV4,
CMD01024,CL0426,P059,21/02/2023,1,0,annulé,tanger,Carte,LIV8,
CMD05895,CL0275,P026,2023-03-25,4,632.33,DONE,kech,Carte,LIV7,2023-03-29
CMD07346,CL0624,P035,31/01/2023,3,1241.96,DONE,TANGER,Carte,LIV2,2023-02-04
CMD17519,CL0947,P099,2023-05-29,5,1386.63,DONE,casa,Carte,LIV8,2023-06-01
CMD19069,CL0525,P036,02/02/2024,5,2461.04,retourné,kech,Carte,LIV3,2024-02-05
CMD37395,CL0334,P043,Mar 24 2024,5,4840.41,en_cours,CASABLANCA,Carte,LIV7,
CMD07944,CL0720,P001,25/10/2023,4,1827.31,livré,Agadir,Carte,,2023-10-29
CMD27936,CL0938,P073,2023-06-20,4,638.67,livré,CASABLANCA,Carte,,2023-06-21
CMD10774,CL0754,P097,2023-10-17,5,3097.92,OK,CASABLANCA,Carte,LIV4,
CMD27126,CL0097,P040,2023-01-17,5,0,en_cours,TANGER,Carte,LIV6,
CMD44452,CL0927,P066,Jun 23 2023,5,3159.68,DONE,TANGER,Carte,LIV8,2023-06-26
CMD35666,CL0646,P049,Mar 06 2024,3,4944.4,KO,Tnja,Carte,LIV3,
CMD21306,CL0184,P048,17/02/2023,5,0,livré,casa,Carte,LIV3,2023-02-21
CMD30114,CL0940,P028,2024-03-19,5,2463.14,LIVRE,casa,Carte,LIV7,2024-03-23
CMD44684,CL0202,P023,Apr 24 2023,5,4845.16,LIVRE,casa,Carte,,2023-04-27
CMD20915,CL0419,P068,25/06/2023,5,1832.32,DONE,Tnja,Carte,LIV1,2023-06-27
CMD09556,CL0407,P075,2023-12-17,4,523.04,livré,casa,Carte,LIV1,2023-12-22
CMD00523,CL0562,P037,Oct 09 2023,3,4359.76,annulé,TNG,Carte,LIV2,
CMD06006,CL0345,P097,Dec 27 2023,3,104.77,livre,marrakech,Carte,LIV3,
CMD15700,CL0805,P052,20/04/2024,5,2526.6,DONE,marrakech,Carte,LIV6,2024-04-23
CMD35614,CL0429,P058,Jun 04 2023,3,2325.43,livré,RBA,Carte,LIV8,2023-06-07
CMD18286,CL0973,P083,2023-02-07,4,2113.14,DONE,TNG,Carte,LIV7,2023-02-12
CMD40349,CL0708,P087,2024-04-24,4,744.41,livre,kech,Carte,,
CMD41798,CL0370,P010,2023-01-22,2,846.61,en_cours,TNG,Carte,LIV1,
CMD21315,CL0749,P011,Jan 30 2023,3,596.6,retourné,TANGER,Carte,LIV8,2023-02-04
CMD46267,CL0437,P034,28/09/2023,4,2043.65,DONE,tanger,Carte,LIV1,2023-09-29
CMD37476,CL0421,P030,Jan 04 2023,2,1422.75,OK,marrakech,Carte,LIV2,
CMD44317,CL0153,P066,2023-12-15,5,4406.29,DONE,TNG,Carte,LIV6,2023-12-19
CMD03788,CL0087,P034,Feb 14 2023,5,2979.49,DONE,TNG,Carte,LIV2,2023-02-17
CMD11937,CL0239,P001,Aug 03 2023,4,1835.0,livré,Agadir,Carte,LIV1,2023-08-06
CMD14675,CL0955,P087,01/08/2023,-1,2939.95,OK,TANGER,Carte,LIV7,
CMD34416,CL0444,P044,23/11/2023,2,89.56,livré,CASABLANCA,Carte,LIV6,2023-11-25
CMD01787,CL0438,P055,Jun 04 2023,3,4634.68,livré,TANGER,Carte,LIV1,2023-06-06
CMD26482,CL0546,P039,02/05/2023,3,2870.78,livré,kech,Carte,LIV2,2023-05-05
CMD44389,CL0533,P031,2023-08-09,3,146.83,livre,kech,Carte,LIV10,
CMD26000,CL0224,P050,2023-07-31,1,2362.6,OK,Agadir,Carte,LIV2,
CMD32804,CL0108,P028,2024-03-07,2,4315.67,livré,RBA,Carte,LIV7,2024-03-12
CMD46187,CL0989,P070,2023-07-26,4,3295.92,livré,marrakech,Carte,LIV8,2023-07-29
CMD32189,CL0145,P028,2023-01-19,5,717.22,en_cours,RBA,Carte,LIV2,
CMD01305,CL0171,P032,2023-02-27,2,3004.65,LIVRE,TNG,Carte,LIV1,2023-03-02
CMD43460,CL0037,P005,Oct 24 2023,1,2334.21,OK,TNG,Carte,LIV5,
CMD17918,CL0682,P092,27/04/2023,4,1374.04,annulé,Agadir,Carte,LIV10,
CMD42673,CL0801,P060,2024-02-02,5,2055.63,livré,tanger,Carte,,2024-02-06
CMD47760,CL0146,P047,2023-10-23,1,966.11,KO,CASABLANCA,Carte,LIV3,
CMD29330,CL0135,P079,2024-05-09,5,4677.76,LIVRE,casa,Carte,LIV3,2024-05-13
CMD29396,CL0426,P011,Apr 30 2024,5,1444.29,LIVRE,kech,Carte,LIV7,2024-05-01
CMD04843,CL0931,P070,22/03/2023,1,2466.47,annulé,marrakech,Carte,LIV8,
CMD34626,CL0128,P058,2023-06-05,2,2270.46,KO,Agadir,Carte,LIV5,
CMD23609,CL0060,P004,Oct 22 2023,5,1728.45,livre,TANGER,Carte,LIV2,
CMD11075,CL0970,P089,Mar 13 2024,2,267.66,livré,Tnja,Carte,LIV9,2024-03-15
CMD20091,CL0041,P073,Mar 01 2024,2,563.99,livré,Agadir,Carte,LIV7,2024-03-05
CMD32306,CL0795,P098,2023-11-07,1,2442.34,OK,CASABLANCA,Carte,,
CMD05678,CL0721,P025,Sep 24 2023,1,864.86,livre,TNG,Carte,LIV10,
CMD13741,CL0038,P076,25/06/2023,3,4621.84,livré,Agadir,Carte,LIV5,2023-06-30
CMD22205,CL0830,P092,Mar 13 2024,1,2856.71,OK,CASABLANCA,Carte,LIV5,
CMD04977,CL0411,P009,2023-10-18,2,799.88,KO,tanger,Carte,LIV10,
CMD12071,CL0081,P002,17/05/2023,3,4708.32,annulé,kech,Carte,LIV4,
CMD07582,CL0330,P071,2023-02-25,2,159.73,retourné,TNG,Carte,LIV3,2023-02-26
CMD08256,CL0092,P054,2023-02-27,4,3977.11,en_cours,TNG,Carte,LIV5,
CMD26092,CL0780,P065,29/07/2023,5,1841.35,livre,Agadir,Carte,LIV9,
CMD38691,CL0150,P020,Dec 20 2023,5,700.59,OK,casa,Carte,LIV10,
CMD47038,CL0707,P027,2024-01-09,1,4802.05,livre,Agadir,Carte,LIV6,
CMD24815,CL0948,P072,2023-01-17,3,1351.47,en_cours,Tnja,Carte,LIV5,
CMD18941,CL0960,P065,21/02/2023,4,3675.84,livré,Tnja,Carte,LIV7,2023-02-25
CMD17846,CL0369,P039,2024-02-19,1,4417.48,OK,RBA,Carte,LIV9,
CMD31243,CL0286,P083,2024-01-26,2,2788.07,OK,marrakech,Carte,LIV8,
CMD20310,CL0281,P099,2024-04-24,4,3154.96,annulé,kech,Carte,LIV4,
CMD05946,CL0227,P053,2023-02-11,1,1045.78,livre,casa,Carte,LIV4,
CMD06310,CL0396,P049,2024-04-16,3,3297.92,livré,Agadir,Carte,LIV1,2024-04-19
CMD00025,CL0793,P021,2023-02-04,5,3876.57,livré,CASABLANCA,Carte,LIV7,2023-02-07
CMD48344,CL0975,P067,Jul 06 2023,2,3687.97,livré,RBA,Carte,LIV10,2023-07-08
CMD27910,CL0154,P056,Apr 28 2023,3,1570.19,en_cours,RBA,Carte,LIV4,
CMD37013,CL0544,P041,Mar 22 2024,2,3108.12,retourné,Tnja,Carte,LIV6,2024-03-26
CMD17826,CL0573,P098,2023-09-19,4,3060.78,livré,marrakech,Carte,,2023-09-20
CMD40086,CL0648,P009,30/07/2023,2,1108.54,annulé,casa,Carte,LIV10,
CMD22536,CL0518,P052,Apr 29 2024,5,2657.74,DONE,TNG,Carte,LIV8,2024-05-04
CMD32799,CL0440,P055,Jan 10 2024,5,2051.51,KO,casa,Carte,LIV6,
CMD42359,CL0896,P019,Dec 31 2023,1,541.2,livré,tanger,Carte,LIV8,2024-01-01
CMD25701,CL0856,P035,Oct 22 2023,3,3338.28,DONE,kech,Carte,LIV7,2023-10-27
CMD29602,CL0738,P090,2023-08-29,2,2274.71,livre,kech,Carte,LIV3,
CMD06059,CL0420,P035,Dec 12 2023,5,2741.41,LIVRE,kech,Carte,LIV3,2023-12-14
CMD28669,CL0816,P021,29/08/2023,5,1471.51,KO,TNG,Carte,LIV5,
CMD16753,CL0711,P001,Jun 18 2023,1,2871.4,KO,TNG,Carte,LIV8,
CMD39550,CL0615,P027,28/02/2023,2,4841.08,retourné,tanger,Carte,LIV7,2023-03-01
CMD46301,CL0060,P086,26/10/2023,2,4133.99,LIVRE,Agadir,Carte,LIV4,2023-10-27
CMD26148,CL0461,P031,2023-08-18,1,2726.06,en_cours,marrakech,Carte,LIV3,
CMD22975,CL0441,P094,2024-04-13,1,1560.85,livré,tanger,Carte,LIV1,2024-04-18
CMD40684,CL0063,P096,10/06/2023,2,2876.56,livré,marrakech,Carte,LIV6,2023-06-14
CMD22438,CL0214,P075,04/05/2024,1,4567.43,KO,Tnja,Carte,LIV9,
CMD47861,CL0746,P043,Feb 27 2023,4,2962.65,LIVRE,marrakech,Carte,LIV9,2023-03-03
CMD24653,CL0029,P035,15/04/2023,2,1632.75,DONE,Tnja,Carte,LIV3,2023-04-19
CMD35014,CL0969,P047,28/02/2024,4,4342.48,livre,marrakech,Carte,LIV7,
CMD21587,CL0623,P068,06/01/2023,3,3315.45,livré,marrakech,Carte,LIV5,2023-01-10
CMD21805,CL0274,P065,Mar 12 2024,4,3892.53,livré,RBA,Carte,,2024-03-15
CMD00225,CL0061,P095,Jan 20 2024,4,3175.83,en_cours,casa,Carte,LIV8,
CMD38536,CL0429,P086,Apr 30 2024,-1,271.09,livré,TANGER,Carte,LIV4,2024-05-04
CMD33855,CL0858,P062,May 12 2024,1,1202.64,retourné,TNG,Carte,,2024-05-14
CMD46514,CL0626,P017,12/03/2023,2,3510.08,LIVRE,CASABLANCA,Carte,LIV2,2023-03-15
CMD24202,CL0652,P022,2023-03-04,5,4464.2,livré,Agadir,Carte,LIV6,2023-03-07
CMD40530,CL0697,P019,2023-04-17,5,4085.25,livré,kech,Carte,LIV3,2023-04-19
CMD36864,CL0845,P099,Mar 10 2023,2,2389.07,OK,TANGER,Carte,LIV4,
CMD42015,CL0954,P081,2024-03-29,4,1834.52,livré,RBA,Carte,LIV4,2024-04-01
CMD29376,CL0930,P052,11/09/2023,2,4327.82,livré,kech,Carte,LIV4,2023-09-15
CMD03047,CL0756,P035,2024-02-01,2,561.43,OK,CASABLANCA,Carte,,
CMD46248,CL0158,P041,Jan 03 2024,3,3607.6,livré,casa,Carte,LIV2,2024-01-08
CMD14028,CL0963,P024,May 05 2024,4,2528.09,livré,RBA,Carte,LIV6,2024-05-09
CMD35148,CL0880,P037,Oct 18 2023,5,3848.14,OK,casa,Carte,LIV3,
CMD38379,CL0030,P038,Jul 05 2023,3,1827.23,livré,marrakech,Carte,LIV3,2023-07-06
CMD43693,CL0075,P031,Oct 09 2023,4,1487.0,OK,TNG,Carte,LIV1,
CMD37704,CL0775,P035,Jan 06 2023,5,1281.54,retourné,CASABLANCA,Carte,LIV5,2023-01-11
CMD21527,CL0977,P076,Apr 18 2024,3,3454.58,retourné,tanger,Carte,LIV4,2024-04-22
CMD05571,CL0812,P028,2023-05-04,4,4118.99,annulé,RBA,Carte,LIV7,
CMD45586,CL0137,P052,Feb 07 2023,1,646.64,livré,Agadir,Carte,LIV3,2023-02-12
CMD07117,CL0927,P095,2024-04-07,5,1113.21,livré,TANGER,Carte,LIV7,2024-04-11
CMD01567,CL0026,P054,Jun 30 2023,1,0,DONE,CASABLANCA,Carte,LIV9,2023-07-04
CMD25604,CL0067,P056,Aug 04 2023,2,1367.43,livré,Agadir,Carte,LIV1,2023-08-08
CMD46409,CL0095,P053,2024-03-21,5,2865.38,DONE,Tnja,Carte,LIV4,2024-03-23
CMD43019,CL0121,P016,Mar 16 2024,2,1677.73,en_cours,RBA,Carte,LIV7,
CMD37226,CL0532,P046,Jun 10 2023,5,2170.24,OK,Tnja,Carte,,
CMD42668,CL0472,P049,17/01/2023,3,2196.6,DONE,tanger,Carte,LIV2,2023-01-21
CMD05765,CL0865,P064,2023-04-15,3,4478.48,DONE,Tnja,Carte,LIV8,2023-04-20
CMD12716,CL0402,P083,Mar 07 2023,5,4496.75,OK,kech,Carte,LIV4,
CMD40101,CL0033,P002,2024-03-26,2,59.72,KO,CASABLANCA,Carte,LIV2,
CMD06571,CL0191,P085,Nov 22 2023,2,2915.56,en_cours,marrakech,Carte,LIV1,
CMD22474,CL0039,P012,2024-02-11,2,2735.6,en_cours,Agadir,Carte,LIV8,
CMD37713,CL0734,P046,12/01/2024,3,81.06,KO,TNG,Carte,LIV4,
CMD35729,CL0776,P097,May 18 2023,4,2092.33,retourné,Agadir,Carte,LIV7,2023-05-23
CMD19226,CL0699,P095,2023-05-26,3,581.0,livre,tanger,Carte,LIV8,
CMD13452,CL0496,P044,May 05 2023,5,2948.13,retourné,TANGER,Carte,LIV6,2023-05-08
CMD32658,CL0168,P028,May 09 2023,1,1983.4,livre,TANGER,Carte,LIV10,
CMD42162,CL0926,P086,20/12/2023,1,259.61,livre,tanger,Carte,LIV7,
CMD31799,CL0640,P063,Apr 14 2024,5,3184.6,OK,tanger,Carte,LIV7,
CMD43311,CL0877,P079,03/07/2023,4,2487.95,livré,kech,Carte,LIV10,2023-07-06
CMD18936,CL0918,P067,2023-03-25,1,1750.46,livré,RBA,Carte,LIV2,2023-03-29
CMD47829,CL0444,P071,07/12/2023,1,3314.44,retourné,tanger,Carte,LIV3,2023-12-10
CMD47958,CL0008,P030,Sep 21 2023,1,2461.07,livré,casa,Carte,LIV4,2023-09-25
CMD10560,CL0801,P067,24/10/2023,5,2196.9,livre,tanger,Carte,,
CMD10353,CL0223,P011,Mar 18 2023,3,4892.12,en_cours,TANGER,Carte,LIV7,
CMD31221,CL0839,P044,2023-09-08,5,3950.05,KO,Agadir,Carte,LIV4,
CMD30979,CL0305,P068,Jan 24 2023,1,129.01,LIVRE,CASABLANCA,Carte,LIV3,2023-01-26
CMD20542,CL0886,P076,2023-12-30,1,477.51,livré,marrakech,Carte,LIV5,2024-01-04
CMD03856,CL0703,P035,23/01/2023,5,4223.43,annulé,CASABLANCA,Carte,LIV1,
CMD44723,CL0595,P089,Aug 16 2023,5,3935.64,DONE,marrakech,Carte,LIV4,2023-08-18
CMD46085,CL0467,P006,15/02/2024,5,2620.42,LIVRE,CASABLANCA,Carte,LIV10,2024-02-17
CMD09729,CL0385,P032,12/02/2024,5,4998.68,DONE,Agadir,Carte,LIV8,2024-02-14
CMD02914,CL0993,P001,2023-05-18,5,1731.24,KO,kech,Carte,LIV8,
CMD22530,CL0094,P005,2024-03-21,1,3319.01,livré,Tnja,Carte,LIV2,2024-03-26
CMD43202,CL0396,P055,2024-05-11,2,698.47,livré,tanger,Carte,LIV10,2024-05-14
CMD33785,CL0011,P071,22/05/2023,5,2036.27,OK,Tnja,Carte,LIV8,
CMD21613,CL0135,P030,07/03/2023,3,1840.4,retourné,Tnja,Carte,LIV3,2023-03-09
CMD37217,CL0326,P063,2023-07-20,4,4310.59,livre,marrakech,Carte,LIV4,
CMD47241,CL0176,P087,May 23 2023,4,1568.72,retourné,Agadir,Carte,LIV7,2023-05-27
CMD06109,CL0835,P046,2024-02-04,3,2556.72,en_cours,RBA,Carte,LIV10,
CMD12045,CL0464,P016,21/02/2023,5,2723.89,KO,marrakech,Carte,LIV1,
CMD29852,CL0707,P011,Mar 25 2024,5,3291.03,LIVRE,Tnja,Carte,LIV7,2024-03-29
CMD35890,CL0045,P055,13/05/2024,3,3593.42,livré,Tnja,Carte,LIV9,2024-05-15
CMD00156,CL0437,P034,2023-10-12,5,1771.03,OK,tanger,Carte,LIV1,
CMD32099,CL0852,P026,Jul 04 2023,3,245.2,en_cours,casa,Carte,LIV6,
CMD25679,CL0033,P014,2023-09-03,3,639.2,livré,Agadir,Carte,LIV4,2023-09-06
CMD41939,CL0894,P079,2023-02-08,5,4577.56,DONE,tanger,Carte,LIV2,2023-02-09
CMD29108,CL0396,P066,14/04/2023,4,259.16,KO,CASABLANCA,Carte,,
CMD16816,CL0126,P092,2023-10-18,3,4985.28,OK,kech,Carte,LIV9,
CMD04949,CL0763,P044,Feb 04 2024,3,3763.17,OK,RBA,Carte,LIV5,
CMD40171,CL0107,P013,May 03 2024,3,170.18,livré,tanger,Carte,LIV6,2024-05-04
CMD47699,CL0221,P024,2023-07-21,3,3100.96,en_cours,Agadir,Carte,LIV6,
CMD13863,CL0915,P099,2023-05-21,2,3558.6,livré,CASABLANCA,Carte,LIV5,2023-05-22
CMD48013,CL0657,P023,28/04/2024,4,1916.6,LIVRE,Tnja,Carte,LIV10,2024-04-30
CMD16937,CL0569,P007,2024-02-19,5,1914.41,LIVRE,CASABLANCA,Carte,LIV5,2024-02-22
CMD34788,CL0327,P072,20/01/2024,4,4522.29,KO,RBA,Carte,LIV2,
CMD38869,CL0940,P019,2023-02-03,2,61.99,LIVRE,tanger,Carte,LIV3,2023-02-07
CMD04515,CL0977,P039,Mar 02 2023,4,4435.16,livré,CASABLANCA,Carte,LIV8,2023-03-05
CMD05508,CL0666,P003,May 27 2023,2,912.03,retourné,casa,Carte,LIV5,2023-05-28
CMD13630,CL0204,P042,2023-05-26,3,4979.95,retourné,marrakech,Carte,LIV6,2023-05-31
CMD13376,CL0078,P016,26/03/2023,5,3329.94,en_cours,TNG,Carte,LIV10,
CMD23509,CL0379,P080,20/01/2024,4,2991.14,DONE,Tnja,Carte,LIV5,2024-01-24
CMD45471,CL0500,P040,Apr 17 2024,4,1292.5,livré,Agadir,Carte,LIV9,2024-04-21
CMD18443,CL0754,P090,Feb 19 2023,3,3191.29,annulé,kech,Carte,LIV4,
CMD02379,CL0319,P091,Sep 10 2023,-1,1446.33,OK,Tnja,Carte,LIV7,
CMD24537,CL0706,P098,2024-04-24,4,833.61,annulé,tanger,Carte,LIV5,
CMD03030,CL0333,P042,Jul 06 2023,1,220.44,KO,casa,Carte,LIV10,
CMD04326,CL0714,P014,Jan 06 2023,2,1599.45,livre,CASABLANCA,Carte,LIV10,
CMD15770,CL0938,P043,02/01/2024,1,1490.76,annulé,kech,Carte,LIV4,
CMD37600,CL0017,P077,2023-07-03,2,3145.29,livre,RBA,Carte,LIV7,
CMD17192,CL0028,P038,Oct 28 2023,2,4151.77,livré,TANGER,Carte,LIV8,2023-11-01
CMD45384,CL0560,P067,Feb 14 2023,3,1714.2,livre,marrakech,Carte,LIV10,
CMD17135,CL0787,P029,2023-07-10,2,3312.69,livre,TNG,Carte,LIV2,
CMD05236,CL0073,P015,2023-08-13,2,290.99,livré,Agadir,Carte,LIV8,2023-08-17
CMD40216,CL0378,P017,Jun 04 2023,1,2519.29,KO,marrakech,Carte,LIV5,
CMD11461,CL0914,P071,14/08/2023,4,2066.2,livré,TNG,Carte,LIV9,2023-08-17
CMD13755,CL0699,P046,07/12/2023,2,1047.17,livré,casa,Carte,LIV3,2023-12-10
CMD08332,CL0555,P091,2023-12-30,4,1360.45,livre,casa,Carte,,
CMD41781,CL0681,P037,19/12/2023,4,441.0,en_cours,tanger,Carte,LIV3,
CMD29611,CL0827,P024,2023-08-17,5,3396.43,DONE,marrakech,Carte,LIV1,2023-08-22
CMD43422,CL0836,P085,20/03/2024,4,3290.36,livré,casa,Carte,LIV10,2024-03-23
CMD15910,CL0107,P020,Mar 17 2024,2,2207.47,LIVRE,marrakech,Carte,LIV7,2024-03-19
CMD28672,CL0940,P100,21/06/2023,3,298.15,livré,tanger,Carte,LIV9,2023-06-22
CMD01562,CL0220,P087,22/07/2023,4,3762.3,livre,tanger,Carte,LIV9,
CMD33897,CL0616,P035,22/12/2023,2,3953.47,livré,CASABLANCA,Carte,LIV5,2023-12-27
CMD25130,CL0059,P015,13/02/2023,3,4356.33,LIVRE,marrakech,Carte,LIV8,2023-02-18
CMD36806,CL0090,P086,2024-03-12,1,3048.55,annulé,marrakech,Carte,LIV1,
CMD42959,CL0170,P061,13/11/2023,3,4518.77,en_cours,TNG,Carte,LIV3,
CMD31756,CL0473,P041,2023-10-10,3,1746.63,DONE,TNG,Carte,LIV6,2023-10-14
CMD10003,CL0282,P082,03/03/2024,2,885.32,livré,kech,Carte,LIV3,2024-03-08
CMD29159,CL0038,P084,18/01/2023,3,4953.53,LIVRE,TANGER,Carte,LIV10,2023-01-23
CMD12877,CL0603,P029,2024-02-16,5,4654.15,livré,Agadir,Carte,LIV4,2024-02-19
CMD32722,CL0540,P008,May 27 2023,5,153.37,KO,marrakech,Carte,LIV7,
CMD18049,CL0047,P097,Oct 02 2023,2,3831.36,DONE,TANGER,Carte,LIV4,2023-10-04
CMD24492,CL0216,P069,Feb 13 2024,5,1279.74,livré,CASABLANCA,Carte,LIV1,2024-02-18
CMD33988,CL0152,P034,Apr 23 2023,4,3177.02,livré,TNG,Carte,LIV9,2023-04-24
CMD06800,CL0889,P035,2023-08-18,5,3826.74,annulé,tanger,Carte,LIV9,
CMD27583,CL0920,P041,Nov 16 2023,4,4915.84,en_cours,TNG,Carte,LIV5,
CMD45864,CL0836,P059,17/05/2023,3,3439.27,en_cours,TNG,Carte,LIV2,
CMD15142,CL0960,P086,11/05/2024,5,1603.4,retourné,RBA,Carte,LIV10,2024-05-14
CMD15719,CL0695,P013,May 13 2024,5,3734.84,livre,Tnja,Carte,LIV10,
CMD06843,CL0074,P026,Jan 30 2024,3,0,livré,CASABLANCA,Carte,LIV3,2024-02-01
CMD24907,CL0476,P052,2023-05-17,3,2957.62,retourné,kech,Carte,LIV4,2023-05-18
CMD04364,CL0082,P079,Nov 28 2023,5,2941.76,annulé,TANGER,Carte,LIV7,
CMD42485,CL0642,P011,Sep 19 2023,4,3643.43,livré,tanger,Carte,LIV6,2023-09-20
CMD00223,CL0074,P081,Sep 07 2023,3,3632.88,annulé,TNG,Carte,LIV8,
CMD19844,CL0182,P080,2023-08-27,2,3229.53,livre,RBA,Carte,LIV10,
CMD34692,CL0284,P047,26/02/2024,3,1447.65,livre,TNG,Carte,LIV4,
CMD07454,CL0623,P045,11/07/2023,5,598.52,livre,CASABLANCA,Carte,LIV2,
CMD04035,CL0826,P096,Mar 06 2023,1,3300.07,DONE,casa,Carte,,2023-03-08
CMD45961,CL0188,P006,2023-07-18,5,4693.2,KO,CASABLANCA,Carte,LIV1,
CMD07952,CL0413,P006,2024-01-11,1,4905.76,annulé,marrakech,Carte,LIV4,
CMD31427,CL0249,P051,2023-11-12,3,982.58,DONE,kech,Carte,LIV3,2023-11-16
CMD20207,CL0887,P042,2023-07-09,4,2597.74,livre,marrakech,Carte,LIV9,
CMD34080,CL0730,P063,Jul 30 2023,3,3279.54,LIVRE,TANGER,Carte,LIV2,2023-08-04
CMD24756,CL0645,P022,28/03/2024,4,3228.15,OK,tanger,Carte,LIV10,
CMD47621,CL0777,P008,Nov 26 2023,-1,2507.96,livre,Tnja,Carte,LIV7,
CMD46100,CL0296,P059,01/01/2024,2,4341.91,livre,kech,Carte,LIV8,
CMD26285,CL0901,P042,Mar 18 2023,2,2427.3,livré,TANGER,Carte,LIV4,2023-03-20
CMD11897,CL0762,P065,Nov 15 2023,-1,435.07,livré,TANGER,Carte,LIV9,2023-11-16
CMD40598,CL0916,P017,Apr 29 2024,2,4089.43,livré,RBA,Carte,LIV3,2024-05-04
CMD19281,CL0988,P073,03/06/2023,2,2379.07,livré,Tnja,Carte,LIV5,2023-06-07
CMD15602,CL0165,P063,Jan 06 2024,3,2375.9,KO,tanger,Carte,,
CMD17943,CL0072,P091,2024-04-18,1,144.63,annulé,CASABLANCA,Carte,LIV5,
CMD17007,CL0996,P025,Dec 25 2023,5,4785.86,KO,casa,Carte,LIV8,
CMD28141,CL0677,P094,2023-11-01,5,3648.79,livré,casa,Carte,LIV2,2023-11-03
CMD19946,CL0300,P063,2024-01-14,2,3943.28,livré,marrakech,Carte,LIV3,2024-01-19
CMD18536,CL1000,P092,Apr 23 2024,1,1930.84,KO,TANGER,Carte,LIV4,
CMD46007,CL0683,P016,2024-02-10,1,1987.73,livré,RBA,Carte,LIV6,2024-02-13
CMD11495,CL0685,P069,21/04/2023,2,1981.37,livré,Agadir,Carte,LIV9,2023-04-24
CMD20030,CL0126,P039,01/02/2024,2,944.91,en_cours,RBA,Carte,LIV2,
CMD16688,CL0655,P043,Apr 13 2024,1,378.97,DONE,tanger,Carte,LIV9,2024-04-15
CMD01199,CL0128,P095,2023-06-21,5,4692.64,en_cours,TNG,Carte,LIV5,
CMD07098,CL0973,P008,2023-02-22,4,1831.11,livre,CASABLANCA,Carte,LIV1,
CMD10622,CL0184,P038,01/03/2023,1,428.45,en_cours,CASABLANCA,Carte,,
CMD25703,CL0737,P059,11/02/2023,3,4542.55,DONE,CASABLANCA,Carte,LIV8,2023-02-14
CMD06621,CL0023,P023,Oct 22 2023,2,808.91,LIVRE,Tnja,Carte,LIV7,2023-10-23
CMD04002,CL0789,P009,Dec 30 2023,5,625.47,annulé,marrakech,Carte,,
CMD34300,CL0697,P100,Jun 24 2023,-1,4012.73,retourné,Agadir,Carte,LIV6,2023-06-25
CMD25146,CL0130,P050,02/03/2024,5,4406.45,retourné,marrakech,Carte,,2024-03-03
CMD12485,CL0399,P052,2023-01-16,3,4791.22,KO,casa,Carte,LIV5,
CMD03334,CL0002,P007,Jun 26 2023,1,4593.62,DONE,Agadir,Carte,LIV5,2023-06-28
CMD47472,CL0358,P032,Feb 04 2023,5,1253.16,LIVRE,TNG,Carte,LIV8,2023-02-07
CMD41226,CL0125,P012,Jul 25 2023,3,3965.2,livré,TANGER,Carte,LIV2,2023-07-30
CMD28136,CL0225,P043,2023-10-03,4,1405.61,DONE,RBA,Carte,LIV2,2023-10-04
CMD11630,CL0802,P048,2023-12-01,3,1037.41,LIVRE,Tnja,Carte,LIV1,2023-12-06
CMD19270,CL0807,P056,03/04/2023,1,364.06,en_cours,marrakech,Carte,LIV2,
CMD19121,CL0715,P072,06/04/2023,1,2673.51,DONE,TANGER,Carte,LIV9,2023-04-07
CMD11325,CL0012,P072,2023-10-14,3,3282.05,en_cours,kech,Carte,LIV4,
CMD47345,CL0570,P068,2023-06-18,1,1485.01,KO,TNG,Carte,LIV4,
CMD22608,CL0048,P074,2024-03-07,5,4639.7,LIVRE,marrakech,Carte,LIV2,2024-03-11
CMD20832,CL0756,P006,2023-11-24,4,448.1,LIVRE,TANGER,Carte,LIV4,2023-11-25
CMD35084,CL0118,P086,2023-11-05,2,1580.16,livré,Agadir,Carte,LIV10,2023-11-06
CMD18296,CL0481,P086,19/05/2023,1,3002.07,livre,TNG,Carte,LIV10,
CMD41913,CL0960,P074,Oct 20 2023,5,4796.01,en_cours,TANGER,Carte,LIV9,
CMD02614,CL0222,P028,09/08/2023,1,4382.32,livre,TANGER,Carte,LIV3,
CMD22175,CL0587,P043,29/03/2024,4,187.77,retourné,Agadir,Carte,LIV3,2024-04-01
CMD04052,CL0739,P016,Mar 07 2024,2,4418.82,LIVRE,kech,Carte,LIV3,2024-03-12
CMD36558,CL0256,P091,Jan 31 2023,1,1572.49,DONE,tanger,Carte,,2023-02-02
CMD10155,CL0954,P054,21/07/2023,3,678.86,retourné,RBA,Carte,LIV1,2023-07-22
CMD12937,CL0077,P066,04/02/2023,2,395.13,LIVRE,RBA,Carte,LIV2,2023-02-08
CMD00620,CL0605,P085,2024-02-22,5,723.5,retourné,marrakech,Carte,LIV2,2024-02-25
CMD46000,CL0048,P076,Sep 26 2023,1,2481.76,livré,TNG,Carte,LIV7,2023-09-27
CMD17802,CL0756,P001,Oct 26 2023,4,1708.14,en_cours,TNG,Carte,LIV2,
CMD40857,CL0539,P014,Nov 27 2023,1,1013.67,livré,TANGER,Carte,LIV1,2023-12-01
CMD38615,CL0440,P061,09/01/2024,1,1059.86,livre,TNG,Carte,LIV1,
CMD04449,CL0697,P087,2023-01-17,-1,773.93,annulé,TANGER,Carte,LIV2,
CMD44703,CL0761,P044,2023-12-25,5,3517.91,KO,casa,Carte,LIV5,
CMD35405,CL0589,P010,Apr 29 2023,4,3312.17,livré,TANGER,Carte,LIV7,2023-05-01
CMD41122,CL0955,P057,Oct 11 2023,2,4783.91,KO,casa,Carte,LIV3,
CMD44378,CL0939,P061,2024-05-14,1,874.26,annulé,casa,Carte,LIV4,
CMD38002,CL0952,P068,Jun 22 2023,2,1484.43,KO,tanger,Carte,LIV5,
CMD04431,CL0925,P058,2023-04-07,4,4592.16,OK,RBA,Carte,LIV5,
CMD12967,CL0865,P081,29/03/2024,4,1282.96,livre,TNG,Carte,LIV2,
CMD05281,CL0738,P046,2023-05-08,1,2242.56,KO,TNG,Carte,LIV9,
CMD40144,CL0715,P022,2023-10-19,4,4031.19,OK,marrakech,Carte,LIV4,
CMD17645,CL0724,P010,05/09/2023,4,881.03,OK,casa,Carte,LIV6,
CMD05691,CL0371,P026,2023-10-06,1,85.12,en_cours,kech,Carte,LIV7,
CMD36479,CL0703,P025,24/03/2023,2,929.76,LIVRE,TANGER,Carte,LIV6,2023-03-26
CMD44477,CL0874,P025,10/03/2023,3,3259.3,livré,marrakech,Carte,LIV3,2023-03-11
CMD31108,CL0758,P036,16/06/2023,3,1128.54,OK,marrakech,Carte,LIV10,
CMD14938,CL0019,P012,2023-01-08,5,3486.6,livré,TNG,Carte,LIV4,2023-01-12
CMD47054,CL0147,P078,28/04/2023,2,1040.03,livré,TANGER,Carte,LIV6,2023-05-01
CMD39858,CL0398,P098,2024-03-12,2,1643.26,retourné,TANGER,Carte,LIV1,2024-03-13
CMD45993,CL0224,P035,11/08/2023,4,3759.45,LIVRE,Tnja,Carte,LIV8,2023-08-12
CMD43660,CL0584,P050,18/05/2023,2,2456.55,livre,casa,Carte,LIV7,
CMD03311,CL0308,P007,Jul 14 2023,5,1724.18,LIVRE,TANGER,Carte,LIV8,2023-07-15
CMD37388,CL0861,P024,Oct 07 2023,5,139.49,LIVRE,Agadir,Carte,LIV3,2023-10-10
CMD36256,CL0068,P005,14/03/2023,3,411.66,annulé,kech,Carte,LIV5,
CMD34352,CL0518,P063,05/08/2023,5,4147.82,KO,TNG,Carte,LIV7,
CMD42818,CL0988,P035,2023-11-06,4,4576.44,en_cours,CASABLANCA,Carte,LIV9,
CMD09919,CL0395,P079,05/10/2023,2,2688.73,livré,RBA,Carte,LIV4,2023-10-09
CMD40849,CL0749,P053,Jun 13 2023,3,473.56,retourné,marrakech,Carte,LIV6,2023-06-15
CMD42527,CL0510,P037,12/12/2023,3,3454.94,livré,kech,Carte,,2023-12-14
CMD15464,CL0969,P039,Nov 25 2023,5,2720.23,livré,Agadir,Carte,LIV4,2023-11-26
CMD21582,CL0435,P035,19/05/2023,1,2241.15,annulé,marrakech,Carte,LIV2,
CMD15160,CL0979,P090,Sep 06 2023,3,2985.7,KO,casa,Carte,LIV6,
CMD44751,CL0164,P099,Jul 01 2023,2,3999.89,OK,marrakech,Carte,LIV4,
CMD45485,CL0963,P088,2024-01-24,5,518.82,en_cours,Agadir,Carte,LIV4,
CMD23711,CL0610,P074,Jan 10 2024,2,3727.62,livré,kech,Carte,LIV3,2024-01-15
CMD00171,CL0908,P017,Mar 19 2023,5,268.33,retourné,Tnja,Carte,LIV6,2023-03-20
CMD37607,CL0913,P023,Jun 03 2023,2,2656.7,livré,TNG,Carte,LIV5,2023-06-07
CMD13511,CL0437,P021,03/07/2023,2,1834.08,livré,kech,Carte,LIV2,2023-07-06
CMD01841,CL0729,P060,Jun 08 2023,2,1258.3,livré,TNG,Carte,LIV3,2023-06-11
CMD04314,CL0767,P053,2023-07-14,1,3282.33,en_cours,Tnja,Carte,LIV1,
CMD03450,CL0761,P062,Mar 31 2023,4,51.64,KO,tanger,Carte,LIV2,
CMD29086,CL0005,P044,2023-08-15,5,554.82,livre,Tnja,Carte,LIV1,
CMD19520,CL0094,P010,Jul 16 2023,3,2268.58,KO,CASABLANCA,Carte,,
CMD04726,CL0045,P008,2023-06-01,2,4791.14,en_cours,TNG,Carte,,
CMD40834,CL0885,P062,26/01/2023,1,840.09,DONE,kech,Carte,LIV8,2023-01-30
CMD08251,CL0048,P058,2023-08-29,5,2362.43,livre,kech,Carte,LIV3,
CMD22064,CL0416,P028,2023-02-02,4,1509.73,LIVRE,TNG,Carte,LIV1,2023-02-07
CMD34400,CL0167,P005,20/09/2023,3,353.07,LIVRE,Agadir,Carte,LIV6,2023-09-23
CMD01348,CL0594,P007,Jan 04 2023,1,4923.94,retourné,kech,Carte,LIV6,2023-01-07
CMD03299,CL0186,P036,Oct 26 2023,1,3465.82,annulé,Agadir,Carte,LIV8,
CMD00705,CL0329,P017,2023-02-23,3,2246.1,DONE,tanger,Carte,LIV8,2023-02-25
CMD26295,CL0886,P012,Apr 05 2023,5,4165.25,DONE,RBA,Carte,LIV3,2023-04-10
CMD19610,CL0819,P001,2023-09-10,4,1409.83,livré,CASABLANCA,Carte,LIV7,2023-09-15
CMD28448,CL0119,P098,24/09/2023,3,2704.24,livré,Tnja,Carte,LIV1,2023-09-26
CMD37793,CL0006,P032,Mar 11 2023,1,4069.4,LIVRE,casa,Carte,LIV3,2023-03-12
CMD26320,CL0485,P095,10/05/2023,2,4215.19,DONE,TANGER,Carte,LIV5,2023-05-11
CMD23011,CL0588,P021,2023-02-18,5,4164.37,livré,marrakech,Carte,LIV6,2023-02-23
CMD32727,CL0242,P013,2023-05-31,2,817.17,OK,tanger,Carte,LIV7,
CMD19005,CL0597,P049,Feb 14 2023,3,4797.75,en_cours,casa,Carte,LIV5,
CMD17710,CL0628,P099,05/12/2023,4,2451.58,LIVRE,TANGER,Carte,LIV8,2023-12-09
CMD22069,CL0236,P070,05/02/2023,1,172.68,KO,TANGER,Carte,LIV9,
CMD34275,CL0781,P097,02/07/2023,1,1575.46,OK,casa,Carte,LIV4,
CMD45103,CL0998,P025,2023-04-15,1,2947.04,annulé,CASABLANCA,Carte,LIV4,
CMD01177,CL0205,P005,Aug 17 2023,1,2226.8,livré,marrakech,Carte,LIV7,2023-08-21
CMD37788,CL0873,P020,Oct 06 2023,5,2972.1,LIVRE,CASABLANCA,Carte,LIV6,2023-10-10
CMD39254,CL0531,P064,2023-06-07,1,4728.32,en_cours,marrakech,Carte,LIV5,
CMD14646,CL0686,P093,Apr 04 2024,1,101.54,retourné,TNG,Carte,LIV4,2024-04-09
CMD39543,CL0482,P034,2023-04-30,2,569.02,annulé,tanger,Carte,LIV6,
CMD34102,CL0561,P079,2023-08-19,5,952.3,annulé,Agadir,Carte,LIV1,
CMD25914,CL0389,P079,2023-11-12,4,2143.69,OK,CASABLANCA,Carte,LIV6,
CMD31264,CL0273,P092,2023-04-30,5,783.83,LIVRE,CASABLANCA,Carte,LIV5,2023-05-01
CMD46347,CL0340,P046,Dec 06 2023,5,4887.78,livré,Tnja,Carte,LIV7,2023-12-11
CMD01292,CL0729,P019,2024-02-09,4,2068.84,livre,tanger,Carte,LIV3,
CMD15885,CL0166,P076,Aug 22 2023,3,791.85,retourné,marrakech,Carte,LIV6,2023-08-25
CMD31167,CL0960,P012,Sep 15 2023,4,320.63,annulé,TANGER,Carte,LIV6,
CMD00880,CL0154,P011,Nov 16 2023,3,210.91,retourné,CASABLANCA,Carte,LIV1,2023-11-20
CMD24952,CL0666,P038,03/02/2023,3,1668.42,livré,casa,Carte,LIV5,2023-02-05
CMD20745,CL0388,P012,Feb 01 2024,5,4369.28,KO,Tnja,Carte,LIV10,
CMD30446,CL0444,P068,12/05/2023,3,1242.94,livré,TNG,Carte,LIV4,2023-05-14
CMD24581,CL0069,P099,Oct 26 2023,4,2127.84,annulé,RBA,Carte,LIV6,
CMD36553,CL0868,P031,06/04/2023,2,69.03,KO,TANGER,Carte,LIV5,
CMD24030,CL0206,P016,12/12/2023,4,4245.44,livré,Agadir,Carte,LIV9,2023-12-15
CMD05767,CL0263,P055,15/11/2023,3,3780.47,OK,Tnja,Carte,LIV8,
CMD40516,CL0176,P097,Mar 31 2024,3,3546.59,livré,TNG,Carte,LIV4,2024-04-01
CMD44942,CL0181,P096,Dec 02 2023,5,3908.32,LIVRE,marrakech,Carte,LIV3,2023-12-07
CMD44804,CL0780,P028,2023-05-15,3,2523.39,LIVRE,Tnja,Carte,LIV1,2023-05-20
CMD08690,CL0642,P023,11/04/2023,2,4004.44,retourné,TNG,Carte,LIV5,2023-04-13
CMD26683,CL0066,P067,2023-02-09,5,1219.15,retourné,marrakech,Carte,LIV6,2023-02-10
CMD03247,CL0363,P032,May 25 2023,4,279.42,livré,kech,Carte,LIV9,2023-05-28
CMD06570,CL0849,P044,Sep 05 2023,2,2878.51,livré,CASABLANCA,Carte,LIV1,2023-09-10
CMD19852,CL0561,P071,22/04/2023,3,927.07,KO,TANGER,Carte,LIV4,
CMD37277,CL0925,P072,29/03/2023,2,4617.36,DONE,TNG,Carte,LIV6,2023-04-03
CMD13046,CL0818,P061,Apr 07 2024,2,2628.01,livre,TANGER,Carte,LIV7,
CMD18615,CL0478,P076,30/01/2023,1,0,retourné,Tnja,Carte,LIV7,2023-02-04
CMD36339,CL0022,P065,Dec 28 2023,5,2893.03,KO,tanger,Carte,LIV4,
CMD17536,CL0756,P079,09/03/2024,4,553.17,livré,marrakech,Carte,LIV5,2024-03-10
CMD43153,CL0398,P040,Mar 21 2023,1,2697.74,livré,casa,Carte,LIV5,2023-03-24
CMD01754,CL0161,P092,2023-02-06,2,1400.37,livre,RBA,Carte,LIV10,
CMD43401,CL0565,P081,Apr 01 2024,2,4806.5,en_cours,casa,Carte,LIV1,
CMD43382,CL0333,P067,21/04/2024,5,2970.41,livré,casa,Carte,LIV4,2024-04-23
CMD11185,CL0304,P049,19/04/2024,2,3853.09,livré,kech,Carte,LIV4,2024-04-20
CMD28691,CL0007,P011,06/01/2023,4,2781.76,livré,CASABLANCA,Carte,LIV9,2023-01-11
CMD35064,CL0822,P065,Feb 08 2023,3,4069.9,KO,marrakech,Carte,LIV8,
CMD04332,CL0165,P092,Dec 03 2023,4,3270.39,annulé,TNG,Carte,LIV10,
CMD38221,CL0109,P032,26/12/2023,5,3484.09,retourné,tanger,Carte,LIV2,2023-12-27
CMD38498,CL0373,P073,2023-03-17,1,2165.68,livré,Tnja,Carte,LIV2,2023-03-19
CMD28864,CL0709,P029,31/05/2023,3,1274.01,livre,tanger,Carte,LIV10,
CMD43158,CL0298,P052,13/06/2023,5,75.16,annulé,Agadir,Carte,LIV9,
CMD22642,CL0081,P095,Feb 02 2023,3,4610.76,LIVRE,CASABLANCA,Carte,LIV9,2023-02-07
CMD11436,CL0573,P018,2023-09-08,4,4175.54,KO,TNG,Carte,LIV1,
CMD31679,CL0375,P016,12/04/2023,5,4824.61,livré,CASABLANCA,Carte,LIV7,2023-04-14
CMD15233,CL0788,P087,22/03/2023,2,1764.7,livré,kech,Carte,LIV6,2023-03-24
CMD11748,CL0580,P060,2024-05-06,4,972.86,retourné,Tnja,Carte,LIV7,2024-05-08
CMD17308,CL0483,P051,17/03/2024,2,4862.82,livré,marrakech,Carte,LIV9,2024-03-20
CMD35218,CL0953,P038,2023-09-03,5,3547.42,livre,TNG,Carte,LIV9,
CMD46220,CL0974,P077,26/10/2023,2,4587.58,en_cours,TANGER,Carte,LIV9,
CMD01894,CL0884,P074,Apr 13 2023,4,2045.23,livré,Agadir,Carte,LIV4,2023-04-14
CMD03298,CL0402,P030,2023-02-19,3,665.56,LIVRE,CASABLANCA,Carte,LIV1,2023-02-21
CMD08262,CL0753,P039,May 10 2023,2,4068.92,livré,Agadir,Carte,LIV9,2023-05-13
CMD07319,CL0849,P005,May 09 2024,1,307.52,KO,TNG,Carte,LIV2,
CMD14837,CL0285,P059,Jan 28 2023,4,2540.07,OK,casa,Carte,LIV4,
CMD35110,CL0489,P008,Jul 26 2023,3,3694.82,DONE,CASABLANCA,Carte,LIV2,2023-07-28
CMD05536,CL0784,P072,2024-01-31,1,708.27,livré,RBA,Carte,LIV5,2024-02-01
CMD38299,CL0725,P050,23/04/2023,2,2258.23,livre,marrakech,Carte,LIV8,
CMD25592,CL0280,P004,10/03/2024,4,3325.71,KO,casa,Carte,LIV2,
CMD15883,CL0910,P007,2023-02-22,3,1973.71,KO,TNG,Carte,LIV1,
CMD23956,CL0911,P007,Feb 27 2023,1,3459.89,KO,TNG,Carte,,
CMD05419,CL0368,P068,2023-11-18,5,1730.67,livré,RBA,Carte,LIV10,2023-11-21
CMD22422,CL0055,P058,Oct 19 2023,5,2954.53,retourné,RBA,Carte,LIV8,2023-10-23
CMD01246,CL0075,P012,03/09/2023,2,3612.8,OK,CASABLANCA,Carte,LIV8,
CMD15489,CL0228,P030,Jan 26 2023,1,2268.16,livre,tanger,Carte,LIV9,
CMD10736,CL0890,P060,2023-02-10,3,1045.29,livre,Tnja,Carte,LIV2,
CMD01557,CL0745,P045,Nov 02 2023,5,58.66,livré,CASABLANCA,Carte,LIV3,2023-11-07
CMD07101,CL0247,P025,25/02/2023,1,2104.03,DONE,Tnja,Carte,LIV8,2023-03-01
CMD20701,CL0901,P031,15/01/2023,1,4314.4,OK,marrakech,Carte,,
CMD25207,CL0063,P003,2024-03-30,2,4145.09,retourné,casa,Carte,LIV8,2024-04-04
CMD42149,CL0895,P071,18/01/2023,2,2219.91,annulé,Tnja,Carte,LIV5,
CMD00990,CL0241,P090,10/10/2023,3,2706.19,LIVRE,Agadir,Carte,LIV6,2023-10-15
CMD08336,CL0099,P084,23/06/2023,1,3410.04,livre,Tnja,Carte,LIV10,
CMD26514,CL0659,P078,12/01/2024,2,3772.12,livré,Agadir,Carte,LIV6,2024-01-13
CMD26339,CL0628,P094,Feb 28 2024,4,808.06,DONE,TANGER,Carte,LIV3,2024-02-29
CMD47414,CL0866,P086,2024-01-22,2,4256.65,livré,TNG,Carte,,2024-01-25
CMD34895,CL0420,P019,Jun 10 2023,3,3641.7,livré,TANGER,Carte,LIV1,2023-06-11
CMD27251,CL0479,P093,11/03/2024,2,2354.12,livre,tanger,Carte,LIV1,
CMD38507,CL0528,P097,Aug 23 2023,5,598.19,DONE,casa,Carte,LIV2,2023-08-27
CMD18937,CL0338,P007,15/06/2023,1,1313.43,retourné,CASABLANCA,Carte,LIV7,2023-06-17
CMD19044,CL0314,P074,2023-05-11,4,2656.82,DONE,Tnja,Carte,LIV1,2023-05-16
CMD03233,CL0503,P100,2024-03-12,2,1950.33,en_cours,marrakech,Carte,,
CMD35450,CL0199,P016,2024-05-13,2,1498.91,DONE,Tnja,Carte,LIV10,2024-05-17
CMD29222,CL0529,P003,19/03/2023,3,2645.53,en_cours,marrakech,Carte,LIV4,
CMD07236,CL0075,P075,10/09/2023,4,3451.8,OK,RBA,Carte,LIV7,
CMD40767,CL0073,P073,08/05/2023,1,4319.54,annulé,Agadir,Carte,LIV7,
CMD28361,CL0503,P016,Mar 15 2023,1,89.54,annulé,TNG,Carte,LIV1,
CMD21917,CL0595,P006,Jun 16 2023,5,1487.77,livré,Tnja,Carte,LIV2,2023-06-20
CMD14059,CL0004,P083,27/09/2023,3,2945.35,KO,tanger,Carte,LIV1,
CMD09217,CL0279,P032,24/03/2024,4,795.91,DONE,TNG,Carte,LIV2,2024-03-25
CMD17030,CL0804,P052,29/08/2023,1,82.38,annulé,tanger,Carte,LIV3,
CMD11633,CL0004,P091,2023-08-07,3,3315.52,retourné,casa,Carte,,2023-08-11
CMD42727,CL0151,P044,Jun 10 2023,-1,4954.19,livré,casa,Carte,LIV3,2023-06-12
CMD12569,CL0417,P046,31/07/2023,4,4801.81,annulé,TNG,Carte,LIV4,
CMD05220,CL0456,P045,Jan 02 2023,1,1344.24,LIVRE,tanger,Carte,LIV3,2023-01-07
CMD00395,CL0128,P037,28/02/2023,4,3016.67,livré,TANGER,Carte,LIV7,2023-03-01
CMD03535,CL0414,P055,17/01/2023,1,1471.12,DONE,Agadir,Carte,LIV2,2023-01-18
CMD09177,CL0137,P047,2023-10-08,2,1218.16,livré,TANGER,Carte,LIV8,2023-10-12
CMD07926,CL0687,P099,2023-01-21,5,3047.97,OK,marrakech,Carte,LIV1,
CMD04973,CL0184,P061,19/06/2023,1,3312.58,livré,TANGER,Carte,LIV2,2023-06-20
CMD19856,CL0219,P098,2023-10-20,3,3442.28,KO,Agadir,Carte,LIV9,
CMD37287,CL0035,P013,10/09/2023,2,3131.07,KO,kech,Carte,LIV9,
CMD08312,CL0445,P036,Feb 13 2024,1,1564.43,retourné,RBA,Carte,LIV10,2024-02-17
CMD45075,CL0878,P081,May 12 2024,3,2733.8,livre,RBA,Carte,LIV6,
CMD18671,CL0422,P057,2023-07-20,2,4469.0,DONE,Agadir,Carte,LIV9,2023-07-23
CMD23898,CL0300,P071,2024-03-20,1,3928.62,livré,Tnja,Carte,LIV9,2024-03-21
CMD33110,CL0272,P056,05/07/2023,4,2887.78,KO,RBA,Carte,LIV1,
CMD20009,CL0600,P020,Feb 04 2024,5,243.32,annulé,Tnja,Carte,LIV10,
CMD41477,CL0952,P094,31/10/2023,3,729.87,livré,marrakech,Carte,LIV2,2023-11-01
CMD27010,CL0193,P003,Jun 15 2023,1,1146.87,retourné,Tnja,Carte,LIV7,2023-06-19
CMD02245,CL0286,P087,2023-04-14,4,3781.28,KO,marrakech,Carte,,
CMD04493,CL0081,P016,30/01/2024,3,4018.03,annulé,Tnja,Carte,LIV4,
CMD10568,CL0753,P078,Apr 25 2024,1,803.83,KO,kech,Carte,LIV5,
CMD45556,CL0087,P042,23/02/2023,1,1425.7,livré,casa,Carte,LIV1,2023-02-24
CMD43280,CL0016,P027,28/09/2023,3,2745.8,en_cours,TNG,Carte,LIV9,
CMD26523,CL0460,P033,Mar 17 2023,4,4212.66,livre,RBA,Carte,LIV6,
CMD39946,CL0822,P066,2023-03-05,1,1625.96,KO,marrakech,Carte,LIV2,
CMD22734,CL0194,P079,21/10/2023,4,611.59,KO,CASABLANCA,Carte,LIV6,
CMD03931,CL0801,P030,Feb 20 2024,5,2818.45,en_cours,Tnja,Carte,LIV1,
CMD10454,CL0033,P026,29/03/2023,4,1851.86,livré,TNG,Carte,LIV5,2023-04-02
CMD13768,CL0357,P002,2023-07-30,5,2821.24,annulé,casa,Carte,LIV6,
CMD13418,CL0647,P051,Feb 03 2023,2,3115.65,livré,kech,Carte,LIV1,2023-02-07
CMD12202,CL0441,P016,2023-11-06,2,4264.45,livré,kech,Carte,LIV2,2023-11-10
CMD14991,CL0998,P037,12/04/2023,2,664.69,OK,TNG,Carte,LIV6,
CMD09953,CL0336,P032,2023-08-23,2,3317.31,livré,Tnja,Carte,LIV2,2023-08-28
CMD41168,CL0936,P028,Nov 27 2023,1,2622.06,en_cours,RBA,Carte,LIV8,
CMD02901,CL0645,P056,Jan 15 2024,2,2169.96,KO,TNG,Carte,LIV7,
CMD07762,CL0176,P042,2024-04-09,3,3236.19,LIVRE,casa,Carte,LIV2,2024-04-11
CMD30348,CL0368,P045,02/01/2023,2,1771.76,livré,TANGER,Carte,LIV3,2023-01-04
CMD19220,CL0473,P010,Jan 02 2023,1,1375.32,livré,CASABLANCA,Carte,LIV6,2023-01-06
CMD22823,CL0327,P092,05/09/2023,5,4547.22,livre,TANGER,Carte,LIV4,
CMD01129,CL0184,P021,2023-08-13,5,2529.33,livre,Tnja,Carte,LIV2,
CMD21342,CL0807,P082,2023-10-05,3,4238.41,annulé,marrakech,Carte,LIV7,
CMD17903,CL0009,P086,2023-10-22,2,3634.74,livre,casa,Carte,LIV5,
CMD08092,CL0621,P074,Jan 06 2023,1,707.87,OK,TNG,Carte,LIV6,
CMD43444,CL0735,P083,2023-11-11,2,2971.17,en_cours,kech,Carte,LIV7,
CMD03142,CL0998,P031,2024-01-25,5,4237.21,livré,Agadir,Carte,LIV3,2024-01-27
CMD10098,CL0727,P046,2024-03-04,5,641.63,en_cours,RBA,Carte,LIV9,
CMD03637,CL0452,P014,23/04/2024,5,1990.58,KO,casa,Carte,LIV10,
CMD01140,CL0377,P005,Aug 05 2023,1,1620.85,annulé,TNG,Carte,LIV9,
CMD26926,CL0045,P056,2023-06-09,2,100.86,en_cours,Tnja,Carte,LIV4,
CMD05630,CL0815,P050,29/01/2023,4,2499.18,livre,TANGER,Carte,LIV3,
CMD28283,CL0166,P083,2023-08-25,4,1581.13,DONE,kech,Carte,LIV5,2023-08-30
CMD26842,CL0710,P014,2023-02-22,3,531.22,livré,casa,Carte,LIV9,2023-02-24
CMD10041,CL0550,P054,Nov 04 2023,1,1801.03,livré,TANGER,Carte,LIV9,2023-11-05
CMD14515,CL0323,P006,Aug 05 2023,4,3980.31,en_cours,Tnja,Carte,LIV7,
CMD05175,CL0096,P040,27/03/2023,1,4654.77,annulé,TNG,Carte,LIV9,
CMD00315,CL0685,P002,2023-12-27,5,2383.4,livre,CASABLANCA,Carte,LIV10,
CMD07086,CL0144,P056,2023-10-25,5,2052.03,annulé,marrakech,Carte,LIV5,
CMD23450,CL0338,P025,18/04/2023,2,497.12,OK,marrakech,Carte,LIV9,
CMD18105,CL0410,P012,Feb 24 2024,2,1542.8,livré,tanger,Carte,LIV1,2024-02-25
CMD03263,CL0193,P069,2024-05-02,3,1880.98,livré,TNG,Carte,LIV3,2024-05-04
CMD00964,CL0609,P033,07/07/2023,1,3280.06,OK,kech,Carte,LIV3,
CMD04631,CL0542,P062,2023-09-10,2,3751.22,livré,TNG,Carte,LIV8,2023-09-14
CMD12584,CL0132,P070,31/10/2023,4,511.4,DONE,kech,Carte,LIV1,2023-11-01
CMD10202,CL0783,P066,Nov 23 2023,1,50.5,LIVRE,TANGER,Carte,LIV5,2023-11-26
CMD09121,CL0674,P052,Aug 07 2023,1,4236.96,livré,RBA,Carte,LIV3,2023-08-10
CMD12837,CL0759,P049,2023-06-27,2,4553.03,annulé,TANGER,Carte,LIV7,
CMD41134,CL0456,P098,May 07 2024,1,3200.7,retourné,RBA,Carte,LIV5,2024-05-08
CMD05353,CL0437,P022,Oct 17 2023,3,1923.33,DONE,Tnja,Carte,LIV10,2023-10-22
CMD40029,CL0946,P031,Feb 23 2023,5,2669.61,KO,tanger,Carte,LIV3,
CMD12008,CL0894,P083,2023-05-15,5,1066.33,OK,CASABLANCA,Carte,LIV1,
CMD16552,CL0232,P037,Jan 20 2024,2,290.61,retourné,TANGER,Carte,LIV2,2024-01-25
CMD46071,CL0909,P033,19/10/2023,1,0,livre,marrakech,Carte,LIV5,
CMD26106,CL0595,P046,13/06/2023,3,3085.76,retourné,Tnja,Carte,LIV1,2023-06-14
CMD13094,CL0875,P023,06/03/2024,4,3283.74,annulé,Agadir,Carte,,
CMD18399,CL0040,P050,21/02/2023,4,4690.28,annulé,Agadir,Carte,LIV7,
CMD13023,CL0754,P016,Dec 06 2023,5,2292.97,livre,CASABLANCA,Carte,LIV8,
CMD36880,CL0877,P039,Dec 30 2023,5,2389.43,livré,casa,Carte,LIV10,2024-01-02
CMD12335,CL0667,P070,2023-10-20,2,975.5,en_cours,marrakech,Carte,LIV7,
CMD13900,CL0139,P016,Nov 02 2023,1,2344.8,livré,TNG,Carte,LIV4,2023-11-07
CMD17785,CL0717,P056,Jun 10 2023,1,2616.07,livré,TANGER,Carte,LIV4,2023-06-11
CMD21545,CL0606,P094,09/02/2024,1,1238.86,livré,Agadir,Carte,LIV8,2024-02-11
CMD41973,CL0616,P071,2023-03-26,2,2841.98,livré,Agadir,Carte,LIV7,2023-03-31
CMD09354,CL0656,P009,Nov 23 2023,2,390.8,livré,Tnja,Carte,LIV1,2023-11-24
CMD17116,CL0992,P052,09/03/2023,5,243.0,KO,kech,Carte,LIV1,
CMD16289,CL0104,P011,23/11/2023,5,2827.51,LIVRE,CASABLANCA,Carte,LIV8,2023-11-24
CMD12058,CL0900,P013,14/03/2023,5,444.25,DONE,TANGER,Carte,LIV10,2023-03-16
CMD34755,CL0709,P063,08/04/2023,4,2258.0,KO,TANGER,Carte,LIV5,
CMD04082,CL0915,P001,17/12/2023,2,1019.49,livre,CASABLANCA,Carte,LIV1,
CMD07114,CL0653,P004,2023-08-08,3,2809.46,LIVRE,CASABLANCA,Carte,,2023-08-12
CMD20277,CL0700,P020,27/03/2024,2,4986.56,livré,tanger,Carte,LIV4,2024-03-30
CMD45202,CL0885,P033,2024-01-19,1,3063.55,en_cours,Agadir,Carte,LIV8,
CMD05178,CL0738,P016,18/02/2023,-1,4091.4,livre,tanger,Carte,LIV1,
CMD25359,CL0064,P049,18/09/2023,1,4738.19,livré,tanger,Carte,LIV6,2023-09-22
CMD02031,CL0825,P006,May 14 2023,2,0,livré,TANGER,Carte,LIV7,2023-05-18
CMD13074,CL0309,P038,2023-12-06,1,4765.03,LIVRE,casa,Carte,LIV8,2023-12-09
CMD33899,CL0433,P008,2023-05-19,4,1633.04,LIVRE,kech,Carte,LIV1,2023-05-21
CMD46298,CL0728,P055,2023-12-31,2,2407.47,livre,CASABLANCA,Carte,LIV5,
CMD07777,CL0584,P045,2023-02-18,1,1706.46,annulé,RBA,Carte,LIV4,
CMD27507,CL0168,P016,03/10/2023,4,1830.99,KO,RBA,Carte,LIV7,
CMD31937,CL0280,P084,Oct 19 2023,2,3510.0,KO,marrakech,Carte,LIV8,
CMD34805,CL0947,P021,May 20 2023,4,288.01,retourné,RBA,Carte,LIV5,2023-05-25
CMD40081,CL0501,P058,2023-05-18,5,4380.03,LIVRE,marrakech,Carte,LIV5,2023-05-19
CMD07410,CL0385,P067,2023-07-23,1,1772.25,livré,marrakech,Carte,LIV1,2023-07-25
CMD22528,CL0172,P003,2024-04-19,3,2471.05,retourné,CASABLANCA,Carte,LIV10,2024-04-21
CMD19040,CL0628,P066,23/03/2023,2,3246.28,livré,casa,Carte,LIV2,2023-03-27
CMD08007,CL0934,P090,28/01/2023,3,4924.58,livré,CASABLANCA,Carte,LIV5,2023-01-29
CMD22371,CL0531,P046,11/02/2023,1,4143.25,livré,kech,Carte,LIV6,2023-02-15
CMD46726,CL0997,P032,2023-03-24,2,4439.57,livré,TANGER,Carte,LIV4,2023-03-25
CMD01659,CL0692,P012,14/07/2023,2,3773.46,LIVRE,Tnja,Carte,,2023-07-15
CMD31752,CL0175,P002,Jun 30 2023,1,4613.86,annulé,casa,Carte,LIV8,
CMD13253,CL0662,P081,Jan 26 2024,1,1120.38,DONE,tanger,Carte,LIV2,2024-01-31
CMD33585,CL0751,P095,Feb 02 2023,1,2315.21,livré,marrakech,Carte,LIV3,2023-02-03
CMD29566,CL0174,P052,Mar 16 2024,3,2200.77,KO,marrakech,Carte,LIV8,
CMD35147,CL0590,P035,07/03/2024,2,3959.99,livré,marrakech,Carte,LIV4,2024-03-09
CMD23829,CL0661,P002,Jan 08 2023,3,1695.1,livre,Agadir,Carte,LIV3,
CMD37167,CL0782,P080,2024-03-01,1,657.12,livré,TNG,Carte,LIV4,2024-03-02
CMD47279,CL0106,P092,19/12/2023,4,3319.55,KO,tanger,Carte,LIV7,
CMD17500,CL0570,P019,Oct 31 2023,4,2000.09,OK,CASABLANCA,Carte,LIV2,
CMD23119,CL0423,P024,2024-03-31,1,268.76,DONE,CASABLANCA,Carte,LIV7,2024-04-01
CMD46857,CL0620,P006,08/07/2023,5,3771.02,livré,TANGER,Carte,LIV10,2023-07-10
CMD17139,CL0130,P046,Jun 22 2023,4,1888.21,KO,marrakech,Carte,LIV3,
CMD08670,CL0664,P069,2024-01-21,2,1237.03,retourné,TNG,Carte,LIV9,2024-01-22
CMD06941,CL0500,P027,22/01/2024,2,3992.3,KO,marrakech,Carte,LIV1,
CMD22821,CL0405,P015,2023-08-29,4,328.12,retourné,Tnja,Carte,LIV6,2023-09-01
CMD48348,CL0520,P023,11/03/2023,2,2138.97,annulé,TNG,Carte,LIV4,
CMD17470,CL0254,P026,15/01/2024,5,3690.37,OK,Tnja,Carte,LIV2,
CMD33241,CL0684,P041,2023-08-09,4,2890.23,annulé,casa,Carte,LIV8,
CMD28353,CL0299,P074,2023-12-06,4,2841.57,en_cours,RBA,Carte,LIV9,
CMD02538,CL0204,P020,Aug 14 2023,5,0,KO,Tnja,Carte,LIV4,
CMD30005,CL0102,P080,2024-01-31,2,3817.71,annulé,TANGER,Carte,LIV1,
CMD44546,CL0152,P039,Nov 27 2023,4,2546.82,OK,tanger,Carte,,
CMD05388,CL0895,P072,06/05/2023,3,2040.45,livré,marrakech,Carte,LIV5,2023-05-11
CMD43104,CL0899,P018,22/01/2023,2,2205.25,livré,RBA,Carte,LIV4,2023-01-27
CMD33056,CL0765,P009,Apr 06 2023,4,3310.58,KO,tanger,Carte,LIV7,
CMD09697,CL0375,P058,17/07/2023,2,4982.25,en_cours,TANGER,Carte,LIV7,
CMD45090,CL0164,P063,Jan 12 2023,5,236.07,livré,Tnja,Carte,LIV10,2023-01-16
CMD45693,CL0045,P094,22/07/2023,1,3758.57,livré,TANGER,Carte,LIV5,2023-07-26
CMD23193,CL0504,P011,Apr 27 2024,5,2485.59,livré,marrakech,Carte,,2024-05-01
CMD15771,CL0563,P071,2023-06-27,5,2720.31,livré,kech,Carte,LIV3,2023-06-30
CMD25620,CL0282,P096,Aug 20 2023,1,2964.81,retourné,RBA,Carte,LIV7,2023-08-23
CMD29465,CL0323,P004,29/01/2024,1,4783.27,KO,casa,Carte,LIV3,
CMD04561,CL0015,P092,20/04/2023,3,4661.35,DONE,TNG,Carte,LIV7,2023-04-25
CMD48303,CL0590,P051,2023-04-07,4,483.58,livré,casa,Carte,LIV10,2023-04-12
CMD32880,CL0260,P087,31/08/2023,2,4230.09,en_cours,Tnja,Carte,LIV5,
CMD30540,CL0432,P023,18/06/2023,5,2394.1,OK,RBA,Carte,LIV10,
CMD41127,CL0001,P065,2023-04-04,4,2184.53,retourné,RBA,Carte,LIV5,2023-04-07
CMD48035,CL0879,P099,21/04/2023,4,1217.83,en_cours,casa,Carte,LIV10,
CMD46122,CL0452,P077,Jul 28 2023,3,2350.81,DONE,Tnja,Carte,LIV2,2023-07-30
CMD31999,CL0964,P087,Feb 24 2023,1,3233.1,livré,CASABLANCA,Carte,LIV7,2023-02-26
CMD44235,CL0317,P029,2023-02-03,4,3466.62,livré,TNG,Carte,LIV5,2023-02-06
CMD08454,CL0450,P074,Mar 24 2024,4,4453.28,en_cours,CASABLANCA,Carte,LIV6,
CMD16119,CL0455,P064,Aug 23 2023,5,3933.19,LIVRE,Agadir,Carte,LIV7,2023-08-25
CMD19349,CL0361,P032,Aug 23 2023,1,147.26,livré,CASABLANCA,Carte,LIV8,2023-08-26
CMD33207,CL0859,P015,03/12/2023,3,133.4,KO,Tnja,Carte,LIV5,
CMD06987,CL0985,P087,27/02/2024,5,4164.89,livré,TNG,Carte,LIV1,2024-02-29
CMD35714,CL0294,P030,Nov 30 2023,5,4873.32,KO,Agadir,Carte,LIV4,
CMD32082,CL0405,P065,13/04/2023,3,4828.59,en_cours,TNG,Carte,LIV1,
CMD08150,CL0534,P031,2023-11-15,5,547.6,annulé,tanger,Carte,LIV6,
CMD21020,CL0132,P090,Apr 01 2024,3,4451.37,retourné,TNG,Carte,,2024-04-03
CMD22520,CL0732,P058,2023-05-14,5,2501.16,livre,kech,Carte,LIV9,
CMD25142,CL0438,P018,Aug 24 2023,4,4405.4,LIVRE,kech,Carte,LIV1,2023-08-29
CMD46867,CL0413,P005,02/06/2023,4,682.2,livré,Agadir,Carte,LIV5,2023-06-07
CMD44634,CL0229,P024,06/04/2023,2,3074.65,OK,tanger,Carte,,
CMD37305,CL0624,P055,Dec 09 2023,1,3635.93,LIVRE,TANGER,Carte,LIV1,2023-12-11
CMD22132,CL0746,P078,Sep 03 2023,1,4747.7,en_cours,marrakech,Carte,LIV9,
CMD01240,CL0514,P015,Jul 06 2023,2,4089.89,livré,tanger,Carte,LIV7,2023-07-07
CMD36651,CL0829,P027,15/05/2023,2,2846.17,KO,CASABLANCA,Carte,LIV4,
CMD22985,CL0217,P072,30/09/2023,3,3458.12,retourné,casa,Carte,LIV8,2023-10-03
CMD14760,CL0873,P017,Oct 02 2023,5,225.1,livré,marrakech,Carte,LIV1,2023-10-07
CMD47669,CL0540,P033,2023-12-09,4,2690.19,KO,casa,Carte,LIV5,
CMD40218,CL0485,P094,2024-01-10,5,4854.02,en_cours,tanger,Carte,LIV1,
CMD34109,CL0214,P085,08/11/2023,5,2837.16,LIVRE,kech,Carte,LIV2,2023-11-13
CMD31784,CL0025,P048,Jan 10 2023,4,2719.87,retourné,Agadir,Carte,LIV9,2023-01-11
CMD23475,CL0558,P048,2023-11-18,3,3557.54,en_cours,CASABLANCA,Carte,LIV4,
CMD30169,CL0955,P018,2023-11-10,2,2178.54,retourné,marrakech,Carte,LIV6,2023-11-14
CMD01624,CL0324,P049,Nov 12 2023,1,4620.58,livre,kech,Carte,LIV2,
CMD19119,CL0232,P062,Nov 02 2023,3,214.41,retourné,Tnja,Carte,LIV10,2023-11-03
CMD28645,CL0395,P064,06/11/2023,1,1259.59,LIVRE,Agadir,Carte,LIV1,2023-11-08
CMD02300,CL0115,P049,2023-12-02,3,276.04,livré,Tnja,Carte,LIV10,2023-12-06
CMD01012,CL0727,P040,2024-01-02,5,3250.65,retourné,TNG,Carte,LIV5,2024-01-03
CMD21703,CL0487,P057,2023-01-12,5,4545.54,retourné,CASABLANCA,Carte,LIV7,2023-01-13
CMD35045,CL0219,P043,2024-02-06,1,199.38,LIVRE,Tnja,Carte,LIV6,2024-02-08
CMD26274,CL0780,P078,Jul 29 2023,2,331.8,livre,CASABLANCA,Carte,,
CMD40691,CL0406,P096,14/03/2023,3,2764.29,retourné,TANGER,Carte,LIV6,2023-03-18
CMD06163,CL0984,P068,20/09/2023,3,213.15,livré,marrakech,Carte,LIV4,2023-09-25
CMD38537,CL0010,P027,2023-07-12,2,3957.9,livré,Tnja,Carte,LIV7,2023-07-15
CMD08439,CL0893,P060,08/08/2023,3,4966.52,LIVRE,TANGER,Carte,LIV2,2023-08-10
CMD29358,CL0159,P100,Feb 05 2023,2,2303.76,livré,Tnja,Carte,LIV2,2023-02-08
CMD27574,CL0720,P056,Dec 04 2023,4,1575.91,OK,TANGER,Carte,LIV7,
CMD21422,CL0405,P080,May 20 2023,4,4132.38,KO,Agadir,Carte,LIV10,
CMD24472,CL0045,P092,2023-05-04,3,2972.02,en_cours,Tnja,Carte,LIV2,
CMD47843,CL0768,P010,2024-04-30,2,4555.54,KO,marrakech,Carte,LIV4,
CMD00164,CL0086,P079,25/12/2023,2,3862.65,OK,TANGER,Carte,LIV2,
CMD36568,CL0707,P082,2023-05-28,1,3840.49,livré,Tnja,Carte,LIV8,2023-05-31
CMD07715,CL0924,P049,2023-03-09,2,0,livré,TNG,Carte,LIV7,2023-03-11
CMD07337,CL0468,P063,2023-04-21,-1,4558.16,en_cours,TNG,Carte,LIV9,
CMD11013,CL0752,P082,Nov 23 2023,2,1957.42,livré,RBA,Carte,LIV1,2023-11-27
CMD48183,CL0010,P072,11/06/2023,4,169.31,DONE,TANGER,Carte,LIV4,2023-06-14
CMD30637,CL0443,P031,2023-01-04,3,1735.19,livré,RBA,Carte,LIV4,2023-01-08
CMD25396,CL0427,P022,09/04/2024,4,0,DONE,Agadir,Carte,LIV10,2024-04-10
CMD43695,CL0335,P084,2023-10-19,1,1619.65,en_cours,marrakech,Carte,LIV10,
CMD25925,CL0621,P030,Dec 03 2023,5,1835.06,OK,TNG,Carte,LIV1,
CMD24973,CL0988,P028,Feb 22 2024,5,2938.49,annulé,casa,Carte,LIV3,
CMD18429,CL0397,P043,Mar 01 2023,4,4584.88,KO,CASABLANCA,Carte,LIV7,
CMD05838,CL0434,P029,2023-11-29,5,457.47,livré,Agadir,Carte,LIV2,2023-12-02
CMD46059,CL0339,P070,13/01/2023,1,4699.11,livré,Tnja,Carte,,2023-01-16
CMD27908,CL0420,P085,2024-01-09,1,3320.84,DONE,RBA,Carte,LIV1,2024-01-13
CMD14391,CL0220,P080,Jul 09 2023,1,369.83,KO,Agadir,Carte,LIV9,
CMD38786,CL0873,P063,Sep 09 2023,3,4973.44,retourné,tanger,Carte,LIV6,2023-09-10
CMD20973,CL0471,P064,05/03/2023,1,3678.55,en_cours,marrakech,Carte,,
CMD30215,CL0940,P061,May 05 2024,4,2405.81,livré,RBA,Carte,LIV7,2024-05-07
CMD30461,CL0659,P028,2024-04-25,3,2452.89,livré,marrakech,Carte,LIV2,2024-04-27
CMD10354,CL0316,P013,2023-06-07,5,4014.19,livré,TNG,Carte,LIV7,2023-06-09
CMD31517,CL0779,P060,May 07 2023,3,4896.84,annulé,RBA,Carte,,
CMD28106,CL0835,P090,2024-01-10,2,321.01,DONE,CASABLANCA,Carte,LIV3,2024-01-11
CMD44409,CL0579,P016,31/03/2024,4,1412.0,LIVRE,TNG,Carte,LIV1,2024-04-04
CMD27468,CL0921,P069,2023-05-28,4,4967.42,livré,CASABLANCA,Carte,LIV5,2023-06-02
CMD00247,CL0909,P042,Mar 31 2023,4,4940.25,livre,Agadir,Carte,LIV7,
CMD10256,CL0813,P091,2023-12-12,5,3652.27,livré,casa,Carte,LIV5,2023-12-17
CMD36740,CL0902,P075,Dec 29 2023,5,4716.67,KO,TANGER,Carte,LIV3,
CMD37231,CL0273,P036,Mar 19 2023,1,2448.91,retourné,TANGER,Carte,LIV6,2023-03-24
CMD11837,CL0994,P072,2023-02-20,4,1580.47,en_cours,tanger,Carte,LIV7,
CMD25021,CL0416,P059,14/07/2023,1,3000.35,DONE,tanger,Carte,LIV7,2023-07-16
CMD14451,CL0226,P063,Feb 10 2024,2,449.99,KO,tanger,Carte,,
CMD26777,CL0627,P003,08/05/2023,1,1205.6,livré,marrakech,Carte,LIV4,2023-05-09
CMD30555,CL0969,P013,2023-07-29,1,3171.75,DONE,CASABLANCA,Carte,LIV5,2023-08-03
CMD10868,CL0651,P061,19/04/2024,3,607.83,annulé,Agadir,Carte,LIV4,
CMD00442,CL0583,P048,Mar 28 2023,5,4539.35,OK,marrakech,Carte,LIV9,
CMD45071,CL0627,P060,Dec 26 2023,3,761.68,OK,TANGER,Carte,LIV4,
CMD04383,CL0901,P094,Jul 28 2023,1,3253.29,livre,Tnja,Carte,LIV6,
CMD25856,CL0984,P042,2023-10-07,4,1105.12,OK,RBA,Carte,LIV5,
CMD20505,CL0402,P005,01/12/2023,5,4843.82,livré,CASABLANCA,Carte,LIV4,2023-12-05
CMD33200,CL0748,P084,2023-01-01,2,825.72,livre,TANGER,Carte,LIV6,
CMD10394,CL0059,P090,14/08/2023,4,2048.69,livré,casa,Carte,LIV3,2023-08-15
CMD11981,CL0811,P072,2023-01-10,4,2123.27,livre,Tnja,Carte,LIV10,
CMD18634,CL0732,P037,30/04/2023,5,2670.5,KO,tanger,Carte,LIV5,
CMD02640,CL0306,P070,16/12/2023,3,3504.27,KO,Agadir,Carte,LIV2,
CMD08612,CL0529,P024,28/03/2024,5,2539.72,livré,TANGER,Carte,LIV5,2024-03-30
CMD41533,CL0122,P091,20/03/2024,2,2162.01,LIVRE,marrakech,Carte,,2024-03-24
CMD34252,CL0044,P074,May 31 2023,2,2271.72,LIVRE,tanger,Carte,,2023-06-02
CMD28607,CL0576,P029,30/09/2023,3,1025.97,livré,CASABLANCA,Carte,LIV8,2023-10-02
CMD38528,CL0796,P037,Dec 06 2023,4,4993.75,annulé,marrakech,Carte,LIV6,
CMD12625,CL0050,P063,2023-09-30,5,3083.83,livré,kech,Carte,LIV7,2023-10-02
CMD04956,CL0528,P050,2024-01-31,4,3118.61,livré,tanger,Carte,LIV4,2024-02-04
CMD46627,CL0133,P001,24/10/2023,5,3823.19,livré,marrakech,Carte,LIV9,2023-10-25
CMD05091,CL0621,P096,Aug 15 2023,1,2601.63,KO,tanger,Carte,LIV6,
CMD03727,CL0350,P083,20/07/2023,5,1392.1,livre,CASABLANCA,Carte,LIV6,
CMD15567,CL0672,P071,2023-02-12,2,624.1,livre,kech,Carte,LIV7,
CMD30656,CL0026,P026,2023-12-13,5,640.73,OK,CASABLANCA,Carte,LIV2,
CMD21450,CL0886,P059,Feb 11 2023,1,4403.58,annulé,CASABLANCA,Carte,LIV9,
CMD03618,CL0224,P076,07/03/2023,2,4393.57,annulé,kech,Carte,LIV7,
CMD32156,CL0962,P008,2024-04-24,1,4009.62,en_cours,kech,Carte,LIV10,
CMD00814,CL0506,P080,17/08/2023,4,1493.2,KO,Agadir,Carte,LIV1,
CMD46306,CL0597,P031,07/01/2024,5,4744.63,livré,CASABLANCA,Carte,LIV9,2024-01-08
CMD23335,CL0341,P063,Jan 30 2024,1,1479.31,livré,CASABLANCA,Carte,LIV4,2024-02-02
CMD02330,CL0191,P019,24/10/2023,3,1294.83,en_cours,marrakech,Carte,LIV9,
CMD24540,CL0211,P038,23/03/2023,4,1670.26,retourné,TNG,Carte,LIV10,2023-03-26
CMD47475,CL0149,P021,2023-02-15,3,2990.82,OK,Tnja,Carte,LIV10,
CMD36458,CL0953,P096,Dec 20 2023,1,3964.8,livré,marrakech,Carte,LIV3,2023-12-24
CMD10823,CL0074,P090,Jun 30 2023,3,4624.66,livré,CASABLANCA,Carte,LIV9,2023-07-04
CMD12887,CL0180,P085,Feb 24 2024,1,1945.62,KO,marrakech,Carte,LIV8,
CMD25084,CL0593,P036,22/08/2023,4,2358.21,annulé,TNG,Carte,,
CMD01090,CL0106,P013,18/06/2023,5,980.78,LIVRE,Agadir,Carte,LIV10,2023-06-21
CMD28761,CL0116,P032,13/05/2024,3,1444.27,livre,TNG,Carte,LIV3,
CMD17884,CL0506,P014,2024-04-25,5,1930.23,livré,casa,Carte,LIV5,2024-04-27
CMD15818,CL0136,P031,2023-01-05,4,1858.47,livre,CASABLANCA,Carte,LIV8,
CMD20676,CL0885,P002,11/02/2024,5,847.85,livré,kech,Carte,LIV9,2024-02-14
CMD00080,CL0869,P030,2023-06-07,3,2983.13,livré,kech,Carte,LIV3,2023-06-08
CMD21767,CL0099,P033,Jan 01 2024,1,3898.75,KO,TNG,Carte,LIV6,
CMD31843,CL0232,P088,Mar 08 2023,2,1591.81,livré,casa,Carte,LIV7,2023-03-10
CMD17809,CL0546,P100,2023-07-30,3,2744.18,LIVRE,TNG,Carte,LIV7,2023-08-01
CMD22915,CL0324,P080,Apr 17 2023,5,2394.07,livré,Tnja,Carte,,2023-04-22
CMD24282,CL0366,P022,26/08/2023,1,4726.38,en_cours,casa,Carte,LIV2,
CMD15620,CL0665,P090,Jan 11 2023,3,2600.24,livré,TNG,Carte,LIV9,2023-01-14
CMD42185,CL0232,P015,2023-09-18,3,1241.16,DONE,CASABLANCA,Carte,LIV7,2023-09-23
CMD34251,CL0646,P061,Jun 08 2023,3,1335.92,DONE,marrakech,Carte,LIV4,2023-06-13
CMD31271,CL0656,P073,Apr 29 2024,5,2076.3,DONE,TANGER,Carte,LIV3,2024-05-01
CMD44248,CL0789,P033,2023-05-22,3,181.82,annulé,tanger,Carte,LIV4,
CMD29215,CL0991,P016,02/06/2023,1,442.7,retourné,Tnja,Carte,LIV8,2023-06-06
CMD24159,CL0339,P014,01/03/2024,4,1603.72,DONE,CASABLANCA,Carte,LIV2,2024-03-06
CMD16865,CL0558,P076,2024-04-04,2,2884.32,livré,kech,Carte,LIV9,2024-04-07
CMD00738,CL0473,P069,23/03/2023,5,2830.82,en_cours,TNG,Carte,LIV9,
CMD11610,CL0336,P053,Dec 15 2023,1,165.16,KO,TANGER,Carte,LIV9,
CMD35538,CL0298,P006,2024-04-07,5,3809.75,retourné,TNG,Carte,LIV5,2024-04-12
CMD25055,CL0982,P015,Feb 23 2023,4,0,en_cours,RBA,Carte,LIV3,
CMD01545,CL0040,P081,25/12/2023,2,2189.41,livre,TANGER,Carte,LIV5,
CMD34145,CL0142,P050,Feb 19 2024,3,3333.75,OK,tanger,Carte,LIV1,
CMD11567,CL0619,P074,Apr 28 2023,5,4045.76,KO,casa,Carte,LIV2,
CMD47529,CL0306,P017,2023-12-29,2,3481.05,en_cours,TNG,Carte,LIV9,
CMD17737,CL0770,P080,Dec 05 2023,5,3179.56,annulé,Tnja,Carte,LIV9,
CMD11969,CL0456,P075,May 12 2023,1,1662.96,LIVRE,CASABLANCA,Carte,LIV2,2023-05-16
CMD04110,CL0860,P011,16/09/2023,1,2776.5,livré,TNG,Carte,LIV2,2023-09-20
CMD33482,CL0175,P046,2024-04-07,3,330.17,livré,TNG,Carte,LIV9,2024-04-09
CMD20274,CL0092,P095,Mar 26 2024,5,4199.68,LIVRE,TNG,Carte,LIV8,2024-03-31
CMD20822,CL0517,P037,Apr 05 2023,5,1523.95,retourné,CASABLANCA,Carte,LIV5,2023-04-07
CMD16161,CL0755,P061,2023-06-28,3,3069.21,annulé,TNG,Carte,,
CMD26592,CL0312,P001,26/04/2023,2,210.69,livré,TNG,Carte,LIV7,2023-04-30
CMD06774,CL0124,P093,25/10/2023,1,1216.0,annulé,TNG,Carte,LIV6,
CMD13881,CL0147,P073,Feb 24 2024,4,4404.95,DONE,casa,Carte,LIV7,2024-02-28
CMD34949,CL0250,P004,2024-02-23,5,2381.12,annulé,CASABLANCA,Carte,LIV7,
CMD39664,CL0832,P084,2024-02-26,2,1072.63,LIVRE,RBA,Carte,LIV6,2024-03-01
CMD26480,CL0428,P060,May 18 2023,1,2595.63,KO,TNG,Carte,LIV3,
CMD06649,CL0138,P061,2024-03-27,4,4039.31,livré,Agadir,Carte,LIV5,2024-03-29
CMD15773,CL0409,P009,01/12/2023,1,170.18,DONE,TNG,Carte,LIV8,2023-12-03
CMD13324,CL0810,P048,2023-12-19,1,580.93,KO,Tnja,Carte,LIV6,
CMD21618,CL0012,P024,2024-05-02,4,4314.63,livré,marrakech,Carte,LIV8,2024-05-06
CMD45767,CL0991,P068,22/02/2024,4,986.85,DONE,CASABLANCA,Carte,LIV7,2024-02-23
CMD00703,CL0542,P080,2024-03-24,1,2228.55,en_cours,marrakech,Carte,LIV7,
CMD32807,CL0653,P001,Aug 24 2023,4,2856.12,livré,kech,Carte,LIV1,2023-08-29
CMD30701,CL0395,P014,Apr 14 2024,5,3820.01,livré,RBA,Carte,LIV1,2024-04-15
CMD33853,CL0888,P061,Sep 27 2023,3,982.39,livré,Tnja,Carte,LIV1,2023-09-30
CMD19134,CL0540,P039,Jan 13 2024,4,2962.76,livre,kech,Carte,LIV7,
CMD04508,CL0750,P100,20/03/2023,5,2368.59,livre,TANGER,Carte,LIV2,
CMD06171,CL0064,P092,19/04/2024,1,2159.58,en_cours,TNG,Carte,LIV3,
CMD00387,CL0285,P055,2023-03-05,4,1962.17,livre,RBA,Carte,LIV5,
CMD05066,CL0492,P022,2023-07-08,3,549.83,retourné,Agadir,Carte,LIV2,2023-07-13
CMD10020,CL0986,P013,Jan 31 2023,1,4298.37,LIVRE,tanger,Carte,LIV9,2023-02-04
CMD01763,CL0971,P090,18/01/2023,2,4355.7,livré,marrakech,Carte,,2023-01-19
CMD37604,CL0666,P043,Jan 25 2024,1,4989.01,livre,TANGER,Carte,LIV1,
CMD17566,CL0647,P002,2023-07-11,2,3356.53,livré,Tnja,Carte,LIV8,2023-07-12
CMD04117,CL0958,P025,18/09/2023,4,4375.01,KO,CASABLANCA,Carte,LIV2,
CMD33613,CL0960,P074,Apr 19 2023,5,368.9,en_cours,casa,Carte,LIV9,
CMD21677,CL0492,P058,2023-05-27,2,755.55,KO,kech,Carte,LIV10,
CMD40311,CL0826,P015,02/03/2023,5,2993.75,LIVRE,casa,Carte,LIV1,2023-03-07
CMD00583,CL0250,P043,Jul 19 2023,3,3249.68,KO,Agadir,Carte,LIV8,
CMD40827,CL0324,P027,Aug 12 2023,4,4797.16,KO,casa,Carte,LIV10,
CMD14435,CL0005,P100,May 07 2023,3,4351.93,retourné,Agadir,Carte,LIV1,2023-05-09
CMD25540,CL0052,P077,2023-01-11,2,56.14,DONE,Tnja,Carte,LIV1,2023-01-15
CMD06696,CL0547,P005,Apr 08 2024,3,2203.75,en_cours,Tnja,Carte,LIV7,
CMD31029,CL0930,P092,21/08/2023,3,714.72,KO,RBA,Carte,LIV3,
CMD18760,CL0139,P078,2024-05-11,3,1958.74,KO,casa,Carte,LIV1,
CMD15887,CL0727,P075,Jan 14 2024,3,3057.09,retourné,RBA,Carte,LIV5,2024-01-19
CMD30542,CL0244,P001,15/04/2023,1,3176.17,KO,tanger,Carte,LIV7,
CMD30158,CL0908,P058,2023-05-27,1,3205.39,KO,Tnja,Carte,LIV7,
CMD09392,CL0381,P097,Sep 29 2023,3,684.97,LIVRE,CASABLANCA,Carte,LIV4,2023-10-03
CMD24959,CL0134,P042,Apr 01 2023,5,1682.08,KO,Tnja,Carte,LIV8,
CMD24302,CL0387,P066,2024-04-07,3,4428.91,KO,Tnja,Carte,,
CMD22627,CL0082,P061,01/02/2024,4,164.03,KO,TANGER,Carte,LIV3,
CMD09194,CL0720,P019,17/02/2023,4,4838.15,en_cours,marrakech,Carte,LIV8,
CMD32100,CL0614,P057,02/05/2024,5,2037.22,retourné,Agadir,Carte,LIV1,2024-05-06
CMD03678,CL0278,P009,Jul 17 2023,5,2930.71,livre,TNG,Carte,LIV10,
CMD40005,CL0789,P071,2023-03-10,3,4525.07,livré,kech,Carte,LIV7,2023-03-11
CMD40370,CL0968,P098,2023-08-02,3,2069.2,en_cours,RBA,Carte,LIV3,
CMD33420,CL0665,P054,2023-06-29,5,4913.52,LIVRE,Agadir,Carte,LIV5,2023-07-04
CMD18505,CL0499,P098,Apr 25 2024,5,4310.39,OK,CASABLANCA,Carte,LIV6,
CMD31027,CL0615,P078,2023-11-21,3,1025.14,livre,TANGER,Carte,,
CMD25847,CL0146,P002,Dec 26 2023,3,3176.47,DONE,TNG,Carte,LIV1,2023-12-28
CMD37948,CL0846,P071,May 07 2023,2,1752.75,LIVRE,TNG,Carte,LIV9,2023-05-11
CMD01077,CL0107,P057,Apr 04 2023,1,2590.45,livré,CASABLANCA,Carte,LIV1,2023-04-05
CMD23273,CL0503,P012,2024-03-23,2,1716.09,OK,Agadir,Carte,LIV10,
CMD46538,CL0966,P055,2023-11-28,5,2158.74,retourné,kech,Carte,LIV9,2023-11-29
CMD10140,CL0180,P034,2023-04-28,4,2602.85,annulé,kech,Carte,LIV9,
CMD32913,CL0216,P019,2023-02-10,5,1889.19,livré,CASABLANCA,Carte,LIV10,2023-02-14
CMD28721,CL0952,P042,Oct 02 2023,4,1890.53,DONE,tanger,Carte,LIV8,2023-10-07
CMD14580,CL0896,P036,2023-06-10,4,788.49,livre,TANGER,Carte,,
CMD11288,CL0932,P078,Jul 05 2023,5,979.39,DONE,marrakech,Carte,LIV9,2023-07-07
CMD03845,CL0099,P018,Mar 30 2023,5,4748.76,retourné,CASABLANCA,Carte,LIV4,2023-04-03
CMD21464,CL0308,P013,21/09/2023,1,4263.59,livré,Tnja,Carte,LIV6,2023-09-26
CMD11662,CL0851,P068,2023-02-19,5,4756.37,en_cours,Tnja,Carte,LIV4,
CMD03287,CL0765,P012,Mar 20 2024,2,4305.47,livré,TNG,Carte,LIV9,2024-03-24
CMD18647,CL0456,P086,Feb 10 2023,5,3826.37,en_cours,Agadir,Carte,LIV3,
CMD04377,CL0811,P097,Jan 18 2023,3,972.73,OK,tanger,Carte,LIV5,
CMD16051,CL0281,P068,May 05 2024,2,0,livre,TNG,Carte,LIV3,
CMD34916,CL0802,P098,Jul 10 2023,4,1085.43,livre,TNG,Carte,LIV8,
CMD21913,CL0379,P025,11/12/2023,4,2387.08,OK,kech,Carte,LIV8,
CMD09928,CL0475,P099,Aug 30 2023,5,1758.45,livré,CASABLANCA,Carte,LIV4,2023-09-01
CMD04504,CL0496,P076,2024-03-12,1,2772.61,KO,CASABLANCA,Carte,,
CMD27308,CL0289,P096,10/04/2023,1,450.9,LIVRE,marrakech,Carte,LIV3,2023-04-13
CMD39125,CL0453,P073,15/05/2024,5,4249.52,livré,CASABLANCA,Carte,LIV1,2024-05-20
CMD38637,CL0019,P061,2023-04-06,5,960.77,LIVRE,marrakech,Carte,LIV10,2023-04-09
CMD40407,CL0805,P036,06/01/2024,2,470.66,livré,Agadir,Carte,LIV3,2024-01-08
CMD28822,CL0302,P055,28/03/2024,3,4889.13,livre,CASABLANCA,Carte,,
CMD29806,CL0736,P090,Jun 20 2023,3,4408.67,KO,kech,Carte,,
CMD13117,CL0080,P046,17/04/2023,3,2199.94,LIVRE,TANGER,Carte,LIV2,2023-04-21
CMD02917,CL0560,P072,Oct 11 2023,2,1867.04,livré,marrakech,Carte,LIV9,2023-10-12
CMD19831,CL0317,P019,Apr 29 2024,1,3019.76,LIVRE,casa,Carte,LIV5,2024-05-03
CMD21119,CL0678,P014,2023-12-24,1,1207.02,DONE,TANGER,Carte,LIV1,2023-12-29
CMD34870,CL0120,P029,19/04/2023,2,1224.71,KO,tanger,Carte,,
CMD02678,CL0292,P032,09/05/2023,1,2579.27,livre,TANGER,Carte,,
CMD06976,CL0752,P089,Jun 18 2023,4,4358.97,OK,TNG,Carte,LIV9,
CMD38953,CL0604,P070,25/02/2024,5,4180.85,DONE,RBA,Carte,LIV2,2024-02-26
CMD47828,CL0706,P032,15/11/2023,3,1368.07,LIVRE,casa,Carte,LIV4,2023-11-16
CMD29549,CL0482,P085,Sep 28 2023,1,4153.95,retourné,CASABLANCA,Carte,LIV8,2023-10-02
CMD48008,CL0705,P045,17/04/2024,5,3559.32,annulé,Agadir,Carte,LIV7,
CMD25947,CL0999,P072,07/07/2023,4,4861.97,en_cours,TANGER,Carte,LIV6,
CMD02407,CL0753,P073,Dec 27 2023,-1,4260.5,LIVRE,marrakech,Carte,LIV3,2023-12-30
CMD14956,CL0579,P079,29/05/2023,5,4341.06,DONE,Agadir,Carte,LIV6,2023-06-01
CMD00228,CL0618,P054,May 26 2023,5,1504.32,OK,tanger,Carte,LIV3,
CMD36847,CL0955,P057,2023-01-20,1,1749.4,OK,kech,Carte,LIV9,
CMD48195,CL0746,P039,14/11/2023,5,1594.87,livré,Agadir,Carte,LIV8,2023-11-18
CMD33492,CL0507,P054,2023-01-20,3,4846.79,LIVRE,CASABLANCA,Carte,LIV7,2023-01-22
CMD04406,CL0631,P060,10/03/2023,1,4319.43,KO,kech,Carte,LIV6,
CMD39326,CL0794,P036,30/07/2023,1,2990.19,livre,Tnja,Carte,LIV2,
CMD46907,CL0656,P035,24/09/2023,4,4524.86,livre,casa,Carte,LIV10,
CMD13646,CL0380,P057,22/03/2024,2,4003.0,livré,CASABLANCA,Carte,LIV3,2024-03-23
CMD41702,CL0071,P079,2024-05-01,4,521.52,OK,tanger,Carte,LIV2,
CMD11759,CL0198,P096,Apr 02 2024,1,4489.2,livre,Agadir,Carte,LIV8,
CMD04118,CL0409,P063,2023-10-16,3,862.86,annulé,RBA,Carte,LIV1,
CMD21890,CL0402,P044,21/10/2023,5,1046.02,KO,Agadir,Carte,LIV4,
CMD10720,CL0886,P065,18/10/2023,2,1364.28,OK,tanger,Carte,LIV6,
CMD14885,CL0743,P038,05/03/2024,2,3291.7,LIVRE,marrakech,Carte,LIV7,2024-03-06
CMD30393,CL0951,P027,Dec 01 2023,4,0,retourné,marrakech,Carte,LIV4,2023-12-02
CMD39854,CL0623,P027,11/06/2023,5,234.55,LIVRE,TANGER,Carte,LIV3,2023-06-15
CMD32150,CL0741,P100,2024-04-07,5,2838.36,en_cours,TNG,Carte,LIV8,
CMD21883,CL0448,P056,2024-02-12,2,1971.34,DONE,Tnja,Carte,LIV1,2024-02-17
CMD28514,CL0222,P023,03/04/2023,2,2070.63,livre,TANGER,Carte,LIV9,
CMD29820,CL0766,P035,18/03/2024,2,4130.42,DONE,tanger,Carte,LIV5,2024-03-21
CMD07534,CL0981,P059,Jan 10 2024,5,4526.69,livré,Agadir,Carte,LIV2,2024-01-15
CMD40145,CL0582,P073,Feb 05 2023,2,1849.09,retourné,casa,Carte,LIV9,2023-02-08
CMD32352,CL0915,P059,Jan 23 2024,1,609.88,KO,TNG,Carte,LIV10,
CMD05370,CL0002,P002,Jun 03 2023,1,2724.9,livre,casa,Carte,LIV5,
CMD34643,CL0456,P080,2024-03-22,1,1099.34,LIVRE,tanger,Carte,,2024-03-25
CMD13341,CL0587,P085,2023-08-19,4,2004.2,livre,marrakech,Carte,LIV2,
CMD22852,CL0486,P041,31/03/2023,4,3435.19,livré,tanger,Carte,LIV10,2023-04-01
CMD23511,CL0615,P056,2024-01-25,2,0,livré,CASABLANCA,Carte,LIV6,2024-01-28
CMD05203,CL0224,P014,2024-04-03,3,2309.31,livré,RBA,Carte,LIV9,2024-04-06
CMD17101,CL0005,P090,08/05/2023,2,726.64,KO,TANGER,Carte,LIV5,
CMD08371,CL0353,P004,May 15 2023,4,2531.81,en_cours,kech,Carte,LIV6,
CMD41712,CL0218,P019,2023-07-27,1,457.0,livre,tanger,Carte,LIV7,
CMD20988,CL0257,P030,Feb 07 2024,4,2988.73,LIVRE,RBA,Carte,LIV10,2024-02-11
CMD45128,CL0370,P080,12/01/2023,5,2054.52,OK,casa,Carte,LIV9,
CMD26812,CL0582,P086,Apr 07 2024,5,3336.27,livré,CASABLANCA,Carte,LIV4,2024-04-11
CMD39893,CL0492,P070,14/06/2023,5,3219.06,annulé,RBA,Carte,LIV10,
CMD11634,CL0307,P047,2023-12-15,4,4094.09,en_cours,marrakech,Carte,LIV5,
CMD02598,CL0091,P009,2024-01-12,5,4472.39,DONE,Tnja,Carte,LIV7,2024-01-16
CMD09370,CL0535,P029,2023-04-27,4,124.72,KO,RBA,Carte,LIV2,
CMD04882,CL0522,P059,06/09/2023,4,2290.78,retourné,CASABLANCA,Carte,LIV3,2023-09-10
CMD26669,CL0263,P095,2024-03-30,5,1653.72,KO,tanger,Carte,LIV8,
CMD21722,CL0909,P061,Jan 02 2023,5,433.67,livré,kech,Carte,,2023-01-05
CMD34518,CL0664,P073,Apr 02 2024,5,752.94,OK,casa,Carte,LIV5,
CMD35631,CL0725,P088,27/10/2023,5,4894.33,LIVRE,CASABLANCA,Carte,LIV6,2023-10-29
CMD09956,CL0718,P083,05/05/2023,4,1179.76,LIVRE,TANGER,Carte,LIV2,2023-05-07
CMD35760,CL0084,P063,2024-02-27,2,1234.04,livré,kech,Carte,LIV8,2024-03-01
CMD48273,CL0566,P003,Dec 26 2023,2,396.55,annulé,CASABLANCA,Carte,LIV3,
CMD13336,CL0414,P031,04/12/2023,3,1946.87,annulé,casa,Carte,LIV6,
CMD44380,CL0497,P019,Apr 28 2024,4,3267.0,en_cours,TNG,Carte,LIV3,
CMD20927,CL0178,P040,03/10/2023,1,2590.17,retourné,Tnja,Carte,LIV3,2023-10-04
CMD26074,CL0083,P068,2023-11-01,4,3705.06,LIVRE,Agadir,Carte,LIV3,2023-11-03
CMD47101,CL0518,P026,03/05/2023,2,4473.42,DONE,marrakech,Carte,LIV9,2023-05-08
CMD28647,CL0379,P013,2023-06-30,2,2549.65,livre,TANGER,Carte,LIV6,
CMD35161,CL0649,P014,May 14 2023,5,4598.7,livré,casa,Carte,LIV9,2023-05-17
CMD28349,CL0370,P029,2024-04-15,5,3812.22,livre,tanger,Carte,LIV1,
CMD31359,CL0337,P047,Jun 01 2023,5,3127.36,livré,Tnja,Carte,LIV8,2023-06-06
CMD39378,CL0089,P032,2023-12-18,5,3032.05,livré,casa,Carte,LIV3,2023-12-22
CMD25006,CL0646,P049,Dec 03 2023,4,0,livré,marrakech,Carte,LIV4,2023-12-05
CMD29420,CL0265,P018,2023-10-22,3,4154.08,livré,TANGER,Carte,LIV6,2023-10-27
CMD02946,CL0215,P085,2023-04-12,2,2319.5,livré,marrakech,Carte,LIV8,2023-04-14
CMD14418,CL0107,P034,2023-08-04,4,1901.73,LIVRE,RBA,Carte,LIV1,2023-08-07
CMD06050,CL0003,P048,Mar 22 2024,3,1325.8,livré,CASABLANCA,Carte,LIV3,2024-03-23
CMD43077,CL0863,P091,08/09/2023,3,3994.01,LIVRE,RBA,Carte,LIV7,2023-09-09
CMD37360,CL0801,P098,04/06/2023,1,582.36,livre,Tnja,Carte,LIV5,
CMD26366,CL0125,P085,2024-02-12,2,3786.69,DONE,TANGER,Carte,LIV5,2024-02-17
CMD41038,CL0065,P085,2023-12-18,5,2638.04,annulé,CASABLANCA,Carte,LIV2,
CMD41206,CL0455,P005,Apr 01 2023,4,1529.29,OK,TANGER,Carte,LIV2,
CMD12959,CL0337,P014,2023-12-30,4,584.99,DONE,kech,Carte,LIV5,2023-12-31
CMD15712,CL0272,P041,19/09/2023,1,2865.51,annulé,casa,Carte,LIV7,
CMD16389,CL0655,P084,23/04/2024,2,2389.95,livre,TANGER,Carte,LIV9,
CMD26314,CL0406,P077,2024-05-10,2,0,en_cours,tanger,Carte,LIV4,
CMD11339,CL0013,P042,25/07/2023,2,3326.9,en_cours,TNG,Carte,LIV7,
CMD34205,CL0826,P095,Jan 22 2024,5,2005.18,livré,tanger,Carte,LIV7,2024-01-26
CMD24076,CL0190,P089,Sep 06 2023,3,2086.48,livré,Agadir,Carte,LIV5,2023-09-11
CMD32998,CL0057,P093,2023-01-29,4,4658.79,KO,CASABLANCA,Carte,LIV8,
CMD33139,CL0447,P041,05/12/2023,5,3660.54,DONE,TANGER,Carte,LIV2,2023-12-09
CMD36198,CL0018,P073,2024-04-15,3,4011.24,OK,CASABLANCA,Carte,LIV9,
CMD47000,CL0149,P012,2023-02-01,3,4425.61,livré,casa,Carte,LIV2,2023-02-03
CMD43664,CL0799,P010,19/12/2023,3,2049.29,livre,Agadir,Carte,LIV5,
CMD00647,CL0364,P044,2023-11-09,2,0,retourné,marrakech,Carte,LIV1,2023-11-11
CMD47106,CL0544,P053,Mar 23 2023,4,2355.69,DONE,marrakech,Carte,LIV2,2023-03-28
CMD32243,CL0413,P001,14/03/2023,5,2720.42,annulé,TNG,Carte,LIV1,
CMD33922,CL0696,P089,22/09/2023,2,1831.68,annulé,casa,Carte,,
CMD45492,CL0532,P039,Jan 17 2024,4,1943.34,livré,kech,Carte,LIV9,2024-01-22
CMD24240,CL0872,P097,Dec 16 2023,5,2965.25,en_cours,TANGER,Carte,LIV7,
CMD03190,CL0707,P057,2024-01-15,2,3918.21,livré,RBA,Carte,LIV2,2024-01-19
CMD39968,CL0722,P094,Jan 23 2023,1,2330.51,livre,marrakech,Carte,LIV9,
CMD07021,CL0710,P065,2023-04-30,5,1879.74,livre,RBA,Carte,LIV2,
CMD23377,CL0854,P078,Mar 07 2024,5,1590.91,livre,TANGER,Carte,LIV9,
CMD10700,CL0515,P075,20/02/2024,5,1158.99,annulé,TANGER,Carte,LIV6,
CMD20196,CL0089,P031,02/08/2023,5,1109.81,en_cours,tanger,Carte,LIV8,
CMD10415,CL0214,P100,11/11/2023,4,3302.08,livré,kech,Carte,LIV2,2023-11-15
CMD12415,CL0023,P001,23/07/2023,4,1083.14,livre,TANGER,Carte,LIV8,
CMD38665,CL0557,P079,05/05/2024,3,2347.84,livré,Agadir,Carte,LIV5,2024-05-08
CMD44381,CL0772,P084,2023-04-02,2,2740.96,livré,TNG,Carte,LIV2,2023-04-07
CMD29893,CL0129,P077,2023-04-09,1,1344.01,retourné,marrakech,Carte,LIV10,2023-04-13
CMD37776,CL0778,P028,07/05/2023,4,1235.63,livre,Agadir,Carte,LIV3,
CMD28392,CL0752,P042,16/04/2024,1,1224.34,DONE,marrakech,Carte,LIV6,2024-04-17
CMD10507,CL0677,P002,Mar 30 2024,2,1821.45,OK,CASABLANCA,Carte,LIV3,
CMD32813,CL0362,P039,19/02/2024,3,4041.23,livré,TANGER,Carte,LIV7,2024-02-24
CMD06378,CL0005,P012,19/07/2023,3,325.89,KO,kech,Carte,LIV3,
CMD03550,CL0423,P073,Dec 12 2023,3,937.57,annulé,Tnja,Carte,LIV6,
CMD40696,CL0230,P083,2023-10-11,5,4646.68,livré,CASABLANCA,Carte,LIV7,2023-10-12
CMD13191,CL0096,P098,2023-12-08,1,4391.99,livré,tanger,Carte,LIV8,2023-12-09
CMD28041,CL0166,P063,Sep 27 2023,3,1891.98,livré,casa,Carte,LIV2,2023-09-28
CMD32356,CL0132,P073,14/06/2023,4,2805.18,en_cours,Tnja,Carte,LIV4,
CMD45548,CL0030,P063,2023-09-24,5,3975.02,livré,kech,Carte,LIV7,2023-09-26
CMD39215,CL0975,P015,Feb 02 2023,1,3007.87,annulé,Tnja,Carte,LIV8,
CMD26793,CL0175,P032,2023-08-04,5,270.63,DONE,tanger,Carte,LIV4,2023-08-06
CMD08265,CL0506,P033,Jan 08 2023,4,4157.07,KO,TNG,Carte,LIV4,
CMD33947,CL0048,P032,Nov 24 2023,4,1226.81,livré,kech,Carte,LIV7,2023-11-28
CMD36518,CL0708,P070,22/04/2024,1,2289.13,LIVRE,CASABLANCA,Carte,LIV2,2024-04-26
CMD14978,CL0260,P017,2023-01-31,3,1552.19,KO,kech,Carte,LIV4,
CMD22249,CL0489,P048,27/07/2023,2,1359.36,LIVRE,tanger,Carte,LIV9,2023-07-30
CMD33584,CL0618,P028,2023-09-26,5,3469.9,livre,CASABLANCA,Carte,LIV7,
CMD39013,CL0513,P056,20/07/2023,-1,4816.72,livre,kech,Carte,LIV7,
CMD07434,CL0924,P054,2023-10-19,2,452.3,annulé,tanger,Carte,LIV5,
CMD28348,CL0327,P018,May 20 2023,3,3302.83,OK,CASABLANCA,Carte,LIV7,
CMD06501,CL0597,P079,Mar 30 2023,5,1650.45,retourné,casa,Carte,LIV8,2023-04-03
CMD19876,CL0528,P094,Oct 15 2023,3,1201.36,livré,kech,Carte,,2023-10-19
CMD26323,CL0259,P007,Oct 12 2023,3,3462.41,OK,Tnja,Carte,LIV9,
CMD32338,CL0805,P027,2024-01-25,3,476.2,OK,marrakech,Carte,LIV6,
CMD02684,CL0486,P087,30/01/2024,2,2870.96,annulé,kech,Carte,LIV2,
CMD45537,CL0193,P027,Aug 11 2023,3,4425.94,OK,casa,Carte,LIV6,
CMD34489,CL0754,P053,Feb 08 2024,4,2925.23,livre,kech,Carte,LIV5,
CMD11213,CL0445,P091,2024-03-26,5,4414.64,KO,tanger,Carte,LIV1,
CMD42533,CL0743,P006,Feb 10 2023,2,4548.13,annulé,casa,Carte,LIV10,
CMD21654,CL0964,P073,13/04/2024,1,4872.7,KO,Agadir,Carte,LIV7,
CMD03405,CL0187,P056,Mar 29 2023,5,2391.97,retourné,marrakech,Carte,LIV10,2023-03-31
CMD07551,CL0551,P067,Jan 24 2023,3,1123.57,annulé,TNG,Carte,LIV10,
CMD44260,CL0118,P070,25/03/2024,2,2217.21,livré,casa,Carte,LIV10,2024-03-26
CMD29965,CL0802,P077,Jan 10 2023,3,3308.49,livré,TANGER,Carte,LIV2,2023-01-11
CMD42644,CL0618,P069,2023-10-28,2,2155.18,retourné,CASABLANCA,Carte,LIV5,2023-10-29
CMD25737,CL0496,P059,2023-05-18,4,981.78,livré,kech,Carte,LIV2,2023-05-22
CMD11303,CL0317,P059,19/03/2023,5,1600.43,livré,Agadir,Carte,LIV6,2023-03-20
CMD19684,CL0180,P087,2023-11-14,4,2508.1,DONE,CASABLANCA,Carte,LIV2,2023-11-16
CMD19664,CL0803,P095,Jul 27 2023,2,3029.43,livré,casa,Carte,,2023-07-28
CMD30001,CL0722,P016,09/04/2023,5,4716.68,retourné,casa,Carte,LIV10,2023-04-12
CMD47694,CL0886,P011,2023-02-12,1,2920.16,retourné,Tnja,Carte,LIV10,2023-02-16
CMD32108,CL0333,P085,2024-02-04,2,1653.48,KO,marrakech,Carte,LIV1,
CMD21321,CL0939,P069,Jul 20 2023,3,653.82,OK,Agadir,Carte,LIV4,
CMD02414,CL0397,P040,2023-09-20,5,616.73,livré,Tnja,Carte,LIV7,2023-09-24
CMD26773,CL0207,P062,02/12/2023,3,1298.86,livré,CASABLANCA,Carte,LIV8,2023-12-07
CMD28245,CL0233,P056,08/03/2024,5,1316.76,OK,RBA,Carte,LIV6,
CMD03879,CL0372,P007,18/10/2023,4,4986.21,livré,Tnja,Carte,LIV4,2023-10-23
CMD16700,CL0080,P013,14/10/2023,2,3034.88,livré,RBA,Carte,LIV4,2023-10-16
CMD05790,CL0072,P063,Apr 28 2024,1,3441.9,livré,CASABLANCA,Carte,LIV1,2024-05-02
CMD36286,CL0512,P062,2023-05-12,3,526.59,livré,CASABLANCA,Carte,,2023-05-16
CMD16041,CL0715,P078,2024-01-09,1,725.76,OK,Tnja,Carte,LIV3,
CMD07492,CL0393,P012,Nov 11 2023,1,1794.66,livré,CASABLANCA,Carte,LIV7,2023-11-15
CMD36440,CL0854,P084,2023-01-13,3,214.74,livre,CASABLANCA,Carte,LIV3,
CMD40922,CL0470,P074,Apr 02 2023,-1,1576.3,en_cours,RBA,Carte,LIV10,
CMD25523,CL0203,P050,May 13 2024,5,1049.75,KO,Tnja,Carte,LIV2,
CMD14931,CL0333,P021,24/08/2023,5,2587.83,retourné,TNG,Carte,LIV3,2023-08-29
CMD34601,CL0623,P053,2023-01-28,4,3519.16,livré,TANGER,Carte,LIV3,2023-02-01
CMD34648,CL0949,P010,2024-03-11,1,4884.3,livré,RBA,Carte,LIV10,2024-03-16
CMD28825,CL0592,P034,Mar 20 2023,3,527.12,en_cours,tanger,Carte,LIV2,
CMD32604,CL0831,P054,2023-08-08,5,3689.56,livré,Agadir,Carte,LIV5,2023-08-11
CMD15987,CL0091,P012,Apr 02 2024,3,1521.46,DONE,TNG,Carte,LIV8,2024-04-06
CMD23327,CL0031,P037,2023-06-24,2,2846.31,livre,TNG,Carte,LIV4,
CMD29661,CL0325,P096,01/02/2023,5,1746.05,KO,tanger,Carte,LIV10,
CMD04216,CL0778,P085,Aug 22 2023,1,443.37,livré,casa,Carte,LIV7,2023-08-27
CMD23362,CL0524,P032,23/07/2023,3,4493.06,livré,kech,Carte,LIV1,2023-07-25
CMD45952,CL0078,P017,2023-06-13,2,1455.73,retourné,marrakech,Carte,LIV6,2023-06-17
CMD37714,CL0263,P069,2023-09-23,5,2780.04,en_cours,TANGER,Carte,LIV4,
CMD28877,CL0511,P028,Dec 15 2023,5,885.2,annulé,RBA,Carte,LIV9,
CMD12778,CL0542,P031,Feb 08 2024,3,64.08,livre,tanger,Carte,LIV4,
CMD21141,CL0974,P083,2023-11-23,2,4451.18,retourné,RBA,Carte,,2023-11-27
CMD32568,CL0589,P078,13/01/2024,1,4609.41,livré,TANGER,Carte,LIV7,2024-01-16
CMD35721,CL0585,P015,19/11/2023,1,4979.92,OK,Tnja,Carte,LIV8,
CMD28046,CL0596,P023,Apr 05 2023,5,4984.63,livré,CASABLANCA,Carte,LIV8,2023-04-08
CMD38062,CL0768,P032,23/01/2023,5,250.01,LIVRE,casa,Carte,LIV9,2023-01-26
CMD22869,CL0260,P053,2023-06-23,1,2394.36,livré,tanger,Carte,LIV6,2023-06-27
CMD47503,CL0717,P069,03/06/2023,5,4170.19,livre,CASABLANCA,Carte,,
CMD11735,CL0692,P055,2023-12-20,5,3913.92,livré,marrakech,Carte,LIV10,2023-12-25
CMD32959,CL0356,P044,Feb 20 2024,2,2582.49,retourné,Tnja,Carte,LIV1,2024-02-22
CMD06181,CL0943,P090,2024-04-12,5,3776.29,livré,Tnja,Carte,LIV3,2024-04-17
CMD30630,CL0364,P024,Mar 03 2023,2,3215.39,DONE,Tnja,Carte,LIV4,2023-03-06
CMD25630,CL0517,P041,Nov 16 2023,4,0,LIVRE,RBA,Carte,LIV5,2023-11-17
CMD20077,CL0189,P076,Mar 03 2024,2,302.22,retourné,kech,Carte,LIV10,2024-03-04
CMD14521,CL0464,P064,2023-11-02,4,481.17,retourné,kech,Carte,LIV1,2023-11-04
CMD47654,CL0232,P048,Jul 22 2023,2,4600.48,livré,TANGER,Carte,,2023-07-27
CMD31777,CL0306,P041,Mar 28 2024,4,1918.9,LIVRE,kech,Carte,LIV1,2024-04-01
CMD44802,CL0418,P089,Jun 17 2023,5,2402.16,livré,casa,Carte,LIV9,2023-06-20
CMD39017,CL0011,P027,2023-11-24,1,3338.58,OK,RBA,Carte,LIV2,
CMD29488,CL0061,P069,Dec 23 2023,5,2505.66,livré,tanger,Carte,LIV5,2023-12-27
CMD37083,CL0607,P053,05/07/2023,1,799.32,KO,marrakech,Carte,LIV8,
CMD46615,CL0821,P056,May 14 2024,5,1405.7,livré,TNG,Carte,LIV6,2024-05-15
CMD37495,CL0672,P025,2024-05-07,2,2027.71,livré,TANGER,Carte,LIV4,2024-05-11
CMD11946,CL0365,P025,Nov 13 2023,5,4992.26,en_cours,RBA,Carte,LIV10,
CMD13151,CL0347,P072,Jul 31 2023,4,3130.35,LIVRE,RBA,Carte,LIV2,2023-08-03
CMD44849,CL0189,P057,Apr 11 2024,1,2282.55,livre,TANGER,Carte,LIV3,
CMD23487,CL0018,P053,Apr 01 2023,3,1328.42,annulé,CASABLANCA,Carte,LIV6,
CMD43744,CL0004,P081,22/03/2023,2,4069.19,livré,Tnja,Carte,LIV5,2023-03-25
CMD35675,CL0320,P012,2024-02-05,2,4214.88,LIVRE,RBA,Carte,LIV5,2024-02-08
CMD07585,CL0401,P030,2023-08-09,1,2189.67,annulé,TANGER,Carte,LIV8,
CMD13763,CL0160,P062,2023-11-15,2,1743.34,livre,casa,Carte,LIV10,
CMD02535,CL0844,P080,26/04/2023,3,4318.06,KO,tanger,Carte,LIV7,
CMD22410,CL0801,P080,28/01/2024,3,4641.09,annulé,Tnja,Carte,LIV3,
CMD24930,CL0022,P076,2023-04-03,1,4101.65,en_cours,TANGER,Carte,LIV6,
CMD27478,CL0105,P038,29/03/2024,3,2187.68,KO,TANGER,Carte,LIV9,
CMD40358,CL0670,P037,Oct 27 2023,5,4967.03,LIVRE,TANGER,Carte,LIV9,2023-10-31
CMD10309,CL0254,P039,2023-05-11,2,229.66,retourné,casa,Carte,LIV7,2023-05-15
CMD07026,CL0270,P018,07/03/2024,2,1032.61,LIVRE,casa,Carte,LIV1,2024-03-09
CMD05565,CL0006,P078,Nov 06 2023,4,1701.96,livré,CASABLANCA,Carte,LIV7,2023-11-07
CMD03542,CL0467,P095,2023-12-14,2,2781.09,retourné,casa,Carte,LIV5,2023-12-17
CMD15767,CL0024,P044,16/03/2023,4,1962.15,DONE,CASABLANCA,Carte,LIV8,2023-03-19
CMD13274,CL0134,P014,Oct 09 2023,5,2294.61,livré,CASABLANCA,Carte,LIV5,2023-10-11
CMD05233,CL0727,P062,12/09/2023,2,885.54,livré,RBA,Carte,LIV4,2023-09-16
CMD41447,CL0195,P097,May 12 2024,3,3119.75,KO,casa,Carte,LIV2,
CMD45197,CL0072,P090,Feb 24 2024,4,780.54,en_cours,RBA,Carte,LIV5,
CMD36439,CL0751,P067,Jan 21 2023,4,801.99,KO,Tnja,Carte,LIV8,
CMD36285,CL0260,P071,2023-04-24,3,2433.02,annulé,Tnja,Carte,LIV8,
CMD18339,CL0934,P085,Mar 07 2023,4,493.96,OK,RBA,Carte,LIV10,
CMD36197,CL0157,P050,10/02/2023,2,620.14,livré,TNG,Carte,LIV10,2023-02-15
CMD00269,CL0859,P043,2023-04-03,1,3105.73,KO,casa,Carte,LIV3,
CMD29885,CL0478,P050,2023-03-20,5,3260.65,OK,marrakech,Carte,LIV2,
CMD24796,CL0131,P007,24/09/2023,3,972.14,LIVRE,kech,Carte,LIV10,2023-09-29
CMD42055,CL0588,P095,24/12/2023,4,2994.81,LIVRE,kech,Carte,LIV10,2023-12-25
CMD29748,CL0699,P058,07/05/2024,4,4611.07,retourné,marrakech,Carte,LIV7,2024-05-09
CMD04912,CL0137,P041,Oct 02 2023,4,4891.57,KO,CASABLANCA,Carte,LIV10,
CMD35317,CL0004,P013,2023-07-25,4,3377.34,DONE,casa,Carte,LIV5,2023-07-26
CMD19345,CL0809,P079,02/10/2023,1,946.01,DONE,TANGER,Carte,LIV1,2023-10-07
CMD35263,CL0435,P042,01/02/2024,4,2753.35,en_cours,TNG,Carte,LIV8,
CMD27819,CL0777,P085,2023-11-05,5,3512.55,DONE,Agadir,Carte,LIV6,2023-11-08
CMD40058,CL0372,P017,Mar 20 2023,2,630.03,annulé,RBA,Carte,LIV1,
CMD02032,CL0961,P017,May 30 2023,1,4155.43,DONE,casa,Carte,LIV1,2023-06-01
CMD40660,CL0899,P094,14/02/2023,4,3121.48,livré,marrakech,Carte,LIV4,2023-02-18
CMD22174,CL0487,P028,2023-01-28,4,210.77,livre,casa,Carte,LIV4,
CMD24845,CL0713,P094,2024-03-01,5,1420.45,LIVRE,kech,Carte,,2024-03-02
CMD39209,CL0373,P078,2024-03-26,4,3359.03,en_cours,Agadir,Carte,LIV3,
CMD20611,CL0608,P059,2024-05-14,2,4463.26,KO,CASABLANCA,Carte,,
CMD36815,CL0084,P012,16/12/2023,5,2871.49,livre,tanger,Carte,LIV6,
CMD06824,CL0246,P047,2023-04-29,3,2534.76,OK,TNG,Carte,LIV2,
CMD35140,CL0622,P092,2023-05-27,3,4182.24,KO,Agadir,Carte,LIV3,
CMD22709,CL0194,P063,Sep 30 2023,3,1343.65,livré,Tnja,Carte,LIV2,2023-10-01
CMD33459,CL0095,P009,28/06/2023,1,4527.67,OK,kech,Carte,LIV5,
CMD15130,CL0444,P035,01/03/2023,2,1025.39,livré,TNG,Carte,LIV10,2023-03-05
CMD12525,CL0253,P089,Jan 19 2024,3,2027.09,livré,marrakech,Carte,LIV5,2024-01-23
CMD40195,CL0266,P017,2023-07-06,5,4464.11,KO,kech,Carte,LIV1,
CMD42166,CL0079,P078,Oct 30 2023,4,278.13,annulé,casa,Carte,LIV3,
CMD16422,CL0683,P099,16/01/2024,4,301.89,KO,kech,Carte,LIV6,
CMD18186,CL0032,P076,15/03/2023,3,1066.19,livré,TANGER,Carte,LIV5,2023-03-18
CMD29631,CL0964,P030,25/04/2023,3,1978.31,livré,casa,Carte,LIV8,2023-04-30
CMD12792,CL0612,P002,2023-07-12,5,4529.69,OK,kech,Carte,LIV9,
CMD36379,CL0043,P098,16/01/2023,5,988.44,retourné,kech,Carte,LIV2,2023-01-21
CMD28273,CL0243,P095,Dec 04 2023,1,2743.69,annulé,casa,Carte,LIV5,
CMD47641,CL0640,P041,2023-07-21,2,3208.0,livré,TANGER,Carte,LIV8,2023-07-24
CMD39384,CL0387,P052,2023-12-03,3,4142.87,DONE,kech,Carte,LIV5,2023-12-07
CMD43778,CL0126,P021,Aug 24 2023,1,1037.5,livré,tanger,Carte,LIV3,2023-08-29
CMD33990,CL0223,P013,Aug 07 2023,2,201.83,livré,casa,Carte,LIV7,2023-08-08
CMD25200,CL0383,P052,09/11/2023,3,1072.8,livré,kech,Carte,LIV4,2023-11-13
CMD27835,CL0458,P057,08/11/2023,2,968.33,livré,TNG,Carte,LIV1,2023-11-12
CMD18419,CL0391,P047,2023-03-17,2,4920.9,KO,TNG,Carte,LIV10,
CMD45612,CL0436,P014,14/09/2023,5,179.55,en_cours,marrakech,Carte,LIV10,
CMD01053,CL0719,P033,23/10/2023,2,3170.76,LIVRE,TANGER,Carte,LIV2,2023-10-25
CMD41864,CL0757,P016,03/03/2024,5,3830.9,livré,Agadir,Carte,LIV6,2024-03-04
CMD11583,CL0026,P004,Oct 31 2023,1,1572.73,DONE,CASABLANCA,Carte,LIV8,2023-11-02
CMD47026,CL0298,P075,Dec 25 2023,4,3854.42,livré,TANGER,Carte,LIV4,2023-12-29
CMD48138,CL0183,P070,2023-09-29,4,1047.08,retourné,tanger,Carte,LIV1,2023-10-02
CMD27479,CL0627,P004,2023-12-30,4,459.8,livré,RBA,Carte,,2024-01-02
CMD04036,CL0485,P052,2023-12-25,4,1628.79,annulé,kech,Carte,LIV9,
CMD44127,CL0490,P091,15/02/2023,3,1723.81,KO,CASABLANCA,Carte,LIV10,
CMD27124,CL0971,P048,25/02/2023,5,217.67,livre,RBA,Carte,LIV4,
CMD11473,CL0466,P078,Apr 01 2023,1,2392.77,livré,casa,Carte,LIV5,2023-04-02
CMD46685,CL0649,P071,20/08/2023,2,1098.81,retourné,casa,Carte,,2023-08-22
CMD07608,CL0531,P078,01/12/2023,5,3182.09,annulé,Agadir,Carte,LIV8,
CMD37469,CL0803,P047,2023-10-07,3,592.77,OK,kech,Carte,LIV2,
CMD36588,CL0460,P038,2023-07-30,4,2962.97,en_cours,kech,Carte,LIV5,
CMD31351,CL0703,P010,2023-04-11,2,3708.52,OK,marrakech,Carte,LIV5,
CMD01564,CL0094,P082,Mar 10 2023,3,1795.06,OK,marrakech,Carte,LIV2,
CMD18800,CL0364,P095,2024-02-27,5,2822.71,annulé,tanger,Carte,LIV3,
CMD38879,CL0511,P050,Sep 02 2023,3,2801.42,DONE,kech,Carte,LIV4,2023-09-05
CMD12960,CL0489,P036,15/10/2023,2,217.81,DONE,TANGER,Carte,LIV2,2023-10-16
CMD45693,CL0045,P094,22/07/2023,1,3758.57,livré,TANGER,Carte,LIV5,2023-07-26
CMD24740,CL0372,P021,Feb 09 2023,5,4281.13,retourné,casa,Carte,LIV5,2023-02-10
CMD22703,CL0576,P042,2023-09-17,1,624.24,KO,marrakech,Carte,LIV4,
CMD14993,CL0972,P093,Dec 30 2023,1,2743.63,LIVRE,TANGER,Carte,LIV5,2023-12-31
CMD00421,CL0944,P079,06/03/2024,5,2098.51,livré,tanger,Carte,LIV6,2024-03-07
CMD12281,CL0550,P058,25/06/2023,2,910.85,annulé,Tnja,Carte,LIV6,
CMD44049,CL0901,P060,2024-02-28,1,4717.51,OK,tanger,Carte,LIV2,
CMD47020,CL0528,P063,24/09/2023,1,645.0,livré,CASABLANCA,Carte,,2023-09-26
CMD20149,CL0246,P075,2024-01-02,1,1315.21,livré,Tnja,Carte,LIV2,2024-01-04
CMD04168,CL0723,P003,Nov 15 2023,5,484.32,KO,TANGER,Carte,,
CMD34009,CL0435,P007,2024-02-27,1,3991.86,livré,TNG,Carte,LIV7,2024-03-01
CMD25384,CL0279,P075,2024-02-20,3,1274.16,DONE,TNG,Carte,LIV4,2024-02-25
CMD00294,CL0969,P090,2023-12-30,4,1599.01,retourné,Agadir,Carte,LIV8,2024-01-04
CMD28038,CL0764,P007,2024-01-05,4,1053.33,livré,RBA,Carte,LIV8,2024-01-10
CMD23269,CL0627,P037,13/04/2024,5,1784.31,OK,CASABLANCA,Carte,LIV8,
CMD42483,CL0059,P028,2023-02-03,5,4581.78,KO,marrakech,Carte,LIV4,
CMD48033,CL0598,P020,2023-09-11,5,3855.18,OK,Tnja,Carte,LIV1,
CMD43973,CL0698,P067,2024-05-14,3,2861.2,LIVRE,TANGER,Carte,,2024-05-16
CMD39930,CL0723,P040,Jun 04 2023,1,3398.4,livre,Tnja,Carte,LIV7,
CMD31734,CL0313,P044,02/12/2023,4,3924.96,annulé,tanger,Carte,LIV4,
CMD00520,CL0012,P031,2024-04-01,1,2271.49,KO,TNG,Carte,LIV8,
CMD06944,CL0470,P029,Jan 29 2023,2,2936.89,retourné,RBA,Carte,LIV7,2023-01-31
CMD45110,CL0537,P019,2023-03-12,1,2788.26,DONE,CASABLANCA,Carte,LIV10,2023-03-16
CMD12450,CL0109,P074,21/12/2023,3,3212.41,livré,Tnja,Carte,LIV5,2023-12-25
CMD12487,CL0529,P062,10/03/2024,2,2094.43,livre,Agadir,Carte,LIV10,
CMD06108,CL0717,P002,20/01/2023,5,889.63,DONE,RBA,Carte,LIV9,2023-01-23
CMD12917,CL0289,P018,2024-01-30,5,3747.43,livré,Agadir,Carte,LIV5,2024-02-02
CMD11066,CL0151,P023,2023-02-09,4,3738.72,livre,casa,Carte,LIV2,
CMD02009,CL0105,P008,27/02/2024,1,99.58,livré,TNG,Carte,LIV1,2024-03-03
CMD37074,CL0410,P007,11/04/2024,3,4497.75,en_cours,TNG,Carte,LIV6,
CMD26940,CL0556,P045,07/07/2023,4,2120.01,livré,CASABLANCA,Carte,LIV1,2023-07-08
CMD37881,CL0577,P016,Oct 15 2023,4,3758.52,livre,Tnja,Carte,LIV10,
CMD27102,CL0179,P094,20/01/2024,5,1469.83,DONE,marrakech,Carte,LIV10,2024-01-21
CMD41618,CL0502,P034,2024-01-15,5,1422.44,DONE,Tnja,Carte,LIV8,2024-01-20
CMD41653,CL0093,P086,Jun 11 2023,2,3779.17,DONE,kech,Carte,LIV4,2023-06-15
CMD04704,CL0409,P041,Nov 11 2023,1,560.35,annulé,Agadir,Carte,,
CMD03373,CL0862,P086,Jan 03 2023,2,2428.85,annulé,CASABLANCA,Carte,LIV5,
CMD12474,CL0926,P070,Jan 09 2023,1,2692.31,livré,tanger,Carte,LIV2,2023-01-12
CMD23784,CL0283,P087,Jan 12 2024,3,1187.56,livre,kech,Carte,LIV10,
CMD14227,CL0674,P027,Apr 29 2023,1,3845.71,LIVRE,marrakech,Carte,LIV2,2023-05-03
CMD05344,CL0651,P063,Apr 30 2023,3,4759.84,livré,TNG,Carte,LIV8,2023-05-02
CMD07102,CL0229,P022,04/03/2024,4,3726.98,KO,Agadir,Carte,,
CMD01768,CL0939,P088,20/07/2023,5,4567.65,LIVRE,marrakech,Carte,LIV6,2023-07-24
CMD18595,CL0287,P033,2024-01-28,4,2099.81,en_cours,tanger,Carte,LIV5,
CMD05775,CL0247,P090,25/01/2024,3,4313.96,livré,TANGER,Carte,LIV3,2024-01-26
CMD43221,CL0204,P049,Apr 08 2024,5,1510.63,annulé,Agadir,Carte,LIV3,
CMD28227,CL0960,P029,Feb 17 2023,5,3030.55,livre,TANGER,Carte,LIV7,
CMD13153,CL0756,P042,16/09/2023,1,2611.8,livré,TANGER,Carte,LIV3,2023-09-20
CMD19826,CL0183,P091,2023-10-20,2,3075.7,livré,Tnja,Carte,LIV8,2023-10-25
CMD43142,CL0862,P014,Jul 06 2023,4,709.98,retourné,TNG,Carte,LIV5,2023-07-09
CMD05592,CL0786,P042,20/08/2023,3,2681.49,OK,casa,Carte,LIV6,
CMD24861,CL0721,P044,10/02/2024,4,3093.6,retourné,Tnja,Carte,,2024-02-12
CMD25448,CL0729,P061,25/07/2023,4,2344.62,livré,casa,Carte,LIV4,2023-07-28
CMD43725,CL0237,P035,18/09/2023,1,4388.41,KO,TANGER,Carte,LIV4,
CMD04261,CL0027,P025,2023-08-23,5,4231.34,retourné,casa,Carte,LIV8,2023-08-26
CMD02543,CL0735,P075,19/05/2023,5,3830.78,retourné,tanger,Carte,LIV5,2023-05-21
CMD27359,CL0673,P060,16/02/2023,3,1693.1,KO,CASABLANCA,Carte,LIV9,
CMD10816,CL0543,P034,20/11/2023,2,4435.32,DONE,Tnja,Carte,LIV1,2023-11-24
CMD35166,CL0801,P098,May 15 2023,5,2940.33,KO,TNG,Carte,LIV4,
CMD28272,CL0648,P094,28/01/2023,2,3828.05,LIVRE,CASABLANCA,Carte,LIV2,2023-01-31
CMD12626,CL0023,P028,2024-03-23,1,4177.02,KO,casa,Carte,LIV4,
CMD35132,CL1000,P031,Sep 04 2023,3,783.66,livré,Tnja,Carte,LIV5,2023-09-06
CMD12634,CL0141,P080,2023-11-03,4,1527.58,LIVRE,casa,Carte,LIV3,2023-11-05
CMD36800,CL0498,P085,2023-11-09,3,478.7,en_cours,CASABLANCA,Carte,LIV6,
CMD32621,CL0993,P023,2023-04-06,2,1676.77,OK,CASABLANCA,Carte,LIV2,
CMD09126,CL0484,P015,2023-06-12,2,3560.01,livré,casa,Carte,LIV1,2023-06-17
CMD33701,CL0040,P058,2023-12-27,3,3476.77,annulé,tanger,Carte,LIV3,
CMD35639,CL0533,P087,30/08/2023,3,3040.41,KO,tanger,Carte,LIV3,
CMD09173,CL0866,P074,04/08/2023,3,4716.13,livré,Agadir,Carte,LIV1,2023-08-09
CMD19902,CL0999,P026,17/12/2023,4,360.52,livré,RBA,Carte,,2023-12-22
CMD41885,CL0915,P078,Feb 08 2023,4,0,livré,casa,Carte,LIV10,2023-02-09
CMD19391,CL0418,P040,Jul 10 2023,5,4307.53,livré,tanger,Carte,LIV10,2023-07-13
CMD14781,CL0206,P080,2023-09-11,1,1934.55,KO,Tnja,Carte,LIV4,
CMD08017,CL0542,P063,Dec 03 2023,3,2215.52,livré,CASABLANCA,Carte,LIV8,2023-12-05
CMD20250,CL0477,P096,19/04/2023,5,1591.77,DONE,TNG,Carte,LIV1,2023-04-24
CMD06205,CL0046,P036,Oct 19 2023,1,4081.86,annulé,Tnja,Carte,LIV6,
CMD40501,CL0633,P002,Jul 02 2023,3,337.29,livré,kech,Carte,LIV4,2023-07-06
CMD16359,CL0195,P069,29/05/2023,5,4468.79,KO,tanger,Carte,LIV3,
CMD29710,CL0968,P064,Mar 28 2024,5,405.81,annulé,marrakech,Carte,LIV8,
CMD16378,CL0944,P007,2023-12-12,2,2761.33,DONE,Tnja,Carte,LIV9,2023-12-14
CMD26996,CL0135,P014,2023-04-22,3,471.74,LIVRE,Tnja,Carte,LIV7,2023-04-23
CMD34580,CL0782,P001,2024-02-12,1,2218.91,LIVRE,marrakech,Carte,LIV2,2024-02-16
CMD43656,CL0055,P089,Jun 10 2023,5,622.16,OK,casa,Carte,LIV4,
CMD47914,CL0713,P085,Aug 07 2023,5,385.77,livré,casa,Carte,LIV4,2023-08-11
CMD46533,CL0656,P062,2024-05-07,2,2524.21,LIVRE,tanger,Carte,LIV3,2024-05-11
CMD47370,CL0482,P009,Mar 11 2024,1,1798.78,livré,Tnja,Carte,LIV7,2024-03-14
CMD30411,CL0253,P001,Sep 28 2023,2,2212.7,livre,kech,Carte,LIV2,
CMD11686,CL0875,P004,Nov 09 2023,4,2214.1,annulé,TNG,Carte,LIV9,
CMD44593,CL0949,P080,18/04/2024,2,597.96,retourné,kech,Carte,LIV5,2024-04-21
CMD35709,CL0522,P071,2023-08-30,4,4958.78,LIVRE,TNG,Carte,LIV3,2023-09-04
CMD10934,CL0229,P027,Apr 25 2024,5,4750.16,OK,casa,Carte,LIV9,
CMD04607,CL0880,P060,2023-01-10,2,1832.9,livré,tanger,Carte,LIV5,2023-01-12
CMD28805,CL0693,P018,Nov 10 2023,5,2012.53,annulé,tanger,Carte,LIV4,
CMD33424,CL0120,P015,2024-04-26,5,1807.39,retourné,RBA,Carte,LIV9,2024-05-01
CMD34857,CL0893,P076,2023-01-24,5,1239.26,retourné,CASABLANCA,Carte,LIV5,2023-01-27
CMD29828,CL0136,P011,May 25 2023,4,906.83,livre,TNG,Carte,LIV8,
CMD41762,CL0160,P079,02/02/2024,4,1222.47,OK,tanger,Carte,LIV6,
CMD10817,CL0270,P060,08/10/2023,2,1159.5,livre,TNG,Carte,LIV4,
CMD06033,CL0441,P044,2023-12-20,1,4567.92,DONE,CASABLANCA,Carte,LIV8,2023-12-22
CMD40679,CL0230,P088,2023-02-06,2,132.99,retourné,TNG,Carte,LIV8,2023-02-07
CMD22339,CL0037,P057,2023-11-07,5,2500.23,OK,kech,Carte,LIV5,
CMD11875,CL0784,P004,25/09/2023,2,1304.88,livré,kech,Carte,LIV2,2023-09-27
CMD09958,CL0197,P066,2023-05-06,4,1905.35,livré,Agadir,Carte,,2023-05-09
CMD21854,CL0702,P017,11/04/2023,3,4473.6,livré,kech,Carte,LIV5,2023-04-14
CMD37230,CL0318,P034,30/04/2023,4,477.73,KO,tanger,Carte,LIV3,
CMD22541,CL0838,P005,2023-01-05,1,4044.34,DONE,marrakech,Carte,LIV2,2023-01-08
CMD45320,CL0216,P013,19/08/2023,5,4365.87,en_cours,casa,Carte,LIV5,
CMD16904,CL0929,P014,May 01 2024,3,264.15,KO,marrakech,Carte,LIV9,
CMD05754,CL0799,P015,2023-06-24,3,2607.15,livré,casa,Carte,LIV2,2023-06-26
CMD27030,CL0856,P012,2023-08-18,1,2471.93,OK,casa,Carte,LIV4,
CMD04329,CL0421,P015,2023-02-09,2,4321.38,en_cours,marrakech,Carte,LIV8,
CMD03103,CL0070,P081,2024-04-27,4,2663.7,en_cours,tanger,Carte,LIV1,
CMD27373,CL0181,P002,2024-01-01,1,1456.59,livre,casa,Carte,LIV3,
CMD20051,CL0374,P041,29/06/2023,4,1311.78,en_cours,marrakech,Carte,LIV8,
CMD21632,CL0247,P060,2023-09-03,1,4041.63,livré,TANGER,Carte,LIV4,2023-09-04
CMD07795,CL0799,P058,20/01/2024,1,1382.77,livré,TNG,Carte,LIV5,2024-01-22
CMD44629,CL0570,P059,Jul 06 2023,1,4811.72,livré,marrakech,Carte,LIV7,2023-07-09
CMD16617,CL0533,P090,08/06/2023,1,4280.25,annulé,marrakech,Carte,LIV2,
CMD14207,CL0800,P042,13/04/2023,3,577.85,livré,tanger,Carte,LIV7,2023-04-17
CMD39070,CL0812,P068,06/11/2023,3,1416.5,KO,Agadir,Carte,LIV3,
CMD12268,CL0597,P086,24/01/2023,3,709.05,OK,Agadir,Carte,LIV1,
CMD27506,CL0303,P008,Jul 02 2023,5,427.83,KO,CASABLANCA,Carte,LIV3,
CMD40934,CL0635,P021,2023-03-14,2,2541.79,DONE,CASABLANCA,Carte,LIV8,2023-03-16
CMD03040,CL0368,P004,06/02/2024,2,3216.76,LIVRE,Agadir,Carte,LIV3,2024-02-09
CMD22872,CL0338,P074,08/04/2023,1,2325.05,OK,TNG,Carte,LIV6,
CMD12676,CL0130,P021,2023-05-07,1,2821.5,LIVRE,marrakech,Carte,LIV10,2023-05-11
CMD31112,CL0857,P074,Mar 21 2023,5,550.84,KO,tanger,Carte,LIV1,
CMD07558,CL0653,P059,2023-10-08,3,1251.31,LIVRE,casa,Carte,LIV4,2023-10-13
CMD43720,CL0293,P095,2024-02-11,2,2800.59,KO,kech,Carte,LIV10,
CMD42751,CL0066,P037,Jan 15 2024,5,824.15,annulé,TNG,Carte,LIV9,
CMD16220,CL0932,P081,2023-04-03,2,802.36,livré,Agadir,Carte,LIV3,2023-04-04
CMD07855,CL0583,P055,Jan 11 2023,1,790.1,annulé,kech,Carte,,
CMD03433,CL0014,P029,07/07/2023,5,2264.18,annulé,TNG,Carte,LIV9,
CMD38359,CL0991,P097,2023-11-26,5,4656.55,retourné,tanger,Carte,LIV6,2023-11-30
CMD36389,CL0485,P040,2023-08-11,2,2706.29,LIVRE,tanger,Carte,LIV2,2023-08-13
CMD10681,CL0255,P087,Feb 12 2024,5,512.0,livré,Tnja,Carte,LIV9,2024-02-15
CMD26971,CL0984,P044,2023-05-06,5,1443.79,KO,Tnja,Carte,LIV3,
CMD27619,CL0963,P061,2023-11-04,5,1743.7,DONE,CASABLANCA,Carte,LIV7,2023-11-08
CMD45871,CL0876,P094,Jan 26 2024,3,4902.02,en_cours,kech,Carte,LIV10,
CMD25338,CL0429,P058,May 10 2024,3,4469.62,retourné,TANGER,Carte,LIV7,2024-05-15
CMD38984,CL0891,P033,Nov 25 2023,1,1573.49,livré,TNG,Carte,LIV8,2023-11-27
CMD28859,CL0653,P091,Jan 23 2023,1,1924.05,annulé,casa,Carte,LIV9,
CMD06610,CL0343,P088,12/08/2023,5,1226.59,annulé,CASABLANCA,Carte,LIV9,
CMD42520,CL0867,P092,Mar 08 2023,2,2231.02,livré,TANGER,Carte,LIV5,2023-03-11
CMD07961,CL0084,P081,23/11/2023,4,368.81,retourné,casa,Carte,LIV1,2023-11-25
CMD21875,CL0784,P013,2023-02-12,4,325.24,retourné,TANGER,Carte,LIV6,2023-02-17
CMD36039,CL0313,P036,Jan 16 2023,5,3999.59,LIVRE,Tnja,Carte,,2023-01-21
CMD42515,CL0267,P032,2023-08-22,2,1328.39,LIVRE,tanger,Carte,LIV8,2023-08-25
CMD09847,CL0498,P088,May 23 2023,1,212.38,OK,TANGER,Carte,LIV5,
CMD33559,CL0070,P045,2023-06-19,5,813.83,livré,Tnja,Carte,LIV5,2023-06-21
CMD31008,CL0659,P077,Nov 09 2023,5,4069.16,KO,TANGER,Carte,LIV8,
CMD26061,CL0113,P042,Apr 25 2023,1,4731.22,retourné,Tnja,Carte,LIV8,2023-04-30
CMD32885,CL0929,P085,2024-04-12,2,2362.4,DONE,CASABLANCA,Carte,LIV2,2024-04-14
CMD48275,CL0214,P052,2024-04-29,5,3793.58,livré,Tnja,Carte,LIV8,2024-04-30
CMD23429,CL0952,P095,28/01/2024,1,218.79,OK,RBA,Carte,LIV10,
CMD10777,CL0723,P014,06/02/2024,4,1996.83,retourné,Tnja,Carte,LIV4,2024-02-11
CMD21718,CL0611,P091,2024-05-12,1,2132.98,livré,TANGER,Carte,LIV3,2024-05-14
CMD31427,CL0249,P051,2023-11-12,3,982.58,DONE,kech,Carte,LIV3,2023-11-16
CMD42126,CL0284,P044,26/06/2023,5,2889.95,annulé,TANGER,Carte,LIV6,
CMD14002,CL0851,P066,Feb 10 2023,4,4952.89,OK,RBA,Carte,LIV8,
CMD36810,CL0710,P011,Jan 19 2023,2,1411.04,livré,TNG,Carte,LIV4,2023-01-20
CMD46027,CL0257,P037,21/06/2023,5,619.16,LIVRE,Agadir,Carte,LIV5,2023-06-26
CMD26952,CL0217,P056,Apr 29 2024,3,1527.28,livré,kech,Carte,LIV8,2024-05-02
CMD45215,CL0649,P084,2024-02-03,3,3853.04,annulé,tanger,Carte,LIV1,
CMD10091,CL0569,P013,May 06 2023,2,4111.11,DONE,CASABLANCA,Carte,LIV1,2023-05-07
CMD16127,CL0807,P087,2023-11-30,2,1024.96,livré,CASABLANCA,Carte,LIV1,2023-12-03
CMD19362,CL0894,P007,Jan 21 2024,1,2943.51,en_cours,marrakech,Carte,LIV8,
CMD22960,CL0684,P064,17/01/2024,2,658.81,KO,kech,Carte,LIV2,
CMD30660,CL0381,P052,2023-01-28,3,3336.78,LIVRE,kech,Carte,LIV2,2023-02-01
CMD04634,CL0680,P039,22/10/2023,1,3287.6,livré,CASABLANCA,Carte,,2023-10-24
CMD43117,CL0477,P098,Jul 28 2023,1,866.15,annulé,CASABLANCA,Carte,LIV8,
CMD15210,CL0122,P096,2023-07-25,1,1653.52,KO,RBA,Carte,,
CMD10230,CL0952,P036,2023-02-05,5,544.06,livré,CASABLANCA,Carte,,2023-02-09
CMD17844,CL0439,P100,Feb 07 2024,3,1316.93,KO,Agadir,Carte,LIV8,
CMD41832,CL0684,P077,08/05/2024,2,1551.65,en_cours,RBA,Carte,LIV2,
CMD10248,CL0038,P048,17/02/2024,2,1648.18,livré,tanger,Carte,LIV2,2024-02-22
CMD03610,CL0675,P057,Jan 07 2023,4,96.36,LIVRE,CASABLANCA,Carte,LIV8,2023-01-08
CMD30747,CL0215,P002,Jan 10 2024,2,296.67,retourné,TNG,Carte,LIV1,2024-01-13
CMD42232,CL0454,P096,26/04/2024,5,2959.76,livré,Agadir,Carte,LIV5,2024-04-29
CMD23044,CL0787,P025,2023-10-07,1,516.87,livré,RBA,Carte,LIV9,2023-10-12
CMD00645,CL0181,P027,26/01/2023,5,2885.1,retourné,tanger,Carte,LIV3,2023-01-29
CMD28530,CL0293,P044,2023-08-09,4,1798.97,livré,kech,Carte,LIV5,2023-08-12
CMD47918,CL0335,P010,Feb 19 2024,4,4348.56,livré,CASABLANCA,Carte,LIV3,2024-02-22
CMD45436,CL0896,P048,25/01/2023,5,4116.46,OK,CASABLANCA,Carte,LIV4,
CMD30121,CL0566,P096,Mar 29 2023,5,2723.29,retourné,tanger,Carte,LIV3,2023-04-03
CMD47242,CL0625,P031,Jul 17 2023,5,4612.51,en_cours,RBA,Carte,LIV3,
CMD34198,CL0683,P100,2023-09-01,4,396.64,retourné,Tnja,Carte,LIV7,2023-09-04
CMD16036,CL0064,P053,Jan 04 2024,4,2304.66,livré,TNG,Carte,LIV4,2024-01-05
CMD28896,CL0542,P044,02/11/2023,5,3838.75,livré,RBA,Carte,LIV3,2023-11-05
CMD22939,CL0562,P059,16/03/2023,4,2036.7,livré,CASABLANCA,Carte,LIV6,2023-03-19
CMD26715,CL0025,P020,2023-12-03,1,731.89,annulé,tanger,Carte,LIV9,
CMD36921,CL0479,P003,Oct 03 2023,3,3969.86,annulé,TANGER,Carte,LIV10,
CMD06600,CL0937,P085,2023-07-09,3,3795.67,OK,Tnja,Carte,LIV1,
CMD37503,CL0854,P042,Dec 24 2023,3,2336.46,livré,marrakech,Carte,LIV7,2023-12-28
CMD30442,CL0061,P079,2023-04-08,2,4535.41,LIVRE,TANGER,Carte,LIV7,2023-04-12
CMD01267,CL0569,P014,Sep 30 2023,1,3682.07,DONE,CASABLANCA,Carte,LIV3,2023-10-01
CMD23914,CL0352,P064,2023-11-17,5,3601.43,LIVRE,tanger,Carte,LIV4,2023-11-21
CMD36913,CL0110,P005,2023-10-07,5,2681.15,livré,TANGER,Carte,LIV3,2023-10-11
CMD18958,CL0466,P010,Dec 02 2023,1,2371.86,retourné,marrakech,Carte,LIV6,2023-12-06
CMD38610,CL0642,P039,2024-04-17,5,4730.37,annulé,CASABLANCA,Carte,LIV6,
CMD17158,CL0057,P025,May 08 2023,3,573.35,livre,Agadir,Carte,LIV6,
CMD30382,CL0456,P094,Jul 06 2023,3,3543.23,livré,TNG,Carte,LIV2,2023-07-11
CMD46499,CL0537,P069,2023-11-23,5,694.14,OK,kech,Carte,LIV2,
CMD03699,CL0130,P066,Apr 21 2024,3,3683.85,LIVRE,marrakech,Carte,LIV8,2024-04-22
CMD36082,CL0342,P057,25/10/2023,3,3830.04,annulé,TANGER,Carte,,
CMD11448,CL0035,P063,2023-03-19,5,1509.04,livré,Agadir,Carte,LIV1,2023-03-24
CMD30193,CL0564,P003,May 13 2024,3,2842.85,annulé,TANGER,Carte,LIV2,
CMD46118,CL0990,P058,Feb 28 2024,5,4088.28,annulé,RBA,Carte,LIV4,
CMD34837,CL0690,P043,Aug 19 2023,1,790.59,retourné,casa,Carte,LIV3,2023-08-20
CMD42506,CL0934,P008,2023-01-25,3,1498.69,OK,TNG,Carte,LIV6,
CMD15178,CL0095,P074,2023-08-12,4,2104.12,LIVRE,kech,Carte,LIV6,2023-08-16
CMD15510,CL0330,P047,Mar 09 2024,2,4267.46,livré,TANGER,Carte,LIV7,2024-03-14
CMD07553,CL0248,P071,2024-02-04,2,4101.63,OK,kech,Carte,LIV9,
CMD43296,CL0564,P014,Aug 22 2023,4,2873.19,retourné,RBA,Carte,LIV10,2023-08-27
CMD31884,CL0075,P077,2023-05-05,4,1082.29,LIVRE,TANGER,Carte,LIV5,2023-05-07
CMD14854,CL0524,P065,Mar 12 2024,1,1308.21,DONE,CASABLANCA,Carte,LIV6,2024-03-13
CMD36571,CL0439,P058,Jan 28 2024,5,4451.84,annulé,kech,Carte,LIV4,
CMD38186,CL0631,P059,May 05 2023,3,4642.39,DONE,tanger,Carte,LIV2,2023-05-07
CMD06188,CL0631,P061,2023-01-15,3,3842.2,KO,casa,Carte,LIV3,
CMD42519,CL0006,P073,Jul 25 2023,1,1827.78,annulé,TANGER,Carte,LIV9,
CMD05750,CL0145,P050,May 03 2024,3,653.48,LIVRE,kech,Carte,LIV2,2024-05-06
CMD11206,CL0779,P027,02/02/2023,4,4012.1,retourné,TNG,Carte,LIV6,2023-02-06
CMD40791,CL0425,P002,2024-03-29,2,3519.54,en_cours,TANGER,Carte,LIV5,
CMD21845,CL0022,P001,2023-04-16,4,3862.5,livré,tanger,Carte,LIV6,2023-04-17
CMD16083,CL0008,P043,Nov 04 2023,2,4926.51,retourné,Agadir,Carte,LIV4,2023-11-09
CMD28548,CL0179,P007,May 14 2024,2,4952.45,livre,tanger,Carte,LIV3,
CMD46359,CL0100,P052,01/03/2023,1,1330.82,retourné,TANGER,Carte,LIV10,2023-03-05
CMD20046,CL0840,P012,Jul 02 2023,2,1140.58,KO,TANGER,Carte,LIV8,
CMD06354,CL0054,P085,24/04/2024,3,1313.64,livré,tanger,Carte,LIV8,2024-04-29
CMD18498,CL0098,P019,01/02/2023,1,3668.79,livre,TNG,Carte,LIV10,
CMD12978,CL0496,P036,23/11/2023,4,396.78,livre,Tnja,Carte,LIV6,
CMD07307,CL0728,P013,02/09/2023,5,600.88,en_cours,RBA,Carte,LIV10,
CMD43868,CL0683,P019,2024-02-03,3,3464.97,DONE,kech,Carte,LIV4,2024-02-08
CMD44999,CL0920,P050,2023-05-06,4,3046.94,livré,marrakech,Carte,LIV10,2023-05-10
CMD22750,CL0165,P053,03/06/2023,4,1218.61,livré,TANGER,Carte,LIV6,2023-06-07
CMD25197,CL0102,P086,2023-01-22,4,82.92,DONE,Tnja,Carte,,2023-01-24
CMD11941,CL0792,P053,26/11/2023,3,132.26,en_cours,RBA,Carte,LIV9,
CMD08481,CL0917,P028,Aug 30 2023,5,1535.93,LIVRE,casa,Carte,LIV1,2023-09-03
CMD37390,CL0709,P090,2024-02-02,5,4322.54,en_cours,tanger,Carte,LIV3,
CMD07898,CL0996,P010,2024-04-27,4,4572.18,LIVRE,RBA,Carte,LIV1,2024-04-28
CMD33813,CL0558,P028,25/11/2023,1,4034.4,KO,CASABLANCA,Carte,,
CMD32072,CL0159,P067,2024-04-11,3,954.16,livré,TNG,Carte,LIV2,2024-04-15
CMD11020,CL0740,P094,04/10/2023,4,1389.47,KO,RBA,Carte,LIV4,
CMD26359,CL0669,P078,2024-01-10,2,1696.97,en_cours,TANGER,Carte,LIV7,
CMD48479,CL0060,P063,Oct 15 2023,4,2129.46,OK,Agadir,Carte,LIV2,
CMD27072,CL0849,P068,Oct 24 2023,5,286.28,livré,marrakech,Carte,LIV1,2023-10-29
CMD39730,CL0405,P038,Mar 23 2023,4,4770.88,LIVRE,casa,Carte,LIV1,2023-03-26
CMD42907,CL0110,P033,2023-10-06,4,1258.73,LIVRE,marrakech,Carte,LIV10,2023-10-07
CMD09573,CL0389,P092,2023-01-19,1,4397.83,retourné,Agadir,Carte,LIV9,2023-01-23
CMD42193,CL0519,P042,26/05/2023,5,3814.12,livré,marrakech,Carte,,2023-05-29
CMD08663,CL0656,P039,28/10/2023,1,390.62,annulé,Agadir,Carte,LIV9,
CMD43558,CL0326,P086,18/05/2023,4,3472.15,KO,casa,Carte,LIV8,
CMD30978,CL0460,P068,2023-03-28,5,2139.39,annulé,RBA,Carte,LIV4,
CMD25867,CL0322,P047,2023-04-22,3,611.97,retourné,TNG,Carte,LIV4,2023-04-23
CMD44675,CL0513,P063,20/05/2023,1,3011.65,livre,Tnja,Carte,LIV4,
CMD22853,CL0193,P061,2023-07-26,5,1133.8,en_cours,RBA,Carte,LIV10,
CMD41994,CL0350,P085,2024-05-11,5,619.13,KO,Tnja,Carte,,
CMD37560,CL0445,P049,2023-02-08,1,4431.86,LIVRE,kech,Carte,LIV6,2023-02-11
CMD40076,CL0133,P087,31/12/2023,2,2297.07,livre,marrakech,Carte,LIV4,
CMD03319,CL0955,P082,12/04/2023,4,4524.66,livré,casa,Carte,LIV9,2023-04-16
CMD08453,CL0789,P037,Aug 13 2023,4,1821.78,KO,Agadir,Carte,LIV10,
CMD47459,CL0111,P018,08/02/2023,3,2385.18,livré,TANGER,Carte,,2023-02-09
CMD22117,CL0508,P013,Oct 05 2023,2,4126.03,OK,kech,Carte,LIV2,
CMD09183,CL0821,P045,2023-12-31,1,463.88,en_cours,tanger,Carte,LIV7,
CMD11593,CL0368,P089,2024-02-29,1,4111.44,retourné,Tnja,Carte,LIV10,2024-03-04
CMD45568,CL0132,P047,24/09/2023,2,186.05,LIVRE,RBA,Carte,LIV7,2023-09-27
CMD21295,CL0377,P085,Apr 12 2023,2,642.28,DONE,RBA,Carte,LIV4,2023-04-14
CMD03022,CL0937,P068,21/09/2023,2,3352.34,en_cours,RBA,Carte,LIV5,
CMD48049,CL0577,P004,01/03/2023,4,3203.01,en_cours,tanger,Carte,LIV1,
CMD44241,CL0373,P046,May 14 2024,3,3353.89,en_cours,Agadir,Carte,LIV8,
CMD08084,CL0647,P038,May 25 2023,4,3751.57,DONE,TNG,Carte,LIV6,2023-05-30
CMD15672,CL0052,P069,Aug 19 2023,1,428.84,en_cours,TANGER,Carte,LIV5,
CMD43587,CL0794,P005,2024-03-30,2,4754.35,en_cours,Agadir,Carte,,
CMD32420,CL0297,P093,01/07/2023,5,4761.09,DONE,RBA,Carte,LIV2,2023-07-02
CMD33958,CL0356,P032,Feb 27 2023,2,1289.8,livre,casa,Carte,LIV9,
CMD47818,CL0758,P021,Sep 07 2023,2,2273.29,livré,RBA,Carte,,2023-09-11
CMD22349,CL0448,P097,2024-05-05,5,2282.64,retourné,TANGER,Carte,LIV2,2024-05-10
CMD16300,CL0336,P096,10/01/2023,2,2134.9,DONE,CASABLANCA,Carte,LIV2,2023-01-12
CMD34745,CL0743,P091,2023-11-20,4,3447.26,DONE,TANGER,Carte,LIV3,2023-11-22
CMD01275,CL0046,P049,Nov 01 2023,4,537.79,OK,RBA,Carte,LIV4,
CMD22071,CL0592,P021,2023-08-06,3,4765.43,livré,CASABLANCA,Carte,LIV10,2023-08-07
CMD06053,CL0349,P020,21/09/2023,5,4641.82,livré,RBA,Carte,LIV7,2023-09-25
CMD15138,CL0008,P015,2023-06-04,2,4483.09,livre,TNG,Carte,LIV6,
CMD02179,CL0698,P068,29/04/2023,3,2154.28,annulé,marrakech,Carte,,
CMD31287,CL0124,P067,2024-02-26,5,1530.39,annulé,TNG,Carte,LIV8,
CMD10594,CL0964,P023,17/03/2024,5,3060.06,KO,CASABLANCA,Carte,LIV5,
CMD08442,CL0819,P085,06/12/2023,2,1217.87,livré,kech,Carte,LIV3,2023-12-08
CMD43181,CL0563,P021,2023-01-14,5,323.88,annulé,Tnja,Carte,LIV5,
CMD44347,CL0006,P090,Aug 29 2023,2,4707.64,annulé,CASABLANCA,Carte,LIV3,
CMD48170,CL0698,P100,Oct 16 2023,2,3495.7,LIVRE,CASABLANCA,Carte,LIV9,2023-10-17
CMD39673,CL0365,P010,2023-04-10,2,2172.23,livre,Agadir,Carte,LIV8,
CMD44677,CL0742,P046,2023-02-23,5,3489.54,livré,Tnja,Carte,LIV5,2023-02-28
CMD23606,CL0188,P086,07/06/2023,2,1504.98,DONE,TANGER,Carte,LIV10,2023-06-11
CMD38054,CL0252,P047,2023-02-23,5,1918.34,LIVRE,Tnja,Carte,LIV3,2023-02-24
CMD20232,CL0509,P037,2023-01-01,1,3502.61,livré,RBA,Carte,LIV3,2023-01-03
CMD10732,CL0084,P006,31/07/2023,4,1469.39,OK,kech,Carte,LIV2,
CMD04604,CL0674,P002,2023-02-05,5,2946.22,en_cours,TNG,Carte,LIV9,
CMD30030,CL0231,P076,Jan 25 2023,4,2309.18,OK,CASABLANCA,Carte,,
CMD45907,CL0523,P009,Apr 22 2023,3,3172.69,KO,marrakech,Carte,LIV7,
CMD14043,CL0736,P061,24/11/2023,2,3534.81,livré,Tnja,Carte,LIV8,2023-11-26
CMD21038,CL0486,P100,05/01/2024,-1,280.65,LIVRE,kech,Carte,LIV5,2024-01-09
CMD38912,CL0717,P054,21/05/2023,1,2710.92,livré,Tnja,Carte,LIV6,2023-05-22
CMD28247,CL0594,P048,2023-07-27,4,54.19,livré,Tnja,Carte,LIV7,2023-07-29
CMD15347,CL0463,P092,2024-02-22,3,3898.97,LIVRE,tanger,Carte,LIV3,2024-02-27
CMD17016,CL0584,P027,22/03/2023,4,2639.83,KO,kech,Carte,LIV3,
CMD03990,CL0457,P051,2023-05-07,2,135.13,LIVRE,casa,Carte,LIV8,2023-05-08
CMD24936,CL0303,P060,Mar 30 2023,1,4212.33,retourné,CASABLANCA,Carte,LIV3,2023-04-03
CMD04961,CL0879,P035,Mar 23 2023,4,2283.41,retourné,kech,Carte,LIV2,2023-03-28
CMD31879,CL0612,P017,2024-02-01,4,4706.85,KO,TANGER,Carte,LIV4,
CMD43984,CL0778,P072,2024-01-08,3,1024.37,en_cours,kech,Carte,LIV8,
CMD12347,CL0765,P047,2023-08-08,5,119.6,livré,casa,Carte,LIV9,2023-08-11
CMD32898,CL0207,P060,2023-04-02,5,4832.28,KO,marrakech,Carte,LIV6,
CMD14618,CL0559,P018,Nov 12 2023,4,0,annulé,CASABLANCA,Carte,LIV2,
CMD24843,CL0280,P041,Mar 21 2023,1,4663.84,retourné,marrakech,Carte,LIV4,2023-03-22
CMD06867,CL0495,P094,2023-04-01,5,4480.65,en_cours,kech,Carte,LIV1,
CMD31589,CL0450,P056,2023-04-16,3,3411.77,retourné,Tnja,Carte,LIV7,2023-04-21
CMD42004,CL0363,P082,30/11/2023,2,3420.99,annulé,marrakech,Carte,LIV6,
CMD44126,CL0751,P095,2023-07-18,5,4344.18,livré,casa,Carte,LIV1,2023-07-21
CMD07510,CL0376,P058,27/12/2023,4,637.74,KO,CASABLANCA,Carte,,
CMD40841,CL0893,P030,Nov 05 2023,2,0,KO,Agadir,Carte,LIV9,
CMD34036,CL0703,P038,2023-03-20,2,1912.94,OK,Tnja,Carte,LIV4,
CMD40394,CL0310,P051,2023-04-03,1,3903.89,livre,Tnja,Carte,LIV6,
CMD45570,CL0671,P006,2023-03-16,3,3737.69,livré,TANGER,Carte,LIV4,2023-03-21
CMD08980,CL0672,P068,12/03/2024,3,3926.05,LIVRE,RBA,Carte,LIV8,2024-03-15
CMD33650,CL0182,P080,2023-06-15,4,453.35,KO,tanger,Carte,LIV10,
CMD13944,CL0148,P049,2023-10-08,5,1252.51,retourné,Tnja,Carte,LIV5,2023-10-12
CMD45867,CL0038,P097,2023-11-16,5,1091.41,LIVRE,kech,Carte,LIV1,2023-11-18
CMD09440,CL0197,P024,17/07/2023,5,2029.33,retourné,RBA,Carte,LIV8,2023-07-20
CMD02798,CL0855,P093,24/06/2023,3,1978.57,OK,kech,Carte,LIV1,
CMD13099,CL0409,P023,02/09/2023,4,2311.36,OK,TNG,Carte,LIV10,
CMD03162,CL0857,P083,02/04/2023,1,0,annulé,kech,Carte,LIV8,
CMD17923,CL0135,P003,Jun 16 2023,2,4619.39,DONE,RBA,Carte,LIV8,2023-06-21
CMD43046,CL0594,P057,16/03/2023,2,4083.43,OK,kech,Carte,LIV7,
CMD13811,CL0954,P021,Sep 13 2023,3,2169.02,en_cours,kech,Carte,LIV3,
CMD15475,CL0285,P092,Apr 01 2024,1,1086.8,livré,casa,Carte,LIV4,2024-04-03
CMD35131,CL0208,P009,01/09/2023,5,1944.1,livré,CASABLANCA,Carte,LIV10,2023-09-04
CMD27873,CL0299,P096,Jun 25 2023,2,2776.38,livré,TANGER,Carte,LIV3,2023-06-26
CMD23057,CL0286,P006,17/09/2023,4,338.5,livré,CASABLANCA,Carte,LIV5,2023-09-20
CMD03097,CL0490,P070,2024-03-30,4,725.56,DONE,kech,Carte,LIV3,2024-03-31
CMD45381,CL0141,P084,31/10/2023,1,3784.42,annulé,kech,Carte,LIV10,
CMD11414,CL0841,P025,2023-07-09,3,1766.44,OK,Agadir,Carte,LIV1,
CMD45804,CL0237,P035,Feb 21 2024,4,1338.69,en_cours,casa,Carte,LIV9,
CMD16600,CL0677,P039,2024-04-22,3,4425.97,livré,marrakech,Carte,LIV5,2024-04-23
CMD23906,CL0924,P021,2024-05-05,1,3956.87,en_cours,kech,Carte,,
CMD34675,CL0286,P075,Jun 23 2023,3,1461.53,livre,casa,Carte,LIV8,
CMD24315,CL0152,P027,2023-05-23,2,3664.42,livré,marrakech,Carte,LIV7,2023-05-26
CMD13407,CL0346,P097,2024-03-29,1,4871.57,livré,Tnja,Carte,LIV7,2024-03-31
CMD39894,CL0200,P016,Nov 11 2023,2,1689.19,DONE,TNG,Carte,LIV4,2023-11-12
CMD06911,CL0883,P017,Nov 25 2023,2,3375.24,livre,kech,Carte,LIV9,
CMD19085,CL0605,P071,Mar 14 2024,4,4442.5,retourné,marrakech,Carte,LIV7,2024-03-19
CMD31230,CL0776,P044,2023-11-24,5,1046.92,LIVRE,kech,Carte,LIV4,2023-11-25
CMD47170,CL0380,P001,Apr 27 2023,2,4561.15,KO,Agadir,Carte,LIV1,
CMD26673,CL0947,P049,09/06/2023,2,4454.93,livré,Agadir,Carte,LIV2,2023-06-11
CMD31721,CL0470,P050,23/06/2023,1,825.6,livré,TANGER,Carte,,2023-06-26
CMD46438,CL0066,P050,Aug 08 2023,4,4346.94,OK,kech,Carte,LIV6,
CMD47617,CL0531,P060,13/09/2023,4,1973.2,LIVRE,Agadir,Carte,LIV6,2023-09-17
CMD38330,CL0245,P003,Sep 26 2023,1,4560.73,livré,CASABLANCA,Carte,LIV8,2023-09-28
CMD43989,CL0103,P088,2024-04-14,5,3167.74,DONE,kech,Carte,LIV6,2024-04-15
CMD32058,CL0515,P021,2023-03-24,4,4464.75,annulé,TNG,Carte,LIV2,
CMD39863,CL0921,P081,2023-08-22,5,2447.37,retourné,Agadir,Carte,LIV1,2023-08-26
CMD28895,CL0063,P064,2023-01-02,4,1356.66,DONE,CASABLANCA,Carte,LIV5,2023-01-04
CMD22647,CL0272,P076,Sep 06 2023,3,4533.21,retourné,Agadir,Carte,LIV9,2023-09-09
CMD16229,CL0444,P002,2023-02-05,3,3884.48,livré,tanger,Carte,LIV8,2023-02-08
CMD32046,CL0746,P059,2023-02-13,3,2191.93,livré,tanger,Carte,,2023-02-16
CMD33500,CL0936,P008,Jun 25 2023,5,1608.02,livré,casa,Carte,LIV3,2023-06-30
CMD32138,CL0408,P025,Feb 18 2024,1,1367.41,livré,TANGER,Carte,LIV6,2024-02-19
CMD17117,CL0195,P052,Apr 04 2024,5,0,livre,casa,Carte,LIV4,
CMD04301,CL0603,P005,Nov 01 2023,5,3590.5,livré,TNG,Carte,LIV8,2023-11-02
CMD30332,CL0368,P037,Feb 05 2024,4,4516.71,OK,kech,Carte,LIV4,
CMD39322,CL0264,P049,2023-07-31,1,832.57,annulé,tanger,Carte,LIV4,
CMD26900,CL0266,P068,29/10/2023,3,4603.24,annulé,casa,Carte,LIV6,
CMD22996,CL0737,P024,2023-10-24,4,2469.34,livre,RBA,Carte,LIV10,
CMD38980,CL0559,P044,25/03/2023,3,4823.66,DONE,casa,Carte,LIV10,2023-03-29
CMD09802,CL0026,P028,05/05/2023,2,2428.44,livré,TNG,Carte,LIV9,2023-05-10
CMD13895,CL0257,P091,2024-05-13,4,4194.79,livré,TANGER,Carte,LIV9,2024-05-15
CMD41092,CL0382,P069,2023-07-08,4,1541.02,LIVRE,CASABLANCA,Carte,LIV1,2023-07-13
CMD36582,CL0518,P008,2023-09-15,3,2470.3,livré,marrakech,Carte,LIV6,2023-09-19
CMD16858,CL0002,P054,2023-10-12,2,1968.3,en_cours,TNG,Carte,LIV1,
CMD17373,CL0359,P057,2024-03-09,4,2479.88,annulé,TANGER,Carte,LIV4,
CMD15837,CL0161,P041,2024-02-06,1,539.49,retourné,Agadir,Carte,LIV9,2024-02-11
CMD47639,CL0240,P035,02/10/2023,2,651.71,LIVRE,RBA,Carte,LIV4,2023-10-06
CMD00409,CL0439,P081,2023-09-24,4,0,en_cours,TNG,Carte,,
CMD34990,CL0175,P024,31/03/2024,4,4381.98,livre,RBA,Carte,LIV1,
CMD44696,CL0043,P053,11/08/2023,3,1902.04,OK,casa,Carte,LIV5,
CMD22616,CL0692,P015,Jul 29 2023,3,2803.16,livre,TANGER,Carte,LIV4,
CMD04670,CL0662,P010,16/09/2023,2,285.47,livré,Agadir,Carte,LIV6,2023-09-19
CMD40309,CL0927,P077,2023-07-18,3,982.4,livre,TANGER,Carte,LIV3,
CMD44265,CL0010,P020,2024-02-07,1,4908.25,livré,tanger,Carte,LIV6,2024-02-11
CMD42406,CL0358,P028,Mar 23 2024,2,4450.63,livré,casa,Carte,LIV2,2024-03-26
CMD44880,CL0132,P059,2023-12-29,3,4789.1,livre,marrakech,Carte,LIV6,
CMD19174,CL0360,P037,12/07/2023,5,4689.36,LIVRE,RBA,Carte,LIV9,2023-07-17
CMD20705,CL0408,P056,15/03/2024,3,3938.57,retourné,RBA,Carte,LIV4,2024-03-20
CMD28498,CL0013,P034,2024-03-28,4,4825.26,livré,marrakech,Carte,LIV4,2024-03-29
CMD32659,CL0979,P021,Jul 16 2023,5,4908.7,livre,kech,Carte,LIV2,
CMD05788,CL0056,P065,13/09/2023,5,2012.75,livré,marrakech,Carte,LIV8,2023-09-18
CMD21305,CL0810,P026,Jun 03 2023,2,2771.42,KO,Tnja,Carte,LIV3,
CMD05073,CL0146,P060,2023-05-13,1,84.92,annulé,marrakech,Carte,LIV1,
CMD12562,CL0734,P014,Apr 23 2024,4,687.7,livré,TNG,Carte,LIV9,2024-04-24
CMD23695,CL0005,P099,Dec 29 2023,5,4118.41,retourné,TANGER,Carte,LIV5,2023-12-30
CMD37507,CL0466,P025,Nov 19 2023,1,2303.14,LIVRE,TNG,Carte,LIV3,2023-11-22
CMD14309,CL0973,P052,Oct 24 2023,5,1907.67,livre,RBA,Carte,LIV1,
CMD29655,CL0411,P011,23/02/2023,1,1572.93,OK,TANGER,Carte,LIV4,
CMD42732,CL0826,P020,29/03/2024,5,2484.48,KO,CASABLANCA,Carte,LIV7,
CMD28538,CL0263,P049,Nov 14 2023,5,2640.88,annulé,kech,Carte,LIV9,
CMD41544,CL0552,P050,10/03/2023,2,3053.46,livré,casa,Carte,LIV6,2023-03-11
CMD19021,CL0787,P019,01/04/2023,1,1281.98,LIVRE,marrakech,Carte,LIV3,2023-04-05
CMD02384,CL0001,P020,03/11/2023,5,4143.35,livre,casa,Carte,LIV4,
CMD24746,CL0109,P097,Feb 02 2024,5,1045.24,retourné,RBA,Carte,LIV9,2024-02-07
CMD10955,CL0673,P009,22/11/2023,5,1643.99,livré,TANGER,Carte,LIV2,2023-11-27
CMD35399,CL0731,P078,2023-12-17,3,3204.22,retourné,CASABLANCA,Carte,LIV8,2023-12-22
CMD23238,CL0411,P074,Dec 04 2023,1,1322.74,en_cours,RBA,Carte,LIV4,
CMD01322,CL0247,P056,2023-08-07,3,3645.37,annulé,marrakech,Carte,LIV7,
CMD21199,CL0582,P028,2024-04-04,5,2179.31,annulé,TANGER,Carte,LIV9,
CMD08406,CL0599,P003,Jul 06 2023,2,4095.56,livré,TNG,Carte,LIV8,2023-07-11
CMD14466,CL0212,P024,11/05/2023,4,4702.63,annulé,RBA,Carte,LIV4,
CMD05840,CL0696,P017,15/03/2023,3,2300.93,en_cours,kech,Carte,LIV1,
CMD02849,CL0050,P068,2023-04-29,-1,3433.13,livré,kech,Carte,LIV10,2023-04-30
CMD42617,CL0260,P045,May 03 2024,5,255.14,LIVRE,kech,Carte,LIV9,2024-05-06
CMD04232,CL0550,P004,14/03/2023,4,2317.11,OK,TANGER,Carte,LIV9,
CMD37617,CL0763,P086,2023-12-22,2,2805.35,livré,marrakech,Carte,LIV3,2023-12-24
CMD09918,CL0660,P076,Feb 07 2024,2,3796.93,annulé,kech,Carte,LIV1,
CMD27230,CL0134,P037,2023-03-09,1,2249.51,livré,TANGER,Carte,LIV9,2023-03-14
CMD16862,CL0654,P043,2023-04-27,3,402.53,annulé,Agadir,Carte,LIV1,
CMD12537,CL0983,P035,Jan 05 2023,2,4284.11,OK,CASABLANCA,Carte,LIV5,
CMD01218,CL0983,P100,Apr 06 2024,2,530.26,LIVRE,Agadir,Carte,LIV6,2024-04-07
CMD13546,CL0953,P057,05/09/2023,2,3884.89,livré,TNG,Carte,LIV3,2023-09-06
CMD11819,CL0936,P086,2024-05-11,1,3928.16,livré,Agadir,Carte,LIV2,2024-05-15
CMD36022,CL0700,P079,20/03/2023,1,2051.85,OK,TANGER,Carte,LIV9,
CMD22239,CL0535,P020,06/11/2023,1,3581.91,livré,Tnja,Carte,LIV9,2023-11-07
CMD01127,CL0456,P065,May 16 2023,4,391.97,annulé,Agadir,Carte,LIV5,
CMD05235,CL0075,P010,29/01/2023,2,3211.44,livré,Tnja,Carte,LIV1,2023-01-31
CMD35059,CL0946,P021,2023-07-08,2,3996.44,OK,RBA,Carte,LIV8,
CMD17661,CL0967,P088,2024-04-22,4,3280.37,OK,Tnja,Carte,LIV10,
CMD23000,CL0427,P083,2023-06-27,4,1073.27,retourné,Tnja,Carte,LIV3,2023-06-29
CMD17137,CL0161,P007,13/10/2023,5,57.16,OK,kech,Carte,LIV5,
CMD22758,CL0887,P062,2024-01-07,3,4393.22,DONE,kech,Carte,LIV3,2024-01-12
CMD23424,CL0092,P034,23/09/2023,3,4533.19,OK,Agadir,Carte,LIV2,
CMD26084,CL0559,P081,Dec 23 2023,1,1189.06,en_cours,casa,Carte,,
CMD07258,CL0754,P044,28/01/2023,5,1748.58,livré,Agadir,Carte,LIV9,2023-01-31
CMD04573,CL0659,P004,2023-09-09,1,2739.66,DONE,TNG,Carte,LIV6,2023-09-12
CMD22290,CL0691,P072,Feb 14 2023,1,1155.07,livre,TANGER,Carte,LIV7,
CMD34963,CL0039,P092,2023-04-14,3,3646.82,DONE,TANGER,Carte,LIV9,2023-04-15
CMD16155,CL0782,P055,Jan 14 2024,4,4390.56,livré,CASABLANCA,Carte,LIV10,2024-01-17
CMD33429,CL0122,P098,2023-08-08,5,4712.83,KO,tanger,Carte,LIV10,
CMD19568,CL0886,P057,13/05/2024,1,1041.77,livré,tanger,Carte,LIV8,2024-05-14
CMD27793,CL0911,P014,May 18 2023,1,2825.19,DONE,CASABLANCA,Carte,LIV9,2023-05-22
CMD11894,CL0198,P029,Sep 06 2023,4,4495.68,KO,casa,Carte,LIV8,
CMD20720,CL0300,P051,23/08/2023,2,3996.02,annulé,RBA,Carte,LIV6,
CMD05974,CL0777,P031,20/12/2023,5,4464.44,livre,kech,Carte,LIV4,
CMD06275,CL0626,P071,Jan 13 2023,5,3228.22,en_cours,TNG,Carte,,
CMD33014,CL0002,P068,15/03/2024,4,3646.47,LIVRE,TANGER,Carte,LIV2,2024-03-16
CMD43808,CL0321,P094,21/07/2023,5,3656.11,LIVRE,kech,Carte,LIV5,2023-07-26
CMD11435,CL0793,P079,2024-01-04,5,1737.98,KO,Tnja,Carte,LIV7,
CMD08075,CL0315,P026,2023-06-21,4,1295.78,livré,TNG,Carte,LIV4,2023-06-23
CMD23347,CL0006,P088,2023-11-24,4,3983.4,KO,RBA,Carte,LIV4,
CMD43012,CL0894,P002,Oct 01 2023,1,3487.57,retourné,Tnja,Carte,LIV8,2023-10-03
CMD26564,CL0253,P036,2023-10-14,4,2689.21,OK,Agadir,Carte,LIV9,
CMD21521,CL0920,P012,2023-10-20,4,152.43,DONE,CASABLANCA,Carte,LIV5,2023-10-21
CMD47039,CL0457,P100,09/03/2024,4,3154.28,DONE,marrakech,Carte,LIV1,2024-03-12
CMD38997,CL0145,P099,19/10/2023,5,1204.0,livré,casa,Carte,LIV3,2023-10-21
CMD25558,CL0282,P060,Jul 01 2023,1,2712.15,KO,RBA,Carte,LIV7,
CMD29853,CL0696,P059,05/05/2023,1,0,DONE,CASABLANCA,Carte,LIV10,2023-05-06
CMD28505,CL0165,P062,Sep 17 2023,5,3177.6,KO,Tnja,Carte,LIV7,
CMD44456,CL0129,P071,2023-02-21,5,2973.37,en_cours,CASABLANCA,Carte,LIV3,
CMD01926,CL0202,P042,28/11/2023,5,3070.22,DONE,marrakech,Carte,,2023-11-29
CMD05397,CL0556,P082,04/12/2023,4,2097.8,livré,kech,Carte,LIV9,2023-12-08
CMD11319,CL0360,P010,Jan 29 2023,5,2168.46,livré,tanger,Carte,LIV5,2023-02-03
CMD10648,CL0828,P017,Apr 12 2023,1,4985.4,livré,TANGER,Carte,LIV7,2023-04-17
CMD10114,CL0001,P055,12/04/2024,3,495.89,livré,RBA,Carte,LIV5,2024-04-15
CMD27423,CL0386,P071,Oct 10 2023,1,3241.05,DONE,TNG,Carte,LIV4,2023-10-12
CMD15565,CL0803,P066,16/03/2023,1,206.55,livré,casa,Carte,LIV3,2023-03-18
CMD37338,CL0743,P095,2023-03-01,-1,4382.83,OK,casa,Carte,LIV1,
CMD47344,CL0775,P078,03/06/2023,3,731.02,livré,marrakech,Carte,LIV3,2023-06-06
CMD40310,CL0971,P029,2024-03-16,5,2550.23,livre,Agadir,Carte,LIV1,
CMD32738,CL0869,P005,2024-02-09,2,4247.62,annulé,Tnja,Carte,,
CMD22424,CL0923,P076,02/05/2024,3,2408.88,en_cours,kech,Carte,LIV6,
CMD42952,CL0259,P054,Mar 08 2023,-1,350.5,annulé,RBA,Carte,LIV9,
CMD06945,CL0605,P019,25/05/2023,2,192.35,livré,TNG,Carte,,2023-05-28
CMD34689,CL0720,P032,Nov 11 2023,1,0,livré,RBA,Carte,LIV9,2023-11-12
CMD33737,CL0611,P033,24/12/2023,5,2812.31,DONE,kech,Carte,LIV8,2023-12-29
CMD17828,CL0967,P044,2023-10-18,3,2360.57,LIVRE,Agadir,Carte,LIV1,2023-10-23
CMD47461,CL0960,P045,Feb 27 2023,3,4004.43,livré,Tnja,Carte,LIV5,2023-03-03
CMD18235,CL0738,P039,Oct 27 2023,1,442.09,livré,TANGER,Carte,LIV4,2023-10-31
CMD34048,CL0082,P061,27/10/2023,3,4827.32,OK,Tnja,Carte,,
CMD40913,CL0946,P002,Jun 14 2023,4,2766.39,livré,casa,Carte,LIV1,2023-06-18
CMD15181,CL0397,P049,2024-03-17,5,2620.83,livré,CASABLANCA,Carte,LIV4,2024-03-21
CMD37833,CL0503,P090,2024-02-29,4,879.25,livre,TANGER,Carte,LIV8,
CMD41438,CL0536,P053,09/02/2024,3,4676.15,DONE,TNG,Carte,LIV9,2024-02-10
CMD03290,CL0946,P002,2023-12-17,2,2220.23,annulé,kech,Carte,LIV6,
CMD06137,CL0017,P093,Feb 15 2024,1,1370.4,retourné,TANGER,Carte,LIV3,2024-02-16
CMD32262,CL0404,P017,29/02/2024,1,1706.68,LIVRE,TNG,Carte,LIV9,2024-03-01
CMD34129,CL0995,P009,29/06/2023,1,3268.63,en_cours,CASABLANCA,Carte,,
CMD47122,CL0792,P027,Feb 20 2023,5,3943.77,en_cours,Agadir,Carte,LIV5,
CMD14017,CL0570,P074,2023-08-10,1,2512.72,livré,RBA,Carte,,2023-08-12
CMD18269,CL0655,P027,17/04/2023,2,4794.26,livré,marrakech,Carte,LIV2,2023-04-22
CMD07490,CL0753,P077,2024-03-24,2,0,OK,CASABLANCA,Carte,LIV9,
CMD34457,CL0761,P085,Mar 12 2023,5,4704.59,annulé,Agadir,Carte,LIV7,
CMD37858,CL0578,P003,2023-03-25,5,3201.42,en_cours,Agadir,Carte,LIV2,
CMD47339,CL0396,P036,Apr 19 2024,5,2478.82,KO,Tnja,Carte,LIV10,
CMD29529,CL0205,P037,2023-12-06,3,3479.79,livré,TNG,Carte,LIV10,2023-12-08
CMD22235,CL0948,P036,Mar 19 2023,5,3427.67,en_cours,marrakech,Carte,LIV9,
CMD34553,CL0138,P053,14/07/2023,5,3852.03,livre,casa,Carte,LIV10,
CMD07618,CL0858,P087,Aug 08 2023,2,1491.7,LIVRE,TNG,Carte,LIV7,2023-08-11
CMD08590,CL0134,P085,Sep 27 2023,3,2694.22,livre,casa,Carte,LIV3,
CMD12697,CL0744,P013,27/01/2023,5,3633.72,DONE,RBA,Carte,LIV5,2023-01-30
CMD01872,CL0350,P036,2023-08-28,3,1181.82,livré,Tnja,Carte,LIV4,2023-09-02
CMD07219,CL0688,P003,25/12/2023,4,4372.39,LIVRE,Agadir,Carte,LIV7,2023-12-30
CMD15683,CL0438,P007,2023-06-21,1,2618.29,OK,CASABLANCA,Carte,LIV6,
CMD46365,CL0067,P097,12/07/2023,3,1747.95,livré,Tnja,Carte,LIV6,2023-07-16
CMD17172,CL0302,P092,2024-01-04,1,435.39,en_cours,marrakech,Carte,LIV10,
CMD03722,CL0036,P052,2023-05-16,4,2331.1,livré,TANGER,Carte,LIV2,2023-05-19
CMD01371,CL0609,P066,2023-04-15,3,4803.72,livré,Agadir,Carte,,2023-04-19
CMD41520,CL0104,P099,Mar 01 2024,5,2519.12,livré,Tnja,Carte,LIV1,2024-03-06
CMD25641,CL0963,P073,Jan 19 2024,4,1300.59,annulé,Agadir,Carte,LIV7,
CMD33354,CL0109,P061,2024-02-02,3,4084.28,livre,Tnja,Carte,LIV1,
CMD22324,CL0697,P075,2024-04-19,2,373.66,DONE,tanger,Carte,LIV6,2024-04-22
CMD26245,CL0933,P013,02/01/2023,1,3958.63,livré,tanger,Carte,,2023-01-07
CMD12756,CL0311,P038,May 01 2024,5,2105.32,KO,kech,Carte,,
CMD06456,CL0723,P086,12/12/2023,2,473.1,OK,casa,Carte,,
CMD23996,CL0856,P034,12/01/2023,3,1679.75,livré,TANGER,Carte,LIV3,2023-01-15
CMD37836,CL0302,P012,16/01/2024,2,3019.53,livre,Agadir,Carte,LIV7,
CMD27092,CL0981,P095,29/10/2023,2,1912.73,livre,Tnja,Carte,LIV2,
CMD01836,CL0518,P071,Apr 13 2024,5,3810.54,livré,Tnja,Carte,LIV1,2024-04-18
CMD27038,CL0783,P021,Nov 11 2023,5,522.62,LIVRE,tanger,Carte,LIV3,2023-11-12
CMD14080,CL0814,P017,2024-03-23,5,1954.66,KO,casa,Carte,LIV9,
CMD42863,CL0009,P004,Jan 19 2023,4,1360.52,retourné,Tnja,Carte,LIV10,2023-01-20
CMD22854,CL0042,P069,Jan 21 2023,4,612.24,livré,tanger,Carte,LIV7,2023-01-22
CMD41839,CL0024,P073,25/10/2023,1,2202.88,DONE,RBA,Carte,LIV1,2023-10-27
CMD15072,CL0412,P024,04/06/2023,4,2586.67,livré,RBA,Carte,,2023-06-06
CMD13751,CL0857,P094,28/06/2023,5,3752.49,en_cours,tanger,Carte,LIV8,
CMD00377,CL0624,P062,07/11/2023,4,2841.43,livre,casa,Carte,LIV6,
CMD42991,CL0239,P085,08/12/2023,5,2449.68,livré,tanger,Carte,LIV1,2023-12-11
CMD20155,CL0458,P090,2024-05-09,1,2994.37,livré,RBA,Carte,LIV5,2024-05-12
CMD33836,CL0207,P045,Feb 04 2024,3,2559.79,livre,casa,Carte,LIV7,
CMD45898,CL0069,P005,2023-02-23,1,2355.7,livre,RBA,Carte,LIV7,
CMD09543,CL0427,P031,05/05/2024,3,2395.4,livre,marrakech,Carte,LIV7,
CMD47409,CL0114,P081,19/03/2024,2,2377.8,livré,Tnja,Carte,LIV4,2024-03-24
CMD03355,CL0907,P054,2023-06-04,5,4319.11,annulé,marrakech,Carte,LIV10,
CMD43243,CL0357,P001,May 15 2024,5,1142.88,annulé,marrakech,Carte,LIV9,
CMD44864,CL0276,P020,17/09/2023,4,1953.82,livré,tanger,Carte,LIV6,2023-09-18
CMD42165,CL0594,P072,04/02/2024,3,4960.62,KO,TANGER,Carte,LIV1,
CMD31823,CL0347,P100,2023-01-31,4,1740.13,annulé,TANGER,Carte,LIV5,
CMD30785,CL0505,P072,Jun 16 2023,4,3219.49,DONE,Agadir,Carte,LIV8,2023-06-18
CMD06307,CL0797,P030,13/06/2023,4,2083.54,KO,TNG,Carte,LIV7,
CMD10439,CL0725,P064,29/03/2023,-1,902.66,retourné,casa,Carte,LIV7,2023-04-03
CMD01995,CL0848,P021,15/12/2023,3,2800.73,OK,TANGER,Carte,LIV3,
CMD33679,CL0972,P017,2023-09-19,5,170.2,livre,TNG,Carte,LIV9,
CMD06370,CL0053,P063,Aug 12 2023,4,1527.77,retourné,CASABLANCA,Carte,LIV5,2023-08-17
CMD40630,CL0179,P092,2023-07-30,5,2127.32,LIVRE,marrakech,Carte,LIV6,2023-08-03
CMD33972,CL0071,P073,May 01 2024,3,3419.41,livré,CASABLANCA,Carte,LIV1,2024-05-04
CMD32378,CL0317,P077,2024-03-30,5,272.02,DONE,marrakech,Carte,LIV6,2024-03-31
CMD28113,CL0949,P056,30/03/2024,3,3967.51,livré,kech,Carte,LIV1,2024-04-02
CMD29006,CL0227,P095,Dec 23 2023,2,215.64,DONE,RBA,Carte,LIV1,2023-12-27
CMD23624,CL0132,P084,2023-07-13,5,3268.09,annulé,Agadir,Carte,LIV2,
CMD42455,CL0993,P079,Feb 08 2024,4,2280.97,en_cours,Agadir,Carte,LIV9,
CMD43375,CL0640,P062,14/04/2024,3,2749.39,livré,TNG,Carte,LIV6,2024-04-15
CMD37266,CL0100,P031,Feb 22 2024,4,120.42,DONE,casa,Carte,LIV10,2024-02-27
CMD41553,CL0495,P031,2023-01-10,5,1853.31,livré,casa,Carte,LIV5,2023-01-11
CMD38155,CL0751,P073,22/01/2024,1,2760.25,livre,kech,Carte,LIV9,
CMD12894,CL0865,P068,2023-06-17,5,3999.57,OK,casa,Carte,LIV1,
CMD23256,CL0473,P044,14/04/2023,3,3844.93,livré,CASABLANCA,Carte,LIV2,2023-04-19
CMD01541,CL0683,P074,Feb 23 2023,2,3105.12,OK,RBA,Carte,LIV5,
CMD33812,CL0891,P020,2023-12-03,1,3639.08,KO,TNG,Carte,LIV2,
CMD46923,CL0060,P079,24/02/2023,5,3162.46,OK,kech,Carte,LIV2,
CMD01103,CL0188,P097,01/07/2023,1,1900.63,annulé,kech,Carte,LIV7,
CMD30732,CL0144,P030,Feb 16 2024,2,837.05,KO,Agadir,Carte,LIV1,
CMD09438,CL0961,P068,Jul 22 2023,2,3183.17,livré,Agadir,Carte,,2023-07-25
CMD30506,CL0145,P036,May 05 2024,1,4815.87,livre,kech,Carte,LIV2,
CMD11966,CL0906,P017,2023-05-11,3,2928.45,DONE,tanger,Carte,LIV8,2023-05-16
CMD20896,CL0922,P008,2024-01-17,5,1255.81,OK,TNG,Carte,,
CMD17611,CL0827,P076,2023-09-15,5,2457.91,LIVRE,Tnja,Carte,LIV5,2023-09-19
CMD31229,CL0721,P040,Mar 23 2023,1,4737.31,en_cours,CASABLANCA,Carte,LIV5,
CMD07050,CL0325,P010,20/10/2023,3,431.48,livré,TNG,Carte,LIV8,2023-10-21
CMD37283,CL0561,P006,15/03/2024,4,2325.67,livre,TANGER,Carte,LIV7,
CMD19667,CL0829,P082,12/05/2023,3,2299.32,retourné,marrakech,Carte,LIV2,2023-05-17
CMD45368,CL0873,P052,2023-06-12,3,608.43,livré,CASABLANCA,Carte,LIV4,2023-06-13
CMD05574,CL0766,P010,Aug 21 2023,1,4531.31,en_cours,CASABLANCA,Carte,LIV8,
CMD03889,CL0694,P045,22/05/2023,4,3946.05,annulé,CASABLANCA,Carte,LIV8,
CMD21993,CL0092,P020,20/04/2024,5,2969.77,KO,Agadir,Carte,LIV6,
CMD00996,CL0871,P079,14/11/2023,2,1907.19,en_cours,kech,Carte,LIV9,
CMD19954,CL0692,P066,2023-11-16,1,2767.27,DONE,kech,Carte,LIV7,2023-11-17
CMD01793,CL0361,P016,Jul 22 2023,4,4645.4,LIVRE,TANGER,Carte,LIV10,2023-07-24
CMD44758,CL0895,P080,2023-07-21,4,4668.76,livre,CASABLANCA,Carte,LIV10,
CMD44764,CL0271,P009,2023-06-26,4,4348.86,DONE,Tnja,Carte,LIV10,2023-06-28
CMD44297,CL0873,P008,07/01/2024,5,1959.89,DONE,tanger,Carte,LIV3,2024-01-12
CMD34382,CL0507,P002,Apr 21 2023,4,3944.27,KO,Agadir,Carte,LIV2,
CMD40048,CL0875,P043,2023-04-16,5,975.2,annulé,casa,Carte,LIV9,
CMD30092,CL0476,P064,Jan 21 2023,2,4913.51,en_cours,Agadir,Carte,LIV7,
CMD37740,CL0686,P053,24/02/2024,4,1539.22,livré,casa,Carte,LIV3,2024-02-28
CMD30246,CL0792,P042,20/03/2023,4,836.7,livré,CASABLANCA,Carte,,2023-03-25
CMD37138,CL0731,P051,2024-02-02,5,2309.28,OK,RBA,Carte,LIV8,
CMD39722,CL0387,P060,02/08/2023,3,2772.33,livré,tanger,Carte,LIV9,2023-08-05
CMD09230,CL0432,P040,Apr 05 2023,3,3766.7,livré,CASABLANCA,Carte,LIV4,2023-04-08
CMD45279,CL0222,P098,2023-09-19,4,1331.73,LIVRE,CASABLANCA,Carte,LIV4,2023-09-20
CMD44596,CL0933,P078,Aug 02 2023,5,412.39,en_cours,Agadir,Carte,,
CMD05696,CL0273,P098,Mar 13 2024,1,3582.39,annulé,TANGER,Carte,LIV3,
CMD19137,CL0371,P036,2023-02-07,2,802.3,annulé,TANGER,Carte,LIV5,
CMD01642,CL0444,P011,28/04/2023,1,929.27,LIVRE,casa,Carte,LIV7,2023-05-02
CMD45155,CL0532,P022,2023-06-03,1,3210.56,annulé,casa,Carte,LIV4,
CMD39038,CL0138,P015,2024-05-02,4,3862.97,retourné,Tnja,Carte,LIV5,2024-05-04
CMD47292,CL0743,P075,22/01/2024,5,3454.48,annulé,tanger,Carte,LIV10,
CMD22080,CL0552,P038,2023-03-31,5,584.38,livre,Tnja,Carte,LIV9,
CMD26177,CL0388,P022,Mar 06 2024,-1,2897.91,livré,kech,Carte,LIV10,2024-03-11
CMD46717,CL0189,P014,2024-01-06,2,3272.74,livré,Tnja,Carte,LIV8,2024-01-11
CMD18764,CL0956,P039,2024-02-03,1,2168.96,en_cours,CASABLANCA,Carte,LIV8,
CMD00790,CL0776,P031,Feb 28 2023,1,2163.27,DONE,kech,Carte,LIV7,2023-03-02
CMD42913,CL0768,P008,2023-07-17,5,1943.85,LIVRE,marrakech,Carte,LIV8,2023-07-18
CMD17182,CL0917,P025,Apr 15 2024,1,1384.08,LIVRE,TANGER,Carte,LIV7,2024-04-17
CMD18729,CL0276,P055,2024-02-18,4,4702.53,KO,TANGER,Carte,LIV5,
CMD29638,CL0239,P069,2023-07-11,1,2349.81,livre,RBA,Carte,LIV10,
CMD43283,CL0500,P007,2024-01-10,5,1260.0,DONE,kech,Carte,LIV3,2024-01-13
CMD43146,CL0501,P071,Apr 03 2023,2,4246.3,DONE,Agadir,Carte,LIV7,2023-04-06
CMD40352,CL0489,P055,25/12/2023,3,4312.32,annulé,casa,Carte,LIV3,
CMD45250,CL0666,P007,24/02/2023,1,2266.39,LIVRE,casa,Carte,LIV4,2023-02-25
CMD26878,CL0260,P075,Feb 19 2023,5,0,en_cours,tanger,Carte,LIV10,
CMD08489,CL0236,P076,2023-03-31,5,2554.23,livré,CASABLANCA,Carte,LIV7,2023-04-03
CMD43643,CL0546,P042,29/10/2023,4,1340.44,OK,kech,Carte,LIV3,
CMD22684,CL0462,P074,2023-09-16,5,4512.78,livré,TANGER,Carte,LIV2,2023-09-18
CMD28264,CL0456,P004,2024-01-28,2,2208.57,livre,tanger,Carte,LIV4,
CMD37402,CL0984,P001,2024-05-14,3,3050.51,retourné,casa,Carte,LIV3,2024-05-17
CMD18960,CL0812,P043,Mar 21 2023,3,724.46,DONE,TNG,Carte,LIV6,2023-03-26
CMD03741,CL0111,P083,Feb 01 2024,3,4497.02,livré,CASABLANCA,Carte,LIV8,2024-02-05
CMD02413,CL0304,P014,Mar 09 2023,1,1108.74,OK,casa,Carte,LIV1,
CMD46389,CL0803,P037,2023-02-11,4,3341.33,annulé,marrakech,Carte,LIV6,
CMD28622,CL0722,P003,2023-06-15,1,1447.71,OK,TANGER,Carte,LIV2,
CMD30077,CL0989,P067,2023-04-08,3,1812.44,en_cours,TANGER,Carte,LIV3,
CMD29871,CL0797,P029,Jul 21 2023,1,2107.02,livre,CASABLANCA,Carte,LIV8,
CMD13093,CL0565,P007,Feb 10 2024,5,1196.2,LIVRE,Tnja,Carte,LIV3,2024-02-15
CMD09078,CL0059,P094,Nov 09 2023,2,4356.24,en_cours,RBA,Carte,LIV4,
CMD43421,CL0013,P006,27/02/2024,2,3480.96,DONE,kech,Carte,LIV5,2024-03-02
CMD22156,CL0971,P058,06/05/2024,5,3951.39,livré,kech,Carte,LIV9,2024-05-11
CMD24506,CL0328,P039,23/01/2024,5,2799.24,DONE,CASABLANCA,Carte,LIV7,2024-01-27
CMD01805,CL0763,P040,28/07/2023,1,0,OK,marrakech,Carte,LIV9,
CMD25062,CL0896,P081,2023-04-22,4,819.97,livré,kech,Carte,LIV6,2023-04-24
CMD25468,CL0462,P061,23/04/2024,2,2928.24,KO,casa,Carte,LIV2,
CMD08400,CL0005,P093,2023-05-02,1,903.99,livré,TNG,Carte,LIV6,2023-05-05
CMD06949,CL0128,P007,02/04/2023,5,1299.41,KO,TNG,Carte,,
CMD22224,CL0898,P052,29/10/2023,4,1906.09,livré,casa,Carte,LIV5,2023-10-30
CMD12054,CL0415,P070,May 26 2023,4,4096.34,KO,marrakech,Carte,LIV8,
CMD08604,CL0893,P096,15/12/2023,3,3575.87,KO,Tnja,Carte,LIV10,
CMD39437,CL0258,P079,10/03/2024,2,4249.88,annulé,Tnja,Carte,LIV8,
CMD43055,CL0096,P080,25/10/2023,2,4150.55,KO,TANGER,Carte,LIV8,
CMD00591,CL0165,P043,Jan 15 2023,5,4548.78,livré,tanger,Carte,LIV10,2023-01-18
CMD46039,CL0762,P031,20/03/2024,1,4585.34,livré,kech,Carte,LIV8,2024-03-23
CMD41230,CL0020,P086,2024-02-02,5,4105.12,OK,CASABLANCA,Carte,,
CMD03687,CL0689,P068,2023-10-22,1,1729.79,KO,TANGER,Carte,LIV8,
CMD02969,CL0485,P040,May 10 2023,1,4799.28,livré,Tnja,Carte,LIV2,2023-05-12
CMD35051,CL0395,P054,21/04/2023,1,3975.79,retourné,TANGER,Carte,LIV10,2023-04-25
CMD34113,CL0393,P063,2024-01-12,5,3404.92,retourné,Agadir,Carte,LIV2,2024-01-17
CMD10482,CL0979,P041,Apr 29 2023,4,598.11,en_cours,marrakech,Carte,LIV2,
CMD32326,CL0104,P005,22/07/2023,2,1089.99,DONE,RBA,Carte,LIV8,2023-07-24
CMD47557,CL0222,P017,2023-08-14,2,971.59,KO,TNG,Carte,LIV4,
CMD11361,CL0933,P082,Mar 21 2024,4,1562.03,OK,RBA,Carte,LIV2,
CMD17230,CL0299,P075,14/01/2024,2,1830.32,OK,Agadir,Carte,,
CMD35996,CL0527,P077,2023-08-08,3,531.64,annulé,TANGER,Carte,LIV5,
CMD41686,CL0617,P016,2023-03-06,1,3604.69,LIVRE,casa,Carte,LIV9,2023-03-08
CMD04842,CL0936,P047,07/08/2023,5,4982.27,livré,kech,Carte,LIV7,2023-08-09
CMD28084,CL0404,P086,02/03/2024,3,4451.03,livré,CASABLANCA,Carte,LIV9,2024-03-07
CMD14533,CL0480,P086,24/09/2023,4,3768.45,livré,TNG,Carte,LIV10,2023-09-27
CMD45662,CL0147,P052,05/10/2023,3,3236.54,livré,tanger,Carte,,2023-10-06
CMD36765,CL0603,P097,Mar 24 2024,1,3094.36,annulé,TNG,Carte,LIV5,
CMD33558,CL0270,P039,2023-10-03,3,4722.28,livré,marrakech,Carte,LIV4,2023-10-06
CMD03188,CL0393,P100,17/01/2023,2,3224.68,annulé,TANGER,Carte,LIV8,
CMD48430,CL0330,P058,09/05/2024,1,174.72,OK,casa,Carte,LIV8,
CMD13296,CL0711,P006,22/01/2023,3,2389.06,en_cours,Tnja,Carte,LIV4,
CMD00417,CL0931,P069,26/03/2024,1,2210.53,KO,TANGER,Carte,LIV5,
CMD38018,CL0847,P029,Jun 22 2023,2,506.8,retourné,CASABLANCA,Carte,LIV2,2023-06-25
CMD18748,CL0100,P074,12/06/2023,1,639.43,retourné,tanger,Carte,LIV6,2023-06-17
CMD31952,CL0699,P011,Nov 10 2023,3,92.6,annulé,casa,Carte,LIV3,
CMD39372,CL0883,P062,26/03/2024,3,2441.62,KO,TNG,Carte,LIV1,
CMD17758,CL0488,P056,Mar 06 2023,4,1191.88,retourné,Tnja,Carte,,2023-03-10
CMD10786,CL0930,P032,16/01/2024,5,2318.68,livre,CASABLANCA,Carte,LIV1,
CMD05708,CL0423,P029,2024-02-07,2,1245.64,annulé,TANGER,Carte,LIV9,
CMD46321,CL0662,P066,2024-04-09,2,1284.69,DONE,CASABLANCA,Carte,LIV7,2024-04-10
CMD23550,CL0693,P028,2023-03-20,4,2159.25,retourné,tanger,Carte,LIV1,2023-03-22
CMD45879,CL0477,P028,15/05/2023,4,4671.76,KO,Agadir,Carte,LIV10,
CMD23854,CL0531,P060,2023-01-07,5,4767.46,en_cours,TNG,Carte,LIV3,
CMD08237,CL0446,P052,2023-06-30,1,3161.43,livré,casa,Carte,LIV1,2023-07-02
CMD04742,CL0230,P018,Jan 20 2023,2,1531.34,livre,TNG,Carte,LIV6,
CMD47158,CL0116,P005,Feb 01 2024,1,4142.93,en_cours,CASABLANCA,Carte,LIV8,
CMD28186,CL0892,P010,20/10/2023,5,3970.93,livre,casa,Carte,LIV7,
CMD07400,CL0747,P057,2024-03-09,4,2655.54,livré,Agadir,Carte,LIV4,2024-03-13
CMD18740,CL0111,P027,Oct 12 2023,4,4281.58,DONE,Tnja,Carte,LIV7,2023-10-17
CMD30390,CL0754,P066,10/01/2023,2,3634.31,livre,kech,Carte,LIV10,
CMD22934,CL0476,P015,14/08/2023,1,1314.24,en_cours,marrakech,Carte,LIV1,
CMD30992,CL0418,P069,Aug 29 2023,3,3995.88,livré,Agadir,Carte,LIV4,2023-09-02
CMD30793,CL0758,P022,2023-02-03,4,1278.32,livré,casa,Carte,LIV1,2023-02-04
CMD01513,CL0235,P091,20/09/2023,5,799.79,KO,kech,Carte,LIV8,
CMD46988,CL0147,P019,26/04/2023,5,2812.21,annulé,CASABLANCA,Carte,LIV5,
CMD44584,CL0857,P030,2023-05-01,5,4634.54,livré,casa,Carte,LIV7,2023-05-02
CMD39297,CL0763,P046,2024-03-02,1,947.41,OK,TANGER,Carte,LIV10,
CMD00590,CL0449,P051,06/10/2023,5,2167.04,livré,Agadir,Carte,LIV7,2023-10-11
CMD43713,CL0945,P026,2024-04-10,3,1359.96,livré,TNG,Carte,LIV6,2024-04-12
CMD05931,CL0140,P024,2023-01-04,5,391.96,livré,kech,Carte,LIV2,2023-01-06
CMD10658,CL0956,P091,2024-03-09,3,3523.62,annulé,TNG,Carte,LIV6,
CMD00112,CL0605,P094,2023-05-05,4,0,OK,Tnja,Carte,LIV8,
CMD03663,CL0008,P029,28/02/2023,5,2989.1,KO,RBA,Carte,LIV10,
CMD47457,CL0183,P090,Sep 08 2023,5,3235.81,livré,marrakech,Carte,LIV7,2023-09-10
CMD45984,CL0627,P040,04/11/2023,5,1971.9,DONE,CASABLANCA,Carte,LIV3,2023-11-08
CMD13835,CL0507,P032,May 08 2023,5,1028.64,livré,Agadir,Carte,LIV8,2023-05-12
CMD42543,CL0001,P014,Jan 01 2023,2,2072.61,retourné,RBA,Carte,LIV10,2023-01-06
CMD33630,CL0363,P037,2023-08-30,2,3901.24,annulé,Tnja,Carte,LIV3,
CMD15527,CL0423,P058,18/08/2023,2,2362.87,KO,kech,Carte,LIV7,
CMD41928,CL0040,P057,2024-02-18,5,3998.63,livré,tanger,Carte,LIV1,2024-02-20
CMD29001,CL0250,P072,06/02/2024,5,3558.82,en_cours,TNG,Carte,LIV2,
CMD06938,CL0989,P029,2024-04-25,2,3593.59,en_cours,casa,Carte,LIV9,
CMD08004,CL0633,P062,15/02/2023,1,704.07,retourné,CASABLANCA,Carte,LIV2,2023-02-16
CMD04943,CL0590,P033,2023-04-25,2,758.31,DONE,RBA,Carte,LIV8,2023-04-29
CMD23216,CL0602,P086,06/12/2023,5,3291.13,livre,TNG,Carte,LIV10,
CMD28257,CL0755,P060,22/08/2023,1,530.59,retourné,TNG,Carte,LIV4,2023-08-25
CMD23340,CL0559,P042,Apr 21 2024,5,1950.29,OK,RBA,Carte,LIV8,
CMD40458,CL0663,P050,Aug 14 2023,3,335.31,en_cours,marrakech,Carte,LIV4,
CMD25830,CL0023,P018,Mar 07 2023,4,3130.07,DONE,Tnja,Carte,LIV1,2023-03-11
CMD02939,CL0010,P037,2023-01-21,4,670.25,livré,Tnja,Carte,LIV3,2023-01-24
CMD10385,CL0250,P086,Sep 19 2023,2,2400.54,DONE,CASABLANCA,Carte,LIV8,2023-09-21
CMD11886,CL0089,P006,2023-04-07,3,3971.99,livré,Tnja,Carte,LIV4,2023-04-12
CMD44176,CL0541,P033,2024-02-13,1,2862.43,KO,Tnja,Carte,LIV9,
CMD31885,CL0639,P011,2023-04-13,5,1411.0,annulé,RBA,Carte,LIV6,
CMD44054,CL0141,P077,Jun 28 2023,4,264.3,DONE,Tnja,Carte,LIV10,2023-06-30
CMD23866,CL0854,P026,02/01/2023,4,2569.72,livre,Agadir,Carte,LIV8,
CMD20399,CL0391,P012,06/05/2023,3,92.97,KO,CASABLANCA,Carte,LIV5,
CMD32834,CL0435,P058,Nov 28 2023,-1,2411.91,en_cours,RBA,Carte,LIV8,
CMD11716,CL0581,P037,2023-09-06,1,788.29,livre,TNG,Carte,LIV7,
CMD46623,CL0182,P088,2023-08-31,5,4836.45,DONE,Tnja,Carte,LIV3,2023-09-01
CMD45543,CL0675,P091,06/08/2023,1,3775.57,annulé,Tnja,Carte,LIV7,
CMD10043,CL0883,P091,Jan 16 2024,1,3117.53,OK,Agadir,Carte,LIV8,
CMD07893,CL0010,P020,01/04/2023,3,3380.0,annulé,CASABLANCA,Carte,LIV6,
CMD31805,CL0707,P008,2023-07-10,1,0,OK,tanger,Carte,LIV3,
CMD35913,CL0555,P055,26/07/2023,3,4703.56,annulé,tanger,Carte,LIV6,
CMD34046,CL0266,P056,2024-05-13,2,3792.95,livré,RBA,Carte,LIV9,2024-05-16
CMD32376,CL0333,P094,04/01/2024,5,830.92,livré,Agadir,Carte,LIV5,2024-01-06
CMD13328,CL0703,P044,29/03/2023,4,2575.8,KO,TANGER,Carte,LIV5,
CMD14105,CL0655,P036,14/04/2023,3,3298.57,annulé,Agadir,Carte,LIV10,
CMD18185,CL0385,P043,2024-04-05,1,1517.0,LIVRE,casa,Carte,LIV6,2024-04-09
CMD23710,CL0978,P075,2023-11-02,3,766.29,LIVRE,tanger,Carte,LIV2,2023-11-06
CMD13514,CL0199,P045,2023-07-07,3,4284.04,livré,Tnja,Carte,LIV9,2023-07-12
CMD25309,CL0640,P030,20/07/2023,4,3360.76,en_cours,RBA,Carte,LIV2,
CMD46939,CL0672,P039,Nov 14 2023,3,1371.11,LIVRE,Agadir,Carte,,2023-11-19
CMD09627,CL0981,P014,20/12/2023,2,1094.19,livré,TANGER,Carte,LIV2,2023-12-25
CMD42885,CL0768,P031,2023-07-15,2,4120.84,OK,casa,Carte,LIV9,
CMD06773,CL0128,P069,2023-08-03,2,760.07,livré,kech,Carte,LIV4,2023-08-07
CMD26283,CL0618,P098,2023-06-20,4,4366.53,livré,Tnja,Carte,,2023-06-24
CMD05023,CL0028,P070,Sep 02 2023,5,475.6,LIVRE,RBA,Carte,LIV3,2023-09-04
CMD30038,CL0677,P098,16/07/2023,3,3268.28,livre,casa,Carte,LIV8,
CMD14386,CL0205,P098,May 15 2023,5,1499.4,annulé,kech,Carte,LIV7,
CMD09535,CL0966,P015,2024-01-14,4,364.7,KO,Agadir,Carte,LIV10,
CMD01073,CL0443,P079,14/02/2023,1,0,DONE,TNG,Carte,LIV6,2023-02-16
CMD28921,CL0693,P049,2023-04-26,4,4683.52,DONE,CASABLANCA,Carte,LIV9,2023-04-27
CMD27130,CL0742,P036,May 15 2023,5,0,KO,tanger,Carte,LIV9,
CMD01783,CL0400,P074,Jun 13 2023,4,1578.79,livré,Tnja,Carte,LIV4,2023-06-18
CMD35158,CL0928,P035,2024-03-24,-1,2207.37,annulé,CASABLANCA,Carte,LIV10,
CMD09339,CL0074,P094,18/08/2023,3,2314.92,annulé,tanger,Carte,LIV3,
CMD25364,CL0558,P011,18/01/2024,3,405.32,LIVRE,kech,Carte,LIV6,2024-01-19
CMD07907,CL0789,P076,2023-02-23,1,2380.35,en_cours,tanger,Carte,LIV1,
CMD07527,CL0011,P029,Apr 01 2024,1,1060.44,OK,RBA,Carte,LIV5,
CMD45554,CL0211,P068,2023-08-05,3,2107.43,OK,TNG,Carte,LIV9,
CMD14876,CL0195,P003,24/02/2023,5,830.9,DONE,kech,Carte,LIV5,2023-02-28
CMD29671,CL0892,P006,2023-08-05,3,4589.39,annulé,Tnja,Carte,LIV2,
CMD30505,CL0316,P024,Sep 08 2023,3,1154.77,retourné,casa,Carte,LIV6,2023-09-13
CMD14619,CL0683,P020,2023-07-02,1,1280.42,KO,Tnja,Carte,LIV9,
CMD15065,CL0630,P011,12/01/2024,2,2988.13,en_cours,casa,Carte,LIV8,
CMD48231,CL0571,P009,Apr 23 2024,4,4532.79,livré,Agadir,Carte,LIV10,2024-04-25
CMD21705,CL0813,P095,24/06/2023,5,3938.59,livré,CASABLANCA,Carte,LIV2,2023-06-27
CMD45582,CL0410,P003,Dec 16 2023,2,977.16,en_cours,RBA,Carte,LIV2,
CMD25252,CL0554,P068,12/05/2024,5,3311.14,OK,marrakech,Carte,,
CMD38529,CL0125,P014,Apr 14 2024,3,4021.53,en_cours,Tnja,Carte,LIV4,
CMD00788,CL0817,P071,13/02/2024,2,2469.18,OK,TANGER,Carte,LIV10,
CMD48444,CL0956,P047,Jan 08 2024,4,528.66,annulé,TANGER,Carte,LIV9,
CMD36434,CL0871,P017,2024-05-04,1,4523.75,retourné,CASABLANCA,Carte,LIV3,2024-05-08
CMD38079,CL0750,P091,10/01/2023,5,2096.64,en_cours,tanger,Carte,LIV8,
CMD36597,CL0839,P080,Feb 28 2023,4,3980.08,livré,RBA,Carte,,2023-03-04
CMD17104,CL0618,P070,2024-04-07,1,244.63,LIVRE,kech,Carte,LIV6,2024-04-11
CMD11423,CL0159,P064,2023-01-20,4,1641.52,DONE,marrakech,Carte,LIV2,2023-01-25
CMD38144,CL0096,P081,08/02/2024,4,2096.78,KO,Agadir,Carte,LIV1,
CMD39001,CL0910,P046,2023-05-01,2,2201.76,livre,RBA,Carte,LIV4,
CMD23173,CL0602,P089,2023-11-15,4,3224.81,retourné,TNG,Carte,LIV2,2023-11-19
CMD19058,CL0703,P066,2023-02-20,2,1974.11,LIVRE,tanger,Carte,LIV5,2023-02-22
CMD16258,CL0532,P017,Nov 30 2023,5,4931.48,livre,Agadir,Carte,LIV4,
CMD29030,CL0067,P035,2024-03-03,1,4513.28,LIVRE,casa,Carte,LIV7,2024-03-07
CMD32796,CL0235,P017,2024-05-10,1,391.71,livre,TNG,Carte,LIV9,
CMD08821,CL0644,P053,May 13 2023,4,2444.9,livré,kech,Carte,LIV9,2023-05-17
CMD13721,CL0430,P067,Mar 19 2023,2,2528.01,en_cours,RBA,Carte,LIV6,
CMD18911,CL0733,P023,2023-02-11,2,2342.49,annulé,Tnja,Carte,LIV9,
CMD24074,CL0997,P053,03/02/2024,4,97.26,en_cours,RBA,Carte,LIV3,
CMD19396,CL0610,P051,23/01/2023,1,496.77,livré,casa,Carte,LIV10,2023-01-28
CMD34254,CL0846,P056,Feb 10 2023,3,2286.89,en_cours,tanger,Carte,LIV2,
CMD06550,CL0669,P024,Dec 03 2023,2,2149.16,LIVRE,TNG,Carte,LIV1,2023-12-08
CMD45956,CL0100,P047,Apr 10 2023,5,1389.85,en_cours,TNG,Carte,LIV10,
CMD24833,CL0565,P006,Jan 11 2024,2,2345.95,LIVRE,RBA,Carte,LIV6,2024-01-12
CMD31492,CL0705,P027,2023-05-20,1,1221.22,livré,CASABLANCA,Carte,LIV2,2023-05-24
CMD04845,CL0828,P064,24/06/2023,2,3626.5,livré,kech,Carte,LIV4,2023-06-27
CMD09432,CL0163,P061,26/04/2023,4,3045.05,DONE,TANGER,Carte,LIV7,2023-05-01
CMD35939,CL0456,P090,2023-11-17,3,2528.84,en_cours,TNG,Carte,LIV9,
CMD43047,CL0631,P016,Dec 13 2023,5,2096.11,retourné,TANGER,Carte,LIV4,2023-12-14
CMD00066,CL0544,P061,Oct 02 2023,3,3772.26,annulé,kech,Carte,LIV4,
CMD19306,CL0387,P052,06/04/2023,3,1251.65,OK,CASABLANCA,Carte,LIV6,
CMD01987,CL0192,P096,2024-03-25,3,239.43,LIVRE,casa,Carte,LIV9,2024-03-26
CMD04694,CL0630,P048,08/04/2024,5,3024.44,KO,CASABLANCA,Carte,LIV5,
CMD03762,CL0762,P045,2023-06-25,4,1027.89,annulé,CASABLANCA,Carte,,
CMD46975,CL0672,P020,21/04/2023,4,4911.02,annulé,casa,Carte,LIV9,
CMD24985,CL0872,P022,Aug 02 2023,1,1726.71,livre,RBA,Carte,LIV6,
CMD45326,CL0937,P040,22/01/2023,2,2625.01,livre,tanger,Carte,,
CMD22691,CL0029,P100,12/02/2024,1,3253.73,en_cours,tanger,Carte,LIV10,
CMD09769,CL0470,P086,24/08/2023,4,3378.32,OK,RBA,Carte,LIV10,
CMD28344,CL0446,P020,09/03/2024,4,3084.74,OK,Tnja,Carte,LIV7,
CMD42974,CL0107,P048,2024-03-04,1,3740.11,livré,TNG,Carte,LIV9,2024-03-09
CMD21715,CL0272,P033,2023-08-02,1,2469.47,DONE,tanger,Carte,LIV10,2023-08-05
CMD14561,CL0395,P032,26/12/2023,5,245.01,retourné,TANGER,Carte,LIV2,2023-12-29
CMD09382,CL0101,P083,2024-02-02,4,2830.52,annulé,Agadir,Carte,,
CMD27056,CL0744,P034,Jul 06 2023,2,1401.04,livre,kech,Carte,LIV8,
CMD25658,CL0068,P045,2024-03-20,4,1370.17,livré,Tnja,Carte,LIV7,2024-03-23
CMD36628,CL0615,P063,25/01/2023,4,4848.78,livre,tanger,Carte,LIV7,
CMD03186,CL0509,P053,2024-03-26,4,2457.7,DONE,TNG,Carte,LIV9,2024-03-31
CMD18989,CL0178,P065,Dec 02 2023,3,3488.69,DONE,tanger,Carte,LIV5,2023-12-05
CMD08699,CL0928,P060,Jan 03 2024,-1,3008.98,livré,TANGER,Carte,LIV9,2024-01-06
CMD34640,CL0898,P032,Jun 23 2023,3,4288.47,KO,TNG,Carte,LIV3,
CMD15296,CL0020,P080,29/01/2024,1,4900.76,LIVRE,CASABLANCA,Carte,LIV10,2024-01-30
CMD39545,CL0058,P092,2023-09-28,5,4905.36,OK,CASABLANCA,Carte,LIV5,
CMD21251,CL0392,P077,2024-02-27,2,310.57,retourné,TANGER,Carte,LIV9,2024-03-03
CMD10096,CL0173,P045,Apr 07 2024,1,4134.95,retourné,marrakech,Carte,LIV6,2024-04-11
CMD13195,CL0108,P051,15/02/2023,4,1683.63,retourné,TNG,Carte,LIV3,2023-02-18
CMD46753,CL0811,P076,Feb 14 2024,4,3654.91,livré,CASABLANCA,Carte,LIV5,2024-02-15
CMD28180,CL0309,P089,Dec 17 2023,3,4542.65,OK,Tnja,Carte,LIV4,
CMD48235,CL0345,P025,09/02/2024,1,3629.21,LIVRE,marrakech,Carte,LIV2,2024-02-12
CMD10391,CL0752,P035,10/03/2024,1,3858.78,annulé,TANGER,Carte,LIV7,
CMD03593,CL0595,P034,Mar 24 2023,2,4201.47,OK,casa,Carte,LIV3,
CMD17008,CL0336,P007,25/03/2024,4,3838.61,OK,tanger,Carte,LIV5,
CMD06073,CL0301,P096,2023-11-13,3,4659.83,LIVRE,TNG,Carte,LIV10,2023-11-18
CMD45739,CL0921,P008,2024-04-18,2,2043.05,en_cours,TANGER,Carte,LIV4,
CMD32431,CL0014,P095,2023-12-27,3,3317.67,livré,TNG,Carte,LIV10,2023-12-28
CMD09083,CL0298,P017,28/11/2023,1,832.77,livré,Agadir,Carte,LIV2,2023-12-02
CMD44009,CL0445,P073,10/02/2023,2,2077.72,KO,marrakech,Carte,LIV1,
CMD23281,CL0372,P085,28/03/2024,2,317.95,annulé,CASABLANCA,Carte,LIV7,
CMD12606,CL0340,P002,Apr 07 2023,1,4713.21,LIVRE,casa,Carte,LIV4,2023-04-10
CMD35460,CL0139,P050,2023-04-18,2,2640.44,livré,tanger,Carte,LIV5,2023-04-22
CMD18815,CL0347,P079,2024-04-24,1,4841.41,livre,tanger,Carte,LIV3,
CMD08209,CL0333,P016,Oct 29 2023,2,3224.65,en_cours,CASABLANCA,Carte,LIV9,
CMD26969,CL0699,P011,2023-09-21,3,1794.73,KO,tanger,Carte,LIV1,
CMD31275,CL0299,P076,Oct 27 2023,5,4452.28,livre,marrakech,Carte,LIV2,
CMD09913,CL0037,P034,05/01/2023,2,1392.6,LIVRE,Agadir,Carte,,2023-01-06
CMD28630,CL0323,P056,10/08/2023,1,2289.62,livré,tanger,Carte,LIV1,2023-08-13
CMD09036,CL0175,P008,Jun 18 2023,1,696.87,livré,Tnja,Carte,LIV9,2023-06-22
CMD26756,CL0662,P047,2023-06-16,2,4863.56,OK,CASABLANCA,Carte,LIV9,
CMD14390,CL0979,P021,Nov 11 2023,2,2902.45,livré,TNG,Carte,LIV1,2023-11-15
CMD37936,CL0076,P098,2023-02-28,1,220.07,livré,Agadir,Carte,LIV1,2023-03-01
CMD33289,CL0752,P077,25/08/2023,5,1590.24,retourné,TNG,Carte,LIV9,2023-08-28
CMD46965,CL0838,P051,12/05/2024,2,3006.53,annulé,RBA,Carte,LIV3,
CMD02417,CL0330,P058,21/07/2023,2,3765.0,livré,tanger,Carte,LIV4,2023-07-23
CMD45035,CL0330,P070,2023-07-04,2,195.16,livré,tanger,Carte,LIV10,2023-07-06
CMD09843,CL0864,P077,2023-07-23,4,590.41,en_cours,CASABLANCA,Carte,LIV3,
CMD37804,CL0132,P079,23/10/2023,1,2738.9,DONE,TANGER,Carte,LIV6,2023-10-24
CMD20383,CL0533,P040,Mar 07 2024,1,4191.01,OK,CASABLANCA,Carte,LIV10,
CMD15433,CL0046,P076,Jan 18 2023,4,4092.13,en_cours,casa,Carte,LIV7,
CMD37456,CL0185,P013,2023-01-09,3,4663.3,livre,casa,Carte,LIV7,
CMD15804,CL0775,P046,05/04/2023,3,1479.18,livré,Tnja,Carte,,2023-04-07
CMD35023,CL0821,P026,Mar 24 2023,4,4652.08,KO,casa,Carte,LIV9,
CMD37572,CL0381,P055,Sep 18 2023,5,3425.41,retourné,Tnja,Carte,LIV3,2023-09-20
CMD22103,CL0397,P085,2023-05-14,3,4427.29,livre,tanger,Carte,LIV4,
CMD03114,CL0751,P046,Jan 09 2023,-1,0,LIVRE,marrakech,Carte,LIV4,2023-01-13
CMD31063,CL0451,P026,2023-09-12,5,2872.9,LIVRE,CASABLANCA,Carte,,2023-09-14
CMD37530,CL0752,P090,09/08/2023,5,2547.32,OK,kech,Carte,LIV2,
CMD05336,CL0391,P074,16/03/2023,3,3196.04,DONE,marrakech,Carte,LIV9,2023-03-18
CMD18914,CL0438,P098,2024-02-09,1,2521.97,LIVRE,Tnja,Carte,LIV7,2024-02-14
CMD19151,CL0113,P064,Jun 18 2023,3,2065.71,livré,Agadir,Carte,LIV6,2023-06-19
CMD20799,CL0937,P036,Jan 05 2024,1,2693.16,livre,kech,Carte,LIV4,
CMD00478,CL0055,P050,Nov 03 2023,1,84.79,LIVRE,TNG,Carte,LIV9,2023-11-04
CMD07794,CL0493,P049,2023-06-25,2,4621.0,retourné,RBA,Carte,LIV5,2023-06-30
CMD18631,CL0113,P064,03/07/2023,1,141.04,livré,marrakech,Carte,LIV1,2023-07-08
CMD30757,CL0274,P076,31/10/2023,1,1800.96,DONE,Agadir,Carte,,2023-11-04
CMD43869,CL0258,P013,2023-04-04,3,4795.76,OK,CASABLANCA,Carte,LIV9,
CMD02204,CL0441,P036,24/05/2023,1,3481.66,livré,kech,Carte,LIV4,2023-05-26
CMD37041,CL0715,P061,21/02/2024,4,4094.31,livre,marrakech,Carte,,
CMD02077,CL0090,P021,2023-02-15,2,4899.61,retourné,CASABLANCA,Carte,LIV2,2023-02-20
CMD42553,CL0251,P005,16/04/2024,2,4500.76,livré,marrakech,Carte,LIV4,2024-04-18
CMD25351,CL0367,P084,May 29 2023,3,1157.38,KO,Tnja,Carte,LIV8,
CMD15073,CL0547,P061,17/06/2023,1,83.75,annulé,TNG,Carte,LIV4,
CMD00114,CL0086,P037,2023-01-14,4,3585.37,KO,TANGER,Carte,LIV8,
CMD46462,CL0087,P085,2023-08-16,3,565.21,LIVRE,tanger,Carte,LIV9,2023-08-21
CMD05795,CL0365,P075,2023-08-23,1,3053.99,en_cours,kech,Carte,LIV6,
CMD14852,CL0179,P080,21/03/2024,3,2830.09,retourné,RBA,Carte,LIV10,2024-03-25
CMD23610,CL0079,P032,2024-01-22,4,3917.51,KO,TNG,Carte,LIV1,
CMD31586,CL0746,P057,14/02/2024,5,4703.59,livré,RBA,Carte,LIV4,2024-02-17
CMD44426,CL0194,P011,Jan 18 2024,2,1043.87,annulé,Tnja,Carte,,
CMD45268,CL0984,P058,2024-01-07,2,3037.0,en_cours,Agadir,Carte,LIV10,
CMD33386,CL0156,P055,2023-05-07,3,505.28,livre,marrakech,Carte,LIV10,
CMD14679,CL0972,P039,14/04/2023,1,2887.34,livré,kech,Carte,LIV6,2023-04-17
CMD45452,CL0400,P073,Feb 13 2023,4,2008.82,KO,kech,Carte,LIV3,
CMD45323,CL0883,P071,Oct 02 2023,5,1945.38,livré,tanger,Carte,LIV6,2023-10-03
CMD25765,CL0701,P052,24/09/2023,5,548.16,en_cours,RBA,Carte,LIV6,
CMD07639,CL0768,P032,2023-11-13,5,3000.44,retourné,RBA,Carte,LIV3,2023-11-15
CMD14603,CL0552,P042,Oct 23 2023,3,4047.16,livre,kech,Carte,LIV10,
CMD04454,CL0546,P003,2024-03-19,5,3712.69,DONE,casa,Carte,LIV8,2024-03-23
CMD39977,CL0534,P048,2023-10-08,5,4445.2,livré,marrakech,Carte,LIV5,2023-10-13
CMD26170,CL0456,P057,2023-04-28,5,683.73,livré,TANGER,Carte,LIV8,2023-05-02
CMD03300,CL0351,P085,21/11/2023,2,1662.88,DONE,marrakech,Carte,LIV6,2023-11-22
CMD14406,CL0846,P015,2024-01-21,4,2491.54,annulé,marrakech,Carte,LIV3,
CMD19881,CL0495,P011,03/07/2023,2,4682.84,livré,RBA,Carte,LIV8,2023-07-05
CMD27049,CL0367,P096,Oct 20 2023,5,3306.66,DONE,TNG,Carte,LIV10,2023-10-22
CMD32171,CL0108,P015,Feb 16 2023,2,112.7,LIVRE,TNG,Carte,LIV10,2023-02-19
CMD36158,CL0693,P096,Apr 20 2024,1,3466.3,annulé,TANGER,Carte,LIV9,
CMD19669,CL0221,P098,15/02/2024,5,989.9,DONE,casa,Carte,,2024-02-16
CMD47214,CL0068,P048,Sep 04 2023,4,2213.4,livré,tanger,Carte,LIV9,2023-09-09
CMD29071,CL0539,P022,Jan 19 2023,4,447.32,livre,kech,Carte,LIV2,
CMD45434,CL0587,P031,Mar 18 2024,1,4255.16,livré,kech,Carte,LIV9,2024-03-22
CMD04182,CL0808,P040,Mar 31 2023,5,341.88,KO,casa,Carte,LIV1,
CMD27510,CL0586,P084,13/10/2023,1,2116.61,en_cours,tanger,Carte,LIV9,
CMD01705,CL0535,P040,10/01/2024,3,475.53,OK,Agadir,Carte,LIV9,
CMD37371,CL0484,P007,2023-01-03,4,4141.41,LIVRE,Agadir,Carte,,2023-01-05
CMD03767,CL0481,P025,22/11/2023,1,4232.47,OK,TNG,Carte,LIV4,
CMD13804,CL0562,P006,18/02/2023,5,4667.64,retourné,casa,Carte,LIV7,2023-02-21
CMD44598,CL0859,P046,14/06/2023,1,3602.4,livré,Agadir,Carte,LIV5,2023-06-17
CMD19120,CL0744,P029,29/01/2024,5,4253.88,DONE,TANGER,Carte,LIV3,2024-02-02
CMD18082,CL0824,P012,Nov 02 2023,2,2256.57,livre,Agadir,Carte,LIV7,
CMD20306,CL0521,P005,Mar 01 2023,4,1421.85,en_cours,RBA,Carte,LIV7,
CMD16942,CL0273,P097,Mar 27 2023,5,3943.44,annulé,TNG,Carte,LIV2,
CMD38050,CL0455,P020,2023-03-20,2,2774.39,LIVRE,RBA,Carte,LIV8,2023-03-25
CMD48188,CL0044,P056,Mar 07 2024,1,2243.56,en_cours,TANGER,Carte,LIV8,
CMD07173,CL0643,P067,Jun 03 2023,1,1588.62,annulé,Tnja,Carte,LIV10,
CMD13847,CL0026,P042,09/02/2023,3,4148.55,livré,marrakech,Carte,LIV10,2023-02-10
CMD01536,CL0970,P018,10/10/2023,4,2339.94,livré,Agadir,Carte,LIV10,2023-10-11
CMD23578,CL0591,P091,2023-03-23,-1,473.08,livré,Tnja,Carte,LIV5,2023-03-27
CMD15156,CL0390,P096,Apr 05 2023,5,4932.68,livré,kech,Carte,LIV6,2023-04-07
CMD23920,CL0383,P037,Apr 13 2023,5,115.81,livré,kech,Carte,LIV9,2023-04-18
CMD23915,CL0468,P003,Feb 01 2023,5,1651.38,en_cours,casa,Carte,LIV6,
CMD44075,CL0869,P062,08/01/2023,5,2619.9,en_cours,kech,Carte,LIV9,
CMD05976,CL0931,P066,04/05/2024,3,4950.93,OK,tanger,Carte,LIV7,
CMD35232,CL0680,P082,2023-03-07,4,3814.0,livre,TANGER,Carte,LIV10,
CMD05409,CL0495,P003,2023-06-27,5,2385.24,livré,TNG,Carte,LIV5,2023-06-28
CMD40036,CL0749,P085,Nov 10 2023,2,1972.57,LIVRE,Tnja,Carte,,2023-11-13
CMD45545,CL0206,P002,2023-01-26,1,1924.55,en_cours,casa,Carte,LIV6,
CMD40935,CL0233,P064,Oct 20 2023,1,2063.27,LIVRE,Tnja,Carte,LIV5,2023-10-23
CMD08423,CL0898,P080,2023-11-07,1,3364.77,en_cours,marrakech,Carte,LIV10,
CMD08721,CL0109,P098,2023-05-31,3,3234.07,LIVRE,RBA,Carte,LIV2,2023-06-01
CMD46972,CL0249,P047,2023-01-12,4,3200.3,livré,TANGER,Carte,LIV4,2023-01-17
CMD37235,CL0971,P080,2023-06-28,4,1332.16,livré,kech,Carte,LIV8,2023-06-29
CMD24060,CL0421,P084,06/01/2023,4,4193.66,KO,casa,Carte,LIV8,
CMD23820,CL0055,P035,2023-11-10,2,3849.12,OK,casa,Carte,LIV9,
CMD34070,CL0668,P023,Apr 05 2024,2,4097.92,DONE,Agadir,Carte,LIV10,2024-04-08
CMD17122,CL0197,P024,2023-07-28,4,3969.44,livre,tanger,Carte,LIV3,
CMD13106,CL0355,P071,Jan 19 2023,1,1306.52,en_cours,TNG,Carte,LIV6,
CMD40241,CL0190,P022,2024-04-02,3,2340.76,DONE,kech,Carte,LIV5,2024-04-04
CMD05986,CL0820,P038,Apr 04 2024,3,4406.26,LIVRE,casa,Carte,LIV2,2024-04-07
CMD16180,CL0640,P055,May 14 2023,5,884.16,retourné,Agadir,Carte,LIV4,2023-05-17
CMD12935,CL0960,P025,Mar 12 2023,1,2633.11,LIVRE,Agadir,Carte,LIV2,2023-03-16
CMD28342,CL0484,P029,2023-10-16,1,178.7,livré,RBA,Carte,LIV10,2023-10-17
CMD08526,CL0743,P070,08/12/2023,1,1590.35,livré,Tnja,Carte,LIV5,2023-12-10
CMD41289,CL0531,P015,2023-08-03,1,942.53,KO,marrakech,Carte,LIV4,
CMD31680,CL0846,P004,Nov 07 2023,2,3304.81,annulé,Agadir,Carte,LIV1,
CMD48461,CL0021,P017,Jan 27 2023,2,4188.95,en_cours,kech,Carte,LIV10,
CMD16595,CL0602,P042,2023-03-06,4,1306.21,LIVRE,Agadir,Carte,LIV7,2023-03-09
CMD39999,CL0468,P021,2024-01-26,4,3312.65,en_cours,Tnja,Carte,LIV6,
CMD10893,CL0252,P008,Apr 08 2023,4,3692.83,KO,TANGER,Carte,LIV5,
CMD42762,CL0420,P036,27/10/2023,5,3148.5,livre,TNG,Carte,LIV2,
CMD08039,CL0738,P090,2023-09-08,1,251.13,LIVRE,RBA,Carte,LIV5,2023-09-13
CMD12694,CL0544,P096,2023-11-08,3,4212.96,KO,kech,Carte,LIV3,
CMD47853,CL0040,P060,Dec 30 2023,4,2749.17,KO,tanger,Carte,LIV5,
CMD39942,CL0884,P075,09/07/2023,2,3030.96,en_cours,TNG,Carte,LIV4,
CMD31560,CL0685,P092,Feb 08 2024,5,1386.38,retourné,TNG,Carte,LIV4,2024-02-13
CMD24828,CL0300,P029,30/08/2023,4,4076.34,OK,TNG,Carte,LIV8,
CMD20261,CL0256,P037,03/07/2023,4,694.41,DONE,casa,Carte,LIV5,2023-07-04
CMD29478,CL0295,P073,2023-08-18,4,418.13,livré,Tnja,Carte,LIV1,2023-08-21
CMD28903,CL0575,P022,2023-01-18,1,2172.75,livré,marrakech,Carte,LIV1,2023-01-20
CMD32981,CL0425,P043,2023-12-21,3,4767.09,livre,kech,Carte,LIV2,
CMD08696,CL0066,P095,May 09 2024,5,4213.77,retourné,kech,Carte,LIV5,2024-05-10
CMD43706,CL0899,P016,Jan 11 2024,5,2944.41,OK,tanger,Carte,LIV1,
CMD04260,CL0548,P086,Apr 23 2024,2,4802.5,KO,Agadir,Carte,LIV3,
CMD40022,CL0274,P065,2023-11-20,2,2891.92,LIVRE,CASABLANCA,Carte,LIV1,2023-11-25
CMD14740,CL0273,P081,Aug 11 2023,4,1800.89,en_cours,RBA,Carte,LIV7,
CMD46423,CL0180,P010,Mar 25 2024,2,2642.56,OK,tanger,Carte,LIV2,
CMD38104,CL0800,P070,2023-01-23,2,1584.96,livré,TNG,Carte,,2023-01-25
CMD23796,CL0411,P043,Sep 08 2023,1,303.35,retourné,kech,Carte,LIV1,2023-09-11
CMD21003,CL0747,P026,Dec 08 2023,3,1471.18,en_cours,Tnja,Carte,LIV1,
CMD32517,CL0867,P072,Jul 30 2023,3,0,livré,casa,Carte,LIV4,2023-08-03
CMD27892,CL0661,P017,2023-09-16,4,4426.42,en_cours,Tnja,Carte,LIV2,
CMD23404,CL0199,P067,28/01/2023,3,0,DONE,tanger,Carte,LIV8,2023-02-02
CMD45021,CL0931,P098,2024-02-18,3,3742.49,KO,kech,Carte,LIV4,
CMD14269,CL0914,P064,2023-10-23,4,2813.52,OK,kech,Carte,LIV4,
CMD13950,CL0198,P063,2023-09-06,3,3068.84,DONE,tanger,Carte,LIV8,2023-09-11
CMD42016,CL0691,P099,2023-05-13,2,1169.88,DONE,RBA,Carte,LIV5,2023-05-15
CMD46906,CL0063,P006,Nov 16 2023,2,386.71,KO,tanger,Carte,LIV10,
CMD48345,CL0494,P084,30/12/2023,1,4876.17,LIVRE,kech,Carte,LIV5,2024-01-02
CMD21667,CL0696,P048,2024-02-13,5,4715.15,KO,tanger,Carte,LIV5,
CMD28907,CL0079,P014,2023-03-10,1,523.29,retourné,TNG,Carte,LIV1,2023-03-11
CMD46069,CL0365,P001,26/01/2024,4,393.43,KO,kech,Carte,LIV6,
CMD31720,CL0152,P021,Dec 05 2023,1,4566.79,OK,Agadir,Carte,LIV9,
CMD16572,CL0353,P037,25/09/2023,1,2932.51,LIVRE,RBA,Carte,LIV10,2023-09-28
CMD12583,CL0599,P046,Jan 17 2024,2,4337.51,livré,tanger,Carte,LIV3,2024-01-19
CMD42663,CL0301,P089,19/07/2023,4,4230.33,KO,kech,Carte,LIV8,
CMD26525,CL0828,P075,Jul 07 2023,1,303.78,LIVRE,RBA,Carte,LIV3,2023-07-11
CMD29118,CL0274,P032,Feb 12 2024,3,3511.73,livré,TANGER,Carte,LIV9,2024-02-13
CMD43512,CL0850,P055,2023-05-10,1,1240.36,DONE,Agadir,Carte,,2023-05-15
CMD37864,CL0314,P090,13/02/2024,1,3470.87,livré,kech,Carte,LIV3,2024-02-15
CMD21037,CL0645,P027,Oct 01 2023,2,2518.0,livre,TNG,Carte,LIV3,
CMD41001,CL0106,P066,09/06/2023,2,1139.21,livre,Agadir,Carte,LIV1,
CMD34158,CL0609,P070,Feb 01 2024,5,1935.75,livré,kech,Carte,LIV9,2024-02-04
CMD25214,CL0313,P056,2023-03-27,4,3843.46,livré,marrakech,Carte,LIV8,2023-03-29
CMD42461,CL0997,P059,21/03/2024,4,1229.5,OK,RBA,Carte,LIV9,
CMD34864,CL0689,P043,2023-01-04,5,2154.32,KO,kech,Carte,LIV1,
CMD00942,CL0445,P011,02/12/2023,3,3761.19,en_cours,tanger,Carte,,
CMD11755,CL0786,P098,15/06/2023,3,1713.07,annulé,CASABLANCA,Carte,LIV2,
CMD40391,CL0450,P038,Apr 17 2023,2,974.2,OK,Agadir,Carte,LIV3,
CMD14183,CL0733,P075,Mar 03 2023,2,3165.41,retourné,RBA,Carte,LIV5,2023-03-08
CMD11681,CL0286,P002,02/02/2023,4,2643.52,livré,TANGER,Carte,LIV9,2023-02-04
CMD46746,CL0699,P040,May 07 2024,4,4200.9,en_cours,marrakech,Carte,LIV6,
CMD17167,CL0768,P040,03/03/2024,3,1860.51,KO,RBA,Carte,LIV10,
CMD23784,CL0283,P087,Jan 12 2024,3,1187.56,livre,kech,Carte,LIV10,
CMD44648,CL0501,P072,Jan 19 2023,4,1271.62,livré,casa,Carte,LIV4,2023-01-24
CMD06083,CL0619,P022,25/01/2024,4,2681.85,LIVRE,RBA,Carte,LIV4,2024-01-29
CMD10143,CL0325,P028,05/06/2023,4,4530.45,annulé,casa,Carte,LIV1,
CMD08867,CL0604,P049,2024-01-01,1,3605.53,annulé,TNG,Carte,LIV6,
CMD21641,CL0270,P010,30/06/2023,1,3100.01,OK,kech,Carte,LIV5,
CMD32426,CL0938,P079,Mar 27 2024,4,4391.07,annulé,Agadir,Carte,LIV8,
CMD35986,CL0692,P008,Jan 30 2024,3,2241.7,livré,kech,Carte,LIV1,2024-02-04
CMD28308,CL0660,P084,Mar 10 2023,3,3295.48,livré,Agadir,Carte,LIV3,2023-03-14
CMD05354,CL0324,P018,05/10/2023,4,3633.39,livre,Tnja,Carte,LIV7,
CMD01814,CL0862,P011,2023-07-09,2,2269.8,retourné,TANGER,Carte,LIV8,2023-07-13
CMD36505,CL0184,P086,Sep 10 2023,4,1804.02,annulé,kech,Carte,LIV10,
CMD24547,CL0995,P003,11/09/2023,3,2226.04,annulé,casa,Carte,LIV1,
CMD09118,CL0814,P088,Jan 01 2023,2,2496.75,LIVRE,Agadir,Carte,LIV9,2023-01-04
CMD46265,CL0459,P095,Feb 09 2024,3,744.01,retourné,Agadir,Carte,LIV4,2024-02-14
CMD22589,CL0315,P090,02/04/2023,4,4208.2,en_cours,CASABLANCA,Carte,LIV10,
CMD30014,CL0434,P049,Jun 13 2023,3,2816.4,annulé,tanger,Carte,LIV5,
CMD14111,CL0747,P067,May 03 2024,5,4809.3,en_cours,kech,Carte,LIV9,
CMD41043,CL0678,P012,2024-04-12,4,2384.9,retourné,Tnja,Carte,LIV7,2024-04-14
CMD20426,CL0171,P088,Jan 18 2023,2,3040.81,en_cours,marrakech,Carte,LIV5,
CMD44441,CL0629,P060,Jul 26 2023,4,4245.15,retourné,TNG,Carte,LIV3,2023-07-31
CMD15658,CL0176,P014,2023-02-14,1,1011.75,livré,kech,Carte,LIV8,2023-02-18
CMD06469,CL0749,P061,May 02 2024,3,593.53,DONE,Agadir,Carte,LIV6,2024-05-07
CMD25552,CL0933,P019,Mar 28 2023,1,2690.75,KO,CASABLANCA,Carte,LIV5,
CMD41251,CL0178,P084,Apr 07 2023,4,3749.54,retourné,Agadir,Carte,LIV9,2023-04-11
CMD18478,CL0483,P014,Jan 10 2023,3,2142.2,livre,CASABLANCA,Carte,,
CMD23720,CL0125,P017,Apr 12 2024,2,3145.86,LIVRE,CASABLANCA,Carte,LIV8,2024-04-13
CMD24821,CL0132,P050,30/09/2023,5,3496.54,LIVRE,kech,Carte,LIV7,2023-10-04
CMD30175,CL0924,P077,May 09 2024,1,3881.09,DONE,marrakech,Carte,LIV2,2024-05-14
CMD00325,CL0635,P076,2024-04-02,2,3258.03,LIVRE,CASABLANCA,Carte,LIV3,2024-04-07
CMD28713,CL0136,P100,14/11/2023,5,4961.48,livré,CASABLANCA,Carte,LIV8,2023-11-19
CMD15958,CL0805,P065,21/11/2023,2,4418.92,en_cours,casa,Carte,LIV2,
CMD43877,CL0278,P010,Feb 19 2024,5,4423.46,KO,kech,Carte,LIV10,
CMD13976,CL0448,P009,Dec 20 2023,3,1552.09,en_cours,TNG,Carte,LIV5,
CMD23489,CL0254,P057,21/08/2023,2,900.93,livré,tanger,Carte,LIV9,2023-08-24
CMD03107,CL0563,P096,Jan 05 2023,2,2819.19,annulé,TANGER,Carte,LIV3,
CMD31355,CL0826,P085,2023-10-02,5,3109.03,retourné,Tnja,Carte,LIV4,2023-10-04
CMD17753,CL0068,P042,2023-10-21,5,4656.09,livré,TANGER,Carte,LIV9,2023-10-25
CMD38427,CL0339,P020,Aug 13 2023,2,2940.85,KO,tanger,Carte,LIV4,
CMD18378,CL0304,P034,2023-05-23,3,3808.16,KO,Tnja,Carte,LIV1,
CMD33215,CL0690,P074,05/12/2023,3,2164.91,livre,kech,Carte,LIV7,
CMD41671,CL0529,P026,2024-04-30,3,3049.09,livré,Agadir,Carte,LIV3,2024-05-03
CMD37587,CL0948,P097,2023-04-29,1,2520.0,livré,TANGER,Carte,LIV4,2023-04-30
CMD20280,CL0043,P053,02/12/2023,2,3356.62,livre,TANGER,Carte,LIV7,
CMD00347,CL0532,P085,Jul 10 2023,5,833.5,DONE,kech,Carte,LIV10,2023-07-14
CMD28512,CL0277,P004,Sep 19 2023,4,4464.19,annulé,Agadir,Carte,LIV5,
CMD19611,CL0731,P053,09/03/2023,5,2584.74,livré,RBA,Carte,LIV7,2023-03-11
CMD30357,CL0269,P097,18/12/2023,3,645.73,livré,CASABLANCA,Carte,LIV10,2023-12-22
CMD37666,CL0733,P005,Aug 20 2023,5,419.62,en_cours,Tnja,Carte,LIV10,
CMD09267,CL0980,P012,2023-10-12,2,1658.13,livré,TNG,Carte,LIV5,2023-10-16
CMD18366,CL0268,P060,Dec 21 2023,3,1120.11,livré,kech,Carte,LIV2,2023-12-25
CMD40260,CL0234,P060,10/02/2023,5,4663.02,retourné,RBA,Carte,LIV5,2023-02-13
CMD42798,CL0238,P003,Feb 17 2024,3,2483.48,LIVRE,marrakech,Carte,LIV10,2024-02-21
CMD22876,CL0450,P098,Jul 22 2023,2,3262.21,KO,kech,Carte,LIV2,
CMD13076,CL0221,P098,2023-09-02,4,3499.76,livré,CASABLANCA,Carte,,2023-09-03
CMD21869,CL0582,P073,13/05/2024,4,1146.14,livre,Tnja,Carte,LIV1,
CMD09477,CL0692,P052,Mar 23 2023,2,974.46,en_cours,tanger,Carte,LIV6,
CMD35980,CL0773,P059,May 13 2024,1,2450.82,OK,TANGER,Carte,LIV2,
CMD03341,CL0830,P035,2023-05-11,5,539.51,KO,Tnja,Carte,LIV8,
CMD24633,CL0553,P082,2023-01-17,2,3429.69,livré,marrakech,Carte,LIV4,2023-01-18
CMD21004,CL0067,P075,2023-03-18,5,150.87,annulé,marrakech,Carte,LIV8,
CMD29702,CL0540,P096,2023-09-04,2,507.47,annulé,Tnja,Carte,LIV6,
CMD22561,CL0365,P062,Jun 01 2023,2,1716.38,KO,kech,Carte,LIV2,
CMD01493,CL0997,P015,18/02/2024,3,228.52,DONE,Agadir,Carte,LIV6,2024-02-20
CMD13945,CL0746,P022,May 09 2024,4,3157.1,DONE,kech,Carte,LIV6,2024-05-12
CMD13041,CL0677,P093,2024-04-05,2,120.65,livré,TNG,Carte,LIV4,2024-04-10
CMD32919,CL0307,P016,19/03/2024,1,1335.0,OK,Agadir,Carte,,
CMD27947,CL0590,P010,Apr 07 2023,2,1439.9,retourné,TANGER,Carte,,2023-04-10
CMD41530,CL0166,P075,2024-02-16,1,3041.07,en_cours,CASABLANCA,Carte,LIV9,
CMD21741,CL0782,P025,2023-03-20,4,704.82,annulé,kech,Carte,LIV7,
CMD03808,CL0691,P033,2024-02-23,1,2872.29,livre,TNG,Carte,LIV4,
CMD43906,CL0259,P046,10/12/2023,3,3663.41,livré,Agadir,Carte,LIV6,2023-12-15
CMD08379,CL0157,P023,22/05/2023,1,2272.6,LIVRE,RBA,Carte,LIV2,2023-05-24
CMD03214,CL0376,P002,Aug 14 2023,5,1699.4,retourné,Agadir,Carte,LIV5,2023-08-19
CMD24443,CL0509,P092,2023-11-16,1,4276.73,retourné,Agadir,Carte,,2023-11-21
CMD08188,CL0773,P090,24/01/2023,-1,1620.11,livre,TNG,Carte,LIV8,
CMD21181,CL0616,P091,18/09/2023,1,4328.61,livré,Agadir,Carte,LIV3,2023-09-22
CMD40062,CL0923,P003,Dec 14 2023,5,4883.79,LIVRE,Agadir,Carte,LIV3,2023-12-15
CMD28466,CL0060,P095,Oct 14 2023,5,4655.16,en_cours,kech,Carte,,
CMD38058,CL0418,P002,Mar 01 2024,3,241.31,DONE,tanger,Carte,LIV7,2024-03-02
CMD41246,CL0176,P056,04/09/2023,5,758.52,livré,tanger,Carte,LIV7,2023-09-06
CMD10306,CL0775,P004,Mar 08 2024,4,3624.53,OK,tanger,Carte,LIV5,
CMD26201,CL0255,P016,18/04/2024,2,1019.86,annulé,RBA,Carte,LIV10,
CMD21215,CL0561,P053,Jun 04 2023,2,287.59,DONE,Tnja,Carte,LIV6,2023-06-09
CMD27764,CL0064,P033,2024-04-23,4,3339.79,OK,casa,Carte,LIV4,
CMD44843,CL0028,P028,Jan 21 2023,1,4782.64,DONE,RBA,Carte,LIV1,2023-01-25
CMD36184,CL0573,P046,Oct 25 2023,5,3019.49,LIVRE,TNG,Carte,LIV10,2023-10-29
CMD11063,CL0111,P081,30/05/2023,4,3159.1,retourné,marrakech,Carte,LIV10,2023-06-04
CMD23002,CL0836,P071,2024-03-23,1,4058.07,KO,casa,Carte,LIV10,
CMD16747,CL0728,P028,2024-01-30,5,937.23,OK,casa,Carte,LIV6,
CMD31577,CL0100,P014,2023-07-16,5,4337.74,DONE,tanger,Carte,LIV10,2023-07-18
CMD45487,CL0683,P095,2023-03-26,3,679.97,KO,TANGER,Carte,LIV2,
CMD40636,CL0014,P007,2023-07-19,5,4112.91,livré,CASABLANCA,Carte,LIV1,2023-07-22
CMD26861,CL0646,P097,2024-03-07,1,4414.98,retourné,kech,Carte,LIV9,2024-03-11
CMD36578,CL0182,P063,2023-10-12,2,239.55,livré,TNG,Carte,LIV5,2023-10-17
CMD32562,CL0829,P077,09/08/2023,5,3395.89,annulé,CASABLANCA,Carte,LIV7,
CMD35482,CL0603,P031,Dec 20 2023,4,160.14,annulé,marrakech,Carte,LIV7,
CMD09202,CL0144,P068,Nov 30 2023,4,897.65,retourné,kech,Carte,LIV10,2023-12-03
CMD00064,CL0107,P065,2023-11-02,1,3090.68,livré,CASABLANCA,Carte,LIV7,2023-11-03
CMD03814,CL0748,P040,Sep 28 2023,4,2390.89,livré,TNG,Carte,LIV7,2023-10-01
CMD44838,CL0244,P021,29/01/2024,4,2524.77,livré,RBA,Carte,LIV2,2024-02-03
CMD16069,CL0814,P027,Sep 10 2023,5,653.46,annulé,kech,Carte,LIV6,
CMD31269,CL0092,P038,Feb 10 2024,3,2020.99,OK,marrakech,Carte,LIV2,
CMD09008,CL0926,P073,Mar 07 2023,2,3260.37,livre,Agadir,Carte,LIV7,
CMD06594,CL0559,P050,2024-02-24,2,4234.16,DONE,tanger,Carte,LIV2,2024-02-29
CMD35227,CL0736,P004,Dec 15 2023,4,690.99,livré,TNG,Carte,LIV5,2023-12-20
CMD09162,CL0753,P089,2023-02-15,5,1239.51,DONE,RBA,Carte,LIV6,2023-02-20
CMD33881,CL0231,P045,Aug 07 2023,4,1699.45,DONE,Agadir,Carte,LIV8,2023-08-10
CMD20183,CL0160,P017,Feb 19 2024,5,3528.22,LIVRE,kech,Carte,LIV2,2024-02-20
CMD20781,CL0129,P098,Mar 14 2023,4,614.66,livre,TNG,Carte,LIV8,
CMD43986,CL0601,P027,Nov 14 2023,1,4121.75,KO,tanger,Carte,LIV7,
CMD36364,CL0188,P051,13/12/2023,5,4892.56,OK,CASABLANCA,Carte,LIV10,
CMD24700,CL0549,P039,Feb 11 2023,3,1533.61,annulé,TANGER,Carte,LIV4,
CMD43395,CL0608,P069,Jan 12 2024,2,2035.5,livre,Agadir,Carte,LIV8,
CMD24575,CL0903,P045,16/04/2024,4,4638.75,livré,Agadir,Carte,LIV6,2024-04-17
CMD31335,CL0149,P041,2024-03-26,2,373.53,en_cours,TANGER,Carte,LIV5,
CMD22212,CL0891,P028,2023-12-08,1,989.24,KO,marrakech,Carte,LIV2,
CMD16013,CL0815,P067,2024-01-18,1,920.87,OK,casa,Carte,LIV5,
CMD43795,CL0724,P081,17/04/2024,1,2473.96,livre,Agadir,Carte,LIV1,
CMD00292,CL0572,P098,Mar 02 2023,4,620.45,livre,kech,Carte,LIV8,
CMD14989,CL0937,P052,18/01/2024,4,2104.82,LIVRE,RBA,Carte,LIV8,2024-01-21
CMD09542,CL0824,P038,31/07/2023,3,3381.72,OK,kech,Carte,LIV2,
CMD18244,CL0422,P026,2023-10-17,4,2714.0,livré,tanger,Carte,LIV6,2023-10-20
CMD16062,CL0531,P045,Jan 27 2024,5,1682.86,DONE,RBA,Carte,LIV7,2024-01-30
CMD02336,CL0637,P076,27/07/2023,4,3516.61,livré,marrakech,Carte,LIV4,2023-07-30
CMD29695,CL0449,P011,Mar 09 2023,2,3382.87,annulé,casa,Carte,LIV6,
CMD32902,CL0711,P100,2024-02-12,1,431.61,en_cours,CASABLANCA,Carte,LIV1,
CMD25399,CL0019,P024,2023-05-18,5,3569.44,OK,Agadir,Carte,LIV3,
CMD45266,CL0691,P038,Aug 10 2023,1,1954.13,OK,RBA,Carte,LIV9,
CMD10074,CL0461,P055,07/03/2023,3,2753.01,LIVRE,Agadir,Carte,LIV2,2023-03-09
CMD48220,CL0024,P074,Jul 09 2023,4,1660.38,livre,casa,Carte,,
CMD45500,CL0200,P022,2023-02-09,5,2424.91,annulé,RBA,Carte,LIV7,
CMD30325,CL0260,P052,2024-03-05,1,2876.01,DONE,kech,Carte,LIV6,2024-03-08
CMD09408,CL0552,P016,2023-05-31,2,3712.72,annulé,casa,Carte,LIV8,
CMD15035,CL0017,P052,2023-02-26,5,892.51,retourné,kech,Carte,LIV9,2023-02-28
CMD29347,CL0466,P043,05/05/2023,3,1696.67,livré,TANGER,Carte,LIV8,2023-05-08
CMD18691,CL0709,P042,2024-02-20,4,3220.93,en_cours,TANGER,Carte,LIV2,
CMD08363,CL0763,P080,2023-11-13,1,3024.68,LIVRE,RBA,Carte,LIV5,2023-11-14
CMD40905,CL0122,P003,07/11/2023,1,1440.15,livre,tanger,Carte,LIV8,
CMD27528,CL0347,P001,2023-05-22,1,155.83,livre,RBA,Carte,LIV5,
CMD36409,CL0923,P099,18/04/2024,2,3568.32,en_cours,TANGER,Carte,LIV10,
CMD07861,CL0515,P090,23/06/2023,2,4459.49,livré,CASABLANCA,Carte,LIV1,2023-06-28
CMD18676,CL0209,P098,08/09/2023,4,1009.07,LIVRE,TANGER,Carte,LIV8,2023-09-13
CMD00411,CL0319,P023,2024-02-09,5,1697.94,livre,RBA,Carte,LIV4,
CMD31915,CL0477,P086,23/11/2023,1,543.8,DONE,CASABLANCA,Carte,LIV4,2023-11-28
CMD13523,CL0976,P099,15/02/2023,5,4138.22,DONE,Agadir,Carte,LIV3,2023-02-18
CMD40079,CL0289,P079,03/02/2023,4,3614.9,annulé,CASABLANCA,Carte,LIV6,
CMD34330,CL0123,P007,02/05/2023,1,4854.96,livré,tanger,Carte,LIV4,2023-05-04
CMD06320,CL0739,P047,25/09/2023,5,2190.21,KO,CASABLANCA,Carte,LIV10,
CMD32290,CL0100,P060,Apr 18 2024,1,447.09,DONE,TNG,Carte,LIV2,2024-04-23
CMD15902,CL0775,P065,06/02/2023,3,2215.53,en_cours,kech,Carte,LIV7,
CMD24943,CL0848,P071,Mar 27 2023,3,1061.27,retourné,TNG,Carte,LIV6,2023-03-30
CMD16055,CL0337,P051,02/07/2023,2,2695.2,OK,Tnja,Carte,LIV6,
CMD46910,CL0764,P061,2023-01-14,2,4697.93,DONE,Agadir,Carte,LIV5,2023-01-17
CMD35898,CL0938,P010,26/08/2023,5,4836.79,OK,RBA,Carte,LIV2,
CMD18137,CL0507,P050,2023-10-18,2,963.24,livré,Tnja,Carte,LIV8,2023-10-20
CMD15838,CL0095,P086,Feb 16 2024,2,521.58,KO,marrakech,Carte,LIV8,
CMD03619,CL0774,P089,26/10/2023,1,3020.68,livre,tanger,Carte,LIV8,
CMD29524,CL0629,P004,15/09/2023,3,3268.75,OK,RBA,Carte,LIV6,
CMD21736,CL0809,P037,20/11/2023,5,3779.09,DONE,casa,Carte,LIV6,2023-11-22
CMD01977,CL0291,P070,2023-11-02,1,1853.13,DONE,CASABLANCA,Carte,LIV1,2023-11-06
CMD05510,CL0850,P033,2023-06-15,4,1920.27,annulé,TNG,Carte,LIV7,
CMD04709,CL0496,P035,2023-11-01,2,71.73,DONE,casa,Carte,,2023-11-03
CMD17096,CL0441,P087,2023-04-21,4,3914.9,annulé,TANGER,Carte,LIV9,
CMD44707,CL0257,P052,2023-03-25,2,3939.24,en_cours,marrakech,Carte,LIV9,
CMD02767,CL0997,P031,2023-04-14,4,303.33,DONE,Tnja,Carte,,2023-04-15
CMD16238,CL0693,P084,Jun 15 2023,5,4699.75,OK,kech,Carte,,
CMD16350,CL0347,P080,Nov 18 2023,1,477.41,LIVRE,CASABLANCA,Carte,LIV3,2023-11-19
CMD17239,CL0161,P100,Jul 10 2023,2,1251.63,OK,RBA,Carte,LIV7,
CMD35123,CL0781,P007,2023-02-03,1,2033.63,livre,kech,Carte,LIV1,
CMD38921,CL0767,P008,2023-06-11,3,1103.69,livré,RBA,Carte,LIV5,2023-06-14
CMD47689,CL0122,P071,2023-02-24,2,4765.78,livré,casa,Carte,LIV7,2023-03-01
CMD43569,CL0072,P030,Jul 26 2023,1,4643.37,livré,Tnja,Carte,LIV7,2023-07-29
CMD04289,CL0795,P057,15/05/2023,2,3932.15,DONE,Agadir,Carte,LIV3,2023-05-20
CMD00302,CL0611,P081,16/11/2023,2,564.96,livré,TNG,Carte,LIV6,2023-11-21
CMD46608,CL0566,P008,May 21 2023,3,4076.62,livré,TNG,Carte,LIV6,2023-05-26
CMD21180,CL0274,P033,08/05/2024,5,3277.97,annulé,CASABLANCA,Carte,LIV4,
CMD44018,CL0757,P057,11/02/2023,2,3614.78,LIVRE,Tnja,Carte,LIV6,2023-02-14
CMD45043,CL0713,P018,2023-01-27,5,3858.38,livré,CASABLANCA,Carte,LIV6,2023-01-28
CMD46993,CL0044,P013,Jan 29 2024,2,4661.56,retourné,tanger,Carte,LIV10,2024-02-02
CMD08140,CL0786,P074,2023-12-17,2,2921.98,annulé,marrakech,Carte,LIV5,
CMD18371,CL0350,P067,Mar 16 2023,1,1367.59,retourné,TANGER,Carte,LIV4,2023-03-21
CMD12646,CL0159,P051,14/07/2023,3,3457.1,DONE,TANGER,Carte,LIV7,2023-07-18
CMD18387,CL0245,P100,11/12/2023,1,1408.96,livré,Agadir,Carte,LIV6,2023-12-14
CMD03974,CL0807,P075,Mar 15 2024,3,2048.29,livré,marrakech,Carte,LIV7,2024-03-16
CMD28068,CL0356,P096,2024-04-16,1,3648.31,annulé,casa,Carte,LIV9,
CMD00980,CL0682,P030,2023-06-05,3,2774.71,KO,casa,Carte,LIV5,
CMD14821,CL0476,P094,2023-01-01,2,4139.92,retourné,TANGER,Carte,LIV5,2023-01-06
CMD45226,CL0739,P095,May 29 2023,2,3863.27,DONE,tanger,Carte,LIV2,2023-05-31
CMD32327,CL0534,P014,29/11/2023,5,4108.01,annulé,Tnja,Carte,LIV5,
CMD11466,CL0145,P019,2023-11-03,4,4613.74,livre,Tnja,Carte,LIV5,
CMD45998,CL0583,P094,30/06/2023,1,4861.71,livré,CASABLANCA,Carte,LIV3,2023-07-05
CMD05322,CL0782,P073,Feb 26 2023,1,3313.62,LIVRE,marrakech,Carte,,2023-03-01
CMD43673,CL0288,P022,2023-04-18,5,4235.88,en_cours,TNG,Carte,LIV10,
CMD06012,CL0608,P070,Oct 30 2023,3,2242.01,LIVRE,casa,Carte,LIV10,2023-11-03
CMD03492,CL0683,P099,Aug 08 2023,1,1286.67,annulé,casa,Carte,LIV9,
CMD09738,CL0760,P028,Jun 21 2023,1,4347.54,livre,Agadir,Carte,LIV3,
CMD13289,CL0515,P043,28/10/2023,1,1090.02,OK,TANGER,Carte,LIV4,
CMD47836,CL0726,P082,12/09/2023,4,866.61,livré,CASABLANCA,Carte,LIV6,2023-09-13
CMD39256,CL0668,P094,Jan 25 2024,1,1237.61,livré,Tnja,Carte,LIV10,2024-01-26
CMD34722,CL0165,P083,05/03/2023,2,101.67,retourné,kech,Carte,LIV4,2023-03-08
CMD35283,CL0343,P071,2024-02-26,1,1444.4,KO,tanger,Carte,LIV6,
CMD37110,CL0328,P078,27/02/2024,4,2029.57,livré,TNG,Carte,LIV6,2024-03-02
CMD48006,CL0465,P027,Jul 20 2023,2,934.57,livre,tanger,Carte,LIV3,
CMD07973,CL0344,P028,2024-04-03,3,2956.37,retourné,kech,Carte,LIV5,2024-04-05
CMD19458,CL0249,P091,Dec 17 2023,1,2523.66,LIVRE,Agadir,Carte,LIV5,2023-12-20
CMD45157,CL0166,P062,May 05 2023,1,1683.01,livre,Tnja,Carte,LIV5,
CMD12548,CL0418,P100,28/04/2024,2,2010.73,LIVRE,marrakech,Carte,LIV9,2024-04-30
CMD25081,CL0669,P025,28/02/2023,5,2451.4,en_cours,Tnja,Carte,LIV9,
CMD44354,CL0690,P013,2023-01-04,2,1632.98,livré,RBA,Carte,LIV1,2023-01-06
CMD04934,CL0663,P096,25/06/2023,-1,4439.5,livré,tanger,Carte,LIV3,2023-06-27
CMD20145,CL0803,P024,Jan 30 2023,4,1444.09,retourné,Agadir,Carte,LIV5,2023-02-04
CMD15110,CL0530,P081,07/11/2023,1,2302.13,DONE,CASABLANCA,Carte,LIV6,2023-11-10
CMD05540,CL0389,P064,2023-09-01,4,1911.75,OK,Tnja,Carte,,
CMD09469,CL0300,P071,2023-08-23,3,2883.33,livré,casa,Carte,LIV7,2023-08-28
CMD22776,CL0167,P003,Jun 19 2023,3,1620.25,OK,casa,Carte,LIV4,
CMD02348,CL0526,P044,Feb 15 2024,1,2197.84,OK,kech,Carte,LIV7,
CMD17087,CL0949,P089,13/01/2024,2,0,retourné,marrakech,Carte,LIV1,2024-01-17
CMD17998,CL0723,P056,2023-10-24,2,54.45,livré,Tnja,Carte,LIV6,2023-10-28
CMD40016,CL0446,P096,Mar 31 2024,4,2106.6,livré,CASABLANCA,Carte,LIV1,2024-04-03
CMD15259,CL0991,P076,18/02/2023,2,1477.31,retourné,CASABLANCA,Carte,LIV8,2023-02-21
CMD43469,CL0415,P052,06/11/2023,5,3732.06,livré,TNG,Carte,LIV5,2023-11-11
CMD44858,CL0596,P044,2023-05-03,4,1790.6,DONE,TNG,Carte,LIV3,2023-05-08
CMD28375,CL0814,P076,2023-08-05,2,4391.27,livré,Tnja,Carte,LIV2,2023-08-06
CMD45534,CL0341,P048,May 01 2024,4,1399.17,DONE,casa,Carte,LIV6,2024-05-02
CMD44485,CL0999,P074,08/11/2023,4,350.38,LIVRE,Tnja,Carte,LIV1,2023-11-09
CMD07513,CL0227,P049,08/03/2024,5,3946.45,en_cours,casa,Carte,LIV5,
CMD19311,CL0262,P001,May 16 2023,4,689.48,livre,Agadir,Carte,LIV3,
CMD35205,CL0697,P082,Feb 17 2024,3,81.29,DONE,TANGER,Carte,LIV4,2024-02-20
CMD45150,CL0818,P099,27/06/2023,-1,2029.0,livré,RBA,Carte,LIV6,2023-06-28
CMD35418,CL0730,P067,2023-03-08,3,1173.08,LIVRE,tanger,Carte,LIV8,2023-03-10
CMD37592,CL0501,P057,Sep 09 2023,2,4503.55,livré,TNG,Carte,LIV9,2023-09-13
CMD45724,CL0719,P081,2023-05-01,-1,3439.21,LIVRE,RBA,Carte,LIV3,2023-05-05
CMD43762,CL0485,P082,2023-03-06,3,1396.27,livre,TNG,Carte,LIV3,
CMD03651,CL0614,P001,May 05 2024,3,1828.42,annulé,TNG,Carte,LIV6,
CMD15739,CL0448,P054,Mar 29 2024,3,3999.01,retourné,tanger,Carte,LIV2,2024-04-03
CMD31290,CL0673,P082,2024-05-07,3,1371.38,retourné,marrakech,Carte,LIV4,2024-05-11
CMD07482,CL0857,P077,21/08/2023,3,2098.04,KO,RBA,Carte,LIV5,
CMD06179,CL0916,P093,2023-04-20,2,2404.99,en_cours,TNG,Carte,LIV8,
CMD15638,CL0033,P039,2024-04-26,4,590.27,OK,TANGER,Carte,LIV8,
CMD41255,CL0167,P013,09/01/2023,4,1936.09,LIVRE,TNG,Carte,LIV2,2023-01-12
CMD02882,CL0982,P037,2024-03-22,5,2923.9,livré,casa,Carte,LIV3,2024-03-25
CMD19242,CL0339,P019,04/01/2023,3,3967.68,DONE,marrakech,Carte,LIV4,2023-01-06
CMD19810,CL0231,P034,03/11/2023,5,1873.98,livre,Agadir,Carte,,
CMD16318,CL0427,P018,2024-02-20,1,4453.31,livré,TNG,Carte,LIV5,2024-02-23
CMD38350,CL0636,P039,Sep 11 2023,4,1187.91,annulé,marrakech,Carte,LIV2,
CMD22025,CL0942,P067,2023-08-05,1,0,OK,TNG,Carte,LIV5,
CMD01631,CL0951,P096,2023-02-24,3,1032.15,livré,TNG,Carte,,2023-02-26
CMD39678,CL0062,P055,2023-09-16,2,1910.29,KO,Tnja,Carte,,
CMD03659,CL0416,P008,Sep 25 2023,5,2488.03,livre,CASABLANCA,Carte,LIV3,
CMD27240,CL0160,P045,2023-01-22,1,277.56,livré,tanger,Carte,LIV8,2023-01-24
CMD34088,CL0688,P048,2023-08-17,1,3032.3,livre,kech,Carte,LIV1,
CMD33691,CL0572,P050,07/05/2024,2,3563.4,livré,casa,Carte,LIV6,2024-05-12
CMD12094,CL0608,P004,07/05/2023,2,4830.87,annulé,Tnja,Carte,LIV4,
CMD03208,CL0771,P091,2024-01-06,3,2724.56,retourné,casa,Carte,LIV2,2024-01-11
CMD17494,CL0160,P038,Feb 14 2023,2,77.21,livré,TANGER,Carte,LIV7,2023-02-19
CMD39969,CL0401,P011,2023-01-30,3,3002.84,en_cours,tanger,Carte,LIV2,
CMD15343,CL0292,P002,Apr 16 2024,3,4171.43,livré,kech,Carte,LIV4,2024-04-19
CMD10104,CL0624,P088,Sep 19 2023,1,2746.03,retourné,TANGER,Carte,LIV5,2023-09-22
CMD28840,CL0854,P063,28/05/2023,5,4971.04,livré,CASABLANCA,Carte,LIV10,2023-05-29
CMD13264,CL0140,P004,08/05/2024,3,2763.29,en_cours,kech,Carte,LIV5,
CMD19035,CL0191,P081,2023-04-27,1,4229.8,livré,Tnja,Carte,LIV8,2023-05-02
CMD09943,CL0816,P094,2023-11-29,3,2489.71,DONE,casa,Carte,LIV10,2023-12-04
CMD14456,CL0706,P044,2023-05-16,5,1918.54,livré,tanger,Carte,LIV4,2023-05-19
CMD08844,CL0593,P004,2024-02-25,4,4907.21,KO,casa,Carte,LIV9,
CMD21733,CL0922,P095,Oct 19 2023,2,2936.05,KO,Tnja,Carte,LIV9,
CMD14654,CL0527,P051,2023-09-29,5,0,annulé,Tnja,Carte,LIV9,
CMD37282,CL0250,P095,22/11/2023,4,3904.43,DONE,RBA,Carte,LIV2,2023-11-24
CMD26044,CL0267,P069,Sep 02 2023,5,2069.18,livré,TNG,Carte,LIV7,2023-09-03
CMD19976,CL0825,P010,18/04/2024,5,2112.34,annulé,casa,Carte,LIV2,
CMD03221,CL0482,P061,May 16 2023,4,970.27,LIVRE,marrakech,Carte,LIV8,2023-05-21
CMD11908,CL0012,P069,2023-12-22,4,1869.96,livré,RBA,Carte,LIV4,2023-12-25
CMD15844,CL0546,P020,2023-06-15,2,2036.88,retourné,marrakech,Carte,LIV2,2023-06-19
CMD11221,CL0298,P095,2023-02-03,4,2499.74,retourné,TANGER,Carte,LIV8,2023-02-05
CMD28930,CL0450,P010,May 11 2024,2,4466.48,livre,kech,Carte,LIV3,
CMD01871,CL0954,P063,2023-03-18,1,2116.58,DONE,TANGER,Carte,LIV5,2023-03-21
CMD20571,CL0651,P082,23/04/2024,5,4050.47,KO,TNG,Carte,LIV5,
CMD09988,CL0913,P077,05/03/2023,4,1245.06,retourné,RBA,Carte,LIV1,2023-03-07
CMD43684,CL0608,P005,2023-01-13,5,3930.92,annulé,RBA,Carte,LIV7,
CMD41069,CL0782,P037,2023-01-22,1,2051.76,annulé,TANGER,Carte,LIV5,
CMD28111,CL0817,P077,2023-11-17,1,3655.04,OK,TNG,Carte,LIV9,
CMD45207,CL0027,P066,Feb 06 2024,2,803.42,OK,RBA,Carte,LIV1,
CMD35746,CL0425,P013,17/01/2024,2,1708.03,annulé,casa,Carte,LIV6,
CMD11768,CL0221,P065,2023-04-25,-1,1625.73,livré,TANGER,Carte,LIV2,2023-04-30
CMD17569,CL0266,P041,19/05/2023,2,3540.52,en_cours,Tnja,Carte,LIV1,
CMD18265,CL0327,P079,May 08 2023,2,769.33,DONE,CASABLANCA,Carte,LIV9,2023-05-09
CMD03537,CL0803,P078,11/11/2023,1,3284.7,retourné,kech,Carte,LIV6,2023-11-12
CMD47507,CL0511,P039,Jul 25 2023,5,3430.13,OK,kech,Carte,LIV3,
CMD28149,CL0590,P043,Aug 22 2023,4,388.77,livré,marrakech,Carte,LIV9,2023-08-24
CMD19131,CL0086,P001,Oct 07 2023,-1,2986.04,livré,TANGER,Carte,LIV7,2023-10-11
CMD31004,CL0304,P011,2023-03-16,3,2590.34,livré,CASABLANCA,Carte,LIV6,2023-03-19
CMD22572,CL0170,P090,2023-01-23,4,3878.8,OK,tanger,Carte,LIV10,
CMD07113,CL0414,P056,Feb 08 2023,2,2309.23,livré,kech,Carte,,2023-02-12
CMD41192,CL0387,P018,26/07/2023,5,117.89,annulé,CASABLANCA,Carte,LIV9,
CMD24150,CL0566,P082,2024-03-15,3,2415.68,livré,CASABLANCA,Carte,LIV2,2024-03-18
CMD26772,CL0642,P039,17/03/2024,5,2013.46,livré,Tnja,Carte,LIV7,2024-03-20
CMD15261,CL0173,P035,2023-06-16,5,4201.98,LIVRE,RBA,Carte,LIV8,2023-06-17
CMD02409,CL0827,P051,2023-06-14,4,4850.63,LIVRE,marrakech,Carte,LIV1,2023-06-17
CMD31780,CL0533,P040,07/02/2024,5,4041.39,livré,TNG,Carte,,2024-02-12
CMD21448,CL0525,P082,2024-03-28,2,4004.45,annulé,casa,Carte,LIV8,
CMD33502,CL0789,P091,06/08/2023,3,364.11,KO,marrakech,Carte,LIV8,
CMD38592,CL0139,P043,Jan 13 2023,3,2688.7,livré,RBA,Carte,LIV9,2023-01-14
CMD42125,CL0137,P073,2023-09-16,1,2162.07,livré,tanger,Carte,LIV8,2023-09-19
CMD29196,CL0651,P060,04/06/2023,2,3878.23,livre,RBA,Carte,,
CMD26416,CL0037,P023,13/02/2023,1,3753.58,en_cours,tanger,Carte,LIV5,
CMD13907,CL0338,P037,11/01/2024,3,1316.81,en_cours,Agadir,Carte,LIV3,
CMD13677,CL0071,P075,19/05/2023,4,4644.12,retourné,marrakech,Carte,LIV3,2023-05-23
CMD43787,CL0907,P032,2023-06-04,3,1662.26,annulé,TANGER,Carte,LIV7,
CMD37150,CL0373,P093,24/09/2023,2,3558.01,LIVRE,tanger,Carte,LIV5,2023-09-27
CMD03550,CL0423,P073,Dec 12 2023,3,937.57,annulé,Tnja,Carte,LIV6,
CMD40072,CL0506,P058,Sep 06 2023,5,1166.18,retourné,TNG,Carte,,2023-09-10
CMD44705,CL0450,P083,2024-01-12,5,2240.81,livré,Tnja,Carte,LIV10,2024-01-13
CMD26867,CL0273,P087,Jun 04 2023,4,2527.11,DONE,TANGER,Carte,LIV2,2023-06-05
CMD40743,CL0795,P088,2024-04-14,2,3596.41,OK,tanger,Carte,,
CMD44031,CL0570,P084,03/09/2023,2,1197.71,DONE,RBA,Carte,LIV4,2023-09-07
CMD11942,CL0161,P029,Mar 19 2024,1,810.64,livré,TNG,Carte,LIV1,2024-03-20
CMD31960,CL0875,P035,Dec 17 2023,4,540.14,livré,casa,Carte,LIV2,2023-12-20
CMD02140,CL0364,P045,08/03/2023,3,319.03,OK,TNG,Carte,LIV1,
CMD38434,CL0584,P047,08/06/2023,1,791.7,annulé,TANGER,Carte,LIV1,
CMD22549,CL0498,P005,2023-01-10,3,1579.3,livré,marrakech,Carte,LIV4,2023-01-14
CMD29992,CL0781,P094,2023-07-11,4,3906.54,DONE,RBA,Carte,LIV6,2023-07-15
CMD17242,CL0550,P036,15/05/2023,5,3241.0,en_cours,Tnja,Carte,LIV9,
CMD48312,CL0387,P016,Dec 21 2023,4,1841.78,OK,casa,Carte,LIV2,
CMD29346,CL0168,P084,Aug 19 2023,5,2102.37,livre,TNG,Carte,LIV4,
CMD46994,CL0471,P049,09/05/2024,3,4649.56,LIVRE,TANGER,Carte,LIV8,2024-05-14
CMD18763,CL0912,P046,Feb 05 2024,1,1880.48,en_cours,tanger,Carte,LIV2,
CMD13027,CL0559,P096,19/03/2023,5,4388.35,livré,Agadir,Carte,LIV5,2023-03-22
CMD12303,CL0171,P004,Mar 14 2024,3,4271.27,livré,TNG,Carte,LIV9,2024-03-15
CMD00422,CL0488,P010,29/08/2023,4,4622.12,livré,TNG,Carte,LIV2,2023-08-30
CMD08172,CL0297,P075,2023-11-05,4,2810.42,LIVRE,tanger,Carte,LIV6,2023-11-07
CMD13762,CL0159,P017,25/09/2023,5,4834.89,livré,TANGER,Carte,LIV1,2023-09-30
CMD27743,CL0090,P083,May 13 2024,3,2242.23,LIVRE,marrakech,Carte,LIV10,2024-05-15
CMD33525,CL0185,P037,11/03/2024,2,434.06,OK,Tnja,Carte,LIV9,
CMD27877,CL0878,P016,27/03/2024,4,4439.93,LIVRE,TNG,Carte,LIV1,2024-03-29
CMD33757,CL0370,P050,2023-12-31,3,0,en_cours,kech,Carte,LIV4,
CMD30178,CL0430,P065,2024-04-12,3,974.23,livré,marrakech,Carte,LIV6,2024-04-15
CMD32424,CL0401,P064,04/04/2024,4,1627.26,livré,Agadir,Carte,LIV6,2024-04-08
CMD33470,CL0153,P093,2023-09-11,5,3921.39,KO,TNG,Carte,LIV4,
CMD29220,CL0052,P081,21/01/2023,2,2430.24,LIVRE,kech,Carte,LIV2,2023-01-24
CMD44861,CL0499,P009,Mar 10 2023,4,2363.21,annulé,Tnja,Carte,LIV10,
CMD42172,CL0647,P037,2023-06-22,3,3500.94,DONE,kech,Carte,LIV4,2023-06-24
CMD19752,CL0275,P075,2023-10-17,5,1473.15,livré,Agadir,Carte,LIV7,2023-10-22
CMD02437,CL0731,P075,May 07 2023,4,131.3,LIVRE,kech,Carte,LIV5,2023-05-08
CMD35792,CL0573,P054,29/05/2023,4,243.65,KO,casa,Carte,,
CMD32895,CL0090,P027,24/04/2023,3,2025.57,retourné,RBA,Carte,LIV6,2023-04-27
CMD07543,CL0076,P073,Oct 12 2023,2,4287.67,KO,kech,Carte,LIV7,
CMD03286,CL0302,P090,2024-05-13,4,4265.66,DONE,CASABLANCA,Carte,LIV3,2024-05-17
CMD23653,CL0233,P055,15/01/2023,5,2611.28,livré,CASABLANCA,Carte,LIV6,2023-01-19
CMD29682,CL0587,P068,2023-12-14,1,4196.2,KO,CASABLANCA,Carte,LIV9,
CMD26070,CL0355,P090,May 11 2024,3,4257.94,livré,TANGER,Carte,LIV7,2024-05-16
CMD44695,CL0004,P045,2023-05-11,5,111.33,KO,Agadir,Carte,LIV10,
CMD44587,CL0563,P032,09/04/2023,5,213.86,KO,Agadir,Carte,LIV4,
CMD46992,CL0438,P010,29/04/2023,3,2676.88,en_cours,casa,Carte,LIV10,
CMD04683,CL0711,P084,Jan 13 2023,2,4097.33,livré,CASABLANCA,Carte,LIV8,2023-01-16
CMD35054,CL0141,P094,Nov 03 2023,3,3814.49,DONE,tanger,Carte,,2023-11-06
CMD01063,CL0810,P053,16/03/2023,3,3177.23,livré,TNG,Carte,LIV2,2023-03-21
CMD21884,CL0226,P099,May 28 2023,5,2477.4,livre,tanger,Carte,LIV3,
CMD25277,CL0333,P005,2024-02-16,4,4169.4,annulé,tanger,Carte,LIV7,
CMD13613,CL0792,P043,2023-08-23,1,905.72,KO,casa,Carte,LIV3,
CMD08912,CL0692,P011,2023-07-07,2,1203.18,livré,marrakech,Carte,LIV9,2023-07-08
CMD45018,CL0641,P092,Jan 06 2024,3,586.71,annulé,TNG,Carte,LIV1,
CMD18452,CL0653,P070,Feb 10 2024,3,811.86,LIVRE,TNG,Carte,LIV5,2024-02-13
CMD46159,CL0674,P048,29/02/2024,3,2193.62,KO,kech,Carte,,
CMD48263,CL0466,P050,21/01/2023,5,3550.6,livre,tanger,Carte,LIV6,
CMD14975,CL0384,P076,Apr 15 2023,3,4788.25,annulé,CASABLANCA,Carte,LIV3,
CMD20160,CL0117,P014,08/03/2023,1,858.38,livre,CASABLANCA,Carte,,
CMD37175,CL0340,P048,15/06/2023,3,3750.85,retourné,CASABLANCA,Carte,LIV2,2023-06-18
CMD48483,CL0158,P002,2023-01-23,5,1209.29,livré,CASABLANCA,Carte,LIV10,2023-01-26
CMD40046,CL0956,P080,Feb 11 2023,4,3592.13,retourné,TNG,Carte,LIV2,2023-02-12
CMD46643,CL0951,P071,05/03/2023,5,2323.88,LIVRE,tanger,Carte,LIV8,2023-03-06
CMD16498,CL0685,P011,2023-05-02,3,2528.96,livré,CASABLANCA,Carte,LIV9,2023-05-05
CMD20111,CL0315,P098,02/03/2024,2,599.3,en_cours,marrakech,Carte,LIV2,
CMD21230,CL0349,P017,03/03/2024,4,3273.13,OK,Tnja,Carte,LIV4,
CMD47702,CL0864,P091,22/08/2023,4,232.29,retourné,kech,Carte,LIV5,2023-08-25
CMD46484,CL0751,P010,21/05/2023,1,4599.58,livre,CASABLANCA,Carte,LIV3,
CMD22731,CL0112,P079,02/11/2023,5,2981.84,livré,Tnja,Carte,LIV7,2023-11-03
CMD44866,CL0867,P083,Jan 16 2023,3,1068.59,OK,tanger,Carte,LIV1,
CMD27448,CL0426,P080,2023-08-22,1,4044.67,annulé,Tnja,Carte,LIV1,
CMD29539,CL0448,P063,25/03/2024,4,4863.08,livré,Agadir,Carte,LIV6,2024-03-29
CMD38516,CL0447,P068,2023-08-11,1,3653.54,annulé,RBA,Carte,LIV2,
CMD14230,CL0634,P032,2023-08-17,1,2737.64,retourné,tanger,Carte,LIV8,2023-08-18
CMD24733,CL0662,P056,30/12/2023,3,4120.29,OK,RBA,Carte,LIV4,
CMD28832,CL0403,P031,2023-07-04,5,2529.38,OK,TNG,Carte,LIV7,
CMD38425,CL0461,P061,Nov 12 2023,4,4413.53,livré,tanger,Carte,LIV9,2023-11-13
CMD39846,CL0759,P050,Mar 03 2023,5,1314.3,livré,CASABLANCA,Carte,LIV9,2023-03-07
CMD16352,CL0982,P062,Jul 02 2023,5,1300.89,LIVRE,casa,Carte,LIV4,2023-07-03
CMD24941,CL0564,P004,Aug 29 2023,3,4981.21,livré,TNG,Carte,LIV7,2023-09-02
CMD16091,CL0965,P001,26/02/2023,4,2155.29,livre,marrakech,Carte,LIV1,
CMD32437,CL0322,P012,2023-07-20,5,1467.08,retourné,kech,Carte,LIV2,2023-07-23
CMD14915,CL0511,P057,Feb 17 2023,1,2674.54,OK,RBA,Carte,LIV9,
CMD14774,CL0017,P013,Mar 13 2023,3,3746.29,LIVRE,CASABLANCA,Carte,LIV5,2023-03-14
CMD29774,CL0583,P025,18/03/2024,4,3753.03,livré,casa,Carte,LIV1,2024-03-21
CMD09247,CL0815,P042,15/11/2023,5,0,livre,TNG,Carte,LIV5,
CMD27525,CL0188,P040,2023-07-08,1,4280.08,KO,TANGER,Carte,LIV8,
CMD01430,CL0053,P016,29/03/2024,3,3320.82,annulé,casa,Carte,LIV1,
CMD10557,CL0516,P065,2023-07-20,3,381.91,livré,RBA,Carte,LIV7,2023-07-25
CMD17629,CL0026,P074,2023-06-15,5,3741.92,livré,casa,Carte,LIV10,2023-06-18
CMD48334,CL0062,P072,Feb 17 2023,5,1514.67,DONE,CASABLANCA,Carte,LIV8,2023-02-21
CMD36070,CL0602,P071,Jul 15 2023,4,4271.83,DONE,casa,Carte,LIV4,2023-07-16
CMD09407,CL0252,P074,2023-06-01,5,207.43,KO,Tnja,Carte,LIV1,
CMD02592,CL0018,P021,Dec 31 2023,3,4456.13,DONE,Tnja,Carte,LIV10,2024-01-04
CMD40052,CL0680,P081,2024-04-07,4,1643.5,LIVRE,TNG,Carte,LIV7,2024-04-11
CMD27908,CL0420,P085,2024-01-09,1,3320.84,DONE,RBA,Carte,LIV1,2024-01-13
CMD46459,CL0841,P076,Oct 12 2023,3,2140.68,livré,casa,Carte,LIV8,2023-10-13
CMD27569,CL0139,P056,2024-01-02,4,1010.95,OK,kech,Carte,LIV2,
CMD22904,CL0544,P034,Apr 03 2023,3,4885.68,livre,RBA,Carte,LIV7,
CMD18845,CL0904,P045,Jul 23 2023,2,74.42,livre,kech,Carte,LIV3,
CMD05040,CL0859,P099,2023-02-25,3,1145.1,en_cours,CASABLANCA,Carte,LIV1,
CMD18981,CL0638,P074,18/09/2023,3,866.31,retourné,Agadir,Carte,LIV9,2023-09-22
CMD35021,CL0352,P086,Jan 27 2023,5,2927.04,en_cours,tanger,Carte,LIV4,
CMD02440,CL0306,P036,09/03/2023,2,4990.68,livré,RBA,Carte,LIV10,2023-03-14
CMD33225,CL0233,P066,Feb 08 2023,2,669.38,OK,TNG,Carte,LIV10,
CMD46877,CL0678,P098,2023-08-11,5,4076.64,OK,kech,Carte,LIV7,
CMD17398,CL0172,P040,2023-07-01,3,4149.88,annulé,RBA,Carte,,
CMD45374,CL0747,P070,15/05/2024,2,4242.44,OK,Tnja,Carte,LIV2,
CMD30364,CL0926,P009,Jan 09 2023,3,211.16,livré,kech,Carte,LIV6,2023-01-14
CMD39816,CL0047,P097,21/04/2023,3,2499.89,livre,RBA,Carte,LIV2,
CMD37855,CL0711,P032,Aug 31 2023,1,2509.8,retourné,tanger,Carte,LIV5,2023-09-04
CMD06128,CL0653,P052,2023-10-11,3,1126.07,annulé,TNG,Carte,LIV9,
CMD36394,CL0543,P094,2024-02-06,1,3404.46,KO,marrakech,Carte,,
CMD10619,CL0460,P006,25/03/2024,2,69.53,en_cours,kech,Carte,LIV9,
CMD14550,CL0063,P084,Apr 23 2024,1,1376.69,DONE,tanger,Carte,LIV8,2024-04-28
CMD29944,CL0537,P038,24/04/2024,1,1629.15,KO,casa,Carte,LIV3,
CMD36981,CL0824,P020,08/09/2023,4,764.66,livré,casa,Carte,LIV7,2023-09-09
CMD09977,CL0124,P090,29/01/2023,3,4410.44,annulé,casa,Carte,LIV3,
CMD19143,CL0589,P067,02/01/2024,2,3722.3,livré,Agadir,Carte,LIV2,2024-01-04
CMD29367,CL0735,P073,Nov 22 2023,1,3890.1,LIVRE,marrakech,Carte,LIV7,2023-11-25
CMD45934,CL0339,P083,18/10/2023,3,758.71,livré,marrakech,Carte,LIV6,2023-10-21
CMD25821,CL0464,P076,2023-11-05,2,0,DONE,Agadir,Carte,LIV1,2023-11-09
CMD26372,CL0122,P058,Apr 14 2023,1,508.45,livré,CASABLANCA,Carte,LIV6,2023-04-19
CMD43309,CL0260,P081,07/06/2023,2,1116.55,KO,CASABLANCA,Carte,LIV3,
CMD15105,CL0537,P090,Oct 24 2023,4,0,livré,TANGER,Carte,LIV2,2023-10-27
CMD19379,CL0493,P081,18/01/2023,1,2558.14,DONE,CASABLANCA,Carte,LIV10,2023-01-20
CMD03984,CL0611,P056,2023-04-04,1,2833.6,livre,RBA,Carte,LIV10,
CMD34157,CL0188,P068,13/09/2023,4,2248.12,livré,Agadir,Carte,LIV9,2023-09-15
CMD35669,CL0122,P014,Jun 05 2023,3,4445.19,en_cours,CASABLANCA,Carte,LIV6,
CMD45133,CL0638,P096,2023-08-03,3,0,DONE,marrakech,Carte,LIV3,2023-08-05
CMD45020,CL0822,P054,Mar 09 2023,2,1155.3,retourné,tanger,Carte,LIV4,2023-03-10
CMD32970,CL0225,P067,2023-10-29,4,3186.87,DONE,RBA,Carte,LIV1,2023-11-03
CMD21984,CL0890,P073,27/07/2023,4,443.95,livré,tanger,Carte,LIV7,2023-07-31
CMD07601,CL0351,P034,2023-08-18,2,1174.0,annulé,TNG,Carte,LIV2,
CMD21006,CL0678,P088,2023-12-14,2,3446.83,OK,Agadir,Carte,LIV8,
CMD14685,CL0046,P022,2023-06-24,4,4963.01,livré,TANGER,Carte,LIV1,2023-06-29
CMD26486,CL0601,P008,28/12/2023,4,3831.17,DONE,Agadir,Carte,LIV2,2024-01-01
CMD08961,CL0485,P038,05/06/2023,5,1232.15,KO,kech,Carte,LIV7,
CMD10993,CL0271,P040,Feb 14 2024,1,2508.98,LIVRE,Tnja,Carte,,2024-02-19
CMD33808,CL0325,P080,Jan 20 2024,1,4276.76,LIVRE,casa,Carte,LIV10,2024-01-22
CMD14155,CL0027,P028,2023-02-24,2,1158.92,LIVRE,RBA,Carte,LIV8,2023-02-26
CMD14195,CL0455,P083,Mar 13 2024,5,2891.59,LIVRE,TNG,Carte,LIV1,2024-03-16
CMD23823,CL0993,P003,Mar 27 2024,5,285.61,OK,CASABLANCA,Carte,LIV10,
CMD07096,CL0248,P002,May 10 2023,3,1736.66,livre,Agadir,Carte,LIV1,
CMD02423,CL0742,P059,Apr 10 2023,2,2799.51,livré,kech,Carte,LIV9,2023-04-13
CMD12427,CL0166,P092,Apr 30 2023,4,1106.98,livré,TNG,Carte,LIV3,2023-05-01
CMD47145,CL0497,P042,2023-06-25,2,3548.5,livré,kech,Carte,LIV2,2023-06-30
CMD17490,CL0837,P053,Apr 21 2023,5,405.98,OK,kech,Carte,LIV6,
CMD05352,CL0493,P069,Nov 23 2023,4,1497.09,livre,tanger,Carte,LIV1,
CMD16777,CL0777,P068,Oct 07 2023,3,1828.18,LIVRE,Tnja,Carte,LIV8,2023-10-08
CMD10627,CL0079,P047,Feb 10 2023,3,1788.93,KO,Tnja,Carte,LIV5,
CMD30394,CL0244,P005,13/09/2023,3,1446.71,livré,TNG,Carte,LIV1,2023-09-17
CMD25585,CL0073,P069,2023-12-15,1,201.18,en_cours,RBA,Carte,LIV5,
CMD03042,CL0471,P085,05/05/2023,1,370.2,retourné,TNG,Carte,LIV5,2023-05-08
CMD05289,CL0771,P093,2024-03-16,1,2687.14,en_cours,kech,Carte,LIV10,
CMD05607,CL0711,P064,2023-06-13,5,3020.9,DONE,Tnja,Carte,LIV1,2023-06-15
CMD01174,CL0120,P095,01/04/2024,4,1171.77,livré,Agadir,Carte,LIV7,2024-04-04
CMD25857,CL0979,P063,May 24 2023,2,504.7,livré,marrakech,Carte,LIV6,2023-05-27
CMD12531,CL0134,P038,Jul 27 2023,3,4022.34,annulé,marrakech,Carte,LIV7,
CMD28077,CL0373,P098,May 14 2023,3,2735.75,KO,CASABLANCA,Carte,LIV9,
CMD21514,CL0342,P019,Nov 28 2023,4,2828.63,OK,Tnja,Carte,LIV5,
CMD17036,CL0372,P073,27/04/2024,2,3344.71,en_cours,TANGER,Carte,,
CMD35332,CL0100,P022,2023-04-20,2,0,livré,TANGER,Carte,LIV3,2023-04-21
CMD17351,CL0083,P088,Jan 12 2023,5,4687.02,OK,Agadir,Carte,LIV4,
CMD41137,CL0461,P071,Mar 19 2023,5,2135.99,LIVRE,RBA,Carte,LIV8,2023-03-24
CMD32329,CL0482,P086,Nov 18 2023,5,2902.36,KO,Agadir,Carte,LIV3,
CMD45533,CL0157,P088,2023-03-21,3,1716.15,KO,RBA,Carte,LIV7,
CMD24045,CL0840,P020,2023-05-09,3,2841.09,livré,Agadir,Carte,LIV5,2023-05-12
CMD26166,CL0627,P017,Oct 24 2023,4,1760.11,en_cours,TANGER,Carte,LIV3,
CMD02390,CL0482,P083,2024-03-06,2,3224.69,livré,Agadir,Carte,LIV8,2024-03-07
CMD26649,CL0926,P011,11/04/2023,3,4433.18,livré,tanger,Carte,LIV9,2023-04-12
CMD00695,CL0387,P072,2023-12-10,5,2038.18,livré,tanger,Carte,LIV10,2023-12-12
CMD42749,CL0655,P008,Feb 14 2024,3,1073.04,LIVRE,Tnja,Carte,LIV5,2024-02-16
CMD12280,CL0621,P014,2023-11-25,4,4374.3,LIVRE,TANGER,Carte,LIV4,2023-11-29
CMD06439,CL0742,P074,Mar 01 2023,5,294.56,retourné,TNG,Carte,LIV8,2023-03-02
CMD38825,CL0988,P006,Jul 30 2023,3,1790.75,retourné,Tnja,Carte,,2023-08-03
CMD37914,CL0870,P057,Apr 05 2024,5,726.98,livre,RBA,Carte,LIV3,
CMD31921,CL0355,P008,Apr 21 2024,3,1065.58,OK,RBA,Carte,LIV3,
CMD27166,CL0029,P008,2023-05-05,5,4233.86,retourné,casa,Carte,LIV9,2023-05-07
CMD24318,CL0653,P070,Jan 31 2024,1,156.06,annulé,kech,Carte,LIV5,
CMD30968,CL0615,P059,2023-03-18,4,3629.0,KO,Tnja,Carte,LIV2,
CMD03089,CL0327,P080,Aug 19 2023,5,426.3,annulé,CASABLANCA,Carte,LIV2,
CMD44803,CL0478,P048,12/05/2023,3,730.8,livré,TANGER,Carte,LIV3,2023-05-13
CMD02244,CL0334,P061,2023-08-20,3,4944.01,livré,tanger,Carte,LIV6,2023-08-21
CMD31888,CL0306,P067,07/01/2024,1,1976.46,OK,marrakech,Carte,LIV5,
CMD42210,CL0809,P009,24/06/2023,2,2287.37,retourné,kech,Carte,LIV4,2023-06-25
CMD28916,CL0545,P021,2023-07-24,1,4231.33,DONE,Tnja,Carte,LIV9,2023-07-29
CMD02120,CL0705,P058,22/12/2023,5,1251.51,livré,kech,Carte,LIV3,2023-12-26
CMD39744,CL0264,P075,11/04/2023,4,3199.06,OK,TANGER,Carte,LIV5,
CMD43370,CL0376,P042,15/02/2023,1,4884.34,livré,TANGER,Carte,,2023-02-18
CMD18247,CL0346,P079,01/12/2023,2,3149.16,retourné,CASABLANCA,Carte,LIV3,2023-12-04
CMD21900,CL0745,P044,21/04/2024,1,3087.23,livré,marrakech,Carte,LIV10,2024-04-22
CMD16564,CL0503,P055,17/02/2023,5,820.69,livré,casa,Carte,LIV4,2023-02-19
CMD25764,CL0080,P023,2023-09-14,5,0,LIVRE,Agadir,Carte,LIV7,2023-09-18
CMD21027,CL0429,P032,Dec 02 2023,3,2452.0,livré,Tnja,Carte,LIV9,2023-12-03
CMD39676,CL0600,P096,05/10/2023,2,169.61,OK,TNG,Carte,LIV5,
CMD48325,CL0984,P082,2023-03-04,2,1455.99,LIVRE,TANGER,Carte,LIV1,2023-03-06
CMD08457,CL0263,P024,2023-02-01,3,1667.79,DONE,CASABLANCA,Carte,,2023-02-02
CMD25674,CL0206,P039,17/11/2023,5,1434.25,livré,CASABLANCA,Carte,LIV9,2023-11-21
CMD20983,CL0679,P058,2023-12-26,5,3531.63,OK,Agadir,Carte,LIV10,
CMD12992,CL0596,P084,10/07/2023,2,4165.8,livre,CASABLANCA,Carte,LIV4,
CMD23932,CL0855,P040,Jul 12 2023,1,2256.08,LIVRE,marrakech,Carte,LIV1,2023-07-15
CMD30873,CL0997,P035,21/03/2023,3,311.46,retourné,casa,Carte,LIV3,2023-03-25
CMD26736,CL0004,P062,2023-08-11,1,3628.2,livré,marrakech,Carte,LIV2,2023-08-16
CMD30455,CL0830,P036,17/04/2023,1,820.22,DONE,TNG,Carte,LIV3,2023-04-20
CMD25415,CL0264,P072,Apr 28 2023,1,1767.1,livré,tanger,Carte,LIV10,2023-05-01
CMD23202,CL0993,P041,Nov 11 2023,3,4200.68,livré,RBA,Carte,LIV7,2023-11-12
CMD40990,CL0739,P085,2023-12-24,2,4818.39,KO,TNG,Carte,LIV3,
CMD39338,CL0765,P042,2023-12-13,2,3702.75,livré,casa,Carte,LIV2,2023-12-16
CMD04584,CL0631,P079,2023-07-20,1,244.46,livré,TANGER,Carte,LIV8,2023-07-25
CMD12771,CL0553,P051,Jan 04 2023,4,2890.32,livré,TNG,Carte,LIV10,2023-01-08
CMD16115,CL0204,P029,2024-05-13,4,1177.53,retourné,RBA,Carte,LIV2,2024-05-16
CMD03235,CL0982,P088,Sep 13 2023,4,882.81,DONE,tanger,Carte,LIV6,2023-09-18
CMD14724,CL0819,P088,Apr 06 2024,3,1307.93,OK,Agadir,Carte,LIV4,
CMD40115,CL0541,P060,11/11/2023,5,4790.22,en_cours,kech,Carte,LIV6,
CMD45070,CL0249,P093,22/03/2023,4,3880.68,LIVRE,tanger,Carte,LIV7,2023-03-23
CMD24340,CL0663,P032,Mar 05 2023,4,125.53,livré,casa,Carte,LIV8,2023-03-10
CMD00991,CL0817,P033,2023-12-07,2,3859.51,livre,CASABLANCA,Carte,LIV1,
CMD43636,CL0112,P025,Jul 29 2023,1,174.08,livre,Agadir,Carte,LIV3,
CMD36119,CL0773,P040,22/07/2023,5,139.54,annulé,Agadir,Carte,,
CMD31136,CL0417,P094,2023-07-26,4,63.61,annulé,marrakech,Carte,LIV6,
CMD29328,CL0629,P027,08/03/2024,4,3204.3,KO,tanger,Carte,LIV5,
CMD16751,CL0269,P057,20/02/2024,5,3911.72,livré,TANGER,Carte,LIV1,2024-02-23
CMD41517,CL0707,P078,Oct 04 2023,3,385.22,KO,kech,Carte,LIV6,
CMD30518,CL0825,P027,May 19 2023,4,3438.32,livré,CASABLANCA,Carte,LIV7,2023-05-23
CMD37354,CL0703,P020,Oct 14 2023,5,4194.44,annulé,marrakech,Carte,LIV1,
CMD08296,CL0077,P033,Aug 29 2023,5,301.23,livré,CASABLANCA,Carte,LIV1,2023-08-31
CMD24224,CL0113,P081,28/11/2023,1,282.88,en_cours,TNG,Carte,LIV8,
CMD36866,CL0160,P008,Feb 13 2023,5,1098.83,livré,kech,Carte,LIV2,2023-02-18
CMD16813,CL0929,P020,Jul 09 2023,2,3452.0,livré,marrakech,Carte,LIV3,2023-07-12
CMD22660,CL0553,P003,19/10/2023,2,437.48,livré,Tnja,Carte,LIV3,2023-10-21
CMD42555,CL0035,P069,2024-01-05,3,3393.51,retourné,RBA,Carte,LIV1,2024-01-08
CMD48213,CL0868,P100,Jul 15 2023,2,3565.62,livré,CASABLANCA,Carte,LIV6,2023-07-18
CMD10790,CL0792,P084,2024-04-09,5,4835.22,retourné,tanger,Carte,LIV3,2024-04-11
CMD41068,CL0538,P024,02/01/2024,4,4983.86,livré,Agadir,Carte,LIV8,2024-01-04
CMD31168,CL0971,P100,May 21 2023,2,4814.52,LIVRE,Agadir,Carte,LIV3,2023-05-22
CMD47890,CL0832,P061,Jan 07 2023,3,1470.73,livré,TANGER,Carte,LIV8,2023-01-11
CMD35560,CL0022,P026,13/02/2023,1,2828.05,OK,Agadir,Carte,LIV2,
CMD41195,CL0219,P009,2023-05-31,3,777.96,OK,tanger,Carte,LIV3,
CMD39022,CL0941,P066,Apr 06 2023,4,2166.95,en_cours,RBA,Carte,LIV2,
CMD15746,CL0727,P016,Apr 30 2023,2,4993.35,annulé,Tnja,Carte,LIV1,
CMD31428,CL0788,P046,Aug 25 2023,3,2369.88,KO,CASABLANCA,Carte,LIV8,
CMD30459,CL0652,P054,28/05/2023,1,2275.22,retourné,marrakech,Carte,LIV7,2023-05-29
CMD22531,CL0913,P042,2023-08-04,3,1626.1,OK,casa,Carte,,
CMD43231,CL0217,P060,Jun 02 2023,3,1580.97,livré,marrakech,Carte,,2023-06-03
CMD47857,CL0330,P070,Aug 04 2023,5,2705.76,livré,Agadir,Carte,LIV10,2023-08-07
CMD38710,CL0623,P079,09/06/2023,3,3260.81,KO,tanger,Carte,,
CMD17310,CL0270,P034,Feb 27 2024,4,1768.29,livré,Tnja,Carte,,2024-02-28
CMD18139,CL0296,P062,2023-02-03,1,1460.19,livré,RBA,Carte,LIV3,2023-02-05
CMD22356,CL0122,P093,2023-01-19,1,4356.25,livré,Agadir,Carte,LIV9,2023-01-23
CMD44691,CL0517,P063,May 12 2024,1,4077.3,OK,marrakech,Carte,LIV10,
CMD39267,CL0904,P032,2023-09-22,5,1857.97,livré,Tnja,Carte,LIV2,2023-09-26
CMD19553,CL0691,P019,2023-08-05,3,2999.96,retourné,marrakech,Carte,LIV8,2023-08-08
CMD08376,CL0135,P056,Jul 11 2023,2,4055.11,livre,kech,Carte,LIV1,
CMD46238,CL0535,P091,Oct 15 2023,2,3529.09,livre,TNG,Carte,LIV3,
CMD45047,CL0482,P016,2023-02-14,1,2985.83,livré,CASABLANCA,Carte,LIV1,2023-02-15
CMD33710,CL0634,P045,18/05/2023,2,1389.96,livré,kech,Carte,LIV10,2023-05-21
CMD31107,CL0403,P019,2023-12-19,4,1839.03,en_cours,marrakech,Carte,LIV9,
CMD24047,CL0773,P066,2023-11-17,1,74.23,annulé,Tnja,Carte,LIV3,
CMD45167,CL0505,P096,16/08/2023,4,4729.26,livré,kech,Carte,LIV1,2023-08-20
CMD47550,CL0106,P041,30/04/2024,1,1957.82,livré,Tnja,Carte,LIV9,2024-05-01
CMD12358,CL0962,P065,28/03/2023,3,467.54,livré,TNG,Carte,LIV7,2023-03-30
CMD36858,CL0658,P012,Aug 05 2023,5,1931.0,retourné,kech,Carte,LIV1,2023-08-07
CMD08994,CL0933,P051,May 16 2023,4,4888.84,livré,Tnja,Carte,,2023-05-21
CMD03402,CL0380,P022,05/01/2024,5,450.24,livré,marrakech,Carte,LIV3,2024-01-09
CMD00210,CL0717,P091,2023-01-25,2,4290.55,livré,CASABLANCA,Carte,LIV2,2023-01-30
CMD29601,CL0477,P095,2024-01-30,1,2837.34,livré,RBA,Carte,LIV8,2024-02-03
CMD45249,CL0532,P012,Sep 22 2023,1,3797.61,retourné,tanger,Carte,LIV4,2023-09-26
CMD37311,CL0063,P086,06/03/2023,3,2676.52,en_cours,TANGER,Carte,LIV8,
CMD32800,CL0056,P027,15/04/2024,5,974.96,LIVRE,casa,Carte,,2024-04-20
CMD17790,CL0929,P018,18/06/2023,1,4022.44,DONE,TNG,Carte,LIV5,2023-06-19
CMD20811,CL0558,P064,Mar 22 2024,3,2066.66,KO,marrakech,Carte,LIV8,
CMD07746,CL0864,P005,2023-01-23,4,3295.52,livré,RBA,Carte,LIV2,2023-01-26
CMD06009,CL0804,P036,2023-09-10,2,2098.29,DONE,Tnja,Carte,LIV6,2023-09-15
CMD29002,CL0720,P022,2023-07-13,5,3997.6,livre,TNG,Carte,,
CMD30310,CL0073,P021,13/12/2023,1,1067.63,DONE,TANGER,Carte,LIV2,2023-12-14
CMD41952,CL0875,P042,Jul 31 2023,1,3204.3,OK,TNG,Carte,LIV2,
CMD19108,CL0797,P059,Feb 20 2023,4,3078.13,livre,tanger,Carte,LIV4,
CMD25503,CL0233,P038,2023-05-27,4,3446.37,OK,Agadir,Carte,LIV8,
CMD35213,CL0476,P025,2023-06-26,4,858.77,DONE,TNG,Carte,LIV10,2023-06-30
CMD38113,CL0920,P072,2023-11-27,4,359.74,livre,casa,Carte,LIV6,
CMD42415,CL0279,P058,19/02/2023,5,2640.38,KO,casa,Carte,LIV3,
CMD00803,CL0094,P096,2024-01-17,5,125.27,livre,RBA,Carte,LIV10,
CMD02903,CL0534,P086,2023-06-13,1,2433.25,LIVRE,casa,Carte,LIV4,2023-06-17
CMD32929,CL0413,P071,Apr 20 2023,3,1424.28,livré,marrakech,Carte,LIV2,2023-04-22
CMD01373,CL0962,P032,2023-12-24,2,3128.26,DONE,marrakech,Carte,LIV1,2023-12-29
CMD08263,CL0375,P062,Dec 10 2023,1,1220.12,retourné,CASABLANCA,Carte,LIV5,2023-12-12
CMD30947,CL0100,P027,May 11 2024,5,834.37,annulé,TNG,Carte,LIV5,
CMD28005,CL0830,P009,2023-02-26,5,1704.59,livre,kech,Carte,LIV8,
CMD33717,CL0538,P042,2023-05-24,3,255.92,KO,RBA,Carte,LIV6,
CMD03083,CL0515,P092,Oct 09 2023,5,1870.2,livre,CASABLANCA,Carte,LIV3,
CMD47878,CL0176,P078,Feb 07 2024,1,2627.03,KO,Agadir,Carte,LIV10,
CMD31051,CL0321,P070,2023-09-06,3,2463.09,LIVRE,TNG,Carte,LIV10,2023-09-10
CMD01370,CL0261,P032,2023-04-15,3,2152.01,KO,RBA,Carte,LIV5,
CMD46302,CL0810,P051,Apr 14 2023,5,1338.41,en_cours,TNG,Carte,LIV9,
CMD14969,CL0622,P039,17/03/2024,3,1084.76,livré,marrakech,Carte,LIV6,2024-03-18
CMD30977,CL0135,P051,2023-10-22,4,97.16,en_cours,TNG,Carte,LIV10,
CMD21872,CL0753,P007,2023-01-13,5,4849.14,retourné,tanger,Carte,LIV10,2023-01-14
CMD00075,CL0672,P085,Sep 21 2023,2,1103.16,KO,Tnja,Carte,LIV4,
CMD18172,CL0169,P008,21/10/2023,2,371.79,livré,TANGER,Carte,LIV3,2023-10-26
CMD34286,CL0713,P039,07/02/2023,4,2131.99,livré,RBA,Carte,LIV3,2023-02-10
CMD38740,CL0890,P040,Dec 30 2023,3,3381.13,KO,marrakech,Carte,LIV7,
CMD27052,CL0692,P006,Mar 08 2023,2,1873.24,LIVRE,marrakech,Carte,LIV4,2023-03-10
CMD05855,CL0700,P010,28/04/2024,4,0,OK,marrakech,Carte,LIV9,
CMD28487,CL0738,P020,28/03/2023,4,740.92,en_cours,TANGER,Carte,LIV10,
CMD25339,CL0194,P098,Feb 26 2024,5,4772.26,livré,TNG,Carte,LIV8,2024-02-27
CMD22131,CL0671,P047,28/01/2024,5,507.97,OK,TNG,Carte,LIV6,
CMD21968,CL0216,P025,May 04 2023,1,455.99,LIVRE,Tnja,Carte,LIV9,2023-05-08
CMD21320,CL0231,P064,May 09 2024,1,163.08,annulé,casa,Carte,LIV8,
CMD25501,CL0732,P079,2024-02-09,4,1582.33,DONE,casa,Carte,LIV8,2024-02-13
CMD38435,CL0398,P006,2023-12-25,5,412.39,livre,Agadir,Carte,LIV10,
CMD42828,CL0565,P045,May 13 2024,2,994.52,livre,RBA,Carte,LIV2,
CMD43329,CL0819,P029,05/02/2023,4,2778.84,livre,Tnja,Carte,LIV6,
CMD44642,CL0208,P059,2023-09-10,4,558.52,annulé,Tnja,Carte,LIV7,
CMD17677,CL0322,P044,10/03/2024,3,299.64,OK,CASABLANCA,Carte,LIV3,
CMD11542,CL0930,P018,Apr 03 2023,4,2904.18,livré,TANGER,Carte,LIV10,2023-04-08
CMD40807,CL0300,P094,04/08/2023,3,280.22,retourné,marrakech,Carte,LIV3,2023-08-08
CMD39558,CL0393,P033,2023-01-21,4,3269.15,OK,Agadir,Carte,LIV1,
CMD07535,CL0737,P072,2023-01-05,5,2067.23,OK,Tnja,Carte,LIV2,
CMD20010,CL0292,P070,Jun 05 2023,1,1562.74,livre,CASABLANCA,Carte,LIV8,
CMD46196,CL0227,P089,29/02/2024,1,1472.59,livré,TANGER,Carte,LIV7,2024-03-05
CMD17511,CL0286,P062,2023-05-24,4,2248.35,livré,casa,Carte,LIV8,2023-05-28
CMD09795,CL0350,P055,27/12/2023,1,1446.8,en_cours,TNG,Carte,,
CMD14650,CL0072,P027,2023-02-08,2,196.11,OK,tanger,Carte,LIV10,
CMD37228,CL0579,P069,01/02/2023,5,2706.46,livré,Agadir,Carte,LIV5,2023-02-05
CMD05379,CL0999,P070,2023-08-10,5,964.37,en_cours,TNG,Carte,LIV10,
CMD27934,CL0721,P016,2024-05-15,1,2332.04,annulé,tanger,Carte,LIV5,
CMD07775,CL0033,P044,Apr 13 2023,4,1015.09,KO,RBA,Carte,LIV4,
CMD44084,CL0080,P006,2023-05-26,4,1848.95,livré,TNG,Carte,LIV5,2023-05-30
CMD38811,CL0778,P052,20/07/2023,1,3647.39,OK,tanger,Carte,LIV3,
CMD09638,CL0047,P042,2023-02-22,3,0,en_cours,Tnja,Carte,LIV7,
CMD41559,CL0544,P048,Mar 11 2023,3,2556.33,annulé,tanger,Carte,LIV3,
CMD22177,CL0351,P006,2024-01-03,5,2678.44,livré,TNG,Carte,LIV9,2024-01-05
CMD15392,CL0870,P026,Jan 08 2024,5,1116.68,livre,casa,Carte,LIV10,
CMD36438,CL0703,P060,27/08/2023,1,2935.86,livré,Agadir,Carte,LIV10,2023-08-28
CMD43108,CL0155,P093,Oct 08 2023,3,2989.45,livré,RBA,Carte,LIV3,2023-10-11
CMD32823,CL0855,P025,2023-05-02,5,4484.09,LIVRE,kech,Carte,LIV10,2023-05-03
CMD47759,CL0190,P094,Jul 10 2023,3,3375.64,livré,casa,Carte,LIV5,2023-07-13
CMD20139,CL0001,P017,Feb 01 2024,2,2319.34,KO,casa,Carte,LIV3,
CMD39613,CL0592,P034,01/05/2024,1,3186.38,LIVRE,RBA,Carte,LIV3,2024-05-05
CMD38269,CL0347,P002,14/08/2023,3,4182.99,DONE,casa,Carte,LIV2,2023-08-16
CMD05713,CL0856,P047,30/03/2023,1,4697.41,livré,TNG,Carte,LIV10,2023-04-04
CMD46329,CL0266,P068,Apr 14 2024,2,579.61,livré,CASABLANCA,Carte,LIV4,2024-04-19
CMD36008,CL0230,P028,Apr 10 2023,2,2733.28,LIVRE,Tnja,Carte,LIV3,2023-04-13
CMD34766,CL0352,P077,Jan 28 2024,2,2536.0,KO,TANGER,Carte,LIV5,
CMD26017,CL0979,P013,2023-07-08,1,3222.27,en_cours,Agadir,Carte,LIV6,
CMD12647,CL0267,P051,Mar 13 2024,1,2629.7,KO,tanger,Carte,LIV8,
CMD41718,CL0455,P087,Dec 19 2023,5,3267.25,livre,CASABLANCA,Carte,LIV9,
CMD15021,CL0876,P094,12/03/2023,3,3856.03,OK,marrakech,Carte,,
CMD10782,CL0943,P038,30/08/2023,2,1050.7,DONE,CASABLANCA,Carte,LIV4,2023-09-01
CMD05628,CL0438,P053,09/07/2023,1,2407.27,livré,Tnja,Carte,LIV8,2023-07-11
CMD05415,CL0121,P022,Dec 31 2023,5,327.8,KO,Tnja,Carte,LIV7,
CMD14811,CL0580,P052,2024-02-03,1,3374.6,LIVRE,casa,Carte,,2024-02-07
CMD02406,CL0632,P058,Mar 29 2023,4,3097.18,LIVRE,TNG,Carte,,2023-04-02
CMD34749,CL0399,P069,2024-01-03,3,0,LIVRE,RBA,Carte,LIV8,2024-01-08
CMD02711,CL0431,P035,25/01/2024,3,2738.31,en_cours,marrakech,Carte,LIV9,
CMD21415,CL0108,P096,2023-05-28,1,2111.81,livré,tanger,Carte,LIV8,2023-06-01
CMD37011,CL0324,P060,2023-02-06,3,2444.54,livre,kech,Carte,LIV4,
CMD47334,CL0260,P027,2023-05-21,1,2304.88,livré,tanger,Carte,LIV8,2023-05-25
CMD31288,CL0862,P070,2023-04-28,4,4264.32,DONE,CASABLANCA,Carte,LIV10,2023-05-03
CMD21222,CL0751,P010,06/05/2024,5,1760.44,livré,RBA,Carte,LIV6,2024-05-08
CMD44831,CL0008,P092,03/08/2023,5,576.81,retourné,TNG,Carte,,2023-08-04
CMD28338,CL0210,P078,2023-06-24,3,3531.77,en_cours,tanger,Carte,LIV8,
CMD40539,CL0678,P012,2023-11-27,5,4674.95,livré,casa,Carte,LIV1,2023-11-28
CMD02533,CL0894,P075,Jun 13 2023,5,1903.84,livré,tanger,Carte,LIV2,2023-06-15
CMD17824,CL0735,P090,2023-12-17,4,4357.9,annulé,casa,Carte,LIV1,
CMD34639,CL0428,P019,04/01/2024,3,1770.31,LIVRE,TNG,Carte,LIV9,2024-01-08
CMD24922,CL0140,P042,Jul 19 2023,3,3674.71,livré,CASABLANCA,Carte,LIV2,2023-07-22
CMD16874,CL0046,P041,Jan 17 2023,5,3200.7,LIVRE,Agadir,Carte,LIV1,2023-01-21
CMD00271,CL0306,P004,Jul 08 2023,2,2573.27,livré,Tnja,Carte,LIV5,2023-07-12
CMD47318,CL0416,P084,2023-11-27,5,457.12,livré,tanger,Carte,LIV8,2023-11-29
CMD26700,CL0640,P078,Jun 16 2023,2,4433.91,KO,marrakech,Carte,LIV5,
CMD47511,CL0895,P100,Feb 03 2023,5,2956.13,livré,kech,Carte,LIV5,2023-02-05
CMD19515,CL0248,P066,2024-05-14,1,1222.59,OK,TNG,Carte,LIV4,
CMD43205,CL0474,P100,11/02/2024,3,2722.76,annulé,casa,Carte,LIV4,
CMD03091,CL0608,P086,29/05/2023,2,1391.88,livré,Tnja,Carte,LIV9,2023-05-30
CMD10791,CL0677,P031,Jan 21 2024,5,2138.23,OK,CASABLANCA,Carte,LIV1,
CMD09190,CL0111,P096,2023-07-19,5,822.92,livré,Agadir,Carte,LIV9,2023-07-24
CMD45629,CL0733,P082,Jun 03 2023,4,2642.07,OK,marrakech,Carte,LIV6,
CMD24648,CL0192,P059,2023-11-03,1,2050.81,livré,casa,Carte,LIV10,2023-11-04
CMD32529,CL0068,P021,2024-02-11,1,4760.48,LIVRE,kech,Carte,LIV10,2024-02-15
CMD10704,CL0810,P079,05/01/2023,5,3907.53,livré,TNG,Carte,LIV1,2023-01-06
CMD18261,CL0109,P079,Sep 04 2023,3,326.78,LIVRE,marrakech,Carte,LIV8,2023-09-09
CMD28198,CL0833,P059,03/04/2024,5,0,DONE,Tnja,Carte,LIV7,2024-04-04
CMD28352,CL0517,P060,14/07/2023,4,957.34,KO,RBA,Carte,LIV4,
CMD36536,CL0510,P077,17/02/2023,2,2989.25,livré,marrakech,Carte,LIV1,2023-02-20
CMD31985,CL0238,P095,2023-05-19,3,457.86,annulé,casa,Carte,LIV9,
CMD32230,CL0281,P078,04/02/2023,3,1194.89,LIVRE,casa,Carte,LIV6,2023-02-07
CMD14050,CL0865,P042,Feb 07 2023,1,4541.84,annulé,TANGER,Carte,,
CMD07293,CL0288,P012,2024-03-19,5,3933.32,livré,marrakech,Carte,LIV9,2024-03-23
CMD08553,CL0575,P002,2023-10-27,3,2958.15,en_cours,RBA,Carte,LIV2,
CMD12842,CL0956,P088,08/03/2024,3,3516.22,livré,casa,Carte,LIV6,2024-03-12
CMD06431,CL0760,P065,Feb 27 2023,5,3067.0,retourné,Tnja,Carte,LIV9,2023-02-28
CMD13939,CL0532,P054,2023-10-05,5,2780.29,KO,RBA,Carte,LIV6,
CMD21743,CL0312,P094,May 13 2024,4,1750.52,retourné,TNG,Carte,LIV10,2024-05-17
CMD25273,CL0291,P069,2024-01-29,4,4068.64,livre,Agadir,Carte,LIV1,
CMD27271,CL0604,P095,10/02/2023,5,1619.89,livré,tanger,Carte,LIV7,2023-02-12
CMD39147,CL0669,P100,2024-05-13,3,2611.88,livré,RBA,Carte,LIV4,2024-05-18
CMD13469,CL0741,P070,Mar 22 2023,3,4114.69,livré,tanger,Carte,LIV7,2023-03-25
CMD45106,CL0213,P053,2023-07-16,4,3129.39,LIVRE,Agadir,Carte,LIV10,2023-07-17
CMD15199,CL0297,P003,12/02/2024,1,4772.37,livré,tanger,Carte,LIV4,2024-02-14
CMD20484,CL0646,P072,Apr 19 2023,3,3280.07,livré,marrakech,Carte,LIV7,2023-04-21
CMD01604,CL0634,P015,2023-07-09,2,4020.01,livré,marrakech,Carte,LIV4,2023-07-14
CMD42850,CL0683,P010,Nov 02 2023,2,4350.99,livré,CASABLANCA,Carte,LIV5,2023-11-04
CMD23962,CL0593,P067,2023-12-07,2,465.7,livré,CASABLANCA,Carte,LIV8,2023-12-11
CMD17330,CL0434,P001,2023-09-13,1,1448.85,KO,TANGER,Carte,LIV6,
CMD24691,CL0058,P057,Feb 17 2024,4,4887.08,OK,CASABLANCA,Carte,LIV10,
CMD19154,CL0331,P056,28/11/2023,1,1021.22,LIVRE,Tnja,Carte,LIV6,2023-11-30
CMD14535,CL0168,P030,2023-09-17,3,0,LIVRE,Tnja,Carte,LIV5,2023-09-19
CMD35680,CL0599,P025,24/03/2023,3,1453.03,annulé,kech,Carte,LIV8,
CMD05258,CL0640,P088,2023-09-16,-1,3292.03,DONE,Agadir,Carte,LIV8,2023-09-19
CMD36338,CL0798,P047,13/04/2024,2,3637.1,LIVRE,kech,Carte,LIV2,2024-04-18
CMD03917,CL0334,P008,11/08/2023,2,3538.71,livré,TNG,Carte,LIV5,2023-08-14
CMD04465,CL0714,P001,Mar 17 2024,2,868.26,livré,Agadir,Carte,LIV8,2024-03-20
CMD41776,CL0993,P099,27/02/2024,2,1268.46,livré,Tnja,Carte,LIV6,2024-03-02
CMD25475,CL0182,P007,2024-05-06,1,338.33,KO,marrakech,Carte,LIV9,
CMD37454,CL0309,P013,2024-01-08,4,2159.41,livre,TANGER,Carte,,
CMD42013,CL0301,P095,Mar 17 2023,5,2675.15,LIVRE,marrakech,Carte,LIV8,2023-03-22
CMD07960,CL0737,P096,09/10/2023,5,278.34,KO,Agadir,Carte,LIV9,
CMD26765,CL0586,P035,2023-08-29,2,4444.79,livré,Agadir,Carte,LIV5,2023-08-30
CMD06825,CL0281,P037,Mar 09 2023,3,4326.39,livré,casa,Carte,LIV4,2023-03-14
CMD05205,CL0570,P056,Nov 25 2023,4,2972.59,OK,casa,Carte,LIV9,
CMD02839,CL0094,P062,2023-12-31,3,4271.31,en_cours,casa,Carte,LIV2,
CMD11911,CL0331,P064,12/08/2023,5,721.1,LIVRE,marrakech,Carte,LIV4,2023-08-14
CMD08047,CL0874,P067,Jul 12 2023,5,4286.79,DONE,TNG,Carte,,2023-07-15
CMD01052,CL0332,P086,2024-03-18,3,1088.48,KO,RBA,Carte,LIV4,
CMD44790,CL0797,P050,2024-02-10,5,3430.8,DONE,TANGER,Carte,LIV2,2024-02-12
CMD09912,CL0409,P098,08/02/2023,3,4669.75,annulé,RBA,Carte,LIV2,
CMD32654,CL0009,P100,2023-06-02,4,4163.03,livré,tanger,Carte,LIV6,2023-06-06
CMD19157,CL0883,P063,2023-07-25,4,2814.04,retourné,TANGER,Carte,LIV8,2023-07-27
CMD02653,CL0388,P023,2024-02-08,5,2786.36,LIVRE,Agadir,Carte,LIV9,2024-02-12
CMD41842,CL0213,P030,May 14 2024,1,258.52,KO,TANGER,Carte,LIV1,
CMD11784,CL0605,P028,Mar 02 2023,1,1929.95,OK,Tnja,Carte,LIV3,
CMD23185,CL0305,P056,2023-09-19,2,3139.5,livré,casa,Carte,LIV8,2023-09-24
CMD22810,CL0780,P037,Jul 31 2023,1,941.37,retourné,RBA,Carte,LIV10,2023-08-02
CMD02741,CL0661,P064,Jan 09 2024,3,3683.34,annulé,Tnja,Carte,LIV10,
CMD21839,CL0556,P052,2023-12-07,3,3335.34,en_cours,tanger,Carte,LIV10,
CMD11554,CL0374,P093,2023-06-14,5,1466.27,OK,marrakech,Carte,,
CMD40588,CL0030,P099,Nov 08 2023,1,2453.8,KO,kech,Carte,,
CMD29024,CL0954,P050,Jan 26 2024,4,4332.18,retourné,marrakech,Carte,LIV1,2024-01-31
CMD30053,CL0506,P011,2023-07-08,4,4691.54,livré,RBA,Carte,LIV8,2023-07-10
CMD06106,CL0888,P027,2023-06-07,1,4614.76,en_cours,Tnja,Carte,LIV8,
CMD39071,CL0207,P041,2023-04-08,2,3901.95,livré,casa,Carte,LIV10,2023-04-11
CMD25123,CL0263,P071,Dec 03 2023,3,2674.32,retourné,TNG,Carte,LIV4,2023-12-08
CMD08565,CL0940,P015,2023-12-21,5,1111.78,en_cours,marrakech,Carte,LIV6,
CMD00083,CL0603,P025,14/03/2024,2,937.84,KO,TNG,Carte,LIV1,
CMD42408,CL0066,P051,2023-03-05,2,2066.76,LIVRE,TNG,Carte,LIV9,2023-03-08
CMD33166,CL0621,P014,Sep 09 2023,5,1441.69,annulé,TNG,Carte,LIV4,
CMD06190,CL0111,P057,Jul 27 2023,3,3199.0,livré,Tnja,Carte,LIV6,2023-07-30
CMD44570,CL0435,P075,2023-11-24,5,1502.15,livré,TNG,Carte,LIV2,2023-11-28
CMD28950,CL0590,P013,2024-04-04,2,1459.17,livre,TNG,Carte,LIV6,
CMD33957,CL0559,P086,Oct 29 2023,1,926.24,livré,casa,Carte,LIV7,2023-10-30
CMD03193,CL0520,P024,Mar 03 2024,-1,115.97,livré,marrakech,Carte,LIV2,2024-03-06
CMD17910,CL0621,P064,14/01/2023,3,2253.51,OK,TNG,Carte,LIV4,
CMD43501,CL0010,P087,2023-11-28,3,188.01,OK,TNG,Carte,LIV8,
CMD44761,CL0126,P058,Dec 06 2023,5,1522.52,KO,TANGER,Carte,LIV3,
CMD15891,CL0009,P017,2023-12-16,3,2116.45,retourné,CASABLANCA,Carte,LIV6,2023-12-19
CMD39415,CL0074,P074,2023-11-10,5,2868.61,KO,RBA,Carte,LIV2,
CMD07634,CL0203,P013,Mar 06 2023,5,622.2,KO,TNG,Carte,LIV5,
CMD25253,CL0534,P058,Dec 19 2023,1,693.79,KO,RBA,Carte,,
CMD22004,CL0643,P001,Apr 19 2024,5,759.97,retourné,CASABLANCA,Carte,,2024-04-24
CMD41490,CL0464,P010,02/02/2023,5,2589.22,annulé,Tnja,Carte,LIV3,
CMD29305,CL0859,P087,16/04/2023,3,1804.36,annulé,marrakech,Carte,LIV10,
CMD24275,CL0542,P010,2023-12-14,3,3873.74,OK,tanger,Carte,LIV10,
CMD14835,CL0019,P047,2024-05-03,4,1869.06,en_cours,casa,Carte,LIV7,
CMD27427,CL0511,P001,05/08/2023,5,2452.91,livre,RBA,Carte,LIV1,
CMD40578,CL0097,P087,03/05/2023,5,3774.6,annulé,CASABLANCA,Carte,,
CMD06235,CL0547,P068,Apr 30 2023,4,427.94,en_cours,casa,Carte,LIV10,
CMD11067,CL0160,P010,17/10/2023,2,1148.79,LIVRE,Tnja,Carte,LIV8,2023-10-20
CMD10061,CL0941,P080,Aug 18 2023,2,0,KO,tanger,Carte,LIV7,
CMD07720,CL0810,P076,22/06/2023,5,4109.48,livré,RBA,Carte,LIV8,2023-06-23
CMD46264,CL0324,P098,08/09/2023,2,3752.06,livre,TNG,Carte,,
CMD38881,CL0263,P075,2023-11-05,2,3891.19,OK,CASABLANCA,Carte,LIV1,
CMD09104,CL0088,P015,22/01/2024,4,286.58,retourné,TANGER,Carte,LIV1,2024-01-27
CMD16339,CL0813,P056,24/09/2023,5,341.12,KO,casa,Carte,LIV10,
CMD05796,CL0014,P033,Apr 29 2023,2,0,livré,RBA,Carte,LIV7,2023-05-02
CMD05841,CL0891,P075,Dec 02 2023,-1,2116.17,LIVRE,RBA,Carte,LIV9,2023-12-04
CMD46772,CL0075,P024,17/08/2023,5,2605.63,livré,RBA,Carte,LIV7,2023-08-22
CMD33306,CL0691,P095,Oct 19 2023,3,3908.19,livré,TANGER,Carte,LIV3,2023-10-20
CMD02665,CL0716,P038,2024-02-29,4,1944.71,OK,TNG,Carte,,
CMD03048,CL0157,P009,09/06/2023,1,3734.59,OK,casa,Carte,LIV5,
CMD44178,CL0281,P084,12/02/2023,5,2368.37,DONE,Agadir,Carte,LIV10,2023-02-13
CMD17880,CL0936,P067,13/11/2023,3,3649.14,DONE,CASABLANCA,Carte,LIV10,2023-11-16
CMD05886,CL0279,P012,Apr 08 2024,1,109.52,livré,casa,Carte,LIV1,2024-04-13
CMD02214,CL0703,P063,2023-02-18,4,3978.89,KO,TNG,Carte,LIV4,
CMD38153,CL0309,P086,2023-01-20,1,236.72,retourné,RBA,Carte,,2023-01-24
CMD45747,CL0147,P095,2023-11-22,5,331.97,retourné,kech,Carte,LIV3,2023-11-26
CMD26732,CL0136,P086,02/05/2024,2,2649.19,en_cours,Agadir,Carte,LIV6,
CMD25353,CL0465,P077,2023-01-05,3,580.67,DONE,kech,Carte,LIV2,2023-01-10
CMD38235,CL0460,P070,Feb 25 2024,-1,3503.55,livré,tanger,Carte,LIV9,2024-02-27
CMD42518,CL0441,P092,Mar 30 2023,2,282.52,annulé,tanger,Carte,LIV2,
CMD15487,CL0114,P080,14/01/2023,5,539.16,DONE,casa,Carte,LIV5,2023-01-19
CMD32367,CL0914,P096,22/02/2024,2,939.33,DONE,CASABLANCA,Carte,LIV7,2024-02-25
CMD22520,CL0732,P058,2023-05-14,5,2501.16,livre,kech,Carte,LIV9,
CMD17944,CL0249,P098,2023-08-09,5,3561.77,OK,RBA,Carte,LIV9,
CMD15365,CL0654,P024,Jan 12 2023,1,4469.06,LIVRE,TNG,Carte,LIV10,2023-01-16
CMD45873,CL0969,P037,Mar 20 2023,5,2949.97,livré,RBA,Carte,LIV3,2023-03-21
CMD11008,CL0835,P067,09/04/2023,1,3488.33,livré,Tnja,Carte,LIV3,2023-04-13
CMD41827,CL0560,P072,24/04/2024,1,3202.79,annulé,Agadir,Carte,LIV9,
CMD26712,CL0749,P051,2023-06-02,2,2234.7,en_cours,tanger,Carte,LIV4,
CMD29454,CL0599,P051,2023-05-11,1,3939.71,retourné,CASABLANCA,Carte,LIV10,2023-05-13
CMD34271,CL0025,P060,Feb 18 2023,4,4064.8,livré,tanger,Carte,LIV7,2023-02-23
CMD26031,CL0876,P070,20/04/2023,4,2061.98,annulé,Tnja,Carte,LIV8,
CMD48072,CL0612,P069,2023-05-20,4,4018.81,OK,RBA,Carte,LIV3,
CMD12692,CL0493,P080,2024-03-02,5,763.53,DONE,CASABLANCA,Carte,LIV6,2024-03-04
CMD28604,CL0711,P097,Nov 16 2023,1,4076.92,annulé,kech,Carte,LIV2,
CMD29510,CL0984,P087,2023-06-24,5,747.34,livre,RBA,Carte,LIV2,
CMD24788,CL0821,P007,26/04/2024,4,1760.91,en_cours,TNG,Carte,LIV2,
CMD03284,CL0854,P039,2023-12-09,2,3258.26,annulé,kech,Carte,LIV6,
CMD15545,CL0871,P096,Jan 06 2023,2,2296.71,LIVRE,RBA,Carte,LIV7,2023-01-08
CMD13637,CL0556,P078,2023-09-02,3,4873.71,KO,TANGER,Carte,LIV3,
CMD47715,CL0751,P021,2023-02-04,1,2067.93,livré,TNG,Carte,LIV8,2023-02-05
CMD27445,CL0870,P088,13/08/2023,5,3659.82,en_cours,Tnja,Carte,,
CMD05438,CL0199,P011,28/12/2023,3,3815.38,livré,tanger,Carte,LIV9,2024-01-01
CMD01853,CL0345,P065,2023-09-28,1,406.3,retourné,Tnja,Carte,LIV7,2023-10-02
CMD35210,CL0338,P074,Mar 27 2023,4,407.13,livre,Tnja,Carte,LIV10,
CMD03994,CL0898,P050,20/04/2023,2,1621.67,livré,Tnja,Carte,LIV4,2023-04-24
CMD28621,CL0259,P061,Jan 15 2023,5,2279.22,livre,casa,Carte,LIV1,
CMD38383,CL0989,P011,2023-12-31,1,1709.3,en_cours,Agadir,Carte,LIV7,
CMD02196,CL0975,P078,2024-02-28,4,3257.85,livre,CASABLANCA,Carte,LIV2,
CMD47860,CL0383,P068,2024-04-20,1,3732.58,LIVRE,TNG,Carte,LIV6,2024-04-25
CMD18153,CL0577,P077,Jun 19 2023,4,3952.57,retourné,CASABLANCA,Carte,LIV9,2023-06-20
CMD45067,CL0364,P084,Nov 13 2023,2,926.01,livré,TNG,Carte,LIV10,2023-11-14
CMD17046,CL0297,P004,Jul 09 2023,-1,2381.55,livre,TANGER,Carte,LIV5,
CMD09218,CL0088,P053,20/03/2023,3,4673.12,OK,Agadir,Carte,LIV4,
CMD47080,CL0912,P043,21/02/2023,2,766.78,en_cours,marrakech,Carte,LIV2,
CMD23844,CL0728,P018,2024-04-26,3,1518.29,KO,casa,Carte,LIV9,
CMD35528,CL0912,P045,2023-03-08,3,2282.53,OK,marrakech,Carte,LIV3,
CMD15332,CL0254,P007,Mar 14 2023,2,2166.0,en_cours,tanger,Carte,LIV7,
CMD20667,CL0981,P038,2024-05-02,2,2505.34,en_cours,CASABLANCA,Carte,LIV4,
CMD25656,CL0488,P069,Feb 14 2023,1,414.67,livré,tanger,Carte,,2023-02-18
CMD33755,CL0488,P099,2023-02-22,4,2317.73,livré,marrakech,Carte,LIV8,2023-02-24
CMD35683,CL0615,P075,Jun 30 2023,4,4855.13,KO,tanger,Carte,LIV9,
CMD12043,CL0330,P097,Mar 03 2024,3,4350.48,en_cours,Agadir,Carte,LIV3,
CMD44935,CL0994,P039,09/07/2023,1,497.21,livré,casa,Carte,LIV2,2023-07-11
CMD12396,CL0768,P058,Oct 05 2023,1,3852.33,livré,RBA,Carte,LIV1,2023-10-09
CMD17163,CL0385,P017,2023-12-15,2,3096.27,DONE,casa,Carte,,2023-12-19
CMD14769,CL0123,P075,27/03/2024,1,426.51,KO,tanger,Carte,LIV8,
CMD00263,CL0983,P090,Nov 09 2023,1,2384.08,KO,casa,Carte,LIV5,
CMD48453,CL0879,P043,15/01/2023,5,3382.54,retourné,tanger,Carte,LIV7,2023-01-16
CMD08023,CL0860,P087,Mar 20 2024,3,559.26,livre,kech,Carte,LIV8,
CMD04152,CL0065,P019,Apr 20 2024,2,1576.27,DONE,CASABLANCA,Carte,LIV4,2024-04-24
CMD39262,CL0182,P017,2024-05-15,5,1917.68,LIVRE,TANGER,Carte,LIV7,2024-05-19
CMD34146,CL0571,P047,Jan 23 2024,4,4574.63,livré,tanger,Carte,LIV2,2024-01-24
CMD42977,CL0822,P073,2023-09-18,5,2322.21,livré,kech,Carte,LIV4,2023-09-19
CMD34094,CL0199,P047,30/05/2023,3,4180.97,livré,RBA,Carte,LIV7,2023-06-02
CMD42992,CL0529,P080,Jan 21 2023,4,3902.53,annulé,Tnja,Carte,LIV9,
CMD36843,CL0623,P074,Nov 25 2023,2,165.19,livré,tanger,Carte,LIV4,2023-11-29
CMD00301,CL0568,P022,2024-02-19,5,1278.29,annulé,casa,Carte,LIV8,
CMD22480,CL0317,P004,2023-10-11,5,2559.12,en_cours,tanger,Carte,LIV8,
CMD46804,CL0236,P022,15/10/2023,2,4708.3,OK,casa,Carte,LIV5,
CMD13679,CL0173,P071,Feb 26 2024,3,2815.88,livre,marrakech,Carte,LIV8,
CMD02059,CL0213,P070,2023-12-17,-1,1597.54,retourné,CASABLANCA,Carte,LIV5,2023-12-18
CMD45351,CL0598,P005,2023-10-21,1,2378.84,KO,RBA,Carte,LIV10,
CMD08764,CL0871,P017,2023-10-08,5,2057.26,livré,RBA,Carte,LIV3,2023-10-09
CMD41820,CL0622,P075,2023-08-12,4,3419.66,retourné,casa,Carte,LIV1,2023-08-13
CMD05361,CL0102,P011,Sep 05 2023,2,346.87,livré,TNG,Carte,LIV8,2023-09-06
CMD06342,CL0069,P089,Apr 18 2023,2,258.3,OK,TANGER,Carte,LIV5,
CMD22159,CL0767,P021,Jun 07 2023,5,1194.5,livré,RBA,Carte,LIV5,2023-06-09
CMD33904,CL0875,P007,2023-09-10,2,1612.85,DONE,marrakech,Carte,LIV3,2023-09-12
CMD10404,CL0293,P087,Mar 12 2024,4,4875.32,livré,CASABLANCA,Carte,LIV6,2024-03-14
CMD40896,CL0825,P091,2023-03-28,3,3057.54,DONE,Agadir,Carte,LIV9,2023-04-01
CMD18571,CL0072,P046,27/01/2023,2,1571.34,DONE,Tnja,Carte,LIV8,2023-01-29
CMD45991,CL0169,P066,2023-07-01,2,1603.28,annulé,kech,Carte,LIV5,
CMD04173,CL0878,P089,Dec 07 2023,4,4211.77,livré,Tnja,Carte,LIV9,2023-12-08
CMD40452,CL0954,P075,Feb 19 2024,3,1980.62,annulé,tanger,Carte,LIV7,
CMD02237,CL0329,P031,2023-12-03,3,1563.81,livre,TANGER,Carte,LIV1,
CMD44309,CL0873,P028,13/04/2023,4,896.79,LIVRE,Agadir,Carte,LIV2,2023-04-17
CMD40507,CL0953,P028,2024-01-04,1,4962.55,livre,Tnja,Carte,LIV4,
CMD45337,CL0955,P059,29/05/2023,5,4951.23,livre,kech,Carte,LIV4,
CMD28562,CL0675,P036,13/02/2024,1,2802.45,livre,tanger,Carte,LIV1,
CMD33686,CL0726,P086,Apr 02 2024,2,4479.0,livre,kech,Carte,LIV9,
CMD18122,CL0433,P049,2024-01-17,3,4824.58,KO,TNG,Carte,LIV2,
CMD43577,CL0134,P079,07/07/2023,1,2996.3,livré,TANGER,Carte,LIV10,2023-07-08
CMD15694,CL0853,P032,Jan 21 2024,-1,588.78,DONE,kech,Carte,LIV4,2024-01-23
CMD24353,CL0702,P087,08/06/2023,4,359.13,annulé,tanger,Carte,LIV5,
CMD21610,CL0584,P087,2023-02-22,3,4185.28,LIVRE,marrakech,Carte,LIV8,2023-02-26
CMD41701,CL0642,P019,2024-03-07,2,2211.73,LIVRE,CASABLANCA,Carte,LIV10,2024-03-09
CMD38048,CL0494,P054,28/03/2024,5,473.13,livré,tanger,Carte,LIV10,2024-04-01
CMD47826,CL0189,P099,20/04/2024,2,2502.3,annulé,tanger,Carte,LIV5,
CMD19958,CL0815,P083,28/04/2023,4,1314.59,OK,kech,Carte,LIV5,
CMD39570,CL0261,P034,Jan 06 2024,4,949.02,retourné,marrakech,Carte,LIV5,2024-01-07
CMD29430,CL0635,P008,07/01/2024,1,1876.11,retourné,kech,Carte,LIV10,2024-01-11
CMD02557,CL0938,P001,Feb 19 2024,5,4601.95,livré,casa,Carte,LIV8,2024-02-24
CMD27457,CL0137,P043,06/03/2024,1,395.14,livré,casa,Carte,LIV1,2024-03-07
CMD40329,CL0402,P041,2023-11-01,4,4770.73,LIVRE,TANGER,Carte,LIV3,2023-11-03
CMD07234,CL0282,P043,Nov 21 2023,3,3167.29,en_cours,CASABLANCA,Carte,LIV10,
CMD23261,CL0456,P095,2023-03-18,4,0,retourné,TANGER,Carte,LIV10,2023-03-20
CMD22244,CL0165,P021,30/11/2023,2,104.41,LIVRE,marrakech,Carte,LIV2,2023-12-03
CMD23808,CL0953,P035,2023-01-02,4,1080.78,OK,tanger,Carte,,
CMD07421,CL0423,P043,12/01/2023,2,1554.48,livré,Tnja,Carte,LIV6,2023-01-17
CMD06548,CL0845,P007,28/10/2023,4,1410.82,annulé,CASABLANCA,Carte,LIV6,
CMD14086,CL0414,P018,Nov 18 2023,4,4523.61,livré,TNG,Carte,LIV10,2023-11-20
CMD18552,CL0568,P057,2023-11-23,5,577.82,DONE,RBA,Carte,LIV9,2023-11-28
CMD20226,CL0756,P079,04/05/2024,2,120.72,livré,CASABLANCA,Carte,LIV1,2024-05-05
CMD15550,CL0461,P100,24/04/2023,4,4692.18,livré,tanger,Carte,LIV3,2023-04-25
CMD39283,CL0627,P086,Oct 11 2023,3,0,annulé,Tnja,Carte,LIV8,
CMD27354,CL0671,P054,Apr 09 2023,4,2545.06,livré,TNG,Carte,LIV10,2023-04-11
CMD04932,CL0410,P084,01/10/2023,2,1802.8,LIVRE,RBA,Carte,LIV10,2023-10-03
CMD05034,CL0404,P085,01/07/2023,2,2601.79,livre,TANGER,Carte,LIV10,
CMD03515,CL0675,P010,09/10/2023,2,4872.46,DONE,kech,Carte,LIV7,2023-10-10
CMD21864,CL0429,P056,09/09/2023,5,3587.86,retourné,RBA,Carte,LIV8,2023-09-14
CMD05133,CL0520,P094,Dec 23 2023,1,2609.49,en_cours,TANGER,Carte,LIV7,
CMD03582,CL0448,P098,Jan 24 2023,3,3723.18,retourné,kech,Carte,LIV5,2023-01-25
CMD16972,CL0918,P068,28/01/2024,2,4006.41,OK,RBA,Carte,LIV7,
CMD17153,CL0154,P012,2023-03-24,4,365.05,en_cours,Tnja,Carte,,
CMD27320,CL0289,P008,Apr 29 2024,1,884.66,livre,RBA,Carte,LIV10,
CMD44190,CL0572,P075,Jun 23 2023,-1,292.75,retourné,casa,Carte,,2023-06-25
CMD25555,CL0069,P075,2023-04-16,5,470.75,KO,Agadir,Carte,LIV5,
CMD39257,CL0868,P029,2024-05-08,3,2585.6,livré,Agadir,Carte,LIV8,2024-05-10
CMD12430,CL0478,P058,30/08/2023,2,2428.2,OK,casa,Carte,LIV9,
CMD38772,CL0212,P007,2023-04-28,4,711.55,livré,CASABLANCA,Carte,LIV5,2023-05-02
CMD31629,CL0328,P003,2024-05-09,5,1045.53,livré,kech,Carte,LIV10,2024-05-13
CMD37932,CL0934,P011,Apr 15 2023,1,4148.22,livré,marrakech,Carte,LIV2,2023-04-19
CMD11258,CL0713,P068,05/01/2023,3,1334.4,livré,kech,Carte,LIV4,2023-01-08
CMD15137,CL0496,P018,29/10/2023,5,312.4,en_cours,marrakech,Carte,LIV2,
CMD10674,CL0767,P051,Apr 21 2024,2,420.85,livré,casa,Carte,LIV5,2024-04-25
CMD48381,CL0740,P008,14/05/2024,1,2301.27,KO,kech,Carte,LIV2,
CMD35566,CL0540,P003,Aug 31 2023,5,3607.67,livré,TANGER,Carte,LIV10,2023-09-03
CMD20341,CL0935,P027,23/03/2024,4,3237.41,livré,TANGER,Carte,,2024-03-28
CMD22185,CL0210,P025,May 14 2024,4,1389.43,retourné,casa,Carte,LIV9,2024-05-19
CMD42597,CL0004,P064,Apr 12 2023,3,4919.97,livre,casa,Carte,LIV10,
CMD23935,CL0897,P070,2023-07-30,5,3558.38,OK,RBA,Carte,LIV4,
CMD24650,CL0506,P076,Feb 11 2024,3,230.58,KO,Tnja,Carte,LIV7,
CMD15577,CL0957,P076,03/10/2023,-1,4227.97,retourné,TNG,Carte,LIV8,2023-10-06
CMD33408,CL0024,P062,2024-03-02,2,4805.64,OK,TANGER,Carte,LIV7,
CMD29464,CL0560,P089,2024-04-16,1,1201.2,DONE,RBA,Carte,LIV9,2024-04-18
CMD36707,CL0589,P021,26/12/2023,3,1239.2,annulé,CASABLANCA,Carte,LIV8,
CMD01944,CL0435,P048,19/04/2023,3,1559.06,annulé,TNG,Carte,LIV5,
CMD00622,CL0486,P021,22/10/2023,3,1740.3,en_cours,tanger,Carte,LIV3,
CMD20508,CL0460,P099,28/08/2023,2,185.99,livre,Agadir,Carte,LIV5,
CMD42460,CL0361,P080,Dec 15 2023,4,3565.77,livré,TANGER,Carte,LIV7,2023-12-18
CMD42672,CL0046,P032,Jul 14 2023,3,3881.32,LIVRE,RBA,Carte,LIV6,2023-07-16
CMD13398,CL0896,P012,25/03/2023,5,1476.41,livré,marrakech,Carte,LIV6,2023-03-27
CMD16736,CL0650,P001,2023-11-20,4,3025.31,livre,casa,Carte,LIV4,
CMD43175,CL0908,P022,29/02/2024,2,3714.73,livré,kech,Carte,LIV5,2024-03-04
CMD35416,CL0150,P011,Oct 30 2023,5,1996.99,retourné,casa,Carte,LIV9,2023-11-03
CMD16226,CL0524,P004,18/07/2023,1,4079.76,DONE,Tnja,Carte,,2023-07-19
CMD27588,CL0036,P005,20/06/2023,5,4343.75,livre,casa,Carte,LIV6,
CMD16101,CL0326,P071,Mar 15 2024,2,4418.87,KO,Tnja,Carte,LIV6,
CMD19863,CL0917,P003,2023-09-05,3,4193.59,livré,casa,Carte,LIV6,2023-09-09
CMD16260,CL0976,P023,2023-06-02,2,4540.36,KO,TNG,Carte,LIV3,
CMD41197,CL0717,P024,25/03/2024,2,2634.58,KO,Agadir,Carte,LIV3,
CMD40283,CL0779,P043,2023-02-01,1,3285.26,livré,TANGER,Carte,LIV9,2023-02-05
CMD38704,CL0932,P073,Apr 22 2023,2,2448.38,annulé,marrakech,Carte,LIV7,
CMD33219,CL0698,P081,Mar 15 2024,1,4081.78,KO,TNG,Carte,LIV8,
CMD33051,CL0627,P058,2024-03-31,1,1865.48,OK,RBA,Carte,LIV1,
CMD39173,CL0051,P081,2023-10-13,3,2279.48,LIVRE,RBA,Carte,LIV2,2023-10-17
CMD22559,CL0371,P011,Feb 08 2023,1,937.88,KO,CASABLANCA,Carte,LIV10,
CMD43760,CL0684,P065,2024-04-19,-1,2693.57,retourné,Tnja,Carte,LIV7,2024-04-21
CMD44215,CL0274,P057,13/10/2023,3,4131.43,livré,TNG,Carte,LIV5,2023-10-15
CMD20389,CL0226,P026,Mar 10 2024,1,78.35,livré,casa,Carte,LIV8,2024-03-11
CMD14948,CL0765,P041,2023-11-03,1,1685.4,livré,tanger,Carte,,2023-11-04
CMD36310,CL0349,P082,2023-11-11,1,422.01,LIVRE,marrakech,Carte,LIV7,2023-11-15
CMD13891,CL0357,P049,11/12/2023,1,1966.12,livré,tanger,Carte,LIV1,2023-12-12
CMD10636,CL0349,P084,2024-01-13,2,0,livré,Tnja,Carte,LIV3,2024-01-14
CMD09797,CL0924,P016,Nov 15 2023,1,4954.95,OK,casa,Carte,LIV9,
CMD23533,CL0955,P091,01/03/2023,4,2366.65,en_cours,TNG,Carte,LIV8,
CMD32954,CL0294,P063,2023-11-09,3,1987.99,livré,marrakech,Carte,LIV8,2023-11-14
CMD27074,CL0762,P077,26/11/2023,5,3943.1,KO,TANGER,Carte,LIV7,
CMD19125,CL0244,P034,05/02/2023,2,4289.01,en_cours,marrakech,Carte,LIV8,
CMD07273,CL0224,P040,2023-07-09,2,496.36,livre,casa,Carte,LIV7,
CMD13534,CL0069,P059,2024-01-28,2,1585.65,livré,tanger,Carte,LIV9,2024-02-02
CMD10639,CL0248,P023,2024-04-06,1,3460.94,en_cours,TNG,Carte,LIV6,
CMD26725,CL0813,P091,21/09/2023,1,3236.99,en_cours,kech,Carte,LIV7,
CMD34815,CL0528,P059,Mar 13 2024,3,2219.13,livré,marrakech,Carte,LIV10,2024-03-14
CMD20509,CL0709,P020,Jul 07 2023,2,2137.07,KO,RBA,Carte,LIV5,
CMD00042,CL0347,P100,2023-12-16,4,0,livre,Tnja,Carte,LIV10,
CMD39896,CL0029,P061,24/04/2024,5,4584.1,DONE,casa,Carte,LIV4,2024-04-27
CMD40671,CL0126,P002,10/02/2023,5,528.4,livré,marrakech,Carte,LIV10,2023-02-11
CMD13774,CL0566,P046,Dec 09 2023,1,3926.17,livré,tanger,Carte,,2023-12-12
CMD44801,CL0869,P074,Apr 04 2024,5,4674.9,KO,casa,Carte,LIV2,
CMD06604,CL0403,P016,Apr 18 2023,2,1764.8,DONE,Agadir,Carte,LIV9,2023-04-20
CMD41083,CL0591,P004,Jan 15 2023,4,776.03,livre,Tnja,Carte,LIV4,
CMD46530,CL0177,P072,11/09/2023,2,2327.76,LIVRE,RBA,Carte,LIV7,2023-09-12
CMD37112,CL0018,P097,2024-04-29,2,3294.58,DONE,marrakech,Carte,,2024-05-04
CMD38088,CL0127,P057,2023-12-21,3,2438.91,DONE,RBA,Carte,,2023-12-26
CMD47635,CL0536,P017,2023-11-13,4,4201.95,livré,tanger,Carte,LIV10,2023-11-14
CMD18605,CL0690,P047,23/03/2023,5,4914.42,KO,casa,Carte,,
CMD26800,CL0064,P092,2024-01-11,3,2029.14,livré,casa,Carte,LIV10,2024-01-12
CMD24244,CL0185,P078,2024-05-15,3,561.42,livre,casa,Carte,LIV2,
CMD00821,CL0057,P034,Apr 25 2023,3,3376.54,retourné,marrakech,Carte,LIV10,2023-04-26
CMD11954,CL0061,P071,18/04/2023,4,1692.16,en_cours,marrakech,Carte,LIV8,
CMD48148,CL0671,P030,2023-02-04,3,199.93,OK,CASABLANCA,Carte,LIV2,
CMD14615,CL0953,P065,19/05/2023,5,3899.08,OK,tanger,Carte,LIV6,
CMD18315,CL0467,P065,2023-11-01,4,0,OK,TNG,Carte,LIV3,
CMD46784,CL0435,P008,2023-03-21,4,4466.58,livré,Agadir,Carte,LIV7,2023-03-26
CMD45577,CL0455,P089,2023-05-05,3,4851.96,livré,marrakech,Carte,LIV6,2023-05-08
CMD33113,CL0457,P038,24/10/2023,5,1240.46,livre,TANGER,Carte,LIV7,
CMD26292,CL0399,P052,2024-03-08,1,2058.27,OK,tanger,Carte,LIV7,
CMD47114,CL0968,P014,07/05/2023,2,3642.02,retourné,CASABLANCA,Carte,LIV7,2023-05-11
CMD44964,CL0093,P078,Aug 25 2023,4,2611.8,LIVRE,marrakech,Carte,LIV10,2023-08-26
CMD32258,CL0366,P068,03/10/2023,1,4369.72,retourné,Tnja,Carte,LIV7,2023-10-07
CMD33968,CL0634,P067,09/03/2024,1,4904.98,DONE,RBA,Carte,LIV8,2024-03-11
CMD12077,CL0783,P086,Jan 06 2023,3,3294.61,DONE,kech,Carte,LIV3,2023-01-08
CMD37639,CL0008,P015,Aug 12 2023,2,4733.23,livré,Tnja,Carte,LIV10,2023-08-15
CMD15663,CL0950,P080,Jun 24 2023,2,2615.96,livré,RBA,Carte,LIV10,2023-06-26
CMD13535,CL0012,P043,24/02/2024,3,1940.39,retourné,kech,Carte,LIV2,2024-02-25
CMD40455,CL0541,P046,2024-04-12,5,2100.85,KO,tanger,Carte,LIV3,
CMD20736,CL0133,P074,Jun 15 2023,4,2066.96,KO,TANGER,Carte,LIV8,
CMD44982,CL0903,P015,08/11/2023,4,3531.38,en_cours,Agadir,Carte,LIV2,
CMD31929,CL0994,P021,Jul 01 2023,1,3671.38,retourné,TANGER,Carte,LIV10,2023-07-04
CMD26532,CL0774,P082,2023-06-09,2,1810.86,en_cours,marrakech,Carte,LIV2,
CMD21768,CL0870,P036,20/02/2023,1,674.48,OK,Agadir,Carte,,
CMD28163,CL0305,P012,11/11/2023,2,2007.81,livré,casa,Carte,LIV2,2023-11-12
CMD12840,CL0916,P018,Mar 15 2023,4,847.92,retourné,TNG,Carte,LIV6,2023-03-16
CMD11826,CL0552,P063,16/10/2023,5,1474.29,livre,Agadir,Carte,LIV5,
CMD21557,CL0325,P047,Jun 25 2023,1,3236.06,KO,CASABLANCA,Carte,LIV10,
CMD41261,CL0057,P071,Feb 14 2023,1,1721.67,livre,TANGER,Carte,LIV9,
CMD28477,CL0014,P047,15/02/2023,1,3517.75,livré,Agadir,Carte,LIV4,2023-02-17
CMD24332,CL0868,P070,10/08/2023,1,318.01,en_cours,Agadir,Carte,LIV9,
CMD41891,CL0770,P065,2023-04-26,1,4080.4,LIVRE,tanger,Carte,LIV1,2023-04-29
CMD10462,CL0153,P070,22/02/2024,3,1177.09,en_cours,CASABLANCA,Carte,LIV2,
CMD37841,CL0314,P068,22/05/2023,4,4451.76,livré,CASABLANCA,Carte,LIV10,2023-05-27
CMD19475,CL0979,P084,2023-11-30,5,4076.08,retourné,TNG,Carte,LIV2,2023-12-03
CMD25971,CL0421,P049,08/12/2023,1,3491.94,DONE,kech,Carte,LIV3,2023-12-11
CMD39973,CL0375,P091,Aug 28 2023,2,4964.68,livré,Agadir,Carte,LIV10,2023-09-02
CMD32874,CL0318,P051,2024-03-13,2,3186.14,OK,marrakech,Carte,LIV7,
CMD43284,CL0742,P020,Oct 26 2023,5,1979.46,LIVRE,casa,Carte,LIV9,2023-10-31
CMD19622,CL0051,P035,04/06/2023,4,0,KO,kech,Carte,LIV2,
CMD04235,CL0801,P086,2023-06-12,1,2381.1,KO,kech,Carte,LIV5,
CMD21397,CL0516,P067,16/06/2023,3,52.73,annulé,TNG,Carte,LIV4,
CMD34076,CL0112,P075,18/03/2024,1,4678.12,annulé,tanger,Carte,LIV6,
CMD21519,CL0725,P061,Jan 13 2023,3,3284.68,livre,casa,Carte,LIV7,
CMD26680,CL0007,P078,May 01 2023,2,1061.52,en_cours,casa,Carte,LIV2,
CMD27975,CL0193,P026,07/01/2023,1,4143.86,DONE,RBA,Carte,,2023-01-08
CMD24644,CL0690,P026,Nov 03 2023,2,976.28,livré,RBA,Carte,LIV2,2023-11-05
CMD31918,CL0661,P085,2023-09-09,3,3979.83,DONE,TNG,Carte,LIV5,2023-09-10
CMD25296,CL0681,P006,2023-11-02,4,3352.52,livré,CASABLANCA,Carte,LIV8,2023-11-07
CMD40305,CL0300,P011,Jun 14 2023,5,3589.64,annulé,TNG,Carte,LIV5,
CMD43233,CL0732,P050,10/08/2023,2,2510.92,retourné,CASABLANCA,Carte,LIV6,2023-08-11
CMD15463,CL0448,P100,2023-11-25,5,3557.86,retourné,Tnja,Carte,LIV4,2023-11-27
CMD37086,CL0902,P098,Oct 07 2023,2,4934.4,OK,Tnja,Carte,LIV3,
CMD22423,CL0118,P050,10/07/2023,4,3777.03,annulé,marrakech,Carte,LIV3,
CMD27368,CL0618,P065,Mar 23 2023,4,2123.46,en_cours,Agadir,Carte,LIV4,
CMD14715,CL0002,P060,Sep 19 2023,2,1990.01,DONE,TANGER,Carte,LIV8,2023-09-21
CMD47941,CL0359,P038,2023-10-06,2,3238.09,en_cours,Tnja,Carte,LIV4,
CMD33872,CL0377,P021,2023-01-02,5,4440.92,LIVRE,Tnja,Carte,LIV5,2023-01-03
CMD35079,CL0752,P098,2024-02-24,4,497.01,livré,marrakech,Carte,LIV3,2024-02-28
CMD17108,CL0572,P025,17/11/2023,2,0,livré,TNG,Carte,LIV6,2023-11-19
CMD41082,CL0417,P062,2023-01-09,1,2477.33,DONE,tanger,Carte,LIV6,2023-01-11
CMD32418,CL0328,P042,Sep 14 2023,1,2272.33,retourné,casa,Carte,LIV4,2023-09-15
CMD13275,CL0868,P089,2023-07-07,3,1745.29,retourné,kech,Carte,LIV7,2023-07-10
CMD39377,CL0846,P066,2023-08-07,4,3841.69,livré,RBA,Carte,LIV8,2023-08-11
CMD27723,CL0302,P009,May 02 2024,1,435.87,en_cours,Tnja,Carte,,
CMD19268,CL0384,P088,2023-02-02,1,3732.51,KO,kech,Carte,LIV4,
CMD05688,CL0728,P003,Jan 31 2024,3,2585.01,en_cours,RBA,Carte,LIV3,
CMD39649,CL0297,P059,Mar 09 2024,3,2195.76,livré,TNG,Carte,LIV10,2024-03-10
CMD19783,CL0618,P093,2024-01-01,3,1028.38,livré,TANGER,Carte,LIV6,2024-01-02
CMD09266,CL0103,P051,30/08/2023,2,1906.87,livré,Tnja,Carte,LIV5,2023-09-04
CMD13831,CL0080,P021,Apr 19 2024,1,3882.31,annulé,TANGER,Carte,LIV8,
CMD38294,CL0238,P057,2024-01-06,4,2512.17,OK,casa,Carte,LIV1,
CMD11141,CL0806,P007,Dec 18 2023,2,1450.11,livre,tanger,Carte,LIV5,
CMD04987,CL0187,P100,May 09 2023,3,4299.35,livré,TANGER,Carte,LIV9,2023-05-10
CMD16710,CL0705,P014,Aug 21 2023,5,74.92,DONE,Tnja,Carte,LIV9,2023-08-22
CMD41937,CL0289,P013,29/11/2023,4,2513.61,OK,tanger,Carte,LIV2,
CMD23939,CL0114,P042,22/10/2023,5,3873.78,KO,CASABLANCA,Carte,LIV9,
CMD23842,CL0475,P023,2024-02-29,2,1490.42,annulé,RBA,Carte,LIV9,
CMD43003,CL0246,P082,Sep 02 2023,4,2693.79,retourné,kech,Carte,LIV5,2023-09-03
CMD34880,CL0163,P072,2023-09-18,1,2516.55,annulé,casa,Carte,LIV5,
CMD12024,CL0929,P025,04/11/2023,4,1112.91,OK,tanger,Carte,LIV10,
CMD28183,CL0173,P019,30/11/2023,4,4363.49,livré,Tnja,Carte,LIV6,2023-12-04
CMD15416,CL0184,P013,Feb 12 2023,5,1914.56,en_cours,TNG,Carte,LIV4,
CMD27481,CL0657,P031,2023-04-06,3,3043.72,livré,TNG,Carte,LIV5,2023-04-07
CMD28641,CL0232,P043,2023-07-19,3,4759.96,livré,kech,Carte,LIV7,2023-07-22
CMD03551,CL0839,P057,Jan 27 2024,3,3171.05,KO,TNG,Carte,,
CMD46152,CL0222,P082,2024-02-09,2,665.0,LIVRE,Agadir,Carte,LIV6,2024-02-10
CMD25414,CL0042,P047,05/02/2024,2,4359.55,LIVRE,TANGER,Carte,LIV8,2024-02-10
CMD36665,CL0670,P014,Nov 01 2023,1,1411.32,KO,TANGER,Carte,LIV3,
CMD06755,CL0220,P031,04/01/2024,5,4251.87,livré,TNG,Carte,LIV3,2024-01-05
CMD40973,CL0913,P054,2023-03-16,2,4173.99,annulé,TNG,Carte,LIV5,
CMD06521,CL0525,P005,Dec 17 2023,4,547.82,en_cours,marrakech,Carte,LIV6,
CMD42107,CL0193,P099,Sep 15 2023,1,1122.41,annulé,kech,Carte,LIV5,
CMD15375,CL0187,P073,2024-04-16,5,4155.95,livré,RBA,Carte,,2024-04-17
CMD14408,CL0355,P081,Mar 26 2023,5,1111.24,retourné,RBA,Carte,LIV4,2023-03-30
CMD43201,CL0100,P095,2023-01-12,3,1139.69,en_cours,kech,Carte,LIV10,
CMD40798,CL0395,P082,2023-05-06,2,2594.37,DONE,casa,Carte,LIV1,2023-05-07
CMD39388,CL0800,P008,2023-07-26,4,1735.18,LIVRE,TNG,Carte,LIV10,2023-07-29
CMD30988,CL0516,P100,Jul 20 2023,4,961.95,livré,Tnja,Carte,LIV7,2023-07-25
CMD25381,CL0039,P091,Jan 21 2023,2,2964.8,LIVRE,Agadir,Carte,,2023-01-26
CMD34090,CL0789,P036,Dec 14 2023,2,2311.82,OK,casa,Carte,LIV7,
CMD00663,CL0823,P099,2024-02-02,4,4149.39,DONE,TANGER,Carte,LIV2,2024-02-07
CMD44173,CL0034,P014,Jun 24 2023,1,4285.02,annulé,Tnja,Carte,LIV9,
CMD32987,CL0734,P037,May 28 2023,1,1219.83,livré,casa,Carte,LIV1,2023-05-29
CMD33203,CL0325,P049,2023-07-16,2,2817.35,annulé,Tnja,Carte,LIV5,
CMD17847,CL0358,P024,19/02/2023,3,2656.09,livré,CASABLANCA,Carte,LIV2,2023-02-22
CMD43899,CL0431,P044,May 14 2023,5,1739.02,OK,casa,Carte,LIV2,
CMD45016,CL0458,P077,Jun 09 2023,1,600.46,livre,Tnja,Carte,LIV6,
CMD15078,CL0185,P083,Dec 25 2023,-1,3242.29,DONE,TANGER,Carte,LIV1,2023-12-26
CMD22796,CL0338,P005,25/02/2023,3,1930.67,livré,CASABLANCA,Carte,LIV4,2023-02-28
CMD41714,CL0307,P042,Sep 24 2023,4,2690.53,livré,TANGER,Carte,LIV8,2023-09-25
CMD13286,CL0240,P003,2023-11-12,5,0,livré,Tnja,Carte,LIV5,2023-11-14
CMD09651,CL0660,P055,Mar 03 2024,2,3273.65,livré,RBA,Carte,LIV4,2024-03-06
CMD08016,CL0853,P042,12/04/2024,3,3760.19,retourné,kech,Carte,LIV4,2024-04-14
CMD24345,CL0175,P036,16/03/2023,4,2934.03,KO,TANGER,Carte,LIV8,
CMD32480,CL0435,P030,Oct 08 2023,4,3171.86,livré,CASABLANCA,Carte,LIV6,2023-10-13
CMD10367,CL0865,P008,Sep 29 2023,5,1594.94,LIVRE,Agadir,Carte,LIV5,2023-10-01
CMD30460,CL0980,P089,Apr 10 2023,3,2380.72,livré,marrakech,Carte,,2023-04-15
CMD38251,CL0438,P022,2023-03-07,5,2288.15,livré,marrakech,Carte,LIV1,2023-03-12
CMD02341,CL0367,P088,Feb 15 2023,5,1795.49,livré,kech,Carte,LIV4,2023-02-17
CMD45199,CL0163,P045,17/04/2023,1,1343.81,DONE,tanger,Carte,LIV6,2023-04-20
CMD27412,CL0142,P011,Dec 23 2023,4,552.37,livre,Tnja,Carte,LIV8,
CMD09055,CL0454,P039,May 21 2023,2,4822.49,livré,RBA,Carte,LIV10,2023-05-22
CMD10983,CL0927,P067,2023-10-05,5,2116.31,livre,casa,Carte,LIV9,
CMD23763,CL0582,P091,29/10/2023,5,1685.4,livré,TNG,Carte,LIV3,2023-11-01
CMD18375,CL0378,P077,2023-03-10,5,0,KO,CASABLANCA,Carte,,
CMD24925,CL0803,P009,2024-05-15,5,2726.26,en_cours,Agadir,Carte,LIV4,
CMD31545,CL0014,P011,2024-04-15,3,3441.87,livré,tanger,Carte,LIV10,2024-04-16
CMD35230,CL0676,P086,06/03/2024,2,3690.76,livre,casa,Carte,LIV7,
CMD35308,CL0874,P096,20/10/2023,1,3698.31,retourné,tanger,Carte,LIV5,2023-10-24
CMD00836,CL0118,P041,2023-04-27,3,3116.95,livré,casa,Carte,LIV7,2023-04-28
CMD30268,CL0287,P056,2023-03-20,4,4940.51,KO,kech,Carte,LIV2,
CMD22851,CL0111,P065,21/02/2024,4,2258.42,KO,kech,Carte,LIV5,
CMD11016,CL0292,P051,26/01/2024,1,481.43,livré,Tnja,Carte,LIV4,2024-01-29
CMD36633,CL0394,P069,Aug 30 2023,3,2427.58,livre,tanger,Carte,LIV8,
CMD16273,CL0981,P081,2023-12-08,3,1900.31,livré,CASABLANCA,Carte,LIV10,2023-12-10
CMD47527,CL0364,P091,2023-05-07,5,3190.01,annulé,tanger,Carte,LIV5,
CMD22726,CL0168,P014,2023-05-16,2,4961.82,livre,Tnja,Carte,,
CMD11453,CL0487,P007,Feb 03 2024,4,3215.11,retourné,tanger,Carte,LIV1,2024-02-05
CMD09415,CL0750,P009,10/07/2023,2,2609.02,DONE,tanger,Carte,LIV5,2023-07-13
CMD10340,CL0377,P055,08/05/2023,5,3162.59,livré,TANGER,Carte,LIV7,2023-05-09
CMD41948,CL0942,P089,11/05/2024,2,3452.24,livré,casa,Carte,LIV3,2024-05-16
CMD19068,CL0997,P032,12/04/2023,2,2693.75,livré,TNG,Carte,LIV1,2023-04-14
CMD03348,CL0511,P018,2023-02-21,1,96.1,OK,tanger,Carte,LIV7,
CMD03614,CL0058,P045,30/03/2023,5,298.05,en_cours,RBA,Carte,LIV3,
CMD04438,CL0564,P044,May 23 2023,1,673.19,KO,tanger,Carte,LIV10,
CMD45188,CL0670,P047,Oct 06 2023,1,4709.71,livre,Agadir,Carte,LIV1,
CMD08598,CL0547,P096,2023-09-19,4,4161.85,livré,RBA,Carte,LIV4,2023-09-24
CMD40182,CL0423,P052,Mar 14 2024,3,137.35,livré,Tnja,Carte,LIV10,2024-03-19
CMD26531,CL0209,P027,28/09/2023,1,3715.09,livré,Agadir,Carte,LIV1,2023-10-03
CMD07279,CL0051,P031,Apr 05 2024,2,3777.97,livre,tanger,Carte,LIV1,
CMD13539,CL0093,P063,2023-06-25,5,3243.6,KO,casa,Carte,LIV1,
CMD00139,CL0970,P080,2023-03-15,1,4226.75,livré,Agadir,Carte,LIV10,2023-03-17
CMD38124,CL0816,P001,Sep 28 2023,3,234.28,DONE,CASABLANCA,Carte,LIV9,2023-10-01
CMD37370,CL0367,P044,Aug 26 2023,5,2430.51,OK,casa,Carte,LIV9,
CMD34040,CL0603,P041,2024-02-28,1,4068.19,livré,CASABLANCA,Carte,LIV3,2024-03-04
CMD19278,CL0607,P002,29/12/2023,5,4981.01,en_cours,RBA,Carte,LIV10,
CMD32174,CL0277,P021,Apr 22 2023,3,2570.32,LIVRE,casa,Carte,LIV8,2023-04-23
CMD32871,CL0338,P074,Jul 02 2023,5,773.77,DONE,TANGER,Carte,LIV6,2023-07-07
CMD08886,CL0323,P040,21/02/2023,2,439.53,livré,Agadir,Carte,LIV8,2023-02-26
CMD16325,CL0776,P056,Mar 06 2024,1,3741.52,en_cours,CASABLANCA,Carte,LIV3,
CMD18350,CL0465,P080,2023-08-04,5,4735.1,KO,TANGER,Carte,LIV3,
CMD27000,CL0487,P090,05/11/2023,2,2058.77,livré,casa,Carte,LIV10,2023-11-10
CMD43098,CL0569,P096,Sep 07 2023,5,1305.41,retourné,TANGER,Carte,LIV6,2023-09-12
CMD30019,CL0242,P023,2024-05-15,3,4395.32,retourné,tanger,Carte,LIV5,2024-05-18
CMD20488,CL0387,P021,2023-12-17,1,591.82,annulé,kech,Carte,LIV2,
CMD35547,CL0511,P037,Mar 02 2024,3,2152.61,retourné,casa,Carte,LIV6,2024-03-05
CMD26185,CL0359,P059,2024-04-13,3,478.72,annulé,Agadir,Carte,LIV8,
CMD44993,CL0935,P009,Feb 03 2023,1,1755.87,livré,marrakech,Carte,LIV3,2023-02-08
CMD02784,CL0420,P004,Feb 25 2024,5,2339.82,livre,tanger,Carte,LIV2,
CMD28697,CL0984,P011,2024-04-04,2,4910.59,livre,casa,Carte,LIV10,
CMD23892,CL0388,P021,15/01/2023,2,781.56,DONE,kech,Carte,LIV6,2023-01-20
CMD23285,CL0260,P027,Mar 25 2023,5,2711.62,livre,tanger,Carte,LIV1,
CMD05695,CL0021,P053,2024-02-29,2,3961.3,retourné,marrakech,Carte,LIV5,2024-03-01
CMD22850,CL0708,P030,2023-05-14,5,4757.82,KO,casa,Carte,LIV9,
CMD32747,CL0589,P033,Feb 04 2024,3,441.21,livré,Tnja,Carte,LIV4,2024-02-06
CMD10555,CL0245,P062,Jan 10 2024,4,172.22,DONE,TANGER,Carte,,2024-01-14
CMD36968,CL0878,P006,2023-11-26,3,1535.36,DONE,marrakech,Carte,LIV2,2023-11-27
CMD06365,CL0039,P054,28/08/2023,5,209.91,KO,TNG,Carte,LIV9,
CMD05572,CL0820,P099,2023-04-16,1,1387.65,en_cours,TNG,Carte,LIV2,
CMD19925,CL0451,P085,Jul 24 2023,1,1003.41,KO,tanger,Carte,LIV10,
CMD26803,CL0174,P084,2023-10-13,2,1974.38,KO,tanger,Carte,LIV8,
CMD26099,CL0955,P055,Feb 05 2024,2,3117.01,livré,Tnja,Carte,LIV2,2024-02-08
CMD10965,CL0385,P060,Sep 20 2023,1,3146.51,livré,TANGER,Carte,LIV9,2023-09-24
CMD45115,CL0037,P099,09/04/2023,2,3384.17,livre,Agadir,Carte,LIV8,
CMD35945,CL0145,P057,2023-11-28,1,2257.02,KO,Agadir,Carte,,
CMD41194,CL0304,P097,Oct 17 2023,4,741.89,livré,Tnja,Carte,LIV4,2023-10-21
CMD02013,CL0240,P059,2024-05-01,3,4818.06,livre,tanger,Carte,LIV10,
CMD24461,CL0171,P079,Apr 04 2024,3,1838.74,livré,Tnja,Carte,LIV8,2024-04-06
CMD11661,CL0089,P010,2023-06-22,1,3991.55,annulé,CASABLANCA,Carte,LIV5,
CMD30182,CL0160,P055,03/09/2023,4,3577.5,livré,casa,Carte,LIV8,2023-09-07
CMD28148,CL0713,P037,24/05/2023,2,1238.57,DONE,RBA,Carte,LIV10,2023-05-25
CMD38252,CL0585,P039,27/06/2023,5,58.36,livre,casa,Carte,,
CMD30824,CL0531,P042,2023-04-12,3,526.1,livre,casa,Carte,LIV5,
CMD21333,CL0623,P100,28/06/2023,1,1748.86,en_cours,kech,Carte,LIV8,
CMD21412,CL0192,P046,08/02/2024,4,1734.69,KO,casa,Carte,LIV8,
CMD02621,CL0977,P020,2023-02-14,4,4544.86,KO,casa,Carte,LIV1,
CMD17525,CL0081,P082,11/09/2023,1,3533.4,KO,Agadir,Carte,LIV9,
CMD31216,CL0994,P054,15/11/2023,3,218.6,livré,marrakech,Carte,LIV10,2023-11-18
CMD19107,CL0838,P093,2024-04-11,4,597.89,livré,TANGER,Carte,LIV9,2024-04-16
CMD41118,CL0063,P049,Apr 03 2024,4,3190.56,retourné,tanger,Carte,LIV1,2024-04-06
CMD33037,CL0588,P056,Jan 26 2023,5,301.15,livré,TANGER,Carte,LIV1,2023-01-30
CMD17814,CL0816,P078,07/11/2023,3,77.81,LIVRE,TNG,Carte,LIV1,2023-11-09
CMD47059,CL0169,P045,2024-04-01,3,2369.31,retourné,Agadir,Carte,LIV8,2024-04-06
CMD31531,CL0722,P014,18/05/2023,1,470.89,DONE,casa,Carte,LIV1,2023-05-23
CMD33167,CL0261,P079,11/03/2024,1,1159.17,livré,tanger,Carte,LIV2,2024-03-13
CMD15301,CL0178,P082,10/04/2023,1,3088.96,OK,Tnja,Carte,LIV7,
CMD01572,CL0671,P051,14/07/2023,1,3159.28,annulé,Tnja,Carte,,
CMD05176,CL0139,P026,14/03/2024,1,1749.8,retourné,tanger,Carte,LIV4,2024-03-18
CMD07826,CL0489,P036,Mar 02 2024,5,1299.74,livré,Tnja,Carte,LIV6,2024-03-04
CMD08284,CL0646,P030,Apr 27 2024,5,1523.36,en_cours,tanger,Carte,LIV1,
CMD37962,CL0281,P037,09/02/2024,2,3594.58,OK,casa,Carte,LIV10,
CMD46971,CL0806,P081,09/04/2023,2,1661.92,DONE,Agadir,Carte,LIV5,2023-04-13
CMD13285,CL0776,P027,15/05/2024,3,1744.18,livré,CASABLANCA,Carte,LIV1,2024-05-17
CMD05637,CL0433,P003,2024-03-01,4,1463.27,OK,Tnja,Carte,,
CMD28747,CL0719,P001,May 28 2023,3,1740.76,livre,CASABLANCA,Carte,LIV7,
CMD41705,CL0520,P059,06/02/2023,5,2153.34,livré,casa,Carte,LIV8,2023-02-09
CMD16902,CL0011,P040,25/04/2023,1,2918.38,livre,RBA,Carte,LIV7,
CMD16832,CL0463,P002,Jun 09 2023,2,4739.36,KO,TANGER,Carte,LIV4,
CMD00912,CL0276,P064,Aug 26 2023,4,3238.88,annulé,marrakech,Carte,LIV1,
CMD09972,CL0374,P078,31/03/2023,3,4350.13,livré,tanger,Carte,,2023-04-02
CMD14605,CL0204,P060,2024-02-01,5,4353.84,KO,kech,Carte,LIV6,
CMD09391,CL0668,P060,2024-01-19,4,3922.16,livre,tanger,Carte,LIV1,
CMD24723,CL0102,P030,05/04/2023,4,1714.43,DONE,casa,Carte,LIV5,2023-04-08
CMD31648,CL0968,P072,Oct 11 2023,2,3813.47,livré,TANGER,Carte,,2023-10-14
CMD17650,CL0300,P001,30/03/2023,5,3658.05,KO,marrakech,Carte,LIV3,
CMD04941,CL0969,P088,14/10/2023,-1,4142.7,livre,TNG,Carte,LIV6,
CMD40933,CL0438,P052,Apr 01 2024,1,4219.04,LIVRE,TANGER,Carte,LIV7,2024-04-02
CMD07594,CL0202,P085,22/10/2023,4,1705.75,livre,TNG,Carte,LIV7,
CMD44159,CL0059,P036,Dec 08 2023,3,368.2,en_cours,casa,Carte,LIV9,
CMD15762,CL0713,P048,04/01/2024,5,1414.56,annulé,TANGER,Carte,LIV10,
CMD19283,CL0377,P092,Apr 19 2023,4,0,livre,Agadir,Carte,LIV6,
CMD07163,CL0801,P087,2023-07-10,5,3487.38,livré,tanger,Carte,LIV8,2023-07-11
CMD17858,CL0452,P027,2024-02-05,5,3152.86,annulé,Agadir,Carte,LIV9,
CMD20893,CL0060,P027,13/08/2023,4,3030.9,LIVRE,TNG,Carte,,2023-08-17
CMD43827,CL0074,P037,2023-09-13,4,1151.59,annulé,marrakech,Carte,LIV2,
CMD36154,CL0799,P009,Mar 19 2023,3,4053.28,OK,TNG,Carte,LIV1,
CMD40364,CL0628,P007,Feb 25 2024,5,1330.17,en_cours,kech,Carte,LIV10,
CMD26698,CL0770,P024,Dec 08 2023,2,2726.04,OK,Tnja,Carte,LIV2,
CMD19970,CL0461,P072,25/05/2023,5,1251.85,en_cours,kech,Carte,LIV9,
CMD40736,CL0480,P067,2023-09-20,3,644.79,retourné,RBA,Carte,,2023-09-21
CMD22334,CL0877,P078,06/01/2023,5,190.15,retourné,RBA,Carte,LIV6,2023-01-07
CMD29696,CL0428,P021,Aug 28 2023,5,2975.77,retourné,tanger,Carte,LIV7,2023-09-02
CMD06960,CL0419,P031,Oct 12 2023,3,558.59,livré,Agadir,Carte,LIV6,2023-10-14
CMD40104,CL0924,P024,Sep 25 2023,1,3726.17,livré,CASABLANCA,Carte,,2023-09-28
CMD09287,CL0328,P027,07/06/2023,5,3222.0,retourné,TNG,Carte,LIV4,2023-06-10
CMD18396,CL0848,P017,11/02/2024,2,386.7,livré,TANGER,Carte,LIV9,2024-02-12
CMD26747,CL0271,P037,25/11/2023,2,1213.0,livré,casa,Carte,LIV6,2023-11-30
CMD35738,CL0756,P038,05/05/2024,1,4761.43,KO,CASABLANCA,Carte,LIV5,
CMD35403,CL0213,P021,2023-09-02,5,4296.91,LIVRE,TANGER,Carte,LIV7,2023-09-06
CMD01417,CL0291,P005,06/06/2023,2,3866.0,DONE,tanger,Carte,LIV8,2023-06-09
CMD05152,CL0106,P042,2023-03-05,1,1752.41,livre,casa,Carte,LIV1,
CMD28230,CL0130,P020,Dec 05 2023,1,2890.28,livré,TNG,Carte,LIV6,2023-12-07
CMD45344,CL0675,P048,22/02/2024,3,3213.0,KO,TANGER,Carte,LIV7,
CMD11611,CL0977,P028,Jan 25 2023,2,1930.93,en_cours,casa,Carte,LIV4,
CMD46357,CL0237,P099,20/09/2023,5,2734.41,KO,casa,Carte,LIV5,
CMD01191,CL0579,P003,07/12/2023,3,814.75,livré,kech,Carte,LIV2,2023-12-09
CMD47034,CL0924,P023,May 23 2023,5,234.52,en_cours,Tnja,Carte,LIV2,
CMD42468,CL0323,P098,Feb 11 2024,1,985.37,annulé,Agadir,Carte,LIV8,
CMD04609,CL0124,P097,2024-02-23,5,666.23,OK,RBA,Carte,LIV9,
CMD18621,CL0028,P019,18/03/2023,1,2688.62,livré,tanger,Carte,LIV7,2023-03-21
CMD13435,CL0278,P036,Sep 27 2023,5,4365.29,KO,tanger,Carte,LIV8,
CMD02463,CL0630,P049,23/08/2023,5,2910.28,DONE,kech,Carte,LIV4,2023-08-24
CMD24774,CL0415,P025,12/03/2024,5,3390.87,livré,Agadir,Carte,LIV8,2024-03-17
CMD02948,CL0233,P024,05/08/2023,1,851.71,en_cours,casa,Carte,LIV1,
CMD27037,CL0697,P067,27/03/2024,2,302.81,annulé,TANGER,Carte,LIV9,
CMD29922,CL0409,P099,Aug 23 2023,2,3910.09,livré,casa,Carte,LIV8,2023-08-27
CMD00699,CL0833,P011,29/03/2024,3,3902.72,livré,tanger,Carte,LIV9,2024-03-30
CMD29788,CL0923,P077,2023-10-18,2,4381.11,LIVRE,marrakech,Carte,LIV1,2023-10-21
CMD22228,CL0513,P010,Jun 19 2023,5,4522.72,en_cours,marrakech,Carte,LIV6,
CMD16472,CL0341,P090,16/03/2024,3,119.33,DONE,Agadir,Carte,LIV9,2024-03-18
CMD20738,CL0677,P019,22/04/2024,4,1880.29,KO,Agadir,Carte,LIV4,
CMD33032,CL0658,P067,2023-05-18,4,4537.02,retourné,marrakech,Carte,LIV9,2023-05-21
CMD22040,CL0762,P086,2024-01-04,5,3244.98,KO,tanger,Carte,LIV10,
CMD44835,CL0643,P095,2023-08-06,3,851.19,retourné,TANGER,Carte,,2023-08-10
CMD37678,CL0003,P068,Jul 09 2023,3,3253.51,OK,kech,Carte,LIV1,
CMD24072,CL0603,P063,2023-12-06,3,4459.56,DONE,casa,Carte,LIV10,2023-12-11
CMD05222,CL0548,P044,2023-12-08,4,2075.26,livre,marrakech,Carte,LIV8,
CMD28705,CL0896,P067,2023-05-07,4,0,retourné,casa,Carte,LIV9,2023-05-11
CMD25186,CL0185,P050,2024-03-20,3,297.94,en_cours,Tnja,Carte,LIV8,
CMD24611,CL0545,P079,10/05/2024,5,2373.18,DONE,TNG,Carte,LIV5,2024-05-15
CMD06135,CL0590,P076,Jul 10 2023,5,1810.92,livré,tanger,Carte,LIV10,2023-07-14
CMD18408,CL0123,P073,2024-04-03,1,2927.88,LIVRE,TNG,Carte,LIV8,2024-04-04
CMD47880,CL0489,P022,2023-03-08,5,1744.96,KO,casa,Carte,LIV2,
CMD23457,CL0378,P022,2023-06-15,5,4719.92,en_cours,TNG,Carte,,
CMD14090,CL0515,P092,Feb 08 2023,4,772.67,annulé,casa,Carte,LIV1,
CMD25798,CL0740,P051,16/04/2023,3,1194.81,livré,casa,Carte,LIV10,2023-04-17
CMD35635,CL0549,P073,2024-05-08,5,1676.94,KO,RBA,Carte,LIV8,
CMD01402,CL0942,P032,Mar 26 2024,3,610.22,livre,TANGER,Carte,LIV7,
CMD10664,CL0497,P017,22/01/2024,4,1485.5,LIVRE,CASABLANCA,Carte,LIV7,2024-01-24
CMD22641,CL0696,P016,Jan 09 2024,1,475.73,OK,CASABLANCA,Carte,LIV10,
CMD36331,CL0190,P064,25/11/2023,1,718.65,LIVRE,RBA,Carte,LIV9,2023-11-29
CMD01569,CL0564,P023,2023-02-24,2,2552.08,annulé,tanger,Carte,LIV7,
CMD40814,CL0559,P048,Feb 20 2023,5,3020.68,livre,Agadir,Carte,LIV2,
CMD47599,CL0618,P025,Jan 06 2023,1,3892.9,livré,TNG,Carte,LIV6,2023-01-10
CMD05598,CL0974,P093,2024-03-12,1,3102.48,annulé,tanger,Carte,LIV10,
CMD25816,CL0786,P051,24/04/2024,2,3668.41,DONE,RBA,Carte,LIV4,2024-04-27
CMD35881,CL0373,P018,Jul 24 2023,3,4727.29,en_cours,RBA,Carte,LIV4,
CMD02700,CL0734,P063,2023-03-19,2,2120.06,livré,CASABLANCA,Carte,LIV4,2023-03-21
CMD38827,CL0139,P093,08/04/2024,1,3205.55,KO,TNG,Carte,LIV10,
CMD30153,CL0979,P086,08/04/2024,4,4126.6,KO,TANGER,Carte,LIV6,
CMD28359,CL0709,P057,Apr 12 2023,4,4353.97,LIVRE,TANGER,Carte,LIV3,2023-04-13
CMD30179,CL0556,P011,2023-06-17,4,3249.44,livré,marrakech,Carte,LIV5,2023-06-22
CMD46149,CL0120,P041,2023-01-13,2,98.2,livré,kech,Carte,LIV2,2023-01-17
CMD04781,CL0474,P056,2024-03-26,1,2824.19,LIVRE,Agadir,Carte,LIV7,2024-03-29
CMD16149,CL0842,P055,31/12/2023,5,1379.46,annulé,tanger,Carte,LIV8,
CMD01364,CL0045,P014,2023-08-30,3,2575.97,annulé,casa,Carte,LIV3,
CMD04058,CL0555,P043,2023-12-30,2,4322.36,en_cours,Agadir,Carte,LIV8,
CMD05644,CL0074,P055,Feb 02 2024,4,4913.2,livré,CASABLANCA,Carte,LIV8,2024-02-05
CMD11487,CL0114,P028,06/02/2023,2,4491.21,en_cours,Tnja,Carte,LIV2,
CMD18431,CL0836,P016,Apr 13 2024,2,3469.53,KO,marrakech,Carte,LIV9,
CMD01971,CL0574,P064,Feb 04 2024,5,3677.35,annulé,casa,Carte,LIV1,
CMD47758,CL0749,P044,14/11/2023,2,1018.06,livré,casa,Carte,LIV4,2023-11-15
CMD07974,CL0420,P006,04/08/2023,5,2317.69,livré,Agadir,Carte,LIV4,2023-08-09
CMD14122,CL0919,P070,06/06/2023,4,3607.82,livré,RBA,Carte,LIV10,2023-06-09
CMD06740,CL0376,P058,2024-01-31,4,3648.62,en_cours,CASABLANCA,Carte,LIV3,
CMD25237,CL0039,P088,2023-12-14,2,4623.09,LIVRE,Tnja,Carte,LIV5,2023-12-17
CMD48174,CL0842,P087,Feb 26 2023,4,2959.78,annulé,tanger,Carte,LIV3,
CMD01975,CL0525,P060,28/04/2024,2,1058.27,en_cours,kech,Carte,LIV3,
CMD46028,CL0424,P009,27/03/2024,1,355.05,KO,kech,Carte,LIV6,
CMD35085,CL0464,P002,13/03/2024,4,0,LIVRE,casa,Carte,LIV9,2024-03-17
CMD19408,CL0195,P068,2024-01-15,1,1054.91,livré,TNG,Carte,LIV6,2024-01-18
CMD00711,CL0959,P061,2024-03-29,1,1768.88,en_cours,TNG,Carte,LIV5,
CMD44247,CL0190,P051,May 07 2023,2,0,OK,RBA,Carte,LIV7,
CMD37262,CL0287,P094,13/01/2024,5,3121.5,retourné,RBA,Carte,LIV7,2024-01-18
CMD17448,CL0812,P019,10/03/2023,4,4895.71,livré,RBA,Carte,LIV9,2023-03-15
CMD08164,CL0449,P071,Jan 10 2024,2,2497.42,livre,Agadir,Carte,,
CMD03734,CL0328,P022,2023-11-08,1,615.62,livré,Agadir,Carte,LIV10,2023-11-13
CMD34784,CL0634,P001,2023-06-07,1,678.36,livré,casa,Carte,LIV8,2023-06-10
CMD08499,CL0435,P004,29/03/2024,2,2680.18,annulé,Agadir,Carte,LIV3,
CMD37908,CL0564,P058,2023-05-14,4,1899.48,livre,Tnja,Carte,LIV1,
CMD10718,CL0404,P048,25/11/2023,1,2839.33,livré,TNG,Carte,LIV9,2023-11-27
CMD11630,CL0802,P048,2023-12-01,3,1037.41,LIVRE,Tnja,Carte,LIV1,2023-12-06
CMD29633,CL0301,P057,11/08/2023,4,1246.76,livré,TANGER,Carte,LIV10,2023-08-14
CMD17537,CL0150,P020,Feb 28 2023,5,1496.52,livré,TANGER,Carte,LIV10,2023-03-05
CMD01445,CL0454,P023,Feb 14 2023,3,1536.84,annulé,casa,Carte,LIV10,
CMD37153,CL0833,P074,26/03/2023,3,3227.56,OK,tanger,Carte,LIV8,
CMD02506,CL0261,P056,Oct 12 2023,3,0,retourné,CASABLANCA,Carte,LIV10,2023-10-17
CMD02754,CL0378,P032,21/09/2023,5,4505.44,OK,Tnja,Carte,LIV2,
CMD12581,CL0613,P064,Feb 19 2024,1,440.06,KO,tanger,Carte,LIV7,
CMD17559,CL0388,P007,01/11/2023,3,2197.93,KO,TNG,Carte,LIV5,
CMD07613,CL0800,P042,2024-05-15,2,315.58,livré,Agadir,Carte,LIV6,2024-05-18
CMD22752,CL0190,P002,01/02/2024,3,1371.51,retourné,kech,Carte,LIV3,2024-02-04
CMD29081,CL0772,P087,04/05/2023,1,3753.2,OK,marrakech,Carte,LIV8,
CMD39324,CL0728,P096,2023-01-19,5,2136.14,OK,marrakech,Carte,LIV6,
CMD06927,CL0380,P070,Dec 21 2023,2,3493.41,livré,RBA,Carte,LIV1,2023-12-22
CMD45631,CL0810,P036,Jul 04 2023,5,113.89,KO,TNG,Carte,LIV6,
CMD09369,CL0346,P088,2023-09-16,4,1743.12,livre,RBA,Carte,LIV8,
CMD04861,CL0876,P027,Apr 16 2024,4,560.26,livré,Agadir,Carte,LIV8,2024-04-18
CMD21283,CL0884,P078,Jul 20 2023,5,285.15,retourné,CASABLANCA,Carte,LIV2,2023-07-25
CMD26194,CL0933,P040,2023-04-22,3,2158.06,livré,Tnja,Carte,LIV4,2023-04-26
CMD14532,CL0475,P096,2024-03-22,1,3448.02,KO,RBA,Carte,,
CMD41491,CL0978,P075,2023-11-08,5,4391.58,livré,TANGER,Carte,LIV5,2023-11-10
CMD42796,CL0632,P088,2023-08-30,1,1293.66,LIVRE,CASABLANCA,Carte,LIV10,2023-09-04
CMD30300,CL0799,P053,Oct 05 2023,3,0,DONE,kech,Carte,LIV8,2023-10-07
CMD24690,CL0728,P076,Sep 25 2023,4,3549.4,livré,casa,Carte,LIV9,2023-09-29
CMD41687,CL0181,P054,2024-02-11,1,1278.77,livré,tanger,Carte,LIV10,2024-02-13
CMD47313,CL0116,P072,13/04/2024,4,2853.51,KO,TANGER,Carte,LIV9,
CMD43771,CL0821,P078,23/02/2023,1,4048.47,livré,TNG,Carte,LIV1,2023-02-26
CMD36894,CL0886,P005,Jan 13 2023,4,4781.54,livré,kech,Carte,LIV8,2023-01-16
CMD16445,CL0475,P015,Jun 24 2023,3,684.45,KO,Tnja,Carte,LIV9,
CMD27316,CL0022,P088,2023-09-08,2,4936.04,LIVRE,casa,Carte,LIV7,2023-09-12
CMD16223,CL0495,P032,2023-04-05,5,289.23,annulé,casa,Carte,LIV1,
CMD13993,CL0539,P002,Sep 24 2023,2,4532.1,LIVRE,TANGER,Carte,LIV10,2023-09-27
CMD08627,CL0669,P046,21/10/2023,5,0,livre,RBA,Carte,LIV2,
CMD17391,CL0379,P014,05/06/2023,1,829.96,retourné,kech,Carte,LIV10,2023-06-09
CMD30851,CL0011,P088,2023-04-20,3,0,livré,casa,Carte,LIV4,2023-04-23
CMD34078,CL0824,P011,08/09/2023,4,4407.59,KO,TNG,Carte,LIV5,
CMD48496,CL0735,P054,Apr 24 2023,4,4890.46,retourné,Tnja,Carte,LIV5,2023-04-28
CMD26389,CL0914,P011,Mar 21 2024,3,4067.01,LIVRE,kech,Carte,LIV6,2024-03-23
CMD12083,CL0879,P036,06/04/2023,5,666.01,livre,kech,Carte,LIV8,
CMD17050,CL0642,P048,2023-12-05,5,4727.75,livre,CASABLANCA,Carte,LIV10,
CMD14700,CL0935,P067,2023-12-16,5,2542.03,OK,CASABLANCA,Carte,LIV9,
CMD35660,CL0201,P024,2024-01-03,5,2937.39,livre,casa,Carte,LIV2,
CMD10433,CL0914,P010,2023-10-07,2,4353.8,livré,CASABLANCA,Carte,LIV4,2023-10-09
CMD36782,CL0935,P088,2023-04-07,4,1905.86,livre,casa,Carte,LIV4,
CMD39876,CL0731,P076,2023-07-23,3,0,retourné,casa,Carte,LIV6,2023-07-27
CMD27325,CL0301,P058,02/10/2023,5,882.43,DONE,marrakech,Carte,LIV9,2023-10-04
CMD18231,CL0135,P019,Sep 15 2023,2,4163.11,retourné,TNG,Carte,LIV5,2023-09-19
CMD38037,CL0959,P040,Feb 10 2024,3,3343.12,livre,TNG,Carte,LIV7,
CMD15632,CL0701,P049,2023-12-24,2,492.59,annulé,RBA,Carte,LIV9,
CMD29827,CL0401,P025,Jun 16 2023,2,4057.09,livré,CASABLANCA,Carte,LIV1,2023-06-19
CMD34218,CL0443,P088,2023-12-02,3,2189.26,livré,RBA,Carte,LIV5,2023-12-05
CMD10769,CL0159,P007,Sep 25 2023,2,3717.3,retourné,tanger,Carte,LIV7,2023-09-29
CMD03499,CL0190,P031,2023-10-15,2,4733.73,en_cours,TNG,Carte,LIV6,
CMD00419,CL0038,P055,31/03/2023,4,3599.5,KO,kech,Carte,LIV2,
CMD17766,CL0624,P070,2023-10-21,5,4065.8,en_cours,RBA,Carte,LIV10,
CMD42297,CL0427,P065,18/01/2023,5,2994.8,DONE,Tnja,Carte,LIV1,2023-01-19
CMD23743,CL0243,P095,Sep 03 2023,4,4277.07,annulé,TANGER,Carte,LIV7,
CMD44393,CL0038,P063,20/07/2023,4,2889.03,DONE,TNG,Carte,LIV7,2023-07-21
CMD39163,CL0593,P019,10/10/2023,2,424.24,retourné,kech,Carte,LIV10,2023-10-12
CMD14555,CL0842,P018,2023-11-01,2,2683.08,annulé,Agadir,Carte,LIV2,
CMD00466,CL0248,P033,03/04/2023,1,4030.78,OK,TANGER,Carte,LIV7,
CMD14000,CL0298,P085,Aug 08 2023,4,4233.29,livré,Tnja,Carte,LIV4,2023-08-11
CMD48098,CL0151,P053,2023-03-17,5,0,DONE,casa,Carte,LIV6,2023-03-22
CMD18854,CL0306,P072,2023-12-22,1,1085.54,livré,kech,Carte,LIV3,2023-12-25
CMD21648,CL0784,P003,Apr 20 2023,3,973.4,livré,CASABLANCA,Carte,LIV2,2023-04-24
CMD39735,CL0290,P027,2023-09-08,1,3730.52,retourné,Tnja,Carte,LIV1,2023-09-13
CMD15243,CL0856,P018,Mar 24 2024,2,2068.48,DONE,kech,Carte,LIV4,2024-03-27
CMD25565,CL0351,P084,2023-06-30,5,3940.3,livre,TANGER,Carte,LIV9,
CMD27145,CL0686,P078,21/12/2023,2,382.32,en_cours,casa,Carte,LIV10,
CMD07169,CL0819,P002,20/11/2023,5,3302.15,OK,TNG,Carte,LIV5,
CMD39670,CL0696,P016,Sep 17 2023,1,3024.18,livré,Agadir,Carte,LIV3,2023-09-18
CMD31482,CL0481,P074,2024-03-11,4,2544.22,livre,TNG,Carte,,
CMD35444,CL0472,P070,Apr 06 2024,5,105.42,livré,CASABLANCA,Carte,LIV4,2024-04-10
CMD29119,CL0198,P078,26/01/2024,1,2525.5,OK,Agadir,Carte,LIV8,
CMD47384,CL0250,P002,2023-06-30,5,4085.27,retourné,RBA,Carte,LIV3,2023-07-03
CMD12734,CL0589,P056,24/02/2023,4,174.9,retourné,casa,Carte,LIV4,2023-02-27
CMD09854,CL0825,P025,2023-03-31,3,510.86,livré,tanger,Carte,LIV4,2023-04-01
CMD12022,CL0466,P069,Jun 12 2023,2,2101.72,retourné,TANGER,Carte,LIV10,2023-06-17
CMD07170,CL0711,P079,Jan 10 2023,1,3816.52,KO,TNG,Carte,LIV8,
CMD01290,CL0977,P021,Jul 13 2023,2,583.21,livré,casa,Carte,LIV9,2023-07-16
CMD24984,CL0470,P093,08/03/2024,1,1335.8,DONE,tanger,Carte,LIV6,2024-03-13
CMD17405,CL0460,P060,15/11/2023,2,333.2,KO,tanger,Carte,LIV7,
CMD23883,CL0643,P047,Nov 06 2023,1,2492.76,retourné,Agadir,Carte,LIV7,2023-11-09
CMD12093,CL0734,P097,2023-05-30,5,2243.23,livre,marrakech,Carte,LIV8,
CMD10378,CL0712,P098,23/02/2024,4,4176.56,annulé,TNG,Carte,LIV5,
CMD01954,CL0205,P036,18/07/2023,4,3422.31,DONE,TANGER,Carte,LIV6,2023-07-20
CMD44135,CL0837,P095,Mar 03 2023,1,405.91,KO,marrakech,Carte,,
CMD22005,CL0601,P088,05/04/2023,3,4497.86,livré,Tnja,Carte,LIV1,2023-04-09
CMD43947,CL0135,P081,Nov 06 2023,2,1745.01,DONE,marrakech,Carte,LIV5,2023-11-08
CMD22693,CL0420,P028,2023-02-09,4,1405.87,KO,tanger,Carte,LIV10,
CMD30885,CL0224,P037,01/10/2023,4,94.37,LIVRE,TANGER,Carte,LIV6,2023-10-04
CMD11079,CL0558,P029,Dec 11 2023,5,1870.44,retourné,tanger,Carte,LIV3,2023-12-14
CMD35577,CL0930,P082,Jul 06 2023,3,2469.54,DONE,kech,Carte,LIV3,2023-07-07
CMD21541,CL1000,P099,Jan 14 2023,3,3407.02,livré,tanger,Carte,LIV8,2023-01-17
CMD18798,CL0971,P043,2023-04-29,4,1971.11,annulé,TANGER,Carte,,
CMD29674,CL0311,P033,2024-02-10,1,1979.63,DONE,marrakech,Carte,LIV10,2024-02-15
CMD34547,CL0607,P023,2023-01-20,-1,4465.37,LIVRE,casa,Carte,LIV4,2023-01-21
CMD10854,CL0556,P090,06/03/2023,4,1837.64,DONE,Agadir,Carte,LIV8,2023-03-10
CMD26875,CL0019,P069,04/05/2024,1,3445.44,OK,kech,Carte,LIV6,
CMD28003,CL0756,P091,2023-11-05,3,3537.88,KO,RBA,Carte,LIV4,
CMD32514,CL0654,P079,15/05/2023,5,95.75,KO,RBA,Carte,LIV7,
CMD36573,CL0510,P067,Jan 12 2023,4,4663.57,DONE,casa,Carte,LIV3,2023-01-17
CMD13391,CL0581,P041,20/05/2023,3,3214.88,livré,kech,Carte,,2023-05-23
CMD44322,CL0262,P086,30/11/2023,4,4396.58,livre,casa,Carte,LIV4,
CMD28519,CL0267,P076,06/05/2024,1,3456.1,livré,RBA,Carte,,2024-05-09
CMD41656,CL0008,P017,10/02/2023,4,2254.67,livré,tanger,Carte,LIV9,2023-02-13
CMD07645,CL0372,P047,2023-12-19,4,3065.35,DONE,marrakech,Carte,LIV1,2023-12-22
CMD41461,CL0657,P093,28/05/2023,5,3962.85,KO,marrakech,Carte,LIV3,
CMD15093,CL0822,P016,Dec 19 2023,4,4508.71,OK,marrakech,Carte,,
CMD37472,CL0227,P016,Aug 29 2023,5,1926.36,en_cours,Tnja,Carte,LIV10,
CMD05380,CL0452,P002,2024-02-09,4,1665.19,en_cours,RBA,Carte,LIV4,
CMD17268,CL0180,P051,04/04/2024,4,2080.53,KO,kech,Carte,LIV3,
CMD42613,CL0185,P059,Sep 19 2023,1,1869.95,KO,Tnja,Carte,LIV3,
CMD09830,CL0664,P030,03/01/2024,3,4121.9,KO,TNG,Carte,LIV2,
CMD39236,CL0730,P041,Oct 30 2023,2,4914.35,LIVRE,CASABLANCA,Carte,LIV7,2023-11-02
CMD47278,CL0732,P053,2023-02-26,5,4235.73,OK,tanger,Carte,LIV2,
CMD18161,CL0029,P062,25/01/2023,5,4901.14,DONE,TANGER,Carte,LIV9,2023-01-26
CMD45567,CL0204,P001,May 03 2024,2,0,livré,CASABLANCA,Carte,LIV7,2024-05-05
CMD25002,CL0170,P005,Feb 29 2024,2,4079.77,en_cours,RBA,Carte,LIV7,
CMD22075,CL0341,P046,11/02/2024,4,764.38,en_cours,TANGER,Carte,LIV3,
CMD05981,CL0855,P082,30/06/2023,2,2311.28,livré,marrakech,Carte,LIV7,2023-07-03
CMD12136,CL0654,P008,23/05/2023,1,0,KO,Tnja,Carte,LIV2,
CMD45385,CL0905,P078,08/01/2023,2,757.44,livré,Agadir,Carte,LIV9,2023-01-10
CMD06848,CL0624,P049,23/08/2023,3,3199.36,annulé,casa,Carte,LIV8,
CMD24618,CL0069,P099,2023-07-22,-1,1300.13,livré,CASABLANCA,Carte,LIV5,2023-07-24
CMD01308,CL0358,P067,2023-06-26,3,2273.47,LIVRE,kech,Carte,LIV10,2023-06-27
CMD36212,CL0557,P087,2023-07-23,4,816.76,livré,kech,Carte,,2023-07-27
CMD01728,CL0692,P093,07/05/2024,4,996.36,livré,tanger,Carte,LIV2,2024-05-09
CMD02572,CL0253,P076,09/03/2023,4,4514.97,KO,CASABLANCA,Carte,LIV10,
CMD38102,CL0283,P100,15/01/2023,1,2390.29,LIVRE,TANGER,Carte,LIV2,2023-01-19
CMD39835,CL0871,P002,27/01/2023,5,2772.78,livré,kech,Carte,LIV9,2023-02-01
CMD29393,CL0933,P099,2023-12-19,3,1060.55,livré,RBA,Carte,LIV2,2023-12-20
CMD15852,CL0465,P045,Apr 06 2024,2,2173.49,OK,Tnja,Carte,LIV5,
CMD08422,CL0837,P033,2023-06-23,4,4113.85,livré,TNG,Carte,LIV3,2023-06-28
CMD40576,CL0057,P090,May 23 2023,5,1727.46,annulé,casa,Carte,LIV8,
CMD21125,CL0088,P044,23/08/2023,3,2803.68,OK,TNG,Carte,LIV7,
CMD11925,CL0220,P067,13/02/2024,2,3068.55,livre,tanger,Carte,LIV8,
CMD41135,CL0635,P064,2024-02-15,4,4937.14,KO,Tnja,Carte,,
CMD40974,CL0737,P033,2023-10-15,2,492.65,livré,TNG,Carte,LIV4,2023-10-19
CMD10437,CL0583,P050,04/07/2023,5,1982.2,annulé,marrakech,Carte,LIV8,
CMD13420,CL0871,P063,20/11/2023,1,4843.02,livré,casa,Carte,LIV10,2023-11-25
CMD48474,CL0093,P046,Apr 25 2023,1,1084.46,OK,Tnja,Carte,LIV9,
CMD27493,CL0035,P060,04/07/2023,3,4693.43,annulé,marrakech,Carte,LIV6,
CMD08451,CL0708,P081,2024-05-05,3,3966.17,retourné,RBA,Carte,LIV6,2024-05-07
CMD11928,CL0479,P038,Mar 11 2024,2,2323.69,annulé,marrakech,Carte,LIV6,
CMD31942,CL0809,P063,2023-11-01,1,3852.72,annulé,kech,Carte,LIV6,
CMD12120,CL0916,P089,Apr 09 2023,-1,1701.21,livré,TNG,Carte,LIV8,2023-04-12
CMD09629,CL0514,P025,01/01/2023,5,2374.37,en_cours,kech,Carte,LIV3,
CMD40264,CL0650,P043,31/03/2023,2,3525.49,retourné,marrakech,Carte,LIV8,2023-04-03
CMD34178,CL0885,P017,Mar 10 2023,1,4141.41,annulé,casa,Carte,LIV4,
CMD47023,CL0559,P099,16/06/2023,4,1248.32,OK,TANGER,Carte,LIV4,
CMD24783,CL0101,P096,23/07/2023,5,3008.11,livré,marrakech,Carte,LIV4,2023-07-28
CMD16869,CL0664,P096,Mar 27 2023,2,3296.89,livré,kech,Carte,LIV5,2023-04-01
CMD32087,CL0010,P018,2024-03-25,2,2922.51,LIVRE,Agadir,Carte,LIV9,2024-03-28
CMD12526,CL0004,P011,27/02/2024,3,1414.07,KO,TANGER,Carte,LIV3,
CMD48234,CL0446,P067,Jan 31 2023,5,3064.52,livré,Agadir,Carte,LIV7,2023-02-05
CMD16719,CL0325,P026,2024-05-09,4,4110.57,livré,tanger,Carte,LIV3,2024-05-11
CMD03120,CL0157,P045,02/03/2024,4,262.91,DONE,Tnja,Carte,LIV8,2024-03-06
CMD24552,CL0214,P031,May 25 2023,2,3263.22,livre,TANGER,Carte,LIV6,
CMD29077,CL0068,P077,2023-02-09,4,2588.48,OK,TNG,Carte,LIV5,
CMD20078,CL0965,P098,02/02/2023,3,79.32,retourné,RBA,Carte,LIV3,2023-02-06
CMD42811,CL0384,P013,09/09/2023,3,3599.25,LIVRE,marrakech,Carte,LIV6,2023-09-11
CMD03732,CL0058,P095,Jan 23 2024,2,4787.76,en_cours,Tnja,Carte,LIV4,
CMD24036,CL0606,P054,28/06/2023,2,3446.78,livre,Tnja,Carte,LIV2,
CMD10285,CL0770,P049,2024-03-27,2,1849.68,livré,RBA,Carte,LIV8,2024-03-28
CMD22407,CL0419,P070,Nov 01 2023,1,2508.74,KO,marrakech,Carte,LIV9,
CMD36028,CL0223,P031,2023-03-29,5,4339.25,livre,tanger,Carte,LIV1,
CMD17123,CL0554,P039,17/12/2023,5,557.08,en_cours,marrakech,Carte,LIV6,
CMD23815,CL0006,P096,04/03/2024,1,3863.26,LIVRE,casa,Carte,LIV3,2024-03-07
CMD19177,CL0527,P064,2023-02-15,4,2763.64,annulé,marrakech,Carte,LIV5,
CMD40972,CL0893,P031,2023-04-06,1,874.91,KO,TNG,Carte,LIV5,
CMD26718,CL0836,P094,2023-08-21,5,0,LIVRE,marrakech,Carte,LIV7,2023-08-26
CMD13278,CL0703,P041,Mar 06 2024,2,1411.43,OK,casa,Carte,LIV9,
CMD08667,CL0659,P063,Feb 04 2024,4,3276.48,retourné,TANGER,Carte,,2024-02-05
CMD15442,CL0849,P081,2023-01-08,4,1900.94,en_cours,TANGER,Carte,LIV3,
CMD34153,CL0554,P099,24/10/2023,5,464.61,KO,tanger,Carte,LIV5,
CMD35124,CL0977,P017,20/02/2024,5,557.34,LIVRE,RBA,Carte,LIV4,2024-02-23
CMD35069,CL0547,P020,2023-09-08,4,66.89,DONE,Tnja,Carte,LIV3,2023-09-09
CMD42763,CL0148,P015,2023-09-23,2,628.88,livré,TNG,Carte,LIV5,2023-09-24
CMD04948,CL0801,P096,21/04/2023,2,575.3,LIVRE,TANGER,Carte,LIV10,2023-04-23
CMD25581,CL0132,P031,2023-09-13,2,3819.58,LIVRE,casa,Carte,LIV3,2023-09-15
CMD44672,CL0757,P081,2023-10-20,4,4178.07,livré,TNG,Carte,LIV5,2023-10-23
CMD39800,CL0076,P075,Jun 06 2023,1,4310.75,KO,Agadir,Carte,LIV6,
CMD10920,CL0977,P094,20/04/2023,1,2549.06,OK,TANGER,Carte,LIV9,
CMD44525,CL0540,P021,2023-10-27,5,2807.45,en_cours,TNG,Carte,LIV10,
CMD34543,CL0413,P033,May 08 2024,5,475.52,DONE,Agadir,Carte,LIV8,2024-05-12
CMD27224,CL0514,P050,2024-03-02,5,2019.83,DONE,kech,Carte,LIV9,2024-03-07
CMD18902,CL0707,P042,07/03/2023,1,3742.34,retourné,TNG,Carte,LIV10,2023-03-08
CMD18957,CL0753,P099,Nov 25 2023,4,2880.1,retourné,tanger,Carte,,2023-11-29
CMD04180,CL0789,P024,09/06/2023,3,3701.99,en_cours,tanger,Carte,LIV1,
CMD45478,CL0916,P070,2024-05-15,4,1704.21,KO,Agadir,Carte,LIV7,
CMD10770,CL0669,P003,Oct 05 2023,2,1248.21,OK,TNG,Carte,LIV4,
CMD23246,CL0896,P083,Feb 05 2024,4,4725.87,annulé,TNG,Carte,,
CMD27256,CL0154,P009,01/02/2023,3,2354.14,livré,RBA,Carte,LIV10,2023-02-03
CMD14647,CL0446,P057,06/04/2023,4,3940.48,livré,casa,Carte,LIV5,2023-04-11
CMD45760,CL0737,P085,Feb 14 2023,-1,4962.57,OK,kech,Carte,LIV5,
CMD33591,CL0007,P066,Apr 05 2024,5,4211.41,retourné,Agadir,Carte,LIV8,2024-04-09
CMD33068,CL0717,P056,21/03/2023,2,2540.38,livre,Agadir,Carte,LIV3,
CMD11721,CL0245,P052,15/04/2023,5,658.54,livre,Tnja,Carte,LIV2,
CMD35369,CL0171,P072,Jan 28 2024,2,2942.82,livré,Tnja,Carte,LIV5,2024-01-31
CMD17911,CL0825,P036,04/04/2023,3,502.76,KO,RBA,Carte,LIV8,
CMD27340,CL0078,P053,2023-09-08,1,465.77,OK,CASABLANCA,Carte,LIV8,
CMD12097,CL0733,P044,2023-05-20,2,885.77,livre,TANGER,Carte,LIV9,
CMD22753,CL0187,P004,18/05/2023,3,1732.13,KO,CASABLANCA,Carte,LIV8,
CMD08646,CL0587,P051,2023-05-28,3,255.23,LIVRE,RBA,Carte,LIV9,2023-06-01
CMD42729,CL0849,P074,Aug 05 2023,1,0,en_cours,TNG,Carte,,
CMD40273,CL0738,P003,Jan 01 2024,1,4009.32,annulé,kech,Carte,LIV5,
CMD08087,CL0483,P091,2024-03-06,1,2848.7,retourné,TANGER,Carte,LIV2,2024-03-09
CMD36618,CL0870,P087,2024-01-04,2,1955.41,livré,Agadir,Carte,LIV9,2024-01-05
CMD15043,CL0836,P043,03/04/2023,5,1636.04,retourné,CASABLANCA,Carte,LIV7,2023-04-04
CMD18243,CL0576,P072,2023-06-07,3,3430.73,livre,TANGER,Carte,LIV6,
CMD02611,CL0663,P070,02/07/2023,3,205.1,LIVRE,marrakech,Carte,,2023-07-03
CMD19639,CL0978,P100,Jul 09 2023,5,0,retourné,Tnja,Carte,LIV6,2023-07-12
CMD40270,CL0775,P089,2023-12-30,4,2631.55,retourné,TANGER,Carte,LIV9,2024-01-04
CMD07160,CL0365,P016,23/09/2023,1,849.05,LIVRE,tanger,Carte,LIV2,2023-09-27
CMD04727,CL0330,P011,Jan 10 2023,4,4129.61,OK,TNG,Carte,LIV4,
CMD42717,CL0441,P075,11/09/2023,5,143.88,OK,Agadir,Carte,LIV6,
CMD05326,CL0094,P017,Jul 01 2023,1,2182.7,retourné,Agadir,Carte,LIV3,2023-07-04
CMD43764,CL0297,P037,2023-04-23,2,3897.15,livré,Tnja,Carte,LIV2,2023-04-24
CMD05228,CL0504,P005,2023-08-21,3,1342.51,retourné,Agadir,Carte,,2023-08-24
CMD14624,CL0750,P028,Apr 21 2024,4,3575.97,LIVRE,marrakech,Carte,LIV2,2024-04-22
CMD08013,CL0460,P021,2023-04-07,3,0,livré,RBA,Carte,LIV6,2023-04-12
CMD11577,CL0943,P092,12/05/2023,4,1780.59,DONE,TANGER,Carte,LIV6,2023-05-14
CMD08686,CL0279,P096,2023-05-16,2,4514.73,LIVRE,Tnja,Carte,LIV7,2023-05-20
CMD06345,CL0540,P027,2023-03-18,4,567.82,LIVRE,marrakech,Carte,LIV10,2023-03-21
CMD01328,CL0541,P002,Feb 06 2023,1,1798.56,livré,Agadir,Carte,LIV1,2023-02-07
CMD44257,CL0766,P042,Apr 12 2023,2,1040.33,retourné,kech,Carte,LIV7,2023-04-14
CMD17597,CL0648,P029,21/09/2023,1,449.21,retourné,TANGER,Carte,LIV3,2023-09-25
CMD35505,CL0749,P087,Jun 29 2023,3,2148.29,en_cours,tanger,Carte,LIV1,
CMD15318,CL0925,P048,Jan 27 2024,4,3986.46,en_cours,marrakech,Carte,LIV9,
CMD34663,CL0351,P032,2023-11-10,5,2440.07,KO,Tnja,Carte,LIV1,
CMD08438,CL0618,P085,2023-03-31,2,1449.64,annulé,Tnja,Carte,LIV8,
CMD44877,CL0050,P004,Dec 05 2023,5,2974.54,DONE,kech,Carte,LIV4,2023-12-08
CMD01311,CL0690,P031,04/05/2023,2,1452.57,livre,CASABLANCA,Carte,LIV9,
CMD21246,CL0048,P022,09/01/2023,2,1322.01,DONE,RBA,Carte,,2023-01-10
CMD26791,CL0919,P076,Sep 19 2023,5,3264.56,annulé,CASABLANCA,Carte,LIV7,
CMD05681,CL0164,P054,Apr 11 2023,5,4681.84,livré,marrakech,Carte,LIV3,2023-04-15
CMD06535,CL0235,P035,15/05/2023,5,1764.67,KO,TNG,Carte,LIV1,
CMD03081,CL0895,P099,Jun 20 2023,4,668.95,livré,Agadir,Carte,LIV1,2023-06-25
CMD39985,CL0763,P025,Mar 19 2023,1,377.59,KO,CASABLANCA,Carte,LIV4,
CMD13025,CL0280,P013,07/01/2023,1,4632.06,livre,Agadir,Carte,LIV1,
CMD42604,CL0941,P006,Oct 08 2023,5,2028.9,KO,Agadir,Carte,LIV6,
CMD32713,CL0105,P071,2023-06-27,5,878.57,livré,kech,Carte,LIV4,2023-07-02
CMD39260,CL0596,P085,22/03/2023,2,1302.25,livre,kech,Carte,LIV6,
CMD22759,CL0929,P011,25/12/2023,4,297.27,KO,Tnja,Carte,LIV10,
CMD43187,CL0792,P021,Sep 07 2023,4,4389.2,DONE,CASABLANCA,Carte,LIV10,2023-09-09
CMD30367,CL0541,P055,Sep 28 2023,5,298.54,retourné,RBA,Carte,LIV2,2023-10-01
CMD32809,CL0114,P055,Jan 18 2023,2,3849.43,livré,kech,Carte,LIV6,2023-01-19
CMD04343,CL0372,P018,2023-03-01,4,2113.68,annulé,kech,Carte,LIV5,
CMD32519,CL0417,P081,2023-05-29,-1,3598.92,en_cours,TANGER,Carte,LIV1,
CMD16332,CL0773,P038,2023-07-20,1,2063.05,retourné,Agadir,Carte,LIV6,2023-07-23
CMD00367,CL0981,P004,06/04/2024,2,2528.76,KO,TANGER,Carte,LIV2,
CMD39659,CL0872,P043,10/01/2023,4,3632.47,livré,TANGER,Carte,LIV5,2023-01-15
CMD42508,CL0023,P033,08/03/2023,1,3121.5,KO,RBA,Carte,LIV3,
CMD03152,CL1000,P091,2024-01-03,2,1782.28,livré,casa,Carte,LIV7,2024-01-08
CMD17001,CL0702,P100,09/01/2023,5,3284.76,en_cours,marrakech,Carte,LIV8,
CMD31533,CL0146,P034,Apr 24 2024,5,466.42,KO,marrakech,Carte,LIV7,
CMD00750,CL0474,P090,01/08/2023,3,1449.1,livré,RBA,Carte,LIV5,2023-08-03
CMD37810,CL0258,P072,Jan 07 2024,1,3963.72,en_cours,RBA,Carte,LIV2,
CMD05901,CL0886,P065,30/08/2023,1,3690.32,livre,CASABLANCA,Carte,LIV7,
CMD34894,CL0212,P034,Jun 30 2023,4,1813.13,livré,TNG,Carte,LIV3,2023-07-02
CMD26350,CL0335,P056,2024-03-05,4,3178.36,retourné,marrakech,Carte,LIV7,2024-03-09
CMD11637,CL0822,P001,08/02/2024,1,4007.41,livré,marrakech,Carte,,2024-02-10
CMD34362,CL0442,P003,Apr 28 2024,5,247.72,en_cours,kech,Carte,LIV1,
CMD24637,CL0673,P039,2023-02-02,1,2167.01,livré,kech,Carte,LIV8,2023-02-05
CMD40794,CL0650,P078,Oct 11 2023,2,4772.82,KO,TNG,Carte,LIV4,
CMD10982,CL0229,P004,2023-10-16,2,4826.22,DONE,TNG,Carte,LIV4,2023-10-17
CMD36961,CL0678,P086,May 19 2023,4,3212.5,KO,Tnja,Carte,LIV7,
CMD41413,CL0455,P015,2023-10-01,1,3235.1,KO,Agadir,Carte,LIV8,
CMD44315,CL0705,P058,22/05/2023,5,2294.1,DONE,CASABLANCA,Carte,LIV10,2023-05-25
CMD16548,CL0478,P084,12/03/2023,1,1800.15,livré,tanger,Carte,LIV6,2023-03-13
CMD07387,CL0796,P080,15/09/2023,2,3499.91,KO,Tnja,Carte,LIV3,
CMD32790,CL0609,P053,2024-01-04,3,0,OK,CASABLANCA,Carte,LIV5,
CMD07005,CL0453,P055,2023-03-03,3,2097.32,LIVRE,kech,Carte,LIV1,2023-03-05
CMD12433,CL0837,P012,2023-01-02,2,2119.23,DONE,Agadir,Carte,LIV2,2023-01-06
CMD24291,CL0717,P023,Nov 10 2023,2,2010.06,OK,TANGER,Carte,LIV5,
CMD03046,CL0370,P083,12/02/2024,4,3827.47,livré,TANGER,Carte,LIV2,2024-02-15
CMD27307,CL0178,P039,Sep 22 2023,3,4029.89,en_cours,Tnja,Carte,LIV4,
CMD06759,CL0779,P084,2024-01-20,4,1733.09,livré,casa,Carte,LIV2,2024-01-25
CMD42288,CL0017,P038,2023-12-24,1,0,OK,RBA,Carte,LIV8,
CMD16138,CL0916,P001,20/03/2023,1,2072.2,OK,Tnja,Carte,LIV10,
CMD13315,CL0189,P061,2023-07-18,1,3049.14,en_cours,CASABLANCA,Carte,LIV5,
CMD14593,CL0422,P074,Mar 07 2024,5,963.73,livre,TNG,Carte,LIV3,
CMD32346,CL0351,P052,Apr 13 2023,3,2531.49,livré,Agadir,Carte,LIV5,2023-04-15
CMD46323,CL0436,P066,22/10/2023,3,1810.75,livré,CASABLANCA,Carte,LIV7,2023-10-27
CMD27241,CL0009,P016,Aug 02 2023,1,2205.69,livré,Tnja,Carte,LIV2,2023-08-04
CMD22881,CL0191,P024,Jan 01 2024,4,1351.09,KO,TNG,Carte,LIV4,
CMD20951,CL0781,P056,2023-01-22,4,1386.98,annulé,CASABLANCA,Carte,LIV3,
CMD00632,CL0816,P080,18/02/2023,3,3086.92,retourné,TANGER,Carte,LIV6,2023-02-19
CMD47926,CL0442,P088,26/09/2023,3,4518.65,livré,tanger,Carte,LIV5,2023-09-27
CMD36969,CL0956,P006,24/01/2023,5,2448.72,en_cours,TNG,Carte,LIV9,
CMD47425,CL0708,P016,2023-02-24,3,2480.46,livré,TANGER,Carte,LIV6,2023-02-26
CMD30209,CL0783,P096,30/03/2024,3,4060.13,livre,marrakech,Carte,LIV4,
CMD35246,CL0127,P073,Nov 16 2023,3,4051.18,livré,Tnja,Carte,LIV2,2023-11-17
CMD37265,CL0674,P058,13/02/2023,5,3986.29,OK,TNG,Carte,LIV8,
CMD38870,CL0712,P066,22/08/2023,2,664.3,KO,Tnja,Carte,,
CMD41814,CL0702,P061,2024-01-11,3,2332.89,DONE,TNG,Carte,LIV7,2024-01-15
CMD01647,CL0125,P079,31/07/2023,5,1763.6,OK,kech,Carte,LIV3,
CMD09384,CL0202,P071,Jul 10 2023,3,4895.49,en_cours,casa,Carte,LIV2,
CMD20975,CL0667,P077,Apr 24 2024,4,1992.83,retourné,kech,Carte,LIV3,2024-04-28
CMD24688,CL0530,P034,16/01/2024,1,3144.75,livré,TNG,Carte,LIV8,2024-01-20
CMD16746,CL0414,P053,2023-03-20,5,1248.94,retourné,CASABLANCA,Carte,LIV10,2023-03-21
CMD33244,CL0212,P097,10/08/2023,5,669.03,OK,CASABLANCA,Carte,LIV7,
CMD17309,CL0173,P096,2024-02-18,2,3574.88,livré,tanger,Carte,LIV4,2024-02-19
CMD32892,CL0581,P061,May 03 2023,1,4590.85,livre,marrakech,Carte,LIV7,
CMD29225,CL0059,P026,26/04/2023,5,3946.64,en_cours,marrakech,Carte,LIV9,
CMD25976,CL0536,P019,11/11/2023,4,1941.71,en_cours,kech,Carte,LIV4,
CMD31074,CL0185,P079,28/02/2024,3,4012.5,livré,Agadir,Carte,LIV3,2024-03-04
CMD37608,CL0901,P008,Sep 15 2023,2,2504.31,livre,CASABLANCA,Carte,LIV3,
CMD28976,CL0719,P023,Feb 27 2023,2,2626.59,livré,RBA,Carte,,2023-03-03
CMD19918,CL0718,P090,May 26 2023,1,2679.74,en_cours,RBA,Carte,LIV4,
CMD29145,CL0621,P089,Aug 17 2023,1,208.64,annulé,CASABLANCA,Carte,LIV3,
CMD28310,CL0497,P012,2024-03-29,3,1596.66,livré,marrakech,Carte,LIV9,2024-03-31
CMD13794,CL0735,P100,25/12/2023,5,3917.8,annulé,Agadir,Carte,LIV7,
CMD36834,CL0388,P090,2024-02-27,2,525.06,OK,casa,Carte,LIV1,
CMD33043,CL0967,P058,2024-01-22,1,221.87,DONE,CASABLANCA,Carte,LIV1,2024-01-24
CMD45162,CL0908,P062,Apr 14 2023,3,1687.29,retourné,Tnja,Carte,LIV10,2023-04-18
CMD43386,CL0918,P031,2023-12-10,5,609.72,DONE,tanger,Carte,,2023-12-12
CMD42561,CL0625,P031,Apr 24 2023,4,3377.36,DONE,CASABLANCA,Carte,LIV10,2023-04-25
CMD35495,CL0736,P024,Sep 24 2023,2,2817.68,livre,RBA,Carte,LIV2,
CMD31129,CL0435,P047,Aug 31 2023,2,209.58,KO,CASABLANCA,Carte,LIV1,
CMD26121,CL0054,P006,Apr 18 2023,4,4804.6,en_cours,TNG,Carte,LIV1,
CMD22564,CL0457,P079,Dec 26 2023,3,4781.38,LIVRE,kech,Carte,LIV5,2023-12-29
CMD06463,CL0873,P007,Apr 16 2024,2,1326.37,livré,Tnja,Carte,LIV1,2024-04-20
CMD36017,CL0430,P057,May 01 2023,2,4604.15,LIVRE,kech,Carte,LIV9,2023-05-06
CMD24090,CL0980,P013,2024-01-02,-1,3450.46,livre,tanger,Carte,LIV9,
CMD14414,CL0884,P050,Jun 28 2023,2,1485.11,OK,marrakech,Carte,LIV7,
CMD29836,CL0380,P058,02/07/2023,1,350.18,LIVRE,kech,Carte,LIV4,2023-07-07
CMD30091,CL0178,P063,2023-04-25,3,270.09,en_cours,Tnja,Carte,,
CMD18917,CL0359,P046,02/10/2023,4,1482.72,annulé,casa,Carte,LIV2,
CMD42786,CL0420,P035,Apr 25 2023,2,1938.5,en_cours,Agadir,Carte,LIV3,
CMD46361,CL0268,P064,12/02/2023,3,3243.62,annulé,TANGER,Carte,LIV9,
CMD32879,CL0445,P054,10/03/2023,3,4459.77,DONE,marrakech,Carte,LIV3,2023-03-13
CMD04658,CL0639,P070,2023-12-22,1,2530.47,KO,TANGER,Carte,,
CMD40474,CL0407,P047,22/02/2024,2,3576.43,retourné,CASABLANCA,Carte,,2024-02-27
CMD46915,CL0464,P079,2023-03-21,3,3330.4,annulé,kech,Carte,LIV7,
CMD21494,CL0532,P008,2024-03-11,1,2800.29,livré,Agadir,Carte,LIV1,2024-03-16
CMD08717,CL0093,P046,Aug 13 2023,5,2178.28,livré,RBA,Carte,LIV4,2023-08-18
CMD12230,CL0077,P058,2023-07-11,4,3132.93,livré,marrakech,Carte,LIV2,2023-07-13
CMD31856,CL0191,P082,Jan 09 2024,5,2067.96,LIVRE,CASABLANCA,Carte,LIV2,2024-01-10
CMD21371,CL0486,P049,01/04/2024,5,3692.22,livré,CASABLANCA,Carte,LIV7,2024-04-04
CMD11529,CL0307,P062,Oct 03 2023,4,1421.69,livré,Agadir,Carte,LIV4,2023-10-05
CMD16254,CL0906,P071,03/05/2024,1,2440.92,KO,Tnja,Carte,LIV1,
CMD16213,CL0109,P100,28/04/2023,4,1193.57,livre,marrakech,Carte,LIV3,
CMD21955,CL0544,P085,Jul 29 2023,5,3413.86,livré,CASABLANCA,Carte,LIV1,2023-08-01
CMD02452,CL0556,P012,Jul 27 2023,3,1655.84,livre,marrakech,Carte,LIV5,
CMD20255,CL0957,P009,May 01 2024,5,4342.17,annulé,TANGER,Carte,LIV7,
CMD04075,CL0353,P055,01/03/2024,4,2970.83,annulé,CASABLANCA,Carte,LIV2,
CMD38064,CL0725,P005,2023-12-18,2,3933.71,livré,casa,Carte,LIV4,2023-12-20
CMD41169,CL0010,P038,Dec 22 2023,3,3270.16,LIVRE,Agadir,Carte,,2023-12-26
CMD17201,CL0994,P087,16/07/2023,5,4344.83,retourné,tanger,Carte,LIV10,2023-07-20
CMD04457,CL0826,P062,2023-08-14,2,2557.63,retourné,marrakech,Carte,LIV1,2023-08-16
CMD03154,CL0271,P060,Mar 30 2024,2,2931.47,OK,CASABLANCA,Carte,LIV4,
CMD18998,CL0910,P013,20/12/2023,3,4546.3,annulé,casa,Carte,LIV9,
CMD03803,CL0321,P043,24/04/2023,4,2289.68,OK,Agadir,Carte,LIV5,
CMD35485,CL0071,P065,2023-04-20,5,2107.51,KO,CASABLANCA,Carte,LIV2,
CMD15826,CL0627,P053,28/05/2023,4,2237.16,livre,kech,Carte,LIV7,
CMD08480,CL0603,P002,Jan 08 2023,1,278.89,livre,marrakech,Carte,LIV10,
CMD03764,CL0112,P003,20/08/2023,5,1612.45,LIVRE,Tnja,Carte,LIV8,2023-08-23
CMD37096,CL0203,P084,19/06/2023,2,310.94,en_cours,RBA,Carte,LIV9,
CMD27438,CL0400,P099,2024-02-28,3,585.02,livre,CASABLANCA,Carte,LIV6,
CMD38666,CL0258,P081,2023-07-12,1,471.25,KO,kech,Carte,LIV7,
CMD03567,CL0086,P048,Oct 23 2023,2,4156.43,en_cours,casa,Carte,,
CMD32126,CL0769,P001,26/10/2023,4,51.99,livré,Tnja,Carte,LIV4,2023-10-31
CMD05579,CL0140,P074,Apr 19 2023,3,1619.59,OK,tanger,Carte,LIV1,
CMD17505,CL0419,P011,01/09/2023,2,3472.8,livré,marrakech,Carte,LIV7,2023-09-06
CMD38168,CL0680,P085,02/09/2023,4,650.3,livré,RBA,Carte,,2023-09-03
CMD16604,CL0154,P033,22/11/2023,3,4314.21,livré,TANGER,Carte,LIV9,2023-11-25
CMD27647,CL0146,P042,Feb 04 2024,3,3920.16,LIVRE,marrakech,Carte,LIV8,2024-02-09
CMD33955,CL0014,P074,May 28 2023,3,2322.14,LIVRE,TNG,Carte,LIV6,2023-05-30
CMD01817,CL0112,P088,30/01/2023,4,1768.12,livre,Agadir,Carte,LIV8,
CMD11456,CL0028,P028,2023-01-03,1,1591.79,livré,tanger,Carte,LIV3,2023-01-08
CMD23698,CL0976,P084,Apr 22 2024,3,715.49,livré,TANGER,Carte,LIV9,2024-04-24
CMD36703,CL0084,P096,27/03/2024,5,1206.06,livré,Tnja,Carte,LIV4,2024-04-01
CMD05075,CL1000,P094,Mar 07 2023,5,4819.61,livre,tanger,Carte,LIV2,
CMD03574,CL0055,P050,10/09/2023,-1,3914.24,KO,Agadir,Carte,LIV3,
CMD11829,CL0441,P099,Sep 19 2023,2,1559.85,DONE,kech,Carte,LIV3,2023-09-24
CMD18109,CL0426,P093,Feb 21 2024,1,446.88,livré,kech,Carte,LIV3,2024-02-23
CMD40775,CL0486,P016,Mar 22 2023,5,4805.14,LIVRE,TNG,Carte,LIV7,2023-03-27
CMD25860,CL0718,P037,17/11/2023,2,3258.41,en_cours,TANGER,Carte,LIV2,
CMD08161,CL0659,P032,28/04/2024,2,2388.12,en_cours,kech,Carte,LIV8,
CMD11122,CL0676,P084,2023-09-06,4,573.28,retourné,marrakech,Carte,LIV8,2023-09-07
CMD19641,CL0734,P067,May 18 2023,1,4124.47,LIVRE,CASABLANCA,Carte,LIV3,2023-05-19
CMD02001,CL0824,P081,2024-05-02,2,4097.17,LIVRE,tanger,Carte,LIV2,2024-05-03
CMD02481,CL0483,P067,09/03/2023,4,549.17,DONE,kech,Carte,LIV4,2023-03-13
CMD26785,CL0652,P004,2024-01-03,1,913.16,livré,RBA,Carte,LIV4,2024-01-06
CMD38449,CL0872,P001,06/05/2024,1,1883.9,livré,TNG,Carte,LIV2,2024-05-07
CMD11754,CL0110,P070,2023-07-09,4,4958.84,livré,CASABLANCA,Carte,LIV3,2023-07-14
CMD37506,CL0228,P044,Nov 04 2023,2,189.23,livré,tanger,Carte,LIV2,2023-11-09
CMD16834,CL0847,P013,Apr 25 2023,1,3648.44,OK,TNG,Carte,LIV7,
CMD28776,CL0078,P091,2024-04-02,1,1618.69,en_cours,TANGER,Carte,LIV7,
CMD07784,CL0276,P057,2023-09-20,2,4660.0,livre,Tnja,Carte,LIV7,
CMD15929,CL0805,P003,Feb 04 2024,3,948.7,retourné,marrakech,Carte,LIV10,2024-02-05
CMD08073,CL0490,P044,2023-05-03,1,3643.22,livre,Agadir,Carte,LIV5,
CMD22463,CL0787,P068,20/03/2024,3,4372.92,en_cours,RBA,Carte,,
CMD44902,CL0212,P026,2024-05-11,5,3175.21,livré,marrakech,Carte,LIV9,2024-05-13
CMD16718,CL0319,P076,18/04/2023,1,864.49,OK,TNG,Carte,LIV3,
CMD45599,CL0124,P026,May 12 2024,2,3075.67,en_cours,kech,Carte,LIV1,
CMD09263,CL0793,P017,06/02/2024,2,1613.22,OK,TANGER,Carte,LIV1,
CMD03015,CL0025,P075,14/09/2023,1,3668.79,OK,kech,Carte,LIV3,
CMD34606,CL0266,P064,Sep 04 2023,2,0,livré,TNG,Carte,LIV8,2023-09-06
CMD46859,CL0359,P093,Mar 07 2024,5,4977.23,livré,kech,Carte,LIV2,2024-03-08
CMD08369,CL0195,P049,07/07/2023,3,3898.33,LIVRE,Agadir,Carte,,2023-07-08
CMD01518,CL0377,P098,2023-08-15,5,815.68,livré,CASABLANCA,Carte,LIV1,2023-08-18
CMD07903,CL0040,P012,11/07/2023,1,2059.45,LIVRE,tanger,Carte,LIV10,2023-07-13
CMD26407,CL0210,P003,21/12/2023,5,4646.67,livre,marrakech,Carte,LIV1,
CMD15476,CL0361,P086,2023-06-20,5,2274.7,DONE,marrakech,Carte,LIV7,2023-06-23
CMD41282,CL0395,P061,Jun 02 2023,3,2602.55,livré,TANGER,Carte,LIV3,2023-06-03
CMD36748,CL0070,P060,Sep 30 2023,2,3110.66,livré,marrakech,Carte,,2023-10-05
CMD21899,CL0915,P031,2023-01-31,3,4703.47,LIVRE,casa,Carte,LIV2,2023-02-02
CMD41102,CL0463,P055,09/01/2023,1,2606.29,livré,Tnja,Carte,LIV9,2023-01-13
CMD25577,CL0041,P026,Jul 23 2023,5,3794.04,livré,RBA,Carte,LIV5,2023-07-26
CMD22355,CL0132,P028,2023-11-07,4,951.95,OK,marrakech,Carte,LIV8,
CMD45053,CL0432,P088,04/08/2023,4,2053.97,annulé,RBA,Carte,LIV8,
CMD29746,CL0030,P097,Dec 22 2023,4,2434.32,KO,Tnja,Carte,LIV10,
CMD09662,CL0387,P041,30/01/2024,5,3753.35,livré,CASABLANCA,Carte,LIV3,2024-02-01
CMD17731,CL0639,P053,2023-08-27,2,3798.58,livré,kech,Carte,LIV1,2023-08-30
CMD30754,CL0117,P089,20/03/2023,4,3190.02,LIVRE,casa,Carte,LIV9,2023-03-22
CMD15427,CL0088,P047,Dec 01 2023,2,4190.0,livre,Agadir,Carte,,
CMD14007,CL0466,P011,Jan 15 2024,4,2920.05,retourné,TNG,Carte,LIV5,2024-01-20
CMD00761,CL0801,P034,16/03/2024,3,4317.77,retourné,CASABLANCA,Carte,,2024-03-20
CMD16125,CL0023,P036,2024-03-19,4,1481.56,livré,tanger,Carte,LIV2,2024-03-22
CMD21403,CL0414,P055,Feb 18 2023,5,2225.41,en_cours,TANGER,Carte,LIV1,
CMD16547,CL0042,P066,2023-09-30,2,4586.31,livré,marrakech,Carte,LIV1,2023-10-05
CMD23493,CL0032,P015,2023-08-07,3,2406.89,livre,tanger,Carte,LIV2,
CMD18333,CL0424,P073,2023-03-30,3,3858.36,en_cours,TNG,Carte,LIV2,
CMD10826,CL0419,P063,2023-09-16,5,4070.64,livre,Agadir,Carte,LIV10,
CMD16762,CL0281,P004,09/12/2023,3,2704.51,LIVRE,Tnja,Carte,LIV6,2023-12-12
CMD01035,CL0390,P054,Jan 25 2024,2,76.44,livré,kech,Carte,LIV5,2024-01-26
CMD25439,CL0192,P050,Dec 08 2023,5,4577.43,livré,marrakech,Carte,,2023-12-09
CMD20613,CL0067,P089,09/02/2023,4,171.79,retourné,TNG,Carte,,2023-02-12
CMD19464,CL0798,P081,Jan 11 2023,2,312.3,retourné,kech,Carte,,2023-01-12
CMD34581,CL0126,P041,2023-07-02,5,4182.81,DONE,tanger,Carte,LIV1,2023-07-07
CMD28173,CL0414,P023,2023-05-27,4,4748.9,livré,TNG,Carte,LIV2,2023-05-28
CMD30590,CL0796,P023,Aug 26 2023,3,2032.89,DONE,marrakech,Carte,LIV9,2023-08-27
CMD37761,CL0833,P067,17/06/2023,1,457.07,en_cours,RBA,Carte,LIV5,
CMD04021,CL0281,P032,Sep 30 2023,4,1682.32,LIVRE,TNG,Carte,LIV10,2023-10-04
CMD22412,CL0219,P028,2023-09-15,2,1476.92,LIVRE,RBA,Carte,LIV10,2023-09-19
CMD10668,CL0016,P017,Feb 25 2024,4,2458.68,annulé,marrakech,Carte,LIV7,
CMD28053,CL0109,P017,2023-12-07,2,235.79,OK,tanger,Carte,LIV7,
CMD36301,CL0422,P079,07/03/2024,3,656.41,livré,TNG,Carte,LIV9,2024-03-08
CMD21985,CL0956,P020,2023-04-23,1,1856.53,OK,TANGER,Carte,LIV7,
CMD41236,CL0588,P069,2023-05-11,3,1836.36,livre,CASABLANCA,Carte,LIV9,
CMD39911,CL0524,P002,Jan 10 2023,5,1451.29,OK,casa,Carte,LIV7,
CMD48057,CL0577,P002,2024-04-10,5,1505.25,en_cours,kech,Carte,,
CMD00511,CL0431,P085,Jan 10 2024,1,2547.65,en_cours,TANGER,Carte,LIV6,
CMD27416,CL0695,P046,Jan 31 2023,1,1447.31,livré,casa,Carte,LIV5,2023-02-04
CMD36784,CL0539,P022,Apr 25 2024,3,1423.66,livré,tanger,Carte,LIV9,2024-04-29
CMD04673,CL0960,P007,Jul 15 2023,5,3813.65,retourné,RBA,Carte,LIV7,2023-07-16
CMD00385,CL0052,P027,2023-02-22,4,195.93,en_cours,RBA,Carte,LIV6,
CMD05004,CL0730,P055,15/11/2023,4,352.35,DONE,CASABLANCA,Carte,LIV4,2023-11-20
CMD30362,CL0657,P047,Feb 09 2024,2,2615.68,OK,casa,Carte,LIV6,
CMD16482,CL0459,P073,2023-05-08,2,149.48,livré,kech,Carte,,2023-05-13
CMD08665,CL0749,P048,Mar 08 2024,2,2247.64,annulé,Agadir,Carte,LIV4,
CMD48258,CL0757,P024,2023-09-27,5,214.38,DONE,RBA,Carte,LIV10,2023-09-30
CMD32856,CL0483,P043,2023-05-17,5,1903.53,annulé,CASABLANCA,Carte,LIV3,
CMD10528,CL0305,P010,2023-05-23,3,251.39,livré,RBA,Carte,LIV5,2023-05-28
CMD23056,CL0647,P010,Apr 22 2024,5,1785.14,livré,tanger,Carte,LIV1,2024-04-25
CMD13463,CL0908,P078,28/04/2024,3,568.6,KO,marrakech,Carte,LIV2,
CMD26098,CL0284,P096,2023-02-10,3,4828.41,livre,TANGER,Carte,LIV3,
CMD37665,CL0694,P011,18/07/2023,2,2304.02,KO,kech,Carte,LIV5,
CMD20550,CL0807,P063,2023-07-15,1,1799.14,annulé,RBA,Carte,LIV10,
CMD37440,CL0163,P044,Feb 02 2023,5,3870.17,livré,kech,Carte,LIV9,2023-02-07
CMD04086,CL0872,P024,24/04/2023,5,2406.94,livre,CASABLANCA,Carte,LIV9,
CMD18814,CL0540,P042,09/04/2024,2,1133.31,livre,RBA,Carte,LIV4,
CMD44141,CL0306,P030,Oct 09 2023,5,2523.96,livre,casa,Carte,LIV9,
CMD09431,CL0914,P073,Jan 05 2023,2,3807.03,livré,kech,Carte,LIV4,2023-01-09
CMD46571,CL0161,P064,2024-04-06,3,2928.52,KO,marrakech,Carte,LIV8,
CMD36255,CL0995,P027,2023-04-17,2,3597.5,en_cours,CASABLANCA,Carte,LIV7,
CMD02780,CL0823,P067,26/10/2023,4,1850.91,LIVRE,tanger,Carte,LIV6,2023-10-31
CMD11774,CL0827,P070,2023-01-24,3,4809.79,retourné,tanger,Carte,,2023-01-26
CMD33587,CL0768,P096,Oct 06 2023,3,1707.77,DONE,CASABLANCA,Carte,LIV9,2023-10-08
CMD00095,CL0933,P070,2024-01-15,4,4978.85,livre,RBA,Carte,LIV2,
CMD44637,CL0997,P054,09/05/2024,3,72.95,annulé,casa,Carte,LIV9,
CMD15873,CL0772,P065,2024-01-26,1,1182.42,OK,tanger,Carte,LIV2,
CMD24409,CL0866,P005,12/06/2023,5,237.04,livré,CASABLANCA,Carte,LIV10,2023-06-13
CMD16014,CL0516,P090,Jan 02 2023,1,319.73,annulé,Agadir,Carte,LIV10,
CMD31089,CL0134,P046,2023-09-28,1,917.83,livré,Agadir,Carte,LIV1,2023-09-29
CMD00431,CL0496,P005,Jul 22 2023,1,953.36,livré,tanger,Carte,LIV3,2023-07-23
CMD03894,CL0179,P086,Apr 20 2023,1,2588.73,DONE,casa,Carte,LIV1,2023-04-21
CMD34172,CL0902,P050,27/07/2023,5,279.06,OK,CASABLANCA,Carte,LIV10,
CMD19112,CL0808,P032,26/01/2023,5,3937.59,LIVRE,RBA,Carte,LIV5,2023-01-29
CMD24851,CL0115,P063,2023-11-09,4,1930.64,en_cours,Agadir,Carte,LIV6,
CMD19166,CL0539,P029,Apr 14 2023,1,2455.18,en_cours,TANGER,Carte,LIV1,
CMD40803,CL0320,P094,28/06/2023,2,1225.83,annulé,TANGER,Carte,LIV1,
CMD40546,CL0263,P037,03/09/2023,4,2732.81,DONE,TNG,Carte,LIV10,2023-09-05
CMD39360,CL0486,P054,2023-09-29,5,1549.35,livré,TNG,Carte,LIV3,2023-09-30
CMD19803,CL0918,P090,08/08/2023,3,1470.1,KO,TANGER,Carte,LIV4,
CMD16605,CL0751,P047,Jan 23 2023,5,4107.46,LIVRE,TANGER,Carte,LIV1,2023-01-26
CMD12699,CL0708,P091,Apr 23 2023,3,0,LIVRE,marrakech,Carte,LIV7,2023-04-27
CMD43189,CL0289,P007,Sep 27 2023,3,299.39,livré,kech,Carte,LIV5,2023-09-29
CMD07842,CL0622,P014,Dec 30 2023,5,2783.32,livré,TANGER,Carte,LIV8,2024-01-04
CMD26447,CL0800,P084,2023-05-01,2,2001.85,LIVRE,marrakech,Carte,LIV2,2023-05-03
CMD31184,CL0997,P033,22/11/2023,1,3391.76,OK,Tnja,Carte,LIV3,
CMD42171,CL0826,P051,12/08/2023,4,1271.98,livre,marrakech,Carte,LIV8,
CMD40462,CL0776,P037,Aug 08 2023,3,4684.23,retourné,CASABLANCA,Carte,,2023-08-09
CMD14136,CL0691,P003,2023-07-28,5,4464.63,LIVRE,tanger,Carte,LIV8,2023-08-02
CMD45416,CL0246,P009,Feb 16 2023,5,4081.95,annulé,Tnja,Carte,LIV10,
CMD21323,CL0750,P021,2023-10-31,5,2522.08,LIVRE,CASABLANCA,Carte,,2023-11-02
CMD39597,CL0058,P068,18/04/2023,4,2979.67,livre,CASABLANCA,Carte,LIV9,
CMD35706,CL0119,P092,05/12/2023,4,3629.67,annulé,Agadir,Carte,,
CMD36912,CL0636,P042,2023-10-13,1,3619.67,KO,TANGER,Carte,LIV2,
CMD25648,CL0442,P051,2023-09-07,5,4709.74,livre,tanger,Carte,LIV9,
CMD47796,CL0871,P055,29/11/2023,1,3739.72,livré,RBA,Carte,LIV10,2023-12-03
CMD09565,CL0216,P016,2023-01-28,5,447.78,LIVRE,Agadir,Carte,LIV8,2023-01-31
CMD47098,CL0815,P007,2024-02-01,3,2728.36,OK,TNG,Carte,LIV6,
CMD23874,CL0794,P031,2023-01-16,2,1362.92,livré,marrakech,Carte,LIV10,2023-01-21
CMD26512,CL0143,P070,2023-04-22,2,4961.18,en_cours,tanger,Carte,LIV7,
CMD04599,CL0105,P039,Apr 28 2024,4,3552.32,DONE,tanger,Carte,LIV7,2024-05-01
CMD30964,CL0304,P097,May 09 2023,2,1514.47,retourné,kech,Carte,,2023-05-10
CMD13231,CL0332,P028,Feb 24 2024,1,4074.94,livré,TNG,Carte,LIV5,2024-02-27
CMD25653,CL0907,P058,Jan 23 2023,2,3887.37,livré,casa,Carte,LIV1,2023-01-28
CMD45719,CL0439,P026,26/06/2023,3,2018.18,livré,RBA,Carte,LIV5,2023-07-01
CMD04496,CL0389,P041,Aug 25 2023,3,2269.91,KO,Agadir,Carte,LIV7,
CMD27546,CL0123,P084,18/03/2023,4,1374.33,en_cours,Tnja,Carte,LIV1,
CMD24948,CL0440,P045,27/11/2023,4,2343.98,livré,marrakech,Carte,LIV2,2023-12-01
CMD04191,CL0922,P028,11/12/2023,5,1634.03,retourné,TANGER,Carte,LIV2,2023-12-12
CMD17396,CL0956,P048,2024-04-18,3,1764.05,livré,TNG,Carte,LIV3,2024-04-19
CMD36416,CL0283,P009,Sep 20 2023,2,4216.78,annulé,TANGER,Carte,LIV9,
CMD03117,CL0736,P090,Sep 05 2023,3,1403.99,annulé,RBA,Carte,LIV2,
CMD17411,CL0435,P069,2024-02-03,5,2841.09,en_cours,Agadir,Carte,LIV3,
CMD12325,CL0865,P095,2023-02-21,2,2109.35,livré,Agadir,Carte,LIV6,2023-02-22
CMD26541,CL0813,P031,Feb 17 2024,5,1586.38,livré,tanger,Carte,LIV6,2024-02-18
CMD47246,CL0140,P030,2023-10-05,1,1386.34,livré,CASABLANCA,Carte,LIV9,2023-10-06
CMD28886,CL0540,P048,2023-02-23,3,3693.23,livré,tanger,Carte,LIV9,2023-02-27
CMD07628,CL0469,P083,07/03/2023,3,1010.67,livré,Tnja,Carte,LIV7,2023-03-10
CMD23992,CL0045,P033,Jun 11 2023,4,2906.44,annulé,CASABLANCA,Carte,,
CMD38114,CL0059,P020,21/12/2023,1,1509.2,en_cours,CASABLANCA,Carte,LIV8,
CMD42938,CL0044,P009,2023-02-13,3,3252.74,livré,casa,Carte,LIV7,2023-02-18
CMD38872,CL0472,P063,05/11/2023,5,787.9,livré,tanger,Carte,LIV8,2023-11-08
CMD42916,CL0980,P040,03/12/2023,2,602.89,DONE,kech,Carte,LIV9,2023-12-07
CMD47377,CL0196,P039,2024-02-15,4,2568.57,livre,TANGER,Carte,LIV9,
CMD16651,CL0574,P048,25/08/2023,5,2530.92,annulé,kech,Carte,LIV3,
CMD12451,CL0855,P042,03/08/2023,1,1565.71,retourné,marrakech,Carte,LIV4,2023-08-05
CMD40837,CL0823,P050,15/11/2023,5,3234.22,annulé,marrakech,Carte,LIV6,
CMD37172,CL0054,P058,12/12/2023,5,4139.59,livré,casa,Carte,LIV3,2023-12-15
CMD34797,CL0996,P010,May 01 2023,3,1105.53,OK,kech,Carte,,
CMD27856,CL0457,P046,22/09/2023,4,1810.75,en_cours,RBA,Carte,LIV1,
CMD42698,CL0244,P100,14/04/2023,5,4044.84,OK,RBA,Carte,LIV3,
CMD31291,CL0511,P028,18/01/2023,5,2423.67,retourné,tanger,Carte,LIV4,2023-01-23
CMD11150,CL0201,P037,Apr 16 2023,1,4397.93,retourné,Agadir,Carte,LIV10,2023-04-19
CMD37490,CL0914,P089,23/07/2023,4,1370.48,en_cours,tanger,Carte,LIV8,
CMD09049,CL0502,P054,Jan 27 2024,2,4182.6,annulé,TNG,Carte,LIV1,
CMD33036,CL0849,P047,2023-11-28,4,2630.44,livré,tanger,Carte,LIV4,2023-12-02
CMD35002,CL0979,P056,06/10/2023,3,4427.4,KO,TNG,Carte,LIV3,
CMD07034,CL0970,P042,Dec 09 2023,2,399.86,DONE,Tnja,Carte,LIV1,2023-12-10
CMD47212,CL0442,P033,27/07/2023,2,0,livre,kech,Carte,LIV4,
CMD06023,CL0935,P044,Jan 11 2024,5,4989.59,KO,casa,Carte,LIV6,
CMD27156,CL0438,P077,14/02/2023,5,3938.05,livré,RBA,Carte,LIV3,2023-02-16
CMD20905,CL0623,P049,12/07/2023,1,2334.75,livré,kech,Carte,LIV2,2023-07-15
CMD24563,CL0014,P053,Apr 04 2024,3,307.9,DONE,casa,Carte,LIV3,2024-04-09
CMD27095,CL0513,P026,Jan 17 2024,3,4984.37,livré,CASABLANCA,Carte,LIV10,2024-01-21
CMD04846,CL0024,P079,Aug 02 2023,5,146.4,LIVRE,kech,Carte,LIV5,2023-08-06
CMD31157,CL0152,P013,Jan 27 2024,5,3443.21,retourné,tanger,Carte,LIV2,2024-02-01
CMD31246,CL0336,P058,02/02/2023,1,2218.5,en_cours,RBA,Carte,LIV1,
CMD36627,CL0071,P059,2023-01-09,3,2853.23,LIVRE,Agadir,Carte,LIV5,2023-01-11
CMD20836,CL0523,P001,02/04/2023,2,1990.51,livre,marrakech,Carte,LIV2,
CMD10747,CL0033,P004,2024-01-08,5,830.33,OK,tanger,Carte,LIV8,
CMD43839,CL0096,P018,Jun 02 2023,5,935.9,LIVRE,TANGER,Carte,LIV5,2023-06-04
CMD05867,CL0546,P048,04/09/2023,2,4819.55,en_cours,TNG,Carte,LIV3,
CMD17487,CL0704,P058,2024-01-04,2,1216.62,annulé,tanger,Carte,LIV5,
CMD39195,CL0798,P021,2023-05-27,3,2651.68,retourné,marrakech,Carte,LIV9,2023-06-01
CMD41400,CL0322,P043,Feb 21 2024,2,3240.45,OK,Tnja,Carte,LIV6,
CMD25513,CL0083,P096,Nov 10 2023,1,3452.56,livre,Tnja,Carte,LIV9,
CMD32510,CL0650,P096,01/01/2024,2,3886.34,OK,tanger,Carte,LIV10,
CMD17963,CL0261,P070,12/11/2023,4,1380.26,retourné,kech,Carte,LIV6,2023-11-13
CMD45578,CL0487,P075,Feb 28 2024,2,4747.08,OK,CASABLANCA,Carte,LIV10,
CMD13379,CL0555,P030,2023-05-11,5,1058.92,KO,RBA,Carte,LIV7,
CMD27818,CL0418,P052,2023-10-20,4,641.0,OK,kech,Carte,LIV3,
CMD02239,CL0074,P032,Aug 17 2023,2,3102.47,OK,TANGER,Carte,LIV7,
CMD17834,CL0910,P093,Feb 17 2023,3,4695.19,livré,marrakech,Carte,LIV1,2023-02-19
CMD48218,CL0331,P016,2023-04-03,4,3372.64,retourné,marrakech,Carte,LIV7,2023-04-08
CMD37533,CL0037,P035,Oct 02 2023,3,372.22,annulé,CASABLANCA,Carte,LIV9,
CMD46115,CL0513,P041,Oct 23 2023,4,216.59,en_cours,Agadir,Carte,LIV7,
CMD30806,CL0763,P059,Jul 26 2023,2,1841.96,KO,CASABLANCA,Carte,LIV2,
CMD08402,CL0580,P019,10/05/2023,4,3037.39,annulé,Tnja,Carte,LIV3,
CMD09834,CL0244,P026,2023-12-10,2,3394.61,LIVRE,RBA,Carte,LIV3,2023-12-15
CMD30642,CL0039,P082,2024-04-29,5,3730.65,en_cours,TANGER,Carte,LIV8,
CMD35703,CL0718,P085,04/01/2023,3,846.89,livré,tanger,Carte,LIV4,2023-01-09
CMD10117,CL0939,P004,Jan 03 2023,1,3185.09,retourné,kech,Carte,LIV6,2023-01-04
CMD27217,CL0068,P086,Sep 24 2023,2,1639.23,retourné,TNG,Carte,LIV8,2023-09-27
CMD45621,CL0253,P088,28/03/2024,5,4114.56,retourné,CASABLANCA,Carte,LIV1,2024-04-01
CMD26794,CL0364,P006,04/04/2024,1,3961.81,LIVRE,CASABLANCA,Carte,LIV2,2024-04-05
CMD07662,CL0445,P013,16/07/2023,3,981.55,annulé,TANGER,Carte,LIV6,
CMD20934,CL0759,P010,26/10/2023,1,3834.73,KO,tanger,Carte,,
CMD23589,CL0653,P069,2023-07-17,1,1357.24,DONE,kech,Carte,LIV6,2023-07-21
CMD34856,CL0148,P068,2023-03-30,5,293.5,livré,tanger,Carte,LIV10,2023-04-01
CMD29709,CL0069,P040,Feb 27 2023,4,873.35,livré,marrakech,Carte,LIV1,2023-02-28
CMD20308,CL0252,P070,2024-05-04,4,2069.17,en_cours,TANGER,Carte,LIV8,
CMD42512,CL0472,P088,Aug 22 2023,2,1192.12,annulé,TNG,Carte,LIV1,
CMD02068,CL0692,P077,11/12/2023,2,2715.44,livre,marrakech,Carte,LIV10,
CMD21964,CL0697,P065,2023-02-08,5,2507.91,retourné,Agadir,Carte,LIV1,2023-02-12
CMD07901,CL0974,P026,Jan 18 2024,2,1968.21,LIVRE,kech,Carte,LIV9,2024-01-23
CMD45964,CL0306,P025,Jan 09 2023,4,4970.0,livré,marrakech,Carte,LIV6,2023-01-12
CMD04336,CL0241,P079,28/02/2023,2,4491.8,annulé,TNG,Carte,LIV4,
CMD41697,CL0002,P064,2023-04-27,4,823.64,livré,CASABLANCA,Carte,LIV1,2023-05-02
CMD12797,CL0183,P074,21/03/2023,3,2849.56,DONE,kech,Carte,LIV7,2023-03-26
CMD12561,CL0673,P010,2023-08-14,4,4698.39,livré,RBA,Carte,LIV2,2023-08-19
CMD46693,CL0891,P024,May 05 2023,1,1553.98,KO,CASABLANCA,Carte,LIV7,
CMD29625,CL0696,P005,Jun 04 2023,3,1289.08,LIVRE,TNG,Carte,LIV8,2023-06-09
CMD44209,CL0441,P088,23/11/2023,4,2595.93,DONE,TNG,Carte,LIV9,2023-11-28
CMD30745,CL0238,P092,Jan 27 2023,-1,1015.81,KO,casa,Carte,LIV2,
CMD41525,CL0176,P020,Dec 01 2023,3,1110.74,LIVRE,marrakech,Carte,,2023-12-04
CMD33953,CL0981,P095,09/02/2024,1,1448.49,LIVRE,RBA,Carte,LIV7,2024-02-10
CMD14190,CL0514,P041,Dec 31 2023,5,4026.04,livré,RBA,Carte,LIV7,2024-01-04
CMD11312,CL0058,P050,2023-09-26,4,1594.85,livre,Agadir,Carte,LIV7,
CMD24026,CL0408,P037,2023-09-12,5,3520.85,DONE,tanger,Carte,LIV7,2023-09-15
CMD02674,CL0778,P045,2024-01-08,3,4229.04,livré,TANGER,Carte,LIV4,2024-01-10
CMD12253,CL0856,P022,Jul 30 2023,5,3380.65,livré,RBA,Carte,LIV5,2023-07-31
CMD26123,CL0289,P029,30/10/2023,2,912.82,DONE,Tnja,Carte,LIV3,2023-11-01
CMD03657,CL0341,P007,2023-04-04,3,2216.89,OK,marrakech,Carte,LIV2,
CMD00321,CL0559,P032,02/06/2023,3,4332.84,LIVRE,TANGER,Carte,LIV8,2023-06-06
CMD33428,CL0016,P081,2023-03-21,4,4002.51,livré,tanger,Carte,LIV10,2023-03-22
CMD32335,CL0329,P036,2023-04-10,2,666.98,DONE,TNG,Carte,LIV7,2023-04-11
CMD25998,CL0054,P050,11/03/2023,5,3907.47,annulé,Agadir,Carte,LIV2,
CMD21469,CL0991,P050,Apr 03 2024,4,3843.2,DONE,RBA,Carte,,2024-04-07
CMD25881,CL0135,P053,Aug 20 2023,5,2404.71,KO,Agadir,Carte,LIV7,
CMD35951,CL0332,P100,12/11/2023,4,3581.71,LIVRE,casa,Carte,LIV4,2023-11-17
CMD19364,CL0014,P058,01/04/2023,3,719.3,annulé,Tnja,Carte,LIV2,
CMD40160,CL0760,P012,2024-02-20,2,3266.33,en_cours,CASABLANCA,Carte,LIV3,
CMD41679,CL0643,P056,12/08/2023,2,3520.0,livré,tanger,Carte,LIV3,2023-08-14
CMD05417,CL0859,P009,15/03/2024,5,3399.65,OK,marrakech,Carte,LIV9,
CMD47802,CL0091,P011,2023-04-17,5,1457.69,livre,casa,Carte,,
CMD13806,CL0124,P079,30/06/2023,3,1200.14,retourné,kech,Carte,LIV4,2023-07-05
CMD25535,CL0980,P009,Aug 20 2023,5,4006.77,livré,Tnja,Carte,LIV5,2023-08-21
CMD10728,CL0243,P013,07/10/2023,3,4237.64,en_cours,Agadir,Carte,LIV3,
CMD05532,CL0296,P033,02/03/2024,1,2969.62,livré,Tnja,Carte,LIV3,2024-03-05
CMD38580,CL0211,P038,Nov 13 2023,3,4946.95,en_cours,CASABLANCA,Carte,LIV1,
CMD09606,CL0429,P038,2023-09-02,4,3307.49,KO,CASABLANCA,Carte,LIV6,
CMD21745,CL0254,P022,27/02/2024,3,423.28,LIVRE,RBA,Carte,LIV1,2024-02-28
CMD37891,CL0089,P018,2023-02-03,5,3300.9,DONE,marrakech,Carte,LIV7,2023-02-06
CMD30752,CL0204,P019,Dec 28 2023,2,147.2,KO,TNG,Carte,LIV1,
CMD17507,CL0704,P022,Mar 30 2023,2,93.98,retourné,RBA,Carte,LIV5,2023-04-04
CMD15430,CL0189,P070,2023-06-06,5,245.12,DONE,casa,Carte,LIV8,2023-06-10
CMD27242,CL0700,P015,28/07/2023,3,4185.62,OK,marrakech,Carte,LIV7,
CMD17935,CL0706,P049,Nov 08 2023,5,3931.1,KO,RBA,Carte,LIV8,
CMD34148,CL0504,P049,2023-04-15,1,2308.35,KO,casa,Carte,LIV7,
CMD45604,CL0318,P049,Jul 20 2023,4,1951.81,DONE,marrakech,Carte,LIV9,2023-07-25
CMD03327,CL0787,P028,Jun 30 2023,1,2546.03,livré,CASABLANCA,Carte,LIV9,2023-07-04
CMD06783,CL0795,P047,Nov 28 2023,5,2613.16,LIVRE,kech,Carte,LIV5,2023-11-29
CMD14940,CL0174,P037,2023-07-17,2,671.3,LIVRE,marrakech,Carte,LIV6,2023-07-18
CMD17085,CL0143,P096,30/03/2024,5,2451.13,livré,Agadir,Carte,LIV6,2024-04-01
CMD36395,CL0387,P051,24/04/2023,4,3762.6,en_cours,Tnja,Carte,LIV4,
CMD46063,CL0783,P093,2024-01-12,2,4494.24,livré,TANGER,Carte,LIV4,2024-01-17
CMD38621,CL0862,P008,2023-09-28,2,2999.19,annulé,TANGER,Carte,LIV6,
CMD33801,CL0728,P006,03/10/2023,5,1411.17,KO,tanger,Carte,LIV9,
CMD17759,CL0900,P094,10/11/2023,3,2895.46,retourné,CASABLANCA,Carte,LIV1,2023-11-11
CMD13629,CL0399,P081,Feb 03 2024,4,4228.2,OK,RBA,Carte,LIV2,
CMD41427,CL0197,P098,2023-02-26,5,1671.3,livré,kech,Carte,LIV2,2023-02-28
CMD09578,CL0918,P086,2024-04-18,1,2128.92,livré,TANGER,Carte,LIV2,2024-04-22
CMD02530,CL0017,P036,Apr 07 2023,2,4960.31,annulé,kech,Carte,LIV1,
CMD25294,CL0442,P054,Dec 14 2023,4,1905.98,KO,kech,Carte,,
CMD02340,CL0824,P005,2023-09-13,4,234.85,retourné,tanger,Carte,LIV8,2023-09-14
CMD48165,CL0036,P030,Aug 29 2023,4,2068.19,LIVRE,Agadir,Carte,LIV2,2023-09-03
CMD26257,CL0551,P042,Aug 15 2023,5,1751.41,livré,CASABLANCA,Carte,LIV8,2023-08-16
CMD05601,CL0122,P059,2023-12-20,5,593.69,livre,RBA,Carte,LIV3,
CMD07883,CL0589,P039,Jun 08 2023,3,4253.56,livre,CASABLANCA,Carte,LIV9,
CMD08863,CL0629,P058,09/05/2024,4,3967.37,LIVRE,RBA,Carte,LIV5,2024-05-13
CMD09297,CL0088,P055,Aug 12 2023,4,1625.43,livré,tanger,Carte,LIV10,2023-08-16
CMD44274,CL0898,P033,Feb 11 2024,3,3418.49,DONE,CASABLANCA,Carte,LIV7,2024-02-16
CMD45928,CL0270,P079,Mar 02 2023,3,1680.82,LIVRE,Agadir,Carte,LIV7,2023-03-06
CMD21777,CL0605,P059,Nov 24 2023,4,2577.64,livré,RBA,Carte,LIV4,2023-11-26
CMD15503,CL0036,P046,2023-05-10,4,3997.56,livré,casa,Carte,LIV8,2023-05-15
CMD19481,CL0466,P073,18/08/2023,3,3798.19,LIVRE,CASABLANCA,Carte,LIV7,2023-08-22
CMD23323,CL0790,P086,Jul 29 2023,5,2528.15,livré,tanger,Carte,LIV9,2023-07-31
CMD08298,CL0048,P092,2023-12-23,4,261.57,livre,CASABLANCA,Carte,,
CMD21362,CL0256,P093,21/04/2023,2,3483.18,livré,Agadir,Carte,LIV6,2023-04-23
CMD09869,CL0306,P027,2024-02-22,5,707.82,LIVRE,tanger,Carte,LIV10,2024-02-24
CMD35042,CL0935,P053,Oct 18 2023,3,4603.76,OK,marrakech,Carte,LIV9,
CMD42183,CL0443,P053,Apr 07 2024,2,1027.25,DONE,Agadir,Carte,LIV7,2024-04-11
CMD37541,CL0478,P026,Jan 03 2023,1,1844.93,annulé,kech,Carte,LIV6,
CMD28720,CL0465,P001,Jun 26 2023,2,2641.87,en_cours,TANGER,Carte,LIV8,
CMD29608,CL0343,P017,2023-01-29,3,3306.49,livré,TANGER,Carte,LIV5,2023-01-31
CMD41740,CL0508,P058,2023-11-24,5,4914.05,livre,CASABLANCA,Carte,LIV10,
CMD00831,CL0292,P001,29/06/2023,1,2995.87,OK,Tnja,Carte,LIV2,
CMD07520,CL0905,P001,2024-02-12,5,3587.5,KO,CASABLANCA,Carte,LIV6,
CMD32894,CL0373,P028,21/01/2023,4,4265.9,livré,kech,Carte,LIV7,2023-01-25
CMD31755,CL0135,P059,Jan 22 2023,5,4548.23,LIVRE,RBA,Carte,LIV7,2023-01-25
CMD19356,CL0914,P053,15/04/2024,1,3675.67,KO,TANGER,Carte,LIV9,
CMD15542,CL0391,P100,Jan 24 2024,4,270.8,annulé,RBA,Carte,LIV7,
CMD28103,CL0723,P100,Feb 19 2024,4,1395.83,KO,Tnja,Carte,LIV1,
CMD00391,CL0281,P006,01/02/2023,1,4793.88,annulé,casa,Carte,LIV2,
CMD27750,CL0266,P083,2023-03-20,4,1902.63,retourné,Agadir,Carte,LIV1,2023-03-23
CMD25813,CL0640,P048,Mar 27 2023,3,3544.72,OK,Tnja,Carte,,
CMD48492,CL0284,P071,2023-02-20,5,1098.22,DONE,kech,Carte,LIV4,2023-02-21
CMD16623,CL0121,P085,Feb 12 2024,3,995.51,livré,TNG,Carte,LIV1,2024-02-17
CMD02159,CL0924,P026,27/03/2024,3,1914.74,KO,marrakech,Carte,LIV8,
CMD32007,CL0620,P091,Mar 19 2023,3,3628.35,LIVRE,Tnja,Carte,LIV7,2023-03-23
CMD04065,CL0076,P026,Oct 28 2023,1,3514.73,en_cours,TNG,Carte,LIV9,
CMD26075,CL0805,P086,May 01 2024,5,3516.75,livré,TANGER,Carte,LIV10,2024-05-06
CMD23675,CL0862,P010,2023-12-20,2,0,livré,tanger,Carte,LIV2,2023-12-25
CMD18825,CL0815,P037,2023-07-07,2,1495.42,annulé,casa,Carte,LIV8,
CMD03469,CL0675,P038,2023-02-16,5,548.78,livré,marrakech,Carte,,2023-02-20
CMD06061,CL0540,P070,2023-11-22,1,3498.28,DONE,marrakech,Carte,LIV3,2023-11-26
CMD28419,CL0211,P035,Jan 30 2024,2,1566.97,livre,casa,Carte,LIV1,
CMD22220,CL0520,P022,25/12/2023,1,3808.57,OK,Agadir,Carte,LIV1,
CMD01372,CL0673,P003,19/03/2024,1,3505.75,livré,Tnja,Carte,,2024-03-21
CMD42124,CL0294,P081,29/01/2024,3,715.4,OK,kech,Carte,LIV7,
CMD08813,CL0693,P004,2023-01-30,3,1562.58,annulé,TNG,Carte,LIV3,
CMD00231,CL0628,P021,01/03/2024,2,317.27,livre,TNG,Carte,LIV8,
CMD41500,CL0254,P011,Feb 29 2024,3,3500.45,livré,CASABLANCA,Carte,LIV8,2024-03-01
CMD32611,CL0015,P025,Jul 21 2023,2,3548.27,livré,tanger,Carte,LIV6,2023-07-22
CMD34328,CL0308,P062,2023-02-18,1,3252.14,retourné,marrakech,Carte,LIV4,2023-02-20
CMD23585,CL0045,P068,2024-05-14,3,3624.04,LIVRE,marrakech,Carte,LIV8,2024-05-17
CMD21447,CL0506,P074,2023-07-04,2,418.38,OK,marrakech,Carte,LIV8,
CMD36278,CL0842,P067,2024-05-05,-1,1871.75,KO,tanger,Carte,LIV6,
CMD11770,CL0126,P032,Mar 02 2023,4,3331.81,livré,casa,Carte,LIV1,2023-03-05
CMD06966,CL0653,P076,Feb 19 2024,3,894.34,retourné,CASABLANCA,Carte,LIV10,2024-02-20
CMD33264,CL0252,P014,27/02/2023,3,4249.84,retourné,Agadir,Carte,LIV4,2023-02-28
CMD08854,CL0823,P083,2023-04-24,3,4429.41,LIVRE,TANGER,Carte,,2023-04-29
CMD08147,CL0086,P036,Nov 09 2023,3,1498.42,en_cours,casa,Carte,LIV4,
CMD25693,CL0212,P003,24/07/2023,1,586.53,livre,TNG,Carte,LIV6,
CMD46637,CL0108,P090,05/01/2023,2,3783.68,en_cours,RBA,Carte,LIV10,
CMD35342,CL0312,P025,19/02/2023,4,4701.06,KO,Tnja,Carte,LIV4,
CMD17646,CL0860,P090,28/03/2023,2,1922.67,livré,casa,Carte,LIV3,2023-04-02
CMD02064,CL0917,P028,Aug 09 2023,4,1208.74,DONE,TANGER,Carte,LIV9,2023-08-13
CMD25344,CL0324,P038,14/02/2023,5,741.51,OK,Tnja,Carte,LIV9,
CMD05729,CL0243,P020,Jan 08 2024,1,3519.68,OK,casa,Carte,LIV5,
CMD10417,CL0590,P078,2023-02-01,3,337.64,annulé,TNG,Carte,LIV3,
CMD36822,CL0747,P002,2023-01-19,2,265.23,KO,Agadir,Carte,LIV6,
CMD16367,CL0829,P018,29/10/2023,2,309.27,livré,Tnja,Carte,LIV1,2023-11-02
CMD14955,CL0045,P092,2023-12-11,5,676.14,DONE,Tnja,Carte,LIV2,2023-12-12
CMD09136,CL0166,P094,Dec 29 2023,2,3856.11,DONE,Agadir,Carte,,2023-12-31
CMD25949,CL0137,P066,06/10/2023,3,2850.67,OK,Agadir,Carte,LIV10,
CMD15447,CL0380,P031,2023-08-24,1,1745.56,OK,RBA,Carte,LIV1,
CMD48105,CL0212,P070,Jan 25 2024,2,1696.16,DONE,Agadir,Carte,LIV5,2024-01-29
CMD18005,CL0653,P035,21/04/2023,5,4484.47,livre,marrakech,Carte,LIV4,
CMD22282,CL0996,P068,2023-11-07,2,3086.64,DONE,TANGER,Carte,LIV10,2023-11-12
CMD38841,CL0264,P032,24/04/2024,4,4069.96,livré,CASABLANCA,Carte,LIV6,2024-04-26
CMD45920,CL0643,P022,2023-08-08,4,1025.13,OK,Agadir,Carte,,
CMD15163,CL0132,P012,13/05/2024,4,743.62,annulé,RBA,Carte,LIV1,
CMD31380,CL0594,P046,09/06/2023,2,2962.18,livré,kech,Carte,LIV2,2023-06-11
CMD34164,CL0353,P042,Jan 04 2023,1,2045.31,en_cours,TNG,Carte,LIV6,
CMD48391,CL0675,P010,Feb 05 2023,5,105.73,livré,Agadir,Carte,LIV9,2023-02-07
CMD48120,CL0643,P080,Feb 21 2024,1,3167.84,KO,TANGER,Carte,,
CMD00126,CL0288,P009,Aug 24 2023,2,2545.17,DONE,TNG,Carte,LIV5,2023-08-28
CMD02949,CL0984,P092,Mar 15 2024,1,3441.48,livré,TNG,Carte,LIV2,2024-03-20
CMD13768,CL0357,P002,2023-07-30,5,2821.24,annulé,casa,Carte,LIV6,
CMD28384,CL0471,P063,Apr 10 2024,5,4628.87,retourné,CASABLANCA,Carte,LIV4,2024-04-15
CMD38239,CL0558,P062,18/07/2023,5,2682.05,DONE,casa,Carte,LIV1,2023-07-21
CMD27786,CL0642,P044,2023-09-21,-1,0,retourné,CASABLANCA,Carte,LIV5,2023-09-26
CMD06865,CL0141,P024,2023-10-19,5,1906.91,livré,casa,Carte,LIV4,2023-10-24
CMD02025,CL0181,P063,22/07/2023,4,1666.03,en_cours,tanger,Carte,LIV5,
CMD47298,CL0559,P016,2024-04-03,5,4303.96,DONE,RBA,Carte,LIV4,2024-04-08
CMD36755,CL0945,P004,09/01/2023,3,3824.81,retourné,kech,Carte,LIV4,2023-01-12
CMD01566,CL0922,P008,2024-02-08,2,1447.3,livre,kech,Carte,LIV2,
CMD09801,CL0883,P072,Apr 30 2024,1,3453.59,livré,Tnja,Carte,LIV7,2024-05-04
CMD41560,CL0893,P005,2024-01-12,3,3978.99,DONE,marrakech,Carte,LIV10,2024-01-13
CMD07161,CL0518,P083,Jan 17 2024,1,1493.23,en_cours,TANGER,Carte,LIV8,
CMD40047,CL0555,P081,29/06/2023,3,1722.98,KO,RBA,Carte,LIV1,
CMD30878,CL0764,P035,2023-05-15,1,3483.07,livré,casa,Carte,LIV6,2023-05-17
CMD16479,CL0412,P073,Nov 14 2023,3,3002.79,livré,CASABLANCA,Carte,LIV3,2023-11-16
CMD27575,CL0826,P093,12/03/2023,4,2720.93,DONE,marrakech,Carte,LIV10,2023-03-17
CMD26240,CL0180,P063,Dec 11 2023,2,2788.68,LIVRE,TANGER,Carte,LIV3,2023-12-12
CMD22483,CL0085,P024,03/05/2023,3,797.36,KO,TANGER,Carte,LIV10,
CMD28727,CL0594,P089,07/04/2024,3,2960.33,OK,kech,Carte,LIV8,
CMD39951,CL0195,P098,May 14 2023,5,3399.11,KO,TNG,Carte,LIV2,
CMD44604,CL0055,P085,Dec 12 2023,5,4896.66,DONE,Tnja,Carte,LIV3,2023-12-16
CMD25378,CL0641,P032,Feb 24 2024,3,3959.59,LIVRE,tanger,Carte,LIV2,2024-02-26
CMD22694,CL0140,P007,Aug 19 2023,5,3197.25,annulé,TNG,Carte,LIV9,
CMD16570,CL0793,P020,Feb 11 2023,2,3360.75,livré,TNG,Carte,LIV10,2023-02-15
CMD33090,CL0411,P063,May 22 2023,3,4536.48,retourné,tanger,Carte,LIV1,2023-05-26
CMD32241,CL0541,P086,Apr 22 2024,1,4346.74,OK,RBA,Carte,LIV4,
CMD29680,CL0357,P012,02/06/2023,3,2126.31,LIVRE,tanger,Carte,LIV10,2023-06-04
CMD43606,CL0474,P025,2023-02-26,4,183.76,en_cours,TANGER,Carte,LIV7,
CMD33863,CL0399,P055,2023-06-06,1,1663.7,livré,Tnja,Carte,LIV6,2023-06-11
CMD39005,CL0863,P083,Aug 11 2023,3,3328.65,OK,CASABLANCA,Carte,LIV10,
CMD00512,CL0407,P028,2024-01-19,4,4361.64,OK,kech,Carte,LIV2,
CMD44002,CL0632,P043,2023-03-03,4,1886.09,livré,kech,Carte,LIV4,2023-03-05
CMD42703,CL0084,P024,2023-02-21,1,4714.65,LIVRE,marrakech,Carte,LIV3,2023-02-24
CMD39369,CL0488,P066,Jan 23 2024,3,1478.86,retourné,kech,Carte,LIV7,2024-01-27
CMD42815,CL0459,P050,2023-04-22,5,1157.27,livré,kech,Carte,LIV8,2023-04-24
CMD32963,CL0637,P055,2024-01-02,3,275.97,annulé,tanger,Carte,LIV7,
CMD27863,CL0286,P073,2024-01-03,5,4223.2,LIVRE,kech,Carte,LIV8,2024-01-05
CMD44807,CL0963,P004,Jan 28 2024,3,929.0,en_cours,CASABLANCA,Carte,LIV6,
CMD22358,CL0794,P068,2023-01-05,4,4705.81,LIVRE,casa,Carte,LIV9,2023-01-09
CMD39452,CL0778,P035,Jun 14 2023,4,430.13,LIVRE,CASABLANCA,Carte,LIV8,2023-06-18
CMD21680,CL0074,P049,Dec 08 2023,4,3078.98,livré,kech,Carte,LIV6,2023-12-13
CMD37581,CL0868,P072,2023-06-29,3,1497.44,retourné,RBA,Carte,LIV3,2023-07-02
CMD39476,CL0371,P092,2024-03-14,2,2394.28,livre,RBA,Carte,LIV7,
CMD44268,CL0105,P085,2023-01-25,5,1584.98,livre,casa,Carte,LIV4,
CMD25499,CL0630,P019,Nov 29 2023,3,4009.26,LIVRE,kech,Carte,LIV2,2023-12-01
CMD35437,CL0507,P018,Dec 19 2023,1,4572.3,LIVRE,TNG,Carte,LIV6,2023-12-21
CMD37147,CL0754,P065,20/07/2023,2,1378.62,en_cours,Tnja,Carte,LIV9,
CMD00664,CL0487,P100,02/07/2023,2,4770.35,en_cours,TNG,Carte,,
CMD26612,CL0564,P099,12/01/2023,4,2456.91,DONE,tanger,Carte,LIV9,2023-01-14
CMD37079,CL0412,P075,2023-07-04,3,2494.21,en_cours,Tnja,Carte,LIV9,
CMD10423,CL0516,P086,07/02/2024,1,4170.77,livré,tanger,Carte,LIV5,2024-02-12
CMD28258,CL0385,P057,03/05/2023,5,4891.43,LIVRE,casa,Carte,LIV1,2023-05-05
CMD39877,CL0961,P018,2023-10-17,5,4971.03,livré,kech,Carte,LIV3,2023-10-19
CMD39000,CL0288,P024,16/03/2023,3,1795.51,livré,Agadir,Carte,LIV5,2023-03-17
CMD03853,CL0859,P067,Feb 25 2024,2,2809.95,KO,casa,Carte,LIV9,
CMD34303,CL0152,P013,Oct 16 2023,1,922.35,LIVRE,casa,Carte,LIV3,2023-10-21
CMD22225,CL0161,P024,2023-02-15,2,388.81,livré,TANGER,Carte,,2023-02-20
CMD17563,CL0770,P050,23/04/2024,1,2829.6,KO,kech,Carte,LIV8,
CMD44283,CL0076,P042,16/03/2023,1,3746.45,KO,RBA,Carte,LIV7,
CMD17472,CL0749,P099,22/03/2023,1,4468.73,livré,RBA,Carte,LIV8,2023-03-23
CMD42756,CL0753,P062,Jan 21 2024,2,2890.86,livré,marrakech,Carte,LIV7,2024-01-26
CMD25725,CL0947,P065,17/04/2023,1,289.33,OK,Tnja,Carte,LIV9,
CMD36863,CL0742,P043,15/10/2023,2,3473.39,OK,RBA,Carte,,
CMD25690,CL0362,P077,Mar 04 2023,5,2075.23,annulé,casa,Carte,LIV9,
CMD04868,CL0837,P059,23/06/2023,3,4840.32,livre,marrakech,Carte,LIV2,
CMD16447,CL0460,P072,05/02/2024,2,99.42,KO,CASABLANCA,Carte,LIV5,
CMD44032,CL0774,P040,Oct 23 2023,1,2375.39,livré,RBA,Carte,LIV5,2023-10-24
CMD18123,CL0704,P021,27/01/2024,5,355.87,annulé,Tnja,Carte,LIV8,
CMD20801,CL0248,P088,13/03/2023,5,849.77,livré,TNG,Carte,LIV2,2023-03-16
CMD40709,CL0610,P096,2023-04-25,2,1454.91,KO,Agadir,Carte,LIV5,
CMD08011,CL0522,P034,22/05/2023,1,2661.13,OK,TANGER,Carte,LIV7,
CMD26237,CL0753,P056,04/03/2024,3,4508.91,LIVRE,Tnja,Carte,LIV2,2024-03-05
CMD05212,CL0654,P083,2023-07-05,5,1737.81,KO,TNG,Carte,LIV4,
CMD47295,CL0510,P055,Nov 19 2023,3,2449.69,DONE,Tnja,Carte,LIV4,2023-11-23
CMD34038,CL0441,P086,2024-04-28,4,3908.91,KO,Tnja,Carte,LIV5,
CMD12085,CL0419,P034,Sep 27 2023,3,377.72,DONE,CASABLANCA,Carte,LIV1,2023-10-01
CMD13518,CL0891,P034,2023-05-23,3,2837.93,livré,marrakech,Carte,LIV1,2023-05-24
CMD19738,CL0169,P044,2023-03-16,2,2209.5,KO,Agadir,Carte,LIV7,
CMD05531,CL0873,P068,2023-06-28,4,3579.44,retourné,CASABLANCA,Carte,LIV7,2023-07-03
CMD02668,CL0670,P027,Sep 05 2023,5,1178.69,KO,TNG,Carte,LIV3,
CMD28112,CL0296,P083,14/12/2023,4,3769.15,annulé,RBA,Carte,LIV4,
CMD12990,CL0107,P056,2023-12-18,1,4533.53,retourné,casa,Carte,LIV10,2023-12-20
CMD04464,CL0899,P001,22/01/2024,2,2856.17,annulé,kech,Carte,LIV2,
CMD16075,CL0673,P073,Mar 09 2024,5,797.37,DONE,CASABLANCA,Carte,LIV3,2024-03-11
CMD07235,CL0591,P068,15/03/2024,5,4514.93,DONE,tanger,Carte,LIV10,2024-03-20
CMD16611,CL0875,P020,2023-08-25,3,191.5,livré,kech,Carte,LIV5,2023-08-30
CMD27669,CL0442,P007,2023-09-16,2,1009.6,OK,Tnja,Carte,,
CMD09226,CL0404,P060,10/04/2023,2,2150.95,retourné,kech,Carte,LIV6,2023-04-12
CMD05979,CL0579,P009,2023-01-01,4,2197.81,en_cours,marrakech,Carte,LIV4,
CMD03394,CL0013,P092,17/05/2023,2,1278.1,livre,Agadir,Carte,LIV10,
CMD24326,CL0578,P042,2023-06-03,1,94.26,DONE,TNG,Carte,LIV1,2023-06-08
CMD48450,CL0343,P047,May 04 2024,4,3311.91,annulé,casa,Carte,LIV4,
CMD26080,CL0494,P073,2023-02-13,2,2366.48,DONE,kech,Carte,LIV8,2023-02-17
CMD01699,CL0500,P008,05/02/2023,3,1923.68,en_cours,marrakech,Carte,LIV8,
CMD10509,CL0750,P083,Feb 16 2024,4,127.85,KO,Agadir,Carte,,
CMD12167,CL0950,P076,20/04/2024,2,4504.75,LIVRE,Tnja,Carte,LIV8,2024-04-22
CMD46640,CL0891,P033,2023-08-19,2,538.16,annulé,kech,Carte,LIV1,
CMD10918,CL0771,P084,27/11/2023,3,1390.82,KO,casa,Carte,LIV9,
CMD31278,CL0776,P098,07/02/2023,4,2970.63,livré,Agadir,Carte,LIV3,2023-02-12
CMD18934,CL0150,P070,Nov 09 2023,5,4824.21,DONE,TNG,Carte,LIV7,2023-11-10
CMD23485,CL0321,P044,Dec 08 2023,1,158.8,KO,marrakech,Carte,,
CMD12322,CL0833,P002,10/01/2023,3,2649.11,KO,CASABLANCA,Carte,LIV10,
CMD21537,CL0355,P079,2023-03-03,3,1938.86,KO,marrakech,Carte,LIV10,
CMD45803,CL0965,P040,Nov 13 2023,5,146.86,retourné,kech,Carte,LIV6,2023-11-16
CMD31178,CL0449,P052,Aug 12 2023,3,2627.91,livré,TNG,Carte,LIV4,2023-08-15
CMD08561,CL0825,P070,20/09/2023,4,2669.28,annulé,kech,Carte,LIV8,
CMD10682,CL0622,P006,18/01/2024,1,3779.3,DONE,CASABLANCA,Carte,LIV8,2024-01-23
CMD15859,CL0622,P061,07/02/2024,4,1730.92,KO,TNG,Carte,LIV4,
CMD11188,CL0140,P058,28/08/2023,1,3424.96,livré,RBA,Carte,LIV3,2023-09-02
CMD23222,CL0653,P002,Feb 18 2024,4,654.2,livré,Tnja,Carte,LIV2,2024-02-22
CMD19472,CL0435,P038,Feb 10 2024,3,2231.15,retourné,RBA,Carte,,2024-02-14
CMD11560,CL0132,P063,Jul 17 2023,4,1642.07,DONE,TNG,Carte,LIV10,2023-07-20
CMD31203,CL0409,P032,2023-01-24,2,2661.07,LIVRE,TNG,Carte,LIV9,2023-01-28
CMD25483,CL0961,P086,2023-03-21,2,660.36,retourné,Agadir,Carte,LIV1,2023-03-25
CMD30010,CL0774,P091,10/12/2023,3,3359.4,livré,tanger,Carte,,2023-12-14
CMD27594,CL0728,P059,Jul 06 2023,2,2768.67,livré,tanger,Carte,LIV1,2023-07-07
CMD00978,CL0042,P065,Feb 26 2023,2,4085.68,KO,Tnja,Carte,LIV6,
CMD43014,CL0187,P031,06/07/2023,3,2597.87,OK,RBA,Carte,LIV7,
CMD01769,CL0275,P066,2023-03-06,2,156.54,OK,Tnja,Carte,LIV5,
CMD21851,CL0290,P094,Aug 05 2023,5,4344.61,annulé,tanger,Carte,,
CMD05822,CL0344,P077,May 02 2024,1,2730.76,en_cours,Agadir,Carte,LIV7,
CMD30604,CL0587,P018,13/01/2024,2,1446.41,livré,Tnja,Carte,LIV8,2024-01-15
CMD29517,CL0361,P023,May 12 2023,1,656.3,retourné,TNG,Carte,LIV6,2023-05-17
CMD01134,CL0353,P097,2023-11-14,4,2087.97,livre,casa,Carte,LIV5,
CMD16565,CL0846,P070,2023-11-30,4,3341.95,annulé,Tnja,Carte,LIV5,
CMD44665,CL0632,P036,16/07/2023,1,2327.82,livré,TNG,Carte,LIV10,2023-07-19
CMD00741,CL0783,P082,2024-01-15,1,986.74,KO,marrakech,Carte,LIV10,
CMD20187,CL0121,P013,04/09/2023,2,2330.64,livré,TANGER,Carte,LIV8,2023-09-07
CMD14079,CL0062,P097,03/12/2023,3,2586.0,KO,kech,Carte,LIV2,
CMD17252,CL0856,P059,12/09/2023,3,645.6,LIVRE,Agadir,Carte,LIV6,2023-09-16
CMD46749,CL0169,P002,Mar 12 2023,5,297.95,livré,Agadir,Carte,LIV6,2023-03-15
CMD21663,CL0156,P053,2023-12-23,4,2581.8,DONE,CASABLANCA,Carte,LIV7,2023-12-26
CMD18310,CL0093,P025,12/04/2024,3,4390.34,retourné,TNG,Carte,LIV9,2024-04-15
CMD36077,CL0634,P018,2023-09-11,1,2411.08,retourné,TNG,Carte,LIV7,2023-09-15
CMD36861,CL0149,P096,29/10/2023,2,1253.03,KO,Agadir,Carte,LIV2,
CMD26093,CL0609,P098,Nov 24 2023,5,4992.54,livré,TNG,Carte,LIV6,2023-11-27
CMD02293,CL0218,P046,2024-02-15,4,3699.76,en_cours,CASABLANCA,Carte,LIV4,
CMD39909,CL0868,P053,09/01/2024,3,1800.0,livré,marrakech,Carte,LIV6,2024-01-11
CMD35508,CL0916,P010,Apr 16 2024,2,603.63,LIVRE,kech,Carte,LIV3,2024-04-21
CMD27706,CL0422,P056,Jan 30 2024,3,4549.82,KO,kech,Carte,LIV2,
CMD07771,CL0074,P030,2023-10-27,4,3190.0,OK,Agadir,Carte,LIV3,
CMD16256,CL0881,P016,2024-01-18,3,1314.56,annulé,CASABLANCA,Carte,LIV9,
CMD00987,CL0973,P019,15/04/2023,4,2828.8,livré,kech,Carte,LIV6,2023-04-20
CMD07284,CL0744,P047,Sep 17 2023,2,2919.2,livre,TNG,Carte,LIV3,
CMD19436,CL0783,P007,2024-02-25,4,595.2,livre,tanger,Carte,LIV3,
CMD25472,CL0884,P062,Apr 25 2024,2,1077.69,retourné,TANGER,Carte,LIV4,2024-04-28
CMD20783,CL0942,P020,Jul 25 2023,4,808.76,livré,Agadir,Carte,,2023-07-29
CMD32023,CL0664,P012,Jun 13 2023,2,4678.61,annulé,TNG,Carte,LIV1,
CMD47749,CL0441,P012,2023-06-26,1,676.54,retourné,TANGER,Carte,LIV2,2023-06-27
CMD15701,CL0542,P087,Apr 15 2023,4,3945.08,annulé,Tnja,Carte,LIV8,
CMD36228,CL0750,P037,07/08/2023,3,2466.01,livre,tanger,Carte,LIV1,
CMD09921,CL0314,P053,2023-03-20,3,2611.99,OK,TNG,Carte,LIV8,
CMD03895,CL0637,P091,2023-09-07,5,910.83,LIVRE,marrakech,Carte,LIV3,2023-09-10
CMD39110,CL0030,P003,2023-12-15,3,4819.03,livré,Tnja,Carte,LIV3,2023-12-19
CMD07052,CL0074,P012,09/12/2023,2,896.37,LIVRE,TANGER,Carte,LIV7,2023-12-14
CMD35969,CL0036,P045,25/10/2023,4,2594.12,annulé,TNG,Carte,LIV10,
CMD06489,CL0392,P014,Jul 10 2023,2,4541.82,OK,marrakech,Carte,LIV5,
CMD32066,CL0098,P085,13/11/2023,2,4340.03,LIVRE,casa,Carte,LIV7,2023-11-15
CMD18110,CL0739,P066,2023-09-14,5,4562.16,LIVRE,tanger,Carte,LIV3,2023-09-18
CMD04682,CL0859,P024,Oct 03 2023,1,4577.4,annulé,tanger,Carte,LIV6,
CMD34700,CL0350,P011,2023-08-19,4,448.22,livré,TANGER,Carte,LIV10,2023-08-23
CMD13369,CL0884,P063,20/08/2023,3,4251.39,LIVRE,casa,Carte,LIV4,2023-08-23
CMD41123,CL0732,P044,2023-07-27,2,1544.73,livré,RBA,Carte,,2023-07-28
CMD03776,CL0708,P096,02/03/2024,3,4962.15,annulé,tanger,Carte,LIV3,
CMD39019,CL0062,P014,May 31 2023,3,451.69,retourné,CASABLANCA,Carte,LIV8,2023-06-03
CMD05662,CL0007,P049,Jul 20 2023,1,1634.41,annulé,Tnja,Carte,LIV7,
CMD40002,CL0858,P098,2023-01-11,1,2777.69,KO,TANGER,Carte,LIV8,
CMD46982,CL0563,P083,Mar 08 2024,1,4664.2,DONE,Agadir,Carte,LIV7,2024-03-10
CMD44919,CL0413,P047,01/08/2023,3,1599.61,retourné,kech,Carte,LIV5,2023-08-06
CMD05835,CL0442,P051,Jan 01 2024,4,1402.48,en_cours,Tnja,Carte,LIV9,
CMD29706,CL0728,P011,2024-05-09,2,457.7,OK,casa,Carte,LIV7,
CMD20545,CL0688,P096,15/11/2023,3,744.3,KO,tanger,Carte,LIV9,
CMD23300,CL0239,P051,2023-08-22,1,4296.68,en_cours,TANGER,Carte,LIV6,
CMD06094,CL0629,P025,06/12/2023,1,4374.45,LIVRE,CASABLANCA,Carte,LIV9,2023-12-10
CMD04805,CL0582,P077,Apr 19 2023,3,4051.29,KO,TNG,Carte,LIV9,
CMD11111,CL0894,P056,2024-02-26,3,4306.15,en_cours,Tnja,Carte,LIV8,
CMD13686,CL0688,P066,10/07/2023,4,4594.54,en_cours,tanger,Carte,LIV8,
CMD38966,CL0956,P028,30/11/2023,3,4987.5,livré,CASABLANCA,Carte,LIV8,2023-12-05
CMD04285,CL0064,P006,2023-01-21,3,4509.08,OK,RBA,Carte,,
CMD38043,CL0810,P053,24/04/2023,4,4658.08,OK,TNG,Carte,LIV4,
CMD44196,CL0303,P055,2023-11-24,5,4040.57,retourné,Agadir,Carte,LIV2,2023-11-27
CMD09490,CL0603,P038,Jul 16 2023,1,4973.57,livré,RBA,Carte,LIV9,2023-07-18
CMD38478,CL0191,P007,Feb 19 2023,4,446.18,DONE,casa,Carte,LIV10,2023-02-21
CMD22274,CL0990,P045,08/09/2023,4,4131.6,en_cours,Tnja,Carte,LIV9,
CMD36287,CL0732,P051,2023-11-22,3,4126.7,en_cours,TNG,Carte,LIV9,
CMD39537,CL0924,P049,2023-09-02,5,3759.32,OK,Agadir,Carte,LIV10,
CMD03276,CL0124,P018,2023-12-11,4,1413.61,LIVRE,casa,Carte,LIV6,2023-12-14
CMD08358,CL0126,P069,Dec 20 2023,1,271.04,OK,TANGER,Carte,LIV2,
CMD24149,CL0995,P047,20/01/2024,2,3242.85,livre,Tnja,Carte,LIV1,
CMD37570,CL0210,P059,21/08/2023,5,968.69,annulé,casa,Carte,LIV1,
CMD16782,CL0735,P002,Mar 17 2024,4,1100.09,OK,CASABLANCA,Carte,LIV8,
CMD45370,CL0233,P043,2024-02-27,1,2562.23,livré,Tnja,Carte,LIV2,2024-03-02
CMD33250,CL0131,P034,2023-10-30,3,2195.79,livré,CASABLANCA,Carte,LIV1,2023-10-31
CMD37566,CL0127,P056,2023-09-19,1,1541.54,livré,RBA,Carte,LIV1,2023-09-21
CMD41505,CL0324,P062,16/08/2023,2,3304.18,DONE,casa,Carte,LIV9,2023-08-18
CMD26555,CL0680,P056,2024-02-09,1,0,annulé,TANGER,Carte,LIV6,
CMD13550,CL0883,P059,05/03/2024,2,3882.09,OK,TANGER,Carte,LIV1,
CMD42921,CL0707,P046,2023-06-28,4,1605.76,livré,casa,Carte,,2023-07-01
CMD13567,CL0142,P089,2024-03-11,2,2711.05,livre,Tnja,Carte,LIV4,
CMD32575,CL0203,P047,21/11/2023,1,1636.82,retourné,casa,Carte,LIV4,2023-11-25
CMD13730,CL0208,P078,Apr 30 2023,2,3901.73,LIVRE,Tnja,Carte,LIV2,2023-05-02
CMD47139,CL0236,P077,04/12/2023,2,2787.65,retourné,TNG,Carte,LIV5,2023-12-06
CMD41115,CL0421,P098,May 16 2023,2,1669.89,OK,Tnja,Carte,,
CMD08806,CL0872,P055,18/03/2024,4,2173.41,DONE,kech,Carte,LIV1,2024-03-22
CMD34931,CL0594,P015,26/04/2023,4,2761.83,livré,RBA,Carte,LIV10,2023-04-30
CMD13897,CL0116,P051,2023-08-08,5,3510.05,livré,kech,Carte,LIV4,2023-08-12
CMD33231,CL0318,P018,Jun 20 2023,4,1836.93,livre,tanger,Carte,LIV8,
CMD30074,CL0498,P030,2023-10-06,4,4737.27,livré,TNG,Carte,,2023-10-10
CMD45536,CL0579,P006,2023-04-02,2,1810.36,annulé,CASABLANCA,Carte,LIV6,
CMD17658,CL0012,P050,2023-12-21,4,3842.89,retourné,Tnja,Carte,LIV7,2023-12-26
CMD17174,CL0310,P095,Jul 04 2023,5,1201.65,annulé,Agadir,Carte,LIV9,
CMD07636,CL0989,P023,2023-08-12,1,670.09,annulé,CASABLANCA,Carte,LIV1,
CMD32160,CL0737,P075,2023-11-22,3,1805.06,DONE,Agadir,Carte,LIV6,2023-11-27
CMD12363,CL0288,P096,Jun 22 2023,3,3764.84,LIVRE,kech,Carte,LIV3,2023-06-27
CMD34688,CL0888,P024,Jul 31 2023,1,3342.67,en_cours,tanger,Carte,LIV5,
CMD17936,CL0751,P020,Feb 06 2024,1,572.13,OK,TANGER,Carte,LIV5,
CMD35807,CL0605,P090,Jan 13 2024,1,631.74,annulé,RBA,Carte,LIV10,
CMD14499,CL0934,P029,2023-09-26,2,3051.3,en_cours,casa,Carte,LIV3,
CMD46633,CL0469,P098,04/07/2023,1,2091.75,en_cours,CASABLANCA,Carte,LIV4,
CMD27955,CL0786,P043,Jul 31 2023,4,173.55,livre,Agadir,Carte,LIV10,
CMD13805,CL0395,P074,2024-01-16,4,1858.73,livre,RBA,Carte,,
CMD30248,CL0574,P092,2024-01-04,4,950.75,OK,RBA,Carte,LIV2,
CMD02869,CL0375,P067,2024-04-17,4,530.57,annulé,Agadir,Carte,LIV5,
CMD33865,CL0136,P036,2024-03-28,3,1833.99,livré,TNG,Carte,LIV3,2024-03-31
CMD29661,CL0325,P096,01/02/2023,5,1746.05,KO,tanger,Carte,LIV10,
CMD34573,CL0551,P021,2023-04-21,3,88.59,OK,Agadir,Carte,LIV1,
CMD33468,CL0206,P072,Aug 31 2023,5,1531.05,LIVRE,marrakech,Carte,LIV4,2023-09-01
CMD09807,CL0407,P007,2023-05-18,4,2424.72,en_cours,TANGER,Carte,LIV6,
CMD39064,CL0239,P067,Aug 13 2023,5,1272.85,retourné,TANGER,Carte,LIV8,2023-08-15
CMD26568,CL0847,P022,Jul 31 2023,3,3466.82,DONE,RBA,Carte,LIV2,2023-08-05
CMD47739,CL0039,P045,2023-05-18,4,198.35,livré,RBA,Carte,LIV7,2023-05-20
CMD08338,CL0627,P011,2023-12-23,5,376.97,retourné,kech,Carte,LIV7,2023-12-26
CMD47764,CL0525,P029,29/03/2023,1,2491.02,retourné,Agadir,Carte,,2023-04-01
CMD38889,CL0860,P093,2023-02-20,5,1232.6,livré,tanger,Carte,LIV10,2023-02-25
CMD09717,CL0802,P010,2023-01-17,5,4929.41,LIVRE,RBA,Carte,LIV3,2023-01-18
CMD33136,CL0885,P058,2023-07-20,5,2381.86,KO,TNG,Carte,LIV1,
CMD47658,CL0586,P033,Mar 31 2023,5,2546.76,livré,marrakech,Carte,LIV1,2023-04-05
CMD15900,CL0885,P013,2023-03-09,3,4844.26,KO,tanger,Carte,LIV10,
CMD35788,CL0415,P077,2023-12-21,2,840.64,en_cours,casa,Carte,LIV1,
CMD37293,CL0966,P035,Sep 25 2023,3,2740.54,LIVRE,kech,Carte,LIV2,2023-09-27
CMD07658,CL0291,P055,Apr 13 2023,2,3359.8,DONE,casa,Carte,LIV2,2023-04-16
CMD39777,CL0330,P067,Jun 29 2023,4,132.37,livré,TNG,Carte,,2023-06-30
CMD41992,CL0480,P082,2023-01-27,2,1366.4,livré,casa,Carte,LIV4,2023-02-01
CMD00221,CL0045,P083,2024-02-09,3,1993.87,retourné,marrakech,Carte,LIV3,2024-02-11
CMD46702,CL0718,P054,2024-05-02,1,4780.09,livré,CASABLANCA,Carte,LIV7,2024-05-03
CMD24395,CL0962,P069,2023-02-11,3,3968.43,annulé,TNG,Carte,LIV8,
CMD36514,CL0598,P019,2024-04-10,1,4423.26,DONE,Agadir,Carte,LIV2,2024-04-14
CMD20364,CL0222,P054,Feb 17 2023,4,525.06,en_cours,casa,Carte,LIV2,
CMD43277,CL0944,P081,26/04/2024,4,2853.0,OK,CASABLANCA,Carte,LIV8,
CMD33727,CL0428,P008,2023-12-03,1,491.25,livré,marrakech,Carte,LIV8,2023-12-07
CMD08698,CL0236,P029,2023-11-01,1,2725.78,en_cours,CASABLANCA,Carte,LIV2,
CMD08677,CL0750,P023,22/04/2023,4,4982.07,livre,kech,Carte,LIV2,
CMD26321,CL0675,P001,Jan 13 2024,4,4102.71,annulé,tanger,Carte,,
CMD08637,CL0895,P059,Apr 25 2023,5,1131.91,livré,tanger,Carte,LIV2,2023-04-28
CMD14528,CL0635,P042,2023-07-04,2,1397.21,annulé,casa,Carte,LIV5,
CMD29276,CL0744,P050,10/03/2023,3,1783.44,LIVRE,tanger,Carte,LIV3,2023-03-11
CMD47780,CL0749,P002,Mar 12 2023,1,81.99,retourné,casa,Carte,LIV7,2023-03-16
CMD39688,CL0005,P061,08/06/2023,5,965.19,retourné,Tnja,Carte,LIV2,2023-06-09
CMD14371,CL0495,P078,2023-07-29,4,1671.79,livré,Tnja,Carte,LIV7,2023-07-31
CMD32988,CL0542,P095,04/04/2023,5,1155.38,annulé,tanger,Carte,LIV4,
CMD19450,CL0347,P075,2023-02-18,4,2571.9,retourné,RBA,Carte,LIV4,2023-02-21
CMD14162,CL0120,P034,Feb 23 2024,2,3761.7,LIVRE,tanger,Carte,LIV8,2024-02-25
CMD43174,CL0534,P089,2024-01-06,1,3011.62,en_cours,RBA,Carte,LIV2,
CMD31535,CL0272,P047,2023-05-11,1,2055.61,retourné,TANGER,Carte,LIV5,2023-05-12
CMD10873,CL0701,P045,01/09/2023,1,841.58,retourné,marrakech,Carte,LIV7,2023-09-05
CMD17969,CL0610,P074,2024-04-01,5,3141.58,KO,RBA,Carte,LIV9,
CMD34360,CL0682,P033,2024-02-18,4,1424.24,livré,RBA,Carte,LIV1,2024-02-23
CMD41306,CL0015,P080,Apr 23 2023,4,2066.89,KO,CASABLANCA,Carte,LIV9,
CMD19796,CL0585,P041,10/09/2023,4,2423.3,annulé,kech,Carte,LIV8,
CMD12929,CL0259,P018,Jun 24 2023,4,3594.38,KO,Agadir,Carte,LIV10,
CMD43124,CL0112,P024,2023-07-28,4,946.94,retourné,TANGER,Carte,LIV5,2023-07-29
CMD30471,CL0634,P049,2024-05-02,5,2328.9,livré,kech,Carte,LIV1,2024-05-03
CMD46596,CL0552,P086,01/07/2023,5,4076.93,en_cours,TANGER,Carte,LIV3,
CMD38348,CL0788,P099,Mar 06 2023,5,0,livré,marrakech,Carte,LIV8,2023-03-07
CMD34614,CL0793,P032,12/12/2023,3,3796.32,retourné,Tnja,Carte,LIV8,2023-12-17
CMD47685,CL0972,P056,2023-04-18,3,571.17,en_cours,casa,Carte,LIV4,
CMD01933,CL0776,P080,Nov 15 2023,2,1717.76,retourné,casa,Carte,LIV8,2023-11-20
CMD05615,CL0188,P076,2023-08-07,1,1222.83,annulé,Agadir,Carte,LIV2,
CMD35938,CL0741,P011,2023-07-16,5,3499.55,LIVRE,CASABLANCA,Carte,LIV4,2023-07-18
CMD16992,CL0449,P038,May 28 2023,5,4469.75,retourné,casa,Carte,LIV1,2023-06-01
CMD34697,CL0132,P069,2023-05-14,2,3245.39,LIVRE,tanger,Carte,LIV1,2023-05-17
CMD26814,CL0263,P050,21/04/2024,3,4521.85,LIVRE,Agadir,Carte,LIV5,2024-04-24
CMD14959,CL0283,P053,06/03/2024,2,3989.15,retourné,Agadir,Carte,LIV8,2024-03-08
CMD15769,CL0792,P064,04/12/2023,2,2989.37,annulé,TNG,Carte,LIV9,
CMD32320,CL0446,P072,12/07/2023,3,4501.75,livre,casa,Carte,LIV10,
CMD17690,CL0793,P013,Jun 16 2023,1,1585.38,livre,tanger,Carte,LIV4,
CMD45137,CL0692,P078,25/10/2023,5,777.61,retourné,TANGER,Carte,LIV6,2023-10-29
CMD38757,CL0881,P035,Dec 26 2023,3,2417.66,livré,marrakech,Carte,LIV6,2023-12-31
CMD06628,CL0512,P026,18/07/2023,5,2398.51,DONE,TANGER,Carte,LIV5,2023-07-19
CMD12655,CL0191,P025,2023-09-24,2,1985.06,livré,RBA,Carte,LIV1,2023-09-28
CMD39740,CL0410,P071,Apr 26 2023,4,3548.52,annulé,tanger,Carte,LIV3,
CMD21365,CL0038,P012,2024-04-23,1,4899.11,livré,kech,Carte,LIV8,2024-04-24
CMD13832,CL0703,P055,03/06/2023,3,3776.68,en_cours,kech,Carte,LIV3,
CMD22047,CL0475,P008,07/02/2024,1,635.59,annulé,TANGER,Carte,LIV6,
CMD08367,CL0101,P004,May 04 2023,2,3833.42,DONE,TNG,Carte,LIV6,2023-05-05
CMD27813,CL0525,P036,2023-10-20,3,4416.84,retourné,tanger,Carte,LIV1,2023-10-24
CMD15547,CL0186,P015,Jun 09 2023,1,1523.57,livré,CASABLANCA,Carte,,2023-06-13
CMD12255,CL0690,P022,Oct 23 2023,3,1298.05,KO,marrakech,Carte,LIV8,
CMD39683,CL0733,P016,03/06/2023,1,1501.18,OK,RBA,Carte,LIV3,
CMD26439,CL0827,P044,20/12/2023,1,4704.29,KO,CASABLANCA,Carte,LIV7,
CMD00993,CL0735,P088,2023-03-15,3,1304.61,OK,Agadir,Carte,LIV6,
CMD05753,CL0319,P098,2023-08-04,5,3405.52,retourné,marrakech,Carte,LIV4,2023-08-06
CMD25833,CL0550,P053,01/07/2023,2,532.47,livré,marrakech,Carte,LIV6,2023-07-06
CMD01765,CL0668,P046,2023-08-03,1,1156.87,en_cours,Agadir,Carte,LIV8,
CMD47032,CL0517,P022,21/01/2024,4,2313.21,OK,TNG,Carte,LIV2,
CMD06112,CL0200,P035,05/10/2023,2,4540.07,LIVRE,Tnja,Carte,,2023-10-09
CMD41245,CL0071,P036,24/03/2023,2,4739.7,livré,TANGER,Carte,,2023-03-28
CMD45682,CL0217,P035,2024-01-26,3,891.36,retourné,casa,Carte,LIV6,2024-01-30
CMD02216,CL0342,P056,Mar 11 2024,4,73.77,en_cours,RBA,Carte,LIV8,
CMD26750,CL0692,P056,17/07/2023,1,3457.2,OK,marrakech,Carte,LIV6,
CMD33094,CL0898,P001,Jan 03 2024,5,4275.04,KO,marrakech,Carte,LIV3,
CMD13047,CL0564,P073,Dec 12 2023,4,61.51,KO,casa,Carte,LIV5,
CMD12961,CL0712,P003,29/04/2024,4,3538.96,livré,casa,Carte,LIV7,2024-05-03
CMD33349,CL0713,P066,May 08 2024,5,2631.16,retourné,kech,Carte,,2024-05-12
CMD34638,CL0306,P074,02/03/2023,5,771.27,KO,TANGER,Carte,LIV8,
CMD04122,CL0922,P050,Jul 27 2023,1,865.29,OK,Tnja,Carte,,
CMD47985,CL0728,P006,2023-10-23,1,3022.86,retourné,CASABLANCA,Carte,LIV4,2023-10-28
CMD43864,CL0207,P017,Nov 09 2023,3,4883.82,KO,RBA,Carte,LIV9,
CMD01352,CL0916,P020,2024-03-21,3,1225.15,livré,tanger,Carte,LIV1,2024-03-22
CMD47417,CL0869,P063,2024-05-10,1,3315.16,LIVRE,TNG,Carte,LIV1,2024-05-11
CMD38416,CL0876,P032,Apr 14 2023,2,4707.76,annulé,kech,Carte,,
CMD38799,CL0793,P019,30/07/2023,1,3296.94,retourné,casa,Carte,LIV5,2023-07-31
CMD25678,CL0193,P028,2024-01-13,1,4288.82,livre,kech,Carte,LIV3,
CMD28193,CL0202,P077,10/11/2023,2,3668.99,livré,RBA,Carte,LIV4,2023-11-14
CMD28140,CL0237,P092,2023-10-05,1,3018.68,livré,CASABLANCA,Carte,LIV6,2023-10-10
CMD38763,CL1000,P047,16/02/2024,-1,1847.59,LIVRE,TANGER,Carte,LIV9,2024-02-18
CMD03096,CL0575,P082,2023-06-05,4,1751.32,OK,RBA,Carte,LIV5,
CMD01338,CL0011,P047,01/05/2024,-1,859.33,DONE,TNG,Carte,LIV10,2024-05-05
CMD36098,CL0464,P067,28/07/2023,1,2918.76,en_cours,RBA,Carte,LIV4,
CMD06346,CL0504,P084,2023-04-03,4,1350.95,livré,CASABLANCA,Carte,LIV9,2023-04-05
CMD40932,CL0977,P096,04/01/2024,4,2547.32,retourné,CASABLANCA,Carte,LIV7,2024-01-06
CMD32852,CL0139,P003,14/01/2024,3,277.76,annulé,CASABLANCA,Carte,LIV1,
CMD02768,CL0795,P016,25/04/2023,5,326.44,livré,casa,Carte,LIV8,2023-04-26
CMD40519,CL0106,P043,Dec 24 2023,2,0,livré,tanger,Carte,,2023-12-26
CMD24174,CL0836,P082,09/05/2023,2,141.15,livre,CASABLANCA,Carte,LIV7,
CMD17902,CL0300,P049,2024-01-13,1,2571.91,annulé,RBA,Carte,LIV1,
CMD36004,CL0571,P057,31/10/2023,2,1966.36,livré,kech,Carte,LIV1,2023-11-04
CMD37688,CL0814,P017,2024-04-09,-1,2292.23,KO,Agadir,Carte,LIV2,
CMD40379,CL0518,P034,11/04/2024,3,1727.43,livre,CASABLANCA,Carte,LIV8,
CMD37953,CL0827,P069,01/05/2023,1,4129.47,livre,tanger,Carte,LIV2,
CMD13868,CL0396,P014,2023-08-04,3,2994.67,livre,marrakech,Carte,LIV5,
CMD27085,CL0819,P007,01/02/2024,3,1319.42,LIVRE,Agadir,Carte,LIV3,2024-02-03
CMD43572,CL0688,P031,27/09/2023,2,3632.05,KO,Tnja,Carte,LIV10,
CMD30031,CL0011,P071,2023-07-17,1,2193.55,retourné,TNG,Carte,LIV1,2023-07-21
CMD33267,CL0605,P052,2023-06-12,4,1652.83,KO,kech,Carte,LIV1,
CMD39626,CL1000,P085,Jun 25 2023,3,4253.0,OK,CASABLANCA,Carte,LIV2,
CMD20160,CL0117,P014,08/03/2023,1,858.38,livre,CASABLANCA,Carte,,
CMD13717,CL0786,P082,29/02/2024,1,2744.8,LIVRE,Tnja,Carte,LIV10,2024-03-04
CMD25563,CL0312,P031,2023-11-25,4,470.8,annulé,kech,Carte,LIV6,
CMD18193,CL0631,P087,Jan 19 2023,3,522.9,annulé,RBA,Carte,LIV9,
CMD07348,CL0889,P026,2023-01-04,3,966.03,OK,Agadir,Carte,LIV8,
CMD33594,CL0406,P017,2023-01-16,2,3437.55,KO,RBA,Carte,LIV6,
CMD13645,CL0445,P032,Apr 18 2023,5,3720.37,livré,Tnja,Carte,LIV2,2023-04-19
CMD35420,CL0512,P053,29/01/2023,3,4051.91,KO,CASABLANCA,Carte,LIV6,
CMD44937,CL0919,P074,Aug 11 2023,3,929.57,livre,TANGER,Carte,LIV10,
CMD40096,CL0543,P049,16/06/2023,2,2969.08,en_cours,RBA,Carte,LIV8,
CMD11460,CL0426,P057,Jun 27 2023,5,3593.28,en_cours,Tnja,Carte,LIV6,
CMD25206,CL0793,P084,21/04/2023,2,4092.47,DONE,marrakech,Carte,LIV5,2023-04-22
CMD41485,CL0792,P012,Feb 26 2024,5,3785.69,OK,marrakech,Carte,LIV2,
CMD18900,CL0475,P093,2023-06-18,4,783.08,retourné,Tnja,Carte,,2023-06-19
CMD37730,CL0648,P073,2024-01-07,5,516.32,livre,Tnja,Carte,LIV2,
CMD21241,CL0845,P027,10/05/2023,5,2095.94,retourné,Tnja,Carte,LIV6,2023-05-15
CMD15724,CL0556,P066,2023-01-19,2,2676.27,OK,TNG,Carte,LIV1,
CMD43208,CL0631,P066,2023-03-03,5,1598.01,en_cours,TANGER,Carte,LIV9,
CMD29258,CL0484,P071,Sep 06 2023,2,1971.99,livre,CASABLANCA,Carte,LIV4,
CMD45168,CL0078,P035,2023-01-02,1,3736.7,livré,tanger,Carte,LIV5,2023-01-04
CMD06818,CL0430,P067,Apr 25 2024,5,1104.99,livré,Tnja,Carte,LIV3,2024-04-26
CMD19002,CL0274,P085,2023-04-23,2,200.9,DONE,TNG,Carte,LIV7,2023-04-27
CMD42817,CL0578,P032,10/11/2023,2,955.21,en_cours,kech,Carte,LIV10,
CMD46162,CL0376,P058,07/01/2023,4,1600.62,LIVRE,Agadir,Carte,LIV2,2023-01-10
CMD44757,CL0702,P041,2023-11-29,3,4405.11,retourné,kech,Carte,LIV2,2023-12-01
CMD32619,CL0393,P075,2024-03-20,2,2018.8,OK,Agadir,Carte,LIV4,
CMD17567,CL0858,P040,2023-10-31,5,3359.02,KO,Tnja,Carte,,
CMD11915,CL0249,P040,Apr 29 2023,1,2926.31,livre,CASABLANCA,Carte,LIV5,
CMD19766,CL0057,P066,08/09/2023,4,3013.74,LIVRE,tanger,Carte,LIV7,2023-09-11
CMD16088,CL0008,P045,2023-07-18,4,223.29,retourné,casa,Carte,LIV10,2023-07-20
CMD01902,CL0037,P010,07/04/2024,2,3057.71,OK,RBA,Carte,LIV8,
CMD46638,CL0281,P033,03/01/2024,5,1576.79,livre,Agadir,Carte,,
CMD09785,CL0717,P075,27/01/2023,5,3767.45,en_cours,RBA,Carte,LIV9,
CMD29072,CL0444,P096,2024-03-13,5,3481.98,OK,RBA,Carte,LIV9,
CMD30641,CL0701,P021,Feb 23 2024,5,465.21,en_cours,tanger,Carte,LIV5,
CMD25570,CL0170,P006,Jul 26 2023,1,4958.69,livré,casa,Carte,LIV7,2023-07-27
CMD01595,CL0465,P005,Feb 23 2023,4,3041.18,DONE,tanger,Carte,LIV10,2023-02-26
CMD36122,CL0171,P069,16/05/2023,4,3126.96,en_cours,TANGER,Carte,LIV6,
CMD06068,CL0808,P002,2023-10-06,5,2690.79,retourné,tanger,Carte,LIV6,2023-10-10
CMD13312,CL0936,P067,2023-12-27,1,2696.45,livré,TANGER,Carte,LIV4,2023-12-28
CMD00982,CL0880,P071,2023-04-12,2,168.53,livre,Tnja,Carte,,
CMD38225,CL0378,P043,23/01/2023,3,4680.17,en_cours,TANGER,Carte,LIV9,
CMD33633,CL0973,P031,2024-03-30,5,949.67,livré,Agadir,Carte,LIV3,2024-04-02
CMD08038,CL0522,P020,Aug 28 2023,3,4227.01,livré,marrakech,Carte,LIV7,2023-08-31
CMD34727,CL0080,P022,Jul 28 2023,3,4979.35,livre,marrakech,Carte,LIV4,
CMD32757,CL0835,P032,Mar 12 2024,4,2713.19,livré,casa,Carte,LIV5,2024-03-15
CMD09394,CL0388,P032,May 07 2023,4,1018.73,livré,TNG,Carte,,2023-05-12
CMD04054,CL0714,P001,03/03/2024,4,4214.62,DONE,TANGER,Carte,LIV4,2024-03-04
CMD46175,CL0171,P013,Apr 13 2023,2,0,KO,Tnja,Carte,LIV10,
CMD37571,CL0360,P079,2023-04-23,1,3705.48,LIVRE,Agadir,Carte,LIV8,2023-04-24
CMD40295,CL0162,P064,Apr 21 2023,1,3428.74,livré,casa,Carte,LIV3,2023-04-22
CMD32196,CL0706,P037,14/07/2023,4,2520.05,livré,Tnja,Carte,LIV3,2023-07-17
CMD00185,CL0988,P022,Jul 15 2023,5,4653.51,en_cours,Tnja,Carte,LIV9,
CMD13880,CL0460,P041,Sep 11 2023,2,0,livre,Agadir,Carte,LIV4,
CMD26157,CL0830,P093,2023-03-02,3,4325.56,livre,TANGER,Carte,,
CMD48031,CL0920,P067,11/11/2023,-1,4555.66,LIVRE,kech,Carte,LIV10,2023-11-12
CMD40075,CL0257,P068,10/01/2024,4,779.96,livré,Tnja,Carte,LIV4,2024-01-15
CMD43248,CL0326,P021,2023-09-14,1,2985.92,DONE,marrakech,Carte,LIV8,2023-09-15
CMD42980,CL0870,P004,2023-11-01,1,1604.28,KO,marrakech,Carte,LIV9,
CMD12204,CL0541,P088,10/05/2024,4,1031.88,DONE,tanger,Carte,LIV2,2024-05-15
CMD48384,CL0894,P060,23/09/2023,2,4181.73,livre,RBA,Carte,LIV2,
CMD18037,CL0075,P059,15/12/2023,4,118.84,livré,Agadir,Carte,LIV1,2023-12-18
CMD02308,CL0177,P077,25/03/2023,4,4278.68,en_cours,CASABLANCA,Carte,LIV8,
CMD25258,CL0847,P038,Sep 04 2023,2,4190.53,livré,TANGER,Carte,LIV10,2023-09-07
CMD02848,CL0184,P035,Jan 15 2024,5,4943.66,livre,CASABLANCA,Carte,LIV8,
CMD39928,CL0814,P065,04/08/2023,3,4236.14,livre,RBA,Carte,LIV10,
CMD26891,CL0133,P063,25/03/2023,4,4480.96,LIVRE,CASABLANCA,Carte,LIV4,2023-03-29
CMD34997,CL0010,P048,2023-12-06,3,4075.72,livré,Agadir,Carte,LIV2,2023-12-09
CMD37312,CL0686,P080,19/09/2023,1,4741.15,KO,TNG,Carte,LIV4,
CMD04061,CL0528,P015,Dec 18 2023,5,2205.9,retourné,Tnja,Carte,LIV9,2023-12-23
CMD21044,CL0320,P043,2023-02-24,5,1132.48,annulé,kech,Carte,LIV6,
CMD38446,CL0983,P009,2024-02-11,2,4883.4,livré,Agadir,Carte,LIV3,2024-02-12
CMD20346,CL0279,P081,Feb 05 2023,3,3338.62,annulé,Tnja,Carte,LIV5,
CMD29618,CL0957,P079,2023-06-17,2,4159.05,DONE,Agadir,Carte,LIV9,2023-06-22
CMD10687,CL0486,P092,29/09/2023,3,1370.6,livré,kech,Carte,LIV9,2023-10-03
CMD14425,CL0944,P052,2024-03-04,1,1487.07,KO,kech,Carte,LIV3,
CMD42309,CL0247,P004,2023-07-05,5,714.73,livre,marrakech,Carte,LIV4,
CMD19790,CL0307,P055,Nov 20 2023,4,3819.24,livré,tanger,Carte,LIV3,2023-11-24
CMD23068,CL0247,P030,18/03/2024,1,1717.39,LIVRE,Agadir,Carte,LIV6,2024-03-22
CMD03183,CL0609,P091,2023-04-25,3,2558.71,LIVRE,TANGER,Carte,LIV5,2023-04-30
CMD02717,CL0849,P066,19/05/2023,2,1875.48,KO,tanger,Carte,LIV2,
CMD11410,CL0902,P043,10/12/2023,3,579.27,livré,CASABLANCA,Carte,LIV8,2023-12-14
CMD44507,CL0822,P078,06/04/2024,3,3096.2,KO,RBA,Carte,LIV6,
CMD05232,CL0940,P016,2023-04-10,4,1677.22,annulé,TANGER,Carte,LIV6,
CMD39509,CL0886,P003,2023-07-24,4,1545.49,annulé,kech,Carte,LIV10,
CMD26352,CL0660,P085,Jan 24 2024,3,3542.98,livre,Agadir,Carte,LIV3,
CMD05477,CL0200,P041,10/02/2023,5,2644.28,OK,marrakech,Carte,LIV8,
CMD30593,CL0104,P058,2023-01-09,4,4254.88,livré,marrakech,Carte,,2023-01-10
CMD34265,CL0018,P025,2024-03-18,4,654.76,KO,Agadir,Carte,LIV1,
CMD30605,CL0452,P012,Apr 10 2023,5,3372.84,livré,Agadir,Carte,LIV2,2023-04-14
CMD41271,CL0517,P069,Oct 18 2023,4,2298.84,LIVRE,TNG,Carte,LIV8,2023-10-19
CMD26535,CL0600,P006,2023-03-17,2,1348.87,retourné,marrakech,Carte,LIV2,2023-03-20
CMD05799,CL0437,P029,2023-12-15,4,3134.29,livré,RBA,Carte,LIV7,2023-12-17
CMD37759,CL0367,P081,Feb 10 2024,5,4927.02,livre,marrakech,Carte,LIV5,
CMD40856,CL0736,P043,2023-08-23,1,2493.08,LIVRE,marrakech,Carte,LIV6,2023-08-25
CMD16508,CL0281,P003,04/03/2024,1,4528.88,retourné,kech,Carte,LIV2,2024-03-06
CMD46319,CL0202,P041,Nov 08 2023,2,4182.39,en_cours,Tnja,Carte,LIV9,
CMD42437,CL0404,P044,06/05/2024,3,3637.47,retourné,TNG,Carte,LIV2,2024-05-07
CMD44275,CL0262,P016,Apr 06 2024,1,1172.34,KO,CASABLANCA,Carte,LIV2,
CMD37334,CL0666,P059,Nov 02 2023,5,4178.64,KO,Tnja,Carte,LIV3,
CMD38034,CL0431,P098,Nov 12 2023,3,4326.91,annulé,CASABLANCA,Carte,LIV9,
CMD11370,CL0485,P051,Sep 07 2023,1,4198.54,en_cours,TNG,Carte,LIV8,
CMD07522,CL0284,P064,2024-04-30,4,0,livré,TANGER,Carte,LIV1,2024-05-02
CMD42100,CL0675,P002,Apr 17 2024,1,4631.17,livre,kech,Carte,LIV3,
CMD41337,CL0678,P033,Apr 09 2024,3,2544.83,KO,Agadir,Carte,LIV7,
CMD46494,CL0063,P021,2023-09-24,2,1080.32,livré,RBA,Carte,,2023-09-27
CMD18401,CL0550,P091,2023-12-13,3,2481.91,livre,CASABLANCA,Carte,LIV7,
CMD41129,CL0561,P066,2024-04-05,4,3380.53,livré,tanger,Carte,LIV10,2024-04-09
CMD02369,CL0540,P056,25/04/2023,1,3911.37,OK,tanger,Carte,LIV1,
CMD29447,CL0059,P039,2024-03-02,1,3290.86,livré,Agadir,Carte,LIV6,2024-03-05
CMD23102,CL0462,P049,10/03/2024,1,2587.96,OK,Agadir,Carte,LIV9,
CMD47995,CL0631,P018,02/01/2024,2,1523.8,retourné,TANGER,Carte,LIV9,2024-01-06
CMD26629,CL0033,P002,2023-02-24,4,4443.02,annulé,marrakech,Carte,LIV1,
CMD26191,CL0266,P094,23/06/2023,2,521.07,en_cours,Tnja,Carte,LIV7,
CMD13750,CL0474,P023,2023-02-04,3,1277.85,DONE,casa,Carte,LIV1,2023-02-05
CMD32282,CL0564,P097,Dec 22 2023,3,4403.89,en_cours,Agadir,Carte,LIV5,
CMD35498,CL0016,P081,26/01/2024,3,4743.0,livre,marrakech,Carte,LIV7,
CMD39725,CL0987,P083,Apr 09 2024,4,4782.16,OK,Tnja,Carte,LIV9,
CMD08541,CL0921,P018,29/09/2023,5,1430.52,livré,RBA,Carte,LIV8,2023-10-02
CMD16082,CL0582,P054,2023-05-11,2,976.51,KO,RBA,Carte,LIV10,
CMD00101,CL0200,P037,2024-02-29,3,1273.68,annulé,Tnja,Carte,LIV4,
CMD18791,CL0650,P073,05/02/2024,2,1700.38,annulé,marrakech,Carte,LIV1,
CMD17585,CL0239,P075,Nov 23 2023,2,2267.98,annulé,Agadir,Carte,LIV9,
CMD12445,CL0351,P003,2023-05-20,3,3988.9,en_cours,marrakech,Carte,LIV7,
CMD25124,CL0242,P025,18/11/2023,5,4419.32,livré,TNG,Carte,LIV5,2023-11-21
CMD29107,CL0054,P054,Feb 10 2023,1,3079.64,livré,casa,Carte,LIV8,2023-02-14
CMD02975,CL0511,P065,22/07/2023,1,4159.52,livré,Tnja,Carte,LIV8,2023-07-26
CMD18178,CL0427,P041,18/04/2024,3,4416.74,livré,RBA,Carte,LIV7,2024-04-23
CMD20685,CL0484,P059,Mar 22 2023,3,4957.75,OK,tanger,Carte,LIV6,
CMD18234,CL0843,P097,2023-02-25,2,3940.94,retourné,TNG,Carte,,2023-03-02
CMD04568,CL0019,P100,08/10/2023,3,2392.9,en_cours,TANGER,Carte,,
CMD25140,CL0632,P025,2023-01-25,2,641.96,annulé,tanger,Carte,LIV3,
CMD11651,CL0019,P044,Feb 26 2023,4,995.95,livre,marrakech,Carte,LIV6,
CMD01209,CL0905,P025,17/06/2023,4,0,annulé,casa,Carte,LIV6,
CMD19054,CL0239,P009,11/01/2024,1,4562.71,en_cours,Agadir,Carte,LIV3,
CMD41021,CL0800,P012,2023-11-05,2,3933.31,retourné,CASABLANCA,Carte,LIV1,2023-11-06
CMD32767,CL0226,P045,05/03/2024,5,2633.76,LIVRE,Tnja,Carte,LIV1,2024-03-07
CMD33489,CL0885,P037,Jul 26 2023,5,4612.45,livre,casa,Carte,LIV3,
CMD43741,CL0550,P035,Jul 31 2023,3,578.59,livre,casa,Carte,LIV10,
CMD11257,CL0885,P089,08/04/2024,2,4408.27,LIVRE,Tnja,Carte,LIV6,2024-04-10
CMD31387,CL0682,P065,12/02/2023,5,4986.9,annulé,RBA,Carte,LIV6,
CMD19995,CL0402,P079,Feb 13 2023,1,414.88,livré,CASABLANCA,Carte,LIV8,2023-02-17
CMD04108,CL0125,P068,2023-07-05,2,0,OK,Tnja,Carte,LIV2,
CMD06070,CL0164,P073,Jun 28 2023,5,4856.61,annulé,casa,Carte,LIV6,
CMD02276,CL0636,P077,2024-03-06,4,590.4,OK,TANGER,Carte,LIV6,
CMD20497,CL0465,P046,2023-04-14,5,190.65,KO,marrakech,Carte,LIV2,
CMD31698,CL0722,P092,Nov 19 2023,5,515.63,LIVRE,RBA,Carte,LIV1,2023-11-24
CMD13140,CL0863,P058,15/11/2023,2,1869.99,livré,kech,Carte,LIV4,2023-11-17
CMD40914,CL0483,P058,15/02/2023,2,3190.95,KO,marrakech,Carte,LIV10,
CMD33844,CL0423,P079,Jan 16 2024,5,1247.99,DONE,tanger,Carte,LIV3,2024-01-19
CMD40542,CL0744,P099,2024-01-24,5,1663.39,retourné,TANGER,Carte,LIV5,2024-01-29
CMD43954,CL0374,P027,20/01/2024,5,606.32,KO,RBA,Carte,LIV10,
CMD41253,CL0478,P060,10/01/2023,3,952.56,annulé,Agadir,Carte,LIV7,
CMD37550,CL0315,P053,2023-12-14,2,4307.09,livré,kech,Carte,LIV8,2023-12-18
CMD06555,CL0004,P056,29/04/2024,2,4771.01,en_cours,casa,Carte,LIV10,
CMD25091,CL0419,P023,2023-10-10,5,4813.63,livre,tanger,Carte,LIV6,
CMD05926,CL0855,P084,04/03/2023,2,4936.82,livré,Agadir,Carte,LIV7,2023-03-08
CMD11794,CL0803,P013,2024-03-08,4,2556.44,en_cours,TNG,Carte,,
CMD07844,CL0109,P056,27/01/2023,2,4157.51,livre,tanger,Carte,LIV7,
CMD23523,CL0476,P041,Jul 27 2023,4,923.54,annulé,TANGER,Carte,LIV9,
CMD36653,CL0959,P082,Jun 24 2023,5,1874.07,retourné,tanger,Carte,LIV10,2023-06-25
CMD32622,CL0532,P031,27/03/2023,3,2496.93,livre,marrakech,Carte,LIV3,
CMD42163,CL0891,P031,Apr 23 2023,4,4394.32,livre,RBA,Carte,LIV8,
CMD25598,CL0174,P088,2023-01-15,1,3216.65,retourné,TNG,Carte,LIV4,2023-01-17
CMD35189,CL0230,P049,Apr 25 2024,4,4132.78,OK,CASABLANCA,Carte,LIV4,
CMD34625,CL0313,P017,May 10 2023,1,0,OK,Agadir,Carte,LIV2,
CMD18220,CL0353,P016,2023-06-03,5,1496.5,OK,tanger,Carte,LIV7,
CMD02320,CL0874,P054,Mar 18 2023,2,3741.0,livré,RBA,Carte,LIV9,2023-03-20
CMD24046,CL0883,P063,17/04/2024,1,2542.75,livré,TANGER,Carte,LIV10,2024-04-19
CMD26119,CL0303,P076,12/08/2023,1,1900.49,KO,Tnja,Carte,LIV1,
CMD45975,CL0858,P051,Jul 04 2023,3,2450.06,en_cours,tanger,Carte,LIV7,
CMD22816,CL0546,P028,Jul 05 2023,4,2844.63,DONE,kech,Carte,LIV7,2023-07-06
CMD36530,CL0994,P081,2023-06-05,1,3409.74,livré,CASABLANCA,Carte,LIV1,2023-06-06
CMD02816,CL0391,P017,02/07/2023,-1,2633.61,LIVRE,RBA,Carte,LIV1,2023-07-07
CMD14820,CL0201,P020,Feb 14 2024,2,3730.13,livre,marrakech,Carte,LIV5,
CMD38056,CL0172,P073,05/01/2023,3,2100.17,livré,casa,Carte,LIV5,2023-01-09
CMD47977,CL0567,P090,20/09/2023,5,3974.28,annulé,marrakech,Carte,LIV2,
CMD32022,CL0880,P021,2023-11-29,3,2161.4,en_cours,RBA,Carte,LIV7,
CMD43084,CL0641,P084,2024-02-12,1,1360.51,livré,TANGER,Carte,LIV3,2024-02-14
CMD18579,CL0389,P056,29/03/2023,3,999.1,DONE,TANGER,Carte,LIV3,2023-04-03
CMD38297,CL0915,P077,2024-04-06,5,187.18,retourné,tanger,Carte,LIV5,2024-04-07
CMD45404,CL0157,P029,Feb 21 2024,5,4272.45,LIVRE,TNG,Carte,LIV8,2024-02-22
CMD27953,CL0616,P066,Oct 14 2023,4,1448.49,livre,Tnja,Carte,LIV3,
CMD26811,CL0898,P053,2023-03-16,5,3362.01,LIVRE,TNG,Carte,LIV6,2023-03-20
CMD35068,CL0231,P091,2023-04-06,5,4247.86,en_cours,TNG,Carte,LIV2,
CMD25083,CL0542,P067,Oct 13 2023,2,4044.56,livre,kech,Carte,LIV3,
CMD27837,CL0988,P041,Dec 31 2023,3,3403.46,DONE,kech,Carte,LIV3,2024-01-02
CMD17803,CL0844,P076,11/10/2023,5,2253.58,KO,kech,Carte,LIV10,
CMD13460,CL0216,P020,27/04/2023,3,2002.92,DONE,Tnja,Carte,LIV4,2023-05-01
CMD10215,CL0174,P027,Apr 06 2023,5,383.78,livre,CASABLANCA,Carte,LIV1,
CMD11525,CL0904,P015,2023-06-30,4,1310.86,retourné,Tnja,Carte,LIV4,2023-07-03
CMD38495,CL0905,P036,Sep 16 2023,3,1072.73,LIVRE,CASABLANCA,Carte,LIV9,2023-09-20
CMD18677,CL0921,P052,04/03/2023,4,4743.25,retourné,CASABLANCA,Carte,LIV3,2023-03-08
CMD31955,CL0502,P071,2024-02-15,5,3944.45,annulé,Tnja,Carte,LIV8,
CMD23023,CL0232,P059,2023-05-02,5,1841.66,retourné,RBA,Carte,LIV3,2023-05-04
CMD17607,CL0813,P033,2023-05-15,1,1647.12,KO,casa,Carte,LIV1,
CMD29483,CL0941,P092,25/03/2023,2,2121.14,en_cours,Tnja,Carte,LIV1,
CMD43392,CL0206,P071,Feb 11 2024,4,2532.17,livré,tanger,Carte,LIV2,2024-02-14
CMD15391,CL0106,P085,05/11/2023,1,2058.91,DONE,tanger,Carte,LIV2,2023-11-08
CMD01438,CL0037,P011,05/02/2023,5,3098.95,DONE,tanger,Carte,,2023-02-07
CMD07588,CL0053,P071,2023-12-18,2,2575.54,livre,CASABLANCA,Carte,LIV5,
CMD35724,CL0800,P091,2023-04-25,3,2137.74,livré,RBA,Carte,LIV3,2023-04-30
CMD25438,CL0345,P002,16/11/2023,3,4033.26,DONE,kech,Carte,LIV2,2023-11-20
CMD16276,CL0267,P075,2024-02-21,3,1171.56,retourné,tanger,Carte,LIV6,2024-02-23
CMD25038,CL0002,P059,2023-10-15,-1,388.89,annulé,kech,Carte,LIV2,
CMD46709,CL0158,P064,Apr 07 2023,2,2716.81,DONE,kech,Carte,LIV9,2023-04-10
CMD10965,CL0385,P060,Sep 20 2023,1,3146.51,livré,TANGER,Carte,LIV9,2023-09-24
CMD13735,CL0510,P030,21/02/2024,3,842.42,livré,TANGER,Carte,,2024-02-26
CMD33669,CL0413,P004,May 13 2024,1,4230.11,livré,tanger,Carte,LIV7,2024-05-15
CMD12237,CL0425,P050,Jan 18 2023,3,214.87,livré,casa,Carte,LIV1,2023-01-22
CMD44166,CL0895,P009,2024-02-29,5,4312.74,livre,casa,Carte,LIV9,
CMD43452,CL0833,P048,2024-02-01,4,2116.21,livré,RBA,Carte,LIV4,2024-02-04
CMD33290,CL0645,P086,Apr 11 2023,3,366.78,livré,Tnja,Carte,LIV6,2023-04-14
CMD27959,CL0216,P075,2023-05-23,2,149.42,DONE,kech,Carte,LIV9,2023-05-24
CMD04853,CL0617,P036,Jun 02 2023,1,1122.87,en_cours,Tnja,Carte,LIV2,
CMD10457,CL0538,P051,Mar 08 2023,-1,947.78,LIVRE,RBA,Carte,LIV7,2023-03-10
CMD08436,CL0624,P011,2023-05-04,5,0,annulé,CASABLANCA,Carte,LIV1,
CMD23598,CL0567,P014,Feb 07 2024,4,2112.79,livré,Agadir,Carte,LIV8,2024-02-11
CMD33564,CL0963,P032,Oct 03 2023,3,4917.51,DONE,CASABLANCA,Carte,LIV6,2023-10-07
CMD32008,CL0547,P064,2023-01-06,1,3325.48,livré,casa,Carte,LIV1,2023-01-10
CMD28912,CL0056,P008,20/12/2023,3,2708.27,livré,TNG,Carte,,2023-12-21
CMD21396,CL0359,P034,Feb 08 2023,4,3585.79,livré,kech,Carte,LIV1,2023-02-11
CMD13014,CL0912,P001,Mar 08 2023,2,3169.92,annulé,CASABLANCA,Carte,LIV1,
CMD44748,CL0211,P078,Sep 13 2023,1,1271.44,KO,TNG,Carte,LIV8,
CMD07514,CL0782,P074,22/08/2023,5,4188.09,KO,CASABLANCA,Carte,LIV10,
CMD08693,CL0722,P085,2024-01-14,5,462.42,livré,Tnja,Carte,LIV8,2024-01-16
CMD08977,CL0645,P031,2023-07-06,4,2747.94,livré,Tnja,Carte,LIV2,2023-07-08
CMD01571,CL0188,P015,Jan 26 2024,2,81.94,livré,marrakech,Carte,LIV5,2024-01-27
CMD01368,CL0791,P031,01/01/2023,1,2968.18,LIVRE,casa,Carte,LIV10,2023-01-05
CMD01724,CL0729,P068,02/08/2023,1,1011.74,livré,marrakech,Carte,LIV9,2023-08-07
CMD11369,CL0131,P052,2024-03-28,5,1453.75,livré,TNG,Carte,LIV1,2024-04-02
CMD34087,CL0775,P040,Apr 17 2024,5,1766.46,annulé,TNG,Carte,LIV10,
CMD33898,CL0718,P066,2023-09-13,3,422.62,retourné,kech,Carte,LIV2,2023-09-17
CMD48063,CL0254,P053,Jan 01 2023,2,4813.74,en_cours,RBA,Carte,LIV9,
CMD14188,CL0196,P005,2023-05-06,5,1478.32,DONE,casa,Carte,LIV3,2023-05-11
CMD07078,CL0253,P078,Jul 11 2023,5,2243.11,LIVRE,kech,Carte,LIV6,2023-07-12
CMD08647,CL0528,P005,2023-05-16,1,700.0,DONE,Agadir,Carte,LIV8,2023-05-20
CMD24968,CL0376,P025,28/04/2024,1,2724.85,en_cours,RBA,Carte,LIV1,
CMD02133,CL0707,P028,Jan 14 2023,1,4887.36,livre,marrakech,Carte,LIV9,
CMD12839,CL0985,P075,06/01/2023,4,2720.31,livré,Tnja,Carte,,2023-01-09
CMD30284,CL0163,P008,Dec 24 2023,1,3029.35,annulé,CASABLANCA,Carte,LIV7,
CMD08611,CL0061,P066,06/04/2023,1,4789.95,OK,Agadir,Carte,LIV1,
CMD07932,CL0942,P099,12/03/2024,1,4474.98,livre,TNG,Carte,LIV7,
CMD34593,CL0428,P025,06/08/2023,3,3353.39,LIVRE,TNG,Carte,LIV10,2023-08-09
CMD06153,CL0433,P003,2023-11-10,3,3690.28,livré,Agadir,Carte,LIV1,2023-11-13
CMD15227,CL0872,P027,Feb 16 2024,5,3659.25,livré,TANGER,Carte,LIV7,2024-02-21
CMD47954,CL0212,P081,07/01/2023,5,70.71,livré,kech,Carte,LIV7,2023-01-09
CMD23782,CL0378,P016,2023-06-20,3,4683.39,en_cours,marrakech,Carte,,
CMD02161,CL0468,P002,2023-09-14,1,3596.63,LIVRE,TANGER,Carte,LIV3,2023-09-17
CMD23308,CL0029,P091,2023-10-31,3,2532.16,livré,RBA,Carte,LIV9,2023-11-02
CMD03564,CL0072,P077,2023-11-14,5,4634.39,retourné,tanger,Carte,LIV6,2023-11-17
CMD22441,CL0282,P066,2024-05-07,4,466.73,livré,Agadir,Carte,LIV7,2024-05-10
CMD13933,CL0469,P017,Nov 28 2023,3,2527.88,livré,TNG,Carte,LIV7,2023-11-30
CMD09249,CL0070,P025,2023-07-17,5,4455.79,livre,RBA,Carte,LIV3,
CMD07057,CL0296,P037,25/02/2024,2,4512.32,DONE,TNG,Carte,LIV5,2024-03-01
CMD17548,CL0885,P019,2023-08-14,1,0,OK,tanger,Carte,LIV9,
CMD10577,CL0002,P074,2023-07-22,4,2228.35,livré,marrakech,Carte,LIV8,2023-07-27
CMD37867,CL0330,P041,May 03 2024,4,138.44,OK,kech,Carte,LIV1,
CMD23079,CL0120,P067,2024-05-09,3,4148.95,retourné,TANGER,Carte,LIV7,2024-05-14
CMD35515,CL0680,P073,2023-10-09,4,3687.4,LIVRE,kech,Carte,,2023-10-11
CMD19753,CL0916,P069,May 01 2024,4,969.24,livré,RBA,Carte,LIV10,2024-05-05
CMD42846,CL0255,P027,2023-07-14,3,3381.99,retourné,TANGER,Carte,,2023-07-16
CMD38309,CL0855,P090,10/02/2024,2,3999.83,livré,RBA,Carte,LIV1,2024-02-11
CMD20456,CL0664,P081,20/01/2023,5,3261.93,livre,Agadir,Carte,LIV8,
CMD01550,CL0733,P064,2024-01-12,5,1399.27,LIVRE,tanger,Carte,LIV6,2024-01-14
CMD13641,CL0532,P096,2024-02-15,5,2986.48,livré,marrakech,Carte,LIV3,2024-02-16
CMD05839,CL0483,P005,2023-11-19,2,1201.53,LIVRE,Agadir,Carte,LIV8,2023-11-21
CMD48162,CL0095,P024,Mar 16 2024,4,4003.16,annulé,marrakech,Carte,LIV8,
CMD31761,CL0008,P092,05/04/2023,4,312.34,livré,CASABLANCA,Carte,LIV1,2023-04-10
CMD20307,CL0221,P044,2023-07-10,1,763.73,OK,RBA,Carte,LIV3,
CMD02544,CL0361,P053,May 08 2023,1,870.11,OK,RBA,Carte,LIV9,
CMD10939,CL0569,P085,26/08/2023,3,2599.38,annulé,Agadir,Carte,LIV3,
CMD39914,CL0828,P084,Nov 20 2023,4,2917.71,livre,TNG,Carte,LIV5,
CMD00504,CL0209,P074,2023-04-29,1,4781.12,livré,CASABLANCA,Carte,LIV2,2023-05-01
CMD35811,CL0681,P040,May 30 2023,1,1670.47,en_cours,tanger,Carte,LIV2,
CMD11011,CL0712,P094,02/03/2023,4,2131.76,KO,marrakech,Carte,LIV5,
CMD20540,CL0464,P066,2023-03-25,2,2810.99,livre,TNG,Carte,LIV5,
CMD44442,CL0202,P033,Jul 10 2023,2,2701.77,OK,RBA,Carte,LIV8,
CMD44897,CL0564,P005,Jul 20 2023,2,4856.35,LIVRE,casa,Carte,LIV1,2023-07-25
CMD28248,CL0723,P081,09/03/2023,3,445.2,retourné,casa,Carte,LIV7,2023-03-10
CMD47493,CL0400,P009,16/03/2024,5,2107.23,en_cours,Agadir,Carte,LIV6,
CMD11859,CL0958,P015,Jan 21 2024,2,3231.19,retourné,kech,Carte,LIV3,2024-01-26
CMD22021,CL0630,P024,30/01/2023,2,3661.07,DONE,Tnja,Carte,LIV5,2023-01-31
CMD20727,CL0924,P047,2023-06-03,1,936.66,en_cours,marrakech,Carte,LIV5,
CMD25948,CL0984,P006,06/09/2023,4,264.11,retourné,tanger,Carte,LIV3,2023-09-08
CMD07049,CL0557,P081,2023-01-13,2,247.3,livre,casa,Carte,LIV1,
CMD32513,CL0366,P085,2024-01-26,3,2877.13,livré,Tnja,Carte,LIV10,2024-01-28
CMD11088,CL0898,P012,Dec 18 2023,5,757.72,livré,RBA,Carte,LIV4,2023-12-19
CMD22885,CL0430,P078,Apr 07 2023,5,4871.76,OK,RBA,Carte,LIV9,
CMD28850,CL0362,P085,2023-07-15,2,4380.07,annulé,CASABLANCA,Carte,LIV8,
CMD39981,CL0421,P078,11/04/2023,4,1923.34,livré,TANGER,Carte,LIV2,2023-04-16
CMD33194,CL0226,P078,Dec 01 2023,3,1147.14,DONE,Tnja,Carte,LIV8,2023-12-02
CMD01586,CL0281,P021,2023-06-04,4,1763.06,livré,TNG,Carte,LIV10,2023-06-06
CMD13689,CL0341,P052,2023-05-18,4,359.69,livré,Tnja,Carte,LIV7,2023-05-20
CMD09499,CL0091,P005,2023-10-09,5,1507.64,KO,CASABLANCA,Carte,LIV7,
CMD07768,CL0990,P045,2024-04-19,5,4777.47,retourné,Agadir,Carte,LIV10,2024-04-20
CMD46773,CL0525,P018,02/01/2024,3,3554.87,annulé,casa,Carte,LIV3,
CMD07122,CL0051,P056,2024-01-02,3,4353.46,livré,Tnja,Carte,LIV4,2024-01-06
CMD30515,CL0472,P047,2023-05-27,4,600.35,en_cours,kech,Carte,LIV9,
CMD11646,CL0886,P034,2023-03-24,4,4839.76,livre,RBA,Carte,,
CMD36523,CL0416,P029,23/10/2023,3,557.1,livre,TNG,Carte,LIV9,
CMD06904,CL0141,P094,06/11/2023,1,4447.13,en_cours,tanger,Carte,LIV10,
CMD15193,CL0470,P013,26/06/2023,2,2519.92,LIVRE,Tnja,Carte,LIV7,2023-06-27
CMD42794,CL0059,P074,2023-12-04,3,4364.84,LIVRE,CASABLANCA,Carte,LIV7,2023-12-07
CMD03711,CL0876,P059,2024-04-06,2,2307.31,livre,RBA,Carte,LIV6,
CMD03440,CL0854,P022,2023-04-11,2,4066.9,LIVRE,TANGER,Carte,LIV10,2023-04-12
CMD19487,CL0176,P067,30/10/2023,4,3366.55,livre,kech,Carte,LIV10,
CMD08632,CL0453,P032,May 11 2023,1,3949.71,OK,kech,Carte,LIV7,
CMD30399,CL0361,P051,2024-04-28,1,645.47,annulé,tanger,Carte,LIV10,
CMD09192,CL0359,P098,Jun 09 2023,4,4224.69,livre,TNG,Carte,LIV3,
CMD46539,CL0405,P026,2023-12-23,3,3556.55,LIVRE,tanger,Carte,LIV10,2023-12-24
CMD05890,CL0052,P044,16/08/2023,4,2610.58,DONE,TANGER,Carte,LIV10,2023-08-21
CMD23137,CL0649,P021,05/12/2023,2,4059.62,livre,marrakech,Carte,LIV1,
CMD11729,CL0060,P031,2023-11-28,4,2136.46,en_cours,TNG,Carte,,
CMD24982,CL0185,P003,Jun 23 2023,4,2480.78,livre,kech,Carte,LIV2,
CMD25373,CL0462,P032,May 01 2024,3,2228.38,livré,kech,Carte,LIV2,2024-05-05
CMD32502,CL0593,P005,20/01/2024,5,1085.5,retourné,Agadir,Carte,LIV6,2024-01-23
CMD45887,CL0935,P082,2023-09-25,1,3940.67,livre,TNG,Carte,LIV5,
CMD40553,CL0560,P039,12/03/2024,1,2486.82,livré,Agadir,Carte,LIV4,2024-03-15
CMD38958,CL0276,P049,2023-04-14,2,2114.79,OK,Tnja,Carte,LIV2,
CMD35404,CL0326,P001,21/01/2023,5,1164.83,DONE,RBA,Carte,LIV1,2023-01-24
CMD36312,CL0122,P092,Oct 07 2023,5,3314.95,OK,marrakech,Carte,LIV4,
CMD25061,CL0312,P054,Jan 29 2023,5,1766.53,livré,casa,Carte,LIV9,2023-01-31
CMD27688,CL0123,P100,2023-02-01,2,933.51,KO,casa,Carte,LIV5,
CMD42438,CL0568,P068,2023-11-17,2,3319.3,DONE,TNG,Carte,LIV5,2023-11-18
CMD38123,CL0903,P055,19/08/2023,4,3341.66,livre,marrakech,Carte,LIV2,
CMD09364,CL0904,P040,2023-02-19,2,3777.34,livré,TNG,Carte,LIV9,2023-02-21
CMD02786,CL0395,P072,28/04/2023,1,307.99,KO,Tnja,Carte,LIV4,
CMD19189,CL0628,P061,05/08/2023,1,167.7,LIVRE,CASABLANCA,Carte,LIV6,2023-08-08
CMD46905,CL0867,P068,Mar 17 2024,1,2266.18,en_cours,TANGER,Carte,LIV3,
CMD44765,CL0682,P015,21/11/2023,3,3948.4,livre,RBA,Carte,LIV10,
CMD19293,CL0932,P010,27/04/2024,2,1218.6,LIVRE,casa,Carte,LIV1,2024-04-28
CMD39016,CL0208,P093,Sep 26 2023,4,2383.77,livré,TANGER,Carte,LIV3,2023-09-28
CMD06015,CL0585,P076,Mar 21 2023,4,129.9,OK,Agadir,Carte,LIV5,
CMD18549,CL0863,P096,2023-07-14,1,2948.01,livré,tanger,Carte,LIV2,2023-07-18
CMD08709,CL0772,P062,May 11 2024,4,410.83,KO,TNG,Carte,LIV1,
CMD37062,CL0502,P029,May 20 2023,4,1240.65,LIVRE,RBA,Carte,LIV1,2023-05-22
CMD33366,CL0316,P045,Aug 27 2023,5,0,annulé,casa,Carte,LIV1,
CMD27526,CL0148,P038,Nov 04 2023,4,4557.73,OK,TANGER,Carte,,
CMD09665,CL0098,P041,Mar 22 2023,1,4584.39,retourné,kech,Carte,LIV1,2023-03-23
CMD47263,CL0843,P085,Sep 07 2023,4,1596.89,retourné,tanger,Carte,LIV2,2023-09-12
CMD12522,CL0916,P003,2024-02-16,1,3461.59,livré,TANGER,Carte,LIV7,2024-02-21
CMD34696,CL0958,P014,Apr 10 2023,3,1496.63,LIVRE,RBA,Carte,LIV4,2023-04-14
CMD24172,CL0037,P034,24/05/2023,2,299.51,KO,casa,Carte,LIV6,
CMD32332,CL0311,P046,Jan 18 2023,5,4193.57,retourné,tanger,Carte,LIV8,2023-01-22
CMD28110,CL0582,P058,Jan 06 2024,4,4256.47,livré,casa,Carte,LIV9,2024-01-11
CMD01489,CL0572,P021,Jul 10 2023,3,3615.1,LIVRE,CASABLANCA,Carte,LIV10,2023-07-11
CMD02926,CL0625,P013,Oct 02 2023,1,4782.65,retourné,TANGER,Carte,LIV1,2023-10-07
CMD07046,CL0959,P018,15/10/2023,4,0,livré,kech,Carte,LIV1,2023-10-16
CMD11162,CL0514,P009,17/01/2023,4,1687.16,annulé,Tnja,Carte,LIV7,
CMD46551,CL0014,P100,2023-01-03,3,1827.51,KO,CASABLANCA,Carte,,
CMD08834,CL0977,P100,Mar 10 2023,3,2545.42,OK,marrakech,Carte,LIV3,
CMD29664,CL0326,P060,2024-02-04,3,3598.22,livré,TANGER,Carte,LIV7,2024-02-06
CMD05384,CL0382,P012,2023-07-25,5,3985.27,en_cours,Agadir,Carte,LIV8,
CMD41201,CL0339,P077,03/01/2024,3,1225.19,annulé,Agadir,Carte,LIV2,
CMD10548,CL0425,P084,May 11 2024,1,3745.27,LIVRE,Agadir,Carte,LIV7,2024-05-12
CMD06304,CL0832,P038,May 04 2024,3,4911.64,LIVRE,casa,Carte,LIV10,2024-05-07
CMD04557,CL0113,P006,25/08/2023,3,2824.16,livré,TANGER,Carte,LIV3,2023-08-28
CMD45086,CL0223,P061,2024-05-06,3,2140.57,LIVRE,TANGER,Carte,LIV7,2024-05-09
CMD23093,CL0361,P086,2023-04-08,4,197.09,en_cours,RBA,Carte,,
CMD47229,CL0173,P046,2023-12-01,4,2680.93,annulé,marrakech,Carte,LIV9,
CMD11157,CL0651,P035,2023-05-03,5,3416.73,en_cours,tanger,Carte,LIV10,
CMD32334,CL0540,P022,2023-01-19,2,3637.67,livré,kech,Carte,LIV4,2023-01-23
CMD14897,CL0842,P047,2023-05-06,4,883.02,en_cours,RBA,Carte,LIV5,
CMD31751,CL0730,P012,Mar 11 2023,4,1625.81,annulé,kech,Carte,LIV3,
CMD26594,CL0794,P081,Apr 27 2024,2,2877.17,DONE,RBA,Carte,LIV4,2024-05-01
CMD29122,CL0046,P013,2023-05-24,2,2220.26,en_cours,marrakech,Carte,LIV7,
CMD17404,CL0142,P096,Oct 05 2023,5,4440.07,livré,RBA,Carte,LIV7,2023-10-06
CMD20671,CL0812,P047,2023-06-15,4,3451.34,livré,tanger,Carte,LIV6,2023-06-17
CMD01742,CL0436,P060,Nov 02 2023,2,3421.84,KO,Tnja,Carte,LIV4,
CMD11167,CL0690,P035,2023-09-16,2,145.71,OK,tanger,Carte,LIV2,
CMD04545,CL0764,P027,Nov 01 2023,2,1547.24,DONE,casa,Carte,LIV6,2023-11-04
CMD34684,CL0981,P053,Jun 19 2023,4,1864.28,DONE,Tnja,Carte,LIV5,2023-06-23
CMD32328,CL0510,P043,Feb 22 2023,3,3831.91,en_cours,TANGER,Carte,,
CMD36064,CL0725,P013,2024-03-06,1,120.28,livré,casa,Carte,LIV10,2024-03-08
CMD03382,CL0432,P052,12/04/2023,2,2175.25,retourné,TANGER,Carte,LIV7,2023-04-16
CMD24927,CL0326,P090,2023-12-06,1,4711.13,retourné,Tnja,Carte,LIV10,2023-12-11
CMD45375,CL0796,P058,2023-06-04,1,4287.63,OK,TNG,Carte,LIV3,
CMD25209,CL0884,P076,08/05/2023,4,597.51,livré,tanger,Carte,LIV4,2023-05-11
CMD39443,CL0484,P074,Feb 12 2024,5,3306.59,livre,CASABLANCA,Carte,LIV4,
CMD44207,CL0730,P013,Oct 16 2023,2,245.76,DONE,tanger,Carte,LIV2,2023-10-17
CMD08116,CL0026,P100,13/08/2023,4,3598.8,livré,tanger,Carte,LIV6,2023-08-15
CMD23468,CL0618,P033,Jun 15 2023,1,628.1,LIVRE,TANGER,Carte,LIV7,2023-06-19
CMD47655,CL0485,P013,2024-01-04,3,2872.66,DONE,marrakech,Carte,,2024-01-08
CMD10300,CL0481,P020,2023-08-01,1,1790.16,livre,Tnja,Carte,LIV5,
CMD48010,CL0668,P091,2023-08-04,5,236.5,livre,marrakech,Carte,LIV3,
CMD28369,CL0389,P061,16/12/2023,1,588.18,livre,marrakech,Carte,LIV3,
CMD21165,CL0419,P079,02/01/2024,1,3779.93,OK,TNG,Carte,LIV4,
CMD08239,CL0475,P052,May 27 2023,2,4663.4,retourné,CASABLANCA,Carte,LIV5,2023-06-01
CMD07175,CL0911,P026,25/10/2023,3,2012.37,OK,Tnja,Carte,LIV9,
CMD37739,CL0781,P042,Dec 18 2023,4,1995.42,livré,RBA,Carte,LIV1,2023-12-23
CMD46655,CL0281,P016,Dec 31 2023,4,727.0,annulé,RBA,Carte,LIV2,
CMD05692,CL0247,P100,Jul 19 2023,5,3332.1,retourné,TNG,Carte,LIV10,2023-07-22
CMD30084,CL0914,P001,Jan 07 2023,3,4469.77,DONE,CASABLANCA,Carte,LIV3,2023-01-08
CMD38937,CL0644,P045,08/11/2023,2,2489.86,livré,CASABLANCA,Carte,LIV1,2023-11-13
CMD35304,CL0885,P028,Jan 24 2023,4,4041.37,en_cours,casa,Carte,LIV1,
CMD11851,CL0483,P051,Jul 20 2023,4,2333.86,en_cours,marrakech,Carte,,
CMD39354,CL0995,P072,17/06/2023,2,1842.79,LIVRE,kech,Carte,,2023-06-21
CMD38382,CL0072,P045,2023-12-23,4,2076.09,LIVRE,TANGER,Carte,LIV9,2023-12-26
CMD41033,CL0490,P049,04/08/2023,3,4464.92,en_cours,TNG,Carte,LIV4,
CMD39559,CL0755,P005,2023-01-04,1,3773.12,livré,casa,Carte,LIV5,2023-01-08
CMD27093,CL0258,P041,24/05/2023,4,4667.86,KO,marrakech,Carte,LIV7,
CMD10267,CL0839,P057,13/03/2024,2,4329.83,LIVRE,CASABLANCA,Carte,LIV3,2024-03-16
CMD40667,CL0890,P087,2023-11-17,3,4879.72,retourné,marrakech,Carte,LIV6,2023-11-19
CMD02338,CL0894,P073,2023-10-12,3,4987.55,annulé,Tnja,Carte,LIV1,
CMD40192,CL0708,P073,2023-11-13,4,1945.55,LIVRE,RBA,Carte,LIV3,2023-11-17
CMD19013,CL0522,P056,2023-03-28,4,872.01,annulé,marrakech,Carte,LIV2,
CMD38957,CL0566,P035,29/04/2023,4,3591.98,DONE,tanger,Carte,LIV5,2023-04-30
CMD20587,CL0021,P016,Sep 04 2023,1,470.4,livre,Tnja,Carte,LIV1,
CMD32903,CL0897,P033,2023-12-20,1,252.98,livré,casa,Carte,,2023-12-22
CMD03241,CL0236,P011,15/03/2024,3,566.56,annulé,marrakech,Carte,LIV8,
CMD31262,CL0836,P005,24/06/2023,2,2081.43,LIVRE,TNG,Carte,LIV1,2023-06-27
CMD00743,CL0378,P070,May 19 2023,2,311.25,OK,marrakech,Carte,LIV3,
CMD32036,CL0565,P044,2024-03-15,1,153.99,LIVRE,marrakech,Carte,LIV7,2024-03-16
CMD47186,CL0585,P019,23/08/2023,1,554.41,livré,marrakech,Carte,LIV9,2023-08-24
CMD44816,CL0391,P047,14/08/2023,3,1060.18,DONE,Tnja,Carte,LIV4,2023-08-19
CMD08123,CL0518,P020,23/08/2023,5,3469.27,livré,CASABLANCA,Carte,LIV4,2023-08-24
CMD10506,CL0115,P081,2023-10-31,1,0,OK,marrakech,Carte,LIV4,
CMD09914,CL0981,P022,25/11/2023,4,588.17,en_cours,CASABLANCA,Carte,LIV9,
CMD02606,CL0375,P038,Feb 16 2024,1,872.98,en_cours,tanger,Carte,LIV7,
CMD07248,CL0645,P063,Sep 09 2023,4,2467.28,livré,tanger,Carte,LIV7,2023-09-14
CMD11647,CL0925,P100,2023-12-03,3,2387.12,annulé,tanger,Carte,LIV2,
CMD35552,CL0298,P069,30/01/2023,2,179.44,livré,RBA,Carte,LIV5,2023-02-04
CMD14304,CL0312,P010,27/04/2024,2,4996.95,OK,RBA,Carte,LIV1,
CMD12101,CL0180,P100,16/02/2024,1,1280.16,annulé,TNG,Carte,LIV2,
CMD20588,CL0306,P096,2023-08-13,2,2126.63,retourné,TNG,Carte,LIV1,2023-08-18
CMD27758,CL0803,P069,Jan 01 2023,5,4207.96,en_cours,Tnja,Carte,LIV7,
CMD39667,CL0172,P069,2023-07-06,1,1890.7,livré,TNG,Carte,LIV10,2023-07-08
CMD47986,CL0390,P097,2023-04-14,5,217.63,en_cours,Agadir,Carte,LIV7,
CMD21646,CL0530,P090,04/05/2024,3,3314.1,KO,RBA,Carte,,
CMD02402,CL0438,P035,May 15 2024,4,583.14,DONE,RBA,Carte,LIV3,2024-05-19
CMD39505,CL0367,P021,2023-05-05,5,4072.24,OK,Tnja,Carte,LIV4,
CMD36112,CL0804,P057,19/06/2023,2,3845.02,livré,TNG,Carte,LIV8,2023-06-20
CMD09222,CL0815,P048,21/07/2023,5,4883.13,livre,RBA,Carte,LIV3,
CMD09330,CL0928,P065,21/02/2024,4,1102.39,OK,casa,Carte,LIV8,
CMD25048,CL0893,P097,16/04/2024,1,862.62,KO,Agadir,Carte,LIV1,
CMD40561,CL0557,P064,2024-04-22,4,4164.89,livré,Tnja,Carte,LIV5,2024-04-25
CMD09246,CL0162,P066,03/07/2023,2,615.85,annulé,TANGER,Carte,LIV6,
CMD47358,CL0566,P059,2024-02-10,3,3498.85,en_cours,kech,Carte,,
CMD47769,CL0866,P047,2023-05-27,4,4322.76,KO,RBA,Carte,LIV4,
CMD01716,CL0524,P032,03/07/2023,5,3157.42,DONE,tanger,Carte,LIV5,2023-07-08
CMD31134,CL0274,P009,2023-09-13,2,1483.47,livré,RBA,Carte,LIV1,2023-09-15
CMD39258,CL0531,P032,13/02/2024,4,722.93,livré,Tnja,Carte,LIV9,2024-02-14
CMD27748,CL0596,P061,May 30 2023,5,1903.4,en_cours,tanger,Carte,LIV2,
CMD26441,CL0610,P019,04/01/2024,5,4781.69,livre,Agadir,Carte,LIV4,
CMD45504,CL0560,P039,24/02/2023,1,2271.36,retourné,Agadir,Carte,LIV3,2023-02-27
CMD17292,CL0583,P026,2023-12-22,5,4477.23,livré,casa,Carte,LIV2,2023-12-27
CMD25418,CL0197,P076,31/01/2023,2,4881.14,livre,RBA,Carte,,
CMD14324,CL0327,P038,2023-05-07,3,1342.61,livre,RBA,Carte,LIV9,
CMD09805,CL0970,P067,20/04/2024,2,1033.56,livre,TNG,Carte,LIV8,
CMD40354,CL0266,P082,2023-11-13,4,3558.6,en_cours,Tnja,Carte,LIV1,
CMD23696,CL0635,P049,May 25 2023,2,1852.82,annulé,tanger,Carte,LIV9,
CMD07747,CL0920,P011,2023-06-12,5,938.74,livré,CASABLANCA,Carte,LIV7,2023-06-17
CMD12906,CL0914,P042,2023-02-14,4,3848.73,LIVRE,CASABLANCA,Carte,LIV6,2023-02-19
CMD20709,CL0738,P085,2023-11-12,5,2450.87,livré,RBA,Carte,LIV6,2023-11-16
CMD35907,CL0166,P083,16/07/2023,5,4233.54,livré,tanger,Carte,LIV6,2023-07-21
CMD38105,CL0111,P078,Oct 07 2023,4,806.51,en_cours,casa,Carte,LIV5,
CMD40711,CL0582,P009,2023-03-03,5,4617.89,en_cours,casa,Carte,LIV3,
CMD31613,CL0003,P080,30/06/2023,4,3887.09,DONE,casa,Carte,LIV8,2023-07-02
CMD07659,CL0331,P075,23/05/2023,5,1918.99,KO,Tnja,Carte,LIV4,
CMD46919,CL0569,P041,Feb 24 2023,2,3172.04,KO,kech,Carte,,
CMD36231,CL0611,P032,Feb 20 2023,2,2074.41,retourné,TANGER,Carte,LIV9,2023-02-23
CMD01509,CL0250,P022,08/01/2023,5,355.61,DONE,Tnja,Carte,LIV3,2023-01-12
CMD02935,CL0887,P047,13/05/2024,3,4926.3,OK,TANGER,Carte,LIV6,
CMD02222,CL0527,P039,Jan 28 2024,3,3610.84,LIVRE,marrakech,Carte,LIV8,2024-02-02
CMD00779,CL0603,P033,Feb 21 2023,5,2549.58,livre,TNG,Carte,,
CMD27779,CL0182,P077,19/12/2023,2,2636.09,en_cours,casa,Carte,LIV2,
CMD40607,CL0704,P076,Nov 18 2023,1,2777.48,OK,TANGER,Carte,LIV9,
CMD18762,CL0281,P057,Apr 25 2024,2,3708.76,OK,kech,Carte,LIV7,
CMD22527,CL0964,P028,2023-05-09,4,1193.39,OK,kech,Carte,LIV10,
CMD03526,CL0757,P040,30/01/2023,3,327.91,en_cours,casa,Carte,LIV10,
CMD46435,CL0704,P013,Feb 01 2024,4,3258.09,en_cours,TANGER,Carte,LIV7,
CMD25100,CL0575,P061,Jun 29 2023,4,0,OK,CASABLANCA,Carte,LIV8,
CMD20434,CL0796,P044,2024-05-15,2,2558.3,LIVRE,TANGER,Carte,LIV9,2024-05-16
CMD08428,CL0584,P020,2023-07-30,3,3309.48,LIVRE,kech,Carte,LIV4,2023-07-31
CMD26364,CL0715,P075,16/12/2023,2,1935.13,livré,tanger,Carte,LIV5,2023-12-20
CMD09057,CL0023,P025,07/08/2023,1,643.81,livré,marrakech,Carte,LIV10,2023-08-11
CMD08786,CL0770,P015,2024-04-23,1,1481.56,OK,marrakech,Carte,LIV1,
CMD09674,CL0416,P020,2024-02-18,-1,2044.63,livre,RBA,Carte,LIV4,
CMD12713,CL0951,P015,Sep 05 2023,4,4365.89,retourné,Tnja,Carte,LIV7,2023-09-09
CMD00653,CL0690,P017,2023-03-23,5,3339.13,livré,Agadir,Carte,LIV9,2023-03-28
CMD33999,CL0449,P061,12/05/2023,5,3648.01,annulé,kech,Carte,LIV3,
CMD38084,CL0242,P034,22/06/2023,3,351.69,annulé,Tnja,Carte,LIV7,
CMD44202,CL0167,P051,Nov 03 2023,5,1808.26,livré,kech,Carte,LIV7,2023-11-04
CMD09654,CL0538,P053,15/10/2023,3,2186.01,annulé,CASABLANCA,Carte,,
CMD29080,CL0145,P072,2023-02-18,4,4185.72,retourné,CASABLANCA,Carte,LIV6,2023-02-22
CMD45007,CL0891,P087,2023-01-19,5,2850.8,OK,tanger,Carte,LIV10,
CMD05472,CL0307,P096,2023-09-14,1,1960.05,livré,Agadir,Carte,LIV1,2023-09-15
CMD38278,CL0845,P074,Jan 17 2023,3,4411.85,retourné,CASABLANCA,Carte,LIV9,2023-01-21
CMD37439,CL0615,P035,Jun 01 2023,2,536.26,DONE,CASABLANCA,Carte,LIV4,2023-06-06
CMD38561,CL0464,P099,2023-12-10,5,451.13,annulé,TNG,Carte,LIV2,
CMD06601,CL0903,P099,Feb 19 2024,5,0,livré,Agadir,Carte,LIV6,2024-02-24
CMD09185,CL0248,P039,31/03/2024,3,2067.37,retourné,Agadir,Carte,LIV10,2024-04-04
CMD11876,CL0218,P047,2024-02-17,4,1273.39,DONE,TNG,Carte,LIV8,2024-02-21
CMD45054,CL0234,P013,17/05/2023,5,2501.09,en_cours,kech,Carte,LIV10,
CMD10056,CL0312,P004,Apr 11 2024,2,543.33,LIVRE,RBA,Carte,LIV1,2024-04-13
CMD03447,CL0272,P098,Mar 23 2023,3,1194.9,livré,TNG,Carte,LIV5,2023-03-26
CMD08934,CL0386,P015,29/02/2024,4,3390.47,livré,tanger,Carte,LIV3,2024-03-03
CMD24567,CL0062,P061,2024-05-07,5,1565.92,OK,TNG,Carte,LIV9,
CMD13470,CL0830,P094,2023-06-16,5,4515.42,KO,kech,Carte,LIV8,
CMD30910,CL0502,P043,11/06/2023,2,523.73,KO,Tnja,Carte,LIV4,
CMD23988,CL0071,P050,04/11/2023,5,4689.14,DONE,casa,Carte,LIV2,2023-11-06
CMD31908,CL0175,P066,2023-12-14,4,3993.34,livré,tanger,Carte,LIV7,2023-12-16
CMD29766,CL0823,P062,Feb 14 2024,1,3110.05,livré,TNG,Carte,,2024-02-16
CMD10629,CL0209,P018,02/10/2023,5,2095.67,annulé,TNG,Carte,LIV2,
CMD42547,CL0058,P097,Jun 11 2023,4,163.53,livre,marrakech,Carte,LIV2,
CMD04656,CL0582,P004,Aug 04 2023,1,2816.15,livre,CASABLANCA,Carte,LIV7,
CMD21401,CL0082,P085,03/05/2023,5,2328.96,livré,marrakech,Carte,LIV7,2023-05-06
CMD46395,CL0156,P019,2024-02-21,1,2304.44,annulé,Agadir,Carte,LIV2,
CMD03950,CL0618,P094,02/03/2024,5,3745.55,OK,TNG,Carte,LIV1,
CMD28462,CL0832,P026,03/03/2023,2,4186.44,retourné,marrakech,Carte,LIV3,2023-03-04
CMD09730,CL0509,P063,2023-05-28,4,4545.67,KO,Agadir,Carte,LIV2,
CMD36930,CL0631,P004,2023-01-31,4,2587.71,DONE,tanger,Carte,LIV8,2023-02-04
CMD03406,CL0944,P041,Dec 28 2023,5,2401.78,livré,Tnja,Carte,LIV3,2024-01-02
CMD34419,CL0111,P069,2023-05-14,3,1333.26,KO,TANGER,Carte,LIV9,
CMD30494,CL0347,P083,10/03/2024,1,189.19,KO,TANGER,Carte,,
CMD27686,CL0247,P038,26/04/2023,3,3427.62,livré,casa,Carte,LIV4,2023-05-01
CMD00636,CL0429,P047,26/03/2023,3,2744.31,livré,marrakech,Carte,LIV4,2023-03-29
CMD01006,CL0122,P010,2024-02-19,3,1969.02,retourné,RBA,Carte,LIV3,2024-02-20
CMD13799,CL0820,P061,26/05/2023,3,3194.53,DONE,marrakech,Carte,LIV5,2023-05-30
CMD09212,CL0660,P063,2023-05-09,3,1775.27,livré,Tnja,Carte,LIV3,2023-05-12
CMD21792,CL0076,P084,25/02/2024,5,2192.68,DONE,TNG,Carte,LIV5,2024-02-27
CMD23406,CL0748,P057,Feb 16 2024,4,2397.58,livre,CASABLANCA,Carte,LIV5,
CMD11385,CL0547,P018,Jan 16 2024,3,493.04,retourné,tanger,Carte,LIV4,2024-01-18
CMD12872,CL0975,P041,03/05/2023,4,3273.69,OK,Tnja,Carte,LIV2,
CMD35390,CL0753,P066,2023-02-16,4,4410.23,KO,RBA,Carte,LIV8,
CMD40969,CL0255,P002,2023-12-23,2,4421.07,retourné,tanger,Carte,LIV6,2023-12-28
CMD07598,CL0324,P077,03/02/2023,3,2039.19,DONE,Agadir,Carte,LIV3,2023-02-07
CMD14589,CL0279,P081,2023-05-01,3,362.17,OK,RBA,Carte,LIV3,
CMD42692,CL0946,P017,29/10/2023,2,2578.13,KO,casa,Carte,,
CMD00921,CL0576,P079,Mar 11 2023,5,4074.86,livré,Tnja,Carte,LIV5,2023-03-14
CMD24523,CL0365,P044,11/10/2023,3,2900.05,livré,tanger,Carte,LIV7,2023-10-13
CMD22079,CL0276,P020,Dec 21 2023,5,4277.39,OK,tanger,Carte,LIV3,
CMD01154,CL0859,P035,2023-09-22,3,2442.58,livré,kech,Carte,LIV6,2023-09-24
CMD30208,CL0775,P015,16/12/2023,3,2201.74,livré,CASABLANCA,Carte,LIV2,2023-12-18
CMD04362,CL0677,P045,2023-04-02,5,3651.27,livre,tanger,Carte,LIV9,
CMD04107,CL0896,P039,10/05/2023,4,4214.0,LIVRE,marrakech,Carte,LIV6,2023-05-14
CMD35759,CL0134,P061,21/10/2023,3,2807.76,OK,casa,Carte,LIV6,
CMD39715,CL0986,P071,2023-01-26,5,2126.77,LIVRE,CASABLANCA,Carte,LIV2,2023-01-30
CMD40651,CL0647,P078,Jan 19 2024,2,4227.9,DONE,kech,Carte,LIV9,2024-01-23
CMD24825,CL0568,P090,07/05/2024,5,4066.02,OK,Tnja,Carte,LIV3,
CMD39872,CL0627,P016,27/03/2023,5,4859.26,annulé,CASABLANCA,Carte,LIV2,
CMD16068,CL0472,P059,26/07/2023,4,1785.73,livre,TNG,Carte,,
CMD17418,CL0592,P083,Jul 09 2023,3,3499.65,livré,marrakech,Carte,LIV6,2023-07-10
CMD23660,CL0291,P017,10/02/2024,4,799.18,retourné,Tnja,Carte,LIV4,2024-02-13
CMD43461,CL0543,P064,2023-05-13,2,901.69,livré,marrakech,Carte,LIV2,2023-05-18
CMD44351,CL0146,P060,Jul 29 2023,1,4333.86,OK,casa,Carte,LIV2,
CMD19943,CL0858,P033,Aug 31 2023,3,1849.94,DONE,tanger,Carte,LIV2,2023-09-03
CMD14529,CL0873,P088,Aug 12 2023,5,2916.95,livré,casa,Carte,LIV5,2023-08-14
CMD36148,CL0536,P100,2023-10-18,1,2743.25,DONE,Tnja,Carte,LIV10,2023-10-19
CMD24370,CL0037,P091,2024-05-04,4,2024.59,annulé,CASABLANCA,Carte,LIV6,
CMD24485,CL0104,P087,Jul 01 2023,3,3402.66,LIVRE,Tnja,Carte,LIV1,2023-07-03
CMD45164,CL0943,P048,2023-02-06,3,742.21,retourné,casa,Carte,LIV7,2023-02-09
CMD20763,CL0024,P072,Mar 21 2024,4,3329.13,DONE,tanger,Carte,LIV10,2024-03-26
CMD43171,CL0135,P067,2023-02-19,4,1241.14,livré,kech,Carte,LIV10,2023-02-24
CMD02895,CL0576,P091,Jul 03 2023,1,4672.89,livré,marrakech,Carte,LIV9,2023-07-08
CMD22240,CL0729,P019,02/06/2023,3,2296.02,livre,TNG,Carte,LIV5,
CMD04184,CL0670,P033,Mar 04 2024,5,3129.42,livré,Tnja,Carte,LIV10,2024-03-09
CMD41124,CL0039,P013,Sep 09 2023,2,365.0,livre,RBA,Carte,LIV5,
CMD46566,CL0538,P001,May 11 2024,3,273.56,KO,marrakech,Carte,LIV5,
CMD43709,CL0776,P014,2023-06-05,4,2958.74,OK,kech,Carte,LIV3,
CMD31603,CL0404,P055,12/04/2024,4,3532.28,annulé,TANGER,Carte,LIV4,
CMD36357,CL0430,P062,20/05/2023,5,337.15,livré,tanger,Carte,LIV7,2023-05-23
CMD13010,CL0447,P003,16/06/2023,3,2664.79,LIVRE,Tnja,Carte,LIV2,2023-06-18
CMD02334,CL0249,P033,08/06/2023,1,1244.8,livre,TANGER,Carte,LIV4,
CMD12340,CL0499,P081,17/11/2023,3,1900.4,annulé,casa,Carte,LIV1,
CMD25862,CL0797,P096,23/05/2023,2,3849.12,retourné,Tnja,Carte,LIV8,2023-05-26
CMD17186,CL0554,P030,2023-11-19,4,4132.67,livré,TNG,Carte,LIV6,2023-11-24
CMD30187,CL0445,P065,Feb 12 2023,1,3845.73,OK,TANGER,Carte,LIV2,
CMD46880,CL0963,P010,Apr 12 2024,4,382.94,LIVRE,TANGER,Carte,LIV6,2024-04-13
CMD35911,CL0656,P052,04/02/2023,5,1838.34,en_cours,kech,Carte,,
CMD00184,CL0269,P031,31/10/2023,4,1496.95,livré,casa,Carte,LIV3,2023-11-02
CMD02980,CL0331,P072,2023-07-07,3,573.47,retourné,CASABLANCA,Carte,LIV3,2023-07-12
CMD45834,CL0624,P026,Apr 03 2023,4,1004.68,livré,tanger,Carte,LIV7,2023-04-07
CMD46974,CL0989,P076,06/12/2023,5,4434.51,DONE,tanger,Carte,LIV9,2023-12-08
CMD31385,CL0194,P099,27/08/2023,4,2310.7,en_cours,tanger,Carte,LIV2,
CMD35197,CL0566,P096,Nov 20 2023,5,1135.54,retourné,Agadir,Carte,LIV6,2023-11-25
CMD25321,CL0364,P072,2023-05-10,3,1074.48,livré,tanger,Carte,LIV2,2023-05-14
CMD44508,CL0763,P002,2024-01-31,3,2425.71,OK,tanger,Carte,LIV8,
CMD30781,CL0897,P053,13/02/2023,1,3942.34,OK,CASABLANCA,Carte,LIV5,
CMD45945,CL0247,P028,29/04/2023,1,2488.61,livré,RBA,Carte,LIV1,2023-05-02
CMD36378,CL0671,P073,Jan 27 2024,2,2410.48,OK,casa,Carte,LIV6,
CMD02834,CL0945,P012,Dec 09 2023,3,921.26,livré,kech,Carte,LIV6,2023-12-12
CMD40124,CL0113,P021,31/07/2023,5,3895.52,annulé,TNG,Carte,LIV7,
CMD32521,CL0854,P038,Nov 29 2023,1,2510.48,KO,TNG,Carte,LIV10,
CMD44786,CL0823,P047,2023-09-18,3,0,LIVRE,Tnja,Carte,LIV8,2023-09-23
CMD18784,CL0287,P061,Mar 08 2023,3,1567.22,LIVRE,Tnja,Carte,LIV9,2023-03-12
CMD47375,CL0203,P028,May 10 2023,3,4696.67,OK,TNG,Carte,LIV1,
CMD43036,CL0945,P082,2023-10-04,4,2832.33,livré,Agadir,Carte,LIV6,2023-10-07
CMD30704,CL0445,P004,Nov 10 2023,1,1467.74,OK,TANGER,Carte,LIV2,
CMD47810,CL0697,P073,2023-04-30,2,774.36,livre,Tnja,Carte,LIV10,
CMD22576,CL0494,P064,Apr 11 2024,2,4268.84,retourné,Agadir,Carte,LIV6,2024-04-15
CMD27984,CL0791,P079,02/05/2024,3,1744.85,livré,TNG,Carte,LIV2,2024-05-04
CMD22781,CL0405,P071,Sep 09 2023,1,3035.45,KO,tanger,Carte,LIV8,
CMD03356,CL0155,P042,23/02/2023,2,1793.24,DONE,Agadir,Carte,LIV6,2023-02-24
CMD07864,CL0057,P005,28/03/2023,1,3019.65,LIVRE,Tnja,Carte,LIV10,2023-03-30
CMD17257,CL0635,P053,Apr 07 2023,4,3580.21,KO,marrakech,Carte,LIV9,
CMD17882,CL0830,P001,2023-02-26,3,451.4,livre,casa,Carte,LIV1,
CMD25843,CL0517,P041,2023-05-20,5,1542.98,LIVRE,RBA,Carte,LIV7,2023-05-24
CMD39836,CL0069,P013,2023-06-05,3,2811.51,LIVRE,marrakech,Carte,LIV4,2023-06-06
CMD03557,CL0041,P009,22/10/2023,2,3679.21,KO,casa,Carte,LIV9,
CMD09042,CL0386,P002,Mar 14 2024,5,4153.45,en_cours,tanger,Carte,LIV2,
CMD44719,CL0852,P093,2023-08-05,4,555.02,KO,Tnja,Carte,LIV10,
CMD02820,CL0660,P013,2023-06-06,2,1515.61,livre,casa,Carte,LIV8,
CMD23018,CL0378,P002,23/01/2024,1,3344.78,en_cours,tanger,Carte,LIV2,
CMD23012,CL0601,P093,09/06/2023,1,2291.42,livré,casa,Carte,LIV3,2023-06-12
CMD09450,CL0272,P008,Jan 28 2023,4,4698.18,retourné,tanger,Carte,LIV3,2023-01-30
CMD43850,CL0143,P058,2023-12-01,1,4968.11,DONE,casa,Carte,LIV10,2023-12-04
CMD34079,CL0896,P021,27/01/2023,5,3007.05,OK,TANGER,Carte,LIV6,
CMD47644,CL0271,P008,2024-02-15,2,3231.75,LIVRE,casa,Carte,LIV1,2024-02-16
CMD48438,CL0247,P020,20/11/2023,4,2002.05,KO,TANGER,Carte,LIV10,
CMD24336,CL0776,P057,2024-03-10,4,2609.08,livré,marrakech,Carte,LIV8,2024-03-14
CMD44619,CL0654,P013,Feb 18 2023,2,4134.51,livré,Agadir,Carte,LIV2,2023-02-20
CMD13675,CL0421,P068,2024-01-13,1,3075.03,retourné,casa,Carte,LIV4,2024-01-17
CMD31374,CL0977,P059,2023-04-16,1,2500.5,LIVRE,kech,Carte,LIV3,2023-04-20
CMD27069,CL0218,P038,05/02/2023,2,78.76,retourné,tanger,Carte,,2023-02-06
CMD14577,CL0053,P047,24/12/2023,2,3528.98,LIVRE,TANGER,Carte,LIV8,2023-12-26
CMD48158,CL0109,P027,09/03/2023,1,4588.35,LIVRE,TNG,Carte,LIV7,2023-03-12
CMD29792,CL0397,P039,2023-09-17,3,3300.51,livre,marrakech,Carte,LIV2,
CMD35400,CL0355,P047,04/05/2023,1,2487.68,DONE,marrakech,Carte,LIV2,2023-05-08
CMD18312,CL0223,P052,25/09/2023,2,3721.73,livré,tanger,Carte,LIV1,2023-09-26
CMD36333,CL0624,P077,May 22 2023,4,4569.24,en_cours,CASABLANCA,Carte,LIV1,
CMD03269,CL0300,P026,29/02/2024,2,56.47,OK,TANGER,Carte,LIV5,
CMD16424,CL0726,P075,Jul 02 2023,1,2593.03,en_cours,TANGER,Carte,LIV6,
CMD36104,CL0062,P057,31/10/2023,5,94.02,LIVRE,casa,Carte,LIV6,2023-11-01
CMD01331,CL0071,P024,Apr 15 2024,1,91.45,en_cours,tanger,Carte,LIV6,
CMD07207,CL0490,P016,28/01/2023,2,2998.83,LIVRE,Agadir,Carte,LIV6,2023-01-30
CMD08750,CL0309,P017,2023-05-12,4,456.39,OK,tanger,Carte,LIV8,
CMD04812,CL0386,P040,14/05/2023,1,3294.5,DONE,RBA,Carte,LIV6,2023-05-18
CMD41526,CL0446,P061,Aug 20 2023,2,975.08,livré,TNG,Carte,LIV5,2023-08-22
CMD23684,CL0350,P030,04/04/2023,3,888.22,OK,Agadir,Carte,LIV5,
CMD26910,CL0735,P054,2024-01-18,2,1756.37,livré,Tnja,Carte,LIV5,2024-01-20
CMD45680,CL0280,P081,2023-05-12,4,3035.6,OK,casa,Carte,LIV1,
CMD37671,CL0245,P065,Oct 30 2023,1,999.94,KO,CASABLANCA,Carte,LIV7,
CMD04833,CL0942,P072,2023-05-05,3,4260.13,livré,Agadir,Carte,LIV9,2023-05-07
CMD44840,CL0398,P097,2023-11-13,3,1858.09,livré,TNG,Carte,LIV9,2023-11-17
CMD35597,CL0272,P006,Jan 10 2023,1,806.63,livré,TANGER,Carte,LIV5,2023-01-12
CMD43522,CL0380,P065,01/01/2023,1,4169.74,livré,Agadir,Carte,LIV2,2023-01-04
CMD04090,CL0025,P041,2023-12-28,4,1656.95,livré,CASABLANCA,Carte,LIV1,2023-12-31
CMD39709,CL0865,P052,09/05/2024,2,4988.18,livré,RBA,Carte,LIV5,2024-05-13
CMD28115,CL0343,P025,May 13 2024,1,377.72,livre,CASABLANCA,Carte,,
CMD16484,CL0099,P015,2023-08-07,3,2565.93,annulé,TNG,Carte,,
CMD45962,CL0932,P090,May 12 2024,2,4791.86,LIVRE,TANGER,Carte,LIV5,2024-05-13
CMD45957,CL0691,P010,May 21 2023,1,2415.51,livré,Tnja,Carte,LIV9,2023-05-26
CMD25894,CL0088,P079,10/03/2024,5,2758.74,annulé,marrakech,Carte,LIV10,
CMD37952,CL0944,P040,Mar 15 2023,3,4659.62,livre,Agadir,Carte,,
CMD03652,CL0819,P005,23/07/2023,1,1607.86,OK,marrakech,Carte,LIV7,
CMD00181,CL0147,P046,Aug 08 2023,2,465.79,LIVRE,marrakech,Carte,LIV10,2023-08-13
CMD19644,CL0305,P039,2024-03-26,5,4835.63,DONE,TNG,Carte,LIV6,2024-03-29
CMD13786,CL0875,P025,2023-08-11,4,4918.13,KO,kech,Carte,LIV6,
CMD41696,CL0778,P086,Mar 23 2024,1,3298.11,en_cours,TANGER,Carte,LIV10,
CMD05613,CL0278,P047,Dec 10 2023,4,751.82,retourné,kech,Carte,LIV9,2023-12-13
CMD30270,CL0921,P003,04/02/2024,3,4928.77,livré,casa,Carte,LIV10,2024-02-08
CMD07091,CL0807,P080,Feb 09 2024,2,2554.72,annulé,TANGER,Carte,LIV5,
CMD46247,CL0482,P002,Jan 02 2023,2,4416.05,OK,Tnja,Carte,LIV6,
CMD19156,CL0412,P018,07/04/2024,-1,702.2,livré,RBA,Carte,LIV3,2024-04-11
CMD11463,CL0656,P049,Mar 07 2024,2,0,KO,kech,Carte,LIV5,
CMD03529,CL0822,P070,2024-03-08,4,2261.69,KO,TANGER,Carte,LIV5,
CMD28595,CL0631,P032,Jan 19 2024,2,1815.19,LIVRE,CASABLANCA,Carte,LIV7,2024-01-24
CMD47307,CL0891,P074,25/03/2023,4,4235.11,annulé,casa,Carte,LIV3,
CMD04748,CL0115,P090,2023-09-27,5,1417.14,livré,kech,Carte,LIV2,2023-09-29
CMD46202,CL0947,P090,Nov 20 2023,2,534.32,livre,casa,Carte,LIV7,
CMD23937,CL0203,P003,03/04/2024,2,2708.63,LIVRE,marrakech,Carte,LIV2,2024-04-07
CMD32832,CL0960,P093,Dec 23 2023,2,2979.32,OK,TNG,Carte,LIV6,
CMD12762,CL0761,P004,May 22 2023,1,4750.74,livré,tanger,Carte,LIV9,2023-05-23
CMD14287,CL0414,P079,Oct 13 2023,4,2250.26,DONE,RBA,Carte,LIV10,2023-10-17
CMD34322,CL0136,P044,19/12/2023,2,1225.4,LIVRE,Agadir,Carte,LIV3,2023-12-24
CMD13178,CL0231,P050,Jun 26 2023,1,982.76,livré,CASABLANCA,Carte,LIV5,2023-07-01
CMD19421,CL0102,P099,2023-09-08,1,1437.75,retourné,TANGER,Carte,LIV4,2023-09-10
CMD01820,CL0686,P059,03/08/2023,4,3764.98,livre,CASABLANCA,Carte,LIV9,
CMD31913,CL0896,P026,2024-03-06,1,3865.23,livré,RBA,Carte,LIV5,2024-03-07
CMD32795,CL0251,P042,Feb 05 2024,2,697.54,KO,marrakech,Carte,LIV3,
CMD35114,CL0253,P007,Jul 05 2023,5,297.02,livré,tanger,Carte,LIV8,2023-07-10
CMD18574,CL0261,P091,May 15 2023,3,4849.01,OK,RBA,Carte,LIV2,
CMD48476,CL0711,P089,May 25 2023,3,516.28,retourné,RBA,Carte,LIV8,2023-05-30
CMD02174,CL0504,P055,Mar 01 2023,1,4654.45,livré,kech,Carte,LIV2,2023-03-06
CMD14496,CL0324,P010,2023-05-01,4,3734.73,OK,Agadir,Carte,LIV3,
CMD05061,CL0873,P027,29/07/2023,5,4336.01,OK,CASABLANCA,Carte,LIV9,
CMD29791,CL0198,P080,Dec 21 2023,4,1910.86,KO,Tnja,Carte,LIV6,
CMD42248,CL0063,P082,2023-01-13,4,1823.16,OK,Tnja,Carte,LIV1,
CMD44379,CL0387,P014,Sep 21 2023,5,2238.89,livré,tanger,Carte,LIV3,2023-09-26
CMD05875,CL0343,P038,2023-12-30,2,4067.64,annulé,Tnja,Carte,LIV4,
CMD41997,CL0858,P090,2024-04-02,4,3047.54,KO,tanger,Carte,LIV2,
CMD08735,CL0474,P051,May 24 2023,5,1188.75,livré,casa,Carte,LIV4,2023-05-26
CMD00399,CL0784,P057,2023-08-09,1,3549.78,OK,casa,Carte,LIV9,
CMD12370,CL0489,P024,20/02/2024,5,4739.2,livré,TNG,Carte,LIV1,2024-02-23
CMD23438,CL0171,P007,12/07/2023,3,3887.99,en_cours,RBA,Carte,LIV6,
CMD47171,CL0743,P021,Apr 25 2024,5,1666.27,retourné,RBA,Carte,LIV1,2024-04-29
CMD06979,CL0823,P047,2023-02-27,2,2454.48,annulé,marrakech,Carte,LIV8,
CMD02864,CL0867,P099,18/10/2023,2,4155.35,livré,Agadir,Carte,LIV5,2023-10-22
CMD06597,CL0405,P076,14/05/2023,3,4457.27,livre,RBA,Carte,LIV4,
CMD24674,CL0958,P004,2024-02-21,3,4441.33,livre,TNG,Carte,LIV1,
CMD42715,CL0291,P057,2024-02-05,5,4465.87,LIVRE,marrakech,Carte,LIV4,2024-02-09
CMD09872,CL0235,P056,Jul 08 2023,1,2770.81,livré,marrakech,Carte,LIV3,2023-07-09
CMD25666,CL0315,P067,Mar 08 2024,3,3678.4,en_cours,Tnja,Carte,LIV10,
CMD40482,CL0302,P019,31/05/2023,2,1537.39,DONE,TANGER,Carte,,2023-06-05
CMD44994,CL0319,P015,16/02/2023,5,2230.99,KO,marrakech,Carte,LIV8,
CMD17509,CL0186,P069,16/06/2023,4,4156.41,livre,kech,Carte,LIV4,
CMD07428,CL0019,P068,08/05/2024,5,3188.66,KO,TANGER,Carte,LIV3,
CMD26371,CL0327,P089,08/11/2023,1,4858.59,livre,TNG,Carte,LIV3,
CMD34215,CL0389,P081,2024-02-26,3,3828.7,livre,RBA,Carte,LIV10,
CMD47071,CL0401,P007,19/11/2023,4,3368.61,livré,tanger,Carte,LIV6,2023-11-23
CMD19511,CL0041,P068,05/12/2023,1,4431.3,retourné,TANGER,Carte,LIV5,2023-12-08
CMD24991,CL0565,P076,25/04/2023,5,4619.41,DONE,RBA,Carte,LIV1,2023-04-30
CMD12351,CL0634,P023,2023-04-06,2,3288.39,LIVRE,Agadir,Carte,LIV6,2023-04-09
CMD09234,CL0261,P072,2023-06-23,4,354.04,livré,TANGER,Carte,LIV3,2023-06-25
CMD18567,CL0486,P061,2024-03-12,2,3818.19,livré,TNG,Carte,LIV9,2024-03-17
CMD31748,CL0988,P037,05/01/2024,3,1202.82,DONE,TNG,Carte,LIV8,2024-01-06
CMD06295,CL0606,P086,2024-03-03,2,496.99,annulé,CASABLANCA,Carte,LIV1,
CMD19296,CL0587,P093,May 13 2023,4,1483.47,OK,RBA,Carte,LIV6,
CMD12375,CL0444,P080,Nov 25 2023,4,714.15,KO,Tnja,Carte,LIV9,
CMD30577,CL0188,P012,2023-02-17,1,1159.18,KO,casa,Carte,,
CMD39772,CL0794,P056,Jul 23 2023,2,272.26,LIVRE,marrakech,Carte,LIV3,2023-07-25
CMD37251,CL0439,P009,Feb 26 2024,2,4788.11,livré,casa,Carte,LIV6,2024-03-01
CMD34012,CL0643,P064,Aug 19 2023,3,3130.66,annulé,TNG,Carte,LIV8,
CMD34652,CL0371,P030,2023-03-11,1,3587.67,livré,tanger,Carte,LIV8,2023-03-14
CMD21999,CL0178,P081,Jun 10 2023,4,2482.92,KO,RBA,Carte,LIV4,
CMD10969,CL0806,P075,Mar 27 2024,2,2831.46,livré,TNG,Carte,LIV9,2024-04-01
CMD44437,CL0515,P041,May 15 2023,2,737.55,livré,Agadir,Carte,LIV6,2023-05-20
CMD31139,CL0092,P093,03/08/2023,4,4405.92,livré,tanger,Carte,,2023-08-06
CMD32946,CL0855,P044,2023-03-12,4,545.84,LIVRE,marrakech,Carte,LIV9,2023-03-15
CMD01743,CL0262,P076,04/02/2024,4,373.0,livré,RBA,Carte,LIV8,2024-02-06
CMD00833,CL0093,P056,2023-12-04,2,3823.27,livré,CASABLANCA,Carte,LIV9,2023-12-08
CMD10496,CL0765,P068,2024-03-16,4,4329.06,livre,casa,Carte,LIV7,
CMD12212,CL0966,P076,08/12/2023,1,4224.46,livré,Agadir,Carte,LIV9,2023-12-09
CMD14987,CL0384,P051,07/01/2023,3,3240.54,retourné,TNG,Carte,LIV5,2023-01-10
CMD25993,CL0165,P036,Feb 13 2023,1,1546.99,LIVRE,TANGER,Carte,LIV2,2023-02-14
CMD04983,CL0052,P060,May 01 2023,3,1918.02,en_cours,TNG,Carte,LIV6,
CMD18861,CL0938,P030,17/06/2023,2,256.47,livré,Agadir,Carte,LIV3,2023-06-20
CMD06624,CL0423,P013,15/03/2024,3,476.46,en_cours,casa,Carte,LIV9,
CMD37467,CL0774,P069,2023-07-12,1,1992.9,OK,tanger,Carte,,
CMD33030,CL0858,P077,Oct 03 2023,2,3031.49,annulé,Tnja,Carte,LIV8,
CMD32336,CL0418,P053,Aug 14 2023,3,4430.62,livre,kech,Carte,LIV6,
CMD34946,CL0107,P069,2024-02-24,2,2711.07,livré,kech,Carte,,2024-02-29
CMD06193,CL0769,P009,2023-05-27,4,1687.51,livré,TNG,Carte,LIV7,2023-05-30
CMD24101,CL0872,P058,May 05 2024,1,908.92,LIVRE,RBA,Carte,LIV1,2024-05-10
CMD39743,CL0425,P085,2023-02-15,4,3399.98,OK,Agadir,Carte,LIV6,
CMD07949,CL0833,P014,2023-09-19,5,2793.39,LIVRE,casa,Carte,LIV1,2023-09-21
CMD00028,CL0060,P089,2023-08-12,5,859.14,retourné,Tnja,Carte,LIV4,2023-08-17
CMD28479,CL0106,P042,17/12/2023,5,2547.9,OK,marrakech,Carte,LIV5,
CMD13026,CL0412,P099,Apr 19 2023,4,2047.06,livré,kech,Carte,LIV4,2023-04-22
CMD27732,CL0027,P027,Oct 23 2023,2,3296.13,retourné,RBA,Carte,LIV10,2023-10-25
CMD32883,CL0542,P005,05/02/2023,4,2128.58,KO,Tnja,Carte,LIV2,
CMD39811,CL0970,P083,2023-11-10,4,94.85,OK,Tnja,Carte,LIV7,
CMD32220,CL0486,P087,2023-10-10,4,542.79,livré,RBA,Carte,LIV2,2023-10-13
CMD11807,CL0267,P019,09/12/2023,1,3746.04,LIVRE,tanger,Carte,LIV1,2023-12-10
CMD26758,CL0495,P068,2023-08-01,2,2780.6,KO,CASABLANCA,Carte,LIV7,
CMD44216,CL0326,P082,06/03/2024,5,2215.15,LIVRE,marrakech,Carte,LIV3,2024-03-11
CMD20737,CL0282,P053,06/04/2023,1,2558.05,livré,kech,Carte,LIV5,2023-04-10
CMD14363,CL0130,P086,2024-04-26,2,714.56,livré,CASABLANCA,Carte,LIV8,2024-04-28
CMD23491,CL0352,P027,2023-10-06,1,145.7,livré,RBA,Carte,LIV9,2023-10-11
CMD40525,CL0326,P059,2024-02-21,2,3955.79,KO,CASABLANCA,Carte,LIV9,
CMD12847,CL0094,P048,23/08/2023,3,3129.26,livré,TANGER,Carte,LIV7,2023-08-28
CMD12330,CL0697,P009,2023-07-04,2,83.87,livré,RBA,Carte,LIV9,2023-07-06
CMD31487,CL0364,P059,Jul 12 2023,4,452.11,livré,kech,Carte,LIV5,2023-07-14
CMD37115,CL0428,P051,14/02/2023,2,4769.51,en_cours,tanger,Carte,LIV2,
CMD26508,CL0470,P089,2023-01-11,4,3448.42,DONE,TANGER,Carte,LIV5,2023-01-14
CMD04089,CL0261,P098,2023-10-05,3,2672.21,LIVRE,casa,Carte,LIV7,2023-10-08
CMD38164,CL0637,P090,Mar 29 2023,3,179.25,livre,casa,Carte,LIV4,
CMD04542,CL0748,P047,Jan 04 2024,2,520.32,KO,TANGER,Carte,LIV10,
CMD32738,CL0869,P005,2024-02-09,2,4247.62,annulé,Tnja,Carte,,
CMD09504,CL0426,P026,2023-03-27,4,1177.49,livré,CASABLANCA,Carte,LIV6,2023-03-30
CMD26933,CL0763,P053,2023-02-13,1,4093.7,livré,Tnja,Carte,LIV2,2023-02-17
CMD11511,CL0927,P096,05/02/2024,5,3552.31,livré,kech,Carte,LIV6,2024-02-06
CMD06448,CL0642,P058,17/02/2023,2,4249.23,livré,kech,Carte,LIV10,2023-02-20
CMD28276,CL0663,P082,11/07/2023,2,3098.48,annulé,tanger,Carte,LIV8,
CMD32219,CL0790,P069,Jun 08 2023,5,1308.87,OK,marrakech,Carte,LIV1,
CMD12721,CL0739,P036,2023-01-14,1,664.84,annulé,TNG,Carte,LIV9,
CMD31322,CL0515,P066,Apr 29 2023,4,2695.44,LIVRE,Agadir,Carte,LIV4,2023-05-04
CMD40762,CL0638,P017,15/03/2024,5,2621.93,LIVRE,TNG,Carte,LIV5,2024-03-20
CMD18432,CL0123,P089,Oct 07 2023,5,2032.65,livré,RBA,Carte,LIV6,2023-10-08
CMD18026,CL0710,P028,2023-07-20,5,3982.52,annulé,CASABLANCA,Carte,LIV1,
CMD01185,CL0558,P043,Aug 21 2023,3,2630.81,en_cours,casa,Carte,LIV8,
CMD35783,CL0542,P051,20/02/2023,-1,4284.55,retourné,RBA,Carte,LIV5,2023-02-21
CMD09723,CL0891,P001,Feb 15 2024,4,1536.59,LIVRE,Agadir,Carte,LIV10,2024-02-19
CMD33491,CL0168,P031,01/06/2023,2,4332.16,en_cours,casa,Carte,,
CMD41949,CL0182,P016,14/08/2023,4,100.67,retourné,CASABLANCA,Carte,LIV8,2023-08-17
CMD32884,CL0120,P091,2023-06-21,5,389.29,livré,Agadir,Carte,LIV5,2023-06-25
CMD09842,CL0336,P056,2023-01-08,4,4866.25,livré,casa,Carte,LIV9,2023-01-13
CMD32203,CL0050,P064,Mar 31 2024,5,4517.28,KO,marrakech,Carte,LIV4,
CMD48260,CL0211,P071,12/02/2024,2,815.86,retourné,marrakech,Carte,LIV1,2024-02-17
CMD28886,CL0540,P048,2023-02-23,3,3693.23,livré,tanger,Carte,LIV9,2023-02-27
CMD10072,CL0569,P063,Sep 07 2023,3,1593.77,en_cours,RBA,Carte,LIV5,
CMD41825,CL0483,P042,16/03/2024,5,4668.49,livré,RBA,Carte,LIV7,2024-03-18
CMD13485,CL0473,P037,Feb 03 2023,2,4525.19,livré,TANGER,Carte,LIV9,2023-02-08
CMD21349,CL0254,P002,2024-02-20,3,3396.73,livré,RBA,Carte,LIV9,2024-02-24
CMD42363,CL0172,P016,Apr 16 2024,3,3530.49,annulé,marrakech,Carte,LIV8,
CMD27540,CL0005,P041,Apr 29 2023,3,4933.84,livré,kech,Carte,LIV1,2023-05-01
CMD04663,CL0726,P055,26/02/2024,4,874.71,KO,casa,Carte,LIV1,
CMD16729,CL0468,P085,2023-03-07,3,1939.17,livré,tanger,Carte,LIV8,2023-03-11
CMD06263,CL0881,P041,2024-03-03,5,2244.16,OK,RBA,Carte,,
CMD16231,CL0093,P043,12/08/2023,4,2801.33,livre,Agadir,Carte,LIV3,
CMD34637,CL0595,P081,13/03/2023,1,1994.72,retourné,kech,Carte,LIV9,2023-03-15
CMD17082,CL0076,P014,06/12/2023,2,4364.0,annulé,kech,Carte,,
CMD01885,CL0830,P015,Mar 22 2024,2,2321.69,en_cours,CASABLANCA,Carte,LIV3,
CMD07783,CL0489,P033,2023-02-21,4,324.9,livré,casa,Carte,LIV8,2023-02-23
CMD42536,CL0708,P098,23/04/2023,1,157.29,livré,tanger,Carte,LIV9,2023-04-26
CMD02165,CL0043,P087,Mar 04 2023,3,2497.82,en_cours,casa,Carte,LIV6,
CMD07429,CL0582,P066,2023-07-11,1,2827.39,livré,marrakech,Carte,LIV10,2023-07-13
CMD16519,CL0356,P070,2023-06-01,2,1124.48,livré,TANGER,Carte,LIV4,2023-06-03
CMD46645,CL0769,P046,Feb 14 2023,3,897.02,retourné,marrakech,Carte,LIV4,2023-02-15
CMD23561,CL0036,P051,01/01/2024,5,1458.85,DONE,RBA,Carte,LIV5,2024-01-04
CMD29378,CL0486,P015,2023-03-13,4,2431.12,en_cours,Tnja,Carte,LIV5,
CMD45900,CL0596,P061,2024-01-09,3,4192.33,OK,casa,Carte,LIV5,
CMD39526,CL0642,P024,Jan 30 2024,3,513.11,retourné,TANGER,Carte,LIV9,2024-01-31
CMD06446,CL0296,P065,2023-11-12,4,1696.53,retourné,kech,Carte,LIV7,2023-11-13
CMD39813,CL0149,P014,2023-10-19,2,4393.8,KO,RBA,Carte,LIV5,
CMD03973,CL0073,P092,2023-05-18,5,602.72,livré,CASABLANCA,Carte,LIV2,2023-05-19
CMD42507,CL0512,P041,18/07/2023,1,2201.87,KO,casa,Carte,LIV3,
CMD46360,CL0506,P013,2023-03-01,4,3128.22,en_cours,Tnja,Carte,LIV5,
CMD32538,CL0231,P088,07/06/2023,1,3783.44,annulé,Tnja,Carte,LIV4,
CMD26545,CL0201,P100,Jan 30 2023,2,446.01,OK,kech,Carte,LIV6,
CMD15520,CL0502,P061,Jan 17 2024,3,0,livré,casa,Carte,LIV6,2024-01-20
CMD22918,CL0981,P075,02/10/2023,1,1076.21,livre,TNG,Carte,LIV3,
CMD20382,CL0596,P031,05/03/2024,1,3923.74,livré,casa,Carte,LIV6,2024-03-10
CMD01202,CL0380,P041,25/01/2024,5,1846.4,OK,TANGER,Carte,LIV1,
CMD11619,CL0577,P041,02/10/2023,5,2683.36,livré,Agadir,Carte,LIV4,2023-10-03
CMD27189,CL0251,P060,Apr 11 2023,4,863.09,KO,kech,Carte,LIV8,
CMD38136,CL0868,P025,Jan 21 2024,1,2220.18,en_cours,RBA,Carte,LIV2,
CMD18668,CL0943,P066,Feb 26 2023,5,1317.39,livré,TANGER,Carte,LIV6,2023-03-03
CMD32319,CL0926,P096,2023-05-22,5,3507.21,livré,TANGER,Carte,LIV8,2023-05-24
CMD46042,CL0491,P036,Jan 05 2023,5,4430.0,livré,tanger,Carte,LIV1,2023-01-06
CMD19502,CL0195,P078,2024-02-11,4,4723.5,KO,marrakech,Carte,LIV6,
CMD16021,CL0855,P071,19/11/2023,4,2823.61,livré,RBA,Carte,LIV1,2023-11-20
CMD21942,CL0206,P013,2023-04-04,5,1324.79,annulé,casa,Carte,LIV9,
CMD29051,CL0156,P095,2024-05-01,4,1515.99,KO,Tnja,Carte,LIV5,
CMD08430,CL0919,P029,05/02/2024,2,3334.57,livré,Agadir,Carte,LIV7,2024-02-06
CMD16794,CL0519,P075,2023-05-05,3,4514.35,KO,marrakech,Carte,LIV3,
CMD46744,CL0149,P008,2023-10-15,3,3521.42,DONE,casa,Carte,LIV7,2023-10-18
CMD34492,CL0485,P070,19/01/2024,4,757.96,KO,kech,Carte,LIV8,
CMD33261,CL0772,P090,Aug 31 2023,1,483.01,livré,Tnja,Carte,LIV10,2023-09-04
CMD03600,CL0088,P071,29/04/2023,2,4068.31,livré,casa,Carte,LIV5,2023-05-04
CMD39747,CL0779,P009,2023-05-09,2,4112.62,LIVRE,RBA,Carte,LIV3,2023-05-12
CMD13584,CL0445,P070,2023-10-07,2,4984.04,DONE,Agadir,Carte,LIV3,2023-10-11
CMD44184,CL0023,P063,14/09/2023,2,3536.32,DONE,tanger,Carte,LIV8,2023-09-16
CMD20636,CL0390,P012,15/05/2023,2,2130.42,livré,kech,Carte,LIV9,2023-05-16
CMD31326,CL0264,P037,2023-01-18,1,2870.57,LIVRE,casa,Carte,LIV1,2023-01-22
CMD13517,CL0369,P098,Apr 28 2024,5,3476.36,livre,CASABLANCA,Carte,LIV4,
CMD29156,CL0542,P017,03/04/2023,1,3399.17,livré,TNG,Carte,LIV3,2023-04-08
CMD14826,CL0320,P058,Aug 12 2023,1,1337.41,KO,TNG,Carte,LIV2,
CMD18509,CL0908,P084,May 04 2023,4,668.18,OK,marrakech,Carte,LIV10,
CMD42562,CL0622,P047,30/06/2023,1,2912.99,livré,casa,Carte,LIV6,2023-07-03
CMD39340,CL0694,P064,Feb 04 2023,5,0,en_cours,Agadir,Carte,LIV2,
CMD18555,CL0458,P093,19/05/2023,4,4622.31,OK,Agadir,Carte,LIV4,
CMD10746,CL0188,P046,2024-01-22,5,1190.94,livre,kech,Carte,LIV4,
CMD34264,CL0251,P080,05/03/2024,3,2680.4,annulé,Agadir,Carte,LIV5,
CMD43195,CL0968,P083,25/02/2023,4,3494.17,KO,TANGER,Carte,LIV10,
CMD42113,CL0424,P061,17/04/2024,1,906.85,LIVRE,TNG,Carte,LIV8,2024-04-21
CMD25319,CL0354,P092,11/12/2023,4,4837.21,livré,RBA,Carte,LIV5,2023-12-16
CMD36685,CL0852,P099,Jan 30 2024,4,3073.16,LIVRE,CASABLANCA,Carte,LIV7,2024-01-31
CMD26984,CL0149,P019,2024-03-04,4,2227.29,DONE,casa,Carte,,2024-03-07
CMD07984,CL0668,P044,2023-06-06,4,1917.28,OK,Agadir,Carte,LIV5,
CMD08969,CL0262,P011,2023-07-01,3,2815.69,en_cours,CASABLANCA,Carte,LIV7,
CMD47027,CL0693,P002,Mar 26 2024,3,2960.39,en_cours,kech,Carte,LIV4,
CMD30405,CL0968,P031,27/11/2023,2,1888.98,KO,RBA,Carte,LIV4,
CMD42476,CL0234,P064,Dec 13 2023,3,4281.67,DONE,casa,Carte,LIV8,2023-12-14
CMD28018,CL0614,P044,Oct 25 2023,5,4951.83,en_cours,RBA,Carte,,
CMD47124,CL0370,P011,27/02/2023,4,2048.1,livré,Agadir,Carte,,2023-02-28
CMD13381,CL0053,P065,Apr 03 2023,1,2410.58,livré,TANGER,Carte,LIV2,2023-04-04
CMD01160,CL0627,P066,Aug 29 2023,2,4300.97,retourné,casa,Carte,,2023-09-01
CMD01010,CL0879,P089,2023-04-20,4,1082.88,livré,kech,Carte,LIV3,2023-04-22
CMD23967,CL0573,P087,Aug 18 2023,4,2923.44,KO,tanger,Carte,LIV6,
CMD19514,CL0284,P012,2023-11-10,3,4731.57,annulé,Tnja,Carte,LIV3,
CMD00365,CL0371,P035,2023-06-24,2,331.1,livré,tanger,Carte,,2023-06-26
CMD26570,CL0176,P095,18/06/2023,3,732.04,retourné,TANGER,Carte,LIV7,2023-06-22
CMD44938,CL0508,P099,29/01/2024,1,967.4,retourné,tanger,Carte,LIV7,2024-01-30
CMD35594,CL0536,P061,Feb 16 2024,2,508.17,OK,casa,Carte,,
CMD09807,CL0407,P007,2023-05-18,4,2424.72,en_cours,TANGER,Carte,LIV6,
CMD41947,CL0906,P065,Aug 01 2023,4,367.72,en_cours,kech,Carte,LIV6,
CMD26032,CL0793,P018,2023-05-16,1,3733.27,retourné,kech,Carte,LIV3,2023-05-21
CMD23376,CL0235,P092,25/11/2023,2,1470.18,livré,casa,Carte,LIV10,2023-11-29
CMD25713,CL0295,P066,20/03/2023,2,4954.36,livré,kech,Carte,LIV6,2023-03-21
CMD02825,CL0734,P009,10/07/2023,4,2608.01,en_cours,RBA,Carte,LIV4,
CMD19564,CL0713,P066,2023-01-12,5,2606.31,retourné,kech,Carte,LIV2,2023-01-17
CMD35982,CL0558,P045,2023-06-11,5,211.42,livré,kech,Carte,LIV6,2023-06-15
CMD02192,CL0463,P021,Jun 08 2023,3,2007.94,OK,Tnja,Carte,LIV7,
CMD41812,CL0324,P037,2024-03-09,1,4851.68,livré,RBA,Carte,LIV1,2024-03-14
CMD13578,CL0337,P030,Jul 10 2023,1,3080.02,livré,marrakech,Carte,LIV6,2023-07-11
CMD26607,CL0285,P036,14/09/2023,1,4236.98,LIVRE,RBA,Carte,LIV9,2023-09-15
CMD16962,CL0452,P091,Apr 01 2024,1,2996.04,livré,TNG,Carte,LIV2,2024-04-03
CMD32395,CL0262,P031,02/07/2023,2,4990.17,LIVRE,Tnja,Carte,LIV10,2023-07-03
CMD46106,CL0765,P025,2023-12-14,1,3114.53,livre,Tnja,Carte,LIV9,
CMD16969,CL0340,P087,Dec 15 2023,1,3613.88,annulé,casa,Carte,LIV9,
CMD44384,CL0457,P041,03/08/2023,5,2320.49,livre,TNG,Carte,LIV10,
CMD39552,CL0387,P012,09/09/2023,2,3706.79,DONE,Agadir,Carte,LIV4,2023-09-11
CMD42326,CL0289,P007,Aug 09 2023,4,913.65,KO,casa,Carte,LIV10,
CMD33581,CL0769,P087,May 19 2023,2,1476.49,livré,Tnja,Carte,LIV2,2023-05-23
CMD04026,CL0118,P099,15/10/2023,2,1630.36,en_cours,casa,Carte,LIV4,
CMD25059,CL0921,P007,2023-06-27,5,3953.09,livré,CASABLANCA,Carte,LIV5,2023-07-01
CMD03725,CL0674,P008,2023-08-15,5,1413.85,OK,Tnja,Carte,LIV10,
CMD06546,CL0642,P092,2023-11-05,5,321.48,livré,marrakech,Carte,LIV8,2023-11-10
CMD16458,CL0879,P013,14/01/2023,5,0,LIVRE,RBA,Carte,LIV8,2023-01-19
CMD22330,CL0710,P095,12/03/2023,3,3890.52,livré,Agadir,Carte,LIV10,2023-03-16
CMD39691,CL0703,P012,04/08/2023,5,3258.29,livré,TANGER,Carte,LIV10,2023-08-09
CMD37210,CL0795,P070,23/09/2023,2,2242.48,en_cours,Tnja,Carte,LIV1,
CMD15708,CL0065,P092,2023-05-06,5,221.99,livré,Agadir,Carte,LIV5,2023-05-11
CMD46492,CL0374,P063,2023-04-02,3,412.83,livré,TNG,Carte,,2023-04-05
CMD21706,CL0885,P090,14/11/2023,3,1612.05,livre,kech,Carte,LIV4,
CMD02619,CL0773,P098,11/12/2023,3,2211.48,livre,kech,Carte,LIV7,
CMD03669,CL0079,P100,20/03/2023,1,3405.3,LIVRE,CASABLANCA,Carte,LIV6,2023-03-25
CMD15082,CL0879,P086,2023-02-14,2,0,retourné,RBA,Carte,LIV1,2023-02-19
CMD42619,CL0006,P048,2023-11-12,2,2860.12,livré,RBA,Carte,LIV2,2023-11-17
CMD17058,CL0313,P046,Sep 29 2023,5,2277.27,DONE,CASABLANCA,Carte,LIV2,2023-10-01
CMD37883,CL0676,P033,2023-03-19,4,3763.2,KO,marrakech,Carte,LIV5,
CMD48368,CL0003,P051,2024-01-12,2,4468.34,LIVRE,Agadir,Carte,LIV9,2024-01-13
CMD06372,CL0999,P024,2023-09-30,4,4379.84,livré,RBA,Carte,LIV7,2023-10-02
CMD12966,CL0922,P082,Feb 22 2024,2,3721.38,retourné,casa,Carte,LIV10,2024-02-24
CMD22333,CL0084,P065,2024-02-17,4,343.19,OK,Tnja,Carte,LIV8,
CMD29811,CL0568,P019,29/09/2023,5,1863.22,en_cours,RBA,Carte,LIV4,
CMD31320,CL0094,P075,May 09 2023,1,3351.56,DONE,Tnja,Carte,LIV10,2023-05-12
CMD19665,CL0577,P034,Sep 24 2023,2,3501.04,LIVRE,CASABLANCA,Carte,,2023-09-26
CMD31714,CL0763,P040,2023-12-27,3,3820.07,OK,Agadir,Carte,LIV6,
CMD26403,CL0695,P072,17/03/2023,5,290.13,livré,kech,Carte,LIV6,2023-03-19
CMD27606,CL0847,P081,15/07/2023,3,2878.96,KO,tanger,Carte,LIV8,
CMD02794,CL0693,P003,21/01/2024,3,3935.12,retourné,TANGER,Carte,,2024-01-24
CMD29825,CL0539,P049,Apr 23 2023,4,3944.53,en_cours,Agadir,Carte,LIV6,
CMD23673,CL0423,P005,Jan 04 2024,3,1409.12,en_cours,kech,Carte,LIV1,
CMD30564,CL0396,P008,16/03/2023,1,106.46,OK,CASABLANCA,Carte,,
CMD07271,CL0556,P046,Nov 01 2023,2,2123.16,annulé,TANGER,Carte,LIV2,
CMD10318,CL0870,P038,Feb 23 2023,5,567.18,livré,RBA,Carte,LIV4,2023-02-24
CMD23090,CL0079,P043,2023-11-03,2,3898.41,OK,TANGER,Carte,LIV2,
CMD45816,CL0746,P089,Oct 18 2023,1,2539.3,en_cours,Tnja,Carte,LIV8,
CMD29768,CL0751,P039,Jun 05 2023,1,1926.88,OK,Tnja,Carte,LIV5,
CMD22503,CL0986,P057,2023-12-13,5,3252.66,KO,RBA,Carte,LIV4,
CMD34549,CL0816,P074,Dec 03 2023,5,3332.56,DONE,TANGER,Carte,,2023-12-07
CMD06973,CL0104,P093,11/03/2024,2,4161.81,livré,TNG,Carte,LIV4,2024-03-14
CMD45634,CL0576,P094,2023-10-18,5,2057.69,annulé,marrakech,Carte,,
CMD35466,CL0636,P033,2023-06-02,4,4168.16,en_cours,TANGER,Carte,LIV10,
CMD18457,CL0328,P052,06/11/2023,3,3094.24,livré,TNG,Carte,LIV8,2023-11-11
CMD19377,CL0778,P067,2023-04-20,3,1541.19,OK,Tnja,Carte,LIV6,
CMD08005,CL0219,P088,2023-11-22,4,2036.06,KO,marrakech,Carte,LIV1,
CMD22493,CL0536,P051,Feb 06 2024,1,4605.37,livré,marrakech,Carte,LIV6,2024-02-09
CMD14998,CL0703,P088,Apr 09 2023,2,4038.32,livré,kech,Carte,LIV2,2023-04-12
CMD06674,CL0649,P055,2023-12-23,5,469.51,LIVRE,casa,Carte,LIV3,2023-12-25
CMD44870,CL0283,P004,2023-12-31,3,4355.47,livré,tanger,Carte,LIV7,2024-01-02
CMD27159,CL0959,P034,25/06/2023,1,1624.63,DONE,casa,Carte,LIV4,2023-06-26
CMD14565,CL0847,P053,2023-07-03,5,474.4,retourné,marrakech,Carte,LIV2,2023-07-04
CMD17552,CL0697,P049,Feb 24 2023,2,1523.75,DONE,RBA,Carte,LIV5,2023-02-28
CMD38380,CL0388,P010,2023-07-11,1,1066.03,livre,TNG,Carte,LIV1,
CMD07411,CL0883,P075,2023-08-18,5,1736.13,en_cours,tanger,Carte,LIV10,
CMD44533,CL0509,P095,27/12/2023,2,2006.33,livré,RBA,Carte,LIV1,2023-12-30
CMD11479,CL0678,P091,2023-04-30,2,52.64,livré,tanger,Carte,LIV10,2023-05-03
CMD43958,CL0080,P093,Aug 19 2023,1,3287.82,retourné,CASABLANCA,Carte,LIV10,2023-08-22
CMD44865,CL0713,P024,Jan 20 2024,-1,484.21,livre,Agadir,Carte,LIV4,
CMD39761,CL0367,P032,Nov 12 2023,4,2267.62,retourné,CASABLANCA,Carte,LIV7,2023-11-16
CMD22860,CL0337,P035,2023-03-27,2,2214.21,annulé,marrakech,Carte,LIV7,
CMD33189,CL0274,P078,Oct 18 2023,3,2809.03,livré,CASABLANCA,Carte,LIV8,2023-10-23
CMD08728,CL0275,P043,Oct 25 2023,5,3597.03,DONE,kech,Carte,LIV5,2023-10-28
CMD26826,CL0715,P057,2023-07-30,5,1356.35,livre,casa,Carte,LIV4,
CMD38254,CL0198,P084,2024-04-28,3,3416.65,LIVRE,kech,Carte,LIV5,2024-04-30
CMD17361,CL0016,P100,2024-03-17,5,1571.35,DONE,marrakech,Carte,LIV9,2024-03-21
CMD02095,CL0508,P011,19/10/2023,3,3451.52,livré,casa,Carte,LIV1,2023-10-22
CMD40293,CL0281,P016,2023-11-10,1,1399.09,livré,tanger,Carte,LIV1,2023-11-15
CMD08833,CL0711,P006,2024-01-05,3,2164.4,DONE,RBA,Carte,LIV8,2024-01-10
CMD39590,CL0723,P079,Mar 05 2023,4,2560.99,LIVRE,RBA,Carte,,2023-03-10
CMD21231,CL0327,P006,Apr 25 2024,5,815.52,LIVRE,tanger,Carte,LIV4,2024-04-28
CMD09536,CL0006,P038,May 13 2024,3,2480.96,livré,CASABLANCA,Carte,LIV3,2024-05-15
CMD07649,CL0983,P017,Jul 04 2023,5,677.74,livré,tanger,Carte,LIV5,2023-07-05
CMD29184,CL0696,P065,16/03/2023,3,2910.74,KO,tanger,Carte,LIV9,
CMD37878,CL0736,P014,Nov 19 2023,4,4240.47,retourné,casa,Carte,LIV1,2023-11-21
CMD04291,CL0651,P072,31/01/2024,4,4051.36,livré,TANGER,Carte,LIV1,2024-02-05
CMD09765,CL0081,P085,2023-10-20,3,3389.73,retourné,Agadir,Carte,LIV6,2023-10-25
CMD01494,CL0176,P042,May 03 2024,3,3052.57,livré,casa,Carte,LIV9,2024-05-04
CMD38891,CL0787,P006,23/10/2023,5,0,KO,kech,Carte,LIV9,
CMD32014,CL0548,P071,Apr 23 2023,4,165.75,OK,TNG,Carte,LIV2,
CMD23445,CL0053,P073,Feb 21 2024,4,1723.86,livré,casa,Carte,LIV4,2024-02-22
CMD22890,CL0598,P077,Jan 28 2023,4,4308.56,livré,kech,Carte,LIV7,2023-01-31
CMD16860,CL0572,P039,2023-05-06,3,2820.76,LIVRE,RBA,Carte,LIV6,2023-05-07
CMD36813,CL0850,P012,2023-04-11,3,4081.17,DONE,TNG,Carte,LIV7,2023-04-13
CMD38338,CL0375,P031,15/05/2023,1,1449.02,annulé,TANGER,Carte,LIV1,
CMD41053,CL0854,P047,2023-01-31,1,565.48,LIVRE,Tnja,Carte,LIV7,2023-02-01
CMD03145,CL0279,P080,Aug 01 2023,5,387.46,DONE,RBA,Carte,LIV8,2023-08-03
CMD07533,CL0879,P058,Jun 20 2023,3,2985.96,LIVRE,kech,Carte,LIV6,2023-06-21
CMD06024,CL0970,P083,Dec 27 2023,2,3103.21,livré,Tnja,Carte,LIV3,2023-12-30
CMD22984,CL0989,P074,2023-07-18,2,866.21,DONE,TANGER,Carte,LIV3,2023-07-21
CMD45874,CL0690,P017,Feb 05 2024,1,741.46,livré,TANGER,Carte,,2024-02-09
CMD42675,CL0119,P022,13/08/2023,1,4704.56,OK,RBA,Carte,,
CMD02367,CL0168,P099,Apr 18 2023,4,60.15,DONE,casa,Carte,LIV2,2023-04-21
CMD44981,CL0761,P004,10/05/2024,4,1054.2,KO,Tnja,Carte,LIV2,
CMD13649,CL0364,P051,Feb 27 2023,5,345.24,en_cours,casa,Carte,LIV1,
CMD31509,CL0059,P039,2024-01-03,4,3609.91,DONE,kech,Carte,LIV1,2024-01-08
CMD07597,CL0572,P087,2023-01-12,5,1235.3,livré,Tnja,Carte,LIV7,2023-01-16
CMD05302,CL0182,P020,05/12/2023,4,1813.48,retourné,kech,Carte,LIV5,2023-12-09
CMD26579,CL0429,P031,2024-04-13,3,2157.15,livré,tanger,Carte,LIV9,2024-04-18
CMD39739,CL0452,P056,2024-02-03,1,299.32,DONE,TANGER,Carte,LIV3,2024-02-07
CMD05793,CL0284,P072,2024-04-13,2,3159.18,DONE,kech,Carte,LIV7,2024-04-14
CMD29517,CL0361,P023,May 12 2023,1,656.3,retourné,TNG,Carte,LIV6,2023-05-17
CMD01886,CL0724,P020,03/11/2023,2,3164.72,annulé,Agadir,Carte,LIV5,
CMD35031,CL0901,P083,Feb 10 2024,3,3335.87,OK,CASABLANCA,Carte,LIV6,
CMD42902,CL0505,P097,2024-01-21,2,3337.32,retourné,casa,Carte,LIV8,2024-01-22
CMD09710,CL0412,P064,2023-10-20,4,4312.67,livre,marrakech,Carte,,
CMD18683,CL0529,P056,Apr 22 2024,5,2286.36,livre,TANGER,Carte,,
CMD10592,CL0334,P045,30/08/2023,-1,2324.03,livre,Agadir,Carte,LIV3,
CMD44506,CL0515,P035,Aug 02 2023,2,3089.67,livré,Tnja,Carte,LIV9,2023-08-06
CMD32650,CL0488,P077,Jan 12 2023,4,3378.97,livre,Tnja,Carte,LIV4,
CMD20099,CL0532,P037,09/04/2024,2,3448.08,LIVRE,TANGER,Carte,LIV8,2024-04-11
CMD44972,CL0800,P071,22/06/2023,1,892.55,OK,TNG,Carte,LIV8,
CMD30764,CL0801,P046,Sep 21 2023,5,4479.2,KO,kech,Carte,LIV3,
CMD00529,CL0624,P048,Jan 28 2024,2,797.01,livré,CASABLANCA,Carte,LIV2,2024-01-30
CMD45955,CL0256,P057,17/03/2024,1,608.49,OK,Agadir,Carte,LIV10,
CMD41458,CL0510,P039,22/02/2023,3,2343.44,en_cours,marrakech,Carte,LIV10,
CMD29498,CL0032,P096,2023-10-13,2,4324.33,en_cours,tanger,Carte,LIV1,
CMD09241,CL0159,P077,2023-06-11,3,3603.56,DONE,marrakech,Carte,LIV9,2023-06-16
CMD02209,CL0998,P078,12/09/2023,3,3030.63,livré,CASABLANCA,Carte,LIV1,2023-09-15
CMD36935,CL0618,P019,2024-01-25,3,686.3,DONE,CASABLANCA,Carte,LIV3,2024-01-30
CMD11692,CL0011,P074,Mar 17 2024,5,2858.28,LIVRE,RBA,Carte,LIV9,2024-03-22
CMD00900,CL0299,P014,19/02/2024,4,2716.1,livre,TANGER,Carte,LIV1,
CMD06735,CL0845,P049,Aug 19 2023,3,2655.78,en_cours,casa,Carte,LIV4,
CMD33071,CL0721,P027,Feb 15 2024,1,1128.42,retourné,TNG,Carte,LIV5,2024-02-20
CMD21256,CL0430,P056,12/04/2024,4,3122.36,OK,tanger,Carte,LIV3,
CMD41248,CL0986,P016,Aug 14 2023,3,4295.14,DONE,Tnja,Carte,LIV7,2023-08-16
CMD38396,CL0276,P016,Dec 30 2023,4,3224.07,LIVRE,Agadir,Carte,LIV1,2024-01-01
CMD23471,CL0975,P088,Oct 17 2023,1,1650.72,LIVRE,RBA,Carte,LIV1,2023-10-19
CMD36525,CL0412,P065,Apr 28 2024,5,2536.91,livré,tanger,Carte,LIV2,2024-05-02
CMD12103,CL0122,P024,2024-02-16,5,825.84,retourné,casa,Carte,LIV10,2024-02-18
CMD14178,CL0646,P007,08/06/2023,1,359.79,LIVRE,casa,Carte,LIV1,2023-06-09
CMD38871,CL0556,P090,2023-03-22,2,1592.25,DONE,TNG,Carte,LIV8,2023-03-23
CMD17370,CL0490,P085,20/11/2023,1,3300.79,livré,casa,Carte,LIV9,2023-11-25
CMD38148,CL0108,P026,Nov 12 2023,2,4051.64,livré,casa,Carte,LIV10,2023-11-15
CMD05665,CL0017,P085,2023-08-07,2,2452.05,KO,tanger,Carte,LIV9,
CMD08809,CL0195,P012,2023-07-21,2,1375.05,annulé,Tnja,Carte,LIV9,
CMD44829,CL0606,P004,May 20 2023,2,4412.53,annulé,TANGER,Carte,LIV10,
CMD37003,CL0804,P059,25/11/2023,1,219.69,annulé,marrakech,Carte,LIV5,
CMD19042,CL0094,P004,19/06/2023,2,3236.43,livré,CASABLANCA,Carte,LIV2,2023-06-21
CMD39240,CL0510,P001,Feb 24 2023,2,2895.74,annulé,kech,Carte,LIV1,
CMD09338,CL0909,P066,Jan 09 2023,3,0,en_cours,Tnja,Carte,LIV9,
CMD43066,CL0321,P073,20/08/2023,5,4577.97,livré,marrakech,Carte,LIV7,2023-08-24
CMD22919,CL0225,P048,2024-01-27,5,2371.41,livré,casa,Carte,LIV8,2024-01-29
CMD24292,CL0018,P099,2023-03-12,4,4964.93,en_cours,Agadir,Carte,,
CMD01459,CL0533,P062,2023-12-19,1,0,livre,TANGER,Carte,LIV10,
CMD30329,CL0176,P032,27/12/2023,5,4552.55,KO,marrakech,Carte,LIV9,
CMD43546,CL0040,P072,Aug 19 2023,2,997.35,livré,casa,Carte,,2023-08-23
CMD20988,CL0257,P030,Feb 07 2024,4,2988.73,LIVRE,RBA,Carte,LIV10,2024-02-11
CMD44195,CL0572,P044,2023-12-23,2,3218.06,retourné,casa,Carte,LIV8,2023-12-27
CMD24483,CL0512,P024,Dec 11 2023,2,1638.82,livré,marrakech,Carte,LIV2,2023-12-13
CMD47261,CL0799,P040,Apr 30 2023,4,2724.81,livré,casa,Carte,LIV10,2023-05-04
CMD08380,CL0757,P034,Feb 20 2023,4,3564.41,livré,TNG,Carte,LIV8,2023-02-24
CMD39168,CL0043,P069,2024-01-18,1,1939.89,livré,marrakech,Carte,LIV2,2024-01-21
CMD33080,CL0809,P075,2024-03-03,2,0,en_cours,kech,Carte,LIV1,
CMD34830,CL0368,P022,19/09/2023,3,2945.1,OK,TANGER,Carte,LIV8,
CMD41920,CL0058,P078,08/03/2024,1,2663.69,en_cours,TNG,Carte,LIV4,
CMD36227,CL0419,P085,22/11/2023,4,850.69,en_cours,Tnja,Carte,LIV5,
CMD05051,CL0088,P013,23/03/2024,2,2684.13,DONE,kech,Carte,LIV1,2024-03-27
CMD35682,CL0430,P060,29/02/2024,3,4308.93,livré,tanger,Carte,,2024-03-05
CMD24718,CL0577,P069,03/04/2024,5,4241.22,livre,TANGER,Carte,,
CMD17632,CL0208,P039,Jun 03 2023,4,553.01,livre,Tnja,Carte,LIV8,
CMD36006,CL0992,P089,2023-06-23,4,574.31,LIVRE,casa,Carte,LIV9,2023-06-27
CMD31947,CL0103,P050,12/02/2024,2,994.24,livré,Agadir,Carte,LIV3,2024-02-17
CMD21554,CL0254,P098,16/10/2023,5,1959.0,annulé,RBA,Carte,LIV1,
CMD14384,CL0069,P071,Jan 01 2024,4,1426.55,LIVRE,TANGER,Carte,LIV6,2024-01-05
CMD27174,CL0229,P086,Jul 01 2023,4,4339.01,en_cours,marrakech,Carte,LIV7,
CMD15339,CL0560,P008,2023-05-20,2,1104.14,livré,TANGER,Carte,LIV9,2023-05-21
CMD02040,CL0826,P064,16/09/2023,4,3601.51,en_cours,RBA,Carte,LIV2,
CMD04989,CL0010,P090,2023-05-08,4,1921.98,OK,casa,Carte,LIV5,
CMD12494,CL0155,P068,2023-09-10,4,2607.21,DONE,Agadir,Carte,LIV4,2023-09-12
CMD18188,CL0981,P024,May 12 2024,3,3879.74,OK,marrakech,Carte,LIV7,
CMD04277,CL0308,P053,31/01/2024,4,2696.96,OK,TANGER,Carte,LIV7,
CMD07953,CL0994,P003,2023-02-04,2,1064.16,livré,CASABLANCA,Carte,LIV7,2023-02-08
CMD09544,CL0944,P044,28/02/2024,5,3499.46,livré,CASABLANCA,Carte,LIV3,2024-02-29
CMD01675,CL0214,P092,Apr 16 2023,2,4412.58,retourné,kech,Carte,LIV5,2023-04-18
CMD42164,CL0421,P043,May 01 2024,2,1953.5,livre,kech,Carte,LIV9,
CMD45584,CL0434,P091,10/04/2023,2,824.02,retourné,kech,Carte,LIV3,2023-04-13
CMD46274,CL0449,P040,07/05/2024,2,4557.42,annulé,marrakech,Carte,LIV7,
CMD46950,CL0817,P073,2023-04-13,5,1220.6,livré,TNG,Carte,LIV5,2023-04-14
CMD37411,CL0532,P001,2023-07-12,2,4551.37,DONE,TANGER,Carte,LIV5,2023-07-16
CMD07888,CL0259,P007,2023-06-14,3,489.64,en_cours,Tnja,Carte,LIV2,
CMD31962,CL0982,P049,2023-09-01,1,470.09,retourné,TNG,Carte,LIV3,2023-09-02
CMD29875,CL0406,P072,2023-02-23,1,1739.63,livré,Tnja,Carte,LIV6,2023-02-28
CMD15252,CL0086,P089,2023-02-21,3,268.89,annulé,Agadir,Carte,LIV3,
CMD35128,CL0743,P055,2024-03-19,1,312.11,LIVRE,kech,Carte,LIV7,2024-03-20
CMD40455,CL0541,P046,2024-04-12,5,2100.85,KO,tanger,Carte,LIV3,
CMD40027,CL0734,P081,08/02/2024,2,2568.23,retourné,CASABLANCA,Carte,LIV5,2024-02-13
CMD15146,CL0556,P018,2023-03-25,5,2651.91,livré,kech,Carte,LIV2,2023-03-26
CMD06028,CL0062,P051,May 05 2023,3,1934.98,DONE,TNG,Carte,LIV8,2023-05-08
CMD21724,CL0722,P079,07/02/2023,1,3183.24,livré,Agadir,Carte,LIV5,2023-02-11
CMD26778,CL0456,P099,09/02/2024,1,1698.11,livre,casa,Carte,LIV7,
CMD46879,CL0015,P006,2023-10-24,5,839.55,livré,TNG,Carte,LIV6,2023-10-29
CMD13003,CL0150,P012,Aug 20 2023,5,336.3,retourné,RBA,Carte,LIV9,2023-08-23
CMD15892,CL0823,P033,2024-05-03,5,3865.07,en_cours,TNG,Carte,LIV1,
CMD25789,CL0638,P028,2023-04-09,2,2426.96,retourné,RBA,Carte,LIV8,2023-04-12
CMD34480,CL0036,P053,2023-11-22,5,638.79,DONE,TANGER,Carte,LIV9,2023-11-25
CMD43704,CL0558,P051,2023-07-14,3,3034.29,livré,Tnja,Carte,,2023-07-19
CMD04131,CL0018,P027,2024-01-28,5,3706.62,livré,TANGER,Carte,LIV6,2024-01-31
CMD39763,CL0704,P072,07/01/2023,1,860.62,livré,tanger,Carte,LIV10,2023-01-09
CMD29255,CL0742,P043,15/02/2023,5,4822.32,OK,TANGER,Carte,,
CMD36164,CL0170,P098,Mar 09 2024,1,3051.48,DONE,CASABLANCA,Carte,LIV2,2024-03-10
CMD11743,CL0624,P062,21/01/2023,1,0,LIVRE,TNG,Carte,LIV1,2023-01-25
CMD04715,CL0033,P048,05/02/2023,4,4045.51,DONE,marrakech,Carte,,2023-02-08
CMD39499,CL0840,P067,2023-10-11,4,2628.57,annulé,casa,Carte,,
CMD31931,CL0336,P027,2023-11-14,1,2340.17,OK,casa,Carte,LIV8,
CMD04951,CL0200,P062,May 19 2023,4,897.44,DONE,RBA,Carte,LIV7,2023-05-22
CMD36570,CL0205,P043,2023-01-13,2,589.15,livre,Tnja,Carte,LIV4,
CMD27247,CL0725,P048,2023-03-26,2,1238.85,livre,RBA,Carte,LIV8,
CMD12086,CL0828,P031,28/08/2023,5,2737.59,DONE,marrakech,Carte,LIV4,2023-08-31
CMD46051,CL0952,P011,11/08/2023,2,285.25,retourné,tanger,Carte,LIV10,2023-08-14
CMD24831,CL0374,P048,27/04/2024,3,2930.01,LIVRE,Agadir,Carte,LIV6,2024-04-30
CMD40043,CL0475,P062,Oct 18 2023,5,4967.6,annulé,RBA,Carte,,
CMD08939,CL0478,P010,Aug 17 2023,4,2593.23,livré,CASABLANCA,Carte,LIV8,2023-08-19
CMD12900,CL0859,P002,2023-03-27,1,3883.72,LIVRE,marrakech,Carte,,2023-04-01
CMD12051,CL0719,P095,27/04/2024,2,2444.32,livré,Agadir,Carte,LIV6,2024-04-28
CMD27822,CL0402,P004,03/02/2024,5,3497.81,DONE,kech,Carte,LIV2,2024-02-04
CMD05920,CL0343,P035,Dec 25 2023,3,1792.67,annulé,marrakech,Carte,LIV9,
CMD47423,CL0390,P073,Oct 29 2023,2,2095.63,livré,kech,Carte,LIV3,2023-10-31
CMD33609,CL0914,P018,Oct 28 2023,1,4929.54,DONE,TNG,Carte,LIV2,2023-11-01
CMD32867,CL0908,P012,Jan 28 2024,1,4193.61,retourné,TNG,Carte,LIV10,2024-02-02
CMD31653,CL0316,P007,Jan 16 2023,5,2261.48,DONE,marrakech,Carte,LIV6,2023-01-21
CMD02581,CL0936,P060,2023-12-23,3,3694.27,livre,Tnja,Carte,LIV6,
CMD43990,CL0512,P065,Jan 18 2024,2,1312.64,annulé,TNG,Carte,LIV8,
CMD43366,CL0328,P098,12/11/2023,5,2710.79,livré,tanger,Carte,,2023-11-13
CMD26608,CL0894,P033,Feb 05 2023,2,3400.63,LIVRE,TANGER,Carte,LIV2,2023-02-07
CMD29952,CL0750,P092,Feb 12 2024,1,1917.04,livre,kech,Carte,LIV7,
CMD08399,CL0572,P071,2023-09-26,1,4922.89,livre,tanger,Carte,LIV1,
CMD36330,CL0023,P065,Mar 14 2023,4,1967.83,KO,Agadir,Carte,LIV7,
CMD14952,CL0388,P032,23/11/2023,4,2128.89,DONE,casa,Carte,LIV1,2023-11-25
CMD11452,CL0616,P098,Mar 29 2023,4,2333.67,retourné,TNG,Carte,LIV10,2023-04-01
CMD17384,CL0737,P089,09/03/2023,2,3913.55,livré,Agadir,Carte,LIV8,2023-03-14
CMD01664,CL0058,P047,2023-11-21,2,552.76,en_cours,Agadir,Carte,LIV10,
CMD20536,CL0990,P067,Jan 01 2023,2,3102.91,livré,CASABLANCA,Carte,LIV2,2023-01-02
CMD10829,CL0656,P090,14/04/2024,5,794.98,en_cours,CASABLANCA,Carte,LIV5,
CMD04638,CL0808,P099,Feb 25 2023,1,4992.16,KO,marrakech,Carte,,
CMD27541,CL0948,P005,29/11/2023,5,1398.91,annulé,tanger,Carte,LIV8,
CMD37353,CL0702,P091,Jun 15 2023,3,4240.83,retourné,tanger,Carte,LIV8,2023-06-19
CMD03891,CL0520,P050,14/04/2023,5,3710.93,annulé,casa,Carte,LIV8,
CMD23968,CL0089,P091,Dec 30 2023,5,2918.23,livre,casa,Carte,LIV4,
CMD00728,CL0587,P075,Oct 01 2023,3,2440.4,livré,RBA,Carte,LIV5,2023-10-06
CMD21005,CL0206,P040,2024-03-17,2,4959.13,livré,tanger,Carte,LIV2,2024-03-22
CMD14152,CL0104,P093,2023-04-20,5,93.89,livre,TANGER,Carte,LIV8,
CMD06490,CL0136,P055,04/10/2023,2,3068.62,retourné,casa,Carte,LIV4,2023-10-05
CMD22866,CL0407,P020,2023-12-13,3,1117.17,en_cours,CASABLANCA,Carte,LIV3,
CMD29044,CL0640,P082,25/08/2023,2,1793.01,LIVRE,TNG,Carte,LIV5,2023-08-30
CMD33233,CL0810,P085,Jan 14 2023,5,4905.24,livre,casa,Carte,LIV10,
CMD44668,CL0687,P083,2023-04-07,4,3334.18,KO,tanger,Carte,LIV7,
CMD11269,CL0576,P043,2024-04-26,1,3275.69,livré,TANGER,Carte,LIV8,2024-04-28
CMD22672,CL0011,P012,Jul 04 2023,1,2806.48,livré,CASABLANCA,Carte,LIV6,2023-07-07
CMD26116,CL0945,P058,May 11 2023,3,486.78,livre,TANGER,Carte,LIV7,
CMD03983,CL0011,P013,11/02/2023,5,0,livré,casa,Carte,LIV4,2023-02-12
CMD20845,CL0041,P071,Aug 22 2023,4,2770.63,livré,CASABLANCA,Carte,LIV3,2023-08-23
CMD13217,CL0824,P038,Jul 02 2023,4,374.02,annulé,TNG,Carte,LIV2,
CMD41012,CL0557,P096,2023-02-16,5,2385.77,livré,casa,Carte,LIV9,2023-02-19
CMD23805,CL0432,P057,21/12/2023,5,3986.97,retourné,tanger,Carte,LIV3,2023-12-24
CMD48046,CL0734,P058,2024-03-26,5,3316.47,retourné,kech,Carte,LIV10,2024-03-31
CMD12691,CL0101,P042,2023-07-20,4,587.43,annulé,Agadir,Carte,LIV4,
CMD25045,CL0263,P080,2023-02-01,4,3941.67,OK,marrakech,Carte,LIV7,
CMD46809,CL0435,P002,Apr 25 2023,1,4967.03,annulé,marrakech,Carte,LIV5,
CMD33888,CL0677,P053,27/10/2023,3,4459.3,livré,CASABLANCA,Carte,LIV1,2023-10-29
CMD31873,CL0179,P042,14/12/2023,2,2146.39,livré,TANGER,Carte,LIV2,2023-12-16
CMD25346,CL0892,P027,2024-02-18,3,3327.87,LIVRE,tanger,Carte,LIV9,2024-02-23
CMD05090,CL0238,P019,Apr 29 2023,2,2059.64,livré,Agadir,Carte,LIV2,2023-05-03
CMD21334,CL0231,P006,2024-01-31,4,3325.61,livre,casa,Carte,LIV1,
CMD22811,CL0678,P072,2023-10-14,1,2773.9,annulé,tanger,Carte,LIV9,
CMD06170,CL0439,P051,19/05/2023,4,286.08,OK,TANGER,Carte,LIV7,
CMD22760,CL0673,P023,2023-03-18,5,1405.01,annulé,tanger,Carte,LIV7,
CMD09357,CL0855,P070,20/04/2023,3,1524.7,livre,kech,Carte,LIV4,
CMD32816,CL0737,P083,2023-07-29,4,2182.48,OK,Tnja,Carte,LIV7,
CMD46271,CL0650,P015,2023-12-18,5,1883.92,OK,TNG,Carte,,
CMD18624,CL0892,P002,10/02/2023,3,2590.69,KO,tanger,Carte,LIV5,
CMD38176,CL0728,P085,20/07/2023,2,334.65,OK,kech,Carte,,
CMD36232,CL0736,P033,2023-05-17,2,504.93,retourné,marrakech,Carte,LIV10,2023-05-20
CMD12788,CL0965,P068,Mar 27 2024,4,457.1,OK,marrakech,Carte,LIV4,
CMD43035,CL0720,P033,2024-02-15,1,1826.87,LIVRE,tanger,Carte,LIV9,2024-02-17
CMD24473,CL0676,P008,May 01 2023,2,2225.61,retourné,casa,Carte,LIV2,2023-05-05
CMD36341,CL0491,P043,03/12/2023,3,4154.09,livré,Tnja,Carte,LIV4,2023-12-06
CMD22843,CL0988,P043,23/11/2023,1,3780.53,livré,marrakech,Carte,LIV7,2023-11-24
CMD47987,CL0540,P042,2023-08-17,5,725.11,livré,casa,Carte,LIV7,2023-08-22
CMD21696,CL0770,P006,Jan 26 2023,5,3992.09,KO,casa,Carte,LIV3,
CMD18164,CL0485,P058,28/08/2023,4,361.39,livré,RBA,Carte,LIV3,2023-09-02
CMD37377,CL0904,P018,Jul 16 2023,4,257.17,annulé,kech,Carte,LIV4,
CMD02029,CL0480,P028,2023-04-14,3,4197.56,retourné,Tnja,Carte,LIV5,2023-04-15
CMD47744,CL0225,P017,19/12/2023,4,4549.97,annulé,tanger,Carte,LIV2,
CMD25588,CL0274,P092,Jul 19 2023,3,3476.34,OK,Tnja,Carte,LIV5,
CMD38509,CL0654,P022,2024-05-15,5,1338.15,DONE,Agadir,Carte,LIV8,2024-05-19
CMD02220,CL0842,P095,16/02/2024,1,2075.93,LIVRE,Tnja,Carte,LIV7,2024-02-20
CMD43338,CL0597,P034,2023-04-18,1,4748.38,livre,RBA,Carte,LIV3,
CMD45303,CL0474,P006,Jun 18 2023,5,3107.21,livré,marrakech,Carte,LIV9,2023-06-20
CMD35983,CL0275,P049,02/07/2023,3,4332.9,LIVRE,RBA,Carte,LIV1,2023-07-06
CMD38622,CL0424,P045,2023-03-03,2,2248.5,KO,Agadir,Carte,LIV8,
CMD35053,CL0125,P041,2023-11-23,4,3043.57,en_cours,Agadir,Carte,LIV1,
CMD38642,CL0330,P092,2023-12-24,2,109.8,livre,marrakech,Carte,LIV6,
CMD48000,CL0413,P048,10/08/2023,2,1441.64,livré,casa,Carte,LIV10,2023-08-14
CMD09328,CL0294,P070,Apr 07 2023,4,2270.39,en_cours,casa,Carte,LIV1,
CMD01668,CL0035,P090,2023-06-16,4,4484.97,LIVRE,tanger,Carte,LIV10,2023-06-18
CMD28147,CL0278,P097,Apr 25 2024,2,2560.16,OK,CASABLANCA,Carte,LIV8,
CMD18007,CL0571,P095,29/04/2024,2,726.72,KO,TNG,Carte,LIV9,
CMD04722,CL0671,P053,04/02/2024,3,1219.72,livre,Tnja,Carte,LIV7,
CMD39082,CL0832,P004,2023-11-02,2,2236.83,livré,kech,Carte,LIV7,2023-11-05
CMD30131,CL0929,P097,25/09/2023,2,4669.31,en_cours,TANGER,Carte,,
CMD22814,CL0148,P015,Oct 17 2023,4,811.49,livré,TNG,Carte,LIV4,2023-10-21
CMD19446,CL0703,P032,06/04/2024,2,2190.08,OK,CASABLANCA,Carte,LIV9,
CMD29751,CL0435,P084,2023-08-16,4,450.85,OK,TANGER,Carte,LIV5,
CMD30028,CL0723,P022,16/02/2024,1,4988.62,OK,marrakech,Carte,LIV1,
CMD42682,CL0184,P093,2024-03-17,5,51.45,livré,TNG,Carte,LIV3,2024-03-20
CMD05392,CL0511,P033,2023-06-20,1,2489.74,livré,CASABLANCA,Carte,LIV3,2023-06-22
CMD29604,CL0186,P055,May 26 2023,4,2239.52,livré,TNG,Carte,LIV8,2023-05-29
CMD46782,CL0885,P042,2023-09-01,5,2303.55,KO,marrakech,Carte,LIV9,
CMD39795,CL0801,P044,Apr 19 2024,4,3720.79,DONE,Tnja,Carte,LIV10,2024-04-23
CMD46834,CL0779,P031,24/09/2023,3,939.6,retourné,RBA,Carte,,2023-09-29
CMD32702,CL0346,P060,May 16 2023,5,2481.85,DONE,TANGER,Carte,LIV1,2023-05-20
CMD37423,CL0123,P036,Feb 15 2023,5,2672.3,retourné,kech,Carte,LIV2,2023-02-18
CMD43848,CL0283,P086,Jun 01 2023,4,3928.62,annulé,Agadir,Carte,LIV5,
CMD11740,CL0895,P068,11/04/2023,2,2873.06,DONE,Agadir,Carte,LIV7,2023-04-14
CMD02386,CL0054,P079,Jun 12 2023,1,2530.36,OK,CASABLANCA,Carte,LIV5,
CMD09829,CL0804,P047,Jan 21 2023,4,2764.83,livre,marrakech,Carte,LIV2,
CMD28208,CL0112,P027,14/08/2023,1,2000.67,livré,kech,Carte,LIV9,2023-08-16
CMD42563,CL0627,P067,22/08/2023,1,3280.66,retourné,Agadir,Carte,LIV1,2023-08-23
CMD27094,CL0010,P053,Feb 14 2024,5,3293.35,KO,Agadir,Carte,,
CMD22522,CL0200,P062,2023-12-30,4,1735.13,livré,tanger,Carte,LIV7,2024-01-02
CMD02019,CL0145,P062,23/11/2023,3,2370.03,livré,casa,Carte,LIV6,2023-11-26
CMD17904,CL0316,P037,2023-04-23,2,3584.4,annulé,tanger,Carte,LIV7,
CMD48076,CL0728,P092,May 24 2023,4,830.84,livré,TNG,Carte,LIV2,2023-05-27
CMD13598,CL0549,P090,Nov 05 2023,2,2952.38,KO,casa,Carte,,
CMD36081,CL0990,P086,2023-12-14,5,1723.73,livre,marrakech,Carte,LIV8,
CMD43757,CL0205,P088,2024-03-20,4,2115.81,en_cours,RBA,Carte,LIV3,
CMD24204,CL0343,P033,Sep 06 2023,5,4304.48,en_cours,RBA,Carte,LIV3,
CMD37482,CL0311,P024,2023-10-13,2,948.74,LIVRE,kech,Carte,LIV8,2023-10-15
CMD01358,CL0181,P045,04/09/2023,3,3900.92,en_cours,Agadir,Carte,LIV2,
CMD38320,CL0946,P031,10/01/2024,1,3287.53,OK,TNG,Carte,LIV3,
CMD09968,CL0433,P097,Jul 26 2023,5,1166.19,livré,marrakech,Carte,LIV9,2023-07-27
CMD30631,CL0036,P011,Jul 05 2023,1,573.27,livré,marrakech,Carte,LIV3,2023-07-08
CMD13818,CL0185,P017,2023-08-20,2,4812.86,retourné,marrakech,Carte,LIV5,2023-08-24
CMD07766,CL0179,P030,Nov 04 2023,2,1830.28,DONE,tanger,Carte,LIV4,2023-11-05
CMD34570,CL0549,P003,2023-05-04,4,2340.03,LIVRE,tanger,Carte,LIV1,2023-05-07
CMD29092,CL0200,P075,02/05/2023,1,466.54,retourné,marrakech,Carte,LIV9,2023-05-06
CMD10915,CL0003,P031,03/10/2023,3,1286.73,LIVRE,CASABLANCA,Carte,LIV4,2023-10-06
CMD18462,CL0050,P028,Sep 30 2023,3,788.56,LIVRE,TNG,Carte,LIV7,2023-10-03
CMD25827,CL0778,P090,Mar 17 2024,1,2261.42,annulé,marrakech,Carte,LIV3,
CMD40662,CL0328,P021,Jun 11 2023,2,4176.6,OK,TNG,Carte,LIV4,
CMD39840,CL0505,P012,2023-05-22,3,3516.48,OK,TNG,Carte,LIV9,
CMD31659,CL0483,P061,15/04/2023,2,4727.46,DONE,CASABLANCA,Carte,LIV5,2023-04-20
CMD10717,CL0590,P029,2023-01-04,5,740.87,livré,kech,Carte,,2023-01-07
CMD35469,CL0250,P054,10/05/2023,5,4424.87,annulé,Agadir,Carte,LIV5,
CMD23490,CL0669,P091,20/10/2023,4,1271.0,en_cours,Tnja,Carte,LIV5,
CMD46957,CL0838,P012,13/03/2024,2,2720.76,LIVRE,kech,Carte,LIV10,2024-03-17
CMD05578,CL0194,P084,Sep 16 2023,5,4166.42,livré,marrakech,Carte,LIV5,2023-09-21
CMD07375,CL0422,P047,16/04/2024,4,3406.91,DONE,Agadir,Carte,LIV10,2024-04-21
CMD01443,CL0113,P088,2023-12-09,1,1687.89,annulé,Tnja,Carte,LIV1,
CMD17683,CL0538,P009,2023-11-18,4,3085.99,livré,CASABLANCA,Carte,LIV9,2023-11-20
CMD11950,CL0051,P093,28/04/2023,5,3496.6,OK,TANGER,Carte,LIV10,
CMD28648,CL0496,P083,Nov 21 2023,5,453.52,livré,tanger,Carte,,2023-11-23
CMD16090,CL0167,P046,Jul 23 2023,3,1626.8,livré,kech,Carte,,2023-07-26
CMD09235,CL0961,P004,2023-01-10,4,504.02,en_cours,Agadir,Carte,LIV10,
CMD04198,CL0760,P032,Feb 03 2024,2,3039.84,en_cours,kech,Carte,,
CMD18384,CL0430,P095,28/12/2023,4,2507.71,en_cours,marrakech,Carte,LIV1,
CMD02679,CL0415,P016,Apr 28 2024,1,265.16,OK,kech,Carte,LIV9,
CMD04894,CL0784,P012,Apr 29 2023,5,0,retourné,TNG,Carte,LIV7,2023-05-02
CMD40975,CL0810,P092,2024-04-21,1,931.22,en_cours,RBA,Carte,LIV6,
CMD47063,CL0951,P036,2023-07-28,5,4543.07,en_cours,Agadir,Carte,LIV3,
CMD14960,CL0653,P039,2024-03-02,3,352.95,en_cours,marrakech,Carte,LIV3,
CMD14710,CL0190,P092,Mar 30 2023,3,3477.16,en_cours,RBA,Carte,LIV9,
CMD18321,CL0722,P098,2024-01-19,5,1611.9,annulé,Tnja,Carte,LIV8,
CMD11710,CL0409,P078,01/05/2024,5,4472.81,retourné,RBA,Carte,LIV7,2024-05-02
CMD46148,CL0429,P004,Jul 02 2023,5,4586.37,retourné,kech,Carte,LIV9,2023-07-03
CMD05977,CL0137,P100,28/04/2024,4,2474.98,livré,casa,Carte,LIV4,2024-05-01
CMD26580,CL0587,P056,01/01/2024,1,3215.25,retourné,casa,Carte,LIV1,2024-01-05
CMD27995,CL0210,P021,Jan 30 2024,1,4492.32,annulé,TANGER,Carte,LIV7,
CMD20425,CL0733,P050,19/11/2023,3,1551.16,retourné,marrakech,Carte,LIV9,2023-11-24
CMD17610,CL0974,P011,Jul 03 2023,3,4674.39,LIVRE,TNG,Carte,LIV9,2023-07-08
CMD12671,CL0087,P036,Jun 20 2023,1,3859.77,en_cours,tanger,Carte,LIV5,
CMD45258,CL0680,P059,2024-01-01,1,1770.46,retourné,CASABLANCA,Carte,LIV5,2024-01-05
CMD44943,CL0932,P079,Feb 27 2023,5,3074.09,livre,RBA,Carte,LIV3,
CMD34735,CL0211,P099,20/01/2024,4,2433.99,LIVRE,kech,Carte,LIV5,2024-01-21
CMD06029,CL0652,P049,Feb 17 2023,4,827.92,OK,Agadir,Carte,LIV7,
CMD20730,CL0778,P069,2024-01-04,4,2731.38,LIVRE,RBA,Carte,LIV10,2024-01-09
CMD16407,CL0744,P020,Feb 17 2023,2,1563.37,livré,TNG,Carte,LIV5,2023-02-22
CMD43642,CL0037,P078,23/06/2023,3,1313.33,livré,kech,Carte,LIV10,2023-06-26
CMD01881,CL0224,P011,2023-05-09,2,3869.97,retourné,Tnja,Carte,LIV6,2023-05-12
CMD36165,CL0516,P090,14/01/2023,1,3067.83,KO,marrakech,Carte,LIV1,
CMD16446,CL0264,P022,13/03/2024,5,3784.63,livré,marrakech,Carte,LIV9,2024-03-15
CMD22782,CL0830,P080,14/03/2024,2,128.89,livre,CASABLANCA,Carte,LIV9,
CMD18343,CL0411,P020,2024-02-05,3,298.09,retourné,RBA,Carte,LIV1,2024-02-07
CMD29431,CL0726,P036,2024-03-21,2,3816.93,annulé,TANGER,Carte,LIV3,
CMD34874,CL0750,P044,Jan 31 2024,2,3966.49,livré,casa,Carte,LIV10,2024-02-04
CMD11340,CL0805,P021,Jul 23 2023,4,3497.95,LIVRE,tanger,Carte,LIV8,2023-07-26
CMD15768,CL0395,P083,2023-07-04,2,3554.56,KO,kech,Carte,LIV5,
CMD27199,CL0784,P001,Mar 10 2023,5,3042.5,livre,kech,Carte,LIV3,
CMD16008,CL0608,P037,29/01/2024,1,1582.76,annulé,kech,Carte,LIV1,
CMD45131,CL1000,P028,17/07/2023,4,1183.44,en_cours,marrakech,Carte,LIV6,
CMD30728,CL0557,P012,11/07/2023,1,4509.74,KO,marrakech,Carte,LIV4,
CMD40401,CL0424,P061,Sep 10 2023,2,61.88,LIVRE,Tnja,Carte,LIV2,2023-09-12
CMD14027,CL0906,P022,24/11/2023,3,348.95,livré,casa,Carte,LIV4,2023-11-26
CMD40259,CL0358,P068,Nov 26 2023,3,2618.24,LIVRE,Agadir,Carte,LIV5,2023-11-28
CMD24029,CL0193,P079,2023-05-06,5,2679.32,DONE,Agadir,Carte,LIV7,2023-05-11
CMD16217,CL0545,P089,Nov 12 2023,4,4664.27,KO,Agadir,Carte,LIV6,
CMD02527,CL0019,P003,May 15 2024,5,2106.17,retourné,marrakech,Carte,LIV9,2024-05-16
CMD41262,CL0881,P039,2024-01-17,4,74.78,DONE,casa,Carte,LIV5,2024-01-18
CMD25035,CL0548,P007,Feb 27 2023,-1,3071.14,livré,Tnja,Carte,LIV4,2023-03-01
CMD29379,CL0913,P091,2024-01-16,5,3702.04,LIVRE,casa,Carte,LIV10,2024-01-18
CMD36030,CL0413,P100,16/03/2024,4,2230.03,retourné,kech,Carte,,2024-03-21
CMD00679,CL0714,P042,Oct 05 2023,4,3066.86,livre,Tnja,Carte,LIV3,
CMD04821,CL0022,P076,Jan 10 2024,1,117.8,KO,TNG,Carte,LIV4,
CMD07721,CL0818,P046,Jan 16 2024,2,3910.5,DONE,Tnja,Carte,LIV3,2024-01-18
CMD03491,CL0201,P099,2023-02-13,5,1008.72,livre,casa,Carte,,
CMD47837,CL0416,P027,2023-12-02,3,363.47,DONE,Tnja,Carte,LIV2,2023-12-03
CMD46455,CL0016,P097,Jul 24 2023,2,4323.32,livré,tanger,Carte,LIV5,2023-07-25
CMD05876,CL0885,P039,11/05/2023,1,2567.6,livre,kech,Carte,LIV10,
CMD13859,CL0652,P064,2023-12-27,2,3929.37,livré,casa,Carte,LIV4,2023-12-31
CMD47588,CL0307,P049,Dec 31 2023,4,4509.6,livre,RBA,Carte,LIV3,
CMD19062,CL0795,P047,2024-04-15,5,1099.18,livré,tanger,Carte,LIV3,2024-04-18
CMD43178,CL0705,P040,02/02/2024,1,2346.98,en_cours,TNG,Carte,LIV10,
CMD32031,CL0183,P059,2023-08-15,1,4353.6,OK,RBA,Carte,,
CMD09001,CL0237,P047,08/10/2023,2,1243.34,livré,tanger,Carte,LIV7,2023-10-09
CMD42956,CL0003,P041,08/01/2024,5,1476.53,en_cours,RBA,Carte,LIV1,
CMD29104,CL0277,P084,Jan 03 2023,3,428.56,livré,kech,Carte,LIV4,2023-01-07
CMD40014,CL0247,P006,2023-01-08,5,4246.62,livre,Tnja,Carte,LIV10,
CMD08153,CL0565,P093,13/07/2023,1,1826.48,KO,Tnja,Carte,LIV10,
CMD41362,CL0078,P073,25/03/2024,1,4166.18,en_cours,RBA,Carte,LIV5,
CMD03743,CL0505,P074,Mar 13 2023,3,1829.97,KO,Agadir,Carte,LIV10,
CMD32234,CL0040,P060,24/10/2023,3,4138.99,en_cours,TNG,Carte,LIV3,
CMD24381,CL0910,P035,Sep 20 2023,4,2267.54,annulé,tanger,Carte,LIV10,
CMD15644,CL0693,P079,Jun 18 2023,2,2827.52,retourné,CASABLANCA,Carte,LIV10,2023-06-20
CMD39746,CL0106,P063,2023-05-29,3,1878.22,retourné,RBA,Carte,LIV1,2023-05-30
CMD19399,CL0867,P043,Nov 19 2023,4,844.01,livré,Agadir,Carte,LIV2,2023-11-21
CMD45670,CL0318,P044,2023-04-03,4,913.52,KO,Tnja,Carte,LIV5,
CMD24883,CL0213,P024,2023-10-16,2,593.03,DONE,Agadir,Carte,LIV1,2023-10-17
CMD09545,CL0276,P080,Sep 22 2023,4,4757.91,annulé,kech,Carte,LIV7,
CMD38412,CL0275,P085,2023-01-23,3,1233.83,annulé,kech,Carte,LIV2,
CMD03753,CL0769,P089,Apr 07 2024,4,1977.49,annulé,kech,Carte,LIV10,
CMD12005,CL0440,P011,23/01/2023,1,0,KO,kech,Carte,LIV10,
CMD06548,CL0845,P007,28/10/2023,4,1410.82,annulé,CASABLANCA,Carte,LIV6,
CMD47536,CL0725,P071,29/03/2023,2,212.2,livré,marrakech,Carte,,2023-04-03
CMD37061,CL0282,P067,2023-12-17,5,1191.54,LIVRE,Tnja,Carte,LIV8,2023-12-18
CMD14271,CL0069,P005,Nov 20 2023,1,2263.75,DONE,marrakech,Carte,LIV2,2023-11-24
CMD11747,CL0117,P012,2023-01-07,4,1923.15,retourné,marrakech,Carte,LIV1,2023-01-08
CMD23046,CL0401,P074,01/05/2023,3,3780.46,LIVRE,TNG,Carte,LIV4,2023-05-02
CMD12688,CL0841,P031,Apr 25 2024,1,4229.12,DONE,tanger,Carte,,2024-04-26
CMD37145,CL0427,P043,03/05/2024,1,397.53,KO,tanger,Carte,LIV7,
CMD28240,CL0987,P081,28/08/2023,1,1468.91,livré,Tnja,Carte,LIV5,2023-08-30
CMD31996,CL0361,P058,Dec 23 2023,5,3661.03,annulé,Agadir,Carte,LIV7,
CMD36836,CL0789,P051,2023-01-13,3,4477.09,OK,CASABLANCA,Carte,LIV4,
CMD38754,CL0459,P060,2023-02-06,1,3685.42,livré,Tnja,Carte,LIV8,2023-02-11
CMD27997,CL0340,P057,Feb 24 2023,5,3969.09,DONE,tanger,Carte,LIV9,2023-02-25
CMD10069,CL0759,P006,Feb 18 2023,2,921.62,annulé,RBA,Carte,LIV5,
CMD40288,CL0557,P036,30/04/2023,2,4169.28,annulé,casa,Carte,LIV5,
CMD08805,CL0133,P092,Mar 22 2023,1,377.13,DONE,CASABLANCA,Carte,LIV6,2023-03-24
CMD22367,CL0556,P099,29/05/2023,4,0,livré,RBA,Carte,LIV8,2023-06-01
CMD18955,CL0470,P007,2023-11-29,2,2019.31,retourné,marrakech,Carte,LIV8,2023-12-01
CMD38388,CL0926,P081,13/01/2023,5,4105.84,retourné,TNG,Carte,LIV2,2023-01-15
CMD30596,CL0650,P050,04/12/2023,4,1149.77,livré,RBA,Carte,LIV10,2023-12-06
CMD10561,CL0653,P069,2023-01-05,3,2154.52,DONE,TNG,Carte,LIV4,2023-01-09
CMD13089,CL0867,P023,05/04/2023,3,1229.61,livré,TANGER,Carte,LIV6,2023-04-10
CMD42572,CL0813,P044,22/01/2023,5,363.93,livre,TNG,Carte,LIV8,
CMD13403,CL0176,P026,Feb 17 2023,3,2903.26,annulé,kech,Carte,LIV8,
CMD29069,CL0918,P051,2023-01-14,2,4471.09,retourné,kech,Carte,LIV8,2023-01-15
CMD10964,CL0773,P055,2023-03-11,1,166.41,annulé,Tnja,Carte,LIV4,
CMD19683,CL0622,P023,2023-07-31,1,4043.81,livré,RBA,Carte,LIV1,2023-08-04
CMD11530,CL0335,P063,Aug 05 2023,2,3751.87,en_cours,CASABLANCA,Carte,LIV10,
CMD37657,CL0502,P003,Jan 08 2024,5,3761.59,annulé,kech,Carte,LIV4,
CMD26733,CL0921,P077,02/03/2024,2,4162.16,livré,RBA,Carte,LIV2,2024-03-05
CMD43698,CL0814,P023,2024-03-12,4,4351.58,retourné,Agadir,Carte,LIV5,2024-03-15
CMD28531,CL0747,P035,2024-03-24,4,2539.07,DONE,RBA,Carte,LIV9,2024-03-27
CMD09923,CL0185,P078,Aug 14 2023,4,1307.43,livré,Agadir,Carte,LIV7,2023-08-19
CMD16559,CL0379,P083,Feb 25 2023,1,1510.27,livré,kech,Carte,LIV1,2023-02-27
CMD12214,CL0688,P021,2023-09-14,1,863.26,en_cours,Tnja,Carte,LIV4,
CMD31500,CL0056,P029,2023-09-25,1,4480.11,annulé,casa,Carte,LIV10,
CMD44661,CL0087,P005,27/06/2023,2,4411.43,KO,marrakech,Carte,LIV9,
CMD23148,CL0884,P047,2023-03-14,1,3660.15,livré,kech,Carte,LIV1,2023-03-18
CMD20914,CL0550,P015,05/03/2023,3,527.7,KO,Tnja,Carte,LIV3,
CMD30715,CL0914,P036,Feb 04 2023,3,946.68,en_cours,CASABLANCA,Carte,,
CMD25077,CL0327,P071,18/04/2023,3,0,KO,kech,Carte,,
CMD33674,CL0091,P100,12/05/2023,5,1659.51,en_cours,Agadir,Carte,LIV8,
CMD01576,CL0981,P013,2024-01-02,2,2628.81,KO,kech,Carte,LIV1,
CMD07878,CL0332,P069,Apr 29 2024,4,3717.0,en_cours,CASABLANCA,Carte,LIV6,
CMD19122,CL0369,P073,Feb 22 2024,3,540.5,DONE,tanger,Carte,LIV4,2024-02-26
CMD20269,CL0075,P012,19/09/2023,4,300.47,LIVRE,RBA,Carte,LIV8,2023-09-21
CMD35919,CL0810,P089,30/08/2023,5,3619.04,en_cours,kech,Carte,LIV6,
CMD00994,CL0783,P100,2024-03-07,1,4407.03,DONE,RBA,Carte,LIV7,2024-03-10
CMD31776,CL0175,P027,2024-02-22,2,3357.54,livré,tanger,Carte,LIV6,2024-02-26
CMD22887,CL0330,P002,May 11 2024,4,2542.59,retourné,casa,Carte,LIV1,2024-05-12
CMD19141,CL0851,P050,2023-12-12,2,581.08,livré,TANGER,Carte,LIV2,2023-12-13
CMD17581,CL0294,P036,2023-01-10,3,1465.7,OK,RBA,Carte,LIV3,
CMD39710,CL0769,P067,16/09/2023,5,434.29,OK,kech,Carte,LIV6,
CMD08103,CL0218,P050,24/12/2023,4,709.02,livré,Tnja,Carte,LIV6,2023-12-27
CMD12185,CL0464,P024,2023-01-10,2,4422.1,livre,Agadir,Carte,LIV9,
CMD47649,CL0487,P051,11/01/2023,1,312.07,livré,Agadir,Carte,LIV9,2023-01-13
CMD39994,CL0063,P070,Jul 29 2023,5,3438.46,OK,tanger,Carte,LIV4,
CMD03541,CL0137,P036,29/07/2023,3,2550.16,en_cours,TANGER,Carte,LIV3,
CMD47755,CL0379,P079,02/09/2023,2,1975.82,DONE,Tnja,Carte,LIV5,2023-09-03
CMD13220,CL0708,P021,04/05/2024,1,1933.06,LIVRE,marrakech,Carte,LIV5,2024-05-07
CMD02785,CL0810,P045,12/03/2024,1,2243.82,livre,Tnja,Carte,LIV4,
CMD37372,CL0848,P046,Jan 13 2024,2,0,livre,Tnja,Carte,LIV2,
CMD04747,CL0631,P014,09/07/2023,4,1959.0,livré,RBA,Carte,LIV3,2023-07-14
CMD32437,CL0322,P012,2023-07-20,5,1467.08,retourné,kech,Carte,LIV2,2023-07-23
CMD20512,CL0425,P097,Feb 15 2024,1,3060.3,livré,Agadir,Carte,LIV1,2024-02-19
CMD19239,CL0438,P100,29/03/2023,2,2883.79,annulé,TANGER,Carte,LIV7,
CMD40150,CL0404,P073,Aug 12 2023,5,675.29,en_cours,TANGER,Carte,LIV7,
CMD42542,CL0873,P091,2024-01-17,5,933.82,annulé,casa,Carte,LIV1,
CMD42908,CL0577,P100,2023-07-12,1,2898.34,en_cours,Agadir,Carte,LIV2,
CMD28288,CL0249,P065,Dec 01 2023,1,2419.08,livre,CASABLANCA,Carte,LIV9,
CMD15920,CL0536,P059,Dec 24 2023,2,249.26,livré,CASABLANCA,Carte,LIV5,2023-12-25
CMD12383,CL0927,P080,12/05/2023,2,2899.23,livré,Tnja,Carte,LIV5,2023-05-16
CMD47707,CL0912,P032,Sep 01 2023,-1,4925.48,livré,Tnja,Carte,LIV4,2023-09-05
CMD17396,CL0956,P048,2024-04-18,3,1764.05,livré,TNG,Carte,LIV3,2024-04-19
CMD16955,CL0755,P051,28/03/2023,3,4018.04,livré,marrakech,Carte,LIV6,2023-03-30
CMD38576,CL0264,P092,Jan 02 2024,5,195.48,livre,RBA,Carte,LIV7,
CMD40522,CL0705,P002,18/11/2023,5,4256.94,en_cours,RBA,Carte,LIV5,
CMD11082,CL0026,P047,Feb 07 2024,1,4861.23,DONE,Tnja,Carte,LIV10,2024-02-11
CMD25190,CL0965,P064,Dec 14 2023,3,1920.76,retourné,RBA,Carte,LIV4,2023-12-16
CMD36722,CL0897,P047,May 28 2023,4,4728.04,en_cours,Agadir,Carte,,
CMD11983,CL0568,P092,2023-04-12,3,3937.96,OK,marrakech,Carte,LIV4,
CMD38436,CL0111,P016,2023-03-29,1,3199.66,annulé,tanger,Carte,LIV8,
CMD32849,CL0446,P098,25/03/2024,1,464.73,livre,TNG,Carte,LIV1,
CMD09429,CL0937,P013,Sep 22 2023,2,1783.43,DONE,kech,Carte,LIV4,2023-09-26
CMD01623,CL0482,P055,2023-10-10,3,1875.83,livré,CASABLANCA,Carte,LIV4,2023-10-13
CMD17213,CL0674,P064,15/07/2023,3,833.45,annulé,TNG,Carte,LIV10,
CMD02472,CL0657,P052,08/02/2023,3,4843.48,annulé,TANGER,Carte,LIV4,
CMD01907,CL0512,P028,May 10 2023,3,4950.18,KO,tanger,Carte,LIV7,
CMD06383,CL0685,P024,03/04/2024,5,1336.15,KO,TNG,Carte,LIV3,
CMD18313,CL0444,P008,Feb 04 2024,3,1955.49,livré,casa,Carte,LIV8,2024-02-09
CMD23219,CL0775,P030,14/01/2024,2,3753.96,en_cours,Tnja,Carte,LIV9,
CMD30161,CL0979,P053,Aug 18 2023,4,2795.57,KO,Tnja,Carte,LIV9,
CMD27554,CL0288,P016,Feb 27 2024,4,4356.51,livré,TANGER,Carte,LIV5,2024-02-29
CMD05032,CL0537,P030,09/12/2023,4,158.43,en_cours,kech,Carte,LIV9,
CMD42793,CL1000,P017,2023-06-17,2,4935.43,livré,marrakech,Carte,LIV3,2023-06-20
CMD31766,CL0908,P005,Jan 06 2023,5,3429.27,LIVRE,Agadir,Carte,LIV8,2023-01-09
CMD38042,CL0943,P088,2023-06-26,2,2006.05,livré,TANGER,Carte,LIV9,2023-07-01
CMD48199,CL0386,P018,2023-10-09,4,2836.23,DONE,TNG,Carte,LIV3,2023-10-12
CMD28510,CL0140,P016,Dec 01 2023,2,856.67,retourné,tanger,Carte,LIV10,2023-12-02
CMD00134,CL0504,P002,2024-01-16,3,2378.16,DONE,RBA,Carte,LIV2,2024-01-19
CMD43022,CL0424,P017,13/03/2024,4,1619.47,annulé,Agadir,Carte,LIV2,
CMD23482,CL0018,P003,2023-03-22,1,2195.07,DONE,RBA,Carte,,2023-03-27
CMD00576,CL0458,P063,03/08/2023,5,1018.98,retourné,casa,Carte,LIV9,2023-08-04
CMD27027,CL0132,P035,Feb 06 2023,4,722.99,OK,casa,Carte,LIV5,
CMD16027,CL0605,P059,06/05/2024,3,1495.72,en_cours,CASABLANCA,Carte,LIV7,
CMD17961,CL0384,P009,2023-02-03,2,3933.74,livré,Tnja,Carte,LIV10,2023-02-06
CMD47502,CL0412,P062,Jul 09 2023,4,2109.6,LIVRE,RBA,Carte,LIV7,2023-07-14
CMD29329,CL0660,P014,11/11/2023,3,535.5,retourné,TANGER,Carte,LIV7,2023-11-13
CMD20549,CL0346,P023,2024-02-21,4,0,livré,Tnja,Carte,LIV2,2024-02-22
CMD12540,CL0787,P019,2023-12-23,2,877.25,LIVRE,TANGER,Carte,LIV9,2023-12-26
CMD21769,CL0394,P090,Jun 08 2023,1,1599.35,annulé,casa,Carte,LIV5,
CMD09789,CL0046,P051,Sep 14 2023,4,1850.51,LIVRE,RBA,Carte,LIV5,2023-09-18
CMD38008,CL0482,P044,16/05/2023,2,1804.53,livré,casa,Carte,LIV9,2023-05-18
CMD36225,CL0218,P055,2023-06-26,5,351.92,DONE,CASABLANCA,Carte,LIV8,2023-06-29
CMD48390,CL0178,P043,Jul 15 2023,2,2628.56,livré,CASABLANCA,Carte,LIV8,2023-07-18
CMD28951,CL0616,P091,2023-06-25,5,4647.46,OK,RBA,Carte,LIV10,
CMD36950,CL0253,P085,28/09/2023,2,1067.01,DONE,casa,Carte,LIV5,2023-10-03
CMD12003,CL0720,P009,2023-02-11,5,1339.14,livré,Tnja,Carte,LIV4,2023-02-14
CMD23025,CL0650,P075,May 11 2023,4,1069.89,livre,Tnja,Carte,,
CMD12471,CL0957,P076,11/02/2024,2,2823.05,annulé,tanger,Carte,LIV2,
CMD47359,CL0064,P045,2023-02-17,2,1169.09,livré,RBA,Carte,LIV8,2023-02-20
CMD16191,CL0338,P082,2023-01-21,1,3995.09,annulé,Agadir,Carte,LIV6,
CMD16063,CL0526,P050,Feb 08 2023,4,4997.67,retourné,marrakech,Carte,LIV10,2023-02-10
CMD19704,CL0051,P067,03/02/2024,3,496.75,DONE,TANGER,Carte,LIV2,2024-02-04
CMD12209,CL0313,P021,2023-01-31,3,2365.0,OK,kech,Carte,LIV4,
CMD40898,CL0011,P074,2024-01-07,2,1197.87,DONE,marrakech,Carte,LIV1,2024-01-09
CMD47363,CL0764,P057,Nov 01 2023,1,402.03,LIVRE,casa,Carte,LIV2,2023-11-04
CMD17059,CL0058,P007,Apr 06 2023,2,4508.82,OK,TANGER,Carte,LIV9,
CMD01956,CL0805,P045,2023-04-19,2,318.19,livré,Tnja,Carte,LIV7,2023-04-21
CMD33170,CL0021,P041,21/03/2024,5,503.82,DONE,TNG,Carte,LIV4,2024-03-23
CMD21159,CL0495,P086,2023-02-08,3,1230.39,retourné,tanger,Carte,LIV9,2023-02-11
CMD01040,CL0884,P021,21/04/2024,4,389.88,livre,RBA,Carte,LIV9,
CMD25178,CL0078,P065,2023-12-03,4,1661.3,en_cours,CASABLANCA,Carte,LIV3,
CMD29754,CL0634,P057,2023-01-21,2,4393.82,KO,tanger,Carte,LIV5,
CMD01896,CL0298,P079,Nov 12 2023,1,359.3,retourné,TNG,Carte,LIV4,2023-11-16
CMD44756,CL0364,P011,Jul 14 2023,3,2580.11,livre,RBA,Carte,LIV10,
CMD11136,CL0300,P045,2023-05-10,3,1626.05,livré,TANGER,Carte,LIV6,2023-05-13
CMD15825,CL0535,P063,10/05/2023,3,2897.39,en_cours,Agadir,Carte,LIV5,
CMD00300,CL0335,P063,2023-03-12,2,1310.58,livre,Agadir,Carte,LIV1,
CMD41034,CL0626,P060,2024-01-22,3,1098.27,DONE,casa,Carte,LIV2,2024-01-26
CMD39636,CL0166,P063,14/01/2023,5,4882.45,livré,CASABLANCA,Carte,LIV6,2023-01-19
CMD23072,CL0785,P041,Jun 03 2023,4,548.53,en_cours,CASABLANCA,Carte,LIV7,
CMD42920,CL0969,P090,Dec 27 2023,2,2190.71,KO,CASABLANCA,Carte,LIV8,
CMD13836,CL0948,P034,2023-08-16,5,3953.41,livré,TANGER,Carte,LIV4,2023-08-17
CMD15003,CL0387,P065,18/07/2023,4,4784.38,en_cours,Agadir,Carte,LIV5,
CMD32365,CL0532,P086,Feb 03 2024,2,4682.32,en_cours,tanger,Carte,LIV7,
CMD07168,CL0057,P036,2024-01-13,3,4068.85,livre,marrakech,Carte,LIV8,
CMD43988,CL0807,P073,13/10/2023,5,2640.34,livre,Tnja,Carte,LIV5,
CMD21194,CL0841,P036,09/03/2023,5,0,livre,casa,Carte,LIV8,
CMD26180,CL0590,P018,01/12/2023,4,697.11,LIVRE,casa,Carte,LIV7,2023-12-03
CMD40564,CL0549,P004,Mar 05 2024,1,3902.93,KO,CASABLANCA,Carte,LIV2,
CMD33292,CL0025,P009,2023-04-15,2,4474.59,retourné,tanger,Carte,LIV6,2023-04-16
CMD23110,CL0387,P018,21/04/2024,3,1574.91,OK,kech,Carte,LIV7,
CMD13962,CL0480,P066,2023-12-29,5,1410.03,livré,TANGER,Carte,LIV4,2023-12-30
CMD24011,CL0444,P006,Jul 27 2023,4,2936.59,en_cours,tanger,Carte,LIV3,
CMD24225,CL0604,P022,Mar 31 2023,5,3935.86,retourné,CASABLANCA,Carte,LIV3,2023-04-02
CMD33247,CL0205,P048,2023-08-24,3,2701.64,DONE,TNG,Carte,LIV2,2023-08-29
CMD06560,CL0572,P098,Dec 18 2023,5,3505.62,DONE,TANGER,Carte,LIV8,2023-12-21
CMD42946,CL0605,P025,05/02/2024,1,2291.95,livré,CASABLANCA,Carte,LIV10,2024-02-08
CMD42453,CL0109,P082,27/01/2023,1,3957.96,en_cours,RBA,Carte,LIV10,
CMD29981,CL0998,P052,17/10/2023,2,1233.95,livré,kech,Carte,LIV9,2023-10-21
CMD35766,CL0129,P088,17/12/2023,3,1120.17,livré,tanger,Carte,LIV4,2023-12-19
CMD29303,CL0948,P008,04/08/2023,4,1904.96,KO,TANGER,Carte,LIV7,
CMD18895,CL0597,P095,2024-05-04,5,1143.41,livré,CASABLANCA,Carte,,2024-05-05
CMD46798,CL0059,P098,2023-01-26,5,4354.96,livré,TANGER,Carte,LIV7,2023-01-28
CMD31740,CL0664,P006,13/11/2023,2,2420.4,en_cours,marrakech,Carte,LIV3,
CMD18341,CL0006,P035,May 08 2023,1,2828.38,livré,Agadir,Carte,LIV1,2023-05-13
CMD42843,CL0478,P044,Mar 26 2024,1,2742.55,livré,casa,Carte,LIV6,2024-03-27
CMD21855,CL0764,P032,2023-12-05,4,826.27,KO,TANGER,Carte,LIV3,
CMD18512,CL0454,P035,Jun 30 2023,1,420.26,en_cours,tanger,Carte,LIV2,
CMD11115,CL0123,P010,Apr 10 2023,2,3963.77,livré,Agadir,Carte,LIV7,2023-04-13
CMD46710,CL0535,P020,2023-12-13,1,1453.5,LIVRE,Agadir,Carte,LIV4,2023-12-15
CMD03577,CL0180,P060,2023-03-04,5,3274.38,livré,RBA,Carte,LIV2,2023-03-08
CMD38237,CL0899,P084,2023-04-28,1,1749.58,KO,RBA,Carte,LIV5,
CMD34884,CL0526,P008,May 02 2023,4,89.03,livré,marrakech,Carte,LIV9,2023-05-03
CMD41379,CL0112,P096,05/08/2023,5,3086.0,OK,tanger,Carte,LIV3,
CMD12175,CL0336,P069,2024-03-08,4,1528.32,annulé,Tnja,Carte,LIV10,
CMD15757,CL0250,P068,Oct 03 2023,4,3185.91,livré,TANGER,Carte,LIV8,2023-10-05
CMD34402,CL0170,P036,Mar 19 2023,3,2022.47,livré,TANGER,Carte,LIV8,2023-03-23
CMD04540,CL0829,P059,Feb 04 2024,3,1114.44,livré,marrakech,Carte,LIV9,2024-02-05
CMD13486,CL0384,P007,2024-04-24,1,3913.98,OK,TNG,Carte,LIV7,
CMD43376,CL0229,P011,2024-02-02,1,3734.33,retourné,marrakech,Carte,LIV9,2024-02-07
CMD44934,CL0778,P046,Mar 21 2023,4,1958.89,DONE,marrakech,Carte,LIV2,2023-03-24
CMD11532,CL0607,P081,20/04/2024,1,2472.35,KO,TNG,Carte,LIV10,
CMD01486,CL0877,P040,2023-11-08,4,3054.62,DONE,RBA,Carte,LIV9,2023-11-09
CMD42628,CL0546,P015,Mar 30 2024,5,4540.95,en_cours,RBA,Carte,LIV6,
CMD29654,CL0800,P068,09/03/2024,4,865.38,livré,CASABLANCA,Carte,LIV2,2024-03-14
CMD24339,CL0302,P063,2023-07-30,2,2267.11,livré,kech,Carte,LIV7,2023-08-04
CMD28158,CL0591,P024,14/04/2024,3,3620.76,LIVRE,Tnja,Carte,LIV4,2024-04-17
CMD47089,CL0704,P077,Jul 02 2023,1,1438.71,en_cours,casa,Carte,LIV6,
CMD08074,CL0085,P011,Mar 18 2023,1,4250.78,LIVRE,Tnja,Carte,LIV7,2023-03-21
CMD46254,CL0129,P021,Nov 17 2023,4,2333.67,DONE,kech,Carte,LIV7,2023-11-22
CMD13091,CL0407,P036,06/04/2024,5,3138.6,DONE,tanger,Carte,LIV8,2024-04-09
CMD16551,CL0775,P045,14/05/2024,2,618.64,DONE,CASABLANCA,Carte,LIV3,2024-05-18
CMD19103,CL0357,P074,2023-05-02,1,564.16,livré,kech,Carte,LIV2,2023-05-06
CMD15172,CL0914,P077,Mar 16 2023,1,3071.58,annulé,tanger,Carte,LIV6,
CMD11900,CL0647,P044,Mar 30 2024,4,3178.97,en_cours,TNG,Carte,LIV9,
CMD23633,CL0549,P092,08/02/2024,4,2200.31,livré,kech,Carte,LIV9,2024-02-11
CMD45903,CL0124,P046,11/10/2023,1,567.26,OK,CASABLANCA,Carte,LIV10,
CMD23603,CL0564,P023,30/06/2023,4,4960.64,livré,Agadir,Carte,LIV9,2023-07-05
CMD17682,CL0156,P007,24/12/2023,4,4050.82,retourné,CASABLANCA,Carte,LIV4,2023-12-29
CMD17546,CL0590,P001,May 15 2024,4,4685.81,livré,kech,Carte,LIV3,2024-05-18
CMD25986,CL0376,P050,2023-03-10,2,305.29,annulé,Tnja,Carte,LIV9,
CMD33467,CL0624,P071,Dec 18 2023,1,3922.19,OK,TANGER,Carte,LIV8,
CMD45650,CL0593,P054,2023-09-28,2,2001.35,livré,marrakech,Carte,LIV8,2023-09-29
CMD26096,CL0576,P083,14/01/2024,2,4225.21,annulé,CASABLANCA,Carte,LIV6,
CMD06221,CL0240,P085,18/02/2024,2,1946.35,livré,marrakech,Carte,LIV3,2024-02-20
CMD11468,CL0632,P014,2023-05-05,2,952.83,livré,RBA,Carte,LIV8,2023-05-09
CMD11991,CL0759,P095,12/08/2023,5,1899.2,retourné,TNG,Carte,LIV4,2023-08-17
CMD15496,CL0253,P007,07/02/2023,3,2362.67,livré,TANGER,Carte,LIV10,2023-02-11
CMD24220,CL0224,P017,01/01/2024,5,1485.24,retourné,casa,Carte,LIV3,2024-01-06
CMD19750,CL0604,P082,Sep 25 2023,1,3644.23,retourné,casa,Carte,LIV7,2023-09-30
CMD16109,CL0250,P001,Jul 07 2023,4,1411.1,en_cours,marrakech,Carte,LIV10,
CMD15385,CL0477,P051,Mar 19 2023,4,682.42,livre,casa,Carte,LIV7,
CMD28746,CL0366,P037,2023-06-25,1,818.51,livré,marrakech,Carte,LIV6,2023-06-30
CMD10937,CL0010,P045,Jan 01 2023,5,1558.08,DONE,TNG,Carte,LIV10,2023-01-05
CMD14934,CL0203,P097,17/09/2023,2,877.88,livré,RBA,Carte,LIV5,2023-09-21
CMD42435,CL0860,P051,Mar 25 2024,3,1761.26,retourné,RBA,Carte,LIV3,2024-03-28
CMD47822,CL0962,P081,2023-09-13,3,4773.01,livre,marrakech,Carte,LIV2,
CMD33588,CL0032,P024,18/04/2024,5,1622.36,OK,TNG,Carte,LIV1,
CMD04057,CL0305,P003,2023-09-16,1,4448.07,livre,Agadir,Carte,LIV3,
CMD26228,CL0849,P007,03/09/2023,3,2559.26,retourné,CASABLANCA,Carte,LIV7,2023-09-05
CMD05591,CL0625,P034,2023-03-30,2,4724.26,DONE,tanger,Carte,LIV9,2023-04-02
CMD48137,CL0647,P092,2024-01-16,5,3638.78,retourné,marrakech,Carte,,2024-01-17
CMD25127,CL0463,P044,2023-07-29,4,2602.83,KO,Tnja,Carte,LIV1,
CMD41299,CL0906,P028,Oct 19 2023,3,521.63,DONE,RBA,Carte,,2023-10-20
CMD16201,CL0263,P008,Feb 16 2024,5,1409.25,livré,marrakech,Carte,LIV1,2024-02-18
CMD43396,CL0822,P075,May 02 2023,3,92.13,retourné,RBA,Carte,LIV2,2023-05-05
CMD14502,CL0909,P062,21/04/2024,4,3709.4,OK,Tnja,Carte,LIV7,
CMD42631,CL0568,P098,Apr 11 2023,5,2875.51,en_cours,kech,Carte,LIV2,
CMD04692,CL0526,P078,06/12/2023,1,2289.57,DONE,RBA,Carte,LIV7,2023-12-10
CMD38180,CL0987,P041,Mar 17 2023,3,2456.86,DONE,TANGER,Carte,LIV8,2023-03-22
CMD38846,CL0720,P048,Aug 09 2023,5,1877.02,livré,RBA,Carte,LIV4,2023-08-11
CMD34945,CL0324,P070,Jan 26 2024,3,710.49,LIVRE,casa,Carte,LIV6,2024-01-27
CMD26639,CL0590,P063,15/07/2023,2,1157.97,livré,marrakech,Carte,LIV3,2023-07-20
CMD41395,CL0695,P100,2023-09-13,4,1958.33,livré,CASABLANCA,Carte,LIV6,2023-09-14
CMD12399,CL0783,P074,Apr 28 2024,3,4408.87,livré,marrakech,Carte,LIV3,2024-04-29
CMD45111,CL0174,P089,15/05/2023,5,4425.88,DONE,RBA,Carte,LIV3,2023-05-17
CMD38786,CL0873,P063,Sep 09 2023,3,4973.44,retourné,tanger,Carte,LIV6,2023-09-10
CMD18189,CL0610,P091,2024-01-06,2,3733.08,LIVRE,CASABLANCA,Carte,LIV9,2024-01-11
CMD37837,CL0161,P079,Mar 08 2023,5,2157.43,OK,RBA,Carte,LIV2,
CMD18964,CL0612,P053,Mar 30 2024,4,925.41,livré,TANGER,Carte,LIV1,2024-04-03
CMD34282,CL0564,P032,Mar 10 2024,5,4568.21,KO,Agadir,Carte,LIV10,
CMD40792,CL0514,P018,2023-10-28,5,2126.06,livre,marrakech,Carte,LIV7,
CMD07603,CL0525,P096,2023-02-19,5,2359.74,DONE,CASABLANCA,Carte,LIV3,2023-02-22
CMD14148,CL0828,P098,Aug 14 2023,5,4329.61,livre,Agadir,Carte,LIV10,
CMD05533,CL0781,P020,2023-12-13,3,4099.15,LIVRE,kech,Carte,LIV7,2023-12-16
CMD34977,CL0128,P056,10/01/2023,5,1483.77,livre,casa,Carte,LIV2,
CMD25605,CL0413,P009,2023-04-03,2,2786.27,annulé,Tnja,Carte,LIV8,
CMD15697,CL0753,P056,15/07/2023,-1,3996.72,retourné,Agadir,Carte,LIV1,2023-07-19
CMD28628,CL0740,P005,12/03/2024,3,206.89,KO,Tnja,Carte,LIV8,
CMD03463,CL0491,P065,2023-06-11,2,3449.48,DONE,RBA,Carte,LIV7,2023-06-14
CMD12180,CL0230,P077,2024-05-01,4,4168.67,OK,casa,Carte,LIV10,
CMD46384,CL0655,P037,Oct 09 2023,5,756.03,livre,casa,Carte,LIV1,
CMD18779,CL0858,P088,02/04/2024,3,2071.03,livré,CASABLANCA,Carte,LIV2,2024-04-03
CMD33161,CL0562,P001,2024-03-10,4,4278.31,DONE,TANGER,Carte,LIV3,2024-03-13
CMD18793,CL0208,P079,11/06/2023,4,3898.66,retourné,kech,Carte,LIV7,2023-06-13
CMD32489,CL0285,P036,Apr 22 2023,5,2206.26,en_cours,TANGER,Carte,LIV1,
CMD22287,CL0329,P081,Jan 11 2023,4,4844.59,KO,Tnja,Carte,LIV10,
CMD01060,CL0537,P051,13/03/2024,5,3769.29,annulé,casa,Carte,LIV6,
CMD35629,CL0177,P038,Aug 28 2023,1,3395.79,DONE,Tnja,Carte,LIV10,2023-08-31
CMD47006,CL0739,P054,Mar 03 2024,1,4674.44,retourné,RBA,Carte,LIV7,2024-03-04
CMD00952,CL0657,P014,Dec 19 2023,5,3448.67,livré,tanger,Carte,LIV10,2023-12-22
CMD16273,CL0981,P081,2023-12-08,3,1900.31,livré,CASABLANCA,Carte,LIV10,2023-12-10
CMD20097,CL0886,P052,2024-01-11,4,2831.05,livré,CASABLANCA,Carte,LIV8,2024-01-12
CMD37880,CL0361,P051,Feb 03 2023,2,1375.73,en_cours,tanger,Carte,LIV3,
CMD26464,CL0669,P087,Jul 06 2023,2,2048.99,annulé,kech,Carte,LIV7,
CMD39500,CL0076,P006,2023-07-18,5,645.7,retourné,Tnja,Carte,LIV3,2023-07-23
CMD41164,CL0639,P051,2023-10-29,5,3263.55,KO,marrakech,Carte,,
CMD16360,CL0692,P035,Nov 15 2023,2,1454.73,OK,kech,Carte,LIV3,
CMD32848,CL0131,P081,07/10/2023,5,2710.15,livré,Agadir,Carte,LIV5,2023-10-12
CMD37636,CL0282,P090,14/06/2023,5,4898.6,livré,RBA,Carte,LIV8,2023-06-16
CMD40367,CL0238,P075,28/03/2024,5,719.59,livré,CASABLANCA,Carte,LIV5,2024-04-01
CMD03493,CL0930,P029,Sep 13 2023,1,2715.98,DONE,RBA,Carte,LIV8,2023-09-15
CMD11392,CL0707,P005,11/11/2023,4,3315.48,livré,RBA,Carte,LIV4,2023-11-16
CMD03442,CL0339,P083,2023-04-10,2,2215.23,LIVRE,TNG,Carte,LIV5,2023-04-12
CMD40286,CL0120,P076,2024-02-13,2,444.4,livre,Tnja,Carte,LIV9,
CMD02073,CL0385,P021,Sep 05 2023,4,1579.95,livré,TANGER,Carte,LIV7,2023-09-10
CMD21530,CL0572,P037,26/01/2024,2,3440.29,retourné,RBA,Carte,LIV2,2024-01-29
CMD00834,CL0437,P015,2023-07-15,1,2876.0,KO,Tnja,Carte,LIV3,
CMD27633,CL0622,P063,11/10/2023,2,2976.17,retourné,casa,Carte,LIV7,2023-10-15
CMD42253,CL0616,P054,11/01/2023,3,271.3,retourné,TANGER,Carte,LIV8,2023-01-14
CMD42251,CL0626,P062,2024-03-01,5,2765.97,annulé,casa,Carte,,
CMD43076,CL0999,P004,28/10/2023,1,4346.88,OK,Tnja,Carte,LIV7,
CMD44783,CL0803,P001,17/04/2024,4,1446.81,KO,TNG,Carte,LIV7,
CMD07911,CL0536,P002,Feb 24 2024,4,294.48,DONE,Tnja,Carte,LIV9,2024-02-27
CMD05610,CL0715,P058,Oct 03 2023,2,3600.58,retourné,marrakech,Carte,LIV1,2023-10-06
CMD26152,CL0019,P034,2023-08-19,1,1088.92,livré,Agadir,Carte,LIV7,2023-08-23
CMD05738,CL0966,P018,2023-09-18,2,1401.76,DONE,RBA,Carte,LIV2,2023-09-19
CMD32609,CL0247,P089,07/04/2024,3,2465.41,livré,TANGER,Carte,LIV2,2024-04-09
CMD09664,CL0124,P023,19/01/2023,4,1448.67,livré,Agadir,Carte,LIV1,2023-01-24
CMD00824,CL0981,P036,03/04/2024,1,4251.76,livre,Agadir,Carte,LIV3,
CMD17185,CL0204,P043,2024-04-04,4,3648.78,livré,casa,Carte,LIV2,2024-04-09
CMD43293,CL0570,P096,Jun 25 2023,2,4833.45,DONE,CASABLANCA,Carte,LIV9,2023-06-30
CMD09452,CL0721,P073,Jun 18 2023,1,118.77,livré,casa,Carte,LIV2,2023-06-23
CMD43462,CL0920,P040,27/11/2023,2,1222.14,livré,tanger,Carte,LIV10,2023-12-02
CMD38860,CL0335,P090,02/12/2023,1,2982.72,livré,TNG,Carte,LIV2,2023-12-03
CMD30259,CL0725,P054,2023-01-10,5,3865.89,livré,tanger,Carte,LIV1,2023-01-15
CMD22826,CL0997,P025,03/12/2023,4,1464.93,LIVRE,marrakech,Carte,LIV1,2023-12-06
CMD17782,CL0061,P082,2023-10-29,4,3576.66,LIVRE,RBA,Carte,,2023-10-30
CMD01224,CL0931,P046,2024-05-05,5,4083.1,retourné,casa,Carte,LIV2,2024-05-09
CMD32899,CL0608,P025,2023-01-11,3,372.38,LIVRE,kech,Carte,LIV1,2023-01-15
CMD46342,CL0285,P031,03/02/2024,1,728.06,livré,RBA,Carte,LIV1,2024-02-06
CMD28681,CL0169,P015,2023-06-14,1,3622.56,livré,TNG,Carte,LIV10,2023-06-15
CMD39073,CL0991,P067,2024-02-02,3,303.3,annulé,RBA,Carte,LIV9,
CMD05079,CL0731,P033,2023-12-28,5,2589.89,livré,Tnja,Carte,,2024-01-02
CMD23240,CL0705,P091,2023-01-27,5,0,LIVRE,RBA,Carte,LIV5,2023-01-30
CMD21780,CL0675,P024,29/02/2024,1,4494.28,annulé,Agadir,Carte,LIV8,
CMD29137,CL0781,P068,2023-12-13,2,1157.9,livré,tanger,Carte,LIV2,2023-12-14
CMD15441,CL0532,P079,01/06/2023,5,2513.68,DONE,CASABLANCA,Carte,LIV4,2023-06-02
CMD03313,CL0086,P064,Apr 23 2024,5,4721.3,retourné,TNG,Carte,LIV6,2024-04-25
CMD36975,CL0215,P088,2024-01-11,5,312.78,livré,Tnja,Carte,LIV8,2024-01-16
CMD33561,CL0313,P012,02/04/2023,2,291.23,retourné,Tnja,Carte,LIV6,2023-04-06
CMD01990,CL0265,P093,Apr 24 2023,1,2089.1,livré,RBA,Carte,LIV10,2023-04-29
CMD40054,CL0288,P026,Feb 24 2024,2,2745.46,OK,RBA,Carte,LIV3,
CMD43862,CL0694,P089,2023-06-11,5,1595.31,KO,RBA,Carte,LIV9,
CMD48321,CL0055,P056,20/03/2024,4,1632.18,OK,TANGER,Carte,LIV1,
CMD42187,CL0642,P040,Sep 10 2023,3,3200.5,DONE,RBA,Carte,LIV3,2023-09-11
CMD30249,CL0634,P061,24/04/2023,4,489.57,LIVRE,kech,Carte,LIV8,2023-04-28
CMD29826,CL0541,P019,27/04/2023,4,976.34,OK,CASABLANCA,Carte,LIV10,
CMD32893,CL0217,P069,24/09/2023,1,779.02,livré,casa,Carte,LIV8,2023-09-29
CMD30507,CL0300,P004,Sep 07 2023,-1,4725.48,en_cours,TNG,Carte,LIV3,
CMD31023,CL0606,P006,21/03/2023,3,4275.97,livré,tanger,Carte,LIV5,2023-03-25
CMD16295,CL0840,P059,Oct 13 2023,2,2503.5,livré,RBA,Carte,LIV6,2023-10-16
CMD28088,CL0386,P061,2024-01-21,2,3760.68,annulé,TNG,Carte,LIV8,
CMD45590,CL0111,P024,2024-05-11,2,2001.25,livré,RBA,Carte,LIV9,2024-05-14
CMD38820,CL0413,P035,25/02/2023,5,429.53,en_cours,Agadir,Carte,LIV1,
CMD48289,CL0922,P051,Jul 23 2023,2,3373.67,en_cours,casa,Carte,LIV10,
CMD47883,CL0836,P071,2024-01-30,5,1860.73,en_cours,casa,Carte,LIV1,
CMD24377,CL0320,P087,May 13 2023,1,4266.11,livré,kech,Carte,LIV10,2023-05-15
CMD20729,CL0838,P026,2023-06-01,4,2258.55,annulé,Agadir,Carte,LIV10,
CMD16078,CL0940,P084,May 13 2023,2,2182.64,livre,kech,Carte,LIV9,
CMD05877,CL0440,P063,2024-01-01,3,251.75,livré,casa,Carte,LIV5,2024-01-05
CMD32075,CL0820,P065,25/03/2023,4,4780.88,livré,marrakech,Carte,LIV10,2023-03-30
CMD29311,CL0847,P070,Apr 19 2023,1,3745.23,livré,Agadir,Carte,LIV5,2023-04-21
CMD41780,CL0989,P009,Oct 19 2023,3,1777.9,livre,TNG,Carte,LIV3,
CMD36451,CL0902,P003,2023-04-07,1,3566.99,livré,Tnja,Carte,LIV4,2023-04-10
CMD30247,CL0881,P058,Jul 08 2023,3,1481.15,retourné,TNG,Carte,LIV1,2023-07-10
CMD32340,CL0628,P059,05/11/2023,4,2545.19,retourné,Tnja,Carte,LIV2,2023-11-09
CMD17870,CL0505,P095,Aug 30 2023,1,1160.59,DONE,TNG,Carte,LIV1,2023-09-03
CMD21589,CL0265,P059,2023-06-14,2,560.87,livre,Agadir,Carte,LIV2,
CMD28734,CL0635,P063,Jan 19 2023,3,2270.01,OK,Tnja,Carte,LIV2,
CMD37553,CL0563,P042,2023-10-14,4,2182.83,annulé,tanger,Carte,LIV4,
CMD19769,CL0620,P097,Mar 11 2024,1,1674.77,livré,marrakech,Carte,LIV10,2024-03-13
CMD14866,CL0276,P075,26/03/2024,1,3932.0,livré,Agadir,Carte,LIV5,2024-03-28
CMD07167,CL0078,P085,Mar 16 2023,1,3632.5,livre,CASABLANCA,Carte,LIV3,
CMD00175,CL0179,P063,06/11/2023,5,1058.38,livre,CASABLANCA,Carte,LIV5,
CMD30821,CL0717,P097,Nov 22 2023,5,2770.16,LIVRE,tanger,Carte,,2023-11-23
CMD30857,CL0089,P093,01/08/2023,2,1806.08,livré,marrakech,Carte,LIV3,2023-08-06
CMD23926,CL0310,P086,Jan 19 2024,5,890.23,annulé,TANGER,Carte,LIV7,
CMD16268,CL0695,P046,Sep 05 2023,5,4128.31,LIVRE,marrakech,Carte,LIV4,2023-09-08
CMD41556,CL0977,P087,2023-10-17,4,2841.38,LIVRE,tanger,Carte,,2023-10-22
CMD07066,CL0280,P037,Sep 07 2023,2,3267.09,en_cours,Agadir,Carte,LIV5,
CMD06741,CL0632,P094,Oct 27 2023,2,4979.37,DONE,casa,Carte,LIV8,2023-10-30
CMD34924,CL0389,P099,2023-09-07,5,4902.27,OK,tanger,Carte,LIV7,
CMD13283,CL0032,P083,Jul 19 2023,1,2561.53,retourné,casa,Carte,LIV4,2023-07-23
CMD45014,CL0546,P011,Oct 19 2023,1,3524.65,en_cours,TNG,Carte,LIV5,
CMD38233,CL0591,P033,Feb 16 2024,4,4689.19,annulé,tanger,Carte,LIV3,
CMD00813,CL0889,P035,15/12/2023,3,456.71,annulé,RBA,Carte,LIV9,
CMD47696,CL0226,P052,2023-08-21,4,1494.58,annulé,casa,Carte,LIV9,
CMD39427,CL0923,P089,10/07/2023,1,4323.73,LIVRE,Tnja,Carte,LIV3,2023-07-14
CMD36584,CL0733,P063,01/06/2023,1,2754.3,KO,TANGER,Carte,LIV5,
CMD02724,CL0730,P039,30/01/2024,4,3864.58,DONE,casa,Carte,LIV5,2024-01-31
CMD36719,CL0110,P069,2023-05-23,1,652.97,livré,CASABLANCA,Carte,LIV4,2023-05-24
CMD32080,CL0958,P046,Feb 24 2024,5,3768.97,retourné,Agadir,Carte,LIV10,2024-02-29
CMD34502,CL0616,P081,07/02/2023,4,1075.03,LIVRE,CASABLANCA,Carte,LIV2,2023-02-09
CMD16620,CL0719,P047,2023-04-03,5,3984.33,livré,Tnja,Carte,LIV7,2023-04-06
CMD19974,CL0112,P017,22/03/2023,4,0,KO,kech,Carte,LIV4,
CMD05910,CL0297,P040,2024-03-29,5,4487.07,retourné,tanger,Carte,LIV1,2024-04-02
CMD20827,CL0708,P074,03/06/2023,4,1975.57,livré,TANGER,Carte,LIV4,2023-06-04
CMD14005,CL0061,P031,Sep 02 2023,2,192.24,OK,kech,Carte,LIV10,
CMD08237,CL0446,P052,2023-06-30,1,3161.43,livré,casa,Carte,LIV1,2023-07-02
CMD22459,CL0035,P057,14/08/2023,2,2636.87,OK,TANGER,Carte,LIV10,
CMD03565,CL0674,P028,2023-10-07,5,387.02,livré,TNG,Carte,LIV4,2023-10-12
CMD31011,CL0017,P054,Apr 22 2024,2,656.78,livré,casa,Carte,LIV6,2024-04-25
CMD24826,CL0569,P002,Sep 01 2023,2,957.6,DONE,marrakech,Carte,LIV2,2023-09-04
CMD37141,CL0598,P004,2023-01-18,1,3182.61,en_cours,Agadir,Carte,LIV3,
CMD33821,CL0993,P096,2024-01-22,4,2695.32,annulé,TANGER,Carte,LIV9,
CMD37910,CL0807,P006,2023-08-28,-1,1843.48,OK,tanger,Carte,LIV6,
CMD06472,CL0965,P012,Apr 26 2023,2,4389.98,OK,Agadir,Carte,LIV3,
CMD30531,CL0605,P033,13/04/2024,1,2843.58,livré,tanger,Carte,LIV7,2024-04-16
CMD06984,CL0321,P036,2023-01-18,1,3373.82,livré,casa,Carte,LIV9,2023-01-22
CMD09545,CL0276,P080,Sep 22 2023,4,4757.91,annulé,kech,Carte,LIV7,
CMD10329,CL0471,P036,26/10/2023,5,1250.14,LIVRE,RBA,Carte,LIV3,2023-10-27
CMD35101,CL0145,P056,2023-04-16,4,2308.58,annulé,Tnja,Carte,LIV10,
CMD37366,CL0146,P003,Apr 11 2023,5,3097.58,retourné,RBA,Carte,LIV7,2023-04-13
CMD43474,CL0100,P029,May 01 2023,2,2786.22,KO,tanger,Carte,LIV9,
CMD37990,CL0986,P085,10/12/2023,4,871.51,LIVRE,tanger,Carte,LIV6,2023-12-15
CMD29855,CL0110,P077,Feb 04 2023,3,1080.13,livre,kech,Carte,LIV8,
CMD28557,CL0556,P045,2024-01-08,2,2426.59,livré,tanger,Carte,LIV6,2024-01-13
CMD08631,CL0065,P081,2023-06-16,2,2194.81,livre,tanger,Carte,LIV9,
CMD16998,CL0793,P050,2024-03-27,4,4369.9,OK,kech,Carte,LIV5,
CMD40206,CL0021,P001,28/08/2023,2,4744.0,en_cours,casa,Carte,LIV9,
CMD38594,CL0010,P071,05/12/2023,5,562.91,livre,casa,Carte,LIV2,
CMD18085,CL0220,P093,20/01/2023,4,2314.34,annulé,kech,Carte,LIV9,
CMD14739,CL0942,P018,Apr 17 2023,1,2216.65,livre,marrakech,Carte,LIV9,
CMD04539,CL0665,P066,2023-12-27,4,1067.6,DONE,tanger,Carte,LIV7,2024-01-01
CMD10045,CL0616,P026,2023-03-03,5,3042.31,livré,TNG,Carte,LIV10,2023-03-07
CMD08947,CL0346,P016,09/11/2023,3,2194.14,en_cours,TNG,Carte,,
CMD04271,CL0601,P082,2023-03-10,1,3989.22,retourné,TNG,Carte,LIV1,2023-03-13
CMD33843,CL0509,P036,Dec 26 2023,3,2010.04,annulé,TANGER,Carte,LIV7,
CMD26406,CL0761,P043,21/07/2023,5,4818.0,OK,marrakech,Carte,LIV8,
CMD05245,CL0122,P071,Feb 09 2024,4,3030.74,livré,kech,Carte,LIV4,2024-02-13
CMD10852,CL0549,P054,06/01/2024,2,4294.18,DONE,TNG,Carte,LIV5,2024-01-11
CMD06538,CL0709,P015,Sep 06 2023,4,2170.43,livré,RBA,Carte,LIV2,2023-09-09
CMD14447,CL0665,P004,Sep 07 2023,5,2168.34,livré,RBA,Carte,LIV1,2023-09-08
CMD24424,CL0631,P041,2024-03-27,5,677.27,LIVRE,RBA,Carte,LIV7,2024-04-01
CMD01880,CL0686,P065,Feb 22 2023,4,2431.31,LIVRE,casa,Carte,LIV6,2023-02-26
CMD19376,CL0692,P099,03/11/2023,4,2055.95,annulé,TNG,Carte,,
CMD35103,CL0497,P006,31/10/2023,3,3880.09,livré,tanger,Carte,LIV2,2023-11-03
CMD29721,CL0919,P087,21/12/2023,2,2655.24,livré,kech,Carte,LIV4,2023-12-22
CMD39480,CL0125,P005,Jul 26 2023,4,1239.01,livre,Tnja,Carte,LIV8,
CMD19542,CL0090,P019,23/02/2023,1,2113.62,livré,marrakech,Carte,LIV8,2023-02-27
CMD41292,CL0304,P092,2023-10-27,5,2154.26,KO,tanger,Carte,LIV8,
CMD45386,CL0979,P024,27/03/2023,2,1103.79,livré,Agadir,Carte,LIV1,2023-03-31
CMD33469,CL0270,P049,Jan 25 2023,4,4277.66,livré,RBA,Carte,LIV8,2023-01-26
CMD01406,CL0362,P080,2023-12-21,-1,721.69,OK,tanger,Carte,LIV5,
CMD20103,CL0221,P074,Jun 11 2023,1,4960.18,livré,tanger,Carte,LIV6,2023-06-12
CMD03017,CL0651,P073,2024-01-18,2,3052.97,OK,Tnja,Carte,LIV6,
CMD19785,CL0951,P099,2023-05-22,4,3929.3,OK,TANGER,Carte,LIV9,
CMD45773,CL0400,P049,May 11 2024,2,269.51,OK,TNG,Carte,LIV7,
CMD46339,CL0014,P049,2023-10-31,-1,2073.03,livré,tanger,Carte,LIV1,2023-11-01
CMD05092,CL0091,P023,2023-09-28,1,4727.85,annulé,CASABLANCA,Carte,LIV4,
CMD08983,CL0258,P060,2023-12-03,3,189.31,OK,RBA,Carte,LIV9,
CMD35775,CL0118,P014,07/03/2024,4,4100.48,annulé,tanger,Carte,LIV2,
CMD09622,CL0390,P044,04/05/2024,1,2316.44,livré,kech,Carte,LIV2,2024-05-05
CMD37654,CL0242,P063,2023-08-29,2,823.3,livre,CASABLANCA,Carte,LIV4,
CMD09959,CL0965,P056,2023-09-28,5,2043.26,livre,casa,Carte,LIV10,
CMD44093,CL0953,P061,2023-05-18,4,615.73,livré,marrakech,Carte,LIV6,2023-05-23
CMD00274,CL0500,P048,04/04/2024,5,3202.71,livré,tanger,Carte,LIV9,2024-04-09
CMD37000,CL0358,P064,2023-11-27,3,439.12,en_cours,marrakech,Carte,LIV4,
CMD25628,CL0043,P093,26/05/2023,3,3496.42,livre,TANGER,Carte,LIV6,
CMD26834,CL0842,P081,2023-11-21,4,3854.96,en_cours,tanger,Carte,LIV8,
CMD21754,CL0971,P004,Jan 23 2023,1,552.83,KO,RBA,Carte,LIV9,
CMD45771,CL0095,P038,Sep 27 2023,3,2581.28,livré,marrakech,Carte,LIV9,2023-09-30
CMD26909,CL0050,P074,20/05/2023,1,1404.96,retourné,tanger,Carte,LIV4,2023-05-22
CMD34705,CL0334,P044,2023-06-19,1,1016.93,DONE,RBA,Carte,LIV7,2023-06-23
CMD35125,CL0130,P024,2023-08-10,2,4744.72,livré,casa,Carte,,2023-08-11
CMD33977,CL0362,P057,2024-02-12,3,3406.33,livré,CASABLANCA,Carte,,2024-02-13
CMD06003,CL0965,P069,02/09/2023,3,1746.35,OK,tanger,Carte,LIV8,
CMD34829,CL0132,P074,May 28 2023,3,1053.34,KO,marrakech,Carte,LIV3,
CMD32383,CL0910,P069,2024-03-05,4,1523.58,livré,marrakech,Carte,LIV9,2024-03-06
CMD18103,CL0238,P017,2024-04-30,4,653.49,annulé,TANGER,Carte,,
CMD39775,CL0257,P025,2023-08-24,2,1662.34,livré,tanger,Carte,,2023-08-27
CMD30374,CL0831,P097,02/09/2023,1,2277.92,annulé,RBA,Carte,LIV9,
CMD16147,CL0520,P083,30/01/2024,1,4016.2,retourné,CASABLANCA,Carte,LIV4,2024-02-03
CMD37343,CL0218,P054,18/05/2023,4,1296.1,livré,Tnja,Carte,LIV8,2023-05-21
CMD45118,CL0849,P003,2023-05-13,3,3645.15,livré,TNG,Carte,LIV10,2023-05-18
CMD09559,CL0849,P091,11/02/2024,1,3896.46,livre,CASABLANCA,Carte,LIV10,
CMD22865,CL0539,P068,22/04/2023,5,2354.25,KO,RBA,Carte,LIV8,
CMD43167,CL0925,P081,26/01/2024,3,4671.69,OK,Agadir,Carte,LIV6,
CMD39223,CL0149,P034,Mar 06 2024,5,3332.23,OK,marrakech,Carte,LIV6,
CMD15245,CL0181,P083,2024-01-10,1,508.38,livre,marrakech,Carte,LIV3,
CMD16199,CL0292,P062,Jul 29 2023,5,4757.58,OK,CASABLANCA,Carte,LIV6,
CMD31199,CL0544,P082,2023-07-24,4,858.89,annulé,Agadir,Carte,LIV9,
CMD02559,CL0747,P063,2023-10-30,2,1803.22,KO,Agadir,Carte,LIV8,
CMD46076,CL0387,P050,Jan 01 2024,3,507.13,annulé,marrakech,Carte,LIV5,
CMD26603,CL0510,P008,2024-01-04,2,1188.52,livré,Tnja,Carte,LIV9,2024-01-07
CMD15121,CL0611,P096,17/05/2023,5,1667.02,KO,casa,Carte,LIV4,
CMD26010,CL0406,P050,2023-08-19,4,1930.02,OK,CASABLANCA,Carte,LIV8,
CMD47721,CL0156,P078,28/02/2024,1,3813.02,retourné,TANGER,Carte,LIV5,2024-02-29
CMD28228,CL0196,P034,2023-12-28,2,1327.83,DONE,casa,Carte,LIV7,2023-12-31
CMD29793,CL0645,P021,Aug 14 2023,4,95.17,livré,Tnja,Carte,LIV1,2023-08-16
CMD18993,CL0894,P042,Jan 26 2024,3,3262.26,DONE,TNG,Carte,LIV6,2024-01-31
CMD41974,CL0882,P065,Aug 30 2023,2,4815.24,OK,marrakech,Carte,LIV10,
CMD26039,CL0525,P093,Jan 28 2023,5,2841.12,annulé,Agadir,Carte,LIV4,
CMD29257,CL0346,P055,2023-08-12,3,1439.67,annulé,kech,Carte,LIV6,
CMD01821,CL0156,P096,Feb 12 2024,1,2014.25,retourné,tanger,Carte,LIV1,2024-02-14
CMD47264,CL0447,P095,16/04/2023,3,640.08,livré,marrakech,Carte,LIV1,2023-04-18
CMD04497,CL0809,P030,2023-03-15,5,4207.1,OK,CASABLANCA,Carte,LIV6,
CMD21548,CL0618,P029,2023-03-10,2,1408.73,livré,TNG,Carte,LIV9,2023-03-11
CMD36298,CL0080,P088,2023-01-29,2,4640.74,DONE,RBA,Carte,LIV4,2023-02-02
CMD16618,CL0818,P074,29/01/2023,3,4326.47,DONE,kech,Carte,LIV6,2023-02-02
CMD34188,CL0872,P047,2024-05-11,5,1598.29,livre,CASABLANCA,Carte,LIV10,
CMD15329,CL0122,P021,26/05/2023,3,366.61,retourné,Tnja,Carte,LIV8,2023-05-27
CMD00262,CL0531,P091,19/03/2024,3,1049.79,livre,Tnja,Carte,LIV4,
CMD43774,CL0190,P062,Nov 03 2023,2,1699.66,LIVRE,TANGER,Carte,LIV5,2023-11-05
CMD37968,CL0421,P050,Nov 22 2023,2,160.29,en_cours,RBA,Carte,LIV4,
CMD27576,CL0961,P042,2023-12-17,2,868.33,LIVRE,tanger,Carte,LIV5,2023-12-21
CMD43754,CL0272,P100,2023-01-05,1,3913.13,livré,kech,Carte,LIV2,2023-01-09
CMD33317,CL0857,P073,2023-11-09,4,1214.82,livré,casa,Carte,LIV2,2023-11-11
CMD08126,CL0740,P051,2023-10-05,3,828.47,livré,tanger,Carte,LIV4,2023-10-10
CMD35502,CL0922,P049,Jan 18 2024,5,1601.1,DONE,TANGER,Carte,LIV3,2024-01-21
CMD29667,CL0296,P084,2023-02-26,3,3751.13,LIVRE,TNG,Carte,LIV6,2023-02-28
CMD12565,CL0325,P029,2024-03-10,2,2568.35,livré,Agadir,Carte,LIV6,2024-03-11
CMD16663,CL0383,P046,Aug 31 2023,5,1950.14,OK,CASABLANCA,Carte,LIV2,
CMD29337,CL0779,P100,25/02/2023,4,1012.28,retourné,marrakech,Carte,LIV8,2023-03-01
CMD28319,CL0275,P079,Jan 06 2023,2,120.87,livre,RBA,Carte,LIV2,
CMD20373,CL0528,P069,16/07/2023,5,226.17,LIVRE,CASABLANCA,Carte,LIV6,2023-07-19
CMD37199,CL0080,P049,Feb 09 2023,2,1086.6,OK,marrakech,Carte,LIV5,
CMD00702,CL0080,P087,2024-04-26,3,1109.28,en_cours,casa,Carte,LIV4,
CMD11893,CL0677,P022,Apr 27 2024,3,4802.07,KO,CASABLANCA,Carte,LIV5,
CMD32432,CL0198,P069,2023-01-15,3,464.91,livré,marrakech,Carte,LIV8,2023-01-19
CMD36121,CL0684,P056,Feb 26 2023,4,3464.45,annulé,tanger,Carte,LIV9,
CMD40320,CL0727,P076,01/05/2023,2,4335.31,DONE,casa,Carte,LIV7,2023-05-06
CMD47343,CL0841,P016,23/01/2023,3,1862.49,livre,TANGER,Carte,LIV9,
CMD34027,CL0154,P038,Jan 06 2024,2,3766.1,livré,kech,Carte,LIV10,2024-01-08
CMD48365,CL0590,P048,2023-04-25,1,1755.7,LIVRE,casa,Carte,LIV2,2023-04-29
CMD37602,CL0162,P060,2023-04-24,2,1428.85,KO,Tnja,Carte,LIV1,
CMD07460,CL0885,P074,13/06/2023,4,3962.6,livré,Tnja,Carte,LIV2,2023-06-16
CMD06530,CL0150,P023,07/03/2024,3,4474.63,livré,TANGER,Carte,LIV5,2024-03-12
CMD46232,CL0073,P070,Mar 12 2023,1,0,KO,marrakech,Carte,,
CMD40457,CL0497,P025,Apr 18 2024,5,4288.92,livre,tanger,Carte,LIV8,
CMD23071,CL0193,P008,15/05/2024,2,2100.24,en_cours,Tnja,Carte,LIV6,
CMD47174,CL0870,P063,May 04 2023,5,1033.4,livré,CASABLANCA,Carte,LIV2,2023-05-09
CMD21234,CL0336,P059,2024-05-04,2,438.92,annulé,casa,Carte,LIV7,
CMD28484,CL0264,P085,Mar 26 2023,3,412.39,LIVRE,Tnja,Carte,LIV8,2023-03-29
CMD09141,CL0134,P043,2024-01-10,1,0,OK,marrakech,Carte,LIV10,
CMD42128,CL0654,P034,24/10/2023,1,770.67,livré,CASABLANCA,Carte,LIV5,2023-10-28
CMD33348,CL0699,P076,2024-04-30,3,3758.83,livré,kech,Carte,LIV2,2024-05-01
CMD10907,CL0010,P083,2023-11-01,2,3952.27,livré,marrakech,Carte,LIV9,2023-11-02
CMD11653,CL0902,P030,Jan 28 2024,4,3562.19,LIVRE,TANGER,Carte,,2024-02-02
CMD29035,CL0842,P072,Sep 02 2023,3,244.23,OK,Tnja,Carte,,
CMD40920,CL0361,P055,16/03/2024,3,2714.41,livré,tanger,Carte,LIV1,2024-03-19
CMD39461,CL0244,P072,13/07/2023,2,1913.18,livre,TNG,Carte,LIV10,
CMD22337,CL0498,P082,2023-12-20,4,640.01,OK,TANGER,Carte,LIV2,
CMD30115,CL0171,P050,Sep 10 2023,2,4330.7,livré,marrakech,Carte,LIV5,2023-09-12
CMD14617,CL0746,P005,2023-04-10,4,1598.7,livre,Tnja,Carte,LIV8,
CMD27055,CL0321,P096,Aug 24 2023,3,313.89,livre,Agadir,Carte,LIV2,
CMD27660,CL0149,P014,Sep 14 2023,2,3525.75,KO,kech,Carte,LIV8,
CMD08545,CL0298,P015,Feb 19 2023,2,329.87,retourné,Tnja,Carte,LIV6,2023-02-23
CMD23593,CL0468,P094,Mar 13 2024,5,958.93,livré,Tnja,Carte,LIV2,2024-03-14
CMD12577,CL0937,P091,2023-12-28,4,841.9,annulé,TNG,Carte,LIV9,
CMD42230,CL0342,P057,18/07/2023,1,0,KO,tanger,Carte,LIV10,
CMD09368,CL0495,P026,2023-06-27,4,1744.78,DONE,RBA,Carte,,2023-06-29
CMD25085,CL0690,P063,02/06/2023,5,724.11,livré,TANGER,Carte,,2023-06-03
CMD25807,CL0053,P030,2023-04-09,3,1189.01,livré,Agadir,Carte,LIV3,2023-04-13
CMD24412,CL0359,P027,30/03/2023,4,2529.37,en_cours,RBA,Carte,LIV6,
CMD32870,CL0522,P088,Jan 29 2023,1,2946.74,retourné,casa,Carte,LIV2,2023-01-30
CMD22529,CL0377,P030,2023-01-22,3,3021.14,en_cours,TANGER,Carte,LIV5,
CMD01606,CL0998,P027,Aug 13 2023,1,3522.7,retourné,RBA,Carte,LIV8,2023-08-18
CMD38283,CL0485,P052,2023-04-10,3,3825.77,annulé,marrakech,Carte,LIV5,
CMD32743,CL0399,P011,02/03/2023,3,4233.89,livré,kech,Carte,LIV3,2023-03-03
CMD21622,CL0182,P038,18/05/2023,3,2774.19,LIVRE,RBA,Carte,LIV7,2023-05-21
CMD24800,CL0952,P059,2023-07-24,4,207.96,livre,marrakech,Carte,LIV8,
CMD27462,CL0643,P067,2023-03-01,2,2450.55,LIVRE,tanger,Carte,,2023-03-04
CMD01942,CL0464,P085,2023-05-22,2,4237.66,livre,kech,Carte,LIV8,
CMD22443,CL0256,P020,Jul 08 2023,4,3770.18,DONE,kech,Carte,LIV10,2023-07-12
CMD09617,CL0619,P058,Jan 23 2023,4,2013.73,livré,kech,Carte,LIV2,2023-01-27
CMD35921,CL0345,P094,Sep 16 2023,4,4658.15,livré,CASABLANCA,Carte,LIV4,2023-09-18
CMD01161,CL0468,P097,Mar 05 2023,1,568.88,DONE,Agadir,Carte,LIV6,2023-03-10
CMD32744,CL0393,P006,16/01/2023,5,1940.98,retourné,kech,Carte,LIV6,2023-01-21
CMD31772,CL0926,P058,Feb 29 2024,1,1881.42,KO,TANGER,Carte,LIV10,
CMD00729,CL0660,P032,20/02/2024,3,3348.24,OK,marrakech,Carte,LIV3,
CMD11588,CL0920,P085,Feb 16 2024,5,1016.85,OK,kech,Carte,LIV6,
CMD18516,CL0509,P080,2023-10-18,3,2837.13,livré,TNG,Carte,LIV5,2023-10-20
CMD09803,CL0798,P087,06/02/2024,3,3931.48,en_cours,CASABLANCA,Carte,,
CMD45807,CL0687,P024,25/03/2024,5,4812.34,livré,casa,Carte,LIV9,2024-03-30
CMD24248,CL0930,P058,26/02/2023,5,2226.05,LIVRE,TNG,Carte,LIV8,2023-02-28
CMD47316,CL0829,P054,2024-01-28,5,3958.38,OK,casa,Carte,,
CMD44115,CL0487,P089,2024-03-01,1,4367.9,annulé,Tnja,Carte,LIV1,
CMD05084,CL0741,P011,2023-06-11,4,1451.44,livré,marrakech,Carte,LIV8,2023-06-15
CMD01106,CL0221,P063,2024-04-14,3,2912.32,en_cours,RBA,Carte,LIV9,
CMD47763,CL0403,P089,2023-04-04,1,2714.33,LIVRE,Tnja,Carte,LIV5,2023-04-08
CMD15086,CL0594,P040,2023-12-04,4,1094.01,retourné,casa,Carte,LIV7,2023-12-05
CMD07402,CL0130,P007,14/05/2024,4,277.28,livré,tanger,Carte,LIV2,2024-05-16
CMD42939,CL0156,P087,Mar 18 2024,3,1355.94,DONE,TNG,Carte,LIV8,2024-03-19
CMD32781,CL0176,P089,Feb 17 2024,1,4201.58,livré,RBA,Carte,LIV2,2024-02-18
CMD08643,CL0779,P058,31/12/2023,3,2245.02,OK,kech,Carte,,
CMD26876,CL0036,P026,16/11/2023,3,1956.33,KO,CASABLANCA,Carte,LIV10,
CMD11781,CL0122,P064,Sep 08 2023,2,3819.17,DONE,casa,Carte,LIV10,2023-09-10
CMD15426,CL0499,P088,Jun 13 2023,3,3012.35,livre,tanger,Carte,LIV3,
CMD28952,CL0663,P044,2023-11-09,2,1448.91,KO,CASABLANCA,Carte,,
CMD21042,CL0174,P052,23/06/2023,1,2253.32,livré,kech,Carte,LIV3,2023-06-27
CMD01641,CL0919,P054,2023-04-29,4,3942.77,retourné,CASABLANCA,Carte,,2023-05-03
CMD06358,CL0098,P027,2023-02-12,4,4712.57,annulé,RBA,Carte,LIV8,
CMD29868,CL0865,P034,2023-03-16,5,1593.83,retourné,casa,Carte,LIV2,2023-03-17
CMD22397,CL0479,P048,Nov 24 2023,5,3747.97,retourné,marrakech,Carte,LIV10,2023-11-27
CMD36276,CL0266,P048,04/03/2024,5,958.29,livré,kech,Carte,LIV9,2024-03-07
CMD35364,CL0193,P033,Jul 13 2023,1,90.76,annulé,TNG,Carte,LIV9,
CMD08411,CL0816,P019,Dec 05 2023,4,4935.28,livré,marrakech,Carte,,2023-12-06
CMD25777,CL0030,P087,2023-07-12,1,2201.42,KO,Agadir,Carte,LIV9,
CMD45860,CL0864,P088,2023-10-29,1,3538.17,en_cours,kech,Carte,LIV7,
CMD17592,CL0263,P011,08/02/2023,3,2150.56,OK,kech,Carte,LIV6,
CMD31646,CL0798,P039,2023-05-20,4,4537.25,en_cours,Agadir,Carte,LIV6,
CMD01192,CL0125,P056,23/07/2023,3,3761.98,DONE,TANGER,Carte,LIV4,2023-07-28
CMD10794,CL0758,P079,2023-09-19,3,4451.46,livre,marrakech,Carte,LIV2,
CMD22905,CL0768,P043,2023-01-26,3,4175.73,livré,TANGER,Carte,LIV7,2023-01-29
CMD03423,CL0122,P038,15/04/2024,1,2058.79,livré,Tnja,Carte,LIV5,2024-04-17
CMD23908,CL0606,P091,06/08/2023,3,3385.48,LIVRE,Tnja,Carte,LIV2,2023-08-11
CMD39794,CL0585,P058,2023-01-12,1,4429.28,annulé,CASABLANCA,Carte,LIV6,
CMD39069,CL0546,P047,2023-07-12,3,2601.08,KO,TANGER,Carte,LIV7,
CMD00142,CL0087,P065,Apr 18 2023,4,3971.93,livré,Agadir,Carte,LIV4,2023-04-19
CMD48016,CL0093,P022,2023-10-14,3,279.51,livré,Agadir,Carte,LIV6,2023-10-16
CMD35414,CL0749,P050,12/10/2023,4,4053.55,livre,casa,Carte,LIV7,
CMD05181,CL0073,P045,Nov 25 2023,4,4534.78,retourné,TNG,Carte,LIV7,2023-11-30
CMD36058,CL0299,P058,11/11/2023,3,4063.76,KO,RBA,Carte,LIV5,
CMD27580,CL0844,P070,2023-07-08,4,1548.31,DONE,TNG,Carte,LIV4,2023-07-11
CMD16002,CL0579,P001,Jan 25 2024,1,1485.57,OK,Tnja,Carte,LIV10,
CMD27099,CL0473,P092,05/04/2024,3,417.88,livré,kech,Carte,LIV5,2024-04-07
CMD32425,CL0206,P008,Jan 20 2024,3,410.19,DONE,kech,Carte,LIV10,2024-01-25
CMD36560,CL0663,P092,2023-12-29,1,3050.99,livre,Agadir,Carte,LIV8,
CMD10806,CL0616,P095,2023-07-10,3,3823.15,livré,CASABLANCA,Carte,LIV3,2023-07-12
CMD44425,CL0856,P087,23/02/2024,2,2469.53,KO,RBA,Carte,,
CMD05021,CL0947,P011,11/04/2024,1,3836.14,livré,Tnja,Carte,LIV4,2024-04-13
CMD37146,CL0901,P067,10/06/2023,2,196.78,livre,RBA,Carte,LIV3,
CMD45799,CL0519,P062,Mar 12 2024,1,1164.1,LIVRE,kech,Carte,LIV8,2024-03-15
CMD41507,CL0589,P034,30/10/2023,1,1383.69,DONE,Agadir,Carte,LIV4,2023-10-31
CMD32435,CL0483,P071,2023-10-16,3,621.5,en_cours,RBA,Carte,LIV3,
CMD08740,CL0134,P086,16/09/2023,1,2430.75,livre,CASABLANCA,Carte,LIV2,
CMD41596,CL0204,P023,04/05/2023,5,4840.09,DONE,Tnja,Carte,LIV3,2023-05-07
CMD39771,CL0674,P032,2024-02-11,3,2155.09,retourné,RBA,Carte,LIV3,2024-02-14
CMD13487,CL0650,P037,07/02/2024,4,2174.9,livre,Tnja,Carte,LIV2,
CMD11390,CL0415,P080,Apr 12 2024,-1,4297.81,OK,casa,Carte,LIV5,
CMD14428,CL0452,P081,11/01/2024,5,3997.1,livre,Tnja,Carte,LIV6,
CMD33299,CL0466,P027,20/02/2024,4,316.37,livre,TNG,Carte,LIV6,
CMD26632,CL0994,P083,2023-04-22,5,4572.18,annulé,Agadir,Carte,LIV10,
CMD35271,CL0705,P097,2023-12-25,1,255.63,en_cours,marrakech,Carte,LIV5,
CMD02806,CL0704,P091,08/03/2024,4,1718.92,DONE,tanger,Carte,LIV7,2024-03-13
CMD00418,CL0355,P092,08/01/2023,3,1392.96,DONE,marrakech,Carte,LIV7,2023-01-11
CMD41177,CL0326,P034,Sep 07 2023,4,2555.67,KO,tanger,Carte,LIV1,
CMD22697,CL0717,P071,2023-11-10,5,1242.12,DONE,Agadir,Carte,LIV3,2023-11-12
CMD13695,CL0811,P015,2023-07-26,5,1270.57,OK,Tnja,Carte,LIV2,
CMD20140,CL0096,P029,02/05/2024,4,1105.39,livré,Agadir,Carte,LIV5,2024-05-06
CMD23421,CL0449,P091,01/05/2023,2,1185.2,en_cours,casa,Carte,LIV6,
CMD16980,CL0633,P090,2024-04-14,1,4829.82,KO,CASABLANCA,Carte,LIV10,
CMD34397,CL0962,P051,12/07/2023,5,4017.46,DONE,marrakech,Carte,LIV6,2023-07-13
CMD23953,CL0828,P068,Sep 26 2023,1,4807.26,DONE,RBA,Carte,,2023-09-28
CMD11315,CL0456,P010,18/07/2023,5,882.28,LIVRE,tanger,Carte,LIV5,2023-07-23
CMD25738,CL0327,P089,04/03/2023,1,1706.89,annulé,TANGER,Carte,LIV10,
CMD22937,CL0471,P075,Jul 06 2023,4,4899.42,DONE,RBA,Carte,LIV7,2023-07-09
CMD39164,CL0499,P069,19/11/2023,3,2415.64,LIVRE,Tnja,Carte,LIV10,2023-11-20
CMD17263,CL0269,P062,Jul 24 2023,1,1139.95,livré,Agadir,Carte,LIV2,2023-07-25
CMD45703,CL0015,P089,2023-10-03,4,546.05,KO,marrakech,Carte,LIV2,
CMD10895,CL0094,P035,Jun 05 2023,5,2051.53,livré,CASABLANCA,Carte,LIV6,2023-06-08
CMD25428,CL0472,P098,03/03/2024,5,3320.43,annulé,casa,Carte,LIV8,
CMD44700,CL0126,P059,2023-06-02,3,430.84,en_cours,Agadir,Carte,LIV5,
CMD04073,CL0983,P044,28/11/2023,5,4387.83,KO,Tnja,Carte,LIV3,
CMD33681,CL0173,P056,Feb 27 2024,4,4913.23,annulé,tanger,Carte,LIV3,
CMD36171,CL0674,P094,2024-03-14,4,4978.08,livré,Agadir,Carte,LIV8,2024-03-18
CMD04945,CL0981,P041,12/04/2024,2,2317.17,livré,RBA,Carte,LIV5,2024-04-14
CMD38152,CL0887,P007,19/01/2023,4,2256.32,livre,Agadir,Carte,LIV6,
CMD30033,CL0682,P009,25/07/2023,1,3857.82,livre,Agadir,Carte,LIV4,
CMD46951,CL0220,P039,18/10/2023,4,2505.58,en_cours,casa,Carte,LIV8,
CMD09387,CL0706,P013,2023-02-05,3,4260.57,annulé,Agadir,Carte,LIV3,
CMD19334,CL0375,P043,2023-12-12,1,4586.81,livré,RBA,Carte,LIV10,2023-12-13
CMD06690,CL0423,P099,2023-04-12,5,3008.69,KO,Agadir,Carte,LIV7,
CMD31251,CL0488,P047,Dec 30 2023,2,4070.69,livre,marrakech,Carte,LIV3,
CMD01159,CL0774,P092,2023-01-26,5,4662.86,en_cours,Agadir,Carte,,
CMD27770,CL0947,P026,Jan 25 2024,3,501.98,en_cours,CASABLANCA,Carte,LIV2,
CMD32768,CL0748,P014,2024-04-29,1,664.01,LIVRE,TANGER,Carte,LIV2,2024-05-04
CMD35915,CL0687,P021,2023-07-18,5,3379.68,livré,casa,Carte,LIV6,2023-07-23
CMD29715,CL0986,P051,2023-09-21,4,850.97,KO,TANGER,Carte,LIV2,
CMD39541,CL0228,P086,Dec 12 2023,4,131.09,OK,RBA,Carte,LIV2,
CMD15452,CL0121,P041,2023-05-25,1,892.39,livré,casa,Carte,LIV5,2023-05-30
CMD47778,CL0173,P031,Jan 12 2023,2,793.95,annulé,TNG,Carte,LIV6,
CMD27215,CL0086,P023,15/08/2023,4,4221.96,LIVRE,CASABLANCA,Carte,,2023-08-20
CMD47732,CL0708,P085,Mar 11 2023,2,4831.27,LIVRE,marrakech,Carte,LIV8,2023-03-16
CMD24570,CL0459,P090,Apr 16 2023,2,2771.74,OK,kech,Carte,LIV2,
CMD10220,CL0950,P013,Jan 04 2023,1,2906.57,livré,CASABLANCA,Carte,LIV3,2023-01-08
CMD41562,CL0834,P015,Jun 08 2023,5,2959.13,KO,TNG,Carte,LIV1,
CMD23975,CL0635,P091,24/03/2023,5,4801.68,livré,casa,Carte,LIV2,2023-03-28
CMD36532,CL0995,P053,2023-11-13,5,753.67,annulé,kech,Carte,LIV1,
CMD47909,CL0506,P093,22/10/2023,2,1984.01,retourné,kech,Carte,LIV3,2023-10-23
CMD00533,CL0435,P099,Apr 14 2024,2,456.89,livré,kech,Carte,,2024-04-16
CMD27847,CL0731,P095,01/03/2023,4,1610.0,retourné,TNG,Carte,LIV2,2023-03-03
CMD14759,CL0931,P053,16/05/2023,4,704.22,OK,TANGER,Carte,LIV1,
CMD22651,CL0818,P003,2023-10-02,4,4307.72,OK,Tnja,Carte,LIV5,
CMD34253,CL0036,P026,01/03/2023,5,4017.19,retourné,casa,Carte,LIV8,2023-03-04
CMD12498,CL0255,P074,2023-10-13,5,1320.87,livré,Agadir,Carte,LIV2,2023-10-16
CMD33944,CL0111,P009,Jan 19 2023,4,2892.91,livré,casa,Carte,LIV4,2023-01-24
CMD17331,CL0347,P061,2023-09-15,1,219.52,KO,tanger,Carte,LIV7,
CMD25680,CL0094,P061,17/10/2023,5,679.51,DONE,CASABLANCA,Carte,LIV9,2023-10-22
CMD10033,CL0215,P011,30/06/2023,5,4330.43,annulé,casa,Carte,LIV4,
CMD02263,CL0081,P067,09/06/2023,4,4949.93,retourné,casa,Carte,LIV10,2023-06-12
CMD36413,CL0425,P018,2023-11-15,5,3198.08,retourné,marrakech,Carte,LIV6,2023-11-20
CMD46442,CL0703,P023,25/02/2024,2,4009.96,LIVRE,TNG,Carte,,2024-02-26
CMD07778,CL0098,P099,Jun 19 2023,4,2999.25,DONE,CASABLANCA,Carte,LIV5,2023-06-22
CMD12712,CL0270,P068,20/04/2024,5,4545.64,livré,CASABLANCA,Carte,LIV7,2024-04-22
CMD31127,CL0106,P017,2023-05-27,1,3832.87,livre,tanger,Carte,LIV1,
CMD42932,CL0923,P025,Apr 09 2023,4,852.34,KO,marrakech,Carte,LIV6,
CMD39090,CL0576,P050,Apr 11 2024,4,3010.9,KO,kech,Carte,,
CMD15257,CL0870,P083,Mar 16 2024,3,4159.69,DONE,CASABLANCA,Carte,LIV9,2024-03-19
CMD29528,CL0495,P070,2024-03-25,2,1170.72,en_cours,casa,Carte,LIV8,
CMD46095,CL0354,P036,28/09/2023,3,2079.71,livré,marrakech,Carte,LIV1,2023-09-30
CMD30990,CL0982,P002,2024-04-04,3,2540.61,livré,TNG,Carte,LIV5,2024-04-08
CMD40843,CL0882,P014,Oct 11 2023,4,2980.12,LIVRE,marrakech,Carte,LIV1,2023-10-12
CMD11949,CL0284,P096,Nov 16 2023,1,214.98,livré,TANGER,Carte,LIV9,2023-11-17
CMD33974,CL0637,P067,2023-07-19,1,4047.74,KO,Tnja,Carte,LIV3,
CMD44904,CL0403,P013,Sep 06 2023,5,3146.77,livre,kech,Carte,LIV10,
CMD03365,CL0412,P063,2023-12-26,2,404.91,en_cours,Tnja,Carte,LIV7,
CMD24527,CL0176,P088,2023-03-02,4,4617.66,livré,Tnja,Carte,LIV8,2023-03-03
CMD11095,CL0507,P093,07/01/2024,3,3892.23,en_cours,RBA,Carte,LIV3,
CMD41943,CL0683,P074,15/09/2023,4,2789.43,livré,Tnja,Carte,LIV4,2023-09-17
CMD09313,CL0520,P015,12/04/2024,1,4969.94,KO,casa,Carte,LIV10,
CMD02952,CL0690,P017,2023-10-06,1,1601.57,DONE,marrakech,Carte,LIV10,2023-10-09
CMD41914,CL0812,P033,2023-11-21,2,648.98,DONE,marrakech,Carte,,2023-11-26
CMD29582,CL0034,P044,2024-02-08,5,1124.58,en_cours,Agadir,Carte,LIV8,
CMD19692,CL0367,P056,05/10/2023,4,1237.24,annulé,Tnja,Carte,LIV3,
CMD39493,CL0882,P055,2023-08-16,3,1269.9,LIVRE,TANGER,Carte,LIV8,2023-08-21
CMD13857,CL0575,P012,17/09/2023,4,2541.8,retourné,CASABLANCA,Carte,LIV9,2023-09-19
CMD02202,CL0295,P098,Oct 04 2023,2,3995.32,OK,TNG,Carte,LIV9,
CMD06482,CL0448,P049,14/05/2024,4,642.97,livré,TNG,Carte,LIV7,2024-05-19
CMD15128,CL0987,P091,03/08/2023,4,3002.29,annulé,Tnja,Carte,LIV2,
CMD30457,CL0865,P093,2023-12-19,1,4340.13,OK,kech,Carte,LIV8,
CMD38098,CL0072,P044,Feb 13 2023,4,2089.04,livré,RBA,Carte,LIV3,2023-02-14
CMD23951,CL0878,P067,Jan 07 2024,3,2602.11,DONE,RBA,Carte,LIV7,2024-01-12
CMD15187,CL0244,P049,Aug 24 2023,2,3145.26,livre,TANGER,Carte,LIV10,
CMD48309,CL0777,P050,2024-02-23,3,370.81,livré,TANGER,Carte,LIV8,2024-02-25
CMD07297,CL0303,P017,03/10/2023,4,2239.34,livré,tanger,Carte,LIV1,2023-10-04
CMD41681,CL0739,P026,2023-11-18,2,1333.75,annulé,casa,Carte,LIV1,
CMD17996,CL0799,P094,2023-07-19,5,1335.04,retourné,marrakech,Carte,LIV2,2023-07-24
CMD10968,CL0960,P068,2023-05-09,5,1400.5,livré,TANGER,Carte,LIV3,2023-05-10
CMD17865,CL0456,P056,Sep 24 2023,2,792.4,livre,Agadir,Carte,LIV10,
CMD13139,CL0502,P099,26/01/2024,4,2088.36,LIVRE,tanger,Carte,LIV9,2024-01-28
CMD29253,CL0474,P011,2023-11-24,1,3508.07,retourné,RBA,Carte,LIV7,2023-11-29
CMD38742,CL0581,P029,11/03/2024,5,4543.86,DONE,TNG,Carte,LIV8,2024-03-14
CMD43344,CL0152,P068,17/11/2023,2,326.17,livré,Tnja,Carte,LIV3,2023-11-21
CMD16975,CL0787,P021,May 25 2023,4,1266.22,retourné,marrakech,Carte,LIV8,2023-05-30
CMD08274,CL0092,P057,May 01 2023,4,3655.76,LIVRE,marrakech,Carte,LIV7,2023-05-03
CMD38490,CL0992,P001,2024-05-14,5,2443.94,DONE,TANGER,Carte,LIV7,2024-05-19
CMD35512,CL0677,P008,2023-02-02,1,0,DONE,Tnja,Carte,LIV10,2023-02-07
CMD28615,CL0003,P030,14/05/2023,1,118.67,LIVRE,Agadir,Carte,LIV2,2023-05-16
CMD36503,CL0843,P065,17/11/2023,3,211.12,annulé,RBA,Carte,LIV8,
CMD42437,CL0404,P044,06/05/2024,3,3637.47,retourné,TNG,Carte,LIV2,2024-05-07
CMD17512,CL0824,P049,2023-06-22,1,3276.23,DONE,kech,Carte,LIV7,2023-06-25
CMD43307,CL0955,P003,2023-03-08,2,2383.49,annulé,marrakech,Carte,LIV1,
CMD16790,CL0224,P049,Jan 01 2024,4,3351.29,livré,marrakech,Carte,LIV10,2024-01-02
CMD03629,CL0668,P023,Feb 15 2024,3,631.84,LIVRE,CASABLANCA,Carte,LIV8,2024-02-18
CMD28472,CL0565,P026,2024-04-21,3,2921.21,livré,casa,Carte,LIV2,2024-04-26
CMD47835,CL0346,P010,Jan 06 2024,5,2351.57,livre,TANGER,Carte,LIV10,
CMD14370,CL0824,P037,2023-05-26,4,3080.46,annulé,CASABLANCA,Carte,LIV3,
CMD27170,CL0097,P019,22/05/2023,1,1008.33,DONE,marrakech,Carte,LIV2,2023-05-24
CMD24505,CL0285,P024,13/12/2023,3,0,DONE,tanger,Carte,LIV9,2023-12-17
CMD14860,CL0739,P003,2023-01-02,1,3824.97,OK,casa,Carte,LIV4,
CMD21221,CL0048,P094,Mar 18 2023,5,3604.9,livré,TNG,Carte,LIV7,2023-03-23
CMD30980,CL0726,P079,Apr 16 2024,4,1418.18,OK,CASABLANCA,Carte,LIV3,
CMD35886,CL0030,P010,11/01/2023,4,2494.16,livre,tanger,Carte,LIV1,
CMD14695,CL0302,P039,2023-08-25,3,2732.54,livre,Tnja,Carte,LIV10,
CMD06830,CL0428,P093,15/03/2023,1,454.08,annulé,RBA,Carte,LIV3,
CMD08536,CL0306,P002,2024-03-06,2,4585.32,en_cours,RBA,Carte,LIV6,
CMD15174,CL0965,P091,07/12/2023,1,1271.91,en_cours,RBA,Carte,LIV4,
CMD17479,CL0296,P055,2024-04-01,5,2308.24,livré,kech,Carte,LIV8,2024-04-02
CMD28161,CL0887,P067,2023-10-18,2,133.43,retourné,marrakech,Carte,LIV4,2023-10-22
CMD40261,CL0322,P086,May 08 2023,4,1668.46,livre,marrakech,Carte,LIV9,
CMD17735,CL0571,P099,Mar 03 2024,4,1878.59,LIVRE,TANGER,Carte,LIV7,2024-03-08
CMD43532,CL0507,P008,Mar 24 2023,3,1922.34,en_cours,Agadir,Carte,LIV10,
CMD02183,CL0909,P011,08/03/2023,4,3003.81,KO,kech,Carte,LIV7,
CMD17736,CL0829,P008,23/03/2023,4,226.14,OK,Tnja,Carte,LIV2,
CMD12858,CL0924,P017,06/05/2023,4,1574.79,annulé,tanger,Carte,LIV6,
CMD35610,CL0262,P009,Jan 16 2024,2,675.23,livré,marrakech,Carte,LIV10,2024-01-19
CMD08001,CL0473,P054,25/11/2023,5,2495.05,OK,casa,Carte,LIV3,
CMD22119,CL0292,P052,Jan 15 2023,1,4888.07,DONE,kech,Carte,LIV3,2023-01-16
CMD13870,CL0726,P027,Mar 25 2024,5,4281.57,retourné,CASABLANCA,Carte,LIV8,2024-03-27
CMD21863,CL0782,P039,12/12/2023,3,2571.66,LIVRE,TANGER,Carte,LIV7,2023-12-14
CMD29513,CL0605,P096,May 07 2024,2,840.8,en_cours,Tnja,Carte,,
CMD10319,CL0468,P020,20/06/2023,-1,2703.5,LIVRE,CASABLANCA,Carte,LIV2,2023-06-25
CMD27456,CL0361,P094,Mar 17 2023,3,4482.28,en_cours,RBA,Carte,LIV2,
CMD01985,CL0084,P019,2023-08-02,-1,1969.49,annulé,marrakech,Carte,LIV8,
CMD00410,CL0983,P022,Oct 28 2023,1,4444.22,KO,TNG,Carte,LIV2,
CMD14113,CL0424,P093,Apr 21 2024,4,838.11,OK,kech,Carte,LIV10,
CMD46253,CL0193,P022,14/05/2024,3,2662.61,annulé,Agadir,Carte,LIV5,
CMD00595,CL0379,P085,2023-12-02,4,4230.33,LIVRE,marrakech,Carte,LIV5,2023-12-03
CMD17733,CL0509,P053,Apr 15 2024,3,2819.34,en_cours,Tnja,Carte,LIV10,
CMD38046,CL0859,P045,Nov 23 2023,3,535.31,DONE,tanger,Carte,LIV4,2023-11-24
CMD21190,CL0300,P025,Mar 01 2024,4,3368.55,retourné,Agadir,Carte,LIV4,2024-03-06
CMD22604,CL0020,P005,Jan 20 2023,1,4097.84,livre,kech,Carte,LIV7,
CMD06230,CL0478,P059,15/07/2023,3,193.58,livre,Agadir,Carte,LIV1,
CMD44440,CL0025,P017,2023-05-18,4,977.27,livre,Agadir,Carte,LIV3,
CMD09532,CL0181,P085,2023-09-17,4,146.63,OK,marrakech,Carte,LIV2,
CMD13142,CL0882,P032,2023-10-21,2,1034.4,en_cours,Tnja,Carte,LIV3,
CMD30869,CL0345,P075,May 05 2023,1,1820.32,livré,casa,Carte,LIV8,2023-05-10
CMD44328,CL0293,P020,Sep 24 2023,3,4613.25,KO,Agadir,Carte,,
CMD27293,CL0877,P048,Feb 22 2023,3,2925.03,livré,RBA,Carte,LIV1,2023-02-24
CMD44894,CL0746,P093,Jul 06 2023,4,662.53,retourné,Tnja,Carte,,2023-07-08
CMD40646,CL0852,P018,04/03/2024,1,2670.82,OK,Agadir,Carte,LIV3,
CMD28654,CL0721,P040,18/12/2023,4,1134.28,livre,marrakech,Carte,,
CMD15635,CL0963,P030,28/01/2024,1,1512.95,annulé,Tnja,Carte,LIV1,
CMD21816,CL0383,P086,2024-02-03,2,515.47,livré,casa,Carte,LIV3,2024-02-05
CMD45838,CL0512,P099,Sep 15 2023,2,3055.01,livré,marrakech,Carte,,2023-09-16
CMD17035,CL0602,P090,Apr 30 2023,2,3118.58,KO,casa,Carte,LIV5,
CMD00862,CL0517,P005,Oct 27 2023,4,1010.21,livré,marrakech,Carte,,2023-10-29
CMD08226,CL0916,P025,29/01/2024,5,1806.91,KO,kech,Carte,LIV10,
CMD12949,CL0218,P083,07/10/2023,3,1278.69,livré,kech,Carte,,2023-10-12
CMD30021,CL0462,P069,2023-01-19,2,2795.27,livré,TANGER,Carte,LIV6,2023-01-22
CMD04680,CL0073,P032,11/02/2023,5,2872.11,livré,marrakech,Carte,LIV3,2023-02-15
CMD12857,CL0202,P018,May 06 2024,1,3820.54,en_cours,marrakech,Carte,LIV6,
CMD09825,CL0396,P063,2023-03-02,2,1116.9,retourné,kech,Carte,LIV5,2023-03-06
CMD22505,CL0140,P040,2023-01-31,2,3749.45,LIVRE,marrakech,Carte,LIV4,2023-02-04
CMD38407,CL0562,P056,2023-09-10,1,4550.84,annulé,TANGER,Carte,LIV4,
CMD24582,CL0058,P044,15/04/2024,3,2698.62,OK,tanger,Carte,LIV1,
CMD00697,CL0896,P024,Mar 13 2023,2,379.34,en_cours,tanger,Carte,LIV1,
CMD08706,CL0173,P050,2024-04-01,3,1595.27,retourné,marrakech,Carte,LIV10,2024-04-06
CMD00227,CL0829,P013,29/01/2023,1,1088.13,en_cours,tanger,Carte,LIV1,
CMD40303,CL0105,P025,12/02/2023,1,668.47,livré,RBA,Carte,LIV1,2023-02-14
CMD30534,CL0176,P027,2024-01-01,4,3978.02,DONE,tanger,Carte,,2024-01-02
CMD20432,CL0014,P034,Oct 23 2023,5,2769.54,en_cours,casa,Carte,LIV2,
CMD47014,CL0215,P010,2023-05-07,2,1013.92,livre,CASABLANCA,Carte,LIV10,
CMD40307,CL0173,P094,2023-10-22,1,1968.35,annulé,Agadir,Carte,,
CMD46259,CL0299,P085,2023-12-19,5,866.8,annulé,casa,Carte,LIV2,
CMD30713,CL0396,P073,2023-08-10,3,342.26,LIVRE,tanger,Carte,LIV8,2023-08-11
CMD31941,CL0459,P008,Mar 31 2023,2,2289.15,retourné,tanger,Carte,LIV2,2023-04-03
CMD46231,CL0992,P024,05/04/2023,1,4996.33,annulé,kech,Carte,LIV4,
CMD35089,CL0267,P018,10/02/2023,2,3048.92,en_cours,casa,Carte,,
CMD29388,CL0546,P018,Nov 16 2023,5,0,en_cours,tanger,Carte,LIV10,
CMD20109,CL0543,P012,04/03/2024,5,1123.04,retourné,TNG,Carte,LIV3,2024-03-07
CMD16102,CL0348,P027,2023-08-27,2,4087.53,en_cours,CASABLANCA,Carte,LIV8,
CMD47188,CL0616,P008,2023-05-26,-1,2038.13,livré,TANGER,Carte,LIV8,2023-05-29
CMD13212,CL0936,P059,Jan 07 2024,5,635.74,livré,kech,Carte,LIV2,2024-01-09
CMD26723,CL0987,P100,2023-03-14,2,4544.43,livré,tanger,Carte,LIV9,2023-03-18
CMD05915,CL0443,P014,2023-03-05,4,4114.38,en_cours,CASABLANCA,Carte,LIV7,
CMD10869,CL0515,P071,01/02/2023,2,3505.1,KO,kech,Carte,LIV3,
CMD20716,CL0471,P068,28/10/2023,4,1024.81,en_cours,casa,Carte,LIV6,
CMD25293,CL0261,P062,11/05/2024,-1,4129.27,LIVRE,marrakech,Carte,LIV9,2024-05-16
CMD11607,CL0037,P055,2024-01-24,5,791.51,LIVRE,CASABLANCA,Carte,LIV2,2024-01-29
CMD42176,CL0293,P067,2023-07-21,1,1594.62,retourné,casa,Carte,LIV1,2023-07-26
CMD35905,CL0359,P019,30/04/2023,4,3031.1,KO,kech,Carte,,
CMD35619,CL0534,P037,03/02/2023,4,1117.74,retourné,Tnja,Carte,LIV6,2023-02-06
CMD44799,CL0487,P023,2023-05-22,2,150.59,livré,kech,Carte,LIV8,2023-05-24
CMD37144,CL0662,P094,2023-07-20,5,2145.39,retourné,Agadir,Carte,LIV10,2023-07-22
CMD17624,CL0763,P015,21/07/2023,2,3325.84,livre,CASABLANCA,Carte,LIV2,
CMD39727,CL0034,P087,27/04/2024,3,2337.68,OK,TANGER,Carte,LIV1,
CMD37938,CL0878,P089,Dec 28 2023,5,3640.92,DONE,marrakech,Carte,LIV4,2023-12-31
CMD32354,CL0605,P014,11/05/2023,4,4987.47,livré,Tnja,Carte,LIV2,2023-05-15
CMD06918,CL0739,P048,23/01/2024,3,3297.76,livre,TANGER,Carte,LIV5,
CMD11116,CL0874,P053,2024-04-16,2,4233.43,annulé,TANGER,Carte,LIV10,
CMD28416,CL0682,P031,Mar 24 2023,2,4635.04,livré,TANGER,Carte,LIV2,2023-03-28
CMD04876,CL0442,P036,2023-02-03,3,763.45,OK,Tnja,Carte,LIV8,
CMD40697,CL0998,P048,15/03/2023,1,3980.95,DONE,casa,Carte,LIV6,2023-03-17
CMD11134,CL0464,P009,01/12/2023,1,4773.54,livre,marrakech,Carte,LIV6,
CMD27272,CL0871,P090,2023-07-14,3,1818.68,OK,TNG,Carte,LIV7,
CMD01511,CL0029,P070,28/02/2023,3,4868.81,livre,marrakech,Carte,LIV2,
CMD46205,CL0590,P066,Jun 02 2023,4,1227.56,OK,casa,Carte,LIV5,
CMD24191,CL0100,P027,Oct 29 2023,1,2617.38,OK,marrakech,Carte,LIV10,
CMD09101,CL0681,P032,Jun 26 2023,3,2368.97,retourné,RBA,Carte,LIV6,2023-06-30
CMD10339,CL0477,P077,15/02/2024,4,4634.88,OK,tanger,Carte,LIV7,
CMD27535,CL0353,P077,29/07/2023,4,665.28,retourné,Agadir,Carte,LIV2,2023-07-30
CMD38325,CL0441,P011,Nov 19 2023,5,3111.56,KO,casa,Carte,LIV8,
CMD16943,CL0939,P073,Nov 07 2023,3,3640.47,LIVRE,casa,Carte,LIV8,2023-11-10
CMD26837,CL0582,P061,Apr 02 2024,2,1259.5,livré,Agadir,Carte,LIV2,2024-04-06
CMD46901,CL0262,P087,2023-02-26,4,2913.05,livre,CASABLANCA,Carte,LIV1,
CMD37564,CL0115,P018,2023-06-15,4,2914.57,annulé,Agadir,Carte,LIV10,
CMD02485,CL0496,P069,2024-03-11,2,2636.36,en_cours,CASABLANCA,Carte,,
CMD05170,CL0325,P045,2023-02-21,4,2830.21,LIVRE,casa,Carte,LIV1,2023-02-25
CMD17295,CL0310,P048,03/09/2023,5,972.79,livré,CASABLANCA,Carte,LIV7,2023-09-07
CMD05128,CL0325,P027,18/11/2023,1,3321.49,livré,CASABLANCA,Carte,LIV8,2023-11-21
CMD03366,CL0332,P003,Oct 01 2023,1,2148.89,OK,Agadir,Carte,LIV9,
CMD27193,CL0180,P041,Nov 22 2023,4,4354.23,DONE,RBA,Carte,,2023-11-25
CMD36548,CL0632,P051,2023-11-11,3,1187.59,livré,casa,Carte,LIV2,2023-11-13
CMD29880,CL0212,P019,07/02/2024,5,746.07,livre,casa,Carte,LIV10,
CMD15775,CL0566,P040,Jan 26 2023,1,1965.27,en_cours,marrakech,Carte,LIV10,
CMD20665,CL0322,P078,09/08/2023,1,2732.49,LIVRE,TANGER,Carte,,2023-08-14
CMD45866,CL0356,P036,Jan 26 2023,1,948.56,LIVRE,TANGER,Carte,LIV1,2023-01-30
CMD45467,CL0294,P014,2023-07-14,2,3131.4,livré,marrakech,Carte,LIV10,2023-07-15
CMD03040,CL0368,P004,06/02/2024,2,3216.76,LIVRE,Agadir,Carte,LIV3,2024-02-09
CMD06229,CL0919,P015,Apr 12 2023,4,2538.66,livré,tanger,Carte,LIV2,2023-04-13
CMD19906,CL0141,P018,Feb 16 2024,3,4480.53,OK,Agadir,Carte,LIV4,
CMD25208,CL0481,P072,28/07/2023,5,1571.53,livré,tanger,Carte,LIV5,2023-08-01
CMD43044,CL0576,P013,2023-03-20,4,3932.76,KO,kech,Carte,LIV9,
CMD22125,CL0690,P047,Aug 19 2023,5,3640.76,retourné,Agadir,Carte,LIV4,2023-08-24
CMD12457,CL0236,P047,2023-10-29,5,2808.15,DONE,casa,Carte,LIV2,2023-11-02
CMD48179,CL0739,P053,22/04/2023,2,1239.37,livré,CASABLANCA,Carte,LIV6,2023-04-25
CMD05673,CL0411,P021,14/01/2024,4,4868.21,livré,kech,Carte,LIV3,2024-01-16
CMD05530,CL0409,P053,Apr 05 2024,-1,3426.59,KO,marrakech,Carte,LIV4,
CMD30880,CL0101,P053,13/04/2023,3,4795.13,annulé,RBA,Carte,LIV2,
CMD17120,CL0358,P041,Feb 18 2023,5,3043.3,en_cours,marrakech,Carte,LIV4,
CMD11240,CL0963,P057,04/10/2023,-1,925.06,OK,Agadir,Carte,LIV7,
CMD06785,CL0906,P049,03/06/2023,4,2964.03,en_cours,RBA,Carte,LIV9,
CMD22645,CL0630,P023,24/07/2023,5,2130.17,en_cours,Tnja,Carte,LIV2,
CMD34128,CL0658,P073,2023-02-12,5,4511.44,LIVRE,casa,Carte,,2023-02-13
CMD13462,CL0807,P096,04/11/2023,3,4565.7,OK,TANGER,Carte,LIV8,
CMD27800,CL0295,P040,2023-06-23,2,2147.84,livré,marrakech,Carte,LIV7,2023-06-24
CMD33597,CL0820,P075,12/03/2023,4,3965.18,en_cours,Agadir,Carte,LIV3,
CMD47517,CL0277,P042,2023-02-08,2,1388.81,DONE,Tnja,Carte,LIV6,2023-02-12
CMD18795,CL0281,P006,2024-05-09,5,3928.55,OK,tanger,Carte,LIV5,
CMD42658,CL0918,P092,19/04/2023,4,3832.65,livre,kech,Carte,LIV7,
CMD28851,CL0224,P099,2023-05-02,2,943.58,livré,casa,Carte,LIV7,2023-05-07
CMD12484,CL0906,P014,2023-01-06,4,1818.19,en_cours,Tnja,Carte,LIV8,
CMD36837,CL0112,P060,2023-03-21,2,223.49,DONE,casa,Carte,,2023-03-23
CMD06916,CL0131,P003,18/11/2023,2,0,livré,Tnja,Carte,LIV6,2023-11-19
CMD22045,CL0835,P068,16/10/2023,3,3535.23,retourné,marrakech,Carte,LIV9,2023-10-18
CMD33989,CL0276,P062,2023-12-24,5,319.09,livre,Agadir,Carte,LIV1,
CMD03839,CL0571,P040,Jan 30 2023,3,4948.15,livré,kech,Carte,,2023-02-01
CMD23205,CL0058,P053,14/04/2023,4,1761.71,retourné,tanger,Carte,,2023-04-17
CMD41198,CL0760,P064,19/02/2023,2,91.75,LIVRE,CASABLANCA,Carte,LIV8,2023-02-24
CMD12855,CL0241,P039,Jan 08 2023,4,843.36,annulé,RBA,Carte,LIV4,
CMD23558,CL0881,P012,May 09 2024,2,1873.5,DONE,TNG,Carte,LIV2,2024-05-12
CMD04229,CL0998,P053,25/02/2023,1,206.3,annulé,marrakech,Carte,LIV8,
CMD24655,CL0643,P043,10/02/2024,3,2732.57,livré,casa,Carte,LIV3,2024-02-15
CMD27658,CL0222,P085,Apr 19 2024,5,4106.1,livré,RBA,Carte,LIV3,2024-04-21
CMD22401,CL0888,P041,Nov 22 2023,2,1929.25,livré,casa,Carte,LIV9,2023-11-26
CMD17972,CL0222,P012,Mar 19 2024,2,2063.87,DONE,TNG,Carte,LIV7,2024-03-22
CMD33541,CL0793,P064,2023-07-03,2,2863.08,livre,TANGER,Carte,LIV8,
CMD03481,CL0105,P080,11/01/2024,5,926.73,livré,TANGER,Carte,LIV7,2024-01-13
CMD32699,CL0494,P058,18/02/2023,2,4047.09,livré,TANGER,Carte,LIV8,2023-02-20
CMD24136,CL0672,P047,Dec 08 2023,5,2279.61,OK,kech,Carte,LIV10,
CMD10178,CL0390,P012,2023-04-26,5,2923.76,KO,casa,Carte,LIV4,
CMD10421,CL0442,P081,2023-02-04,2,4542.7,KO,CASABLANCA,Carte,LIV1,
CMD45515,CL0768,P048,19/04/2023,2,0,OK,CASABLANCA,Carte,LIV8,
CMD13874,CL0658,P084,11/11/2023,2,1046.69,livré,Tnja,Carte,LIV1,2023-11-13
CMD06687,CL0624,P094,Jan 24 2023,1,4502.17,livré,casa,Carte,LIV5,2023-01-29
CMD01963,CL0390,P017,2024-04-25,2,771.82,retourné,casa,Carte,LIV1,2024-04-26
CMD18025,CL0175,P070,Aug 18 2023,4,3678.7,en_cours,kech,Carte,LIV3,
CMD11482,CL0661,P052,Aug 23 2023,4,1948.54,livré,TNG,Carte,LIV1,2023-08-24
CMD43080,CL0841,P006,30/03/2023,1,89.75,OK,TANGER,Carte,,
CMD39021,CL0997,P068,2023-12-06,5,4563.56,livré,Agadir,Carte,LIV7,2023-12-10
CMD11349,CL0569,P038,19/02/2023,4,3732.54,retourné,casa,Carte,LIV2,2023-02-20
CMD08507,CL0065,P003,2023-11-27,1,2888.92,annulé,RBA,Carte,LIV5,
CMD41014,CL0465,P064,30/09/2023,5,4905.24,DONE,CASABLANCA,Carte,LIV4,2023-10-05
CMD47270,CL0281,P078,2023-10-24,4,1658.14,livre,marrakech,Carte,LIV2,
CMD19317,CL0914,P052,2023-12-15,5,3385.59,DONE,tanger,Carte,,2023-12-20
CMD38132,CL0136,P076,13/04/2024,2,494.65,KO,tanger,Carte,LIV10,
CMD19022,CL0260,P053,17/09/2023,4,4856.23,livré,casa,Carte,LIV5,2023-09-20
CMD13509,CL0802,P080,23/10/2023,1,3355.79,KO,tanger,Carte,LIV3,
CMD34958,CL0763,P011,07/12/2023,2,4092.37,livré,kech,Carte,LIV4,2023-12-08
CMD02837,CL0024,P025,21/03/2023,4,516.65,KO,TNG,Carte,LIV4,
CMD41856,CL0481,P073,2024-05-03,3,4502.33,livré,TNG,Carte,LIV5,2024-05-07
CMD32227,CL0107,P005,23/07/2023,4,3731.8,livré,CASABLANCA,Carte,LIV4,2023-07-28
CMD10822,CL0758,P085,Mar 06 2024,3,1352.79,LIVRE,RBA,Carte,LIV1,2024-03-07
CMD35267,CL0504,P025,2023-04-25,2,299.55,livre,kech,Carte,LIV10,
CMD05242,CL0503,P089,2024-03-02,1,374.69,livré,Agadir,Carte,LIV6,2024-03-05
CMD07804,CL0181,P024,2023-07-25,4,2739.08,livré,Tnja,Carte,LIV5,2023-07-26
CMD47462,CL0832,P024,08/08/2023,3,2933.53,livré,Tnja,Carte,LIV1,2023-08-13
CMD15966,CL0729,P081,19/01/2023,4,1384.77,livré,casa,Carte,LIV7,2023-01-24
CMD46935,CL0917,P055,2023-07-31,5,2358.72,livre,Agadir,Carte,LIV8,
CMD06425,CL0003,P077,May 12 2024,5,3985.01,DONE,CASABLANCA,Carte,LIV4,2024-05-17
CMD05970,CL0450,P041,11/11/2023,1,0,livre,TNG,Carte,LIV9,
CMD05503,CL0636,P003,2023-02-19,4,4375.57,livre,TNG,Carte,LIV9,
CMD44331,CL0393,P046,07/03/2023,2,4836.5,livré,CASABLANCA,Carte,LIV10,2023-03-09
CMD40891,CL0966,P070,2023-11-16,4,2489.17,livre,TNG,Carte,LIV2,
CMD05999,CL0645,P002,May 12 2024,4,555.83,OK,tanger,Carte,LIV4,
CMD40301,CL0901,P046,21/04/2024,3,4259.2,annulé,tanger,Carte,LIV8,
CMD33791,CL0160,P004,2024-02-10,1,2560.99,livre,marrakech,Carte,LIV1,
CMD46504,CL0266,P065,Oct 14 2023,3,4219.18,retourné,tanger,Carte,,2023-10-16
CMD13412,CL0033,P068,2023-01-03,1,1497.31,DONE,marrakech,Carte,LIV7,2023-01-08
CMD16926,CL0857,P083,2023-05-08,3,657.28,retourné,tanger,Carte,LIV9,2023-05-09
CMD34302,CL0354,P025,17/07/2023,1,4399.5,KO,TANGER,Carte,LIV3,
CMD31871,CL0340,P009,2023-05-23,1,2655.59,livré,Tnja,Carte,,2023-05-28
CMD30934,CL0509,P058,29/04/2024,2,0,livré,kech,Carte,LIV7,2024-05-04
CMD14431,CL0279,P054,2023-05-23,3,1879.97,annulé,marrakech,Carte,LIV6,
CMD19888,CL0915,P026,Mar 23 2024,1,2667.17,livré,kech,Carte,,2024-03-26
CMD03812,CL0564,P051,16/12/2023,1,581.56,livré,TNG,Carte,LIV1,2023-12-21
CMD35379,CL0410,P039,02/05/2024,1,1341.87,DONE,TNG,Carte,LIV4,2024-05-06
CMD39371,CL0834,P053,2023-07-08,3,3937.41,en_cours,CASABLANCA,Carte,LIV4,
CMD05074,CL0328,P054,2024-04-11,3,2644.05,retourné,CASABLANCA,Carte,LIV4,2024-04-16
CMD20262,CL0265,P097,2024-03-17,4,386.4,livre,kech,Carte,LIV4,
CMD05376,CL0304,P012,2024-01-16,2,1670.42,livré,tanger,Carte,LIV8,2024-01-18
CMD37660,CL0332,P012,2023-08-13,1,3554.22,KO,TANGER,Carte,LIV10,
CMD43365,CL0637,P020,2024-01-22,1,2651.82,livré,casa,Carte,LIV8,2024-01-25
CMD38608,CL0560,P051,19/05/2023,4,1108.0,en_cours,Tnja,Carte,LIV2,
CMD42670,CL0861,P069,Aug 12 2023,1,902.46,annulé,TNG,Carte,,
CMD07358,CL0130,P021,Feb 20 2023,3,3453.95,livré,Agadir,Carte,LIV2,2023-02-24
CMD21920,CL0900,P075,2023-03-10,5,4777.6,livre,casa,Carte,LIV3,
CMD00974,CL0992,P053,2023-01-20,5,3730.54,retourné,TANGER,Carte,LIV2,2023-01-21
CMD21172,CL0926,P028,18/04/2023,1,1649.4,en_cours,casa,Carte,,
CMD46515,CL0503,P042,09/03/2024,2,1251.11,retourné,marrakech,Carte,LIV7,2024-03-10
CMD09618,CL0657,P004,26/02/2023,4,3361.12,livré,RBA,Carte,LIV2,2023-03-03
CMD33746,CL0427,P014,19/01/2024,4,1096.74,livre,tanger,Carte,LIV1,
CMD17796,CL0902,P008,2023-02-21,5,3165.87,annulé,RBA,Carte,LIV10,
CMD24314,CL0269,P095,11/03/2024,1,587.23,en_cours,casa,Carte,,
CMD27338,CL0879,P085,2023-05-27,1,165.3,retourné,CASABLANCA,Carte,LIV10,2023-05-29
CMD03834,CL0661,P021,13/09/2023,4,4498.03,livre,RBA,Carte,LIV9,
CMD23893,CL0530,P063,Mar 10 2024,2,4315.77,LIVRE,tanger,Carte,,2024-03-12
CMD00137,CL0762,P027,2023-07-31,1,786.61,livré,marrakech,Carte,LIV5,2023-08-02
CMD27337,CL0638,P085,22/09/2023,4,2757.61,retourné,Agadir,Carte,LIV6,2023-09-24
CMD31219,CL0752,P085,2023-12-04,2,932.2,LIVRE,casa,Carte,LIV5,2023-12-05
CMD14047,CL0777,P085,19/12/2023,2,1158.8,OK,marrakech,Carte,LIV9,
CMD07048,CL0698,P027,Mar 19 2024,1,3216.2,livré,casa,Carte,LIV10,2024-03-20
CMD35575,CL0463,P092,Jan 29 2024,4,4247.48,KO,tanger,Carte,LIV6,
CMD44189,CL0479,P078,Aug 01 2023,1,3468.18,KO,Tnja,Carte,LIV9,
CMD34989,CL0984,P074,2023-04-05,5,902.13,livré,tanger,Carte,LIV8,2023-04-09
CMD18476,CL0919,P038,04/01/2023,5,3430.61,DONE,casa,Carte,LIV3,2023-01-06
CMD39938,CL0723,P091,2024-01-13,5,1226.85,OK,RBA,Carte,LIV7,
CMD45517,CL0823,P049,30/06/2023,1,4303.96,livré,TNG,Carte,LIV8,2023-07-01
CMD02599,CL0239,P016,Apr 16 2024,3,3773.08,annulé,tanger,Carte,LIV5,
CMD28137,CL0274,P075,Feb 10 2024,4,1174.31,LIVRE,TANGER,Carte,LIV6,2024-02-11
CMD41987,CL0194,P026,18/10/2023,2,462.21,LIVRE,casa,Carte,LIV3,2023-10-20
CMD27370,CL0471,P083,Jan 23 2024,-1,838.71,annulé,tanger,Carte,LIV4,
CMD03870,CL0382,P002,2023-03-31,2,500.51,retourné,TANGER,Carte,LIV9,2023-04-02
CMD38454,CL0509,P007,2023-01-12,3,0,livré,TANGER,Carte,LIV1,2023-01-17
CMD34509,CL0487,P020,2023-12-28,5,4787.43,KO,TNG,Carte,LIV1,
CMD29288,CL0342,P081,05/02/2024,3,384.52,en_cours,TANGER,Carte,LIV5,
CMD40855,CL0024,P002,2023-03-31,1,307.74,livré,TANGER,Carte,LIV7,2023-04-01
CMD04279,CL0230,P061,15/02/2023,3,2585.72,livre,kech,Carte,LIV2,
CMD18597,CL0010,P039,26/08/2023,5,2712.98,DONE,Tnja,Carte,LIV9,2023-08-31
CMD38920,CL0714,P093,02/01/2024,3,2702.98,KO,tanger,Carte,LIV2,
CMD22511,CL0750,P029,23/01/2023,3,841.92,LIVRE,casa,Carte,LIV8,2023-01-25
CMD12168,CL0563,P013,06/09/2023,2,3738.08,retourné,RBA,Carte,LIV4,2023-09-09
CMD35725,CL0191,P054,May 11 2023,3,3594.21,OK,TNG,Carte,LIV3,
CMD21324,CL0739,P057,04/04/2023,5,1054.11,livré,Tnja,Carte,LIV8,2023-04-05
CMD46554,CL0584,P078,2024-02-04,1,3749.52,retourné,TANGER,Carte,LIV8,2024-02-06
CMD24229,CL0860,P051,Mar 18 2024,3,1767.29,LIVRE,kech,Carte,LIV7,2024-03-22
CMD00078,CL0591,P002,2023-01-16,2,584.53,livré,TANGER,Carte,LIV7,2023-01-17
CMD00884,CL0259,P025,Jun 06 2023,5,4306.85,livre,TNG,Carte,LIV6,
CMD28617,CL0421,P005,31/05/2023,5,3761.3,LIVRE,CASABLANCA,Carte,LIV2,2023-06-02
CMD04183,CL0029,P083,17/02/2024,2,3533.8,KO,marrakech,Carte,LIV3,
CMD08531,CL0070,P053,30/04/2023,4,3443.46,annulé,TNG,Carte,LIV4,
CMD34771,CL0288,P075,Dec 26 2023,5,4263.71,DONE,Agadir,Carte,LIV5,2023-12-31
CMD06692,CL0345,P092,17/03/2024,4,4731.75,LIVRE,CASABLANCA,Carte,LIV6,2024-03-19
CMD19221,CL0075,P024,2023-07-29,2,0,livré,kech,Carte,LIV1,2023-07-30
CMD09639,CL0325,P095,2024-01-24,3,4377.19,retourné,kech,Carte,LIV10,2024-01-25
CMD05000,CL0525,P050,25/10/2023,5,824.38,livré,Tnja,Carte,LIV9,2023-10-27
CMD37549,CL0355,P091,31/12/2023,2,721.89,OK,TNG,Carte,LIV9,
CMD32464,CL0225,P012,19/12/2023,4,3515.81,livré,Agadir,Carte,LIV6,2023-12-21
CMD00445,CL0339,P039,2023-08-07,2,3358.42,en_cours,TNG,Carte,LIV1,
CMD16494,CL0201,P001,2023-07-27,4,3966.92,KO,kech,Carte,LIV3,
CMD38783,CL0985,P040,Jan 01 2023,5,2935.07,annulé,TANGER,Carte,LIV3,
CMD09317,CL0588,P035,28/09/2023,1,3474.3,KO,TNG,Carte,LIV9,
CMD17616,CL0381,P098,2023-09-06,2,4400.76,DONE,kech,Carte,LIV6,2023-09-08
CMD26351,CL0178,P033,2023-05-17,5,4855.52,livré,Tnja,Carte,LIV4,2023-05-18
CMD37702,CL0835,P038,Sep 10 2023,3,3354.04,DONE,casa,Carte,LIV8,2023-09-15
CMD29988,CL0869,P082,18/02/2023,1,4973.65,livré,RBA,Carte,LIV6,2023-02-23
CMD43724,CL0863,P092,2023-06-20,2,2804.66,KO,TANGER,Carte,LIV4,
CMD46845,CL0195,P043,Jan 08 2023,3,2462.01,en_cours,Tnja,Carte,LIV3,
CMD45446,CL0380,P077,2023-03-10,4,4667.51,livré,casa,Carte,LIV1,2023-03-15
CMD47873,CL0181,P012,07/01/2024,2,1997.42,OK,CASABLANCA,Carte,LIV2,
CMD40634,CL0037,P006,2023-10-10,1,570.99,DONE,TNG,Carte,LIV6,2023-10-13
CMD21338,CL0555,P094,14/04/2024,3,1130.75,DONE,casa,Carte,LIV5,2024-04-18
CMD44139,CL0649,P072,2023-07-30,3,4962.35,livré,casa,Carte,,2023-08-04
CMD36478,CL0746,P060,Jun 18 2023,4,1574.88,retourné,Agadir,Carte,LIV3,2023-06-20
CMD39042,CL0169,P084,09/05/2024,2,2492.17,OK,tanger,Carte,LIV7,
CMD08572,CL0037,P038,16/12/2023,5,1340.5,livré,kech,Carte,LIV4,2023-12-18
CMD16687,CL0508,P021,2024-03-17,2,2410.36,en_cours,TNG,Carte,LIV3,
CMD08112,CL0861,P014,10/06/2023,5,112.94,livré,kech,Carte,LIV1,2023-06-11
CMD34394,CL0298,P024,Feb 01 2023,3,971.8,livré,TNG,Carte,LIV10,2023-02-02
CMD25481,CL0328,P062,2023-10-26,5,193.88,retourné,TNG,Carte,LIV1,2023-10-30
CMD47937,CL0575,P050,2023-03-22,5,2411.53,livré,TANGER,Carte,LIV8,2023-03-23
CMD29128,CL0401,P012,16/03/2024,1,2757.94,annulé,TNG,Carte,LIV8,
CMD40978,CL0430,P042,18/02/2023,5,1312.27,livre,kech,Carte,LIV7,
CMD07037,CL0432,P018,2024-01-09,3,0,en_cours,Tnja,Carte,LIV3,
CMD22667,CL0241,P058,06/09/2023,4,4174.35,retourné,tanger,Carte,LIV1,2023-09-11
CMD03070,CL0723,P043,2023-07-16,4,1070.97,retourné,tanger,Carte,LIV10,2023-07-18
CMD40289,CL0870,P094,Apr 09 2023,2,4420.93,retourné,TNG,Carte,LIV4,2023-04-10
CMD07680,CL0468,P052,01/03/2023,1,1932.83,KO,Tnja,Carte,LIV2,
CMD41990,CL0555,P036,2023-02-20,2,4889.66,DONE,marrakech,Carte,LIV9,2023-02-22
CMD03935,CL0698,P030,2023-04-27,4,639.22,livré,casa,Carte,LIV8,2023-04-29
CMD36175,CL0363,P020,2023-06-08,2,3446.89,LIVRE,Agadir,Carte,LIV2,2023-06-10
CMD34978,CL0883,P075,2023-09-11,4,1318.44,OK,CASABLANCA,Carte,LIV1,
CMD06057,CL0474,P066,2024-04-10,2,3363.63,retourné,tanger,Carte,LIV8,2024-04-15
CMD43726,CL0760,P048,Dec 11 2023,2,865.65,livré,CASABLANCA,Carte,LIV1,2023-12-15
CMD08381,CL0523,P001,2023-12-12,2,4756.63,en_cours,Agadir,Carte,LIV4,
CMD33983,CL0451,P066,May 11 2023,5,331.56,retourné,tanger,Carte,LIV3,2023-05-14
CMD47453,CL0430,P043,Apr 11 2023,4,317.62,OK,Tnja,Carte,LIV8,
CMD36386,CL0661,P002,Sep 09 2023,5,4383.72,livré,kech,Carte,LIV8,2023-09-14
CMD07314,CL0384,P018,03/03/2023,2,970.75,annulé,TNG,Carte,LIV8,
CMD12205,CL0990,P084,12/01/2023,4,4909.16,annulé,tanger,Carte,LIV6,
CMD44090,CL0679,P080,2023-07-20,2,3049.49,retourné,tanger,Carte,LIV4,2023-07-22
CMD24622,CL0305,P043,2023-02-08,5,0,retourné,Tnja,Carte,,2023-02-12
CMD28056,CL0469,P053,2023-07-08,4,2234.43,livré,casa,Carte,LIV5,2023-07-11
CMD41074,CL0185,P021,Jan 01 2023,3,4154.58,livré,TANGER,Carte,LIV4,2023-01-02
CMD26561,CL0239,P021,10/01/2023,1,3194.78,livré,tanger,Carte,LIV9,2023-01-12
CMD15414,CL0271,P032,2024-03-28,1,3742.17,LIVRE,CASABLANCA,Carte,LIV10,2024-04-01
CMD24929,CL0305,P051,03/01/2023,4,3158.42,en_cours,marrakech,Carte,LIV9,
CMD21179,CL0091,P053,Jan 06 2024,4,4875.35,DONE,tanger,Carte,LIV4,2024-01-08
CMD09237,CL0989,P033,2024-01-30,4,2030.29,LIVRE,TANGER,Carte,LIV10,2024-02-01
CMD36511,CL0846,P027,02/01/2023,2,1363.41,retourné,kech,Carte,LIV7,2023-01-04
CMD16277,CL0281,P076,Mar 09 2024,1,2763.24,en_cours,marrakech,Carte,LIV1,
CMD03892,CL0961,P059,Apr 12 2024,2,2024.0,OK,Tnja,Carte,LIV6,
CMD12112,CL0250,P005,2023-09-30,5,3402.05,KO,marrakech,Carte,LIV7,
CMD09711,CL0575,P099,Jan 30 2024,2,3170.91,en_cours,Agadir,Carte,LIV3,
CMD27641,CL0460,P041,09/08/2023,1,83.75,LIVRE,RBA,Carte,LIV6,2023-08-13
CMD01137,CL0533,P011,30/04/2024,5,313.79,livré,tanger,Carte,LIV1,2024-05-04
CMD07922,CL0938,P094,01/04/2023,2,483.34,annulé,CASABLANCA,Carte,,
CMD44304,CL0331,P096,2023-05-30,2,3547.0,livré,TANGER,Carte,LIV6,2023-06-01
CMD42484,CL0287,P087,2023-04-29,5,741.98,annulé,TNG,Carte,LIV9,
CMD26065,CL0809,P038,2023-11-12,4,3854.84,livré,RBA,Carte,LIV2,2023-11-13
CMD25634,CL0908,P030,2023-01-01,5,170.97,retourné,kech,Carte,LIV8,2023-01-06
CMD02956,CL0174,P051,2023-10-25,5,1839.28,livré,marrakech,Carte,LIV3,2023-10-26
CMD09969,CL0054,P050,2023-11-05,4,2399.0,livré,Tnja,Carte,LIV7,2023-11-08
CMD41205,CL0419,P014,03/09/2023,4,1599.94,livré,casa,Carte,LIV9,2023-09-08
CMD38693,CL0298,P062,2023-06-30,5,2160.94,livré,CASABLANCA,Carte,LIV7,2023-07-02
CMD28870,CL0669,P086,Dec 20 2023,4,2124.1,OK,marrakech,Carte,LIV8,
CMD43527,CL0581,P084,04/08/2023,5,4943.83,KO,casa,Carte,LIV3,
CMD09875,CL0628,P025,2023-03-29,1,2833.78,livre,Tnja,Carte,LIV6,
CMD14694,CL0681,P100,2023-10-24,2,4938.05,livré,tanger,Carte,LIV6,2023-10-27
CMD38306,CL0403,P050,19/04/2024,3,3213.18,livré,TANGER,Carte,LIV5,2024-04-24
CMD03588,CL0991,P069,02/06/2023,5,3793.85,DONE,Agadir,Carte,LIV1,2023-06-04
CMD45311,CL0646,P075,2024-01-29,3,114.13,annulé,RBA,Carte,,
CMD21007,CL0723,P025,20/04/2023,4,4872.05,livré,Agadir,Carte,LIV6,2023-04-25
CMD23597,CL0518,P068,01/07/2023,2,2087.84,en_cours,TNG,Carte,LIV9,
CMD44620,CL0418,P040,13/04/2023,3,500.55,livré,kech,Carte,LIV1,2023-04-17
CMD15294,CL0481,P057,2023-10-12,2,3004.85,LIVRE,casa,Carte,LIV7,2023-10-13
CMD36116,CL0034,P048,20/01/2024,4,4312.03,livré,Agadir,Carte,LIV4,2024-01-22
CMD24166,CL0525,P031,26/04/2023,2,2917.19,DONE,TNG,Carte,,2023-05-01
CMD11951,CL0597,P068,Nov 15 2023,1,4831.7,livré,CASABLANCA,Carte,LIV7,2023-11-19
CMD22543,CL0122,P061,2023-03-06,4,2550.01,livré,Agadir,Carte,LIV9,2023-03-08
CMD45527,CL0221,P055,2024-02-21,1,2294.98,en_cours,marrakech,Carte,LIV8,
CMD05347,CL0488,P042,21/04/2023,2,1886.71,livré,TANGER,Carte,,2023-04-26
CMD09454,CL0746,P096,Aug 08 2023,5,4072.59,livré,kech,Carte,LIV6,2023-08-09
CMD28827,CL0211,P001,2024-04-23,5,3945.34,OK,kech,Carte,LIV7,
CMD19558,CL0076,P007,Jun 02 2023,5,336.71,annulé,TNG,Carte,,
CMD14433,CL0454,P021,Jul 02 2023,2,684.58,KO,RBA,Carte,LIV9,
CMD08991,CL0613,P006,Jan 30 2023,2,1534.69,livre,tanger,Carte,LIV5,
CMD19726,CL0802,P093,2023-04-20,3,4427.91,livre,TANGER,Carte,LIV1,
CMD24063,CL0974,P087,03/03/2024,5,3326.7,livré,kech,Carte,LIV5,2024-03-06
CMD12572,CL0733,P076,Nov 28 2023,4,247.18,DONE,Tnja,Carte,LIV1,2023-12-01
CMD20702,CL0448,P046,Jul 31 2023,4,2920.65,LIVRE,Tnja,Carte,LIV6,2023-08-01
CMD22998,CL0364,P063,May 17 2023,2,2923.65,retourné,RBA,Carte,LIV4,2023-05-19
CMD44264,CL0126,P003,2023-05-05,2,3381.52,OK,marrakech,Carte,LIV9,
CMD26266,CL0018,P062,12/01/2023,4,3008.53,annulé,TNG,Carte,LIV9,
CMD18872,CL0608,P096,03/06/2023,5,447.01,livré,kech,Carte,LIV6,2023-06-05
CMD06829,CL0067,P010,2023-04-04,2,4724.01,DONE,Tnja,Carte,LIV8,2023-04-08
CMD06985,CL0341,P018,15/05/2023,1,1503.71,livré,tanger,Carte,LIV6,2023-05-18
CMD15020,CL0313,P067,2024-04-23,2,1157.39,DONE,TANGER,Carte,LIV4,2024-04-28
CMD11233,CL0001,P080,30/10/2023,2,3650.8,retourné,RBA,Carte,LIV1,2023-11-02
CMD25593,CL0193,P094,08/08/2023,2,4165.2,livré,marrakech,Carte,LIV3,2023-08-13
CMD18741,CL0868,P099,Nov 06 2023,2,4232.2,OK,CASABLANCA,Carte,LIV7,
CMD37296,CL0486,P057,13/02/2023,1,3882.18,annulé,kech,Carte,LIV6,
CMD25402,CL0679,P018,2023-02-03,3,4213.1,LIVRE,CASABLANCA,Carte,LIV2,2023-02-07
CMD20123,CL0418,P091,2023-08-27,2,1215.78,OK,RBA,Carte,,
CMD30339,CL0264,P002,16/12/2023,4,2920.75,livré,TNG,Carte,LIV6,2023-12-17
CMD07869,CL0242,P016,2024-02-18,1,387.5,annulé,tanger,Carte,LIV7,
CMD15594,CL0667,P097,Nov 24 2023,2,4187.7,en_cours,kech,Carte,LIV3,
CMD33380,CL0648,P075,Oct 31 2023,3,4839.04,livré,tanger,Carte,LIV5,2023-11-01
CMD06343,CL0142,P084,Sep 23 2023,4,2122.06,OK,tanger,Carte,LIV5,
CMD36446,CL0108,P076,Jun 04 2023,2,173.58,livré,CASABLANCA,Carte,LIV4,2023-06-05
CMD25090,CL0874,P089,19/07/2023,3,1457.67,livré,RBA,Carte,LIV9,2023-07-24
CMD46750,CL0998,P052,2023-01-07,1,3572.12,retourné,Agadir,Carte,LIV9,2023-01-08
CMD41915,CL0059,P095,20/01/2024,5,1088.55,LIVRE,TANGER,Carte,LIV9,2024-01-23
CMD03483,CL0286,P087,12/08/2023,2,2476.93,livré,tanger,Carte,LIV3,2023-08-16
CMD01709,CL0016,P035,23/09/2023,3,1686.28,en_cours,RBA,Carte,LIV3,
CMD16414,CL0001,P028,27/05/2023,3,2090.75,LIVRE,CASABLANCA,Carte,LIV1,2023-05-29
CMD46234,CL0573,P094,01/12/2023,2,4445.62,en_cours,tanger,Carte,LIV3,
CMD01260,CL0988,P002,2023-10-09,4,3725.86,livré,RBA,Carte,LIV1,2023-10-14
CMD07997,CL0932,P018,18/01/2023,1,1876.55,OK,kech,Carte,LIV5,
CMD36143,CL0176,P005,18/01/2024,5,384.32,retourné,kech,Carte,LIV8,2024-01-21
CMD10066,CL0553,P077,Jun 13 2023,3,2688.9,livré,CASABLANCA,Carte,LIV3,2023-06-14
CMD40397,CL0578,P067,2024-03-01,2,3917.4,livré,TANGER,Carte,LIV8,2024-03-06
CMD20522,CL0363,P045,2023-01-30,5,2712.3,OK,casa,Carte,LIV1,
CMD48406,CL0087,P071,May 10 2023,3,4337.88,LIVRE,marrakech,Carte,LIV1,2023-05-11
CMD29411,CL0078,P068,Jun 12 2023,4,4040.81,livré,TANGER,Carte,LIV3,2023-06-13
CMD25758,CL0276,P028,May 08 2024,3,4985.78,en_cours,tanger,Carte,LIV9,
CMD16433,CL0349,P005,2023-11-11,1,2182.54,annulé,TANGER,Carte,LIV1,
CMD27584,CL0396,P012,17/05/2023,2,1360.58,DONE,TANGER,Carte,LIV4,2023-05-19
CMD25195,CL0075,P014,Mar 13 2023,2,2640.55,OK,tanger,Carte,LIV8,
CMD28334,CL0632,P009,25/03/2024,1,3054.96,livré,CASABLANCA,Carte,LIV4,2024-03-26
CMD24726,CL0351,P020,2023-12-19,-1,1795.53,KO,TANGER,Carte,LIV9,
CMD25715,CL0599,P057,Mar 05 2024,5,4875.14,OK,TANGER,Carte,LIV2,
CMD22596,CL0829,P091,2023-09-17,4,692.73,en_cours,Agadir,Carte,LIV4,
CMD27160,CL0113,P066,04/04/2023,2,1581.87,KO,kech,Carte,LIV3,
CMD08839,CL0347,P089,May 05 2023,5,4145.28,KO,TNG,Carte,LIV4,
CMD34820,CL0429,P073,04/07/2023,3,297.3,retourné,marrakech,Carte,LIV5,2023-07-05
CMD09288,CL0353,P088,2023-01-26,3,4350.69,annulé,kech,Carte,LIV8,
CMD02874,CL0722,P031,2023-05-20,5,265.65,KO,Tnja,Carte,LIV3,
CMD17038,CL0714,P087,Oct 14 2023,5,1373.64,OK,tanger,Carte,LIV9,
CMD22763,CL0920,P085,03/03/2024,5,3567.43,livré,TANGER,Carte,LIV1,2024-03-05
CMD34724,CL0412,P031,10/05/2024,3,4391.04,KO,marrakech,Carte,,
CMD39952,CL0025,P021,08/12/2023,5,4383.38,livré,tanger,Carte,LIV4,2023-12-11
CMD06801,CL0221,P046,2023-03-23,3,3972.2,annulé,TNG,Carte,LIV1,
CMD15486,CL0347,P096,10/05/2023,2,380.07,LIVRE,RBA,Carte,LIV1,2023-05-14
CMD19560,CL0419,P081,Feb 13 2023,2,1957.3,livre,Agadir,Carte,LIV4,
CMD40023,CL0517,P020,Feb 18 2024,2,162.5,en_cours,Agadir,Carte,LIV1,
CMD44585,CL0175,P030,2023-01-17,2,4699.8,livré,CASABLANCA,Carte,LIV7,2023-01-18
CMD05787,CL0817,P081,2024-03-07,4,565.96,KO,kech,Carte,LIV5,
CMD41352,CL0956,P031,2023-09-25,3,3729.83,livré,TANGER,Carte,LIV5,2023-09-27
CMD15790,CL0544,P005,2023-08-11,4,1076.92,en_cours,tanger,Carte,LIV8,
CMD01895,CL0909,P078,09/03/2023,4,4806.4,livre,TNG,Carte,LIV8,
CMD30812,CL0825,P065,2023-06-26,2,3702.99,livré,Tnja,Carte,LIV8,2023-06-30
CMD06049,CL0680,P009,2024-02-20,1,3735.09,KO,casa,Carte,LIV3,
CMD28335,CL0051,P067,09/08/2023,4,369.19,OK,TNG,Carte,LIV7,
CMD25295,CL0885,P058,Feb 14 2024,2,3986.25,livré,Tnja,Carte,LIV2,2024-02-18
CMD02828,CL0472,P063,2024-02-08,1,1873.55,livré,CASABLANCA,Carte,LIV6,2024-02-10
CMD30958,CL0490,P029,Mar 14 2023,3,363.71,retourné,tanger,Carte,LIV8,2023-03-16
CMD25609,CL0742,P020,2023-01-29,5,3435.22,en_cours,kech,Carte,LIV2,
CMD11598,CL0590,P065,2023-08-16,1,3238.92,livré,TNG,Carte,LIV4,2023-08-18
CMD41626,CL0121,P088,2023-07-28,1,4477.87,KO,CASABLANCA,Carte,LIV9,
CMD26853,CL0634,P069,2023-06-14,5,4264.11,en_cours,CASABLANCA,Carte,,
CMD14929,CL0355,P087,2024-03-18,1,1386.49,KO,TANGER,Carte,LIV4,
CMD08893,CL0076,P076,Jan 15 2023,3,2205.98,KO,marrakech,Carte,LIV9,
CMD04613,CL0569,P051,17/04/2024,5,1409.69,en_cours,marrakech,Carte,LIV1,
CMD04034,CL0069,P030,Jan 10 2024,1,2905.79,livré,CASABLANCA,Carte,LIV3,2024-01-14
CMD21053,CL0217,P054,04/08/2023,1,1118.3,livré,TANGER,Carte,LIV6,2023-08-07
CMD42931,CL0547,P046,2023-03-19,5,435.69,annulé,marrakech,Carte,LIV7,
CMD17867,CL0838,P080,2023-02-20,4,3128.48,livré,TNG,Carte,LIV10,2023-02-22
CMD09815,CL0081,P089,2023-10-13,1,262.48,annulé,TANGER,Carte,LIV9,
CMD18604,CL0965,P059,Mar 19 2023,4,4145.96,DONE,CASABLANCA,Carte,LIV1,2023-03-20
CMD36795,CL0320,P009,2024-01-22,5,3834.69,en_cours,TANGER,Carte,,
CMD22346,CL0632,P005,04/05/2024,3,3450.56,retourné,Tnja,Carte,LIV6,2024-05-09
CMD21930,CL0341,P095,2023-10-26,3,2608.21,en_cours,casa,Carte,LIV1,
CMD44121,CL0198,P081,02/09/2023,2,1658.67,en_cours,Tnja,Carte,LIV1,
CMD10028,CL0178,P082,Dec 08 2023,3,3038.4,livré,Tnja,Carte,LIV5,2023-12-09
CMD40420,CL0297,P073,Apr 07 2024,1,4493.85,livre,casa,Carte,LIV6,
CMD11816,CL0246,P077,2023-07-14,3,3880.29,LIVRE,kech,Carte,LIV8,2023-07-17
CMD41815,CL0920,P018,May 09 2023,1,4259.65,livré,kech,Carte,LIV10,2023-05-11
CMD14131,CL0478,P053,07/02/2024,1,0,LIVRE,Tnja,Carte,LIV9,2024-02-08
CMD37240,CL0894,P073,08/02/2023,3,1157.88,KO,TNG,Carte,LIV9,
CMD40549,CL0515,P002,30/05/2023,3,411.3,livre,Tnja,Carte,LIV8,
CMD17224,CL0887,P031,24/05/2023,1,2092.88,LIVRE,tanger,Carte,LIV2,2023-05-25
CMD39337,CL0823,P059,03/03/2023,5,692.83,livré,casa,Carte,,2023-03-04
CMD10839,CL0698,P078,09/09/2023,3,553.51,en_cours,CASABLANCA,Carte,LIV8,
CMD20090,CL0782,P003,Jul 06 2023,2,3657.47,retourné,RBA,Carte,LIV6,2023-07-11
CMD42180,CL0728,P076,Jun 26 2023,2,1138.77,livré,TANGER,Carte,LIV9,2023-06-30
CMD12368,CL0360,P074,Mar 11 2023,1,2516.73,DONE,RBA,Carte,LIV1,2023-03-14
CMD10912,CL0914,P031,Oct 08 2023,2,1153.98,livre,Agadir,Carte,LIV4,
CMD04167,CL0908,P022,09/09/2023,1,0,livré,casa,Carte,LIV7,2023-09-12
CMD10870,CL0503,P070,Dec 09 2023,1,4037.99,livre,TNG,Carte,LIV5,
CMD06789,CL0693,P027,23/04/2024,4,2718.37,livré,kech,Carte,LIV1,2024-04-26
CMD04218,CL0807,P079,26/10/2023,1,2578.23,KO,RBA,Carte,LIV3,
CMD04303,CL0742,P030,May 10 2023,4,1826.18,LIVRE,kech,Carte,LIV3,2023-05-13
CMD44332,CL0268,P035,Sep 29 2023,5,1635.94,LIVRE,Agadir,Carte,LIV7,2023-10-02
CMD45913,CL0672,P049,2023-06-28,-1,504.63,livré,kech,Carte,,2023-07-03
CMD11641,CL0554,P033,Jul 14 2023,3,3802.93,OK,kech,Carte,,
CMD48127,CL0350,P085,Sep 01 2023,2,2459.65,retourné,TNG,Carte,LIV4,2023-09-06
CMD44812,CL0440,P040,21/07/2023,4,2697.42,en_cours,Agadir,Carte,LIV1,
CMD00201,CL0140,P037,05/04/2024,2,377.23,livré,RBA,Carte,LIV9,2024-04-10
CMD32256,CL0804,P099,2023-01-21,1,1767.31,OK,TANGER,Carte,LIV1,
CMD21786,CL0656,P022,Dec 21 2023,3,3481.4,annulé,Tnja,Carte,LIV10,
CMD46280,CL0428,P035,2023-07-11,3,476.01,retourné,Tnja,Carte,LIV2,2023-07-13
CMD41576,CL0431,P094,Sep 17 2023,3,3584.38,OK,casa,Carte,LIV3,
CMD15047,CL0026,P011,2024-01-22,1,2527.19,livré,TANGER,Carte,LIV9,2024-01-26
CMD26726,CL0035,P074,2023-07-23,4,490.1,livré,marrakech,Carte,LIV9,2023-07-24
CMD35455,CL0117,P078,Mar 31 2023,3,2248.94,en_cours,kech,Carte,LIV3,
CMD42861,CL0402,P025,2024-03-30,1,120.89,retourné,Tnja,Carte,,2024-04-04
CMD04396,CL0536,P063,2023-10-10,1,4869.87,en_cours,Tnja,Carte,LIV9,
CMD31521,CL0866,P028,18/11/2023,1,4490.54,annulé,TNG,Carte,LIV2,
CMD40138,CL0284,P080,12/10/2023,5,2592.38,OK,TANGER,Carte,LIV2,
CMD02086,CL0718,P088,2023-11-29,1,4792.44,annulé,TNG,Carte,LIV8,
CMD23192,CL0067,P080,27/02/2024,3,4547.48,livré,casa,Carte,LIV7,2024-03-03
CMD15737,CL0166,P056,Apr 30 2024,5,1238.88,livre,TNG,Carte,,
CMD10519,CL0141,P036,03/02/2024,3,275.49,KO,CASABLANCA,Carte,LIV7,
CMD07804,CL0181,P024,2023-07-25,4,2739.08,livré,Tnja,Carte,LIV5,2023-07-26
CMD46155,CL0581,P049,Feb 03 2024,1,0,LIVRE,TNG,Carte,LIV4,2024-02-05
CMD27768,CL0754,P040,03/02/2023,3,2984.86,livré,kech,Carte,LIV4,2023-02-06
CMD30888,CL0632,P006,Oct 16 2023,2,211.91,DONE,CASABLANCA,Carte,LIV6,2023-10-21
CMD25844,CL0428,P066,2023-08-04,4,4251.14,KO,kech,Carte,LIV7,
CMD41719,CL0529,P034,2023-12-02,3,0,KO,tanger,Carte,LIV10,
CMD12046,CL0698,P007,09/01/2023,4,1929.05,en_cours,casa,Carte,LIV1,
CMD22949,CL0578,P089,2024-04-05,4,4273.97,DONE,casa,Carte,LIV8,2024-04-09
CMD33879,CL0699,P079,Apr 12 2024,2,2981.47,livré,kech,Carte,LIV8,2024-04-15
CMD18373,CL0337,P100,2024-04-18,5,4930.42,KO,Tnja,Carte,LIV5,
CMD32342,CL0220,P080,Aug 31 2023,2,3043.47,KO,RBA,Carte,LIV1,
CMD07605,CL0754,P067,15/06/2023,5,4055.09,livré,Agadir,Carte,LIV8,2023-06-19
CMD07452,CL0799,P046,23/05/2023,1,3054.85,livré,TNG,Carte,LIV4,2023-05-27
CMD15131,CL0264,P063,Apr 13 2023,3,1839.96,livré,Tnja,Carte,LIV2,2023-04-15
CMD10801,CL0021,P061,15/04/2023,4,698.07,OK,marrakech,Carte,LIV6,
CMD40253,CL0123,P013,2023-10-22,1,2888.97,KO,casa,Carte,LIV5,
CMD33297,CL0631,P071,2023-06-10,4,3727.84,annulé,Tnja,Carte,LIV3,
CMD02060,CL0108,P078,2023-12-01,2,4893.45,annulé,kech,Carte,LIV5,
CMD07351,CL0818,P039,Jun 11 2023,2,3725.89,retourné,TNG,Carte,LIV10,2023-06-16
CMD09646,CL0631,P008,Feb 26 2023,3,1170.39,LIVRE,TNG,Carte,LIV2,2023-02-27
CMD37955,CL0088,P023,Nov 24 2023,5,909.62,en_cours,Tnja,Carte,LIV6,
CMD40298,CL0353,P038,Mar 04 2024,3,2454.21,livre,tanger,Carte,LIV4,
CMD32145,CL0687,P040,03/05/2024,4,3205.82,annulé,kech,Carte,LIV2,
CMD23771,CL0035,P075,17/02/2023,4,1942.59,OK,marrakech,Carte,LIV6,
CMD03552,CL0957,P031,04/01/2024,4,4448.46,en_cours,Tnja,Carte,LIV4,
CMD26472,CL0398,P065,2024-02-06,5,3206.71,en_cours,Agadir,Carte,LIV1,
CMD13084,CL0626,P011,Apr 23 2023,3,1488.48,livré,TNG,Carte,LIV9,2023-04-27
CMD33198,CL0733,P037,2024-02-24,3,625.54,OK,tanger,Carte,LIV10,
CMD21439,CL0491,P076,2023-12-23,3,3165.6,KO,Agadir,Carte,LIV9,
CMD33083,CL0172,P005,2023-07-04,4,3779.41,KO,Tnja,Carte,LIV6,
CMD16776,CL0965,P078,28/04/2023,2,4566.36,livré,Agadir,Carte,LIV3,2023-05-02
CMD33501,CL0052,P077,10/04/2023,1,0,LIVRE,casa,Carte,LIV10,2023-04-14
CMD20012,CL0540,P098,2024-02-11,3,2093.45,KO,casa,Carte,LIV5,
CMD30844,CL0785,P022,30/03/2023,2,1437.03,retourné,marrakech,Carte,LIV8,2023-04-02
CMD22499,CL0731,P018,2023-07-07,4,2007.15,LIVRE,TANGER,Carte,LIV5,2023-07-10
CMD38657,CL0805,P021,Mar 01 2023,2,2253.03,retourné,RBA,Carte,LIV2,2023-03-03
CMD03397,CL0801,P011,2023-12-23,5,1090.03,LIVRE,Tnja,Carte,LIV5,2023-12-26
CMD47317,CL0244,P039,Aug 19 2023,5,741.52,livré,tanger,Carte,LIV7,2023-08-23
CMD31162,CL0549,P023,02/04/2024,1,4936.34,en_cours,marrakech,Carte,LIV4,
CMD00852,CL0125,P071,Dec 03 2023,3,375.58,livré,RBA,Carte,,2023-12-05
CMD39449,CL0866,P079,2024-03-13,2,318.71,livre,TANGER,Carte,LIV9,
CMD36461,CL0971,P016,Feb 04 2024,2,108.94,livré,Tnja,Carte,LIV5,2024-02-07
CMD37497,CL0718,P084,24/01/2024,2,2915.04,retourné,CASABLANCA,Carte,LIV10,2024-01-28
CMD02075,CL0517,P031,18/11/2023,1,2844.23,DONE,marrakech,Carte,LIV1,2023-11-20
CMD32218,CL0356,P076,Feb 02 2024,3,3929.83,en_cours,Agadir,Carte,LIV9,
CMD36808,CL0587,P054,2023-07-27,2,2962.74,livre,kech,Carte,LIV1,
CMD11578,CL0182,P063,2023-03-16,3,3376.32,annulé,Tnja,Carte,LIV9,
CMD33615,CL0630,P069,07/10/2023,4,2146.76,annulé,Agadir,Carte,LIV2,
CMD32044,CL0251,P060,14/07/2023,3,3333.89,KO,casa,Carte,LIV1,
CMD03532,CL0832,P083,05/12/2023,3,666.87,livré,kech,Carte,LIV10,2023-12-09
CMD11547,CL0045,P067,18/12/2023,3,494.02,KO,tanger,Carte,LIV10,
CMD08951,CL0124,P059,2023-06-08,3,200.9,LIVRE,TNG,Carte,LIV10,2023-06-10
CMD05721,CL0212,P063,Mar 09 2024,3,3655.96,retourné,Tnja,Carte,LIV8,2024-03-13
CMD47165,CL0654,P058,03/12/2023,1,4899.76,en_cours,RBA,Carte,LIV9,
CMD11764,CL0580,P065,May 30 2023,5,0,livré,casa,Carte,LIV9,2023-06-02
CMD43794,CL0274,P034,Feb 16 2024,4,938.1,livré,TNG,Carte,LIV3,2024-02-18
CMD41972,CL0586,P076,Oct 12 2023,1,1754.99,LIVRE,CASABLANCA,Carte,LIV10,2023-10-17
CMD14068,CL0188,P079,Feb 18 2024,5,4138.51,retourné,casa,Carte,LIV7,2024-02-19
CMD09882,CL0315,P093,2023-10-09,1,1218.09,livré,RBA,Carte,LIV7,2023-10-11
CMD41155,CL0067,P088,2024-03-16,1,1185.99,livré,tanger,Carte,LIV1,2024-03-19
CMD03758,CL0144,P074,14/01/2024,3,221.83,DONE,marrakech,Carte,,2024-01-16
CMD16882,CL0384,P069,2023-06-05,1,888.7,annulé,TNG,Carte,LIV7,
CMD11296,CL0420,P094,10/02/2023,1,3387.44,livré,TNG,Carte,,2023-02-13
CMD14235,CL0569,P091,2023-10-24,4,1599.51,annulé,CASABLANCA,Carte,LIV6,
CMD33906,CL0979,P025,2024-03-20,2,4980.45,KO,TANGER,Carte,LIV5,
CMD16985,CL0236,P053,Feb 04 2023,4,4173.8,livré,tanger,Carte,LIV9,2023-02-06
CMD21501,CL0040,P002,2024-02-29,5,2543.76,retourné,marrakech,Carte,LIV9,2024-03-01
CMD32042,CL0863,P049,10/11/2023,2,563.17,DONE,CASABLANCA,Carte,LIV5,2023-11-12
CMD23143,CL0344,P067,2023-06-07,5,4234.79,retourné,marrakech,Carte,LIV1,2023-06-09
CMD47962,CL0735,P005,04/02/2024,4,704.49,KO,tanger,Carte,LIV7,
CMD25612,CL0919,P069,Jul 21 2023,4,4377.64,OK,TANGER,Carte,LIV10,
CMD33967,CL0322,P007,Jan 02 2023,4,1322.41,livré,kech,Carte,LIV6,2023-01-03
CMD22086,CL0888,P008,Apr 16 2024,3,1707.92,DONE,TANGER,Carte,,2024-04-19
CMD23519,CL0591,P014,08/02/2023,4,983.65,LIVRE,CASABLANCA,Carte,LIV5,2023-02-13
CMD03627,CL0934,P074,2023-12-24,-1,2860.04,livré,marrakech,Carte,LIV10,2023-12-28
CMD09522,CL0660,P079,02/01/2024,1,82.75,retourné,CASABLANCA,Carte,LIV10,2024-01-05
CMD13457,CL0813,P063,19/07/2023,2,2015.0,livré,Agadir,Carte,LIV10,2023-07-23
CMD04041,CL0810,P098,25/04/2024,1,205.6,en_cours,TNG,Carte,LIV1,
CMD07882,CL0568,P080,2023-10-24,3,4291.58,DONE,Agadir,Carte,LIV3,2023-10-27
CMD35394,CL0027,P009,Jun 08 2023,4,0,OK,tanger,Carte,LIV10,
CMD35248,CL0085,P050,2024-02-07,1,2910.68,livré,kech,Carte,,2024-02-10
CMD33019,CL0639,P020,2024-03-25,2,4276.56,DONE,marrakech,Carte,LIV1,2024-03-27
CMD34851,CL0143,P072,Mar 04 2024,3,3882.06,OK,kech,Carte,LIV2,
CMD18217,CL0890,P089,Jul 01 2023,1,490.9,en_cours,TNG,Carte,LIV7,
CMD07678,CL0381,P037,2023-03-12,3,1702.46,retourné,TANGER,Carte,LIV4,2023-03-15
CMD32473,CL0811,P047,Nov 20 2023,3,4540.69,retourné,RBA,Carte,LIV7,2023-11-24
CMD15755,CL0236,P073,2024-05-08,1,3775.2,annulé,Agadir,Carte,LIV4,
CMD22510,CL0556,P051,2023-12-10,5,3482.16,livré,casa,Carte,LIV1,2023-12-15
CMD20526,CL0147,P060,Jul 28 2023,4,2396.6,livré,tanger,Carte,LIV1,2023-08-02
CMD45101,CL0338,P037,06/05/2023,2,2207.03,LIVRE,casa,Carte,LIV10,2023-05-10
CMD40250,CL0943,P080,2023-02-20,4,2649.11,livre,tanger,Carte,LIV1,
CMD15904,CL0018,P044,27/03/2024,3,3067.28,livre,tanger,Carte,LIV8,
CMD09663,CL0841,P015,May 14 2024,5,3792.52,en_cours,casa,Carte,LIV8,
CMD23100,CL0615,P082,2023-06-16,3,873.02,livré,TNG,Carte,,2023-06-20
CMD38114,CL0059,P020,21/12/2023,1,1509.2,en_cours,CASABLANCA,Carte,LIV8,
CMD36373,CL0228,P075,11/04/2023,3,1925.57,retourné,TANGER,Carte,LIV7,2023-04-12
CMD14704,CL0624,P016,Nov 02 2023,-1,2547.59,retourné,Agadir,Carte,,2023-11-04
CMD09861,CL0527,P034,04/11/2023,4,2396.33,DONE,tanger,Carte,LIV1,2023-11-08
CMD42218,CL0664,P007,Apr 17 2023,2,2273.86,retourné,marrakech,Carte,LIV4,2023-04-22
CMD41916,CL0918,P071,Jan 11 2024,4,4261.87,KO,casa,Carte,LIV3,
CMD37272,CL0159,P023,Jan 15 2023,3,1424.03,livre,casa,Carte,LIV3,
CMD19295,CL0099,P013,2023-05-24,4,3615.62,en_cours,CASABLANCA,Carte,LIV9,
CMD23767,CL0483,P046,Aug 27 2023,3,1204.26,KO,Agadir,Carte,LIV4,
CMD19991,CL0734,P035,May 26 2023,3,287.58,en_cours,RBA,Carte,LIV5,
CMD39328,CL0681,P037,2023-04-19,5,4563.14,livré,RBA,Carte,LIV2,2023-04-20
CMD16502,CL0256,P084,25/01/2023,2,3787.64,livré,tanger,Carte,LIV1,2023-01-28
CMD07241,CL0179,P012,11/04/2023,3,2583.01,retourné,marrakech,Carte,LIV6,2023-04-16
CMD04964,CL0590,P089,Mar 06 2024,4,1931.32,DONE,casa,Carte,LIV3,2024-03-09
CMD48310,CL0611,P086,Oct 06 2023,4,2401.45,DONE,CASABLANCA,Carte,LIV9,2023-10-10
CMD11773,CL0346,P010,Aug 19 2023,4,4086.69,livré,kech,Carte,LIV5,2023-08-20
CMD36987,CL0379,P010,Apr 05 2024,4,4971.21,livré,Tnja,Carte,LIV2,2024-04-09
CMD17810,CL0664,P078,Apr 20 2024,1,3229.55,retourné,RBA,Carte,LIV6,2024-04-24
CMD37653,CL0211,P075,Jun 13 2023,2,4320.88,annulé,kech,Carte,LIV7,
CMD24255,CL0824,P004,2023-07-03,3,716.17,retourné,CASABLANCA,Carte,LIV9,2023-07-07
CMD13036,CL0029,P039,13/05/2023,2,3868.29,DONE,TANGER,Carte,LIV9,2023-05-15
CMD06014,CL0192,P048,13/12/2023,2,4282.62,livré,tanger,Carte,,2023-12-15
CMD26757,CL0453,P037,14/04/2024,3,4288.9,livré,kech,Carte,,2024-04-16
CMD09700,CL0980,P057,Apr 22 2024,4,456.91,livre,casa,Carte,LIV5,
CMD09393,CL0753,P061,Feb 13 2024,1,2823.82,livré,marrakech,Carte,LIV9,2024-02-15
CMD00901,CL0824,P006,15/09/2023,1,154.43,livré,casa,Carte,LIV7,2023-09-19
CMD43287,CL0735,P070,2023-06-04,1,2742.5,en_cours,RBA,Carte,LIV3,
CMD08872,CL0614,P073,03/02/2024,3,4795.98,livré,TNG,Carte,LIV8,2024-02-04
CMD00393,CL0173,P093,2023-04-12,4,3153.18,livré,TANGER,Carte,LIV6,2023-04-14
CMD25734,CL0588,P075,Dec 14 2023,5,1186.63,annulé,CASABLANCA,Carte,LIV9,
CMD18062,CL0326,P071,Jan 30 2024,2,3659.81,livré,TNG,Carte,LIV1,2024-02-02
CMD07937,CL0435,P034,Feb 08 2024,2,3728.22,DONE,TNG,Carte,LIV1,2024-02-13
CMD31808,CL0067,P020,20/03/2023,4,2216.51,OK,TANGER,Carte,LIV6,
CMD39228,CL0527,P024,Sep 26 2023,3,2388.13,livré,CASABLANCA,Carte,LIV5,2023-09-30
CMD16625,CL0626,P016,2023-03-09,5,1542.11,livré,casa,Carte,LIV10,2023-03-13
CMD43315,CL0369,P084,2023-08-09,2,4642.5,LIVRE,Tnja,Carte,LIV8,2023-08-13
CMD27898,CL0653,P056,04/10/2023,5,2227.89,LIVRE,tanger,Carte,LIV10,2023-10-05
CMD28201,CL0055,P072,Feb 13 2023,3,1296.61,livré,Agadir,Carte,LIV3,2023-02-18
CMD06492,CL0534,P069,Oct 06 2023,3,1397.45,DONE,kech,Carte,LIV2,2023-10-07
CMD38484,CL0163,P078,27/04/2024,5,1438.8,DONE,marrakech,Carte,LIV10,2024-04-29
CMD08552,CL0367,P060,2024-02-27,2,1745.99,KO,TNG,Carte,LIV5,
CMD09232,CL0827,P055,2023-12-19,3,4317.04,KO,Tnja,Carte,LIV10,
CMD45494,CL0820,P035,09/04/2023,4,3028.02,OK,RBA,Carte,LIV3,
CMD16959,CL0733,P058,08/03/2023,4,0,annulé,Tnja,Carte,LIV5,
CMD12709,CL0057,P059,Feb 07 2023,4,3089.24,KO,marrakech,Carte,LIV1,
CMD19707,CL0651,P081,27/09/2023,1,2483.3,KO,RBA,Carte,LIV7,
CMD00809,CL0806,P005,2024-04-30,4,2327.04,retourné,Agadir,Carte,LIV2,2024-05-05
CMD14314,CL0879,P095,01/02/2024,5,0,KO,tanger,Carte,LIV1,
CMD45705,CL0027,P037,2023-05-16,-1,3464.24,retourné,Agadir,Carte,LIV2,2023-05-19
CMD25266,CL0678,P059,Nov 26 2023,1,952.45,livré,Agadir,Carte,LIV5,2023-11-28
CMD20406,CL0762,P046,13/03/2024,1,3327.18,OK,marrakech,Carte,LIV5,
CMD07218,CL0516,P001,2023-10-31,4,4608.12,en_cours,casa,Carte,LIV2,
CMD29983,CL0978,P092,14/01/2023,1,489.58,livré,Agadir,Carte,LIV10,2023-01-15
CMD18475,CL0302,P024,Jan 16 2024,2,2382.33,livré,Agadir,Carte,LIV5,2024-01-20
CMD07178,CL0158,P029,Mar 20 2023,1,2341.63,en_cours,CASABLANCA,Carte,,
CMD23040,CL0898,P065,Mar 17 2024,1,2720.78,en_cours,Tnja,Carte,LIV8,
CMD07002,CL0062,P057,20/12/2023,2,3498.8,LIVRE,tanger,Carte,LIV7,2023-12-21
CMD37095,CL0935,P066,2023-08-04,5,597.54,livré,casa,Carte,LIV3,2023-08-06
CMD02458,CL0766,P083,2023-12-25,4,3982.58,livré,marrakech,Carte,LIV4,2023-12-30
CMD10166,CL0555,P080,Mar 08 2024,5,2104.67,livre,CASABLANCA,Carte,LIV8,
CMD03873,CL0683,P018,2023-10-01,2,1752.75,livré,tanger,Carte,LIV9,2023-10-02
CMD38091,CL0695,P098,01/08/2023,2,4850.79,LIVRE,Agadir,Carte,LIV3,2023-08-02
CMD33878,CL0009,P052,Jun 27 2023,-1,2640.4,livré,kech,Carte,LIV8,2023-07-01
CMD11363,CL0363,P056,27/02/2024,4,4264.74,annulé,Tnja,Carte,LIV1,
CMD04635,CL0500,P067,Mar 05 2023,1,4376.26,livre,Tnja,Carte,LIV2,
CMD47671,CL0021,P076,30/06/2023,4,3830.64,livré,TANGER,Carte,LIV10,2023-07-01
CMD33013,CL0170,P091,27/10/2023,5,1882.14,KO,Agadir,Carte,LIV4,
CMD08485,CL0869,P091,13/02/2024,4,4657.1,livré,Agadir,Carte,LIV9,2024-02-16
CMD04023,CL0477,P024,2023-12-16,5,1490.29,KO,CASABLANCA,Carte,LIV1,
CMD29901,CL0731,P004,Apr 25 2024,4,1746.03,en_cours,kech,Carte,LIV7,
CMD31121,CL0433,P071,Dec 01 2023,2,1469.96,livré,tanger,Carte,LIV8,2023-12-04
CMD09726,CL0235,P060,Jul 25 2023,4,2081.16,LIVRE,tanger,Carte,LIV4,2023-07-26
CMD29883,CL0634,P096,Nov 25 2023,5,1733.36,KO,casa,Carte,LIV3,
CMD30513,CL0185,P060,2023-08-22,3,3101.45,annulé,Tnja,Carte,LIV4,
CMD26957,CL0385,P077,13/03/2023,1,3131.62,LIVRE,TNG,Carte,LIV5,2023-03-15
CMD12506,CL0938,P046,11/02/2024,4,4935.98,OK,TNG,Carte,LIV7,
CMD22170,CL0034,P050,2024-04-13,2,861.32,DONE,tanger,Carte,LIV3,2024-04-17
CMD34058,CL0696,P043,03/01/2024,1,3347.72,annulé,tanger,Carte,LIV9,
CMD46604,CL0483,P019,May 26 2023,2,2624.91,livré,CASABLANCA,Carte,LIV10,2023-05-29
CMD33786,CL0242,P098,18/08/2023,3,3865.02,DONE,Tnja,Carte,LIV3,2023-08-21
CMD13409,CL0313,P052,Nov 28 2023,2,0,retourné,TNG,Carte,LIV7,2023-12-02
CMD25525,CL0019,P025,18/12/2023,2,2049.48,DONE,casa,Carte,LIV3,2023-12-21
CMD20199,CL0205,P034,29/10/2023,2,4403.38,LIVRE,marrakech,Carte,LIV8,2023-10-30
CMD33256,CL0749,P041,2023-02-20,5,229.88,livré,TANGER,Carte,LIV2,2023-02-22
CMD22808,CL0744,P081,Mar 18 2023,2,4977.25,annulé,TNG,Carte,LIV4,
CMD31904,CL0777,P097,15/03/2024,4,2961.27,OK,tanger,Carte,LIV8,
CMD25411,CL0714,P069,Nov 29 2023,4,3268.99,livré,Tnja,Carte,LIV2,2023-12-01
CMD17781,CL0141,P023,Jul 14 2023,3,4823.19,livré,TNG,Carte,LIV8,2023-07-19
CMD22061,CL0241,P035,01/08/2023,3,107.93,en_cours,CASABLANCA,Carte,LIV4,
CMD20054,CL0472,P035,05/01/2024,4,1934.3,en_cours,CASABLANCA,Carte,LIV2,
CMD44364,CL0539,P018,Jan 17 2023,4,1729.14,en_cours,TNG,Carte,LIV2,
CMD20357,CL0551,P031,2023-01-19,2,4788.03,KO,RBA,Carte,LIV3,
CMD42192,CL0683,P027,15/04/2024,3,3891.26,livré,tanger,Carte,LIV4,2024-04-18
CMD16685,CL0742,P038,2023-01-10,2,2203.69,livré,casa,Carte,,2023-01-12
CMD33753,CL0787,P083,2024-01-18,5,4408.57,KO,tanger,Carte,LIV9,
CMD04340,CL0748,P081,2023-04-03,5,2012.32,livre,kech,Carte,LIV10,
CMD28241,CL0804,P087,08/01/2023,2,863.04,annulé,tanger,Carte,,
CMD31270,CL0757,P030,Jan 11 2024,3,4993.39,en_cours,kech,Carte,LIV2,
CMD23974,CL0271,P005,Jul 26 2023,3,987.66,livré,casa,Carte,LIV1,2023-07-30
CMD35519,CL0010,P018,2023-09-28,4,1747.05,livré,CASABLANCA,Carte,LIV1,2023-09-30
CMD45191,CL0956,P014,21/02/2024,1,1878.28,livre,Agadir,Carte,LIV9,
CMD17984,CL0305,P001,Nov 03 2023,1,2010.97,retourné,Agadir,Carte,LIV7,2023-11-07
CMD02772,CL0029,P062,01/05/2023,4,3871.69,retourné,TANGER,Carte,LIV9,2023-05-03
CMD32068,CL0894,P018,2023-12-25,3,4742.98,annulé,Agadir,Carte,LIV4,
CMD44242,CL0911,P094,2024-04-01,2,1744.89,DONE,kech,Carte,LIV9,2024-04-03
CMD14806,CL0323,P058,2023-11-07,3,2228.05,livré,CASABLANCA,Carte,LIV9,2023-11-10
CMD46456,CL0782,P011,05/07/2023,1,3538.98,KO,marrakech,Carte,LIV9,
CMD27197,CL0303,P011,2023-03-31,1,4282.0,KO,TNG,Carte,LIV10,
CMD28499,CL0482,P060,18/04/2024,5,1986.75,retourné,marrakech,Carte,LIV3,2024-04-21
CMD25762,CL0889,P078,Aug 31 2023,5,529.0,livré,TNG,Carte,LIV1,2023-09-04
CMD15299,CL0184,P081,14/12/2023,3,4279.76,livre,Agadir,Carte,LIV9,
CMD03604,CL0108,P097,22/04/2023,2,2683.21,en_cours,Tnja,Carte,LIV4,
CMD11154,CL0875,P099,05/02/2024,4,0,livre,casa,Carte,LIV1,
CMD23333,CL0505,P037,06/08/2023,1,3615.99,KO,tanger,Carte,LIV4,
CMD23386,CL0043,P006,19/11/2023,5,2166.66,livré,Tnja,Carte,LIV8,2023-11-23
CMD05771,CL0214,P098,2023-10-11,4,519.53,livre,marrakech,Carte,LIV1,
CMD17829,CL0016,P087,2023-09-26,4,796.6,OK,RBA,Carte,,
CMD41651,CL0823,P025,Mar 19 2024,1,2688.67,livré,RBA,Carte,LIV1,2024-03-24
CMD00170,CL0874,P003,May 20 2023,2,4790.79,OK,casa,Carte,LIV8,
CMD30029,CL0049,P006,18/03/2024,4,1442.0,LIVRE,CASABLANCA,Carte,LIV8,2024-03-21
CMD44208,CL0087,P073,2023-03-12,3,861.03,DONE,CASABLANCA,Carte,LIV4,2023-03-13
CMD12460,CL0276,P089,2023-02-10,1,2330.63,annulé,Tnja,Carte,LIV2,
CMD34315,CL0746,P087,2023-10-16,5,68.11,LIVRE,tanger,Carte,LIV7,2023-10-19
CMD20672,CL0807,P016,23/04/2023,3,1098.99,annulé,casa,Carte,LIV8,
CMD17259,CL0451,P002,02/05/2023,3,870.97,LIVRE,Agadir,Carte,LIV1,2023-05-04
CMD45233,CL0404,P074,2023-08-18,3,4279.37,livre,Tnja,Carte,LIV2,
CMD00289,CL0596,P066,02/04/2023,3,353.35,livré,casa,Carte,LIV7,2023-04-06
CMD22316,CL0383,P027,2023-08-20,5,3237.82,livré,marrakech,Carte,LIV8,2023-08-25
CMD22601,CL0721,P007,02/04/2024,3,928.7,retourné,casa,Carte,LIV3,2024-04-03
CMD11036,CL0383,P052,Jul 14 2023,5,4511.69,LIVRE,casa,Carte,LIV6,2023-07-19
CMD19814,CL0519,P088,2023-05-07,2,4634.75,LIVRE,casa,Carte,LIV7,2023-05-09
CMD23383,CL0107,P053,26/02/2023,2,3404.1,livré,kech,Carte,LIV1,2023-03-02
CMD42823,CL0127,P087,Mar 31 2023,4,3828.03,LIVRE,casa,Carte,LIV9,2023-04-03
CMD02152,CL0150,P068,10/07/2023,5,1900.51,livré,CASABLANCA,Carte,LIV10,2023-07-12
CMD40188,CL0686,P008,Jul 07 2023,4,4316.15,LIVRE,tanger,Carte,LIV8,2023-07-11
CMD44400,CL0658,P072,2023-07-23,1,2395.09,annulé,kech,Carte,,
CMD23332,CL0927,P014,2023-01-14,1,4567.6,livré,Tnja,Carte,,2023-01-16
CMD07818,CL0654,P063,Oct 01 2023,5,2112.9,livre,Agadir,Carte,LIV10,
CMD13564,CL0014,P079,Dec 20 2023,4,4939.33,annulé,casa,Carte,,
CMD32644,CL0448,P026,Feb 07 2024,4,3481.18,livré,Agadir,Carte,LIV2,2024-02-11
CMD25532,CL0324,P049,2023-08-12,3,4092.21,OK,tanger,Carte,LIV10,
CMD13521,CL0766,P079,2023-05-26,5,1976.44,KO,RBA,Carte,LIV1,
CMD15341,CL0092,P076,2023-09-04,1,188.48,livré,Tnja,Carte,LIV3,2023-09-07
CMD12789,CL0283,P043,2023-10-31,1,4517.69,DONE,TANGER,Carte,LIV8,2023-11-04
CMD35008,CL0811,P047,07/04/2023,5,3424.99,LIVRE,marrakech,Carte,LIV6,2023-04-12
CMD10692,CL0662,P097,Apr 23 2023,3,436.14,en_cours,kech,Carte,,
CMD06866,CL0816,P075,Oct 14 2023,3,895.17,livré,Tnja,Carte,LIV9,2023-10-19
CMD06769,CL0643,P072,2023-08-13,1,4071.3,KO,TNG,Carte,LIV5,
CMD28939,CL0149,P087,22/04/2023,2,4958.81,retourné,Tnja,Carte,LIV4,2023-04-23
CMD34436,CL0338,P065,Jun 13 2023,3,1549.2,retourné,casa,Carte,LIV6,2023-06-14
CMD32191,CL0471,P040,25/08/2023,5,3367.56,livré,Tnja,Carte,LIV4,2023-08-27
CMD04800,CL0646,P033,31/03/2024,5,1350.03,retourné,casa,Carte,LIV6,2024-04-01
CMD44767,CL0254,P027,2023-12-21,5,2668.42,livré,tanger,Carte,LIV10,2023-12-24
CMD05570,CL0059,P063,05/10/2023,3,3051.94,livré,TANGER,Carte,LIV9,2023-10-10
CMD36216,CL0685,P053,11/05/2023,4,1734.54,livré,TANGER,Carte,LIV2,2023-05-14
CMD07800,CL0766,P019,24/12/2023,3,847.54,DONE,Agadir,Carte,LIV1,2023-12-29
CMD38052,CL0934,P084,26/01/2024,4,1746.63,LIVRE,RBA,Carte,,2024-01-30
CMD11216,CL0995,P013,2024-01-02,5,2111.41,livré,casa,Carte,LIV7,2024-01-03
CMD44191,CL0851,P078,Nov 15 2023,4,4490.23,annulé,CASABLANCA,Carte,LIV7,
CMD39682,CL0709,P075,Jun 25 2023,5,1141.27,annulé,Tnja,Carte,LIV6,
CMD32360,CL0178,P029,07/11/2023,3,3721.83,LIVRE,kech,Carte,LIV5,2023-11-10
CMD22257,CL0927,P013,07/12/2023,2,934.18,annulé,casa,Carte,LIV6,
CMD31188,CL0604,P039,Apr 28 2023,2,4305.53,en_cours,RBA,Carte,LIV4,
CMD42944,CL0963,P076,2023-10-28,5,3519.92,livré,tanger,Carte,LIV9,2023-10-29
CMD44414,CL0444,P098,2023-06-20,2,1893.02,livre,casa,Carte,LIV2,
CMD08374,CL0594,P004,2024-04-26,4,4129.57,livré,tanger,Carte,LIV2,2024-04-28
CMD37905,CL0184,P027,31/07/2023,4,1871.45,annulé,Agadir,Carte,LIV6,
CMD12603,CL0871,P020,2023-05-22,2,2790.67,retourné,marrakech,Carte,LIV7,2023-05-23
CMD23364,CL0561,P055,13/09/2023,4,3179.97,OK,kech,Carte,LIV2,
CMD09461,CL0112,P073,Apr 29 2023,5,3898.32,annulé,RBA,Carte,,
CMD40220,CL0900,P022,2023-08-06,5,1937.1,KO,kech,Carte,LIV1,
CMD31478,CL0751,P097,2023-12-07,3,84.25,retourné,kech,Carte,LIV2,2023-12-11
CMD00628,CL0819,P081,Dec 17 2023,5,3987.63,DONE,TANGER,Carte,LIV3,2023-12-19
CMD31943,CL0348,P087,27/03/2023,3,1288.09,annulé,RBA,Carte,LIV1,
CMD33815,CL0264,P079,Jun 05 2023,3,3379.24,en_cours,casa,Carte,LIV6,
CMD30761,CL0293,P019,2024-01-16,2,1030.55,KO,Agadir,Carte,LIV3,
CMD22929,CL0548,P029,2023-02-17,5,872.64,retourné,tanger,Carte,LIV3,2023-02-18
CMD35180,CL0944,P091,May 15 2024,1,794.86,en_cours,casa,Carte,LIV7,
CMD16168,CL0717,P061,Jun 08 2023,4,115.41,OK,Tnja,Carte,LIV8,
CMD37118,CL0209,P015,2023-05-15,1,176.91,OK,TANGER,Carte,LIV7,
CMD01587,CL0169,P067,2024-03-20,1,4439.4,retourné,casa,Carte,LIV5,2024-03-21
CMD32441,CL0745,P042,2023-09-14,1,521.57,livre,marrakech,Carte,LIV1,
CMD28235,CL0631,P048,12/03/2023,5,3127.61,livré,Tnja,Carte,LIV4,2023-03-13
CMD29200,CL0967,P003,2024-01-13,5,53.9,DONE,casa,Carte,LIV8,2024-01-15
CMD45826,CL0272,P039,Sep 03 2023,1,3302.96,livre,kech,Carte,LIV5,
CMD07904,CL0658,P049,2024-05-08,4,3241.69,livre,RBA,Carte,LIV10,
CMD07899,CL0731,P012,May 31 2023,1,2810.69,livré,Agadir,Carte,LIV7,2023-06-04
CMD46991,CL0006,P079,Nov 26 2023,1,2628.01,KO,marrakech,Carte,LIV5,
CMD29850,CL0679,P055,2023-05-24,5,2125.67,livré,casa,Carte,LIV4,2023-05-26
CMD17357,CL0130,P055,May 11 2023,3,777.14,DONE,kech,Carte,LIV8,2023-05-15
CMD47501,CL0319,P043,Apr 24 2024,5,4769.5,OK,RBA,Carte,LIV5,
CMD14313,CL0619,P058,2024-03-22,2,4590.72,DONE,TANGER,Carte,LIV4,2024-03-24
CMD26965,CL0378,P025,2024-04-17,1,411.44,livré,TNG,Carte,LIV1,2024-04-20
CMD07745,CL0350,P035,Jul 29 2023,4,4960.84,livré,RBA,Carte,LIV5,2023-07-30
CMD47239,CL0114,P010,2023-08-22,2,4271.11,OK,CASABLANCA,Carte,LIV2,
CMD33956,CL0442,P033,04/02/2023,2,4315.11,DONE,casa,Carte,LIV2,2023-02-06
CMD27005,CL0159,P079,2023-08-13,4,4507.32,KO,casa,Carte,LIV1,
CMD11936,CL0540,P078,Mar 22 2023,1,3367.46,DONE,kech,Carte,LIV4,2023-03-26
CMD30931,CL0016,P005,2024-03-12,2,760.87,KO,TNG,Carte,LIV4,
CMD09819,CL0055,P088,2023-10-31,1,1302.49,annulé,RBA,Carte,LIV9,
CMD01988,CL1000,P062,May 23 2023,5,4586.65,annulé,casa,Carte,LIV3,
CMD14833,CL0457,P091,2023-05-30,1,1021.27,livré,casa,Carte,LIV5,2023-06-02
CMD38257,CL0191,P075,13/10/2023,2,4712.33,DONE,RBA,Carte,LIV6,2023-10-16
CMD32078,CL0805,P078,2023-07-12,4,2358.91,LIVRE,marrakech,Carte,LIV5,2023-07-13
CMD26509,CL0107,P090,2024-04-21,5,4092.09,annulé,Tnja,Carte,LIV4,
CMD29964,CL0550,P063,2023-08-03,5,2800.81,livré,kech,Carte,LIV10,2023-08-04
CMD42712,CL0743,P068,14/11/2023,3,1491.08,annulé,RBA,Carte,LIV5,
CMD21675,CL0826,P021,Nov 11 2023,1,1720.7,retourné,Tnja,Carte,LIV8,2023-11-14
CMD28765,CL0163,P037,17/04/2024,4,4651.01,retourné,CASABLANCA,Carte,LIV2,2024-04-18
CMD41464,CL0470,P027,Feb 17 2024,1,4895.97,en_cours,kech,Carte,LIV9,
CMD00742,CL0276,P051,Apr 18 2023,5,0,livre,TANGER,Carte,LIV3,
CMD32900,CL0985,P078,Mar 27 2024,5,196.49,en_cours,RBA,Carte,LIV8,
CMD36631,CL0068,P100,2023-08-14,3,3866.14,annulé,Agadir,Carte,LIV3,
CMD45066,CL0141,P050,2024-02-08,2,4700.99,livre,Tnja,Carte,LIV7,
CMD34584,CL0415,P056,2024-05-08,2,3328.45,annulé,kech,Carte,,
CMD40365,CL0817,P092,Feb 05 2024,4,92.29,en_cours,kech,Carte,LIV7,
CMD11488,CL0498,P068,2024-02-04,1,275.4,livré,RBA,Carte,LIV7,2024-02-08
CMD00973,CL0684,P003,Dec 30 2023,5,1624.0,livré,tanger,Carte,LIV6,2024-01-04
CMD10564,CL0159,P045,14/04/2024,3,3997.99,DONE,casa,Carte,LIV1,2024-04-17
CMD31537,CL0970,P056,16/09/2023,4,2009.75,annulé,TANGER,Carte,LIV2,
CMD22448,CL0191,P062,30/03/2023,4,2548.65,retourné,Tnja,Carte,LIV3,2023-04-02
CMD06373,CL0614,P047,May 06 2023,5,3148.31,livré,tanger,Carte,LIV9,2023-05-08
CMD12596,CL0259,P065,2023-02-04,2,1158.99,livré,casa,Carte,LIV5,2023-02-05
CMD45462,CL0620,P097,Jan 25 2024,4,582.47,retourné,Tnja,Carte,LIV3,2024-01-29
CMD18612,CL0405,P028,2024-01-12,5,849.2,annulé,RBA,Carte,,
CMD45561,CL0196,P003,Jan 21 2023,3,3145.38,livré,RBA,Carte,LIV3,2023-01-25
CMD34577,CL0421,P076,2024-01-02,1,3304.79,livré,CASABLANCA,Carte,LIV3,2024-01-03
CMD06930,CL0918,P057,2023-12-01,3,2694.64,retourné,CASABLANCA,Carte,LIV4,2023-12-05
CMD06060,CL0468,P057,Nov 14 2023,4,1820.2,OK,CASABLANCA,Carte,LIV9,
CMD44481,CL0462,P063,Oct 25 2023,3,2655.26,en_cours,Tnja,Carte,,
CMD06688,CL0268,P060,2023-11-12,4,3616.67,livré,tanger,Carte,LIV3,2023-11-16
CMD03255,CL0638,P023,25/12/2023,2,2530.91,livré,CASABLANCA,Carte,LIV6,2023-12-28
CMD05747,CL0474,P058,2023-12-25,2,338.88,livré,Agadir,Carte,LIV10,2023-12-29
CMD01194,CL0455,P080,05/07/2023,3,380.01,livré,Tnja,Carte,LIV8,2023-07-07
CMD03056,CL0558,P097,Feb 14 2024,3,1431.96,livré,TNG,Carte,LIV5,2024-02-16
CMD20235,CL0219,P052,May 13 2023,2,112.67,annulé,TANGER,Carte,LIV8,
CMD43252,CL0357,P079,Apr 29 2024,5,1926.43,KO,CASABLANCA,Carte,LIV3,
CMD16581,CL0893,P065,04/05/2024,3,4791.81,OK,tanger,Carte,LIV4,
CMD25369,CL0875,P057,Jan 19 2024,5,1562.21,livré,casa,Carte,LIV7,2024-01-23
CMD24895,CL0147,P021,2023-06-23,4,4674.32,OK,RBA,Carte,LIV1,
CMD23096,CL0467,P011,2024-04-14,4,305.97,retourné,TNG,Carte,LIV2,2024-04-16
CMD20119,CL0119,P083,2023-07-21,5,2167.5,livré,kech,Carte,LIV9,2023-07-25
CMD19386,CL0082,P048,Feb 18 2024,1,2009.34,livré,Agadir,Carte,LIV9,2024-02-22
CMD25802,CL0911,P020,08/01/2023,1,3132.35,OK,kech,Carte,LIV8,
CMD05303,CL0409,P050,May 30 2023,3,4389.54,livre,marrakech,Carte,,
CMD30862,CL0186,P099,2024-01-07,3,3289.99,en_cours,tanger,Carte,,
CMD18480,CL0811,P001,May 18 2023,4,1320.94,livré,tanger,Carte,,2023-05-20
CMD38332,CL0395,P083,19/05/2023,2,4472.46,livré,Agadir,Carte,LIV4,2023-05-23
CMD40321,CL0300,P067,Sep 06 2023,5,766.33,DONE,Agadir,Carte,LIV9,2023-09-08
CMD47451,CL0083,P073,16/07/2023,3,325.8,LIVRE,tanger,Carte,LIV8,2023-07-17
CMD17480,CL0011,P047,2023-10-20,3,2528.47,DONE,kech,Carte,LIV9,2023-10-21
CMD41252,CL0024,P087,May 30 2023,1,3600.25,annulé,casa,Carte,LIV9,
CMD44537,CL0407,P014,12/03/2024,2,3415.6,en_cours,CASABLANCA,Carte,LIV8,
CMD24904,CL0358,P011,2023-08-25,4,1570.7,LIVRE,casa,Carte,LIV2,2023-08-28
CMD25023,CL0541,P003,24/09/2023,4,2467.25,livre,Agadir,Carte,,
CMD01453,CL0655,P074,27/04/2023,1,1821.67,DONE,RBA,Carte,LIV2,2023-04-30
CMD31164,CL0086,P017,25/02/2023,3,2235.5,livré,tanger,Carte,LIV10,2023-03-02
CMD36191,CL0007,P089,2023-06-15,5,0,retourné,TANGER,Carte,LIV10,2023-06-19
CMD01794,CL0493,P084,29/10/2023,2,1234.01,retourné,marrakech,Carte,LIV3,2023-11-03
CMD36520,CL0636,P078,2024-01-16,2,3650.53,livré,Agadir,Carte,LIV9,2024-01-18
CMD42564,CL0950,P052,05/11/2023,3,2331.95,annulé,Agadir,Carte,LIV10,
CMD25161,CL0783,P076,Jul 28 2023,4,4378.63,livre,kech,Carte,LIV5,
CMD20650,CL0284,P085,2024-04-07,5,2881.07,livré,TNG,Carte,,2024-04-12
CMD20873,CL0096,P019,25/12/2023,1,3938.24,livré,Agadir,Carte,LIV5,2023-12-29
CMD02645,CL0959,P041,Feb 04 2024,4,605.18,livré,RBA,Carte,LIV1,2024-02-07
CMD07016,CL0648,P021,2023-06-23,4,1747.09,annulé,Agadir,Carte,LIV6,
CMD05366,CL0164,P044,2023-01-04,2,3454.62,DONE,TANGER,Carte,LIV3,2023-01-08
CMD36051,CL0889,P045,23/05/2023,5,1267.9,livré,CASABLANCA,Carte,LIV5,2023-05-25
CMD08321,CL0236,P032,2023-06-03,2,0,livre,Agadir,Carte,LIV6,
CMD23284,CL0994,P048,Nov 30 2023,1,2776.71,livré,Tnja,Carte,LIV10,2023-12-03
CMD37289,CL0270,P026,2024-04-26,5,1021.27,annulé,Tnja,Carte,LIV2,
CMD28701,CL0898,P042,12/07/2023,3,4331.03,KO,CASABLANCA,Carte,LIV6,
CMD46278,CL0174,P053,Apr 13 2024,4,4324.03,livré,casa,Carte,LIV5,2024-04-15
CMD45851,CL0675,P031,2023-12-02,5,570.05,livre,TNG,Carte,LIV9,
CMD18114,CL0623,P098,Mar 30 2024,2,4705.25,en_cours,kech,Carte,LIV3,
CMD46168,CL0549,P097,02/04/2024,5,2944.5,livré,tanger,Carte,LIV2,2024-04-03
CMD48414,CL0779,P048,25/01/2024,3,4663.71,livré,TANGER,Carte,,2024-01-30
CMD37935,CL0241,P034,25/08/2023,1,1355.5,livre,tanger,Carte,LIV7,
CMD48168,CL0113,P090,2024-03-23,5,3302.59,OK,TNG,Carte,LIV10,
CMD14123,CL0355,P062,12/09/2023,4,2212.66,LIVRE,CASABLANCA,Carte,LIV10,2023-09-13
CMD11280,CL0629,P029,Sep 11 2023,4,3618.09,livré,marrakech,Carte,LIV9,2023-09-12
CMD23959,CL0953,P063,14/05/2023,2,1052.83,livré,casa,Carte,LIV1,2023-05-16
CMD12849,CL0815,P034,Mar 24 2024,1,4583.02,annulé,CASABLANCA,Carte,LIV8,
CMD24123,CL0576,P022,13/09/2023,2,1932.76,livré,Tnja,Carte,LIV9,2023-09-16
CMD35188,CL0751,P087,May 14 2023,1,3113.72,retourné,casa,Carte,LIV2,2023-05-17
CMD06790,CL0506,P056,Mar 04 2023,3,79.01,retourné,tanger,Carte,LIV2,2023-03-05
CMD31732,CL0725,P032,Jan 21 2023,1,4120.02,OK,TNG,Carte,LIV8,
CMD16454,CL0757,P030,07/05/2023,1,4597.13,retourné,casa,Carte,LIV5,2023-05-08
CMD12825,CL0596,P099,Jun 22 2023,5,4790.07,livré,TNG,Carte,LIV9,2023-06-24
CMD29283,CL0725,P075,2023-01-22,4,720.21,annulé,TANGER,Carte,LIV4,
CMD04388,CL0573,P059,07/07/2023,5,1231.11,OK,Tnja,Carte,LIV9,
CMD46337,CL0467,P095,05/04/2024,4,4882.45,OK,casa,Carte,,
CMD15776,CL0724,P016,19/12/2023,-1,4329.31,annulé,Agadir,Carte,LIV9,
CMD41418,CL0179,P076,Aug 18 2023,5,1574.95,livré,tanger,Carte,LIV2,2023-08-21
CMD20971,CL0568,P048,Jan 06 2024,1,4337.47,annulé,Tnja,Carte,LIV6,
CMD17653,CL0569,P062,Dec 04 2023,4,1862.42,KO,TANGER,Carte,LIV6,
CMD06635,CL0293,P041,06/02/2024,3,1987.81,annulé,marrakech,Carte,LIV2,
CMD05020,CL0230,P036,2024-01-23,4,4380.81,KO,TNG,Carte,LIV7,
CMD17097,CL0405,P081,12/11/2023,1,488.38,LIVRE,TANGER,Carte,LIV2,2023-11-15
CMD19255,CL0270,P071,17/11/2023,3,4719.07,livré,Tnja,Carte,LIV4,2023-11-18
CMD04399,CL0977,P033,13/04/2023,2,2726.39,annulé,Agadir,Carte,,
CMD30232,CL0174,P100,2023-04-12,1,1951.79,OK,tanger,Carte,LIV2,
CMD37717,CL0582,P080,Mar 01 2023,4,2597.24,DONE,kech,Carte,LIV8,2023-03-05
CMD10207,CL0642,P062,28/11/2023,2,4610.22,en_cours,kech,Carte,LIV9,
CMD30698,CL0622,P085,Jan 18 2024,1,4501.18,KO,TNG,Carte,LIV6,
CMD38856,CL0591,P045,15/08/2023,5,1723.6,livré,TANGER,Carte,LIV7,2023-08-20
CMD25185,CL0233,P073,23/02/2024,1,573.93,DONE,Agadir,Carte,LIV10,2024-02-25
CMD29233,CL0904,P091,11/04/2024,5,2575.1,annulé,Agadir,Carte,LIV9,
CMD02758,CL0704,P021,15/04/2023,2,1244.02,livré,marrakech,Carte,LIV7,2023-04-17
CMD21355,CL0136,P031,10/12/2023,5,1299.6,livré,RBA,Carte,LIV2,2023-12-11
CMD40844,CL0422,P068,02/05/2024,5,4635.57,livre,RBA,Carte,LIV7,
CMD44061,CL0332,P093,2024-03-20,5,697.84,livre,TANGER,Carte,LIV7,
CMD44552,CL0850,P065,2023-06-03,5,0,livré,Agadir,Carte,LIV6,2023-06-04
CMD06668,CL0751,P097,2024-05-15,2,1272.63,KO,tanger,Carte,LIV2,
CMD14141,CL0473,P014,2023-05-25,2,891.4,livré,tanger,Carte,LIV4,2023-05-29
CMD34443,CL0596,P078,Mar 29 2023,2,3519.33,en_cours,marrakech,Carte,,
CMD26277,CL0308,P062,May 17 2023,1,1190.81,livre,kech,Carte,LIV6,
CMD28816,CL0587,P036,2023-06-30,5,386.22,livré,TANGER,Carte,LIV8,2023-07-01
CMD28943,CL0211,P032,Mar 12 2024,1,4057.13,livré,CASABLANCA,Carte,LIV4,2024-03-15
CMD28145,CL0576,P049,2023-07-11,4,3203.02,livré,marrakech,Carte,LIV6,2023-07-16
CMD05381,CL0299,P066,24/03/2023,2,1312.9,livré,casa,Carte,LIV8,2023-03-27
CMD12850,CL0615,P088,2023-08-09,2,3645.98,KO,kech,Carte,LIV3,
CMD24265,CL0159,P083,28/02/2024,1,215.28,KO,Agadir,Carte,LIV4,
CMD41757,CL0090,P026,2023-12-15,4,1733.33,OK,Tnja,Carte,LIV3,
CMD27831,CL0402,P072,2023-04-11,2,4921.11,DONE,casa,Carte,LIV9,2023-04-13
CMD10935,CL0631,P046,18/04/2023,5,2653.52,DONE,kech,Carte,LIV3,2023-04-19
CMD08435,CL0464,P075,2023-01-12,5,1756.68,LIVRE,casa,Carte,LIV5,2023-01-14
CMD20024,CL0977,P038,2024-03-13,5,4479.35,en_cours,RBA,Carte,LIV4,
CMD12360,CL0048,P018,25/11/2023,1,870.84,LIVRE,TANGER,Carte,LIV10,2023-11-30
CMD12509,CL0891,P014,Apr 08 2023,2,0,livré,TNG,Carte,LIV7,2023-04-13
CMD07041,CL0671,P061,2023-04-13,5,4820.51,retourné,marrakech,Carte,LIV9,2023-04-18
CMD06623,CL0597,P020,2024-05-12,1,4266.64,livré,Tnja,Carte,LIV6,2024-05-13
CMD08929,CL0870,P074,04/04/2023,2,1148.41,livré,marrakech,Carte,LIV4,2023-04-08
CMD02114,CL0077,P047,10/06/2023,1,2465.36,livré,Tnja,Carte,LIV1,2023-06-11
CMD13259,CL0170,P071,28/07/2023,2,3057.62,livré,TNG,Carte,LIV9,2023-08-02
CMD03815,CL0099,P050,Jul 06 2023,1,4947.54,livre,RBA,Carte,LIV2,
CMD05697,CL0637,P025,01/01/2023,3,2433.65,annulé,Agadir,Carte,LIV9,
CMD35828,CL0820,P073,25/03/2023,3,3729.5,retourné,marrakech,Carte,LIV1,2023-03-29
CMD06239,CL0103,P016,2023-09-05,4,600.67,retourné,marrakech,Carte,LIV9,2023-09-07
CMD10054,CL0493,P040,2024-05-14,1,2544.24,livré,RBA,Carte,,2024-05-19
CMD10485,CL0445,P030,31/10/2023,2,3485.06,livré,kech,Carte,LIV1,2023-11-03
CMD37164,CL0981,P078,01/02/2024,2,0,retourné,Tnja,Carte,,2024-02-05
CMD38845,CL0958,P072,Jul 29 2023,2,1034.03,en_cours,Agadir,Carte,LIV8,
CMD44260,CL0118,P070,25/03/2024,2,2217.21,livré,casa,Carte,LIV10,2024-03-26
CMD20288,CL0380,P070,2023-05-14,2,1251.72,DONE,casa,Carte,LIV2,2023-05-16
CMD34096,CL0132,P014,15/10/2023,3,1409.12,livre,RBA,Carte,LIV8,
CMD41703,CL0802,P063,17/08/2023,3,794.0,annulé,Tnja,Carte,LIV10,
CMD01201,CL0858,P034,2023-02-17,2,3148.74,LIVRE,RBA,Carte,,2023-02-18
CMD14212,CL0279,P047,Jun 30 2023,2,3900.71,DONE,casa,Carte,,2023-07-04
CMD46791,CL0645,P073,2023-08-29,1,246.15,KO,kech,Carte,LIV10,
CMD17937,CL0596,P042,25/03/2023,3,234.38,KO,CASABLANCA,Carte,LIV10,
CMD19272,CL0036,P006,05/04/2024,5,1842.56,livre,tanger,Carte,LIV1,
CMD35408,CL0179,P050,2024-03-12,3,4912.77,DONE,TANGER,Carte,LIV9,2024-03-15
CMD09470,CL0302,P010,04/03/2024,4,4872.79,livré,Agadir,Carte,LIV7,2024-03-09
CMD26761,CL0452,P011,01/08/2023,1,3619.05,DONE,casa,Carte,LIV2,2023-08-02
CMD33204,CL0811,P004,22/11/2023,1,2240.39,annulé,kech,Carte,LIV8,
CMD32858,CL0937,P051,Jan 10 2023,-1,4720.06,annulé,marrakech,Carte,LIV8,
CMD30800,CL0672,P054,Aug 03 2023,4,4952.1,en_cours,marrakech,Carte,,
CMD10978,CL0620,P031,2023-03-03,5,3470.59,retourné,Agadir,Carte,LIV10,2023-03-07
CMD26409,CL0188,P032,2023-10-27,3,3507.72,livré,tanger,Carte,LIV3,2023-10-30
CMD32169,CL0333,P032,11/05/2024,4,1993.8,livré,Agadir,Carte,LIV1,2024-05-16
CMD37336,CL0815,P002,Dec 07 2023,3,1351.5,en_cours,Agadir,Carte,LIV10,
CMD42067,CL0780,P005,24/10/2023,1,897.75,KO,TANGER,Carte,LIV8,
CMD24598,CL0880,P034,18/04/2024,2,3836.59,DONE,Agadir,Carte,LIV3,2024-04-21
CMD12448,CL0802,P024,2023-03-25,3,965.45,DONE,casa,Carte,LIV5,2023-03-30
CMD16185,CL0350,P096,08/04/2024,1,376.62,livré,kech,Carte,LIV2,2024-04-13
CMD04601,CL0128,P063,2024-04-18,5,957.72,KO,RBA,Carte,LIV8,
CMD11909,CL0189,P034,Jul 20 2023,1,2189.89,LIVRE,TNG,Carte,,2023-07-23
CMD14077,CL0277,P040,2023-07-02,3,1514.2,livré,RBA,Carte,LIV4,2023-07-03
CMD05961,CL0009,P047,2023-08-13,4,969.33,retourné,Tnja,Carte,LIV10,2023-08-16
CMD36358,CL0642,P026,31/08/2023,4,3249.61,livre,CASABLANCA,Carte,LIV2,
CMD42336,CL0748,P047,22/04/2023,2,4204.25,OK,RBA,Carte,LIV8,
CMD38630,CL0410,P041,2023-05-01,3,1422.74,KO,marrakech,Carte,LIV9,
CMD12028,CL0658,P040,25/09/2023,3,2245.69,livré,marrakech,Carte,LIV9,2023-09-30
CMD46060,CL0596,P025,27/10/2023,3,2979.99,en_cours,RBA,Carte,LIV1,
CMD22191,CL0224,P047,17/02/2024,5,2127.75,OK,casa,Carte,LIV2,
CMD18022,CL0952,P067,12/11/2023,4,2102.24,livré,tanger,Carte,LIV8,2023-11-17
CMD07717,CL0992,P020,2024-04-20,3,1300.21,LIVRE,TANGER,Carte,LIV8,2024-04-21
CMD05267,CL0546,P013,Sep 20 2023,5,4626.18,livré,kech,Carte,LIV6,2023-09-25
CMD41666,CL0297,P021,03/05/2023,3,3067.74,livré,TANGER,Carte,LIV5,2023-05-06
CMD22431,CL0554,P075,2024-02-28,5,1106.78,annulé,Agadir,Carte,LIV1,
CMD11986,CL0373,P046,May 22 2023,2,4512.37,KO,Tnja,Carte,,
CMD10751,CL0712,P085,2023-11-09,1,4983.64,livré,marrakech,Carte,LIV5,2023-11-13
CMD30669,CL0415,P037,Dec 06 2023,1,1874.16,LIVRE,CASABLANCA,Carte,LIV6,2023-12-08
CMD19855,CL0781,P039,Apr 14 2023,3,3136.94,annulé,kech,Carte,LIV7,
CMD40403,CL0895,P100,2023-08-22,4,690.95,livré,Agadir,Carte,LIV2,2023-08-25
CMD12848,CL0140,P079,Jan 28 2024,2,339.67,livre,RBA,Carte,LIV6,
CMD23999,CL0778,P090,2024-04-24,1,3330.54,livré,CASABLANCA,Carte,LIV5,2024-04-27
CMD10495,CL0158,P059,2024-02-11,3,3579.41,livre,TNG,Carte,LIV3,
CMD22909,CL0971,P035,Aug 14 2023,3,2045.98,retourné,kech,Carte,LIV2,2023-08-19
CMD30152,CL0120,P012,Oct 14 2023,1,1648.47,livre,tanger,Carte,LIV2,
CMD36173,CL0427,P038,Jan 18 2023,3,4860.07,LIVRE,TNG,Carte,LIV4,2023-01-22
CMD16244,CL0955,P023,11/11/2023,3,780.79,livré,kech,Carte,LIV5,2023-11-13
CMD19490,CL0433,P027,2023-11-29,2,3785.68,OK,tanger,Carte,LIV3,
CMD47085,CL0445,P038,Jan 07 2023,3,4960.71,annulé,casa,Carte,LIV3,
CMD20684,CL0163,P067,Dec 24 2023,3,2145.36,livré,Agadir,Carte,LIV9,2023-12-26
CMD47497,CL0168,P014,Nov 08 2023,2,243.79,OK,kech,Carte,LIV1,
CMD17621,CL0047,P045,2024-01-29,3,4806.38,retourné,Tnja,Carte,LIV6,2024-01-30
CMD31592,CL0935,P066,17/03/2023,3,1176.03,livre,Agadir,Carte,LIV4,
CMD01908,CL0747,P095,28/05/2023,-1,4594.59,en_cours,Tnja,Carte,LIV6,
CMD30853,CL0853,P012,15/10/2023,4,3681.84,en_cours,TANGER,Carte,LIV10,
CMD12128,CL0790,P089,Jul 28 2023,3,2103.27,DONE,TANGER,Carte,LIV1,2023-07-30
CMD16246,CL0618,P091,Jan 06 2024,2,1749.64,OK,marrakech,Carte,LIV5,
CMD10707,CL0903,P087,Feb 07 2024,1,3687.75,en_cours,Agadir,Carte,LIV10,
CMD47807,CL0754,P003,2024-03-29,2,3812.4,OK,TANGER,Carte,LIV3,
CMD05309,CL0779,P025,Apr 25 2023,2,4121.63,DONE,RBA,Carte,LIV2,2023-04-28
CMD36729,CL0428,P015,2023-03-30,-1,4710.12,DONE,kech,Carte,,2023-04-01
CMD04803,CL0397,P021,Jan 08 2023,2,1307.01,en_cours,kech,Carte,LIV5,
CMD37915,CL0747,P069,Mar 01 2024,3,2017.96,livré,RBA,Carte,LIV2,2024-03-04
CMD22652,CL0657,P002,2023-10-26,2,4367.77,livré,casa,Carte,LIV8,2023-10-28
CMD48378,CL0192,P045,Oct 22 2023,3,4624.28,livré,Agadir,Carte,LIV9,2023-10-26
CMD45539,CL0908,P097,Feb 15 2024,3,2901.63,annulé,tanger,Carte,LIV5,
CMD07652,CL0141,P098,2023-12-08,4,530.53,OK,TANGER,Carte,LIV3,
CMD45661,CL0970,P034,May 30 2023,1,4232.85,livre,TANGER,Carte,,
CMD25787,CL0442,P037,2023-12-08,1,4523.0,DONE,TANGER,Carte,LIV6,2023-12-12
CMD16708,CL0235,P018,24/07/2023,4,757.81,livré,marrakech,Carte,LIV3,2023-07-28
CMD12994,CL0447,P089,2023-03-19,4,4907.98,en_cours,TNG,Carte,LIV9,
CMD28942,CL0952,P093,24/01/2024,1,2110.51,LIVRE,marrakech,Carte,LIV6,2024-01-28
CMD47097,CL0439,P039,06/12/2023,3,2567.19,livre,CASABLANCA,Carte,LIV8,
CMD39153,CL0579,P020,2023-08-03,5,2165.63,livré,Agadir,Carte,LIV7,2023-08-06
CMD16236,CL0692,P041,30/12/2023,3,1409.94,LIVRE,Tnja,Carte,LIV3,2024-01-03
CMD13620,CL0916,P050,Nov 03 2023,3,1984.46,LIVRE,RBA,Carte,LIV7,2023-11-04
CMD48421,CL0989,P067,2023-03-15,4,2994.24,en_cours,casa,Carte,LIV3,
CMD36713,CL0264,P032,04/02/2024,1,2749.19,DONE,RBA,Carte,LIV8,2024-02-09
CMD23363,CL0321,P052,Apr 07 2024,5,4700.03,en_cours,CASABLANCA,Carte,LIV9,
CMD23314,CL0525,P087,13/10/2023,3,321.55,DONE,casa,Carte,LIV2,2023-10-18
CMD04469,CL0978,P064,Jan 09 2024,5,2386.22,DONE,TANGER,Carte,LIV8,2024-01-14
CMD18354,CL0624,P072,06/11/2023,3,850.75,KO,TANGER,Carte,LIV7,
CMD17644,CL0017,P095,2023-12-26,5,4364.64,LIVRE,marrakech,Carte,LIV8,2023-12-30
CMD05395,CL0030,P025,2023-02-12,1,4379.73,livre,marrakech,Carte,LIV7,
CMD17118,CL0800,P025,Jul 06 2023,4,157.69,livré,marrakech,Carte,LIV8,2023-07-10
CMD22447,CL0530,P014,2023-06-26,4,522.37,KO,tanger,Carte,LIV7,
CMD47628,CL0768,P060,2023-07-26,5,467.43,livré,tanger,Carte,LIV5,2023-07-30
CMD25803,CL0537,P086,2024-02-27,2,4967.75,livré,Tnja,Carte,LIV10,2024-03-01
CMD43573,CL0369,P067,23/01/2024,1,484.09,DONE,TNG,Carte,LIV4,2024-01-28
CMD22314,CL0706,P051,Mar 05 2023,1,1251.45,livré,marrakech,Carte,LIV5,2023-03-06
CMD02555,CL0207,P002,Jan 08 2023,3,1386.55,livré,kech,Carte,LIV5,2023-01-12
CMD15098,CL0179,P093,2024-04-04,1,947.57,livre,casa,Carte,LIV7,
CMD08995,CL0816,P028,Jan 05 2024,2,1401.02,DONE,kech,Carte,LIV1,2024-01-08
CMD34794,CL0933,P043,16/08/2023,2,847.16,livré,casa,Carte,LIV7,2023-08-20
CMD18935,CL0502,P035,2024-04-10,1,1074.72,livre,TANGER,Carte,LIV3,
CMD28879,CL0957,P017,Mar 13 2024,5,4359.72,DONE,kech,Carte,LIV3,2024-03-15
CMD26235,CL0792,P007,Nov 30 2023,4,2844.56,livré,RBA,Carte,LIV4,2023-12-02
CMD35571,CL0054,P071,2023-06-03,3,3115.83,livré,TANGER,Carte,LIV7,2023-06-07
CMD04200,CL0469,P064,2023-04-17,1,2121.83,DONE,Tnja,Carte,LIV3,2023-04-19
CMD25336,CL0910,P090,27/05/2023,5,4140.49,en_cours,RBA,Carte,LIV9,
CMD12068,CL0802,P093,Nov 30 2023,5,1833.99,livre,Tnja,Carte,LIV2,
CMD15397,CL0883,P075,Nov 10 2023,2,486.28,KO,marrakech,Carte,LIV8,
CMD07769,CL0919,P082,2023-09-27,2,2372.26,DONE,Agadir,Carte,LIV2,2023-09-30
CMD34664,CL0113,P010,Sep 22 2023,5,2970.09,livre,tanger,Carte,LIV6,
CMD27578,CL0583,P008,Apr 07 2024,5,1680.65,OK,tanger,Carte,LIV1,
CMD00721,CL0540,P052,2024-01-27,5,2707.95,en_cours,kech,Carte,LIV1,
CMD23770,CL0226,P073,Feb 14 2024,3,4699.71,livré,CASABLANCA,Carte,LIV9,2024-02-19
CMD42436,CL0777,P073,2024-04-17,5,1986.32,OK,TANGER,Carte,,
CMD31087,CL0592,P026,20/06/2023,1,2816.19,annulé,Tnja,Carte,,
CMD48242,CL0689,P061,Jul 27 2023,2,1978.7,livré,Agadir,Carte,LIV4,2023-07-28
CMD17983,CL0879,P064,2023-05-09,4,2153.76,en_cours,kech,Carte,LIV9,
CMD05667,CL0040,P066,15/06/2023,1,1267.84,livré,TANGER,Carte,LIV1,2023-06-20
CMD11003,CL0067,P034,02/06/2023,3,3012.98,annulé,tanger,Carte,LIV8,
CMD03509,CL0928,P048,2023-05-31,5,527.38,livré,Tnja,Carte,LIV6,2023-06-05
CMD14519,CL0459,P021,May 14 2023,5,2537.56,en_cours,TANGER,Carte,LIV8,
CMD09072,CL0370,P046,22/08/2023,4,3929.45,livré,Tnja,Carte,LIV8,2023-08-27
CMD00111,CL0455,P079,Jul 26 2023,5,1005.56,livre,kech,Carte,LIV2,
CMD08904,CL0578,P038,06/03/2023,4,0,OK,casa,Carte,LIV10,
CMD40865,CL0934,P038,20/10/2023,1,4025.84,livre,tanger,Carte,LIV6,
CMD40654,CL0422,P052,Oct 19 2023,4,4713.81,KO,kech,Carte,LIV1,
CMD12226,CL0847,P034,2023-02-21,3,1745.99,OK,marrakech,Carte,LIV3,
CMD16851,CL0231,P097,Jan 14 2023,4,3006.84,OK,CASABLANCA,Carte,LIV4,
CMD42819,CL0717,P023,2024-04-10,5,2912.25,KO,TANGER,Carte,,
CMD03454,CL0590,P031,15/07/2023,5,2036.58,LIVRE,casa,Carte,LIV8,2023-07-17
CMD33923,CL0202,P048,Aug 26 2023,1,1706.78,OK,tanger,Carte,LIV9,
CMD07426,CL0349,P024,May 27 2023,2,3331.93,LIVRE,Tnja,Carte,LIV4,2023-05-29
CMD23007,CL0507,P004,Oct 01 2023,5,494.92,DONE,kech,Carte,LIV4,2023-10-04
CMD43625,CL0564,P027,2023-08-10,5,2828.57,en_cours,TNG,Carte,LIV7,
CMD22837,CL0072,P091,19/04/2023,5,231.19,KO,kech,Carte,LIV7,
CMD07805,CL0886,P057,2023-01-07,1,780.16,DONE,Tnja,Carte,LIV7,2023-01-12
CMD25627,CL0631,P078,Oct 02 2023,5,3768.68,livré,TNG,Carte,LIV1,2023-10-06
CMD11166,CL0924,P004,Mar 16 2023,1,2864.61,livré,marrakech,Carte,LIV7,2023-03-18
CMD39275,CL0098,P054,Jan 15 2024,1,3587.3,en_cours,casa,Carte,LIV7,
CMD00091,CL0180,P083,09/04/2024,1,3101.37,livré,TANGER,Carte,LIV1,2024-04-14
CMD45052,CL0771,P021,2024-02-21,2,4605.49,OK,CASABLANCA,Carte,LIV6,
CMD23636,CL0181,P030,2023-09-12,5,883.41,livré,CASABLANCA,Carte,LIV3,2023-09-16
CMD04971,CL0464,P079,13/10/2023,1,1442.54,OK,TNG,Carte,LIV1,
CMD27222,CL0853,P049,2024-02-08,2,3460.4,OK,TANGER,Carte,LIV4,
CMD30678,CL0740,P074,10/05/2024,5,3808.71,KO,Agadir,Carte,LIV6,
CMD01901,CL0663,P014,06/08/2023,1,1593.57,retourné,kech,Carte,LIV3,2023-08-11
CMD08189,CL0651,P099,Apr 10 2024,1,4768.4,retourné,tanger,Carte,LIV6,2024-04-13
CMD18361,CL0134,P011,Feb 22 2023,2,4199.58,livré,kech,Carte,LIV7,2023-02-27
CMD41739,CL0963,P062,2024-05-06,1,2902.98,livre,casa,Carte,LIV4,
CMD25036,CL0487,P057,26/10/2023,2,2293.16,livre,kech,Carte,LIV7,
CMD15490,CL0547,P041,17/02/2023,5,719.4,annulé,marrakech,Carte,LIV4,
CMD01082,CL0669,P069,Jul 25 2023,1,1357.73,livré,TANGER,Carte,LIV5,2023-07-30
CMD36886,CL0791,P086,Feb 18 2024,1,538.78,livré,Agadir,Carte,LIV1,2024-02-22
CMD47907,CL0554,P042,May 31 2023,3,123.72,livré,tanger,Carte,LIV3,2023-06-03
CMD20050,CL0438,P062,2024-04-21,3,1757.12,livre,TNG,Carte,LIV1,
CMD23163,CL0090,P040,May 24 2023,2,1082.7,annulé,TNG,Carte,,
CMD36126,CL0579,P063,17/04/2024,2,1341.94,KO,TANGER,Carte,LIV8,
CMD28901,CL0482,P093,2023-06-20,5,4616.35,KO,kech,Carte,LIV8,
CMD37307,CL0689,P064,02/01/2023,2,4899.73,livré,casa,Carte,LIV1,2023-01-05
CMD00522,CL0319,P003,2024-04-10,5,4969.88,livré,RBA,Carte,LIV7,2024-04-15
CMD16085,CL0928,P003,2024-03-26,4,2467.63,livre,Agadir,Carte,LIV1,
CMD34089,CL0588,P094,May 27 2023,1,2284.24,KO,RBA,Carte,LIV9,
CMD30016,CL0302,P060,03/11/2023,4,4498.01,livré,kech,Carte,LIV10,2023-11-05
CMD09216,CL0537,P052,28/01/2023,1,2992.27,KO,Tnja,Carte,LIV8,
CMD00493,CL0224,P095,20/06/2023,1,1851.11,KO,marrakech,Carte,LIV8,
CMD09569,CL0074,P096,2024-04-04,2,3086.34,retourné,kech,Carte,LIV5,2024-04-06
CMD09152,CL0018,P016,14/03/2024,4,2849.88,OK,TANGER,Carte,LIV3,
CMD17191,CL0815,P062,07/04/2024,2,779.02,livré,Agadir,Carte,LIV3,2024-04-08
CMD34103,CL0872,P065,16/05/2023,2,4399.2,livré,marrakech,Carte,LIV8,2023-05-21
CMD19129,CL0198,P099,2023-09-25,3,1169.37,en_cours,tanger,Carte,LIV10,
CMD48047,CL0279,P023,Feb 19 2023,3,927.33,livré,RBA,Carte,LIV7,2023-02-24
CMD40142,CL0400,P088,Mar 20 2023,5,604.53,livré,TNG,Carte,LIV2,2023-03-24
CMD18720,CL0847,P084,11/07/2023,4,2021.71,DONE,kech,Carte,LIV1,2023-07-13
CMD10565,CL0268,P083,23/10/2023,3,2958.3,LIVRE,Tnja,Carte,,2023-10-25
CMD46667,CL0213,P037,05/06/2023,4,2766.47,livré,Agadir,Carte,LIV6,2023-06-09
CMD18165,CL0209,P016,2024-03-20,4,161.39,DONE,tanger,Carte,LIV7,2024-03-23
CMD40589,CL0266,P019,Jan 11 2023,1,1106.13,annulé,tanger,Carte,LIV1,
CMD14780,CL0575,P068,Nov 14 2023,4,4945.94,retourné,TANGER,Carte,LIV6,2023-11-18
CMD38733,CL0326,P093,29/02/2024,3,2343.02,livré,tanger,Carte,LIV6,2024-03-02
CMD02623,CL0069,P046,2024-03-12,2,1864.73,KO,CASABLANCA,Carte,LIV1,
CMD23041,CL0383,P096,May 11 2024,3,3484.22,retourné,casa,Carte,LIV4,2024-05-13
CMD36350,CL0865,P088,21/01/2023,1,3203.8,annulé,RBA,Carte,LIV9,
CMD24107,CL0081,P007,2023-12-27,2,1633.56,livré,Agadir,Carte,LIV2,2023-12-31
CMD40405,CL0429,P060,2023-01-04,4,823.18,livré,marrakech,Carte,,2023-01-09
CMD44117,CL0664,P064,2024-01-18,4,4801.07,annulé,CASABLANCA,Carte,LIV8,
CMD29193,CL0423,P039,Aug 30 2023,1,2681.24,annulé,CASABLANCA,Carte,LIV9,
CMD06821,CL0966,P041,Oct 15 2023,4,558.31,en_cours,marrakech,Carte,LIV9,
CMD37606,CL0975,P034,2023-02-04,2,375.59,retourné,TNG,Carte,LIV6,2023-02-05
CMD00214,CL0062,P002,2023-03-20,5,2467.22,KO,RBA,Carte,LIV4,
CMD02085,CL0592,P099,May 21 2023,5,942.24,annulé,marrakech,Carte,LIV1,
CMD35333,CL0682,P029,11/01/2023,2,4721.9,OK,CASABLANCA,Carte,LIV10,
CMD12301,CL0861,P050,May 05 2024,3,461.16,KO,TNG,Carte,LIV7,
CMD08726,CL0025,P080,Jan 08 2024,1,4608.91,livré,RBA,Carte,LIV3,2024-01-12
CMD23947,CL0458,P042,Jun 22 2023,2,4399.8,en_cours,CASABLANCA,Carte,LIV6,
CMD18637,CL0453,P087,2023-04-01,4,2476.75,OK,TANGER,Carte,LIV5,
CMD33607,CL0383,P099,2023-07-07,5,1704.47,retourné,RBA,Carte,LIV7,2023-07-10
CMD40729,CL0866,P014,03/08/2023,1,4683.62,annulé,marrakech,Carte,LIV1,
CMD12883,CL0518,P061,23/01/2024,4,3074.07,OK,Tnja,Carte,LIV10,
CMD23523,CL0476,P041,Jul 27 2023,4,923.54,annulé,TANGER,Carte,LIV9,
CMD32107,CL0112,P094,31/03/2024,1,1435.21,DONE,RBA,Carte,LIV5,2024-04-03
CMD05805,CL0502,P094,29/08/2023,1,3668.55,DONE,TNG,Carte,LIV1,2023-08-30
CMD12819,CL0515,P100,23/05/2023,-1,4717.18,livré,kech,Carte,LIV1,2023-05-24
CMD03863,CL0643,P074,2023-06-17,4,4018.52,retourné,casa,Carte,LIV9,2023-06-21
CMD33736,CL0559,P066,19/09/2023,2,3046.71,livré,TANGER,Carte,LIV6,2023-09-20
CMD29208,CL0289,P007,28/01/2023,5,3994.5,annulé,casa,Carte,LIV5,
CMD33168,CL0403,P025,Mar 03 2024,1,908.02,livré,kech,Carte,LIV8,2024-03-06
CMD20164,CL0186,P039,26/02/2023,2,686.63,KO,kech,Carte,LIV10,
CMD04627,CL0208,P017,2024-01-22,3,4927.98,annulé,tanger,Carte,LIV10,
CMD12639,CL0782,P012,24/11/2023,2,1760.68,retourné,Agadir,Carte,LIV1,2023-11-26
CMD26920,CL0389,P078,16/12/2023,4,3962.03,livré,marrakech,Carte,LIV8,2023-12-18
CMD40032,CL0846,P017,17/05/2023,3,3832.21,DONE,tanger,Carte,LIV8,2023-05-18
CMD46201,CL0241,P031,2023-06-16,3,3260.29,annulé,TANGER,Carte,,
CMD07688,CL0211,P062,26/08/2023,5,3664.09,KO,tanger,Carte,LIV9,
CMD14520,CL0156,P007,19/09/2023,3,1146.57,livré,kech,Carte,LIV3,2023-09-22
CMD36977,CL0699,P081,Aug 13 2023,3,382.11,annulé,casa,Carte,LIV7,
CMD08793,CL0930,P033,2023-01-19,5,2304.47,DONE,RBA,Carte,LIV7,2023-01-22
CMD39986,CL0399,P084,Aug 19 2023,1,2373.65,livré,RBA,Carte,LIV4,2023-08-22
CMD26671,CL0292,P029,29/01/2023,5,3059.4,annulé,tanger,Carte,LIV8,
CMD45949,CL0763,P030,2024-04-23,2,955.54,livré,Agadir,Carte,LIV6,2024-04-24
CMD44381,CL0772,P084,2023-04-02,2,2740.96,livré,TNG,Carte,LIV2,2023-04-07
CMD00832,CL0192,P074,2023-04-18,4,0,livré,TANGER,Carte,LIV9,2023-04-23
CMD45899,CL0860,P098,01/03/2024,2,4648.51,livré,tanger,Carte,LIV7,2024-03-06
CMD32911,CL0488,P008,2023-10-07,4,1750.79,en_cours,casa,Carte,LIV7,
CMD27165,CL0189,P017,16/06/2023,3,1574.12,retourné,TNG,Carte,LIV1,2023-06-17
CMD20374,CL0880,P096,12/11/2023,2,4141.16,LIVRE,TANGER,Carte,LIV5,2023-11-14
CMD30784,CL0454,P007,Oct 24 2023,1,2467.77,retourné,TANGER,Carte,LIV6,2023-10-29
CMD31273,CL0993,P002,2023-10-21,5,1278.58,LIVRE,Agadir,Carte,LIV2,2023-10-23
CMD34986,CL0509,P081,Dec 31 2023,5,1662.69,annulé,tanger,Carte,LIV5,
CMD29844,CL0601,P001,09/12/2023,4,95.24,LIVRE,TANGER,Carte,LIV6,2023-12-11
CMD29251,CL0812,P037,Oct 14 2023,1,690.79,livré,CASABLANCA,Carte,LIV8,2023-10-19
CMD33948,CL0422,P083,09/03/2024,2,1165.94,livre,RBA,Carte,LIV8,
CMD17864,CL0986,P045,Jun 10 2023,5,2267.91,annulé,Agadir,Carte,LIV1,
CMD07505,CL0724,P068,2023-07-04,2,2321.58,OK,Tnja,Carte,LIV10,
CMD08683,CL0082,P057,Nov 19 2023,4,4391.9,en_cours,tanger,Carte,,
CMD06952,CL0898,P047,2023-05-14,2,4847.06,annulé,Agadir,Carte,,
CMD20031,CL0850,P026,Mar 15 2024,3,4750.83,KO,TANGER,Carte,LIV10,
CMD40609,CL0649,P004,2024-02-18,1,1985.61,livré,CASABLANCA,Carte,LIV7,2024-02-19
CMD29882,CL0014,P020,2023-09-11,1,3054.32,livré,Tnja,Carte,LIV6,2023-09-13
CMD36781,CL0956,P076,06/02/2023,2,2600.55,DONE,TANGER,Carte,LIV10,2023-02-10
CMD11434,CL0652,P019,Apr 16 2024,3,1379.19,livré,Tnja,Carte,LIV4,2024-04-19
CMD37588,CL0772,P055,May 10 2023,3,3891.53,livré,RBA,Carte,LIV1,2023-05-14
CMD41502,CL0420,P064,25/01/2024,5,2567.5,KO,TNG,Carte,LIV1,
CMD36706,CL0457,P024,05/07/2023,2,3045.47,LIVRE,Tnja,Carte,LIV5,2023-07-09
CMD05101,CL0161,P099,Apr 28 2023,2,4298.4,livré,marrakech,Carte,LIV6,2023-04-29
CMD28755,CL0625,P042,Feb 08 2024,5,4800.05,livré,RBA,Carte,LIV9,2024-02-12
CMD18599,CL0948,P089,2023-12-11,2,3881.35,livré,Agadir,Carte,LIV2,2023-12-15
CMD41829,CL0748,P047,Dec 13 2023,4,1727.02,LIVRE,RBA,Carte,LIV8,2023-12-16
CMD46665,CL0169,P059,2023-05-03,1,1715.64,OK,marrakech,Carte,LIV6,
CMD39510,CL0227,P090,26/10/2023,1,1184.09,OK,casa,Carte,LIV6,
CMD20387,CL0614,P029,Dec 05 2023,1,314.01,LIVRE,RBA,Carte,LIV8,2023-12-06
CMD32636,CL0017,P045,10/12/2023,1,3928.9,livré,RBA,Carte,,2023-12-15
CMD24666,CL0748,P031,2023-10-24,3,2600.05,livré,Agadir,Carte,LIV3,2023-10-27
CMD26027,CL0347,P049,2023-08-23,1,3461.85,DONE,kech,Carte,LIV2,2023-08-27
CMD09164,CL0226,P015,Mar 21 2024,4,2818.47,DONE,casa,Carte,LIV9,2024-03-24
CMD41426,CL0836,P024,23/12/2023,2,4998.93,retourné,TANGER,Carte,LIV6,2023-12-24
CMD07217,CL0384,P044,May 06 2023,4,1188.08,livre,TNG,Carte,LIV4,
CMD44214,CL0892,P057,22/01/2024,3,3829.79,annulé,RBA,Carte,,
CMD09836,CL0446,P041,2023-07-21,3,3559.25,en_cours,tanger,Carte,LIV7,
CMD30683,CL0166,P084,May 08 2024,1,4511.0,livré,kech,Carte,LIV7,2024-05-10
CMD03164,CL0610,P042,18/03/2024,4,3973.85,livré,TNG,Carte,LIV9,2024-03-23
CMD34186,CL0008,P018,2023-04-29,5,4898.29,OK,marrakech,Carte,LIV9,
CMD32278,CL0420,P050,2023-10-05,4,421.84,livre,marrakech,Carte,LIV1,
CMD10110,CL0919,P068,2023-10-26,3,1296.4,livré,kech,Carte,LIV9,2023-10-31
CMD39180,CL0524,P081,2023-05-13,5,2467.41,KO,CASABLANCA,Carte,LIV8,
CMD43126,CL0912,P058,Jun 14 2023,3,4309.29,DONE,Tnja,Carte,LIV8,2023-06-17
CMD01311,CL0690,P031,04/05/2023,2,1452.57,livre,CASABLANCA,Carte,LIV9,
CMD35536,CL0457,P004,2024-02-29,3,2147.11,LIVRE,Agadir,Carte,LIV10,2024-03-01
CMD16819,CL0030,P015,Jul 16 2023,4,3776.8,annulé,kech,Carte,LIV7,
CMD13664,CL0982,P003,18/07/2023,3,789.27,en_cours,kech,Carte,LIV5,
CMD29848,CL0184,P034,21/01/2024,3,4969.35,DONE,kech,Carte,LIV2,2024-01-24
CMD35015,CL0076,P083,2023-10-21,4,2105.3,KO,RBA,Carte,LIV7,
CMD00505,CL0825,P089,Mar 02 2024,3,4747.95,en_cours,TNG,Carte,LIV7,
CMD37067,CL0391,P001,Apr 20 2024,2,3719.2,annulé,kech,Carte,LIV9,
CMD27108,CL0996,P082,02/05/2024,2,3504.28,livre,Agadir,Carte,LIV3,
CMD23413,CL0229,P055,Apr 30 2024,5,4315.18,livré,tanger,Carte,LIV3,2024-05-02
CMD38220,CL0815,P056,Aug 04 2023,1,609.32,LIVRE,TNG,Carte,LIV6,2023-08-08
CMD15529,CL0168,P013,2024-04-30,1,4585.41,livré,tanger,Carte,LIV4,2024-05-04
CMD19718,CL0332,P070,2023-09-10,5,4275.55,DONE,casa,Carte,LIV4,2023-09-12
CMD02726,CL0697,P062,2024-02-08,2,1998.58,livré,kech,Carte,,2024-02-09
CMD42738,CL0695,P017,17/03/2024,3,3689.2,livré,tanger,Carte,LIV3,2024-03-21
CMD34011,CL0811,P040,2023-11-26,5,3383.98,OK,casa,Carte,LIV5,
CMD01502,CL0232,P065,2023-05-13,4,371.37,en_cours,TANGER,Carte,LIV8,
CMD15453,CL0221,P077,24/03/2024,5,4216.23,annulé,CASABLANCA,Carte,LIV1,
CMD31477,CL0015,P049,2023-10-30,2,3242.06,livré,CASABLANCA,Carte,LIV5,2023-11-01
CMD39787,CL0639,P064,2023-04-27,1,321.37,LIVRE,CASABLANCA,Carte,LIV10,2023-05-02
CMD23001,CL0807,P027,2023-11-24,2,3121.18,DONE,Agadir,Carte,,2023-11-26
CMD36345,CL0670,P020,Feb 18 2024,3,3905.72,en_cours,CASABLANCA,Carte,,
CMD06795,CL0120,P027,05/05/2023,5,4618.63,OK,tanger,Carte,LIV3,
CMD14415,CL0968,P091,2023-02-18,2,2775.62,retourné,CASABLANCA,Carte,LIV1,2023-02-22
CMD48445,CL0175,P024,Nov 12 2023,1,4644.38,KO,Tnja,Carte,LIV5,
CMD47922,CL0563,P004,26/04/2024,2,2548.89,KO,casa,Carte,LIV6,
CMD19717,CL0515,P023,16/07/2023,2,4099.27,livré,casa,Carte,LIV4,2023-07-19
CMD09494,CL0803,P007,2023-03-17,4,4914.41,retourné,marrakech,Carte,LIV7,2023-03-21
CMD17545,CL0329,P066,2023-04-19,2,1313.37,OK,Agadir,Carte,LIV6,
CMD26634,CL0141,P014,Jan 17 2024,1,4123.85,LIVRE,kech,Carte,LIV6,2024-01-20
CMD19104,CL0522,P007,Mar 24 2024,3,3267.97,retourné,tanger,Carte,LIV6,2024-03-26
CMD14597,CL0560,P066,2023-05-05,4,2594.68,livré,kech,Carte,LIV10,2023-05-10
CMD16541,CL0627,P062,Feb 05 2024,1,681.21,retourné,casa,Carte,LIV6,2024-02-08
CMD04628,CL0574,P005,Jun 06 2023,2,4137.35,annulé,casa,Carte,LIV7,
CMD35456,CL0346,P085,Nov 18 2023,1,4664.93,KO,Tnja,Carte,LIV2,
CMD38362,CL0318,P095,Oct 03 2023,5,3221.99,LIVRE,Agadir,Carte,LIV10,2023-10-05
CMD03393,CL0832,P093,17/08/2023,3,2991.49,LIVRE,RBA,Carte,LIV3,2023-08-19
CMD28870,CL0669,P086,Dec 20 2023,4,2124.1,OK,marrakech,Carte,LIV8,
CMD27466,CL0457,P064,13/03/2023,4,2050.32,livre,Agadir,Carte,LIV4,
CMD09924,CL0137,P064,05/12/2023,4,1361.04,livré,Agadir,Carte,LIV4,2023-12-07
CMD35323,CL0292,P058,14/05/2023,4,1751.31,DONE,TNG,Carte,LIV2,2023-05-19
CMD19807,CL0582,P052,2023-02-08,2,257.34,retourné,kech,Carte,LIV6,2023-02-09
CMD09040,CL0598,P070,Mar 21 2023,5,1635.5,livré,Tnja,Carte,LIV5,2023-03-24
CMD07708,CL0823,P001,01/03/2023,4,2704.43,retourné,tanger,Carte,LIV9,2023-03-03
CMD01863,CL0436,P009,29/12/2023,5,448.48,KO,marrakech,Carte,LIV3,
CMD46401,CL0861,P019,Mar 09 2024,5,2975.02,annulé,marrakech,Carte,LIV4,
CMD13213,CL0930,P063,2024-03-04,2,1793.28,KO,TNG,Carte,LIV2,
CMD44150,CL0894,P018,14/10/2023,4,2453.11,DONE,Agadir,Carte,LIV6,2023-10-17
CMD12893,CL0710,P068,2023-02-18,3,4129.18,annulé,TNG,Carte,LIV9,
CMD28431,CL0235,P023,2023-06-19,3,2282.78,livré,Agadir,Carte,LIV2,2023-06-24
CMD24992,CL0093,P094,Jan 01 2023,4,221.28,livre,RBA,Carte,LIV7,
CMD46226,CL0246,P021,02/12/2023,4,3983.76,en_cours,casa,Carte,LIV1,
CMD46770,CL0283,P060,Apr 20 2023,5,426.25,livré,Tnja,Carte,LIV2,2023-04-25
CMD05545,CL0356,P073,26/08/2023,5,1399.91,livré,kech,Carte,LIV10,2023-08-28
CMD37798,CL0885,P043,26/04/2023,1,714.52,DONE,kech,Carte,LIV10,2023-04-29
CMD37873,CL0004,P014,Apr 15 2024,5,3400.48,livré,marrakech,Carte,LIV8,2024-04-17
CMD12133,CL0699,P006,2023-01-13,4,1453.01,livré,TNG,Carte,LIV9,2023-01-18
CMD47202,CL0578,P083,22/09/2023,2,3190.17,en_cours,casa,Carte,LIV6,
CMD08409,CL0156,P078,19/11/2023,2,4240.09,KO,Tnja,Carte,LIV5,
CMD06652,CL0413,P051,30/11/2023,2,1769.31,en_cours,kech,Carte,LIV10,
CMD26071,CL0116,P026,27/01/2024,3,4158.6,livré,Agadir,Carte,LIV6,2024-02-01
CMD41960,CL0021,P047,Apr 09 2023,5,1825.82,en_cours,Agadir,Carte,LIV5,
CMD37758,CL0245,P048,26/01/2023,2,4606.01,livré,casa,Carte,LIV8,2023-01-28
CMD35838,CL0210,P057,Jun 11 2023,3,3953.81,LIVRE,RBA,Carte,LIV10,2023-06-14
CMD11863,CL0888,P020,13/12/2023,2,3572.13,livre,tanger,Carte,LIV5,
CMD39050,CL0344,P047,2024-01-09,5,3779.92,LIVRE,kech,Carte,LIV5,2024-01-11
CMD42576,CL0609,P082,2024-04-07,3,632.87,livré,Agadir,Carte,LIV6,2024-04-12
CMD35462,CL0808,P050,Apr 07 2023,1,4732.12,OK,Agadir,Carte,LIV10,
CMD06920,CL0964,P063,05/03/2024,1,2274.73,LIVRE,marrakech,Carte,LIV3,2024-03-08
CMD35366,CL0984,P062,07/04/2023,3,4552.06,OK,RBA,Carte,LIV5,
CMD27893,CL0595,P099,Jan 02 2023,2,4364.23,OK,tanger,Carte,,
CMD11260,CL0148,P049,2024-01-01,4,3575.27,KO,Agadir,Carte,LIV4,
CMD26058,CL0135,P018,2023-01-07,1,1405.23,livré,tanger,Carte,LIV10,2023-01-08
CMD32341,CL0467,P020,29/06/2023,2,1100.64,livré,CASABLANCA,Carte,LIV3,2023-06-30
CMD19953,CL0858,P073,17/11/2023,2,504.58,DONE,TNG,Carte,LIV5,2023-11-20
CMD02129,CL0960,P020,06/01/2024,3,353.67,livre,Tnja,Carte,LIV8,
CMD01692,CL0297,P074,Jul 26 2023,1,2871.29,en_cours,casa,Carte,,
CMD34761,CL0444,P062,20/06/2023,1,138.73,retourné,TNG,Carte,LIV10,2023-06-21
CMD47146,CL0568,P001,30/04/2024,5,2045.4,retourné,kech,Carte,LIV3,2024-05-01
CMD38430,CL0367,P085,01/10/2023,1,1305.55,en_cours,TANGER,Carte,LIV10,
CMD26918,CL0303,P093,Oct 12 2023,4,749.45,annulé,marrakech,Carte,,
CMD14594,CL0177,P040,2024-03-25,4,3083.94,livré,kech,Carte,LIV10,2024-03-28
CMD24452,CL0971,P073,2023-12-17,5,1562.69,annulé,RBA,Carte,LIV10,
CMD48150,CL0593,P020,2023-04-30,2,2880.67,livré,Tnja,Carte,LIV1,2023-05-03
CMD28656,CL0325,P065,2023-08-10,5,1182.86,DONE,kech,Carte,LIV2,2023-08-15
CMD25162,CL0623,P040,Apr 29 2024,1,0,livre,TNG,Carte,LIV4,
CMD19398,CL0717,P013,21/12/2023,2,3233.58,en_cours,Tnja,Carte,LIV7,
CMD06891,CL0220,P089,2023-02-13,3,2773.53,livré,TNG,Carte,LIV2,2023-02-17
CMD23938,CL0441,P072,Jul 08 2023,1,0,en_cours,kech,Carte,LIV8,
CMD19982,CL0085,P081,2023-11-08,1,3024.37,OK,Agadir,Carte,,
CMD08141,CL0853,P086,30/08/2023,5,2240.69,LIVRE,tanger,Carte,LIV1,2023-09-02
CMD27861,CL0401,P052,Aug 30 2023,2,3932.36,annulé,casa,Carte,LIV7,
CMD24686,CL0042,P047,18/05/2023,3,4091.74,en_cours,tanger,Carte,LIV9,
CMD20691,CL0755,P086,19/03/2023,3,4791.52,livre,marrakech,Carte,LIV9,
CMD37002,CL0258,P021,24/09/2023,2,2714.73,livre,RBA,Carte,LIV3,
CMD10926,CL0084,P044,23/04/2024,1,1384.13,OK,tanger,Carte,LIV9,
CMD43961,CL0263,P043,2024-03-06,2,4467.04,livré,CASABLANCA,Carte,,2024-03-11
CMD07043,CL0227,P044,Mar 06 2024,1,2784.76,livre,tanger,Carte,LIV5,
CMD29908,CL0247,P073,Nov 07 2023,5,2183.42,KO,TNG,Carte,LIV10,
CMD03684,CL0325,P033,17/08/2023,2,4345.91,livré,TANGER,Carte,LIV3,2023-08-19
CMD23652,CL0046,P011,Mar 14 2023,3,1330.05,livré,casa,Carte,LIV2,2023-03-19
CMD09849,CL0983,P059,2023-07-29,2,4316.25,livré,TNG,Carte,LIV4,2023-08-02
CMD31375,CL0830,P032,2023-11-20,3,3543.45,livré,Agadir,Carte,LIV9,2023-11-21
CMD45865,CL0006,P043,Oct 21 2023,3,551.63,DONE,tanger,Carte,LIV10,2023-10-24
CMD19299,CL0313,P055,2024-03-20,1,560.47,KO,Tnja,Carte,LIV1,
CMD25419,CL0692,P014,2023-10-10,5,415.3,en_cours,CASABLANCA,Carte,LIV9,
CMD28022,CL0870,P057,2023-08-01,1,4130.06,livré,marrakech,Carte,LIV6,2023-08-03
CMD35928,CL0642,P056,Aug 06 2023,-1,1135.45,DONE,CASABLANCA,Carte,LIV5,2023-08-11
CMD42395,CL0573,P027,2023-07-08,3,140.55,livré,Tnja,Carte,LIV5,2023-07-09
CMD32854,CL0074,P084,06/05/2023,5,2736.53,livre,TNG,Carte,LIV1,
CMD36938,CL0263,P070,2023-08-10,2,3614.82,OK,casa,Carte,LIV4,
CMD18493,CL0562,P100,29/03/2024,3,798.06,annulé,TNG,Carte,LIV3,
CMD31400,CL0298,P009,Jul 17 2023,4,773.67,KO,Tnja,Carte,LIV10,
CMD10128,CL0554,P090,Feb 14 2024,-1,160.4,DONE,Agadir,Carte,LIV1,2024-02-17
CMD34889,CL0908,P084,Oct 06 2023,3,1655.98,annulé,TANGER,Carte,LIV10,
CMD31110,CL0299,P065,12/03/2023,2,4546.85,OK,kech,Carte,,
CMD16693,CL0880,P010,Mar 15 2023,2,0,en_cours,marrakech,Carte,LIV7,
CMD36804,CL0970,P036,2023-11-26,2,2495.82,LIVRE,casa,Carte,LIV6,2023-12-01
CMD23003,CL0128,P010,May 09 2024,1,2212.05,OK,TNG,Carte,LIV8,
CMD23834,CL0108,P061,28/06/2023,2,1235.78,livré,casa,Carte,LIV8,2023-06-30
CMD23979,CL0079,P046,23/04/2023,1,1363.56,annulé,marrakech,Carte,LIV10,
CMD46370,CL0160,P038,2024-03-23,5,1064.27,OK,Agadir,Carte,,
CMD47998,CL0889,P034,19/01/2023,1,2140.33,DONE,casa,Carte,LIV6,2023-01-22
CMD04325,CL0170,P001,Feb 25 2024,1,4013.58,livré,casa,Carte,LIV2,2024-02-29
CMD29054,CL0067,P081,05/07/2023,5,2871.66,OK,marrakech,Carte,LIV9,
CMD28847,CL0808,P073,Apr 04 2024,4,984.0,en_cours,TNG,Carte,LIV6,
CMD18932,CL0919,P013,Sep 26 2023,1,4712.24,LIVRE,Agadir,Carte,LIV1,2023-09-29
CMD25994,CL0931,P023,Feb 22 2023,3,3913.07,DONE,marrakech,Carte,LIV3,2023-02-23
CMD29556,CL0069,P072,22/04/2024,3,3570.03,KO,casa,Carte,LIV4,
CMD26288,CL0256,P058,2024-04-29,2,946.56,OK,TNG,Carte,LIV8,
CMD04154,CL0022,P051,07/01/2024,3,2376.79,retourné,tanger,Carte,LIV1,2024-01-08
CMD18369,CL0975,P052,27/08/2023,1,1422.06,retourné,Tnja,Carte,LIV3,2023-08-31
CMD04959,CL0641,P084,Aug 01 2023,4,2645.2,livre,RBA,Carte,LIV3,
CMD06839,CL0236,P032,2023-07-02,1,1105.54,retourné,RBA,Carte,LIV3,2023-07-03
CMD24953,CL0327,P013,02/03/2024,1,4776.25,DONE,marrakech,Carte,LIV3,2024-03-06
CMD23889,CL0730,P051,Apr 12 2023,2,1226.48,en_cours,Tnja,Carte,LIV9,
CMD02763,CL0102,P061,07/03/2023,1,1314.78,LIVRE,RBA,Carte,LIV9,2023-03-11
CMD24460,CL0624,P074,Jan 20 2023,3,3204.65,en_cours,tanger,Carte,LIV1,
CMD12199,CL0437,P084,2023-12-29,1,3125.32,KO,marrakech,Carte,LIV3,
CMD18639,CL0430,P075,Apr 25 2023,1,3621.79,livré,kech,Carte,LIV5,2023-04-27
CMD46898,CL0411,P096,Jun 23 2023,1,4296.13,DONE,Tnja,Carte,LIV10,2023-06-27
CMD28006,CL0529,P032,08/11/2023,1,729.03,KO,CASABLANCA,Carte,LIV7,
CMD41670,CL0507,P053,2023-05-07,1,4861.71,retourné,TNG,Carte,LIV9,2023-05-10
CMD10570,CL0053,P063,Jul 02 2023,2,516.83,en_cours,marrakech,Carte,LIV9,
CMD44270,CL0145,P097,May 11 2023,3,1551.08,LIVRE,marrakech,Carte,LIV9,2023-05-16
CMD24893,CL0099,P072,Mar 01 2024,2,4983.69,OK,kech,Carte,,
CMD19735,CL0898,P059,20/07/2023,5,565.01,livré,TANGER,Carte,LIV2,2023-07-21
CMD12203,CL0161,P027,19/03/2023,3,846.12,livré,kech,Carte,LIV2,2023-03-24
CMD41579,CL0610,P038,29/02/2024,3,2197.02,annulé,Tnja,Carte,LIV5,
CMD04033,CL0439,P053,Mar 15 2024,1,1760.4,OK,kech,Carte,LIV6,
CMD25297,CL0146,P004,Sep 15 2023,3,435.16,KO,TANGER,Carte,,
CMD29387,CL0043,P091,11/05/2024,3,4139.14,DONE,TANGER,Carte,LIV8,2024-05-13
CMD40714,CL0963,P048,05/02/2024,2,2057.11,OK,marrakech,Carte,LIV7,
CMD45031,CL0600,P071,29/04/2023,4,3329.08,LIVRE,Tnja,Carte,LIV7,2023-05-01
CMD45308,CL0069,P095,Jun 06 2023,4,455.68,livre,tanger,Carte,,
CMD11666,CL0597,P020,16/11/2023,1,1566.16,DONE,marrakech,Carte,LIV6,2023-11-18
CMD03502,CL0858,P015,20/12/2023,3,1910.67,livré,Agadir,Carte,LIV7,2023-12-24
CMD45248,CL0735,P093,02/11/2023,2,254.3,livré,Agadir,Carte,LIV7,2023-11-06
CMD41591,CL0752,P041,28/08/2023,1,120.45,retourné,TNG,Carte,LIV4,2023-08-30
CMD33754,CL0365,P035,2023-02-25,2,3970.48,annulé,TANGER,Carte,LIV3,
CMD12523,CL0869,P005,02/05/2023,4,1943.3,livré,marrakech,Carte,LIV4,2023-05-06
CMD45213,CL0148,P044,Nov 22 2023,3,1705.28,en_cours,marrakech,Carte,LIV9,
CMD32019,CL0894,P026,2023-08-08,1,4383.59,LIVRE,casa,Carte,LIV2,2023-08-09
CMD38824,CL0634,P003,Oct 31 2023,2,1142.05,KO,casa,Carte,LIV1,
CMD26329,CL0495,P042,2024-01-24,1,819.32,DONE,CASABLANCA,Carte,LIV1,2024-01-25
CMD33512,CL0696,P055,Apr 12 2024,1,1180.1,DONE,CASABLANCA,Carte,,2024-04-16
CMD35284,CL0160,P084,19/06/2023,5,2192.13,DONE,tanger,Carte,LIV10,2023-06-24
CMD29753,CL0699,P027,20/04/2023,3,1191.16,livré,TANGER,Carte,LIV2,2023-04-23
CMD14643,CL0276,P003,2024-03-24,3,0,livre,Agadir,Carte,LIV8,
CMD04818,CL0115,P046,2023-02-21,1,2370.79,KO,marrakech,Carte,LIV7,
CMD06202,CL0029,P070,Dec 04 2023,5,1923.15,en_cours,RBA,Carte,LIV1,
CMD14847,CL0389,P020,2023-06-13,1,4584.07,OK,TNG,Carte,LIV9,
CMD28001,CL0866,P073,22/06/2023,4,1800.77,LIVRE,tanger,Carte,LIV9,2023-06-23
CMD35411,CL0840,P061,Apr 03 2023,1,2782.98,livré,kech,Carte,LIV7,2023-04-05
CMD21673,CL0111,P039,Aug 22 2023,4,2644.14,KO,RBA,Carte,LIV3,
CMD17881,CL0829,P025,2023-04-28,2,3706.22,annulé,CASABLANCA,Carte,LIV7,
CMD30381,CL0713,P027,20/10/2023,3,2106.07,livre,RBA,Carte,LIV2,
CMD10672,CL0976,P014,08/07/2023,4,2640.33,livré,CASABLANCA,Carte,LIV7,2023-07-09
CMD10775,CL0555,P053,Sep 06 2023,2,0,LIVRE,TANGER,Carte,,2023-09-07
CMD38976,CL0388,P077,2023-10-27,2,3445.5,retourné,Tnja,Carte,LIV4,2023-10-30
CMD46509,CL0042,P071,Feb 18 2023,4,3637.08,en_cours,Agadir,Carte,LIV1,
CMD40432,CL0308,P061,26/09/2023,1,4609.93,KO,tanger,Carte,LIV5,
CMD01538,CL0204,P029,2023-08-10,4,4271.31,LIVRE,marrakech,Carte,LIV3,2023-08-12
CMD02795,CL0686,P046,2023-10-30,4,2180.86,livré,TANGER,Carte,LIV6,2023-11-04
CMD29707,CL0186,P068,18/12/2023,2,872.7,KO,marrakech,Carte,LIV10,
CMD41095,CL0011,P061,Sep 20 2023,1,3097.46,livré,CASABLANCA,Carte,LIV8,2023-09-21
CMD13349,CL0166,P028,23/03/2023,2,0,livre,TNG,Carte,LIV4,
CMD17275,CL0049,P089,19/09/2023,2,2937.77,KO,tanger,Carte,LIV2,
CMD37918,CL0435,P064,2023-12-03,4,2063.29,LIVRE,casa,Carte,LIV2,2023-12-08
CMD25502,CL0756,P034,Nov 11 2023,5,2685.67,livré,TANGER,Carte,LIV6,2023-11-14
CMD43431,CL0499,P043,Jan 30 2023,5,1320.44,livré,Agadir,Carte,LIV10,2023-02-02
CMD15123,CL0450,P050,May 20 2023,4,2382.16,en_cours,TNG,Carte,LIV6,
CMD21505,CL0331,P033,Mar 18 2023,1,4781.64,livré,Tnja,Carte,LIV4,2023-03-20
CMD07523,CL0009,P051,19/01/2024,4,211.97,en_cours,TANGER,Carte,LIV4,
CMD43300,CL0964,P056,2023-09-05,4,1089.48,en_cours,TNG,Carte,LIV7,
CMD29462,CL0993,P054,14/04/2023,4,2123.24,LIVRE,marrakech,Carte,LIV2,2023-04-18
CMD01216,CL0496,P010,2023-01-01,3,4822.12,en_cours,Agadir,Carte,LIV2,
CMD00892,CL0696,P049,2023-10-18,5,2050.93,livré,tanger,Carte,LIV10,2023-10-20
CMD46297,CL0805,P036,13/03/2024,4,4558.72,retourné,Agadir,Carte,LIV7,2024-03-17
CMD02929,CL0132,P024,Mar 17 2023,4,3711.23,retourné,CASABLANCA,Carte,LIV4,2023-03-18
CMD30581,CL0259,P064,2023-07-01,1,2926.72,LIVRE,TANGER,Carte,LIV7,2023-07-03
CMD09227,CL0877,P050,22/04/2024,2,877.93,OK,CASABLANCA,Carte,LIV1,
CMD26717,CL0030,P065,Sep 25 2023,5,1678.76,LIVRE,casa,Carte,,2023-09-28
CMD18244,CL0422,P026,2023-10-17,4,2714.0,livré,tanger,Carte,LIV6,2023-10-20
CMD09850,CL0743,P057,Jul 14 2023,3,4045.71,OK,marrakech,Carte,LIV8,
CMD13924,CL0898,P042,Apr 22 2024,3,4403.96,en_cours,marrakech,Carte,LIV1,
CMD11061,CL0718,P005,Mar 04 2024,2,2705.66,livré,RBA,Carte,LIV10,2024-03-06
CMD03222,CL0699,P099,Oct 13 2023,1,4954.27,KO,RBA,Carte,LIV10,
CMD15553,CL0171,P044,2023-01-06,3,1895.44,livré,kech,Carte,LIV7,2023-01-08
CMD06766,CL0204,P025,2023-01-05,2,3989.94,livré,kech,Carte,LIV4,2023-01-09
CMD18405,CL0118,P098,18/02/2024,4,4816.57,DONE,TNG,Carte,LIV5,2024-02-21
CMD22408,CL0257,P060,Apr 15 2023,3,4254.38,en_cours,RBA,Carte,LIV5,
CMD05271,CL0857,P010,Dec 26 2023,1,3542.19,annulé,Agadir,Carte,,
CMD38587,CL0292,P033,2024-01-02,2,1580.84,KO,tanger,Carte,LIV7,
CMD17127,CL0240,P099,07/03/2023,3,165.48,livre,casa,Carte,,
CMD30818,CL0225,P006,2023-06-18,5,1551.69,livré,RBA,Carte,LIV2,2023-06-21
CMD29203,CL0522,P027,2024-04-05,3,1207.04,KO,kech,Carte,LIV10,
CMD09546,CL0248,P005,2024-04-26,3,4263.28,KO,CASABLANCA,Carte,LIV9,
CMD44704,CL0809,P067,24/02/2023,5,1914.98,livré,casa,Carte,LIV4,2023-02-27
CMD16084,CL0019,P068,12/09/2023,5,3720.64,livré,Agadir,Carte,LIV6,2023-09-17
CMD47673,CL0444,P076,12/09/2023,5,2283.38,LIVRE,tanger,Carte,LIV10,2023-09-14
CMD07631,CL0664,P097,22/12/2023,1,4870.46,annulé,tanger,Carte,LIV9,
CMD23732,CL0336,P001,Mar 18 2024,3,2700.38,LIVRE,CASABLANCA,Carte,LIV9,2024-03-21
CMD12163,CL0239,P068,2023-12-05,3,3894.33,en_cours,TNG,Carte,LIV10,
CMD37483,CL0917,P049,2024-02-15,5,4402.58,livré,tanger,Carte,LIV6,2024-02-20
CMD03592,CL0282,P016,Apr 01 2024,5,1706.93,livré,CASABLANCA,Carte,LIV2,2024-04-02
CMD42530,CL0324,P066,Dec 16 2023,5,0,livré,tanger,Carte,LIV9,2023-12-17
CMD15655,CL0596,P096,01/10/2023,1,202.76,OK,marrakech,Carte,LIV1,
CMD04017,CL0856,P029,2023-12-02,4,747.86,OK,tanger,Carte,LIV4,
CMD15309,CL0725,P032,2023-06-28,4,1786.35,LIVRE,RBA,Carte,LIV9,2023-07-02
CMD47898,CL0260,P020,28/11/2023,2,1764.16,livré,Tnja,Carte,,2023-12-03
CMD37298,CL0176,P052,06/04/2024,3,2827.51,LIVRE,TANGER,Carte,LIV10,2024-04-08
CMD35328,CL0908,P023,2023-03-08,1,223.02,KO,CASABLANCA,Carte,LIV2,
CMD18160,CL0309,P032,2023-09-19,1,2421.21,DONE,RBA,Carte,LIV2,2023-09-22
CMD25664,CL0399,P005,Apr 04 2024,4,3406.95,livré,casa,Carte,LIV7,2024-04-09
CMD39555,CL0784,P070,2023-07-28,4,4379.35,retourné,CASABLANCA,Carte,LIV6,2023-07-29
CMD24142,CL0298,P043,Apr 13 2024,1,3378.89,OK,TNG,Carte,LIV2,
CMD42579,CL0441,P084,Apr 23 2023,1,3343.32,LIVRE,TANGER,Carte,LIV10,2023-04-28
CMD26735,CL0344,P046,04/12/2023,2,3961.42,retourné,Tnja,Carte,LIV2,2023-12-08
CMD43686,CL0489,P005,Nov 18 2023,4,2580.01,annulé,kech,Carte,LIV8,
CMD27702,CL0587,P079,2023-04-25,3,1007.76,annulé,kech,Carte,LIV3,
CMD40031,CL0440,P027,26/10/2023,5,158.24,KO,marrakech,Carte,LIV3,
CMD06926,CL0410,P068,Oct 24 2023,5,689.48,livré,casa,Carte,LIV10,2023-10-29
CMD36649,CL0423,P096,09/12/2023,4,2435.14,livré,Agadir,Carte,LIV9,2023-12-12
CMD27111,CL0093,P044,10/05/2023,5,2857.88,livré,kech,Carte,LIV7,2023-05-13
CMD08871,CL0527,P086,Apr 20 2023,4,4081.86,livre,tanger,Carte,LIV5,
CMD27231,CL0097,P100,Feb 22 2024,1,3578.29,LIVRE,TANGER,Carte,LIV10,2024-02-26
CMD04186,CL0575,P100,28/09/2023,2,1943.6,DONE,kech,Carte,LIV3,2023-09-30
CMD16495,CL0570,P025,08/11/2023,1,1626.59,LIVRE,casa,Carte,LIV8,2023-11-12
CMD29468,CL0519,P040,2023-02-10,3,4472.89,OK,TANGER,Carte,LIV8,
CMD07731,CL0007,P023,Sep 14 2023,2,4541.46,annulé,TANGER,Carte,LIV8,
CMD16638,CL0878,P021,May 13 2024,4,2946.42,livré,TANGER,Carte,LIV3,2024-05-18
CMD42933,CL0692,P066,Mar 17 2024,5,2859.74,KO,Tnja,Carte,LIV7,
CMD39612,CL0445,P045,06/11/2023,1,4091.18,livré,tanger,Carte,LIV6,2023-11-08
CMD13946,CL0465,P032,12/05/2024,1,2975.19,OK,CASABLANCA,Carte,LIV5,
CMD06605,CL0090,P068,2023-07-05,2,4091.52,OK,kech,Carte,,
CMD19099,CL0906,P038,29/02/2024,3,506.13,annulé,Agadir,Carte,LIV4,
CMD35047,CL0323,P007,16/04/2023,1,684.48,livré,kech,Carte,LIV9,2023-04-20
CMD20212,CL0313,P024,22/08/2023,3,4397.59,retourné,TNG,Carte,,2023-08-24
CMD27372,CL0663,P048,11/09/2023,1,3450.7,en_cours,Agadir,Carte,LIV9,
CMD01085,CL0356,P015,13/09/2023,1,1381.73,en_cours,Agadir,Carte,,
CMD28831,CL0563,P055,2024-02-13,4,1280.47,livre,CASABLANCA,Carte,LIV5,
CMD08067,CL0281,P073,23/06/2023,2,82.47,DONE,casa,Carte,LIV1,2023-06-25
CMD10487,CL0976,P092,2023-12-06,2,3188.15,livré,RBA,Carte,LIV9,2023-12-11
CMD47290,CL0029,P023,27/03/2023,4,960.24,OK,CASABLANCA,Carte,,
CMD08618,CL0472,P035,Jul 17 2023,4,4288.47,livré,kech,Carte,LIV10,2023-07-19
CMD26470,CL0127,P084,02/04/2023,4,1987.85,livre,RBA,Carte,,
CMD44660,CL0250,P084,2023-12-19,2,1670.37,livré,casa,Carte,LIV10,2023-12-20
CMD18299,CL0141,P062,Oct 28 2023,3,635.01,livré,Agadir,Carte,LIV4,2023-11-01
CMD34301,CL0048,P074,Dec 20 2023,4,1124.21,OK,RBA,Carte,LIV9,
CMD14194,CL0320,P048,15/04/2023,4,1374.58,DONE,TNG,Carte,LIV10,2023-04-19
CMD08135,CL0653,P038,Dec 11 2023,3,3602.85,livré,CASABLANCA,Carte,LIV7,2023-12-14
CMD10522,CL0063,P056,Oct 10 2023,5,3966.15,OK,casa,Carte,,
CMD44412,CL0284,P042,11/04/2023,4,3669.65,livre,Agadir,Carte,LIV4,
CMD09800,CL0057,P028,Feb 05 2024,5,2496.43,LIVRE,casa,Carte,LIV2,2024-02-06
CMD01315,CL0931,P075,08/02/2024,3,341.12,livre,CASABLANCA,Carte,LIV3,
CMD16427,CL0441,P016,11/02/2023,3,4881.66,en_cours,kech,Carte,LIV6,
CMD43119,CL0144,P010,Jan 31 2024,2,2391.43,retourné,RBA,Carte,LIV3,2024-02-05
CMD23577,CL0842,P002,2024-03-01,5,2134.46,livré,casa,Carte,LIV7,2024-03-02
CMD14442,CL0903,P062,30/03/2023,4,4632.47,retourné,TANGER,Carte,LIV2,2023-04-03
CMD23707,CL0988,P062,2023-03-17,1,4206.48,livré,Tnja,Carte,LIV9,2023-03-21
CMD48259,CL0173,P069,02/03/2023,4,833.01,livré,TNG,Carte,LIV2,2023-03-04
CMD22245,CL0889,P078,21/07/2023,5,894.57,livré,marrakech,Carte,LIV4,2023-07-26
CMD44906,CL0781,P044,03/03/2023,2,3934.08,en_cours,CASABLANCA,Carte,LIV7,
CMD26380,CL0366,P006,02/01/2023,5,1266.85,en_cours,RBA,Carte,LIV2,
CMD34005,CL0136,P020,29/10/2023,5,876.71,livré,RBA,Carte,LIV2,2023-11-03
CMD19006,CL0146,P005,2024-03-08,4,4222.75,KO,kech,Carte,LIV1,
CMD33451,CL0370,P016,Aug 27 2023,2,1100.59,en_cours,Tnja,Carte,LIV6,
CMD22082,CL0437,P025,2023-07-13,5,1829.3,OK,Tnja,Carte,LIV10,
CMD37840,CL0532,P054,Jan 14 2023,2,1773.83,livré,CASABLANCA,Carte,LIV7,2023-01-16
CMD31861,CL0331,P068,2023-12-20,3,637.05,livré,Tnja,Carte,LIV1,2023-12-25
CMD13917,CL0749,P031,Jan 27 2024,3,2895.78,KO,RBA,Carte,,
CMD34072,CL0439,P092,Apr 07 2024,1,2955.92,LIVRE,tanger,Carte,LIV8,2024-04-08
CMD46369,CL0791,P051,Mar 16 2024,2,1617.31,livré,Tnja,Carte,LIV3,2024-03-21
CMD04048,CL0938,P086,2023-06-30,5,3127.4,DONE,TANGER,Carte,LIV10,2023-07-03
CMD38922,CL0058,P016,06/11/2023,1,3315.92,en_cours,RBA,Carte,LIV6,
CMD07616,CL0045,P092,May 06 2024,1,1875.25,livré,CASABLANCA,Carte,LIV10,2024-05-09
CMD14766,CL0503,P089,10/01/2024,2,870.78,DONE,marrakech,Carte,LIV10,2024-01-12
CMD10272,CL0108,P081,Jan 05 2024,3,3979.2,DONE,marrakech,Carte,LIV5,2024-01-06
CMD04532,CL0073,P085,2023-12-15,3,4216.61,LIVRE,TNG,Carte,LIV3,2023-12-18
CMD44708,CL0286,P091,Feb 09 2023,3,117.22,livre,TANGER,Carte,LIV1,
CMD06494,CL0471,P091,14/09/2023,2,4619.78,livré,TANGER,Carte,LIV4,2023-09-18
CMD22030,CL0344,P055,02/12/2023,4,2423.94,DONE,marrakech,Carte,LIV3,2023-12-07
CMD34386,CL0804,P067,Apr 19 2023,3,2033.72,annulé,CASABLANCA,Carte,LIV8,
CMD42723,CL0782,P049,Jun 14 2023,3,2051.8,en_cours,kech,Carte,LIV2,
CMD06876,CL0610,P025,2024-03-21,5,1952.81,livre,Tnja,Carte,LIV6,
CMD04088,CL0908,P088,2024-02-20,3,2190.29,livré,CASABLANCA,Carte,LIV3,2024-02-25
CMD30062,CL0605,P078,2023-10-21,4,3415.74,livré,RBA,Carte,LIV6,2023-10-25
CMD42260,CL0676,P091,Aug 03 2023,3,2553.28,livré,CASABLANCA,Carte,LIV1,2023-08-08
CMD14516,CL0049,P090,06/06/2023,4,0,livré,Tnja,Carte,LIV9,2023-06-10
CMD23346,CL0782,P071,2023-01-06,2,894.4,annulé,kech,Carte,LIV1,
CMD47874,CL0129,P027,2023-04-29,2,4504.5,livré,kech,Carte,LIV8,2023-05-02
CMD37120,CL0704,P070,2023-12-26,5,4235.13,retourné,RBA,Carte,,2023-12-28
CMD00606,CL0702,P003,2023-03-08,1,3613.44,DONE,TNG,Carte,LIV6,2023-03-11
CMD37731,CL0466,P005,17/03/2023,3,3475.16,livré,marrakech,Carte,LIV2,2023-03-20
CMD39820,CL0562,P042,Jul 27 2023,1,259.84,KO,CASABLANCA,Carte,LIV3,
CMD41039,CL0853,P054,2023-06-03,4,2610.85,annulé,kech,Carte,LIV5,
CMD24386,CL0419,P004,Mar 17 2023,5,1479.08,livré,tanger,Carte,LIV5,2023-03-21
CMD43448,CL0004,P057,14/01/2023,4,4699.04,KO,marrakech,Carte,,
CMD33425,CL0521,P046,23/03/2023,3,3635.1,annulé,tanger,Carte,LIV8,
CMD29087,CL0109,P058,2024-01-04,2,1539.22,annulé,Tnja,Carte,LIV8,
CMD48466,CL0235,P032,2023-05-16,4,0,LIVRE,TNG,Carte,LIV6,2023-05-21
CMD37420,CL0581,P085,17/06/2023,5,1733.35,retourné,tanger,Carte,LIV4,2023-06-20
CMD22176,CL0418,P054,Nov 05 2023,4,3543.6,KO,TNG,Carte,LIV7,
CMD23121,CL0730,P001,Aug 05 2023,5,2399.66,retourné,tanger,Carte,LIV4,2023-08-09
CMD39822,CL0230,P098,Oct 17 2023,2,1085.88,livre,kech,Carte,LIV1,
CMD02197,CL0930,P039,2023-01-22,5,3968.52,livré,kech,Carte,LIV5,2023-01-27
CMD36650,CL0815,P070,04/04/2023,1,1159.8,KO,Tnja,Carte,LIV9,
CMD06780,CL0820,P021,2023-06-09,1,1054.16,en_cours,Tnja,Carte,LIV1,
CMD00489,CL0879,P076,01/12/2023,5,2516.34,livré,Tnja,Carte,LIV7,2023-12-02
CMD31285,CL0827,P033,2023-09-07,4,1886.62,KO,RBA,Carte,LIV6,
CMD46620,CL0124,P007,15/03/2023,3,4024.98,livré,Tnja,Carte,LIV7,2023-03-16
CMD43566,CL0806,P074,Mar 13 2023,5,526.7,livré,TANGER,Carte,LIV4,2023-03-15
CMD22838,CL0492,P079,2023-04-15,5,4433.64,livre,casa,Carte,LIV4,
CMD30017,CL0927,P079,2023-03-25,4,3436.04,livré,marrakech,Carte,LIV4,2023-03-30
CMD34136,CL0676,P055,Feb 23 2024,2,2845.59,livre,CASABLANCA,Carte,LIV10,
CMD41715,CL0703,P065,24/10/2023,4,435.2,en_cours,casa,Carte,,
CMD33640,CL0778,P080,07/01/2023,4,2193.02,annulé,TNG,Carte,LIV6,
CMD26882,CL0483,P035,06/05/2024,1,4816.64,retourné,Agadir,Carte,LIV8,2024-05-09
CMD30087,CL0680,P010,Dec 29 2023,2,3262.71,KO,TNG,Carte,LIV9,
CMD24450,CL0052,P014,2023-10-19,1,247.78,livré,casa,Carte,LIV7,2023-10-22
CMD44438,CL0525,P074,06/01/2023,4,830.81,livré,TANGER,Carte,,2023-01-07
CMD00122,CL0081,P064,Jul 07 2023,1,2328.96,annulé,TANGER,Carte,LIV9,
CMD08932,CL0271,P022,30/07/2023,-1,3233.94,KO,kech,Carte,LIV7,
CMD14133,CL0147,P052,2023-12-04,1,3236.54,en_cours,RBA,Carte,LIV5,
CMD27891,CL0158,P034,30/05/2023,1,4858.5,en_cours,Agadir,Carte,LIV3,
CMD19019,CL0208,P074,12/09/2023,3,3013.59,livre,Agadir,Carte,LIV7,
CMD01410,CL0821,P047,23/11/2023,2,2717.49,DONE,Agadir,Carte,LIV6,2023-11-28
CMD32865,CL0419,P036,20/07/2023,5,2993.61,DONE,TNG,Carte,LIV10,2023-07-25
CMD10899,CL0528,P025,2023-02-09,1,3747.19,retourné,tanger,Carte,LIV10,2023-02-11
CMD06260,CL0754,P085,Sep 19 2023,2,3135.76,livré,CASABLANCA,Carte,LIV9,2023-09-24
CMD04397,CL0800,P082,Jun 22 2023,2,3903.58,KO,Tnja,Carte,,
CMD05896,CL0226,P074,05/01/2024,1,4197.96,en_cours,Tnja,Carte,LIV8,
CMD47289,CL0579,P067,10/05/2023,1,1996.42,livré,Tnja,Carte,LIV1,2023-05-15
CMD20640,CL0420,P033,2024-02-22,1,4235.42,livré,tanger,Carte,LIV6,2024-02-25
CMD14868,CL0538,P007,Feb 20 2024,4,465.11,DONE,RBA,Carte,LIV1,2024-02-24
CMD33740,CL0644,P069,Mar 21 2024,4,2640.09,LIVRE,RBA,Carte,LIV2,2024-03-24
CMD41735,CL0669,P066,Jun 19 2023,2,3559.77,livre,CASABLANCA,Carte,LIV2,
CMD12964,CL0682,P019,12/06/2023,2,2255.48,KO,TNG,Carte,LIV3,
CMD21765,CL0005,P059,23/03/2024,4,3754.81,livré,TNG,Carte,LIV5,2024-03-24
CMD44852,CL0097,P029,Aug 21 2023,4,3730.93,annulé,TNG,Carte,LIV4,
CMD31547,CL0522,P051,2023-01-23,2,2346.96,annulé,RBA,Carte,LIV7,
CMD08710,CL0953,P005,Dec 02 2023,3,1349.26,livré,TANGER,Carte,LIV6,2023-12-07
CMD10663,CL0764,P069,12/12/2023,5,850.67,LIVRE,RBA,Carte,LIV10,2023-12-14
CMD24335,CL0683,P072,19/10/2023,4,4209.97,en_cours,kech,Carte,LIV7,
CMD01787,CL0438,P055,Jun 04 2023,3,4634.68,livré,TANGER,Carte,LIV1,2023-06-06
CMD35250,CL0141,P048,17/03/2023,4,3555.43,OK,CASABLANCA,Carte,LIV2,
CMD17634,CL0653,P080,11/01/2023,2,3523.27,livré,casa,Carte,LIV10,2023-01-15
CMD16013,CL0815,P067,2024-01-18,1,920.87,OK,casa,Carte,LIV5,
CMD03296,CL0866,P019,01/11/2023,3,3770.67,livre,kech,Carte,LIV10,
CMD05487,CL0397,P072,15/04/2023,1,3989.58,annulé,tanger,Carte,LIV2,
CMD12708,CL0846,P039,23/09/2023,4,4239.73,retourné,kech,Carte,LIV9,2023-09-28
CMD28644,CL0476,P066,2023-03-20,2,2277.54,livre,CASABLANCA,Carte,LIV2,
CMD46416,CL0183,P098,16/12/2023,3,1252.37,KO,tanger,Carte,LIV1,
CMD02199,CL0767,P022,2023-04-01,2,1447.12,KO,casa,Carte,LIV9,
CMD15425,CL0267,P015,2024-05-12,5,2958.39,en_cours,RBA,Carte,LIV3,
CMD25478,CL0028,P059,02/07/2023,1,2894.35,livré,CASABLANCA,Carte,LIV6,2023-07-04
CMD29236,CL0138,P078,2023-11-15,1,2517.49,livre,Agadir,Carte,LIV6,
CMD36852,CL0893,P013,2023-10-29,3,633.27,livre,Tnja,Carte,LIV8,
CMD40012,CL0340,P004,13/01/2023,5,4780.92,annulé,TNG,Carte,LIV5,
CMD11557,CL0575,P079,Jul 18 2023,5,1520.61,DONE,marrakech,Carte,LIV3,2023-07-19
CMD38699,CL0770,P023,Jan 09 2023,4,4550.67,OK,Agadir,Carte,,
CMD44219,CL0977,P087,May 17 2023,4,4487.53,LIVRE,Tnja,Carte,,2023-05-21
CMD31765,CL0579,P067,2023-02-03,1,3126.23,retourné,kech,Carte,,2023-02-08
CMD12196,CL0216,P046,Feb 22 2023,2,2580.68,livré,CASABLANCA,Carte,LIV6,2023-02-25
CMD28508,CL0051,P075,2023-02-20,1,1869.55,en_cours,kech,Carte,LIV7,
CMD00537,CL0549,P095,Mar 08 2023,5,635.89,annulé,casa,Carte,LIV8,
CMD07227,CL0140,P028,Aug 05 2023,1,2020.59,LIVRE,tanger,Carte,LIV1,2023-08-07
CMD39949,CL0857,P017,2024-01-21,5,4322.57,livré,Agadir,Carte,LIV10,2024-01-26
CMD28518,CL0666,P013,Mar 24 2024,2,4584.15,DONE,tanger,Carte,LIV2,2024-03-27
CMD04410,CL0092,P077,13/11/2023,5,2275.81,DONE,marrakech,Carte,LIV8,2023-11-15
CMD23683,CL0700,P071,17/12/2023,3,884.86,livre,tanger,Carte,LIV7,
CMD45149,CL0871,P091,Oct 22 2023,5,3852.57,OK,marrakech,Carte,LIV9,
CMD18093,CL0907,P006,Aug 16 2023,2,0,retourné,TANGER,Carte,LIV5,2023-08-19
CMD48322,CL0338,P075,22/08/2023,5,2635.81,livre,casa,Carte,LIV1,
CMD32778,CL0598,P010,2023-01-09,1,4864.43,DONE,Tnja,Carte,LIV1,2023-01-11
CMD04920,CL0087,P058,16/07/2023,5,2849.4,en_cours,kech,Carte,LIV3,
CMD41078,CL0673,P069,Jan 11 2024,3,1422.44,en_cours,Tnja,Carte,LIV7,
CMD27146,CL0039,P059,Feb 07 2024,3,2342.41,LIVRE,RBA,Carte,LIV3,2024-02-12
CMD31197,CL0878,P004,2023-03-04,3,1438.08,LIVRE,TNG,Carte,LIV3,2023-03-08
CMD40537,CL0984,P008,Aug 30 2023,2,3683.86,LIVRE,Tnja,Carte,LIV2,2023-09-02
CMD00359,CL0138,P038,2023-08-23,2,4430.38,retourné,RBA,Carte,,2023-08-26
CMD03773,CL0810,P004,2023-08-05,4,1859.72,retourné,Tnja,Carte,LIV4,2023-08-08
CMD06749,CL0964,P085,2024-03-11,3,4571.23,OK,marrakech,Carte,LIV9,
CMD38312,CL0230,P089,27/09/2023,3,1319.41,livré,RBA,Carte,LIV3,2023-10-02
CMD29340,CL0479,P050,Apr 12 2024,1,1394.43,OK,Agadir,Carte,LIV6,
CMD17775,CL0529,P091,31/01/2024,2,2898.33,retourné,RBA,Carte,LIV4,2024-02-02
CMD47969,CL0928,P043,25/08/2023,4,2627.4,en_cours,kech,Carte,,
CMD27444,CL0644,P084,May 03 2024,1,4646.08,en_cours,Agadir,Carte,LIV3,
CMD15985,CL0206,P008,06/07/2023,3,2498.28,annulé,marrakech,Carte,LIV6,
CMD23344,CL0663,P093,2024-01-25,4,4029.07,livré,TANGER,Carte,LIV10,2024-01-27
CMD21853,CL0990,P089,2023-10-26,2,4376.4,OK,tanger,Carte,,
CMD26053,CL0975,P090,Apr 09 2024,4,0,KO,Tnja,Carte,LIV10,
CMD20409,CL0271,P058,Feb 23 2023,2,4268.3,LIVRE,CASABLANCA,Carte,LIV10,2023-02-27
CMD15519,CL0297,P049,03/09/2023,2,1815.21,livré,TNG,Carte,LIV1,2023-09-07
CMD39693,CL0991,P002,Jan 17 2023,1,3168.2,livré,TNG,Carte,LIV4,2023-01-18
CMD39411,CL0446,P072,2023-09-15,3,4064.56,en_cours,TNG,Carte,LIV7,
CMD12329,CL0684,P079,13/07/2023,3,2789.52,en_cours,casa,Carte,LIV1,
CMD00989,CL0171,P032,Nov 22 2023,5,4535.01,KO,TANGER,Carte,LIV10,
CMD04796,CL0384,P002,Oct 18 2023,1,4727.92,OK,Agadir,Carte,LIV1,
CMD30147,CL0579,P011,16/06/2023,5,4797.29,livré,kech,Carte,LIV8,2023-06-21
CMD46892,CL0571,P072,Jan 23 2023,5,3871.9,retourné,marrakech,Carte,,2023-01-28
CMD38819,CL0322,P063,17/06/2023,2,1449.66,livre,casa,Carte,LIV8,
CMD41747,CL0206,P018,2024-02-11,3,2244.04,OK,Agadir,Carte,LIV4,
CMD28646,CL0446,P094,2024-01-15,3,0,livré,TNG,Carte,LIV3,2024-01-16
CMD33347,CL0814,P021,2023-09-18,3,4915.72,en_cours,casa,Carte,LIV8,
CMD25449,CL0292,P014,05/03/2023,5,2307.9,KO,kech,Carte,LIV8,
CMD13873,CL0145,P083,Apr 05 2024,4,0,en_cours,Tnja,Carte,LIV8,
CMD35504,CL0207,P047,Sep 12 2023,4,2705.88,annulé,CASABLANCA,Carte,LIV4,
CMD18003,CL0869,P052,2024-04-09,2,1034.45,LIVRE,TANGER,Carte,LIV7,2024-04-14
CMD06013,CL0602,P090,03/08/2023,3,4606.34,DONE,Tnja,Carte,LIV7,2023-08-05
CMD10888,CL0618,P096,2024-04-02,1,175.53,livré,kech,Carte,LIV7,2024-04-06
CMD17010,CL0271,P092,Nov 03 2023,4,4185.19,KO,marrakech,Carte,LIV9,
CMD34190,CL0097,P011,07/10/2023,2,3526.79,OK,marrakech,Carte,LIV6,
CMD37552,CL0107,P075,2023-03-28,2,4181.26,livré,CASABLANCA,Carte,LIV1,2023-04-01
CMD45412,CL0709,P006,16/02/2024,2,4096.68,en_cours,CASABLANCA,Carte,LIV3,
CMD30356,CL0829,P080,2023-05-25,1,144.69,OK,tanger,Carte,LIV3,
CMD09316,CL0839,P061,2024-04-02,5,4168.92,livré,casa,Carte,LIV3,2024-04-04
CMD22284,CL0624,P014,2024-01-22,4,0,retourné,CASABLANCA,Carte,,2024-01-27
CMD29913,CL0480,P007,10/03/2024,5,704.54,annulé,RBA,Carte,LIV6,
CMD38169,CL0969,P097,19/09/2023,3,2594.04,annulé,Tnja,Carte,LIV9,
CMD39450,CL0624,P018,2024-01-13,4,2746.66,annulé,RBA,Carte,LIV2,
CMD22253,CL0394,P039,2023-01-16,1,1723.26,livré,casa,Carte,LIV10,2023-01-20
CMD23643,CL0917,P028,17/05/2023,1,1710.44,livré,CASABLANCA,Carte,LIV10,2023-05-18
CMD22213,CL0709,P059,Jun 12 2023,2,823.35,OK,CASABLANCA,Carte,LIV1,
CMD24459,CL0225,P032,2024-03-05,1,4355.21,livré,TANGER,Carte,LIV6,2024-03-07
CMD29446,CL0406,P018,May 07 2023,4,1879.41,annulé,marrakech,Carte,LIV4,
CMD21643,CL0011,P039,22/05/2023,3,1494.39,livré,kech,Carte,LIV3,2023-05-23
CMD34729,CL0887,P062,2023-03-18,2,2674.63,OK,marrakech,Carte,LIV6,
CMD18129,CL0682,P035,Feb 29 2024,3,1940.44,livré,kech,Carte,LIV8,2024-03-05
CMD06908,CL0404,P065,Feb 09 2024,2,827.57,en_cours,casa,Carte,LIV5,
CMD13790,CL0363,P098,2023-07-16,1,3313.46,livre,TNG,Carte,LIV1,
CMD32359,CL0676,P063,2024-02-21,4,1218.91,livre,casa,Carte,LIV9,
CMD01038,CL0847,P006,19/02/2024,3,2791.13,KO,RBA,Carte,,
CMD03760,CL0785,P046,Aug 30 2023,1,3635.09,DONE,marrakech,Carte,LIV7,2023-09-04
CMD33050,CL0870,P085,07/04/2024,4,3813.54,livre,marrakech,Carte,LIV6,
CMD35992,CL0881,P023,2024-03-29,1,4116.94,annulé,kech,Carte,LIV2,
CMD10198,CL0403,P003,02/04/2023,2,1001.16,livre,Tnja,Carte,LIV4,
CMD06491,CL0940,P089,2023-11-05,5,3515.83,KO,TNG,Carte,LIV3,
CMD27559,CL0090,P066,2024-01-22,1,4253.48,retourné,tanger,Carte,LIV3,2024-01-25
CMD25291,CL0987,P068,2023-09-21,3,1429.29,retourné,CASABLANCA,Carte,LIV7,2023-09-22
CMD08810,CL0628,P099,2024-03-21,2,2907.49,OK,Agadir,Carte,LIV7,
CMD19415,CL0737,P077,2024-02-03,2,3894.19,en_cours,RBA,Carte,LIV9,
CMD28730,CL0961,P001,2023-01-28,5,1041.22,KO,tanger,Carte,LIV7,
CMD20757,CL0823,P001,14/04/2023,4,1258.52,livre,TANGER,Carte,LIV8,
CMD04421,CL0184,P065,2023-07-27,5,302.15,annulé,casa,Carte,LIV4,
CMD18303,CL0041,P020,2023-05-25,4,3930.01,OK,TANGER,Carte,LIV2,
CMD16830,CL0407,P056,2024-04-03,5,3584.16,OK,TANGER,Carte,LIV6,
CMD24105,CL0665,P075,24/08/2023,2,2441.06,en_cours,Tnja,Carte,LIV1,
CMD41622,CL0654,P026,Sep 04 2023,3,1106.02,en_cours,Tnja,Carte,LIV3,
CMD44221,CL0070,P046,2024-03-31,3,2601.29,KO,casa,Carte,LIV2,
CMD12746,CL0091,P095,2023-06-26,2,841.61,KO,Agadir,Carte,LIV2,
CMD33066,CL0166,P033,Oct 31 2023,3,3232.61,retourné,tanger,Carte,LIV3,2023-11-03
CMD29053,CL0034,P054,Oct 14 2023,2,4466.56,KO,TNG,Carte,LIV10,
CMD19445,CL0932,P007,May 14 2023,5,1402.92,annulé,casa,Carte,LIV8,
CMD05807,CL0240,P003,31/10/2023,3,3972.71,livré,TANGER,Carte,LIV2,2023-11-01
CMD25379,CL0220,P022,21/01/2023,3,2719.47,livré,marrakech,Carte,LIV8,2023-01-26
CMD03670,CL0655,P095,07/11/2023,3,3596.83,livre,CASABLANCA,Carte,LIV3,
CMD39867,CL0300,P019,2024-01-12,1,0,livré,TANGER,Carte,LIV8,2024-01-15
CMD10126,CL0403,P029,20/02/2024,5,4038.96,KO,marrakech,Carte,LIV6,
CMD06186,CL0720,P010,Jul 31 2023,2,4722.36,en_cours,tanger,Carte,LIV3,
CMD44608,CL0777,P035,24/10/2023,5,659.56,DONE,kech,Carte,LIV8,2023-10-27
CMD42487,CL0494,P039,26/08/2023,2,917.17,livré,Tnja,Carte,LIV5,2023-08-30
CMD16811,CL0203,P039,2023-04-12,3,4112.28,livré,tanger,Carte,LIV3,2023-04-16
CMD34448,CL0723,P059,May 13 2024,3,4162.74,en_cours,tanger,Carte,LIV4,
CMD20219,CL0864,P029,2024-03-18,4,1858.15,livré,tanger,Carte,LIV4,2024-03-21
CMD37986,CL0431,P055,2023-04-05,1,230.91,LIVRE,RBA,Carte,LIV5,2023-04-07
CMD37670,CL0799,P062,22/09/2023,5,951.01,livre,TNG,Carte,LIV10,
CMD39582,CL0976,P009,Sep 20 2023,2,4248.68,retourné,TANGER,Carte,LIV1,2023-09-21
CMD20948,CL0810,P037,11/04/2023,2,1630.0,KO,Agadir,Carte,LIV8,
CMD14493,CL0690,P071,20/12/2023,1,3723.4,LIVRE,CASABLANCA,Carte,,2023-12-23
CMD12559,CL0179,P005,07/01/2023,1,2014.69,LIVRE,casa,Carte,LIV3,2023-01-11
CMD14849,CL0296,P088,Feb 16 2024,4,4150.97,livré,tanger,Carte,,2024-02-19
CMD09270,CL0948,P027,Mar 23 2024,5,1668.4,livré,TANGER,Carte,,2024-03-26
CMD26182,CL0723,P005,Mar 04 2023,2,4258.23,OK,tanger,Carte,LIV9,
CMD06974,CL0224,P022,Mar 30 2023,2,3842.95,OK,casa,Carte,LIV3,
CMD07813,CL0994,P053,31/05/2023,3,3000.07,retourné,tanger,Carte,LIV3,2023-06-03
CMD47078,CL0036,P059,11/06/2023,1,2889.21,DONE,casa,Carte,LIV5,2023-06-16
CMD26767,CL0423,P004,18/08/2023,1,2999.25,livre,Tnja,Carte,LIV3,
CMD12150,CL0075,P027,2024-05-03,5,4658.83,DONE,kech,Carte,LIV8,2024-05-05
CMD10579,CL0028,P012,2023-11-18,1,415.25,en_cours,marrakech,Carte,LIV3,
CMD13992,CL0371,P082,30/04/2024,2,2929.36,livre,Tnja,Carte,LIV6,
CMD31587,CL1000,P034,08/01/2024,2,1627.24,LIVRE,TNG,Carte,LIV1,2024-01-11
CMD02185,CL0947,P021,2024-03-08,4,4641.45,livré,Tnja,Carte,LIV10,2024-03-10
CMD43342,CL0424,P068,17/04/2024,3,975.78,DONE,CASABLANCA,Carte,LIV3,2024-04-21
CMD41737,CL0997,P068,2023-04-08,5,3079.3,retourné,CASABLANCA,Carte,LIV6,2023-04-10
CMD39629,CL0692,P072,27/03/2023,4,4375.12,livré,marrakech,Carte,LIV2,2023-03-29
CMD27578,CL0583,P008,Apr 07 2024,5,1680.65,OK,tanger,Carte,LIV1,
CMD05077,CL0750,P033,Jul 01 2023,2,2258.41,livré,marrakech,Carte,LIV6,2023-07-04
CMD05927,CL0245,P003,14/07/2023,5,2902.71,DONE,casa,Carte,LIV2,2023-07-18
CMD27139,CL0116,P053,2023-06-06,1,1367.51,retourné,RBA,Carte,LIV8,2023-06-08
CMD41334,CL0132,P073,2023-03-22,2,3230.93,livré,casa,Carte,LIV9,2023-03-23
CMD34613,CL0207,P095,2023-10-23,3,4519.43,livré,casa,Carte,LIV7,2023-10-27
CMD18847,CL0022,P049,2023-03-01,1,3208.99,DONE,marrakech,Carte,LIV3,2023-03-04
CMD16353,CL0640,P056,Jan 11 2023,4,4182.89,LIVRE,casa,Carte,LIV2,2023-01-16
CMD13493,CL0800,P057,Jan 22 2023,2,2386.98,en_cours,casa,Carte,LIV6,
CMD44479,CL0879,P029,21/04/2024,1,0,DONE,Agadir,Carte,LIV5,2024-04-25
CMD05031,CL0913,P026,2023-11-06,2,4182.46,annulé,Tnja,Carte,LIV7,
CMD34862,CL0847,P036,Apr 24 2023,3,3099.6,livré,TNG,Carte,LIV10,2023-04-25
CMD45678,CL0346,P018,Nov 25 2023,4,1654.59,KO,Tnja,Carte,LIV9,
CMD22592,CL0395,P099,May 16 2023,5,1462.99,livré,marrakech,Carte,LIV5,2023-05-17
CMD11483,CL0125,P022,2024-04-18,3,414.38,KO,TNG,Carte,LIV8,
CMD47688,CL0214,P045,13/08/2023,2,4436.16,retourné,Tnja,Carte,LIV9,2023-08-17
CMD16554,CL0225,P070,2023-10-28,5,3736.98,annulé,casa,Carte,LIV9,
CMD05558,CL0573,P072,Nov 30 2023,2,3591.41,en_cours,TANGER,Carte,LIV9,
CMD19893,CL0564,P099,Mar 09 2024,5,2427.2,OK,RBA,Carte,LIV1,
CMD14338,CL0328,P039,Oct 18 2023,2,580.56,livré,marrakech,Carte,LIV6,2023-10-19
CMD09401,CL0912,P074,Sep 12 2023,1,4221.36,OK,TANGER,Carte,LIV8,
CMD37453,CL0903,P001,Dec 06 2023,3,759.0,retourné,marrakech,Carte,LIV1,2023-12-11
CMD02120,CL0705,P058,22/12/2023,5,1251.51,livré,kech,Carte,LIV3,2023-12-26
CMD01058,CL0756,P076,2023-09-12,5,2998.86,KO,casa,Carte,,
CMD11295,CL0491,P061,29/05/2023,3,1494.38,livré,Tnja,Carte,LIV2,2023-06-03
CMD10688,CL0222,P021,04/08/2023,1,4310.56,DONE,casa,Carte,LIV5,2023-08-07
CMD20724,CL0780,P076,07/12/2023,2,1435.59,livré,kech,Carte,LIV1,2023-12-10
CMD39414,CL0925,P054,Apr 02 2024,2,2907.14,KO,tanger,Carte,LIV9,
CMD31976,CL0628,P037,May 09 2023,2,497.2,annulé,tanger,Carte,LIV5,
CMD00810,CL0752,P088,29/03/2024,5,2078.95,LIVRE,Agadir,Carte,LIV10,2024-04-01
CMD11734,CL0612,P020,22/05/2023,3,1482.13,OK,TNG,Carte,LIV5,
CMD33419,CL0715,P014,13/04/2023,3,3432.99,KO,CASABLANCA,Carte,,
CMD26974,CL0295,P051,07/08/2023,5,4605.36,en_cours,RBA,Carte,LIV5,
CMD40943,CL0995,P085,Apr 20 2024,4,591.78,OK,Agadir,Carte,LIV7,
CMD04190,CL0740,P083,Feb 17 2023,1,2939.32,en_cours,tanger,Carte,,
CMD26672,CL0322,P048,Apr 24 2024,4,2134.18,livre,Agadir,Carte,LIV10,
CMD23013,CL0519,P098,19/01/2024,2,3906.78,livré,Tnja,Carte,LIV10,2024-01-22
CMD46805,CL0004,P077,08/09/2023,3,2628.03,DONE,TANGER,Carte,,2023-09-09
CMD04903,CL0161,P055,2024-02-19,4,1524.25,livré,Agadir,Carte,LIV8,2024-02-21
CMD09398,CL0622,P017,28/06/2023,3,0,livré,Agadir,Carte,LIV10,2023-06-29
CMD43503,CL0037,P062,16/03/2024,4,452.04,annulé,TNG,Carte,LIV1,
CMD33886,CL0016,P086,2023-04-02,1,2567.4,retourné,marrakech,Carte,LIV3,2023-04-03
CMD22978,CL0202,P010,Mar 08 2023,3,3679.72,retourné,Tnja,Carte,LIV5,2023-03-09
CMD18519,CL0296,P042,2023-11-22,2,757.5,annulé,TNG,Carte,LIV7,
CMD38080,CL0991,P092,Jul 31 2023,3,1842.94,OK,TNG,Carte,LIV2,
CMD30317,CL0801,P058,Sep 11 2023,3,2769.39,annulé,TANGER,Carte,LIV9,
CMD33170,CL0021,P041,21/03/2024,5,503.82,DONE,TNG,Carte,LIV4,2024-03-23
CMD09993,CL0036,P013,29/06/2023,1,222.08,LIVRE,TNG,Carte,,2023-07-02
CMD16131,CL0804,P020,Dec 11 2023,4,3786.74,livré,Tnja,Carte,LIV5,2023-12-13
CMD05596,CL0159,P027,2024-03-24,5,369.08,en_cours,RBA,Carte,LIV6,
CMD15552,CL0269,P052,2023-08-17,5,323.4,annulé,tanger,Carte,LIV9,
CMD20510,CL0505,P050,27/02/2023,3,3278.4,OK,tanger,Carte,LIV8,
CMD23313,CL0448,P027,2024-05-09,2,3079.41,DONE,tanger,Carte,LIV7,2024-05-12
CMD29141,CL0691,P046,Sep 14 2023,2,2675.59,en_cours,RBA,Carte,LIV3,
CMD43872,CL0429,P020,27/04/2023,2,4221.98,livre,TNG,Carte,LIV1,
CMD36601,CL0799,P091,Dec 09 2023,2,2281.72,livré,CASABLANCA,Carte,LIV4,2023-12-14
CMD05430,CL0705,P064,2023-12-14,1,585.26,retourné,Tnja,Carte,LIV1,2023-12-17
CMD04967,CL0345,P008,19/03/2023,3,4809.12,KO,casa,Carte,LIV3,
CMD38314,CL0985,P008,27/11/2023,1,2938.3,en_cours,casa,Carte,LIV7,
CMD03307,CL0382,P008,26/02/2023,4,2238.92,DONE,RBA,Carte,LIV6,2023-02-27
CMD38015,CL0404,P029,23/02/2023,5,3853.3,livré,tanger,Carte,LIV8,2023-02-24
CMD02566,CL0026,P034,11/10/2023,3,618.56,KO,marrakech,Carte,LIV10,
CMD41743,CL0579,P010,Jan 07 2023,2,4253.0,livré,casa,Carte,LIV1,2023-01-11
CMD35668,CL0505,P099,2024-04-12,1,1219.03,DONE,CASABLANCA,Carte,LIV2,2024-04-16
CMD26640,CL0007,P013,11/01/2023,2,884.26,KO,RBA,Carte,LIV6,
CMD02716,CL0620,P052,2023-07-20,1,4392.27,en_cours,tanger,Carte,,
CMD46997,CL0137,P002,19/08/2023,2,2758.63,OK,RBA,Carte,LIV7,
CMD09514,CL0320,P004,2024-04-30,3,1554.1,DONE,CASABLANCA,Carte,LIV4,2024-05-03
CMD00501,CL0219,P028,Aug 22 2023,3,4381.14,annulé,Tnja,Carte,LIV8,
CMD25424,CL0265,P039,Apr 15 2023,2,844.84,DONE,TANGER,Carte,LIV7,2023-04-17
CMD41079,CL0812,P039,Feb 16 2024,4,348.92,en_cours,RBA,Carte,LIV9,
CMD07035,CL0253,P081,18/08/2023,3,4051.58,annulé,tanger,Carte,LIV1,
CMD02358,CL0913,P079,May 02 2024,1,3078.94,DONE,Tnja,Carte,LIV8,2024-05-07
CMD33088,CL0539,P018,13/12/2023,5,2458.48,KO,TANGER,Carte,LIV5,
CMD32953,CL0791,P067,2023-07-13,4,3285.52,retourné,Agadir,Carte,LIV2,2023-07-14
CMD38060,CL0184,P064,2023-04-07,3,1128.13,livré,CASABLANCA,Carte,LIV8,2023-04-08
CMD25447,CL0159,P095,2024-03-15,3,1048.53,retourné,kech,Carte,LIV5,2024-03-16
CMD08530,CL0431,P007,2023-09-21,1,4233.25,livré,CASABLANCA,Carte,LIV1,2023-09-25
CMD03203,CL0036,P039,2023-04-16,1,4127.16,DONE,Tnja,Carte,LIV1,2023-04-17
CMD28407,CL0540,P094,2023-03-12,2,1203.42,OK,Tnja,Carte,LIV4,
CMD39733,CL0723,P095,2023-11-05,3,3554.13,DONE,CASABLANCA,Carte,LIV8,2023-11-07
CMD04470,CL0445,P003,Apr 03 2024,2,4483.83,livré,kech,Carte,LIV8,2024-04-05
CMD07801,CL0036,P014,2023-03-25,2,1950.03,OK,CASABLANCA,Carte,LIV8,
CMD12423,CL0488,P094,2023-01-19,1,3519.54,livré,Agadir,Carte,LIV3,2023-01-21
CMD10691,CL0469,P049,2023-04-16,5,1101.69,livré,tanger,Carte,LIV5,2023-04-18
CMD10023,CL0515,P044,Apr 09 2024,4,2635.65,annulé,RBA,Carte,LIV4,
CMD46718,CL0895,P016,2023-03-02,3,961.43,livré,kech,Carte,LIV3,2023-03-03
CMD23480,CL0310,P047,Mar 17 2023,3,4821.65,livré,Agadir,Carte,LIV8,2023-03-21
CMD19368,CL0075,P089,2023-10-15,3,2631.73,livré,Agadir,Carte,LIV2,2023-10-16
CMD17454,CL0778,P059,13/03/2024,3,1753.02,DONE,casa,Carte,LIV8,2024-03-15
CMD26619,CL0849,P070,2023-04-12,3,1836.55,livré,TNG,Carte,LIV6,2023-04-17
CMD26068,CL0645,P021,06/12/2023,2,4786.66,KO,tanger,Carte,LIV7,
CMD46176,CL0863,P006,09/08/2023,2,1520.66,livre,RBA,Carte,LIV10,
CMD19428,CL0842,P032,01/12/2023,3,113.3,retourné,casa,Carte,LIV9,2023-12-06
CMD36075,CL0212,P015,24/04/2023,4,1293.67,annulé,casa,Carte,LIV7,
CMD12802,CL0166,P021,18/02/2023,1,2130.7,KO,Agadir,Carte,LIV3,
CMD35819,CL0224,P054,2023-11-02,2,1194.61,en_cours,CASABLANCA,Carte,LIV7,
CMD23379,CL0247,P086,2023-12-16,3,2132.71,livré,tanger,Carte,LIV10,2023-12-17
CMD07377,CL0471,P045,07/10/2023,1,1242.66,retourné,TNG,Carte,LIV2,2023-10-10
CMD22650,CL0941,P022,10/06/2023,2,4007.75,livré,CASABLANCA,Carte,LIV8,2023-06-13
CMD14321,CL0826,P051,May 31 2023,4,479.25,annulé,casa,Carte,LIV7,
CMD47185,CL0487,P064,08/02/2023,1,2514.16,livré,Agadir,Carte,LIV10,2023-02-13
CMD37195,CL0665,P073,04/12/2023,1,545.99,KO,Agadir,Carte,,
CMD46922,CL0715,P028,2023-04-21,2,3672.68,livré,casa,Carte,LIV9,2023-04-26
CMD25966,CL0462,P055,Mar 19 2024,-1,1988.62,livré,CASABLANCA,Carte,LIV8,2024-03-21
CMD37268,CL0996,P087,2023-10-17,3,847.64,annulé,CASABLANCA,Carte,LIV9,
CMD48371,CL0539,P093,26/07/2023,1,4766.41,livré,TNG,Carte,LIV6,2023-07-28
CMD06417,CL0411,P033,04/12/2023,5,189.22,livré,TANGER,Carte,LIV6,2023-12-06
CMD22830,CL0323,P059,Jan 26 2023,2,1285.33,LIVRE,RBA,Carte,LIV7,2023-01-30
CMD34833,CL0439,P005,20/08/2023,4,4714.12,KO,tanger,Carte,LIV8,
CMD41962,CL0976,P054,Mar 05 2023,1,881.88,retourné,TNG,Carte,LIV9,2023-03-07
CMD29245,CL0352,P095,2024-03-28,4,4669.67,KO,kech,Carte,LIV8,
CMD08888,CL0119,P076,Mar 28 2023,4,2708.0,en_cours,CASABLANCA,Carte,LIV7,
CMD20976,CL0706,P015,2024-01-22,3,4346.73,KO,casa,Carte,LIV5,
CMD47867,CL0500,P051,20/02/2023,3,815.79,livré,RBA,Carte,LIV4,2023-02-23
CMD20908,CL0584,P049,2023-04-13,1,2184.04,LIVRE,RBA,Carte,,2023-04-18
CMD05237,CL0119,P088,2024-03-15,5,103.02,OK,RBA,Carte,LIV6,
CMD03163,CL0301,P077,19/08/2023,2,3526.27,retourné,RBA,Carte,LIV7,2023-08-21
CMD40504,CL0059,P081,Feb 13 2023,2,1200.88,annulé,kech,Carte,LIV7,
CMD10135,CL0328,P081,2023-04-10,5,4821.9,livré,Tnja,Carte,LIV10,2023-04-12
CMD26269,CL0828,P097,Apr 20 2023,5,1937.29,en_cours,Tnja,Carte,LIV7,
CMD14419,CL0971,P015,06/01/2023,1,4355.7,LIVRE,Tnja,Carte,LIV8,2023-01-11
CMD12600,CL0569,P017,2023-09-27,4,4095.98,KO,Agadir,Carte,LIV4,
CMD04128,CL0017,P093,Apr 16 2024,5,788.08,livré,Tnja,Carte,,2024-04-21
CMD22231,CL0072,P020,2023-02-12,4,2684.81,DONE,TANGER,Carte,LIV9,2023-02-16
CMD03976,CL0342,P079,2024-02-15,1,102.22,LIVRE,tanger,Carte,LIV3,2024-02-20
CMD33841,CL0688,P018,2023-02-04,3,1811.55,LIVRE,CASABLANCA,Carte,LIV6,2023-02-07
CMD12698,CL0588,P079,2023-01-21,5,3643.94,OK,tanger,Carte,LIV2,
CMD39205,CL0749,P070,Feb 13 2024,3,729.62,KO,kech,Carte,LIV5,
CMD02378,CL0625,P031,01/02/2024,5,1793.86,DONE,RBA,Carte,LIV6,2024-02-03
CMD43383,CL0458,P028,Feb 01 2023,4,673.2,livré,TANGER,Carte,LIV6,2023-02-03
CMD33771,CL0716,P087,Oct 06 2023,1,949.3,LIVRE,tanger,Carte,LIV10,2023-10-07
CMD27961,CL0337,P043,2024-04-06,4,4301.96,OK,Tnja,Carte,LIV10,
CMD26638,CL0182,P039,2023-09-18,5,2152.24,livré,TNG,Carte,,2023-09-20
CMD02360,CL0938,P095,Nov 05 2023,5,3438.0,livré,CASABLANCA,Carte,LIV4,2023-11-10
CMD44495,CL0485,P065,25/04/2023,2,906.62,livré,RBA,Carte,LIV3,2023-04-28
CMD14228,CL0274,P099,2023-12-30,3,3116.52,livré,casa,Carte,LIV9,2024-01-01
CMD30323,CL0640,P008,Feb 25 2024,5,307.98,en_cours,TNG,Carte,LIV8,
CMD31905,CL0496,P006,2023-10-20,4,2566.59,OK,Tnja,Carte,LIV8,
CMD35993,CL0591,P062,2023-10-19,-1,1403.69,en_cours,RBA,Carte,LIV4,
CMD35972,CL0242,P045,04/11/2023,4,1410.66,en_cours,marrakech,Carte,LIV2,
CMD12804,CL0165,P004,10/03/2023,1,4470.9,LIVRE,casa,Carte,,2023-03-13
CMD08836,CL0480,P080,Sep 13 2023,2,1139.82,livré,RBA,Carte,LIV9,2023-09-15
CMD30586,CL0782,P014,25/01/2024,2,1259.23,KO,marrakech,Carte,LIV4,
CMD43594,CL0328,P085,Apr 29 2023,2,4743.86,livré,RBA,Carte,LIV2,2023-04-30
CMD23706,CL0952,P042,2023-10-04,4,4957.48,annulé,RBA,Carte,LIV4,
CMD03590,CL0445,P013,12/04/2024,5,4236.71,annulé,TANGER,Carte,LIV7,
CMD29916,CL0565,P037,28/06/2023,5,2429.75,retourné,CASABLANCA,Carte,LIV7,2023-07-01
CMD18455,CL0804,P049,19/04/2023,5,1428.8,livré,TANGER,Carte,,2023-04-21
CMD45535,CL0072,P005,Feb 10 2023,5,3648.23,livré,Tnja,Carte,LIV8,2023-02-11
CMD30674,CL0898,P036,2023-10-27,2,2494.72,livré,CASABLANCA,Carte,LIV10,2023-11-01
CMD39657,CL0976,P072,25/01/2024,4,2498.14,OK,TANGER,Carte,LIV4,
CMD35769,CL0943,P084,Mar 18 2023,-1,1274.73,livré,RBA,Carte,LIV2,2023-03-23
CMD35932,CL0503,P012,Apr 30 2023,4,4699.37,retourné,Agadir,Carte,LIV7,2023-05-02
CMD32012,CL0393,P045,21/07/2023,4,3780.59,annulé,RBA,Carte,LIV4,
CMD39234,CL0710,P037,06/11/2023,1,4460.38,livre,kech,Carte,LIV8,
CMD12378,CL0068,P095,Oct 04 2023,4,1620.91,livré,Tnja,Carte,LIV2,2023-10-09
CMD32195,CL0336,P042,2023-05-17,4,232.52,livre,kech,Carte,LIV6,
CMD03236,CL0709,P070,Apr 05 2024,3,97.85,DONE,casa,Carte,LIV4,2024-04-06
CMD15266,CL0641,P033,2024-02-03,1,1491.69,en_cours,casa,Carte,LIV1,
CMD32535,CL0847,P093,2024-02-15,4,4906.54,OK,tanger,Carte,LIV1,
CMD28684,CL0074,P079,Dec 14 2023,3,3098.87,DONE,Tnja,Carte,LIV2,2023-12-18
CMD09970,CL0752,P073,01/05/2024,3,3283.45,OK,TANGER,Carte,LIV3,
CMD05490,CL0049,P086,21/01/2023,5,2381.2,annulé,kech,Carte,LIV3,
CMD13092,CL0822,P044,28/01/2023,4,0,DONE,TANGER,Carte,LIV7,2023-02-01
CMD21934,CL0614,P028,2023-10-21,5,561.78,livré,Tnja,Carte,LIV6,2023-10-25
CMD23141,CL0608,P078,02/04/2023,2,1377.39,en_cours,Agadir,Carte,LIV1,
CMD20086,CL0245,P032,2023-01-09,3,93.91,livre,marrakech,Carte,LIV6,
CMD28543,CL0687,P084,2023-03-18,3,3038.57,LIVRE,kech,Carte,LIV2,2023-03-20
CMD06775,CL0487,P052,12/11/2023,4,208.63,annulé,TNG,Carte,LIV10,
CMD14356,CL0837,P086,25/10/2023,4,4423.81,LIVRE,Agadir,Carte,LIV3,2023-10-29
CMD44945,CL0244,P015,Aug 10 2023,1,477.03,DONE,TNG,Carte,LIV6,2023-08-15
CMD36213,CL0061,P098,Mar 05 2024,1,1351.28,DONE,CASABLANCA,Carte,LIV5,2024-03-07
CMD35514,CL0181,P005,09/04/2023,4,283.99,annulé,TANGER,Carte,LIV5,
CMD34393,CL0022,P076,2023-12-17,5,4796.36,livré,Agadir,Carte,LIV10,2023-12-20
CMD36226,CL0277,P082,2023-03-28,3,288.8,en_cours,marrakech,Carte,,
CMD13775,CL0229,P018,Feb 04 2024,3,3477.23,livré,CASABLANCA,Carte,LIV1,2024-02-09
CMD35295,CL0038,P058,Mar 05 2024,4,0,DONE,Agadir,Carte,LIV4,2024-03-06
CMD31002,CL0779,P024,Aug 28 2023,1,2860.88,LIVRE,marrakech,Carte,LIV7,2023-09-01
CMD20440,CL0306,P099,2024-01-30,2,500.76,livré,TANGER,Carte,LIV9,2024-01-31
CMD06302,CL0275,P074,2024-02-06,2,590.08,livré,RBA,Carte,LIV3,2024-02-07
CMD17825,CL0910,P093,2023-02-21,2,4413.92,livre,casa,Carte,LIV2,
CMD25082,CL0556,P087,2023-02-19,5,3406.09,annulé,TNG,Carte,,
CMD25354,CL0450,P088,2024-03-07,2,1024.33,livré,casa,Carte,LIV2,2024-03-08
CMD48419,CL0194,P017,2024-01-19,3,4506.03,en_cours,tanger,Carte,LIV9,
CMD48407,CL0491,P072,Feb 27 2024,2,1156.0,OK,marrakech,Carte,LIV1,
CMD10231,CL0089,P054,23/11/2023,3,995.98,livré,kech,Carte,LIV1,2023-11-24
CMD28680,CL0933,P053,2024-04-29,1,2661.0,retourné,tanger,Carte,LIV1,2024-05-02
CMD40639,CL0128,P001,2024-03-28,3,4564.41,livré,Tnja,Carte,LIV10,2024-03-31
CMD38162,CL0349,P089,Apr 09 2024,4,641.8,annulé,tanger,Carte,LIV9,
CMD46472,CL0013,P025,2023-07-17,1,2077.21,LIVRE,Agadir,Carte,LIV5,2023-07-21
CMD39508,CL0094,P038,2023-01-29,5,4012.75,annulé,marrakech,Carte,LIV3,
CMD24181,CL0543,P022,Mar 25 2023,5,587.36,KO,TANGER,Carte,LIV5,
CMD36068,CL0727,P092,16/01/2024,5,4426.4,livre,TNG,Carte,,
CMD47342,CL0739,P054,2023-10-26,4,1246.87,en_cours,kech,Carte,LIV10,
CMD47765,CL0177,P088,2023-06-09,4,3895.52,annulé,RBA,Carte,LIV4,
CMD39696,CL0954,P081,17/02/2023,2,1422.42,livré,Agadir,Carte,LIV5,2023-02-22
CMD35174,CL0329,P088,2023-11-07,2,3664.83,KO,Agadir,Carte,LIV10,
CMD40809,CL0850,P058,Feb 05 2023,2,3965.22,retourné,TNG,Carte,LIV4,2023-02-09
CMD31499,CL0220,P034,25/08/2023,3,2266.13,DONE,RBA,Carte,LIV4,2023-08-29
CMD04548,CL0446,P012,2023-04-23,1,1619.71,en_cours,Tnja,Carte,LIV4,
CMD41126,CL0353,P084,2024-04-05,5,2070.06,retourné,kech,Carte,LIV2,2024-04-09
CMD36328,CL0347,P090,20/03/2023,1,1069.68,LIVRE,kech,Carte,LIV6,2023-03-24
CMD19673,CL0727,P060,30/01/2023,3,4102.13,en_cours,kech,Carte,LIV2,
CMD33437,CL0400,P048,21/04/2024,5,2343.71,livré,Tnja,Carte,LIV9,2024-04-22
CMD29871,CL0797,P029,Jul 21 2023,1,2107.02,livre,CASABLANCA,Carte,LIV8,
CMD07432,CL0539,P100,Apr 10 2024,4,367.86,en_cours,RBA,Carte,LIV5,
CMD32118,CL0735,P031,Aug 28 2023,1,96.44,livre,marrakech,Carte,LIV4,
CMD09064,CL0163,P045,22/01/2024,2,2707.78,annulé,tanger,Carte,LIV5,
CMD40815,CL0836,P054,21/04/2024,4,2712.21,retourné,CASABLANCA,Carte,LIV7,2024-04-24
CMD39521,CL0992,P090,29/05/2023,3,1417.46,en_cours,Agadir,Carte,LIV6,
CMD47205,CL0758,P051,Mar 06 2024,4,3875.94,en_cours,TNG,Carte,LIV7,
CMD14241,CL0870,P012,2024-05-15,5,331.4,livre,tanger,Carte,LIV2,
CMD27549,CL0473,P035,13/04/2024,1,3658.91,en_cours,tanger,Carte,LIV2,
CMD38588,CL0166,P093,2023-10-17,3,3381.74,livre,tanger,Carte,LIV2,
CMD18132,CL0604,P076,2023-11-13,1,4347.07,livré,Agadir,Carte,LIV5,2023-11-14
CMD47692,CL0833,P027,Jan 24 2023,1,2528.69,livre,RBA,Carte,LIV5,
CMD19165,CL0108,P031,2023-06-01,4,4718.43,livré,CASABLANCA,Carte,LIV6,2023-06-02
CMD00043,CL0274,P021,Aug 07 2023,3,1146.24,DONE,kech,Carte,LIV10,2023-08-09
CMD42114,CL0900,P001,2023-10-10,1,1658.74,livré,kech,Carte,LIV5,2023-10-13
CMD05105,CL0293,P092,Jul 26 2023,4,677.73,OK,TNG,Carte,LIV2,
CMD45594,CL0865,P065,Dec 01 2023,4,4031.07,OK,CASABLANCA,Carte,LIV2,
CMD01050,CL0975,P075,2024-02-14,1,3212.78,DONE,kech,Carte,LIV7,2024-02-17
CMD28255,CL0889,P100,Dec 29 2023,3,4776.91,livre,Tnja,Carte,LIV4,
CMD29936,CL0284,P025,18/10/2023,5,1947.46,livré,TANGER,Carte,LIV9,2023-10-22
CMD26328,CL0234,P032,20/02/2024,3,3001.35,en_cours,casa,Carte,LIV1,
CMD40722,CL0515,P081,2023-08-06,4,2324.37,LIVRE,kech,Carte,LIV2,2023-08-07
CMD00392,CL0568,P050,16/02/2024,2,1583.92,livré,TNG,Carte,LIV3,2024-02-18
CMD05207,CL0037,P033,Feb 28 2023,2,824.33,livré,tanger,Carte,LIV5,2023-03-04
CMD40015,CL0420,P044,2024-03-29,2,274.18,livré,CASABLANCA,Carte,LIV1,2024-04-01
CMD30647,CL0907,P054,Feb 15 2023,1,3127.9,KO,marrakech,Carte,LIV8,
CMD23034,CL0616,P034,Apr 07 2024,2,1168.26,livré,RBA,Carte,LIV5,2024-04-11
CMD13484,CL0377,P082,21/08/2023,3,2043.88,OK,kech,Carte,LIV3,
CMD06942,CL0397,P039,13/03/2024,1,1997.78,livré,RBA,Carte,LIV6,2024-03-18
CMD47789,CL0267,P090,16/10/2023,5,3893.97,livre,Tnja,Carte,LIV10,
CMD21112,CL0357,P089,2023-01-18,3,2224.2,livre,Agadir,Carte,LIV7,
CMD14587,CL0707,P070,20/04/2024,4,1094.77,livre,casa,Carte,LIV6,
CMD44066,CL0654,P095,29/03/2023,3,4640.29,KO,tanger,Carte,LIV5,
CMD40347,CL0689,P089,2023-05-10,4,555.99,en_cours,casa,Carte,LIV3,
CMD09687,CL0459,P086,Feb 14 2023,4,4029.46,livré,marrakech,Carte,LIV10,2023-02-18
CMD37379,CL0868,P097,Jan 03 2024,3,3913.83,livré,RBA,Carte,LIV4,2024-01-04
CMD38011,CL0930,P058,2023-10-31,2,1769.99,livré,CASABLANCA,Carte,LIV4,2023-11-02
CMD13133,CL0539,P072,2023-01-28,2,1255.27,livre,kech,Carte,LIV7,
CMD09725,CL0727,P032,Sep 05 2023,1,2055.11,livre,marrakech,Carte,LIV6,
CMD41216,CL0978,P014,Mar 28 2024,1,2279.86,livré,tanger,Carte,LIV9,2024-04-02
CMD26300,CL0309,P070,2024-04-16,5,402.98,livré,Tnja,Carte,LIV6,2024-04-21
CMD18876,CL0382,P023,2023-10-21,4,1853.64,DONE,Agadir,Carte,LIV10,2023-10-22
CMD16416,CL0079,P048,23/11/2023,1,4922.76,livré,tanger,Carte,LIV4,2023-11-26
CMD33634,CL0579,P087,Mar 06 2024,4,3719.36,en_cours,CASABLANCA,Carte,LIV7,
CMD42181,CL0774,P034,Jul 30 2023,3,789.58,retourné,CASABLANCA,Carte,LIV5,2023-08-04
CMD23266,CL0016,P025,2023-06-24,1,4519.44,livré,tanger,Carte,LIV5,2023-06-26
CMD28078,CL0146,P036,2023-02-24,3,3107.56,livré,Agadir,Carte,LIV7,2023-02-26
CMD10833,CL0325,P065,02/12/2023,3,964.09,en_cours,CASABLANCA,Carte,LIV2,
CMD21252,CL0657,P061,2023-03-11,1,4536.29,OK,Tnja,Carte,LIV2,
CMD16250,CL0728,P044,Apr 06 2024,1,374.34,livré,kech,Carte,LIV7,2024-04-09
CMD25322,CL0681,P089,2023-12-30,5,4582.59,livré,marrakech,Carte,LIV9,2024-01-02
CMD15794,CL0807,P027,11/12/2023,3,1807.2,OK,Agadir,Carte,LIV3,
CMD12365,CL0622,P014,2023-05-29,3,3043.59,annulé,Agadir,Carte,LIV8,
CMD15889,CL0870,P076,18/08/2023,1,2040.83,en_cours,Agadir,Carte,LIV3,
CMD26771,CL0830,P066,Mar 05 2023,3,1663.08,en_cours,Tnja,Carte,LIV5,
CMD34566,CL0852,P003,Feb 05 2023,2,1885.79,livré,CASABLANCA,Carte,LIV2,2023-02-08
CMD17966,CL0310,P042,02/08/2023,1,4900.63,KO,RBA,Carte,LIV3,
CMD26737,CL0291,P002,May 12 2024,5,724.09,livré,casa,Carte,LIV8,2024-05-16
CMD34229,CL0411,P047,06/08/2023,5,0,livré,RBA,Carte,,2023-08-10
CMD13447,CL0853,P071,29/12/2023,1,1013.77,en_cours,casa,Carte,LIV7,
CMD00919,CL0942,P003,20/02/2023,1,4557.15,livré,marrakech,Carte,LIV4,2023-02-24
CMD01629,CL0302,P001,12/05/2024,3,1239.07,en_cours,tanger,Carte,LIV4,
CMD32454,CL0207,P082,Jul 04 2023,-1,3429.55,LIVRE,CASABLANCA,Carte,LIV10,2023-07-09
CMD17072,CL0456,P012,2023-02-26,1,2566.91,LIVRE,Agadir,Carte,LIV6,2023-03-01
CMD23870,CL0502,P070,2023-06-20,2,4702.34,livré,TANGER,Carte,LIV10,2023-06-24
CMD24525,CL0038,P030,23/12/2023,5,240.47,livré,kech,Carte,LIV1,2023-12-28
CMD28561,CL0181,P031,2023-10-14,2,4169.26,livre,kech,Carte,LIV3,
CMD09124,CL0871,P085,2024-03-09,4,4042.87,retourné,marrakech,Carte,LIV7,2024-03-14
CMD16349,CL0555,P042,31/03/2024,2,4245.21,DONE,TANGER,Carte,LIV4,2024-04-02
CMD47296,CL0396,P088,Jan 23 2023,1,1891.67,DONE,Tnja,Carte,LIV4,2023-01-25
CMD37332,CL0378,P069,2024-03-22,4,4031.79,livré,RBA,Carte,LIV6,2024-03-27
CMD42404,CL0179,P059,Oct 26 2023,2,4173.3,OK,Tnja,Carte,LIV4,
CMD41153,CL0112,P085,Aug 15 2023,3,1454.62,annulé,RBA,Carte,LIV2,
CMD01210,CL0938,P093,Feb 02 2024,3,1942.85,en_cours,marrakech,Carte,LIV1,
CMD24496,CL0945,P015,Jan 30 2023,5,3955.6,DONE,TNG,Carte,LIV9,2023-02-01
CMD13980,CL0299,P001,01/10/2023,4,1533.16,livré,casa,Carte,LIV6,2023-10-02
CMD38065,CL0049,P022,Apr 22 2024,4,3266.81,livré,tanger,Carte,LIV5,2024-04-23
CMD08182,CL0337,P061,Mar 10 2023,3,672.52,OK,RBA,Carte,LIV2,
CMD35487,CL0839,P027,12/06/2023,-1,299.01,retourné,tanger,Carte,LIV10,2023-06-17
CMD08333,CL0742,P056,15/03/2023,4,4552.57,KO,tanger,Carte,LIV1,
CMD32821,CL0861,P084,20/03/2024,5,4590.17,livré,tanger,Carte,LIV5,2024-03-22
CMD18974,CL0969,P085,2023-11-15,5,2415.78,KO,Agadir,Carte,LIV9,
CMD13304,CL0616,P093,2024-02-06,4,343.5,livre,tanger,Carte,LIV2,
CMD36593,CL0665,P089,2024-01-26,1,2412.3,en_cours,Agadir,Carte,LIV9,
CMD06140,CL0544,P003,27/12/2023,2,3432.57,annulé,kech,Carte,LIV2,
CMD20886,CL0951,P023,2024-03-11,5,1447.85,livré,CASABLANCA,Carte,,2024-03-14
CMD12447,CL0492,P096,2023-04-17,2,3364.25,livré,CASABLANCA,Carte,LIV8,2023-04-19
CMD26231,CL0561,P048,Jun 20 2023,5,3433.42,livré,RBA,Carte,LIV1,2023-06-23
CMD04690,CL0506,P059,Jul 21 2023,4,3907.52,annulé,kech,Carte,LIV6,
CMD07735,CL0814,P001,May 09 2023,1,2303.53,DONE,TNG,Carte,,2023-05-11
CMD10862,CL0441,P029,Sep 23 2023,5,2326.14,LIVRE,TNG,Carte,LIV7,2023-09-26
CMD14786,CL0641,P043,Apr 22 2023,2,2307.05,DONE,Tnja,Carte,LIV2,2023-04-26
CMD23337,CL0416,P100,09/01/2023,2,2832.5,livré,TANGER,Carte,LIV6,2023-01-13
CMD15122,CL0160,P043,26/10/2023,1,3945.99,livré,Agadir,Carte,LIV7,2023-10-30
CMD29956,CL0554,P016,Apr 12 2023,4,4652.92,annulé,casa,Carte,LIV1,
CMD28066,CL0938,P014,10/09/2023,4,2219.6,annulé,marrakech,Carte,LIV8,
CMD29961,CL0689,P009,Jan 04 2023,4,3974.8,LIVRE,casa,Carte,,2023-01-05
CMD09081,CL0894,P037,19/05/2023,4,1771.42,LIVRE,TANGER,Carte,LIV9,2023-05-20
CMD29484,CL0565,P042,2023-03-01,3,2151.28,livré,TANGER,Carte,LIV2,2023-03-03
CMD28829,CL0655,P098,Mar 14 2024,3,4095.11,retourné,tanger,Carte,LIV7,2024-03-15
CMD12891,CL0575,P079,2023-12-23,1,2026.19,en_cours,Tnja,Carte,LIV8,
CMD46074,CL0344,P084,Nov 25 2023,2,3227.15,retourné,marrakech,Carte,LIV8,2023-11-27
CMD22744,CL0464,P096,Jun 15 2023,-1,3605.48,livré,TNG,Carte,LIV5,2023-06-17
CMD35687,CL0768,P076,16/02/2023,3,4093.5,OK,casa,Carte,LIV3,
CMD10908,CL0811,P088,Feb 18 2024,5,1070.72,DONE,marrakech,Carte,LIV1,2024-02-22
CMD25345,CL0531,P072,2023-07-24,1,4184.76,annulé,CASABLANCA,Carte,LIV4,
CMD25453,CL0527,P057,21/04/2023,2,959.41,livre,tanger,Carte,LIV6,
CMD31685,CL0989,P100,2024-04-18,3,50.04,OK,kech,Carte,LIV4,
CMD13168,CL0032,P089,Feb 02 2024,1,321.93,livré,CASABLANCA,Carte,LIV2,2024-02-05
CMD25278,CL0961,P021,2023-07-15,5,748.89,livré,CASABLANCA,Carte,LIV1,2023-07-19
CMD17642,CL0670,P004,2023-12-15,4,720.3,en_cours,RBA,Carte,LIV6,
CMD21760,CL0305,P026,May 11 2024,1,1514.19,livré,Agadir,Carte,LIV7,2024-05-13
CMD47530,CL0546,P066,Mar 20 2023,2,4999.94,annulé,tanger,Carte,LIV8,
CMD31769,CL0036,P061,19/03/2023,2,1009.2,livré,Agadir,Carte,LIV8,2023-03-22
CMD02588,CL0822,P055,Aug 16 2023,5,4785.09,livre,Agadir,Carte,LIV7,
CMD08484,CL0140,P077,2024-04-22,5,3511.2,KO,TANGER,Carte,LIV2,
CMD03540,CL0985,P038,Jul 03 2023,5,2294.57,livré,tanger,Carte,LIV10,2023-07-08
CMD25694,CL0313,P005,27/04/2023,4,67.66,annulé,marrakech,Carte,LIV7,
CMD23467,CL0144,P013,10/11/2023,2,2403.22,livré,tanger,Carte,LIV10,2023-11-13
CMD45218,CL0242,P086,2023-04-08,1,3163.81,retourné,CASABLANCA,Carte,LIV6,2023-04-09
CMD26388,CL0471,P036,04/06/2023,3,2852.91,LIVRE,TNG,Carte,LIV8,2023-06-09
CMD32474,CL0333,P009,Oct 10 2023,2,1396.13,livré,kech,Carte,LIV7,2023-10-13
CMD19123,CL0637,P036,11/11/2023,5,1339.37,livré,casa,Carte,LIV4,2023-11-12
CMD15797,CL0970,P061,Sep 29 2023,4,973.86,en_cours,Agadir,Carte,LIV9,
CMD31224,CL0491,P053,12/02/2023,2,4069.08,en_cours,Tnja,Carte,LIV6,
CMD26704,CL0503,P080,03/03/2023,3,1638.6,en_cours,kech,Carte,LIV5,
CMD21235,CL0959,P052,06/09/2023,-1,4264.83,retourné,Tnja,Carte,LIV4,2023-09-10
CMD11526,CL0490,P055,2023-06-08,3,3424.25,DONE,tanger,Carte,LIV6,2023-06-13
CMD34093,CL0740,P099,2023-04-13,3,3479.81,OK,casa,Carte,LIV2,
CMD11302,CL0179,P099,Oct 24 2023,1,2380.43,OK,Agadir,Carte,LIV1,
CMD45660,CL0354,P079,28/03/2024,5,2075.47,annulé,Agadir,Carte,LIV2,
CMD41547,CL0679,P024,07/11/2023,1,3370.36,KO,CASABLANCA,Carte,LIV2,
CMD17318,CL0026,P054,Mar 20 2023,4,423.53,livré,tanger,Carte,LIV5,2023-03-21
CMD43388,CL0795,P061,Mar 18 2024,4,4119.33,livre,casa,Carte,LIV7,
CMD22097,CL0044,P054,2023-01-02,5,2229.86,livré,Agadir,Carte,LIV6,2023-01-07
CMD40810,CL0135,P052,2023-12-13,1,4743.92,DONE,marrakech,Carte,LIV5,2023-12-18
CMD18208,CL0467,P039,2023-12-28,1,4670.01,livre,casa,Carte,LIV2,
CMD15836,CL0400,P090,25/06/2023,3,2013.88,KO,casa,Carte,LIV4,
CMD43133,CL0827,P074,23/04/2024,4,3216.31,livré,CASABLANCA,Carte,LIV9,2024-04-25
CMD26161,CL0446,P085,Apr 20 2023,2,3016.75,livré,tanger,Carte,LIV4,2023-04-21
CMD39532,CL0683,P052,16/07/2023,1,3248.72,LIVRE,Tnja,Carte,LIV6,2023-07-20
CMD21763,CL0212,P069,2024-02-08,2,1090.62,annulé,casa,Carte,LIV7,
CMD06730,CL0507,P019,07/06/2023,1,575.99,livre,casa,Carte,,
CMD47733,CL0490,P071,Mar 11 2024,1,4924.58,retourné,kech,Carte,LIV3,2024-03-16
CMD23961,CL0925,P047,2024-02-07,4,3392.66,en_cours,casa,Carte,LIV6,
CMD36318,CL0627,P059,03/04/2024,1,1508.9,KO,Agadir,Carte,LIV10,
CMD23888,CL0086,P099,2023-06-08,1,3826.12,livré,casa,Carte,LIV4,2023-06-10
CMD27323,CL0299,P073,15/12/2023,1,2976.33,retourné,TANGER,Carte,LIV1,2023-12-18
CMD26833,CL0986,P052,Jan 23 2024,5,2689.41,annulé,casa,Carte,LIV5,
CMD31728,CL0722,P029,20/08/2023,1,2651.71,livre,casa,Carte,LIV6,
CMD30424,CL0710,P077,2023-06-10,1,2201.15,livré,RBA,Carte,LIV7,2023-06-11
CMD42372,CL0026,P041,29/01/2024,5,1138.06,LIVRE,TANGER,Carte,,2024-02-01
CMD45849,CL0646,P066,2023-02-16,5,4861.79,retourné,RBA,Carte,LIV4,2023-02-20
CMD31401,CL0380,P085,2023-06-04,1,1862.5,livre,marrakech,Carte,LIV5,
CMD45033,CL0528,P097,09/11/2023,2,2289.37,annulé,CASABLANCA,Carte,LIV1,
CMD27821,CL0643,P080,2023-08-08,2,3526.51,KO,Agadir,Carte,LIV3,
CMD28128,CL0618,P052,27/04/2023,4,1896.56,livré,RBA,Carte,LIV2,2023-05-01
CMD43665,CL0933,P032,31/03/2023,4,2769.62,KO,RBA,Carte,LIV10,
CMD24274,CL0352,P051,10/03/2023,1,4225.05,annulé,kech,Carte,LIV2,
CMD42702,CL0349,P047,2023-11-21,3,1630.34,DONE,casa,Carte,LIV8,2023-11-26
CMD44791,CL0629,P049,2024-01-17,3,3163.52,livré,marrakech,Carte,LIV1,2024-01-22
CMD38328,CL0894,P055,30/04/2024,2,4079.06,livré,marrakech,Carte,LIV6,2024-05-04
CMD33217,CL0275,P058,May 03 2023,4,490.04,OK,casa,Carte,LIV8,
CMD18445,CL0239,P091,13/01/2023,3,3684.41,livré,marrakech,Carte,LIV9,2023-01-16
CMD19550,CL0042,P079,30/03/2024,2,885.99,livré,Tnja,Carte,LIV7,2024-04-04
CMD07562,CL0841,P073,2023-10-15,2,1604.01,retourné,tanger,Carte,LIV1,2023-10-16
CMD17098,CL0938,P067,Feb 14 2024,2,2561.33,livre,TNG,Carte,LIV10,
CMD46622,CL0173,P032,2023-03-06,3,4214.37,en_cours,TANGER,Carte,LIV9,
CMD23186,CL0325,P040,23/09/2023,2,2639.79,livré,Agadir,Carte,LIV7,2023-09-28
CMD22754,CL0643,P077,07/07/2023,5,2392.04,en_cours,marrakech,Carte,LIV2,
CMD30333,CL0969,P033,27/01/2023,1,4186.43,livré,TNG,Carte,LIV2,2023-01-30
CMD25056,CL0716,P084,2024-03-12,1,2561.76,livré,CASABLANCA,Carte,LIV2,2024-03-15
CMD31800,CL0838,P048,11/05/2023,1,2916.56,LIVRE,tanger,Carte,,2023-05-14
CMD30349,CL0361,P002,2024-03-06,4,964.44,OK,TANGER,Carte,LIV8,
CMD26054,CL0419,P025,Jan 30 2023,2,672.61,annulé,Tnja,Carte,LIV6,
CMD07713,CL0736,P092,23/08/2023,4,728.61,DONE,casa,Carte,LIV10,2023-08-25
CMD33735,CL0154,P051,08/12/2023,4,4388.43,DONE,casa,Carte,LIV8,2023-12-10
CMD26271,CL0669,P019,2023-09-20,4,4329.63,annulé,TNG,Carte,LIV4,
CMD07274,CL0561,P024,2023-03-27,3,1932.41,retourné,Agadir,Carte,LIV8,2023-03-28
CMD47003,CL0054,P041,06/04/2024,2,2265.62,DONE,Tnja,Carte,LIV10,2024-04-09
CMD30993,CL0864,P059,2023-06-01,1,4874.81,KO,Agadir,Carte,LIV8,
CMD11486,CL0552,P033,23/12/2023,2,643.75,livré,TANGER,Carte,LIV3,2023-12-27
CMD46945,CL0063,P065,Apr 02 2023,2,358.58,livré,Tnja,Carte,LIV4,2023-04-06
CMD43784,CL0853,P025,Jun 02 2023,3,4550.17,annulé,TNG,Carte,LIV9,
CMD42966,CL0861,P062,2023-06-30,3,4322.09,livré,Tnja,Carte,LIV8,2023-07-03
CMD17899,CL0215,P075,2023-06-12,3,744.85,annulé,TNG,Carte,LIV1,
CMD00024,CL0717,P077,Feb 16 2024,4,3215.23,livre,marrakech,Carte,,
CMD43039,CL0097,P019,03/07/2023,2,1410.84,retourné,casa,Carte,LIV10,2023-07-08
CMD40723,CL0868,P032,2024-04-05,3,1295.24,annulé,TNG,Carte,LIV10,
CMD40627,CL0711,P005,2023-11-20,5,3237.85,livré,Tnja,Carte,LIV10,2023-11-25
CMD07478,CL0461,P037,27/04/2023,-1,2433.56,OK,marrakech,Carte,LIV8,
CMD45762,CL0550,P058,2024-05-15,1,2723.66,livré,tanger,Carte,LIV8,2024-05-18
CMD41704,CL0101,P079,2023-05-16,5,3314.59,livré,kech,Carte,LIV4,2023-05-18
CMD38030,CL0871,P043,23/01/2023,5,1601.25,retourné,casa,Carte,,2023-01-26
CMD44252,CL0236,P099,22/01/2023,2,3580.11,retourné,tanger,Carte,LIV5,2023-01-27
CMD16049,CL0333,P025,19/01/2024,5,1393.36,LIVRE,marrakech,Carte,LIV5,2024-01-23
CMD15399,CL0017,P086,Jul 05 2023,2,1673.32,OK,marrakech,Carte,LIV6,
CMD21468,CL0508,P001,2023-11-27,1,113.08,livré,TANGER,Carte,LIV8,2023-12-02
CMD37603,CL0595,P058,Mar 11 2024,1,479.95,livré,marrakech,Carte,LIV8,2024-03-15
CMD28653,CL0480,P074,2024-04-13,2,1364.7,DONE,TANGER,Carte,LIV10,2024-04-15
CMD20900,CL0508,P057,04/12/2023,1,4363.17,retourné,tanger,Carte,LIV6,2023-12-07
CMD40194,CL0935,P058,16/05/2023,5,1046.88,livré,marrakech,Carte,LIV3,2023-05-20
CMD46529,CL0463,P051,07/09/2023,3,0,livré,TNG,Carte,LIV10,2023-09-11
CMD41983,CL0755,P036,Jan 13 2023,3,1336.73,livré,kech,Carte,LIV3,2023-01-14
CMD03414,CL0145,P079,Feb 02 2023,5,4045.26,DONE,CASABLANCA,Carte,LIV10,2023-02-06
CMD05873,CL0623,P040,31/07/2023,3,3532.73,DONE,kech,Carte,LIV2,2023-08-04
CMD24097,CL0885,P039,09/12/2023,4,4267.02,livré,TNG,Carte,LIV3,2023-12-14
CMD40410,CL0761,P044,Jan 31 2023,4,4634.53,livré,TNG,Carte,LIV9,2023-02-03
CMD03391,CL0122,P060,Jun 07 2023,4,3126.7,LIVRE,kech,Carte,,2023-06-11
CMD28449,CL0740,P069,2023-11-19,4,2540.78,livré,TANGER,Carte,LIV2,2023-11-21
CMD14156,CL0407,P092,Apr 21 2023,5,3213.27,DONE,RBA,Carte,LIV3,2023-04-25
CMD12649,CL0668,P012,22/06/2023,4,4678.65,OK,TNG,Carte,LIV1,
CMD26880,CL0312,P044,2024-02-01,2,4789.86,livre,CASABLANCA,Carte,LIV6,
CMD03066,CL0804,P027,12/11/2023,3,4309.35,OK,CASABLANCA,Carte,LIV4,
CMD05197,CL0326,P007,03/01/2024,4,534.28,LIVRE,Agadir,Carte,,2024-01-06
CMD00725,CL0452,P022,10/01/2024,5,4150.71,DONE,RBA,Carte,LIV7,2024-01-14
CMD00807,CL0542,P018,Jan 27 2024,4,1889.84,OK,CASABLANCA,Carte,LIV10,
CMD01937,CL0175,P003,2024-05-10,1,2357.63,livré,CASABLANCA,Carte,LIV10,2024-05-13
CMD02762,CL0998,P011,12/10/2023,5,1053.79,DONE,Tnja,Carte,,2023-10-17
CMD08159,CL0904,P100,20/11/2023,2,4106.36,en_cours,marrakech,Carte,LIV5,
CMD26968,CL0468,P058,2024-04-17,5,4494.34,LIVRE,casa,Carte,LIV2,2024-04-21
CMD32960,CL0958,P014,May 07 2023,1,1789.94,annulé,Agadir,Carte,LIV7,
CMD20593,CL0447,P076,2023-10-31,1,2720.07,DONE,TANGER,Carte,LIV6,2023-11-05
CMD23455,CL0410,P024,2024-04-18,2,375.19,DONE,casa,Carte,LIV4,2024-04-21
CMD00665,CL0994,P026,2024-04-25,3,4409.58,livré,TANGER,Carte,LIV3,2024-04-30
CMD32707,CL0291,P057,Dec 17 2023,3,3756.4,livré,RBA,Carte,LIV9,2023-12-19
CMD38556,CL0533,P090,2023-11-14,3,3154.34,retourné,CASABLANCA,Carte,LIV3,2023-11-19
CMD03456,CL0463,P075,2024-03-12,3,2883.22,LIVRE,Agadir,Carte,LIV8,2024-03-17
CMD05459,CL0958,P037,2023-06-05,1,3242.63,KO,TANGER,Carte,LIV1,
CMD23486,CL0228,P089,12/12/2023,5,2249.47,LIVRE,CASABLANCA,Carte,LIV2,2023-12-14
CMD46817,CL0491,P092,2023-06-22,3,3171.29,OK,TANGER,Carte,LIV9,
CMD23021,CL0759,P057,2023-09-28,5,1349.76,retourné,marrakech,Carte,LIV1,2023-09-30
CMD07980,CL0142,P008,2023-01-05,4,4482.36,annulé,TANGER,Carte,LIV9,
CMD41773,CL0336,P009,28/10/2023,2,2045.15,en_cours,marrakech,Carte,LIV2,
CMD12289,CL0503,P076,2023-02-14,5,1961.23,livre,marrakech,Carte,LIV5,
CMD39546,CL0344,P010,2023-08-04,2,815.94,OK,casa,Carte,LIV8,
CMD26395,CL0268,P087,09/10/2023,2,567.75,en_cours,CASABLANCA,Carte,LIV10,
CMD30780,CL0712,P008,Mar 22 2024,2,3542.53,livré,RBA,Carte,LIV9,2024-03-27
CMD20567,CL0873,P049,Sep 23 2023,2,3752.28,retourné,TANGER,Carte,LIV3,2023-09-27
CMD04547,CL0129,P027,2023-08-05,5,4972.15,LIVRE,kech,Carte,LIV3,2023-08-10
CMD12663,CL0694,P065,Feb 15 2024,3,1389.99,en_cours,RBA,Carte,LIV9,
CMD34083,CL0626,P081,08/09/2023,2,3880.95,retourné,tanger,Carte,LIV10,2023-09-12
CMD28967,CL0304,P062,19/07/2023,2,0,annulé,RBA,Carte,LIV1,
CMD45553,CL0727,P093,Mar 25 2024,4,169.29,KO,marrakech,Carte,LIV6,
CMD03587,CL0053,P057,Sep 18 2023,5,2272.17,en_cours,Tnja,Carte,LIV4,
CMD09894,CL0118,P031,Apr 07 2024,1,244.2,DONE,marrakech,Carte,LIV1,2024-04-11
CMD00642,CL0549,P030,2023-06-26,3,344.0,annulé,kech,Carte,LIV3,
CMD18198,CL0308,P018,Aug 08 2023,5,3110.43,retourné,Agadir,Carte,LIV3,2023-08-09
CMD15401,CL0677,P019,2023-09-17,5,3056.02,KO,RBA,Carte,LIV3,
CMD40375,CL0329,P057,2023-04-16,3,1145.97,retourné,RBA,Carte,,2023-04-18
CMD45493,CL0319,P029,20/07/2023,3,2308.75,livre,Tnja,Carte,LIV5,
CMD14175,CL0230,P008,2023-03-28,5,294.59,retourné,Agadir,Carte,LIV5,2023-03-31
CMD04422,CL0723,P091,2024-03-06,1,1640.17,livré,TNG,Carte,LIV6,2024-03-09
CMD40780,CL0653,P098,14/10/2023,3,4415.08,livré,TNG,Carte,LIV9,2023-10-15
CMD03731,CL0017,P046,01/05/2024,4,1759.51,livré,Agadir,Carte,LIV10,2024-05-02
CMD37585,CL0578,P079,May 18 2023,-1,3718.13,LIVRE,TNG,Carte,LIV7,2023-05-19
CMD46040,CL0466,P068,Jun 27 2023,4,2980.61,OK,Tnja,Carte,LIV3,
CMD18587,CL0142,P005,2023-10-11,4,3275.92,DONE,Agadir,Carte,LIV2,2023-10-16
CMD22840,CL0958,P075,2024-03-24,4,3405.34,livré,TANGER,Carte,LIV3,2024-03-25
CMD14359,CL0228,P005,2024-02-13,1,3674.88,livre,marrakech,Carte,LIV5,
CMD32413,CL0424,P060,Jan 01 2023,2,2541.49,en_cours,RBA,Carte,LIV6,
CMD34719,CL0727,P081,Sep 09 2023,5,3100.26,livré,kech,Carte,LIV10,2023-09-14
CMD38413,CL0443,P098,05/02/2023,4,4349.57,LIVRE,Agadir,Carte,LIV5,2023-02-09
CMD09562,CL0278,P095,2023-08-10,1,1483.66,KO,CASABLANCA,Carte,LIV3,
CMD42771,CL0491,P011,15/05/2024,5,4851.98,livré,CASABLANCA,Carte,LIV7,2024-05-20
CMD12343,CL0629,P074,Mar 07 2023,4,2878.52,DONE,CASABLANCA,Carte,,2023-03-12
CMD02259,CL0079,P090,16/03/2023,5,1729.81,OK,Tnja,Carte,,
CMD36734,CL0419,P033,Oct 21 2023,1,1662.82,annulé,TNG,Carte,LIV3,
CMD25183,CL0509,P059,2024-04-18,2,4385.91,OK,casa,Carte,LIV8,
CMD23984,CL0208,P068,30/08/2023,2,3055.41,annulé,Agadir,Carte,LIV3,
CMD25872,CL0580,P078,Mar 22 2023,2,2845.51,annulé,tanger,Carte,LIV2,
CMD05900,CL0572,P037,2024-04-21,3,4362.32,DONE,kech,Carte,LIV6,2024-04-23
CMD34291,CL0429,P037,Mar 06 2024,1,3437.86,livré,RBA,Carte,,2024-03-09
CMD38851,CL0958,P050,2024-03-25,5,4542.66,DONE,Tnja,Carte,LIV8,2024-03-28
CMD07067,CL0628,P049,2023-01-04,2,4526.8,livré,marrakech,Carte,LIV10,2023-01-06
CMD27915,CL0164,P045,04/11/2023,1,4992.7,OK,CASABLANCA,Carte,LIV5,
CMD22607,CL0375,P006,May 25 2023,4,3825.92,OK,kech,Carte,LIV7,
CMD31384,CL0700,P041,2023-05-02,1,1598.21,livré,kech,Carte,LIV4,2023-05-07
CMD30570,CL0053,P001,04/11/2023,1,4147.09,livre,marrakech,Carte,LIV8,
CMD24637,CL0673,P039,2023-02-02,1,2167.01,livré,kech,Carte,LIV8,2023-02-05
CMD01637,CL0753,P014,06/01/2024,4,4700.71,annulé,RBA,Carte,LIV7,
CMD30400,CL0555,P030,23/04/2024,5,2927.14,en_cours,marrakech,Carte,,
CMD19643,CL0696,P017,Nov 12 2023,1,3802.47,livré,RBA,Carte,LIV1,2023-11-17
CMD03340,CL0486,P001,2023-01-23,4,1610.33,en_cours,TNG,Carte,LIV1,
CMD29270,CL0896,P036,12/01/2023,4,1146.37,en_cours,kech,Carte,LIV8,
CMD05002,CL0730,P014,2024-02-13,3,1720.09,DONE,Agadir,Carte,LIV7,2024-02-14
CMD31703,CL0845,P070,2023-04-06,5,852.45,retourné,casa,Carte,LIV1,2023-04-07
CMD20940,CL0156,P050,2024-01-05,5,1789.74,en_cours,casa,Carte,LIV1,
CMD15328,CL0825,P083,May 18 2023,3,656.04,KO,Tnja,Carte,,
CMD24049,CL0680,P002,03/07/2023,2,3682.55,LIVRE,tanger,Carte,LIV10,2023-07-06
CMD10310,CL0746,P077,04/03/2023,5,1727.16,livré,TNG,Carte,LIV10,2023-03-05
CMD33223,CL0978,P041,Jan 06 2023,1,2510.97,livré,Agadir,Carte,LIV7,2023-01-09
CMD11027,CL0880,P019,28/07/2023,2,1493.91,livré,marrakech,Carte,LIV3,2023-07-29
CMD08928,CL0126,P087,07/09/2023,1,3299.42,livré,Tnja,Carte,,2023-09-11
CMD17572,CL0235,P076,Oct 31 2023,1,2355.49,retourné,Tnja,Carte,LIV8,2023-11-04
CMD39503,CL0698,P052,Oct 24 2023,3,4943.84,OK,CASABLANCA,Carte,LIV5,
CMD43196,CL0170,P053,23/09/2023,1,4771.94,retourné,Agadir,Carte,LIV1,2023-09-27
CMD09941,CL0120,P003,Mar 08 2024,5,2067.51,DONE,TNG,Carte,LIV2,2024-03-10
CMD38131,CL0703,P082,27/04/2023,1,4057.14,LIVRE,TANGER,Carte,LIV10,2023-05-01
CMD16956,CL0445,P081,2024-01-18,1,1463.59,annulé,kech,Carte,LIV6,
CMD04046,CL0609,P075,2023-04-27,3,2520.7,KO,tanger,Carte,LIV3,
CMD10183,CL0534,P038,19/07/2023,5,592.03,livré,marrakech,Carte,LIV10,2023-07-23
CMD34227,CL0650,P078,Mar 21 2023,5,4981.73,LIVRE,TANGER,Carte,LIV4,2023-03-24
CMD29899,CL0733,P029,2024-02-04,5,2980.97,livré,TNG,Carte,LIV10,2024-02-09
CMD21113,CL0573,P077,20/01/2024,2,137.25,en_cours,marrakech,Carte,LIV5,
CMD11783,CL0444,P075,02/05/2023,2,2541.35,LIVRE,casa,Carte,LIV8,2023-05-07
CMD14483,CL0090,P083,Aug 18 2023,1,4376.93,livré,marrakech,Carte,LIV5,2023-08-19
CMD47968,CL0958,P002,21/01/2023,4,149.14,livre,tanger,Carte,LIV8,
CMD11231,CL0042,P062,2024-04-02,2,140.68,livré,CASABLANCA,Carte,LIV10,2024-04-06
CMD06350,CL0671,P013,Dec 25 2023,4,2646.12,KO,TNG,Carte,LIV2,
CMD20502,CL0691,P072,29/08/2023,4,4138.49,livré,tanger,Carte,,2023-08-31
CMD32063,CL0708,P051,May 08 2023,3,2910.07,en_cours,kech,Carte,LIV6,
CMD36872,CL0537,P006,09/03/2024,2,3456.32,annulé,Agadir,Carte,LIV5,
CMD20664,CL0758,P045,01/03/2024,4,0,DONE,TANGER,Carte,LIV9,2024-03-02
CMD23713,CL0909,P029,2023-01-20,5,2697.09,livré,RBA,Carte,LIV3,2023-01-24
CMD36170,CL0910,P095,2024-03-31,2,3540.81,retourné,CASABLANCA,Carte,LIV10,2024-04-01
CMD47362,CL0911,P018,2024-03-16,3,3327.11,livré,kech,Carte,LIV3,2024-03-19
CMD36696,CL0841,P081,11/03/2023,4,2518.9,livré,marrakech,Carte,LIV3,2023-03-16
CMD39660,CL0082,P035,Jan 30 2024,3,2004.99,KO,TANGER,Carte,LIV1,
CMD13696,CL0367,P034,2023-11-09,5,685.29,annulé,marrakech,Carte,LIV1,
CMD31667,CL0750,P015,2023-11-21,2,1345.98,LIVRE,Agadir,Carte,LIV2,2023-11-24
CMD24841,CL0498,P040,2023-10-11,2,4829.01,LIVRE,tanger,Carte,LIV4,2023-10-12
CMD18988,CL0258,P080,10/03/2023,3,753.42,OK,casa,Carte,LIV7,
CMD09731,CL0152,P051,2023-03-26,2,3668.72,annulé,tanger,Carte,LIV6,
CMD09358,CL0775,P043,2023-01-07,5,3369.88,annulé,RBA,Carte,LIV6,
CMD27802,CL0943,P040,18/05/2023,4,1296.25,OK,marrakech,Carte,LIV7,
CMD39291,CL0451,P043,2023-04-30,4,4201.02,DONE,RBA,Carte,LIV1,2023-05-03
CMD14046,CL0832,P057,Feb 08 2024,2,3877.83,OK,tanger,Carte,LIV2,
CMD27465,CL0796,P071,2023-04-23,3,1966.62,en_cours,Agadir,Carte,LIV3,
CMD27190,CL0579,P069,Jan 20 2024,1,2290.34,livré,CASABLANCA,Carte,LIV3,2024-01-21
CMD25494,CL0388,P008,2023-05-01,3,4280.29,livré,Agadir,Carte,LIV5,2023-05-06
CMD39397,CL0227,P034,03/11/2023,4,4778.26,livré,TANGER,Carte,LIV3,2023-11-08
CMD06663,CL0208,P090,May 04 2023,3,3736.71,livré,CASABLANCA,Carte,LIV3,2023-05-07
CMD33187,CL0144,P056,26/09/2023,4,1317.98,en_cours,CASABLANCA,Carte,LIV9,
CMD34877,CL0354,P042,2023-03-23,3,3624.86,LIVRE,kech,Carte,LIV3,2023-03-24
CMD47251,CL0215,P100,Mar 02 2023,3,931.54,livré,tanger,Carte,LIV5,2023-03-07
CMD10170,CL0300,P026,16/09/2023,1,3414.29,en_cours,TANGER,Carte,LIV7,
CMD21936,CL0004,P012,28/01/2023,5,3429.91,livré,casa,Carte,LIV9,2023-01-31
CMD18894,CL0539,P096,06/06/2023,2,1447.69,OK,Tnja,Carte,LIV1,
CMD30425,CL0074,P061,2023-10-20,5,1503.8,livré,Tnja,Carte,LIV6,2023-10-22
CMD22033,CL0294,P030,27/11/2023,5,3869.44,retourné,tanger,Carte,LIV9,2023-12-02
CMD06902,CL0259,P039,May 13 2023,5,3147.14,KO,CASABLANCA,Carte,LIV5,
CMD09082,CL0662,P043,May 28 2023,2,905.55,livré,Agadir,Carte,LIV7,2023-05-30
CMD04586,CL0536,P012,Mar 05 2024,5,3359.35,annulé,CASABLANCA,Carte,LIV8,
CMD16188,CL0017,P063,2023-12-16,2,4182.27,livré,marrakech,Carte,LIV9,2023-12-18
CMD11509,CL0736,P022,2024-04-12,5,1364.43,OK,RBA,Carte,LIV2,
CMD07552,CL0249,P046,11/03/2023,5,2929.55,livré,tanger,Carte,LIV8,2023-03-12
CMD34968,CL0334,P072,2024-04-13,1,4514.2,livré,RBA,Carte,LIV4,2024-04-18
CMD43682,CL0871,P039,Feb 06 2023,4,4974.83,livre,RBA,Carte,LIV4,
CMD24705,CL0914,P058,Feb 21 2024,5,120.93,livré,marrakech,Carte,LIV3,2024-02-22
CMD31694,CL0855,P024,07/09/2023,3,2542.15,DONE,casa,Carte,LIV10,2023-09-11
CMD02883,CL0740,P097,2023-06-27,5,885.03,livre,kech,Carte,LIV8,
CMD10017,CL0979,P064,23/11/2023,1,3573.44,OK,marrakech,Carte,LIV3,
CMD30870,CL0833,P083,Sep 21 2023,4,2076.84,retourné,tanger,Carte,LIV6,2023-09-26
CMD41868,CL0503,P045,Mar 10 2024,3,3144.02,livré,marrakech,Carte,,2024-03-13
CMD25469,CL0582,P015,Oct 21 2023,1,1568.5,en_cours,Tnja,Carte,LIV9,
CMD14449,CL0047,P055,05/07/2023,3,2022.55,OK,casa,Carte,LIV6,
CMD48364,CL0279,P004,02/08/2023,1,3855.15,livré,casa,Carte,LIV9,2023-08-03
CMD35540,CL0609,P098,Mar 12 2024,3,3794.02,livré,TNG,Carte,LIV5,2024-03-14
CMD19697,CL0070,P034,2023-08-02,1,3871.09,LIVRE,tanger,Carte,LIV7,2023-08-06
CMD07532,CL0348,P076,2024-04-23,2,3463.44,DONE,Tnja,Carte,LIV4,2024-04-28
CMD24447,CL0208,P030,Jan 03 2024,1,4971.34,retourné,Tnja,Carte,LIV6,2024-01-08
CMD42859,CL0216,P073,Jul 31 2023,5,3640.08,OK,tanger,Carte,LIV4,
CMD13448,CL0257,P096,Mar 01 2023,4,2682.33,OK,Agadir,Carte,LIV6,
CMD26651,CL0669,P014,2023-12-21,2,4016.93,annulé,marrakech,Carte,LIV7,
CMD40056,CL0907,P049,Oct 22 2023,2,2750.62,OK,TANGER,Carte,LIV2,
CMD07879,CL0883,P001,Feb 09 2024,3,2022.29,KO,TNG,Carte,LIV1,
CMD20268,CL0947,P037,Sep 19 2023,-1,1368.73,livré,casa,Carte,LIV10,2023-09-23
CMD31346,CL0157,P092,20/03/2023,5,4566.37,DONE,TNG,Carte,LIV8,2023-03-21
CMD05653,CL0355,P069,20/03/2023,3,4064.24,livré,Tnja,Carte,LIV9,2023-03-22
CMD15251,CL0657,P020,2023-02-09,3,4183.78,retourné,CASABLANCA,Carte,LIV3,2023-02-14
CMD22307,CL0822,P070,2023-02-20,2,2850.99,livré,Agadir,Carte,LIV3,2023-02-25
CMD27979,CL0781,P017,2024-03-14,5,2191.71,retourné,Agadir,Carte,LIV3,2024-03-16
CMD04914,CL0828,P034,Jan 18 2024,-1,141.15,DONE,RBA,Carte,LIV9,2024-01-21
CMD41063,CL0152,P082,2024-04-08,4,1956.05,livré,CASABLANCA,Carte,LIV9,2024-04-10
CMD00404,CL0413,P080,08/10/2023,2,2483.17,livre,Tnja,Carte,LIV3,
CMD30236,CL0162,P083,Mar 24 2024,1,406.61,annulé,RBA,Carte,LIV10,
CMD16929,CL0525,P043,07/05/2024,1,203.21,livré,kech,Carte,,2024-05-12
CMD09563,CL0216,P065,2024-02-20,3,2051.89,livré,marrakech,Carte,LIV8,2024-02-23
CMD46569,CL0692,P015,2023-09-21,1,1480.22,livré,Tnja,Carte,LIV10,2023-09-25
CMD08494,CL0866,P065,2023-01-22,5,242.58,KO,Tnja,Carte,LIV9,
CMD47066,CL0308,P012,02/04/2023,3,440.35,LIVRE,CASABLANCA,Carte,LIV1,2023-04-05
CMD23572,CL0090,P090,2023-05-11,5,415.16,annulé,TNG,Carte,LIV5,
CMD36001,CL0906,P042,13/05/2023,3,1957.17,livré,marrakech,Carte,LIV2,2023-05-15
CMD26990,CL0204,P034,2023-10-22,1,3643.17,annulé,marrakech,Carte,LIV1,
CMD31998,CL0857,P070,Oct 15 2023,4,1053.04,livre,TANGER,Carte,LIV6,
CMD36183,CL0590,P087,2023-07-11,2,4339.74,livré,tanger,Carte,LIV1,2023-07-12
CMD28526,CL0595,P014,06/03/2023,1,357.93,LIVRE,marrakech,Carte,LIV2,2023-03-09
CMD04159,CL0672,P021,2023-08-22,1,4451.69,OK,Tnja,Carte,LIV1,
CMD27303,CL0085,P081,2023-08-18,5,2285.15,retourné,marrakech,Carte,LIV6,2023-08-19
CMD33280,CL0370,P059,17/04/2024,1,4025.64,KO,Agadir,Carte,LIV5,
CMD10470,CL0507,P033,2023-01-10,1,3361.46,DONE,tanger,Carte,LIV6,2023-01-12
CMD27399,CL0281,P036,Feb 23 2023,1,2993.99,KO,tanger,Carte,LIV2,
CMD05463,CL0358,P042,30/01/2023,1,2918.81,retourné,CASABLANCA,Carte,LIV10,2023-02-01
CMD24297,CL0789,P029,Aug 04 2023,5,1021.55,KO,TANGER,Carte,,
CMD43061,CL0285,P008,14/03/2023,5,2175.56,livré,Tnja,Carte,LIV7,2023-03-17
CMD20689,CL0963,P063,Nov 07 2023,3,1182.82,LIVRE,Tnja,Carte,,2023-11-09
CMD37777,CL0869,P042,Feb 15 2024,2,1303.83,livré,kech,Carte,LIV10,2024-02-19
CMD37998,CL0499,P062,12/03/2024,5,1906.23,livre,tanger,Carte,LIV8,
CMD41040,CL0740,P019,26/01/2023,4,2882.46,livre,TNG,Carte,LIV1,
CMD26268,CL0090,P065,2023-11-28,5,519.03,livré,Agadir,Carte,LIV5,2023-12-01
CMD05622,CL0248,P085,17/01/2023,1,2739.14,retourné,TNG,Carte,LIV6,2023-01-22
CMD40529,CL0943,P037,2023-12-06,5,1003.24,DONE,marrakech,Carte,,2023-12-07
CMD12020,CL0856,P049,2023-05-19,5,1456.34,LIVRE,kech,Carte,LIV4,2023-05-21
CMD24414,CL0353,P087,Jul 16 2023,5,4056.38,OK,marrakech,Carte,LIV4,
CMD30908,CL0945,P073,18/12/2023,4,886.04,KO,Tnja,Carte,,
CMD23325,CL0747,P098,2023-02-09,3,1728.83,livre,Agadir,Carte,LIV7,
CMD17092,CL0387,P019,Mar 11 2023,5,1512.41,DONE,TNG,Carte,LIV2,2023-03-14
CMD30177,CL0386,P057,Feb 05 2023,1,4854.85,OK,Agadir,Carte,LIV7,
CMD38385,CL0676,P003,05/03/2024,4,1080.85,livré,TNG,Carte,LIV9,2024-03-07
CMD37220,CL0855,P042,2023-04-13,5,2879.29,KO,TANGER,Carte,LIV3,
CMD02987,CL0621,P029,2023-04-08,3,2139.83,OK,RBA,Carte,LIV8,
CMD15402,CL0774,P072,Jun 11 2023,3,2418.9,KO,casa,Carte,LIV2,
CMD09846,CL0910,P082,2023-04-23,5,4970.84,livré,RBA,Carte,LIV8,2023-04-28
CMD06257,CL0272,P015,14/12/2023,1,4259.59,DONE,Tnja,Carte,LIV10,2023-12-16
CMD45708,CL0629,P100,2023-12-03,1,1820.96,livré,TANGER,Carte,LIV3,2023-12-07
CMD23290,CL0152,P063,2023-02-12,3,3031.61,annulé,tanger,Carte,LIV3,
CMD07414,CL0672,P091,Mar 12 2024,3,1069.34,DONE,tanger,Carte,LIV7,2024-03-15
CMD37404,CL0434,P039,03/01/2024,5,3100.04,livré,RBA,Carte,LIV2,2024-01-04
CMD02818,CL0710,P052,2023-11-29,4,543.48,annulé,marrakech,Carte,LIV3,
CMD31417,CL0735,P018,2023-10-03,1,4846.31,OK,RBA,Carte,,
CMD32672,CL0134,P054,2023-12-05,1,1661.73,KO,CASABLANCA,Carte,LIV2,
CMD39755,CL0829,P086,04/05/2024,3,4531.31,DONE,tanger,Carte,LIV3,2024-05-06
CMD24963,CL0455,P059,2024-02-14,4,4845.62,LIVRE,RBA,Carte,LIV2,2024-02-16
CMD33787,CL0078,P098,2023-05-28,5,479.94,livré,RBA,Carte,,2023-06-02
CMD19850,CL0554,P033,2023-11-23,3,4920.33,OK,casa,Carte,LIV10,
CMD19076,CL0325,P091,Feb 12 2024,4,2786.22,LIVRE,marrakech,Carte,LIV8,2024-02-14
CMD38661,CL0233,P082,Oct 03 2023,4,2453.81,LIVRE,TNG,Carte,,2023-10-07
CMD22596,CL0829,P091,2023-09-17,4,692.73,en_cours,Agadir,Carte,LIV4,
CMD09063,CL0857,P053,2023-10-05,4,286.93,LIVRE,marrakech,Carte,LIV8,2023-10-06
CMD43910,CL0370,P038,Mar 15 2023,5,4944.0,annulé,RBA,Carte,LIV9,
CMD23365,CL0533,P042,2023-02-23,2,2701.5,annulé,tanger,Carte,LIV2,
CMD00145,CL0326,P015,12/12/2023,1,2049.4,livre,kech,Carte,LIV8,
CMD47136,CL0289,P021,02/03/2024,5,1888.05,livre,kech,Carte,LIV1,
CMD46891,CL0219,P040,2023-05-21,5,4252.44,retourné,TNG,Carte,LIV10,2023-05-24
CMD33818,CL0252,P096,2023-01-25,3,3386.95,livré,Agadir,Carte,LIV10,2023-01-27
CMD01157,CL0614,P078,13/03/2023,5,3109.46,livré,casa,Carte,LIV10,2023-03-16
CMD46666,CL0928,P042,May 04 2023,3,1710.22,KO,RBA,Carte,LIV8,
CMD25125,CL0265,P050,2023-12-01,3,631.91,livré,tanger,Carte,LIV2,2023-12-02
CMD33192,CL0344,P032,Jul 18 2023,3,2492.2,DONE,CASABLANCA,Carte,LIV5,2023-07-19
CMD01025,CL0538,P016,18/03/2023,1,3997.73,OK,TNG,Carte,LIV1,
CMD18300,CL0174,P054,20/11/2023,4,300.33,livre,tanger,Carte,LIV3,
CMD06568,CL0320,P061,Feb 19 2024,3,4722.33,DONE,tanger,Carte,LIV1,2024-02-23
CMD17473,CL0279,P076,Mar 01 2023,3,2881.28,livré,CASABLANCA,Carte,LIV2,2023-03-03
CMD22822,CL0777,P084,Feb 28 2023,4,264.06,OK,Agadir,Carte,LIV6,
CMD21972,CL0072,P086,16/01/2024,3,3962.25,LIVRE,RBA,Carte,LIV1,2024-01-20
CMD22414,CL0780,P073,05/03/2024,3,3688.32,OK,CASABLANCA,Carte,,
CMD42537,CL0750,P006,2023-07-10,4,678.59,livré,Tnja,Carte,LIV6,2023-07-13
CMD20311,CL0464,P070,2023-03-16,4,4023.09,livré,CASABLANCA,Carte,LIV10,2023-03-18
CMD13240,CL0485,P007,Dec 23 2023,4,1741.49,KO,tanger,Carte,LIV7,
CMD28134,CL0930,P077,Jan 19 2023,5,3318.07,DONE,tanger,Carte,LIV3,2023-01-22
CMD00746,CL0817,P004,Oct 17 2023,2,1112.2,OK,TANGER,Carte,LIV5,
CMD00745,CL0545,P024,2023-01-24,2,4944.92,KO,marrakech,Carte,LIV4,
CMD32550,CL0611,P019,2024-02-29,1,3939.57,retourné,kech,Carte,LIV4,2024-03-01
CMD32325,CL0528,P024,Apr 23 2023,4,2055.06,livré,tanger,Carte,LIV7,2023-04-25
CMD39758,CL0059,P041,2024-04-17,4,2565.32,en_cours,TANGER,Carte,LIV4,
CMD00605,CL0900,P057,2023-01-14,5,832.86,LIVRE,marrakech,Carte,LIV1,2023-01-17
CMD28894,CL0343,P036,Aug 07 2023,1,1443.15,en_cours,RBA,Carte,LIV5,
CMD00033,CL0021,P015,31/01/2023,2,1235.97,en_cours,tanger,Carte,LIV3,
CMD16076,CL0294,P077,Jul 14 2023,5,3955.47,LIVRE,Agadir,Carte,LIV5,2023-07-15
CMD19345,CL0809,P079,02/10/2023,1,946.01,DONE,TANGER,Carte,LIV1,2023-10-07
CMD29584,CL0794,P084,2024-04-16,1,488.52,livre,kech,Carte,LIV4,
CMD27942,CL0081,P016,31/05/2023,2,63.32,livré,marrakech,Carte,LIV10,2023-06-02
CMD26305,CL0056,P053,Apr 16 2024,3,2170.6,LIVRE,Tnja,Carte,,2024-04-21
CMD27991,CL0969,P023,Oct 24 2023,4,4370.26,OK,TNG,Carte,LIV3,
CMD01299,CL0923,P051,2023-06-24,1,1423.11,livré,TNG,Carte,LIV1,2023-06-29
CMD20044,CL0862,P032,17/12/2023,1,2218.51,livré,CASABLANCA,Carte,LIV8,2023-12-22
CMD25853,CL0005,P091,Jan 21 2024,3,4748.27,LIVRE,CASABLANCA,Carte,LIV10,2024-01-23
CMD03518,CL0219,P033,21/09/2023,4,2366.24,livre,RBA,Carte,LIV8,
CMD21069,CL0591,P066,2023-10-13,2,3169.77,KO,TANGER,Carte,LIV2,
CMD00618,CL0165,P034,2023-02-12,5,3291.92,livré,Tnja,Carte,LIV1,2023-02-14
CMD28121,CL0647,P049,2023-02-24,2,2681.84,en_cours,CASABLANCA,Carte,LIV7,
CMD03449,CL0187,P028,30/04/2023,4,2362.6,livré,Tnja,Carte,LIV3,2023-05-02
CMD08057,CL0256,P017,21/10/2023,3,1953.83,livré,marrakech,Carte,LIV9,2023-10-24
CMD41465,CL0106,P076,May 01 2023,5,4055.32,KO,Agadir,Carte,LIV5,
CMD39303,CL0544,P074,Aug 06 2023,4,3102.2,livre,tanger,Carte,LIV9,
CMD29499,CL0941,P100,04/06/2023,2,3459.53,livré,TANGER,Carte,LIV1,2023-06-06
CMD00361,CL0654,P051,2023-03-08,1,4918.6,livré,RBA,Carte,LIV7,2023-03-11
CMD48080,CL0698,P021,2023-03-11,1,2634.45,KO,kech,Carte,LIV7,
CMD15012,CL0022,P019,Apr 14 2023,1,2126.05,KO,CASABLANCA,Carte,,
CMD42548,CL0578,P016,Nov 28 2023,2,3519.41,OK,marrakech,Carte,LIV10,
CMD39459,CL0628,P098,23/05/2023,1,3662.18,livré,tanger,Carte,LIV5,2023-05-26
CMD27250,CL0361,P072,25/03/2024,4,2094.48,annulé,kech,Carte,LIV2,
CMD21483,CL0618,P062,20/02/2023,4,3732.77,LIVRE,Agadir,Carte,LIV7,2023-02-22
CMD10607,CL0208,P013,2023-01-15,5,1025.39,DONE,Agadir,Carte,LIV2,2023-01-19
CMD11124,CL0898,P046,2023-08-23,4,879.82,DONE,casa,Carte,LIV4,2023-08-26
CMD42405,CL0674,P073,Apr 26 2023,5,2537.92,en_cours,RBA,Carte,LIV7,
CMD38137,CL0341,P042,2024-04-22,5,822.52,livré,RBA,Carte,LIV3,2024-04-26
CMD42773,CL0347,P098,05/10/2023,3,989.7,OK,TANGER,Carte,LIV9,
CMD13479,CL0451,P094,2023-06-21,4,3594.3,annulé,marrakech,Carte,LIV8,
CMD33676,CL0311,P065,May 06 2024,3,152.99,en_cours,tanger,Carte,LIV5,
CMD39869,CL0699,P002,Aug 14 2023,4,0,livré,casa,Carte,LIV5,2023-08-19
CMD12261,CL0533,P036,Jan 05 2023,2,1478.52,livré,kech,Carte,LIV4,2023-01-06
CMD07874,CL0283,P052,2023-07-21,1,1572.79,LIVRE,Agadir,Carte,LIV4,2023-07-23
CMD15355,CL0307,P075,18/01/2023,2,2212.23,livré,TNG,Carte,LIV7,2023-01-19
CMD33283,CL0121,P084,02/02/2024,4,2332.17,LIVRE,RBA,Carte,LIV7,2024-02-06
CMD11403,CL0802,P010,Mar 14 2023,5,2693.16,livré,tanger,Carte,LIV4,2023-03-17
CMD02594,CL0090,P029,19/10/2023,3,4618.47,livre,CASABLANCA,Carte,LIV10,
CMD38204,CL0567,P047,2023-06-17,2,156.27,livré,Agadir,Carte,LIV4,2023-06-19
CMD43751,CL0587,P009,14/02/2024,4,3667.42,livré,TANGER,Carte,LIV2,2024-02-17
CMD00951,CL0255,P071,Jan 25 2023,4,1660.41,annulé,CASABLANCA,Carte,LIV4,
CMD10842,CL0550,P070,10/06/2023,3,0,livré,RBA,Carte,LIV6,2023-06-11
CMD41176,CL0317,P005,May 19 2023,3,1374.08,OK,TANGER,Carte,LIV4,
CMD21105,CL0082,P008,03/05/2024,1,317.37,LIVRE,RBA,Carte,LIV5,2024-05-07
CMD31033,CL0986,P081,Jan 09 2024,1,60.99,en_cours,kech,Carte,LIV8,
CMD18318,CL0618,P025,2023-04-17,1,393.41,livré,Agadir,Carte,LIV5,2023-04-21
CMD10587,CL0292,P047,31/01/2023,2,2229.84,livré,RBA,Carte,LIV9,2023-02-03
CMD45932,CL0134,P069,09/04/2024,5,4934.4,livré,kech,Carte,LIV1,2024-04-11
CMD15168,CL0701,P024,Jan 03 2023,2,760.61,livré,Tnja,Carte,LIV10,2023-01-05
CMD44138,CL0542,P095,Oct 29 2023,2,4035.03,LIVRE,kech,Carte,LIV4,2023-11-02
CMD39462,CL0634,P019,2023-05-09,4,4771.49,annulé,Agadir,Carte,,
CMD07191,CL0324,P017,2023-12-05,1,3003.34,livre,RBA,Carte,LIV8,
CMD35076,CL0036,P039,10/04/2024,4,302.51,livré,Tnja,Carte,,2024-04-14
CMD18071,CL0565,P027,Apr 10 2024,2,3503.82,LIVRE,Tnja,Carte,LIV4,2024-04-11
CMD46354,CL0291,P084,Mar 15 2023,5,1499.27,en_cours,casa,Carte,LIV7,
CMD41574,CL0554,P036,Nov 09 2023,1,93.15,livré,casa,Carte,LIV5,2023-11-11
CMD12050,CL0409,P022,Sep 26 2023,2,555.86,livré,Tnja,Carte,LIV4,2023-10-01
CMD45520,CL0579,P072,Feb 22 2023,3,927.78,annulé,TANGER,Carte,,
CMD28836,CL0506,P022,Aug 28 2023,2,1400.15,livré,tanger,Carte,LIV7,2023-09-02
CMD22556,CL0073,P021,2024-05-02,5,3137.03,DONE,TANGER,Carte,LIV8,2024-05-03
CMD14741,CL0069,P008,2023-07-05,5,1491.2,livre,CASABLANCA,Carte,LIV6,
CMD14170,CL0796,P057,2023-12-25,2,464.22,en_cours,casa,Carte,LIV1,
CMD28152,CL0171,P041,Apr 11 2023,5,4056.26,livré,kech,Carte,LIV8,2023-04-16
CMD45224,CL0286,P074,Jul 22 2023,1,937.22,livré,RBA,Carte,LIV1,2023-07-23
CMD24359,CL0280,P002,14/01/2023,2,743.01,retourné,Tnja,Carte,LIV9,2023-01-15
CMD41056,CL0698,P083,09/08/2023,1,1163.2,OK,TNG,Carte,LIV10,
CMD25043,CL0904,P067,26/08/2023,2,585.52,DONE,TNG,Carte,LIV6,2023-08-29
CMD09927,CL0557,P038,18/09/2023,-1,724.43,annulé,RBA,Carte,LIV10,
CMD20855,CL0481,P086,Dec 08 2023,4,1164.37,OK,TNG,Carte,LIV7,
CMD21343,CL0789,P096,11/10/2023,2,3715.93,livre,marrakech,Carte,LIV4,
CMD35020,CL0823,P054,03/01/2024,-1,606.56,livré,Tnja,Carte,LIV10,2024-01-07
CMD10336,CL0284,P024,Mar 17 2023,-1,417.99,retourné,Agadir,Carte,LIV9,2023-03-18
CMD22555,CL0761,P079,03/10/2023,1,4202.08,en_cours,Tnja,Carte,LIV10,
CMD02560,CL0306,P037,29/11/2023,3,360.86,OK,TNG,Carte,LIV6,
CMD09677,CL0966,P081,Sep 02 2023,4,2730.59,livré,Tnja,Carte,LIV4,2023-09-07
CMD40313,CL0176,P095,06/04/2023,5,1597.03,livré,marrakech,Carte,LIV5,2023-04-07
CMD13503,CL0575,P066,2023-03-02,4,250.87,KO,Agadir,Carte,LIV7,
CMD30676,CL0195,P050,Dec 16 2023,5,1801.61,livré,CASABLANCA,Carte,LIV2,2023-12-17
CMD01911,CL0940,P100,Apr 26 2023,4,4451.0,LIVRE,Agadir,Carte,LIV3,2023-04-28
CMD27896,CL0040,P100,Apr 23 2024,4,3763.12,OK,Tnja,Carte,LIV2,
CMD15213,CL0182,P031,May 07 2023,2,2036.41,LIVRE,kech,Carte,LIV9,2023-05-09
CMD29397,CL0304,P017,Mar 28 2024,4,2863.73,OK,TNG,Carte,LIV9,
CMD05104,CL0237,P085,2023-04-30,2,4619.29,en_cours,casa,Carte,LIV5,
CMD25380,CL0818,P019,2024-03-24,5,3291.73,livré,kech,Carte,LIV5,2024-03-26
CMD32124,CL0831,P084,Apr 26 2023,3,4951.55,DONE,RBA,Carte,LIV8,2023-04-29
CMD11632,CL0750,P092,02/10/2023,3,325.05,livré,TANGER,Carte,LIV7,2023-10-07
CMD27998,CL0651,P010,Oct 29 2023,5,4807.38,livre,tanger,Carte,LIV4,
CMD06744,CL0790,P012,18/03/2023,4,605.39,annulé,RBA,Carte,LIV7,
CMD12266,CL0670,P015,2023-01-17,5,2186.36,OK,CASABLANCA,Carte,LIV8,
CMD12811,CL0997,P099,05/11/2023,3,3618.87,DONE,kech,Carte,LIV3,2023-11-08
CMD16501,CL0978,P084,15/01/2023,1,176.19,annulé,marrakech,Carte,LIV2,
CMD47248,CL0436,P064,17/05/2023,1,3352.48,OK,marrakech,Carte,LIV9,
CMD39937,CL0137,P097,25/03/2023,4,4469.65,livré,CASABLANCA,Carte,LIV4,2023-03-27
CMD29451,CL0317,P072,2023-03-02,4,1016.79,livré,CASABLANCA,Carte,LIV7,2023-03-03
CMD44734,CL0804,P044,29/07/2023,2,3711.79,livré,kech,Carte,LIV7,2023-08-03
CMD42957,CL0253,P095,Oct 15 2023,5,4140.86,en_cours,TNG,Carte,LIV10,
CMD13287,CL0638,P035,2023-07-08,2,1953.11,livré,RBA,Carte,LIV5,2023-07-10
CMD23836,CL0018,P060,Aug 13 2023,2,652.34,KO,tanger,Carte,LIV9,
CMD35340,CL0505,P072,2023-06-08,1,656.13,DONE,CASABLANCA,Carte,LIV8,2023-06-09
CMD42066,CL0378,P056,May 12 2024,3,3540.29,livre,RBA,Carte,LIV2,
CMD48439,CL0861,P075,Oct 02 2023,2,3053.83,retourné,TNG,Carte,,2023-10-05
CMD02359,CL0415,P044,Jul 19 2023,3,3575.59,livré,marrakech,Carte,LIV7,2023-07-21
CMD31855,CL0009,P002,2023-04-17,5,1881.18,OK,Tnja,Carte,LIV9,
CMD14578,CL0027,P100,2023-05-30,3,2367.55,livre,tanger,Carte,LIV3,
CMD26806,CL0938,P051,2024-03-02,3,1994.08,retourné,marrakech,Carte,LIV4,2024-03-05
CMD43499,CL0995,P081,2023-03-26,5,153.66,annulé,RBA,Carte,LIV10,
CMD10447,CL0038,P019,Jan 18 2023,4,404.14,livre,kech,Carte,LIV10,
CMD12311,CL0183,P030,15/06/2023,1,4623.1,livre,CASABLANCA,Carte,LIV9,
CMD04042,CL0608,P087,20/05/2023,5,4272.32,OK,casa,Carte,LIV5,
CMD08719,CL0719,P043,2023-06-26,2,0,DONE,Tnja,Carte,LIV8,2023-06-27
CMD36576,CL0272,P089,15/02/2023,1,3285.06,en_cours,casa,Carte,LIV10,
CMD05280,CL0137,P026,2023-03-10,4,1954.86,LIVRE,TNG,Carte,LIV4,2023-03-11
CMD18379,CL0672,P046,26/07/2023,2,2691.07,en_cours,casa,Carte,LIV6,
CMD44848,CL0235,P012,09/06/2023,3,2233.8,livre,kech,Carte,LIV3,
CMD35849,CL0122,P022,2023-04-27,2,3576.24,KO,casa,Carte,LIV4,
CMD18832,CL0020,P043,2023-04-22,4,890.03,DONE,RBA,Carte,LIV1,2023-04-27
CMD19598,CL0233,P017,Aug 22 2023,3,1972.29,en_cours,CASABLANCA,Carte,LIV10,
CMD32886,CL0102,P022,10/07/2023,2,1091.71,KO,kech,Carte,LIV4,
CMD24388,CL0050,P065,Apr 12 2023,4,1369.21,livré,RBA,Carte,LIV5,2023-04-13
CMD42710,CL0385,P055,2023-04-27,1,671.15,DONE,Agadir,Carte,LIV4,2023-05-01
CMD34679,CL0737,P083,2024-01-17,2,4052.65,livré,TANGER,Carte,LIV9,2024-01-19
CMD04982,CL0589,P001,12/03/2024,1,3797.44,livré,Agadir,Carte,LIV2,2024-03-13
CMD39957,CL0225,P065,Apr 09 2023,4,2932.12,annulé,CASABLANCA,Carte,LIV8,
CMD18857,CL0861,P064,Sep 22 2023,3,3166.93,livré,Agadir,Carte,LIV2,2023-09-23
CMD10689,CL0868,P008,2024-05-04,5,3831.78,livré,TNG,Carte,LIV9,2024-05-08
CMD19872,CL0072,P084,25/01/2024,2,589.8,livré,Tnja,Carte,LIV5,2024-01-27
CMD33390,CL0383,P003,27/03/2024,1,3065.65,retourné,marrakech,Carte,LIV8,2024-03-30
CMD33545,CL0196,P009,2023-06-08,4,1313.92,retourné,marrakech,Carte,LIV7,2023-06-09
CMD09238,CL0108,P008,29/01/2024,3,2104.98,livré,tanger,Carte,LIV7,2024-02-01
CMD16668,CL0778,P003,2023-05-31,3,2271.13,OK,tanger,Carte,LIV8,
CMD23583,CL0667,P031,Jan 14 2024,5,1394.83,DONE,tanger,Carte,,2024-01-19
CMD09348,CL0418,P001,Aug 05 2023,4,3546.57,livré,TANGER,Carte,LIV1,2023-08-08
CMD32189,CL0145,P028,2023-01-19,5,717.22,en_cours,RBA,Carte,LIV2,
CMD46593,CL0882,P094,18/04/2024,1,1338.9,DONE,kech,Carte,,2024-04-22
CMD23811,CL0150,P066,08/04/2023,5,1395.75,DONE,Tnja,Carte,LIV5,2023-04-13
CMD24431,CL0087,P067,Mar 26 2023,5,996.38,KO,TNG,Carte,LIV3,
CMD09804,CL0867,P058,09/03/2024,1,4652.21,livré,marrakech,Carte,LIV5,2024-03-13
CMD06218,CL0772,P072,Dec 13 2023,3,3932.55,livre,Tnja,Carte,LIV9,
CMD46814,CL0690,P066,16/06/2023,5,2679.13,DONE,Tnja,Carte,LIV3,2023-06-17
CMD38677,CL0083,P051,06/11/2023,4,1516.54,annulé,RBA,Carte,LIV1,
CMD19721,CL0196,P004,Sep 21 2023,1,3778.53,livre,TANGER,Carte,LIV8,
CMD02053,CL0266,P008,12/11/2023,1,1053.06,OK,kech,Carte,LIV8,
CMD35674,CL0122,P066,2023-03-21,3,1197.64,livré,Agadir,Carte,LIV1,2023-03-26
CMD44073,CL0980,P033,Mar 25 2023,2,3067.97,livre,tanger,Carte,,
CMD45498,CL0131,P070,05/05/2024,2,1200.9,livré,TANGER,Carte,,2024-05-09
CMD17324,CL0921,P052,01/03/2023,1,2447.21,KO,kech,Carte,LIV10,
CMD14718,CL0406,P030,10/08/2023,2,1148.49,livre,kech,Carte,LIV2,
CMD24360,CL0913,P009,2023-03-23,5,2953.45,retourné,RBA,Carte,LIV9,2023-03-25
CMD32909,CL0167,P001,2024-05-08,5,4878.06,LIVRE,TNG,Carte,LIV6,2024-05-10
CMD06485,CL0278,P014,Aug 02 2023,1,4864.58,livré,marrakech,Carte,LIV6,2023-08-06
CMD30102,CL0914,P070,16/04/2024,2,2640.83,KO,kech,Carte,LIV9,
CMD24215,CL0931,P055,30/09/2023,1,3848.57,livré,CASABLANCA,Carte,LIV4,2023-10-01
CMD46012,CL0629,P059,17/11/2023,-1,873.8,LIVRE,Tnja,Carte,LIV4,2023-11-22
CMD31718,CL0689,P047,Jun 06 2023,3,3619.98,OK,RBA,Carte,LIV7,
CMD05567,CL0460,P025,25/10/2023,1,4323.93,annulé,tanger,Carte,LIV8,
CMD31177,CL0730,P068,2023-04-22,1,739.83,annulé,marrakech,Carte,,
CMD00578,CL0292,P011,Jan 03 2023,4,1241.1,livre,casa,Carte,LIV3,
CMD05269,CL0615,P038,Oct 28 2023,1,2192.47,retourné,TNG,Carte,LIV3,2023-10-30
CMD24864,CL0729,P025,2023-03-04,1,3096.11,DONE,casa,Carte,LIV2,2023-03-06
CMD31897,CL0613,P021,Apr 01 2024,4,3298.66,annulé,tanger,Carte,LIV10,
CMD03581,CL0617,P074,Jan 17 2023,1,2487.86,LIVRE,kech,Carte,LIV6,2023-01-19
CMD43817,CL0916,P024,Aug 24 2023,3,1297.85,KO,TANGER,Carte,LIV5,
CMD37026,CL0785,P055,09/05/2023,4,1666.28,OK,kech,Carte,LIV3,
CMD23177,CL0205,P079,10/09/2023,1,735.8,LIVRE,Tnja,Carte,LIV6,2023-09-12
CMD19698,CL0691,P090,2024-01-05,1,1317.86,en_cours,TANGER,Carte,LIV10,
CMD12260,CL0204,P033,12/06/2023,3,3792.83,annulé,Tnja,Carte,LIV10,
CMD41908,CL0069,P045,2023-11-29,4,3677.51,livre,marrakech,Carte,LIV10,
CMD09428,CL0941,P078,Feb 25 2024,4,3456.63,OK,TNG,Carte,LIV5,
CMD29724,CL0302,P051,Apr 20 2023,4,4908.31,LIVRE,RBA,Carte,LIV6,2023-04-25
CMD42942,CL0561,P041,Nov 07 2023,1,2554.32,retourné,casa,Carte,LIV8,2023-11-12
CMD18335,CL0672,P025,2023-05-22,5,1256.34,livré,kech,Carte,,2023-05-23
CMD41777,CL0641,P100,Jan 13 2024,5,4196.09,livré,TANGER,Carte,LIV9,2024-01-15
CMD29997,CL0479,P084,Dec 08 2023,5,520.86,en_cours,casa,Carte,LIV8,
CMD44941,CL0185,P088,2024-04-29,3,673.58,DONE,kech,Carte,LIV6,2024-05-03
CMD23647,CL0188,P012,2023-02-14,1,3309.3,en_cours,TNG,Carte,LIV9,
CMD00496,CL0602,P047,2023-10-03,1,2489.34,DONE,tanger,Carte,LIV8,2023-10-07
CMD19020,CL0876,P077,2023-02-06,2,0,livre,RBA,Carte,LIV3,
CMD32028,CL0292,P029,Oct 13 2023,4,3013.7,livre,Agadir,Carte,LIV9,
CMD11145,CL0857,P082,Jun 04 2023,2,4227.99,livré,Agadir,Carte,LIV8,2023-06-08
CMD45032,CL0966,P067,Oct 20 2023,3,2735.14,livré,Agadir,Carte,LIV6,2023-10-21
CMD37092,CL0175,P071,09/02/2023,2,3801.59,livré,kech,Carte,LIV10,2023-02-12
CMD44688,CL0207,P066,Apr 11 2023,2,1051.81,retourné,tanger,Carte,LIV9,2023-04-13
CMD24201,CL0311,P050,2023-07-12,3,1187.63,livre,Tnja,Carte,LIV10,
CMD17865,CL0456,P056,Sep 24 2023,2,792.4,livre,Agadir,Carte,LIV10,
CMD14185,CL0979,P095,2023-04-01,2,809.73,en_cours,TANGER,Carte,LIV8,
CMD31225,CL0808,P043,08/09/2023,1,245.0,livre,Agadir,Carte,,
CMD10690,CL0517,P087,Feb 04 2023,5,1043.61,DONE,Agadir,Carte,LIV10,2023-02-06
CMD08186,CL0409,P075,05/05/2023,2,4848.51,livré,Tnja,Carte,LIV8,2023-05-08
CMD47682,CL0085,P046,Aug 01 2023,2,1467.13,livre,tanger,Carte,LIV7,
CMD46408,CL0308,P078,2024-05-03,1,1636.44,retourné,casa,Carte,LIV4,2024-05-05
CMD32463,CL0906,P022,08/05/2024,5,3582.83,livre,marrakech,Carte,LIV2,
CMD19631,CL0971,P063,27/04/2023,3,4378.14,LIVRE,TANGER,Carte,LIV9,2023-04-30
CMD15585,CL0737,P074,Sep 11 2023,3,1914.5,livré,TNG,Carte,LIV6,2023-09-15
CMD07526,CL0255,P046,Jun 02 2023,1,854.56,livré,Tnja,Carte,,2023-06-06
CMD33221,CL0255,P021,12/12/2023,5,1197.04,livré,TNG,Carte,LIV8,2023-12-17
CMD24017,CL0927,P014,19/02/2024,4,4627.57,LIVRE,TNG,Carte,LIV5,2024-02-22
CMD14809,CL0977,P070,10/04/2023,4,909.74,retourné,TNG,Carte,LIV5,2023-04-11
CMD04578,CL0437,P063,2023-06-27,2,2795.3,OK,RBA,Carte,,
CMD23728,CL0134,P042,Jun 12 2023,1,1216.62,annulé,TANGER,Carte,,
CMD13807,CL0609,P049,2023-05-28,2,1137.98,DONE,TANGER,Carte,LIV9,2023-05-30
CMD39554,CL0487,P058,18/12/2023,3,3711.61,LIVRE,marrakech,Carte,LIV2,2023-12-22
CMD21316,CL0953,P048,Jul 02 2023,5,4979.89,DONE,Agadir,Carte,,2023-07-06
CMD19789,CL0647,P054,2024-04-09,1,3486.65,annulé,Tnja,Carte,,
CMD43844,CL0042,P037,14/05/2023,3,877.32,livré,Tnja,Carte,LIV1,2023-05-16
CMD11490,CL0312,P019,Oct 10 2023,4,1298.66,OK,marrakech,Carte,LIV6,
CMD19562,CL0579,P075,Jan 03 2023,2,1893.89,en_cours,marrakech,Carte,LIV6,
CMD21013,CL0806,P017,05/07/2023,5,1558.59,LIVRE,casa,Carte,LIV1,2023-07-10
CMD43456,CL0886,P089,Dec 24 2023,4,4702.24,OK,casa,Carte,LIV7,
CMD24230,CL0885,P090,2024-03-29,1,59.17,livré,kech,Carte,,2024-03-31
CMD18775,CL0279,P048,2023-03-07,2,3303.78,livré,Agadir,Carte,LIV8,2023-03-10
CMD33454,CL0893,P021,Apr 20 2024,5,1412.32,en_cours,RBA,Carte,LIV8,
CMD39610,CL0403,P007,2023-07-15,1,3548.44,livré,Tnja,Carte,LIV5,2023-07-16
CMD44402,CL0601,P005,09/04/2024,5,359.69,livre,casa,Carte,LIV10,
CMD38487,CL0643,P069,01/11/2023,4,1624.37,en_cours,Tnja,Carte,,
CMD48394,CL0250,P004,2023-08-17,1,69.41,livré,marrakech,Carte,LIV7,2023-08-22
CMD29889,CL0461,P063,2023-03-08,3,3456.47,OK,Agadir,Carte,LIV9,
CMD23670,CL0176,P052,2023-02-01,2,3170.57,annulé,Agadir,Carte,LIV5,
CMD37478,CL0203,P059,Jan 25 2024,5,4031.11,livré,Tnja,Carte,LIV2,2024-01-30
CMD47844,CL0975,P030,20/10/2023,5,2116.2,OK,kech,Carte,LIV9,
CMD44505,CL0544,P005,2023-07-02,4,339.77,OK,kech,Carte,LIV5,
CMD01932,CL0592,P025,29/03/2023,2,3984.97,LIVRE,tanger,Carte,LIV2,2023-03-30
CMD05159,CL0121,P085,Dec 23 2023,5,92.51,retourné,kech,Carte,LIV5,2023-12-26
CMD35033,CL0466,P078,2023-11-17,1,4431.8,en_cours,TNG,Carte,LIV1,
CMD16916,CL0041,P018,Sep 04 2023,5,2714.98,OK,CASABLANCA,Carte,LIV3,
CMD42541,CL0473,P007,2023-05-03,5,3460.12,DONE,TANGER,Carte,LIV4,2023-05-04
CMD38386,CL0350,P053,Jan 22 2023,5,1983.75,KO,marrakech,Carte,LIV10,
CMD12186,CL0088,P020,Jan 21 2023,2,1868.22,livré,CASABLANCA,Carte,,2023-01-23
CMD34510,CL0521,P072,2024-03-14,1,2024.63,LIVRE,kech,Carte,LIV2,2024-03-16
CMD43884,CL0133,P087,04/12/2023,3,3272.05,livré,tanger,Carte,LIV9,2023-12-08
CMD02951,CL0342,P061,2023-06-09,2,4730.72,retourné,casa,Carte,LIV3,2023-06-14
CMD31660,CL0877,P077,2024-01-04,5,3155.45,OK,TNG,Carte,LIV8,
CMD15133,CL0124,P075,30/08/2023,2,4527.21,DONE,Agadir,Carte,LIV8,2023-09-03
CMD26662,CL0966,P090,Oct 05 2023,5,1492.7,OK,marrakech,Carte,LIV10,
CMD09095,CL0153,P004,Sep 10 2023,4,2844.17,livré,RBA,Carte,,2023-09-14
CMD11979,CL0350,P081,11/02/2024,1,4338.1,livré,RBA,Carte,LIV2,2024-02-14
CMD39311,CL0205,P095,19/08/2023,2,3516.44,annulé,RBA,Carte,,
CMD31527,CL0897,P065,Apr 04 2024,2,623.47,retourné,CASABLANCA,Carte,LIV3,2024-04-05
CMD22749,CL0242,P080,01/07/2023,3,1917.81,livré,TANGER,Carte,LIV8,2023-07-05
CMD29692,CL0424,P031,18/08/2023,1,1939.38,en_cours,tanger,Carte,LIV2,
CMD10815,CL0743,P053,2023-02-25,3,500.74,LIVRE,kech,Carte,LIV7,2023-03-01
CMD12529,CL0939,P087,Dec 06 2023,2,3723.94,en_cours,RBA,Carte,LIV7,
CMD20079,CL0671,P099,2023-05-21,4,2982.56,livre,RBA,Carte,LIV10,
CMD18246,CL0721,P058,17/04/2024,1,3927.02,retourné,RBA,Carte,LIV4,2024-04-19
CMD19711,CL0041,P079,2023-08-07,2,1835.2,LIVRE,casa,Carte,LIV4,2023-08-08
CMD03364,CL0331,P049,14/08/2023,1,0,livre,casa,Carte,LIV2,
CMD43110,CL0339,P053,02/02/2023,5,4212.79,livré,TANGER,Carte,LIV3,2023-02-04
CMD34194,CL0183,P085,2023-08-08,1,3728.57,LIVRE,casa,Carte,LIV9,2023-08-13
CMD27693,CL0523,P057,2023-01-18,5,2408.02,livre,TNG,Carte,LIV5,
CMD40486,CL0810,P009,May 04 2023,1,329.16,KO,Tnja,Carte,LIV7,
CMD27968,CL0670,P018,Jun 17 2023,5,4373.86,livré,CASABLANCA,Carte,LIV2,2023-06-21
CMD07210,CL0999,P095,Aug 13 2023,4,518.37,KO,marrakech,Carte,LIV10,
CMD18796,CL0683,P031,Mar 04 2023,1,63.5,OK,kech,Carte,LIV7,
CMD38027,CL0479,P085,2023-07-31,1,901.47,livré,CASABLANCA,Carte,LIV1,2023-08-05
CMD30923,CL0432,P042,2023-03-02,4,690.21,livré,marrakech,Carte,LIV2,2023-03-07
CMD16772,CL0656,P035,Apr 26 2024,4,3582.1,OK,casa,Carte,,
CMD41166,CL0100,P074,2024-02-13,2,1040.72,DONE,tanger,Carte,LIV3,2024-02-18
CMD01921,CL0806,P099,18/08/2023,5,2978.58,en_cours,RBA,Carte,LIV9,
CMD37285,CL0006,P093,Oct 21 2023,4,953.82,livré,marrakech,Carte,LIV8,2023-10-24
CMD38790,CL0941,P019,Dec 28 2023,2,777.17,LIVRE,marrakech,Carte,,2023-12-29
CMD30126,CL0317,P089,2023-02-17,2,4671.74,livré,RBA,Carte,,2023-02-20
CMD47875,CL0482,P097,11/11/2023,1,513.97,LIVRE,tanger,Carte,LIV9,2023-11-16
CMD38823,CL0676,P046,2023-11-05,5,531.33,livré,tanger,Carte,LIV7,2023-11-07
CMD26813,CL0273,P050,2023-10-25,5,3520.46,livré,tanger,Carte,LIV10,2023-10-27
CMD08232,CL0607,P026,2024-01-21,1,100.16,livré,casa,Carte,LIV8,2024-01-23
CMD21551,CL0451,P056,Mar 16 2024,5,3992.13,annulé,RBA,Carte,LIV5,
CMD18878,CL0096,P077,Feb 12 2023,5,0,DONE,TNG,Carte,LIV10,2023-02-13
CMD03090,CL0448,P069,11/10/2023,3,3576.65,retourné,RBA,Carte,LIV5,2023-10-13
CMD30337,CL0668,P078,26/07/2023,2,2328.5,retourné,Tnja,Carte,LIV1,2023-07-31
CMD20566,CL0076,P077,2023-04-04,1,2047.72,livre,RBA,Carte,LIV7,
CMD13864,CL0427,P022,13/10/2023,1,3732.9,OK,TANGER,Carte,LIV7,
CMD30710,CL0759,P035,2023-11-21,3,0,en_cours,TANGER,Carte,LIV9,
CMD46189,CL0519,P039,2024-03-25,1,3214.61,livre,Tnja,Carte,,
CMD44088,CL0414,P020,Jul 05 2023,3,777.19,LIVRE,casa,Carte,LIV7,2023-07-09
CMD02142,CL0669,P049,08/03/2024,4,1602.17,DONE,tanger,Carte,LIV9,2024-03-12
CMD13943,CL0757,P057,24/02/2023,5,3886.42,KO,CASABLANCA,Carte,LIV5,
CMD42725,CL0636,P047,2023-06-09,4,1608.38,livré,Tnja,Carte,LIV7,2023-06-14
CMD24649,CL0839,P015,Mar 14 2024,4,1058.53,livré,CASABLANCA,Carte,LIV4,2024-03-17
CMD10500,CL0594,P005,Oct 29 2023,4,1792.18,annulé,TNG,Carte,LIV7,
CMD28047,CL0147,P067,2023-09-02,3,4967.62,OK,marrakech,Carte,LIV4,
CMD09886,CL0641,P090,25/01/2024,2,1716.84,annulé,CASABLANCA,Carte,,
CMD02993,CL0780,P042,09/03/2023,4,3876.49,livré,tanger,Carte,LIV6,2023-03-13
CMD38076,CL0060,P044,2023-08-08,4,305.27,OK,Tnja,Carte,LIV8,
CMD00677,CL0423,P061,Jun 12 2023,5,3847.57,OK,kech,Carte,LIV4,
CMD44151,CL0328,P087,2023-09-09,3,3670.99,livré,RBA,Carte,LIV7,2023-09-12
CMD25145,CL0870,P093,23/02/2024,2,4316.89,livre,CASABLANCA,Carte,LIV6,
CMD09091,CL0875,P087,Feb 05 2023,2,4612.92,annulé,RBA,Carte,LIV5,
CMD26660,CL0961,P060,2023-01-27,2,1452.9,OK,TANGER,Carte,LIV4,
CMD13016,CL0765,P085,Jan 13 2023,2,2984.08,OK,marrakech,Carte,,
CMD19838,CL0137,P014,2024-04-09,4,3266.76,livré,kech,Carte,LIV8,2024-04-14
CMD12702,CL0469,P059,Mar 27 2024,1,1677.42,retourné,RBA,Carte,LIV3,2024-04-01
CMD05356,CL0558,P005,Aug 08 2023,1,3160.68,livré,Tnja,Carte,LIV10,2023-08-10
CMD42403,CL0362,P060,04/07/2023,5,1804.96,retourné,Agadir,Carte,LIV5,2023-07-05
CMD44072,CL0162,P025,Apr 09 2024,2,2532.1,en_cours,RBA,Carte,LIV5,
CMD12194,CL0883,P100,Apr 15 2024,5,2093.84,retourné,RBA,Carte,LIV5,2024-04-18
CMD09962,CL0216,P008,2023-02-17,3,259.95,livré,casa,Carte,LIV1,2023-02-22
CMD17019,CL0460,P029,2024-04-16,2,237.26,livre,casa,Carte,,
CMD31284,CL0910,P015,2023-06-19,1,732.02,livré,TNG,Carte,LIV10,2023-06-22
CMD13317,CL0118,P076,04/03/2023,3,1786.54,en_cours,TNG,Carte,LIV8,
CMD44144,CL0709,P075,2024-04-23,5,2383.87,en_cours,casa,Carte,LIV5,
CMD41887,CL0345,P006,2024-02-05,-1,3999.12,livré,marrakech,Carte,LIV5,2024-02-07
CMD42826,CL0527,P063,May 08 2024,4,984.66,LIVRE,Tnja,Carte,LIV10,2024-05-09
CMD29166,CL0243,P096,02/04/2023,4,2121.39,OK,casa,Carte,,
CMD09641,CL0640,P090,2023-08-19,2,2144.04,livré,RBA,Carte,LIV3,2023-08-24
CMD12078,CL0700,P001,Aug 22 2023,2,2913.25,livré,TNG,Carte,LIV9,2023-08-26
CMD31974,CL0226,P007,Mar 20 2023,4,4580.55,en_cours,CASABLANCA,Carte,LIV8,
CMD03408,CL0913,P001,2024-04-09,5,1510.7,OK,casa,Carte,LIV10,
CMD03822,CL0234,P086,2023-12-07,5,3031.79,retourné,TANGER,Carte,LIV6,2023-12-12
CMD31576,CL0112,P051,2024-03-12,4,393.61,DONE,marrakech,Carte,LIV7,2024-03-15
CMD06452,CL0380,P030,Mar 27 2024,3,2910.92,en_cours,marrakech,Carte,LIV4,
CMD22345,CL0968,P029,Mar 26 2023,2,2934.4,retourné,RBA,Carte,LIV3,2023-03-29
CMD10365,CL0199,P083,2023-07-27,3,4130.26,livre,CASABLANCA,Carte,LIV1,
CMD41605,CL0452,P044,Feb 03 2023,4,205.68,annulé,Tnja,Carte,LIV3,
CMD37206,CL0587,P082,2023-04-23,5,3140.8,annulé,TANGER,Carte,LIV7,
CMD15010,CL0692,P020,01/12/2023,1,1217.68,DONE,Agadir,Carte,LIV8,2023-12-05
CMD29344,CL0289,P029,2023-05-23,4,1430.9,livré,marrakech,Carte,LIV9,2023-05-26
CMD41381,CL0798,P055,Jun 30 2023,2,150.37,livré,marrakech,Carte,LIV8,2023-07-01
CMD23147,CL0306,P071,08/01/2023,1,2714.14,en_cours,casa,Carte,LIV8,
CMD29381,CL0539,P057,2023-11-11,5,113.84,livré,CASABLANCA,Carte,LIV2,2023-11-13
CMD42722,CL0827,P016,Aug 16 2023,2,113.97,livré,casa,Carte,LIV10,2023-08-21
CMD37051,CL0684,P073,Feb 27 2023,5,4815.11,en_cours,tanger,Carte,LIV7,
CMD03811,CL0020,P074,Mar 29 2023,4,937.17,livre,marrakech,Carte,LIV6,
CMD25377,CL0328,P034,2024-04-22,4,1414.57,retourné,CASABLANCA,Carte,LIV8,2024-04-25
CMD11135,CL0491,P063,Dec 06 2023,3,377.15,livré,casa,Carte,LIV3,2023-12-11
CMD02217,CL0778,P093,2023-03-17,4,1150.19,en_cours,RBA,Carte,LIV6,
CMD21036,CL0196,P028,2024-01-07,3,1688.62,LIVRE,casa,Carte,LIV9,2024-01-09
CMD04359,CL0409,P052,2023-08-22,2,3123.92,DONE,casa,Carte,LIV7,2023-08-25
CMD25101,CL0242,P089,May 13 2023,5,1454.33,KO,RBA,Carte,LIV1,
CMD04741,CL0155,P083,28/04/2024,3,3639.81,livre,Agadir,Carte,LIV3,
CMD05315,CL0598,P083,2024-04-25,1,1521.59,en_cours,kech,Carte,LIV10,
CMD08407,CL0601,P063,May 24 2023,3,256.69,livré,kech,Carte,LIV7,2023-05-29
CMD48433,CL0776,P079,Mar 23 2023,4,2056.31,en_cours,CASABLANCA,Carte,LIV2,
CMD05983,CL0443,P010,25/04/2023,-1,883.5,livre,RBA,Carte,LIV2,
CMD07448,CL0873,P074,Jul 03 2023,3,1515.72,en_cours,kech,Carte,LIV6,
CMD48250,CL0842,P056,2024-01-27,1,1773.55,livre,casa,Carte,LIV1,
CMD14266,CL0441,P084,2023-04-08,4,4767.53,livre,TNG,Carte,,
CMD05078,CL0168,P016,2023-05-09,5,4360.78,livré,marrakech,Carte,LIV1,2023-05-13
CMD03224,CL0716,P085,Jan 29 2024,5,2702.68,annulé,RBA,Carte,LIV2,
CMD19886,CL0798,P071,Mar 07 2024,3,4322.7,livre,TANGER,Carte,LIV8,
CMD18651,CL0266,P002,21/05/2023,3,2844.52,OK,kech,Carte,LIV5,
CMD15803,CL0219,P095,2023-06-07,3,2599.37,livré,TANGER,Carte,LIV7,2023-06-09
CMD39421,CL0140,P087,Jan 25 2023,2,4579.37,en_cours,TNG,Carte,LIV1,
CMD15653,CL0515,P029,03/07/2023,3,2812.54,annulé,Agadir,Carte,LIV4,
CMD01776,CL0564,P028,Mar 04 2023,4,1752.67,livré,CASABLANCA,Carte,LIV3,2023-03-08
CMD25517,CL0224,P020,2023-10-19,5,2224.81,DONE,TANGER,Carte,LIV10,2023-10-23
CMD38702,CL0454,P075,17/09/2023,2,2844.81,livré,Agadir,Carte,LIV3,2023-09-21
CMD32749,CL0981,P001,06/05/2023,3,959.89,livré,TNG,Carte,LIV3,2023-05-07
CMD40756,CL0760,P001,May 21 2023,4,68.33,en_cours,CASABLANCA,Carte,LIV5,
CMD06699,CL0475,P085,2023-01-06,2,3710.52,annulé,casa,Carte,LIV7,
CMD40148,CL0282,P017,May 11 2023,5,870.67,KO,marrakech,Carte,LIV8,
CMD19083,CL0539,P052,2023-12-23,4,4669.63,livré,casa,Carte,LIV9,2023-12-27
CMD12874,CL0993,P084,2024-04-28,3,1516.9,en_cours,RBA,Carte,LIV5,
CMD37985,CL0503,P013,09/11/2023,3,2862.52,livré,marrakech,Carte,LIV9,2023-11-14
CMD30157,CL0462,P082,21/01/2023,4,85.89,retourné,RBA,Carte,LIV5,2023-01-25
CMD17369,CL0857,P009,07/05/2024,1,3465.52,livré,TNG,Carte,LIV6,2024-05-10
CMD00007,CL0888,P082,21/06/2023,4,3166.94,OK,casa,Carte,,
CMD21285,CL0801,P009,05/05/2024,4,3908.95,annulé,Agadir,Carte,LIV10,
CMD22217,CL0061,P045,May 05 2023,2,0,retourné,Tnja,Carte,LIV5,2023-05-06
CMD07317,CL0052,P077,04/04/2023,1,1587.89,livré,Tnja,Carte,LIV7,2023-04-08
CMD40412,CL0729,P065,2023-09-18,3,2873.3,livre,kech,Carte,LIV9,
CMD40219,CL0138,P001,2023-05-07,3,292.34,KO,kech,Carte,LIV6,
CMD17434,CL0108,P047,24/04/2024,3,2946.6,livré,tanger,Carte,LIV3,2024-04-25
CMD35430,CL0109,P098,2023-04-25,1,4463.82,LIVRE,Tnja,Carte,LIV2,2023-04-26
CMD12905,CL0487,P079,2023-06-23,2,2371.67,livré,TNG,Carte,LIV1,2023-06-24
CMD18868,CL0558,P035,2023-05-31,3,2559.05,LIVRE,CASABLANCA,Carte,LIV9,2023-06-05
CMD16567,CL0033,P021,2023-12-04,3,3517.0,annulé,tanger,Carte,LIV10,
CMD45690,CL0981,P071,17/12/2023,2,3702.69,en_cours,marrakech,Carte,LIV10,
CMD08860,CL0221,P066,Sep 21 2023,4,3306.04,KO,tanger,Carte,,
CMD28722,CL0272,P075,Mar 06 2023,2,4513.42,livré,casa,Carte,LIV2,2023-03-10
CMD16914,CL0487,P062,24/04/2024,3,3934.59,retourné,Agadir,Carte,LIV3,2024-04-25
CMD34598,CL0926,P048,06/01/2023,5,3339.51,livré,tanger,Carte,LIV1,2023-01-10
CMD08615,CL0757,P079,2023-04-27,2,3753.36,livré,CASABLANCA,Carte,LIV9,2023-04-28
CMD47863,CL0446,P014,24/04/2024,4,3879.81,OK,Tnja,Carte,,
CMD28783,CL0663,P089,03/02/2024,1,4027.25,livre,CASABLANCA,Carte,LIV7,
CMD30711,CL0758,P048,Oct 12 2023,1,561.08,retourné,RBA,Carte,LIV9,2023-10-13
CMD01207,CL0343,P075,2023-10-17,4,2485.42,livré,TANGER,Carte,LIV5,2023-10-20
CMD32399,CL0880,P062,Aug 13 2023,3,813.31,livré,marrakech,Carte,LIV7,2023-08-18
CMD31588,CL0201,P001,2024-04-26,4,1608.19,KO,casa,Carte,LIV6,
CMD06515,CL0160,P013,12/04/2023,3,1985.47,livré,Agadir,Carte,,2023-04-13
CMD28811,CL0031,P059,10/05/2024,2,797.56,KO,TNG,Carte,,
CMD04613,CL0569,P051,17/04/2024,5,1409.69,en_cours,marrakech,Carte,LIV1,
CMD18905,CL0377,P020,Feb 05 2023,3,1090.58,livré,CASABLANCA,Carte,LIV3,2023-02-06
CMD24145,CL0195,P059,21/04/2023,2,1060.86,livré,Tnja,Carte,LIV4,2023-04-25
CMD36370,CL0455,P032,07/03/2024,1,4138.65,livré,CASABLANCA,Carte,LIV8,2024-03-11
CMD03111,CL0887,P054,Jun 02 2023,1,783.12,OK,marrakech,Carte,LIV8,
CMD11635,CL0475,P016,Mar 02 2024,3,4597.97,livre,CASABLANCA,Carte,LIV7,
CMD19170,CL0569,P021,12/02/2023,3,362.89,annulé,Agadir,Carte,LIV10,
CMD31842,CL0689,P070,09/02/2024,4,2696.86,LIVRE,CASABLANCA,Carte,LIV5,2024-02-13
CMD34245,CL0325,P028,Dec 14 2023,3,4343.4,livré,marrakech,Carte,LIV8,2023-12-18
CMD25711,CL0040,P065,09/03/2024,4,1470.84,livré,CASABLANCA,Carte,LIV5,2024-03-11
CMD32643,CL0434,P061,21/05/2023,3,4055.89,DONE,CASABLANCA,Carte,LIV3,2023-05-25
CMD43361,CL0563,P016,06/01/2024,2,309.09,KO,Agadir,Carte,LIV6,
CMD33340,CL0667,P085,Feb 20 2024,1,1674.07,DONE,Tnja,Carte,LIV6,2024-02-23
CMD25765,CL0701,P052,24/09/2023,5,548.16,en_cours,RBA,Carte,LIV6,
CMD24296,CL0104,P021,2023-06-28,2,2098.39,en_cours,CASABLANCA,Carte,LIV8,
CMD38028,CL0644,P063,24/08/2023,4,3004.68,en_cours,Tnja,Carte,LIV1,
CMD20313,CL0215,P049,02/03/2024,3,4376.47,livre,CASABLANCA,Carte,LIV1,
CMD32302,CL0480,P008,Apr 12 2023,4,2209.51,livré,kech,Carte,LIV7,2023-04-16
CMD31567,CL0021,P093,2023-11-01,3,3413.41,livré,TNG,Carte,LIV3,2023-11-04
CMD19741,CL0308,P043,Aug 03 2023,3,1911.52,retourné,CASABLANCA,Carte,LIV2,2023-08-07
CMD36383,CL0277,P019,20/01/2023,3,164.69,livre,Tnja,Carte,LIV4,
CMD05094,CL0300,P094,2023-04-18,5,2462.69,KO,Agadir,Carte,LIV9,
CMD40673,CL0006,P086,2024-02-08,5,694.48,LIVRE,Agadir,Carte,LIV4,2024-02-09
CMD27422,CL0004,P004,2023-05-27,5,2332.53,KO,Tnja,Carte,LIV5,
CMD15537,CL0422,P077,Apr 17 2024,1,4318.34,annulé,tanger,Carte,LIV6,
CMD20330,CL0699,P050,14/11/2023,5,536.51,annulé,CASABLANCA,Carte,LIV6,
CMD10479,CL0035,P046,06/01/2023,4,1518.43,KO,tanger,Carte,LIV8,
CMD22965,CL0080,P070,2024-02-22,3,105.88,OK,TANGER,Carte,LIV4,
CMD03304,CL0058,P002,2023-05-30,3,1786.04,livré,marrakech,Carte,LIV3,2023-06-01
CMD19654,CL0224,P058,Oct 31 2023,1,3916.14,DONE,Agadir,Carte,,2023-11-03
CMD29011,CL0733,P078,Jul 06 2023,4,2049.17,livre,Tnja,Carte,LIV2,
CMD28583,CL0831,P044,24/01/2023,3,1464.34,OK,tanger,Carte,LIV6,
CMD37638,CL0033,P095,2023-02-04,5,1185.95,annulé,TNG,Carte,LIV10,
CMD20854,CL0938,P033,Sep 15 2023,3,747.79,livre,casa,Carte,,
CMD45760,CL0737,P085,Feb 14 2023,-1,4962.57,OK,kech,Carte,LIV5,
CMD38981,CL0572,P079,Feb 14 2023,3,2654.59,KO,Agadir,Carte,LIV1,
CMD12256,CL0175,P004,16/03/2024,4,1116.0,LIVRE,marrakech,Carte,LIV9,2024-03-18
CMD10262,CL0534,P088,13/02/2023,5,3874.11,livre,TNG,Carte,LIV2,
CMD48278,CL0521,P067,Feb 03 2023,1,2884.14,en_cours,RBA,Carte,LIV6,
CMD28606,CL0103,P067,2023-02-11,4,899.17,KO,RBA,Carte,LIV2,
CMD02699,CL0134,P100,2023-06-04,3,867.14,retourné,marrakech,Carte,LIV6,2023-06-06
CMD19496,CL0391,P009,23/09/2023,2,3569.8,livré,RBA,Carte,LIV6,2023-09-28
CMD14325,CL0253,P024,13/04/2024,5,3194.1,livre,RBA,Carte,LIV3,
CMD10232,CL0995,P072,07/09/2023,5,3915.12,LIVRE,RBA,Carte,LIV2,2023-09-11
CMD42965,CL0468,P017,2023-02-11,4,3991.02,livré,casa,Carte,LIV4,2023-02-12
CMD39941,CL0373,P011,Dec 28 2023,2,1837.85,livré,TNG,Carte,LIV6,2024-01-02
CMD13203,CL0310,P089,2023-06-05,3,3703.57,DONE,RBA,Carte,LIV6,2023-06-06
CMD22757,CL0196,P035,Mar 24 2023,4,1907.04,en_cours,Agadir,Carte,LIV3,
CMD27519,CL0416,P083,Jul 16 2023,2,1615.05,OK,TANGER,Carte,LIV8,
CMD06943,CL0022,P076,27/08/2023,4,625.74,en_cours,casa,Carte,LIV6,
CMD14237,CL0278,P099,Nov 23 2023,3,3013.96,livré,RBA,Carte,LIV1,2023-11-27
CMD28674,CL0228,P040,2023-12-22,5,1239.24,retourné,TNG,Carte,LIV6,2023-12-27
CMD31296,CL0275,P032,2023-10-02,5,4761.23,LIVRE,casa,Carte,LIV8,2023-10-07
CMD32370,CL0213,P063,07/11/2023,2,1011.7,LIVRE,Agadir,Carte,LIV9,2023-11-08
CMD04234,CL0823,P090,Jun 19 2023,3,4450.02,DONE,RBA,Carte,LIV8,2023-06-20
CMD36091,CL0563,P034,20/10/2023,4,818.63,livré,kech,Carte,LIV7,2023-10-24
CMD28263,CL0067,P097,2023-09-04,1,4931.75,KO,Tnja,Carte,LIV3,
CMD32001,CL0247,P006,Apr 11 2024,5,4374.17,DONE,RBA,Carte,LIV6,2024-04-16
CMD14661,CL0220,P044,02/05/2023,5,1092.7,en_cours,marrakech,Carte,LIV5,
CMD22190,CL0736,P025,26/03/2024,2,0,en_cours,casa,Carte,LIV5,
CMD44403,CL0072,P009,Apr 06 2024,2,1194.21,OK,RBA,Carte,LIV8,
CMD18867,CL0985,P017,2023-11-02,1,711.93,DONE,marrakech,Carte,LIV8,2023-11-04
CMD45499,CL0173,P040,May 11 2023,4,1775.32,KO,CASABLANCA,Carte,LIV9,
CMD32462,CL0587,P095,15/03/2024,3,3798.49,DONE,CASABLANCA,Carte,LIV7,2024-03-16
CMD01959,CL0289,P005,Jan 09 2024,3,3556.31,livré,casa,Carte,LIV7,2024-01-13
CMD46112,CL0803,P086,02/02/2023,3,3819.47,livré,TANGER,Carte,LIV5,2023-02-06
CMD29938,CL0782,P045,01/01/2024,3,3746.8,livré,Agadir,Carte,LIV3,2024-01-03
CMD11449,CL0618,P040,Jan 19 2024,1,188.74,DONE,RBA,Carte,LIV10,2024-01-23
CMD13761,CL0880,P048,01/01/2024,1,1771.23,retourné,Tnja,Carte,LIV10,2024-01-06
CMD10156,CL0382,P051,24/01/2023,4,665.94,annulé,Tnja,Carte,LIV7,
CMD17594,CL0470,P018,04/04/2023,3,2374.45,LIVRE,kech,Carte,LIV8,2023-04-07
CMD06740,CL0376,P058,2024-01-31,4,3648.62,en_cours,CASABLANCA,Carte,LIV3,
CMD45135,CL0028,P006,Feb 21 2024,2,2996.56,livré,casa,Carte,LIV9,2024-02-25
CMD05433,CL0995,P071,2024-01-10,2,2070.26,DONE,TNG,Carte,LIV3,2024-01-11
CMD25849,CL0152,P036,15/05/2024,3,2599.86,livré,CASABLANCA,Carte,LIV7,2024-05-18
CMD37275,CL0202,P048,2023-02-24,2,3201.28,livré,CASABLANCA,Carte,LIV1,2023-02-28
CMD39917,CL0550,P029,Sep 11 2023,5,4773.44,livre,tanger,Carte,LIV2,
CMD38041,CL0198,P093,2023-09-13,4,4863.01,livré,TNG,Carte,LIV4,2023-09-15
CMD33723,CL0824,P057,25/11/2023,5,1058.88,KO,tanger,Carte,LIV9,
CMD42570,CL0877,P030,2023-09-16,1,4807.27,en_cours,Tnja,Carte,LIV3,
CMD19594,CL0827,P099,2023-11-29,4,4060.63,OK,RBA,Carte,LIV1,
CMD34314,CL0535,P024,2023-01-31,2,205.41,livré,kech,Carte,LIV10,2023-02-01
CMD03362,CL0108,P058,10/05/2023,4,1252.35,OK,Tnja,Carte,LIV5,
CMD38067,CL0942,P075,30/09/2023,4,3323.08,livré,CASABLANCA,Carte,LIV5,2023-10-02
CMD28321,CL0977,P092,2023-07-08,2,4080.55,livre,tanger,Carte,LIV5,
CMD44469,CL0976,P045,2023-09-19,1,916.22,annulé,kech,Carte,,
CMD24193,CL0144,P069,Sep 13 2023,5,158.05,KO,marrakech,Carte,LIV10,
CMD03201,CL0984,P015,Jan 18 2024,5,3824.83,retourné,RBA,Carte,LIV2,2024-01-21
CMD16946,CL0322,P084,27/04/2024,2,2478.93,retourné,casa,Carte,LIV9,2024-05-02
CMD01236,CL0459,P072,2023-07-25,4,2984.77,livré,TANGER,Carte,LIV10,2023-07-28
CMD11533,CL0888,P010,07/11/2023,3,3971.84,livré,TNG,Carte,LIV3,2023-11-08
CMD37337,CL0464,P027,Nov 08 2023,1,72.43,livré,Tnja,Carte,LIV10,2023-11-10
CMD33583,CL0831,P071,Apr 25 2023,5,3864.01,annulé,RBA,Carte,LIV1,
CMD12550,CL0408,P078,01/07/2023,1,243.12,KO,Tnja,Carte,,
CMD31026,CL0905,P075,20/10/2023,4,3025.04,en_cours,Agadir,Carte,LIV2,
CMD18703,CL0636,P080,2024-02-26,3,2484.47,KO,Agadir,Carte,LIV3,
CMD36274,CL0520,P080,2024-01-27,4,2498.07,en_cours,TNG,Carte,,
CMD46812,CL0948,P012,16/05/2023,4,996.41,annulé,Tnja,Carte,LIV10,
CMD11715,CL0718,P019,Jan 03 2024,4,398.58,KO,RBA,Carte,LIV5,
CMD46927,CL0279,P094,Jan 09 2024,1,3380.8,DONE,casa,Carte,LIV8,2024-01-13
CMD39859,CL0228,P092,2024-04-24,2,3939.23,livré,Tnja,Carte,LIV7,2024-04-27
CMD33842,CL0423,P031,Sep 27 2023,1,76.14,livré,tanger,Carte,LIV5,2023-10-02
CMD43200,CL0500,P097,23/03/2023,2,4665.39,livré,CASABLANCA,Carte,LIV3,2023-03-27
CMD15106,CL0843,P099,06/02/2023,5,3791.79,OK,marrakech,Carte,LIV8,
CMD06858,CL0890,P020,09/04/2024,5,2737.41,annulé,Agadir,Carte,LIV4,
CMD33452,CL0023,P031,2023-02-14,3,4549.83,annulé,TNG,Carte,LIV7,
CMD42172,CL0647,P037,2023-06-22,3,3500.94,DONE,kech,Carte,LIV4,2023-06-24
CMD05198,CL0937,P038,Apr 04 2023,2,2267.64,DONE,CASABLANCA,Carte,LIV10,2023-04-08
CMD13545,CL0791,P011,04/03/2024,4,2438.8,livré,marrakech,Carte,LIV6,2024-03-09
CMD42799,CL0042,P027,Aug 01 2023,5,920.71,livré,TNG,Carte,LIV1,2023-08-02
CMD25138,CL0031,P038,29/10/2023,3,3178.38,DONE,marrakech,Carte,LIV1,2023-11-02
CMD20438,CL0340,P052,Oct 28 2023,5,2698.1,LIVRE,Tnja,Carte,LIV6,2023-10-31
CMD27386,CL0375,P048,2024-04-09,3,4978.28,en_cours,CASABLANCA,Carte,LIV3,
CMD01500,CL0800,P061,27/02/2023,5,1370.57,retourné,casa,Carte,LIV4,2023-03-04
CMD44969,CL0130,P003,Nov 30 2023,1,2285.15,DONE,TANGER,Carte,LIV4,2023-12-02
CMD32910,CL0874,P009,2024-04-05,2,3961.36,OK,TANGER,Carte,LIV7,
CMD00841,CL0157,P038,Oct 02 2023,3,3894.26,retourné,tanger,Carte,LIV10,2023-10-05
CMD29930,CL0260,P025,25/03/2024,5,4504.99,LIVRE,Agadir,Carte,LIV10,2024-03-26
CMD37728,CL0466,P059,2023-10-18,4,298.22,livre,marrakech,Carte,LIV2,
CMD07391,CL0590,P015,27/06/2023,5,2062.36,annulé,Tnja,Carte,LIV3,
CMD02278,CL0676,P085,Oct 19 2023,4,3534.15,livré,kech,Carte,LIV8,2023-10-20
CMD27405,CL0068,P006,2023-12-15,-1,0,en_cours,TNG,Carte,LIV3,
CMD16880,CL0105,P028,11/04/2024,3,4808.67,LIVRE,TANGER,Carte,LIV3,2024-04-16
CMD24910,CL0045,P095,2023-09-02,5,2034.86,DONE,tanger,Carte,LIV10,2023-09-07
CMD40863,CL0005,P066,2023-04-24,4,900.07,en_cours,tanger,Carte,LIV1,
CMD35966,CL0424,P014,29/03/2024,5,2362.68,LIVRE,marrakech,Carte,LIV4,2024-04-02
CMD25233,CL0419,P026,29/12/2023,4,2781.58,livre,Agadir,Carte,LIV5,
CMD00130,CL0018,P053,2023-01-05,4,2015.62,livre,CASABLANCA,Carte,LIV5,
CMD46716,CL0990,P048,20/01/2023,2,835.36,KO,Tnja,Carte,LIV2,
CMD20980,CL0614,P046,15/01/2023,2,3484.92,annulé,Agadir,Carte,LIV5,
CMD35266,CL0493,P048,02/10/2023,5,2769.11,DONE,kech,Carte,LIV5,2023-10-04
CMD00180,CL0863,P023,2023-06-04,3,1081.69,retourné,Agadir,Carte,LIV8,2023-06-05
CMD46850,CL0555,P038,Feb 17 2023,4,1683.97,en_cours,casa,Carte,,
CMD41789,CL0869,P015,2023-06-08,5,72.36,retourné,Agadir,Carte,LIV3,2023-06-11
CMD09134,CL0463,P002,2023-10-05,3,4790.9,livré,RBA,Carte,LIV6,2023-10-09
CMD25945,CL0259,P048,Apr 09 2024,2,2813.1,livré,Tnja,Carte,LIV1,2024-04-11
CMD24254,CL0343,P035,Nov 30 2023,3,2408.32,DONE,tanger,Carte,LIV7,2023-12-02
CMD31867,CL0183,P039,02/10/2023,1,4477.88,en_cours,tanger,Carte,LIV8,
CMD46213,CL1000,P047,2024-01-13,1,1218.36,LIVRE,kech,Carte,LIV1,2024-01-17
CMD30498,CL0919,P100,19/04/2023,3,3593.51,DONE,TANGER,Carte,LIV9,2023-04-23
CMD44702,CL0119,P015,17/02/2024,1,1920.97,LIVRE,tanger,Carte,LIV4,2024-02-20
CMD05945,CL0652,P077,04/03/2023,5,4500.34,LIVRE,TANGER,Carte,,2023-03-08
CMD18980,CL0892,P047,09/05/2023,1,3047.27,en_cours,TNG,Carte,LIV10,
CMD14352,CL0893,P061,Apr 14 2023,2,3615.63,livré,TANGER,Carte,LIV3,2023-04-18
CMD09157,CL0929,P078,09/05/2023,2,922.51,retourné,tanger,Carte,LIV6,2023-05-14
CMD03496,CL0927,P066,May 15 2024,4,1211.41,KO,tanger,Carte,LIV5,
CMD12461,CL0457,P078,Oct 16 2023,5,2959.0,OK,casa,Carte,LIV6,
CMD16716,CL0070,P093,20/06/2023,5,2444.85,livré,tanger,Carte,LIV5,2023-06-22
CMD17752,CL0514,P082,Mar 15 2023,5,4595.59,annulé,marrakech,Carte,LIV8,
CMD32897,CL0239,P005,06/02/2024,4,1897.19,annulé,TNG,Carte,LIV6,
CMD10905,CL0600,P074,Jun 14 2023,1,3392.14,livré,CASABLANCA,Carte,LIV6,2023-06-15
CMD21395,CL0287,P087,2023-10-31,1,2570.25,DONE,marrakech,Carte,LIV10,2023-11-01
CMD16287,CL0132,P019,2023-08-27,3,0,retourné,kech,Carte,LIV9,2023-08-30
CMD19824,CL0626,P100,Feb 14 2024,4,2938.43,LIVRE,TANGER,Carte,LIV2,2024-02-18
CMD03179,CL0896,P071,2023-03-12,5,423.21,DONE,casa,Carte,LIV7,2023-03-16
CMD05018,CL0666,P022,02/09/2023,3,2575.59,livré,RBA,Carte,LIV5,2023-09-04
CMD04135,CL0167,P032,Mar 16 2024,4,1591.57,annulé,Agadir,Carte,LIV2,
CMD23708,CL0665,P096,27/03/2023,4,2795.91,livré,marrakech,Carte,LIV4,2023-03-30
CMD33086,CL0700,P064,Dec 23 2023,1,3319.8,LIVRE,CASABLANCA,Carte,LIV2,2023-12-28
CMD09759,CL0233,P084,28/08/2023,1,1402.12,livre,Agadir,Carte,LIV6,
CMD17321,CL0669,P032,Jan 02 2024,3,1828.62,en_cours,TANGER,Carte,LIV4,
CMD32779,CL0720,P089,25/06/2023,2,931.47,OK,CASABLANCA,Carte,LIV2,
CMD19456,CL0959,P076,2024-01-18,1,1779.94,annulé,kech,Carte,LIV1,
CMD06646,CL0373,P069,29/03/2024,4,3676.15,LIVRE,TNG,Carte,LIV5,2024-04-03
CMD36160,CL0863,P004,Dec 25 2023,4,1240.44,KO,TNG,Carte,LIV6,
CMD01850,CL0611,P007,Mar 21 2024,4,75.92,DONE,RBA,Carte,LIV1,2024-03-26
CMD17973,CL0872,P076,Jan 12 2023,1,0,livré,casa,Carte,LIV6,2023-01-13
CMD47160,CL0072,P046,2023-07-18,5,3642.88,DONE,tanger,Carte,LIV7,2023-07-22
CMD25371,CL0269,P023,Mar 29 2023,2,3608.04,annulé,Agadir,Carte,LIV2,
CMD32631,CL0112,P043,2023-06-22,5,1231.05,en_cours,Tnja,Carte,LIV8,
CMD40744,CL0169,P028,22/04/2023,4,3469.53,LIVRE,CASABLANCA,Carte,LIV1,2023-04-23
CMD16664,CL0069,P017,Apr 01 2023,4,2953.15,LIVRE,kech,Carte,LIV2,2023-04-03
CMD27150,CL0254,P087,2023-08-18,3,3961.41,annulé,Tnja,Carte,LIV1,
CMD29651,CL0032,P025,Aug 29 2023,5,695.4,annulé,tanger,Carte,LIV7,
CMD20272,CL0056,P047,Feb 08 2024,4,3390.16,en_cours,CASABLANCA,Carte,LIV4,
CMD11393,CL0561,P015,Oct 15 2023,3,4041.25,livré,TANGER,Carte,LIV9,2023-10-17
CMD31109,CL0481,P079,15/12/2023,3,1935.11,retourné,tanger,Carte,LIV8,2023-12-20
CMD19136,CL0963,P001,Jun 09 2023,4,724.92,retourné,Agadir,Carte,LIV9,2023-06-12
CMD10249,CL0317,P073,2023-09-10,4,2839.53,livre,CASABLANCA,Carte,LIV1,
CMD41984,CL0124,P031,21/04/2023,5,3559.16,livré,casa,Carte,,2023-04-22
CMD30567,CL0003,P060,10/04/2024,2,1459.81,livré,TANGER,Carte,LIV10,2024-04-12
CMD24397,CL0424,P074,2023-09-27,4,2799.24,annulé,kech,Carte,LIV7,
CMD03961,CL0353,P039,2023-04-18,4,1117.92,livré,tanger,Carte,LIV8,2023-04-23
CMD23229,CL0884,P069,2024-02-14,5,2078.03,LIVRE,TNG,Carte,LIV9,2024-02-17
CMD04758,CL0789,P092,2023-07-20,4,1638.79,livré,tanger,Carte,LIV10,2023-07-21
CMD15235,CL0377,P054,01/10/2023,5,569.23,livré,casa,Carte,LIV8,2023-10-02
CMD09743,CL0097,P100,12/01/2024,4,3261.14,retourné,tanger,Carte,LIV6,2024-01-14
CMD42918,CL0212,P026,2023-12-15,5,4857.09,LIVRE,casa,Carte,LIV6,2023-12-17
CMD13981,CL0810,P032,2023-04-15,1,3044.74,annulé,marrakech,Carte,LIV5,
CMD31202,CL0692,P006,29/04/2024,3,753.22,KO,Agadir,Carte,LIV6,
CMD00312,CL0241,P093,Dec 02 2023,1,1962.57,livre,Tnja,Carte,,
CMD06438,CL0788,P075,04/11/2023,3,3382.62,DONE,TANGER,Carte,LIV7,2023-11-08
CMD26656,CL0047,P023,2023-03-20,3,1486.89,annulé,TANGER,Carte,LIV2,
CMD42039,CL0099,P098,Sep 09 2023,4,1891.56,DONE,Tnja,Carte,LIV2,2023-09-10
CMD30733,CL0509,P065,2023-01-13,3,3911.72,retourné,kech,Carte,LIV3,2023-01-16
CMD16464,CL0981,P002,04/02/2023,1,3050.34,LIVRE,TANGER,Carte,LIV2,2023-02-05
CMD40249,CL0909,P057,Jun 17 2023,2,2735.72,retourné,CASABLANCA,Carte,LIV4,2023-06-20
CMD10277,CL0177,P082,2023-09-16,5,66.41,DONE,RBA,Carte,,2023-09-20
CMD38242,CL0254,P033,Feb 05 2023,3,1071.59,OK,casa,Carte,LIV3,
CMD04875,CL0715,P088,15/08/2023,3,91.13,annulé,CASABLANCA,Carte,LIV6,
CMD22716,CL0444,P066,2023-08-12,1,3842.83,annulé,casa,Carte,LIV8,
CMD39887,CL0380,P067,2023-05-12,3,4447.85,annulé,marrakech,Carte,LIV10,
CMD48314,CL0571,P023,28/03/2023,5,4863.23,LIVRE,tanger,Carte,LIV8,2023-03-29
CMD03273,CL0679,P086,18/10/2023,2,2243.9,annulé,Tnja,Carte,LIV1,
CMD04589,CL0368,P099,2023-01-18,1,4697.28,OK,CASABLANCA,Carte,LIV1,
CMD44662,CL0803,P071,Nov 05 2023,2,4894.39,LIVRE,Tnja,Carte,LIV3,2023-11-07
CMD37683,CL0137,P023,2023-01-08,1,523.51,livré,Tnja,Carte,,2023-01-13
CMD08050,CL0090,P089,2023-04-06,5,1646.39,en_cours,casa,Carte,LIV7,
CMD01935,CL0317,P015,2023-03-11,3,3030.37,KO,Agadir,Carte,LIV7,
CMD32888,CL0488,P092,2024-04-16,2,3137.11,LIVRE,tanger,Carte,LIV6,2024-04-18
CMD25450,CL0433,P063,2023-02-06,2,3276.49,OK,Tnja,Carte,LIV6,
CMD02747,CL0114,P090,20/05/2023,5,559.57,retourné,tanger,Carte,,2023-05-24
CMD00751,CL0134,P029,2023-05-14,1,4959.98,livré,RBA,Carte,,2023-05-15
CMD34464,CL0110,P006,Apr 18 2024,3,3511.04,OK,marrakech,Carte,LIV2,
CMD45114,CL0229,P060,2023-06-24,5,1354.74,KO,marrakech,Carte,LIV10,
CMD01656,CL0281,P013,Feb 17 2024,3,2131.86,livré,Tnja,Carte,LIV6,2024-02-20
CMD00459,CL0062,P033,Jan 17 2023,4,119.26,en_cours,TANGER,Carte,LIV6,
CMD37362,CL0226,P026,30/08/2023,4,876.39,livré,TANGER,Carte,LIV7,2023-09-02
CMD02106,CL0365,P010,2024-05-12,1,3271.61,DONE,Tnja,Carte,LIV6,2024-05-17
CMD05862,CL0336,P098,Feb 07 2024,2,2406.85,livré,TANGER,Carte,LIV10,2024-02-11
CMD00837,CL0033,P068,04/03/2023,5,2940.85,retourné,CASABLANCA,Carte,LIV2,2023-03-09
CMD03792,CL0598,P022,24/12/2023,4,3609.17,DONE,Tnja,Carte,LIV6,2023-12-25
CMD32723,CL0050,P084,Jun 04 2023,3,3131.58,retourné,TNG,Carte,LIV4,2023-06-07
CMD01183,CL0801,P034,07/03/2024,2,4341.11,retourné,TNG,Carte,LIV6,2024-03-10
CMD09650,CL0923,P015,Mar 07 2024,1,4140.96,KO,Agadir,Carte,LIV6,
CMD00369,CL0665,P047,2024-04-21,1,174.41,livre,Tnja,Carte,,
CMD01072,CL0565,P046,Apr 10 2024,2,4463.15,retourné,TANGER,Carte,LIV6,2024-04-12
CMD07073,CL0170,P006,Mar 03 2023,1,4628.91,livré,tanger,Carte,LIV3,2023-03-06
CMD22623,CL0495,P004,Jun 29 2023,5,3678.95,DONE,TNG,Carte,LIV1,2023-07-04
CMD18929,CL0344,P032,2023-07-22,2,3763.62,livré,TANGER,Carte,LIV1,2023-07-26
CMD22201,CL0709,P086,Feb 16 2024,1,3910.15,OK,tanger,Carte,LIV7,
CMD36376,CL0651,P002,Oct 17 2023,4,3739.11,en_cours,tanger,Carte,LIV7,
CMD18223,CL0820,P027,2024-02-21,4,2530.31,en_cours,kech,Carte,LIV4,
CMD38296,CL0657,P093,2023-02-07,1,1611.24,retourné,Agadir,Carte,LIV8,2023-02-09
CMD18054,CL0410,P092,24/10/2023,3,1626.7,LIVRE,Tnja,Carte,LIV5,2023-10-29
CMD32422,CL0132,P044,2023-05-03,1,1567.04,DONE,kech,Carte,LIV9,2023-05-05
CMD29699,CL0071,P003,2023-03-20,5,2683.04,annulé,kech,Carte,LIV1,
CMD00016,CL0839,P056,09/02/2024,2,2551.35,annulé,kech,Carte,LIV1,
CMD17595,CL0018,P097,19/12/2023,4,2852.5,livré,TANGER,Carte,LIV3,2023-12-22
CMD29463,CL0876,P050,Apr 14 2023,4,3549.8,KO,kech,Carte,LIV10,
CMD38859,CL0193,P061,13/04/2023,2,3870.51,LIVRE,Tnja,Carte,LIV2,2023-04-17
CMD35842,CL0418,P092,2023-02-19,2,3157.14,livré,kech,Carte,LIV10,2023-02-21
CMD19501,CL0682,P048,Apr 13 2023,2,2609.87,livré,Tnja,Carte,LIV5,2023-04-15
CMD30876,CL0436,P097,10/01/2024,4,3485.32,livré,marrakech,Carte,LIV2,2024-01-12
CMD28808,CL0657,P083,2024-01-05,4,1014.19,LIVRE,TANGER,Carte,LIV5,2024-01-10
CMD28398,CL0390,P069,2023-02-23,5,1994.83,retourné,tanger,Carte,LIV9,2023-02-28
CMD38929,CL0290,P057,2023-08-22,3,1984.88,annulé,casa,Carte,,
CMD13856,CL0811,P026,Sep 18 2023,2,3489.39,retourné,kech,Carte,LIV6,2023-09-22
CMD42379,CL0234,P085,18/06/2023,2,1306.58,DONE,marrakech,Carte,LIV2,2023-06-19
CMD29169,CL0703,P019,14/04/2023,1,3590.12,LIVRE,TNG,Carte,LIV3,2023-04-17
CMD47868,CL0023,P009,2024-02-19,5,3503.41,OK,TNG,Carte,LIV1,
CMD28382,CL0016,P063,2024-02-14,5,3304.67,livré,RBA,Carte,LIV8,2024-02-17
CMD47321,CL0738,P026,23/01/2023,4,1715.47,LIVRE,Tnja,Carte,LIV6,2023-01-26
CMD25793,CL0048,P015,2023-02-15,5,1489.39,OK,RBA,Carte,LIV6,
CMD16652,CL0730,P098,22/06/2023,4,4457.65,en_cours,TANGER,Carte,LIV10,
CMD02078,CL0048,P076,16/12/2023,3,430.05,annulé,RBA,Carte,,
CMD42093,CL0916,P028,Dec 26 2023,2,997.42,livré,marrakech,Carte,LIV4,2023-12-29
CMD23575,CL0655,P079,05/02/2023,5,4279.76,annulé,casa,Carte,LIV10,
CMD43454,CL0054,P045,16/06/2023,3,691.37,livré,marrakech,Carte,LIV4,2023-06-18
CMD45624,CL0036,P094,2023-12-16,5,1670.69,KO,TANGER,Carte,LIV6,
CMD11628,CL0769,P092,Mar 18 2024,4,58.12,annulé,casa,Carte,LIV2,
CMD29888,CL0731,P085,May 04 2024,1,4608.68,retourné,Tnja,Carte,LIV4,2024-05-08
CMD42775,CL0758,P034,2024-03-15,1,3492.37,livré,marrakech,Carte,LIV6,2024-03-19
CMD17090,CL0232,P089,Feb 17 2023,1,3099.08,livré,TANGER,Carte,LIV5,2023-02-21
CMD18681,CL0296,P037,2024-02-12,4,837.83,livré,Tnja,Carte,LIV9,2024-02-15
CMD44939,CL0250,P012,28/08/2023,5,3577.86,DONE,kech,Carte,LIV8,2023-08-30
CMD30508,CL0859,P025,16/03/2024,3,3403.46,en_cours,casa,Carte,LIV4,
CMD27876,CL0325,P092,Dec 27 2023,5,1183.92,LIVRE,Agadir,Carte,LIV2,2023-12-29
CMD27042,CL0563,P008,11/04/2024,3,3053.64,OK,RBA,Carte,LIV2,
CMD09868,CL0359,P077,2023-10-13,5,2209.51,livre,Agadir,Carte,LIV4,
CMD05801,CL0169,P047,2024-02-02,2,613.95,en_cours,Agadir,Carte,LIV4,
CMD47424,CL0560,P049,Sep 19 2023,2,88.67,LIVRE,casa,Carte,LIV3,2023-09-22
CMD25688,CL0024,P049,09/11/2023,4,0,livré,Tnja,Carte,LIV10,2023-11-14
CMD29628,CL0889,P042,09/07/2023,4,4277.09,livre,Tnja,Carte,LIV8,
CMD46983,CL0776,P049,Jul 25 2023,5,180.99,retourné,TANGER,Carte,LIV9,2023-07-26
CMD27212,CL0775,P076,Aug 25 2023,3,2970.36,livré,TNG,Carte,LIV5,2023-08-29
CMD40449,CL0022,P072,31/03/2024,4,1998.07,livré,kech,Carte,,2024-04-01
CMD16459,CL0795,P021,May 10 2024,5,1267.15,LIVRE,Tnja,Carte,,2024-05-11
CMD43093,CL0745,P031,Apr 03 2024,2,4734.21,livré,CASABLANCA,Carte,LIV1,2024-04-04
CMD09669,CL0440,P004,28/07/2023,2,2301.4,retourné,Tnja,Carte,LIV8,2023-07-29
CMD13997,CL0704,P055,Jul 14 2023,4,2106.42,DONE,CASABLANCA,Carte,LIV1,2023-07-18
CMD38849,CL0420,P001,2023-07-14,5,2011.17,LIVRE,TANGER,Carte,LIV10,2023-07-19
CMD06377,CL0975,P054,03/06/2023,3,0,KO,kech,Carte,LIV10,
CMD46589,CL0167,P062,12/05/2023,1,892.5,livre,Tnja,Carte,LIV6,
CMD40825,CL0961,P063,06/12/2023,2,666.19,livré,marrakech,Carte,LIV3,2023-12-09
CMD07983,CL0934,P094,Mar 04 2023,2,1154.48,retourné,TANGER,Carte,LIV7,2023-03-06
CMD34998,CL0231,P088,Dec 26 2023,5,4458.04,livré,kech,Carte,LIV10,2023-12-29
CMD03029,CL0369,P036,15/08/2023,1,4419.64,livré,kech,Carte,LIV6,2023-08-17
CMD29041,CL0622,P067,04/08/2023,3,4870.32,LIVRE,RBA,Carte,LIV2,2023-08-05
CMD29795,CL0955,P020,01/07/2023,2,3563.76,DONE,casa,Carte,,2023-07-05
CMD40239,CL0700,P054,2023-06-11,4,265.96,annulé,tanger,Carte,LIV7,
CMD22490,CL0774,P024,Apr 29 2023,5,3052.65,LIVRE,TNG,Carte,LIV6,2023-05-02
CMD12339,CL0131,P061,24/02/2024,2,441.63,KO,Agadir,Carte,LIV5,
CMD29237,CL0381,P026,2023-10-05,2,4059.6,KO,RBA,Carte,LIV9,
CMD20452,CL0220,P043,Sep 28 2023,1,3992.23,annulé,TANGER,Carte,LIV1,
CMD08555,CL0804,P032,19/06/2023,4,4755.33,en_cours,Agadir,Carte,LIV6,
CMD18968,CL0976,P039,2023-06-08,1,2296.43,DONE,TANGER,Carte,LIV1,2023-06-10
CMD15940,CL0540,P036,Nov 11 2023,2,3919.67,OK,Tnja,Carte,LIV4,
CMD18892,CL0707,P040,07/03/2023,3,3220.24,en_cours,TANGER,Carte,LIV3,
CMD41559,CL0544,P048,Mar 11 2023,3,2556.33,annulé,tanger,Carte,LIV3,
CMD37183,CL0869,P016,2023-06-18,1,4142.46,livre,TANGER,Carte,LIV1,
CMD32815,CL0574,P001,2024-03-15,5,274.34,livre,RBA,Carte,LIV6,
CMD29630,CL0348,P022,2024-02-17,5,4240.31,LIVRE,Tnja,Carte,LIV8,2024-02-19
CMD24419,CL0812,P016,2023-10-24,1,132.46,livré,tanger,Carte,LIV10,2023-10-28
CMD40867,CL0959,P067,Apr 28 2024,5,4635.23,livré,marrakech,Carte,LIV1,2024-05-03
CMD23640,CL0587,P007,2023-08-17,5,400.39,en_cours,RBA,Carte,LIV5,
CMD39315,CL0293,P049,Oct 25 2023,3,3513.07,livre,TNG,Carte,LIV3,
CMD48475,CL0543,P037,09/03/2023,4,370.09,KO,TNG,Carte,LIV9,
CMD40852,CL0784,P091,08/01/2024,3,4175.92,livre,casa,Carte,LIV6,
CMD23847,CL0960,P100,Oct 26 2023,1,0,en_cours,RBA,Carte,LIV7,
CMD27744,CL0610,P035,27/07/2023,1,2535.99,livré,TNG,Carte,LIV5,2023-08-01
CMD42943,CL0262,P096,17/01/2023,4,1337.24,KO,Agadir,Carte,LIV1,
CMD26154,CL0891,P069,14/05/2023,1,2713.38,livré,Agadir,Carte,LIV7,2023-05-17
CMD34170,CL0530,P037,29/06/2023,3,2570.97,livre,casa,Carte,LIV8,
CMD41716,CL0944,P070,01/08/2023,5,747.04,livré,TNG,Carte,LIV10,2023-08-05
CMD38467,CL0751,P028,2024-01-13,1,4831.8,OK,CASABLANCA,Carte,LIV2,
CMD36998,CL0627,P019,2024-03-02,3,2446.25,DONE,casa,Carte,LIV9,2024-03-05
CMD09034,CL0932,P004,01/04/2024,-1,812.16,en_cours,Agadir,Carte,LIV2,
CMD40131,CL0332,P020,15/08/2023,4,0,OK,CASABLANCA,Carte,LIV3,
CMD45745,CL0688,P047,Jan 02 2024,2,412.93,DONE,CASABLANCA,Carte,,2024-01-03
CMD05664,CL0938,P085,Mar 06 2023,1,4120.43,en_cours,Tnja,Carte,LIV8,
CMD41834,CL0122,P051,Nov 03 2023,1,2277.78,livré,tanger,Carte,LIV4,2023-11-06
CMD43367,CL0731,P027,2023-12-26,1,2178.73,livré,tanger,Carte,LIV3,2023-12-30
CMD20997,CL0017,P076,2023-04-08,3,3893.48,OK,TNG,Carte,LIV5,
CMD44920,CL0955,P085,May 06 2023,2,2545.35,livré,CASABLANCA,Carte,LIV3,2023-05-11
CMD46764,CL0598,P056,Jan 10 2024,4,1842.84,retourné,kech,Carte,LIV3,2024-01-11
CMD14168,CL0256,P017,2023-06-11,1,1952.15,OK,marrakech,Carte,LIV4,
CMD28007,CL0435,P038,Oct 13 2023,5,3370.08,livré,CASABLANCA,Carte,LIV4,2023-10-15
CMD01549,CL0717,P065,Feb 07 2023,2,4366.73,en_cours,TANGER,Carte,LIV2,
CMD09696,CL0384,P007,2023-12-01,4,2345.17,livré,Agadir,Carte,LIV4,2023-12-03
CMD19323,CL0500,P043,22/02/2024,5,176.33,livré,TANGER,Carte,LIV9,2024-02-27
CMD11387,CL0863,P050,17/11/2023,5,1464.84,OK,kech,Carte,LIV8,
CMD41958,CL0253,P020,17/04/2024,1,2385.76,livre,casa,Carte,LIV3,
CMD23218,CL0792,P038,Dec 26 2023,3,502.51,LIVRE,Agadir,Carte,LIV4,2023-12-30
CMD03451,CL0338,P086,Oct 25 2023,4,2192.19,en_cours,marrakech,Carte,,
CMD16912,CL0482,P072,Mar 12 2024,1,3739.42,livre,marrakech,Carte,LIV6,
CMD04401,CL0950,P005,29/03/2023,3,295.98,LIVRE,CASABLANCA,Carte,LIV7,2023-04-02
CMD31405,CL0152,P021,Feb 17 2024,3,2211.07,retourné,tanger,Carte,LIV9,2024-02-19
CMD14582,CL0157,P071,19/02/2023,3,3404.34,en_cours,casa,Carte,LIV8,
CMD05718,CL0704,P068,Aug 27 2023,1,2128.82,OK,RBA,Carte,LIV7,
CMD26401,CL0016,P001,03/12/2023,3,4693.31,livré,marrakech,Carte,LIV9,2023-12-05
CMD31028,CL0213,P026,01/05/2024,5,4279.62,OK,TNG,Carte,LIV6,
CMD47269,CL0165,P098,2024-02-05,2,2724.41,livré,marrakech,Carte,LIV9,2024-02-10
CMD18241,CL0889,P052,2023-08-12,4,3083.13,annulé,Agadir,Carte,LIV1,
CMD37448,CL0059,P069,Feb 03 2024,4,0,livré,kech,Carte,LIV3,2024-02-06
CMD48204,CL0688,P072,2023-04-24,3,990.31,livré,RBA,Carte,LIV6,2023-04-28
CMD25543,CL0249,P028,06/08/2023,3,100.64,livré,casa,Carte,LIV1,2023-08-11
CMD44419,CL0228,P025,2023-12-06,3,4312.67,retourné,casa,Carte,LIV8,2023-12-10
CMD47680,CL0021,P048,21/11/2023,2,1303.96,KO,TANGER,Carte,LIV8,
CMD04642,CL0038,P028,06/10/2023,1,1434.42,OK,casa,Carte,LIV2,
CMD15599,CL0942,P041,16/03/2024,4,2247.12,annulé,Tnja,Carte,,
CMD17579,CL0847,P068,2023-03-15,3,2419.32,livre,RBA,Carte,LIV6,
CMD46802,CL0089,P024,Mar 11 2024,1,339.12,OK,Tnja,Carte,LIV10,
CMD46724,CL0257,P087,Aug 17 2023,5,1626.09,livré,CASABLANCA,Carte,LIV9,2023-08-21
CMD17749,CL0185,P063,Aug 16 2023,1,4929.67,livre,Tnja,Carte,LIV5,
CMD37430,CL0398,P060,2023-03-28,5,2284.44,livré,kech,Carte,LIV9,2023-03-30
CMD37027,CL0096,P032,16/11/2023,2,3525.3,annulé,casa,Carte,LIV8,
CMD31758,CL0819,P065,Jul 05 2023,2,2633.78,LIVRE,marrakech,Carte,LIV9,2023-07-10
CMD10944,CL0877,P090,Apr 22 2024,3,4457.23,livré,TANGER,Carte,LIV6,2024-04-26
CMD22693,CL0420,P028,2023-02-09,4,1405.87,KO,tanger,Carte,LIV10,
CMD38538,CL0381,P056,2023-10-25,5,1792.01,livre,kech,Carte,LIV7,
CMD05868,CL0416,P068,May 07 2023,2,3005.64,livré,CASABLANCA,Carte,,2023-05-11
CMD13224,CL0705,P023,Jul 16 2023,1,4990.66,livré,marrakech,Carte,LIV8,2023-07-21
CMD03608,CL0149,P008,Jun 12 2023,3,428.88,livre,casa,Carte,LIV9,
CMD39797,CL0305,P045,Jan 14 2023,1,1906.54,DONE,casa,Carte,,2023-01-18
CMD05809,CL0396,P064,Jan 10 2024,4,1186.49,annulé,Agadir,Carte,LIV3,
CMD38304,CL0610,P045,2023-08-29,1,2844.43,livre,tanger,Carte,LIV4,
CMD25170,CL0864,P015,02/05/2024,5,2755.25,retourné,Tnja,Carte,LIV10,2024-05-04
CMD45242,CL0123,P089,2024-03-29,3,1125.66,livré,Tnja,Carte,LIV3,2024-03-30
CMD22999,CL0726,P018,Apr 14 2024,3,51.85,DONE,kech,Carte,LIV1,2024-04-16
CMD42690,CL0589,P086,30/01/2023,2,2403.49,livré,marrakech,Carte,LIV4,2023-02-04
CMD45541,CL0617,P065,2023-02-24,1,3760.79,annulé,kech,Carte,LIV1,
CMD05460,CL0277,P099,Jun 02 2023,1,1290.27,livré,Tnja,Carte,LIV10,2023-06-04
CMD46170,CL0091,P080,2023-03-21,4,72.03,annulé,TANGER,Carte,LIV6,
CMD42812,CL0328,P036,2023-01-06,3,3878.88,livré,TNG,Carte,LIV6,2023-01-10
CMD41890,CL0824,P003,Apr 24 2023,4,4075.27,DONE,RBA,Carte,LIV4,2023-04-28
CMD14143,CL0144,P070,Jun 16 2023,4,1433.82,livré,Tnja,Carte,LIV7,2023-06-21
CMD05282,CL0270,P016,2023-03-18,1,4571.61,livré,CASABLANCA,Carte,LIV8,2023-03-22
CMD30456,CL0276,P076,15/06/2023,2,526.37,OK,marrakech,Carte,LIV6,
CMD23896,CL0165,P032,17/02/2023,5,1126.09,retourné,TANGER,Carte,LIV10,2023-02-20
CMD40181,CL0575,P049,Mar 12 2023,5,3356.32,KO,Agadir,Carte,LIV8,
CMD05292,CL0487,P044,2023-08-03,5,4222.01,livré,Tnja,Carte,LIV8,2023-08-07
CMD33611,CL0017,P036,Aug 13 2023,4,4679.11,livre,marrakech,Carte,LIV10,
CMD34231,CL0983,P044,May 30 2023,3,4049.37,livré,tanger,Carte,LIV1,2023-06-04
CMD36415,CL0563,P042,Mar 25 2024,4,916.68,livré,casa,Carte,LIV7,2024-03-27
CMD06372,CL0999,P024,2023-09-30,4,4379.84,livré,RBA,Carte,LIV7,2023-10-02
CMD18477,CL0822,P057,Oct 18 2023,5,4209.17,livre,TNG,Carte,LIV7,
CMD00094,CL0824,P059,Dec 22 2023,3,3733.02,en_cours,RBA,Carte,LIV4,
CMD19938,CL0961,P052,Jan 19 2023,2,4672.2,livré,marrakech,Carte,LIV5,2023-01-22
CMD29477,CL0771,P047,14/04/2024,1,3611.33,retourné,kech,Carte,LIV1,2024-04-18
CMD06360,CL0916,P019,Jul 30 2023,3,3911.41,LIVRE,kech,Carte,LIV9,2023-08-01
CMD06272,CL0111,P037,14/11/2023,4,2754.03,OK,tanger,Carte,LIV7,
CMD15895,CL0220,P079,2023-06-22,4,309.85,annulé,kech,Carte,LIV6,
CMD11885,CL0246,P088,30/05/2023,5,2649.67,livré,Agadir,Carte,LIV3,2023-06-02
CMD09603,CL0824,P073,29/12/2023,2,827.37,DONE,Agadir,Carte,LIV1,2024-01-02
CMD17964,CL0981,P026,2023-03-02,2,1071.06,OK,marrakech,Carte,LIV3,
CMD02694,CL0727,P058,May 06 2023,1,4083.37,retourné,RBA,Carte,LIV5,2023-05-10
CMD44633,CL0403,P046,Sep 28 2023,3,659.35,en_cours,Tnja,Carte,LIV10,
CMD14277,CL0244,P029,Feb 10 2023,3,2471.17,en_cours,TNG,Carte,LIV7,
CMD14793,CL0652,P037,Feb 14 2024,1,590.8,livré,CASABLANCA,Carte,LIV8,2024-02-19
CMD31708,CL0357,P090,28/01/2024,1,1043.99,retourné,tanger,Carte,,2024-01-29
CMD38477,CL0725,P054,Mar 01 2024,4,4840.77,LIVRE,tanger,Carte,LIV3,2024-03-06
CMD47209,CL0338,P017,13/10/2023,2,1852.9,LIVRE,casa,Carte,LIV10,2023-10-18
CMD33184,CL0914,P069,Mar 11 2023,5,1508.85,KO,TANGER,Carte,LIV3,
CMD28862,CL0272,P084,Jun 11 2023,1,246.71,KO,TNG,Carte,LIV10,
CMD14176,CL0918,P053,2023-12-11,1,68.01,livre,tanger,Carte,LIV1,
CMD24875,CL0158,P089,2023-01-22,2,264.32,KO,casa,Carte,LIV4,
CMD34246,CL0414,P001,03/05/2023,5,1034.99,livre,casa,Carte,LIV3,
CMD47271,CL0667,P040,04/06/2023,1,3336.43,livré,kech,Carte,,2023-06-09
CMD05368,CL0947,P009,2024-03-31,2,2114.92,livré,TANGER,Carte,LIV7,2024-04-03
CMD16291,CL0858,P060,24/09/2023,1,2162.09,livré,kech,Carte,LIV1,2023-09-25
CMD33274,CL0592,P085,Sep 02 2023,1,2272.43,KO,Agadir,Carte,LIV1,
CMD16983,CL0382,P037,2023-01-04,1,2443.16,livré,kech,Carte,LIV3,2023-01-06
CMD30503,CL0744,P073,Sep 11 2023,5,4460.51,livré,marrakech,Carte,LIV6,2023-09-15
CMD29918,CL0572,P054,2023-04-27,5,1232.25,retourné,TANGER,Carte,LIV6,2023-05-02
CMD17970,CL0823,P005,2023-02-07,1,4503.96,livré,CASABLANCA,Carte,LIV1,2023-02-08
CMD14880,CL0367,P093,2023-01-19,5,2649.75,en_cours,Tnja,Carte,,
CMD37278,CL0748,P012,Apr 20 2023,3,1278.43,livre,Tnja,Carte,LIV10,
CMD00425,CL0259,P047,Mar 07 2024,2,3767.87,livré,CASABLANCA,Carte,,2024-03-09
CMD04708,CL0180,P067,2023-04-11,3,1912.79,retourné,tanger,Carte,LIV2,2023-04-13
CMD05476,CL0157,P069,2023-06-10,2,3454.62,livre,TNG,Carte,LIV7,
CMD17146,CL0866,P085,Jan 23 2024,5,2077.94,OK,marrakech,Carte,LIV10,
CMD40811,CL0478,P040,2024-04-25,2,4431.56,livré,tanger,Carte,LIV8,2024-04-26
CMD48377,CL0416,P052,14/12/2023,5,292.31,livré,RBA,Carte,LIV1,2023-12-16
CMD39638,CL0476,P033,Jan 13 2023,4,4701.32,OK,marrakech,Carte,LIV2,
CMD16964,CL0375,P087,Mar 22 2024,2,378.22,annulé,TANGER,Carte,LIV7,
CMD19316,CL0388,P009,2023-08-03,3,1265.16,livré,marrakech,Carte,LIV6,2023-08-05
CMD38009,CL0753,P095,Mar 26 2023,1,1622.71,annulé,CASABLANCA,Carte,LIV10,
CMD33869,CL0699,P090,2023-02-19,1,4427.9,livre,TANGER,Carte,LIV4,
CMD25992,CL0177,P092,2024-04-05,1,2409.66,LIVRE,TANGER,Carte,LIV6,2024-04-07
CMD20619,CL0356,P068,12/10/2023,5,1551.33,OK,CASABLANCA,Carte,LIV7,
CMD30949,CL0161,P092,16/03/2024,4,3285.78,retourné,TNG,Carte,LIV10,2024-03-20
CMD25923,CL0457,P090,07/10/2023,4,4901.97,livre,TANGER,Carte,LIV10,
CMD22521,CL0982,P094,02/08/2023,2,2823.97,KO,tanger,Carte,LIV9,
CMD11265,CL0435,P098,2023-11-22,4,3352.83,annulé,CASABLANCA,Carte,,
CMD32732,CL0335,P024,Jul 10 2023,1,4345.05,en_cours,CASABLANCA,Carte,LIV8,
CMD09614,CL0866,P028,13/06/2023,5,2289.15,OK,casa,Carte,LIV9,
CMD26651,CL0669,P014,2023-12-21,2,4016.93,annulé,marrakech,Carte,LIV7,
CMD18135,CL0026,P097,04/08/2023,5,4069.12,livre,TANGER,Carte,LIV1,
CMD32711,CL0465,P030,17/03/2024,2,1584.73,livré,RBA,Carte,LIV9,2024-03-19
CMD15980,CL0261,P096,24/01/2024,4,442.76,KO,TANGER,Carte,LIV5,
CMD39865,CL0505,P079,2023-09-27,5,1719.27,KO,RBA,Carte,LIV5,
CMD42260,CL0676,P091,Aug 03 2023,3,2553.28,livré,CASABLANCA,Carte,LIV1,2023-08-08
CMD17090,CL0232,P089,Feb 17 2023,1,3099.08,livré,TANGER,Carte,LIV5,2023-02-21
CMD02215,CL0652,P044,25/02/2024,2,703.01,annulé,marrakech,Carte,LIV10,
CMD02011,CL0662,P083,14/03/2023,2,3692.74,livré,Agadir,Carte,LIV3,2023-03-17
CMD19567,CL0294,P006,05/11/2023,3,2311.99,LIVRE,casa,Carte,LIV4,2023-11-06
CMD07056,CL0874,P095,2024-04-19,3,3573.74,en_cours,marrakech,Carte,LIV9,
CMD42924,CL0497,P080,12/05/2023,3,925.29,annulé,TANGER,Carte,LIV2,
CMD04412,CL0445,P076,09/06/2023,1,4257.06,retourné,TNG,Carte,LIV4,2023-06-14
CMD15286,CL0449,P087,Mar 04 2024,1,0,KO,marrakech,Carte,LIV2,
CMD01064,CL0093,P019,Mar 26 2023,3,526.49,annulé,RBA,Carte,LIV7,
CMD07014,CL0163,P004,10/05/2023,5,652.42,retourné,RBA,Carte,LIV7,2023-05-12
CMD18722,CL0566,P026,Oct 25 2023,2,65.19,retourné,CASABLANCA,Carte,LIV7,2023-10-28
CMD34932,CL0849,P015,2023-05-04,3,3780.07,livré,marrakech,Carte,LIV4,2023-05-05
CMD16329,CL0495,P032,Dec 20 2023,1,3894.97,annulé,casa,Carte,LIV8,
CMD13222,CL0963,P095,22/04/2023,4,3642.82,DONE,Tnja,Carte,LIV8,2023-04-25
CMD00796,CL0096,P058,17/09/2023,3,3898.0,livré,RBA,Carte,LIV8,2023-09-19
CMD33368,CL0859,P082,2023-11-11,1,2718.22,livré,kech,Carte,,2023-11-15
CMD31775,CL0717,P037,May 23 2023,5,1153.79,retourné,Agadir,Carte,LIV1,2023-05-25
CMD34039,CL0957,P073,Mar 25 2024,3,2263.98,KO,Tnja,Carte,LIV2,
CMD41639,CL0917,P045,Feb 25 2024,5,2318.33,livre,tanger,Carte,LIV3,
CMD37741,CL0535,P058,14/11/2023,5,651.57,DONE,RBA,Carte,LIV8,2023-11-18
CMD27865,CL0716,P039,03/02/2024,2,1523.07,annulé,RBA,Carte,,
CMD36714,CL0175,P098,Jul 25 2023,5,2904.04,retourné,CASABLANCA,Carte,LIV3,2023-07-30
CMD35441,CL0920,P100,04/10/2023,1,3052.78,KO,Tnja,Carte,LIV10,
CMD03905,CL0156,P049,2023-02-25,4,554.72,OK,Agadir,Carte,LIV9,
CMD22018,CL0009,P092,Jan 06 2023,1,0,livré,marrakech,Carte,LIV7,2023-01-11
CMD20070,CL0532,P087,2024-02-26,4,1649.09,livré,Tnja,Carte,LIV3,2024-02-28
CMD43143,CL0429,P027,Oct 02 2023,2,190.06,retourné,TNG,Carte,LIV9,2023-10-05
CMD31551,CL0238,P011,21/03/2023,5,4975.99,en_cours,Tnja,Carte,LIV4,
CMD21612,CL0607,P033,Nov 23 2023,5,1787.35,livre,TNG,Carte,LIV1,
CMD32301,CL0329,P053,01/01/2024,2,3195.39,livré,TANGER,Carte,,2024-01-02
CMD00949,CL0775,P039,Jan 07 2024,1,2754.56,annulé,Tnja,Carte,LIV4,
CMD01076,CL0564,P058,Oct 30 2023,5,4145.69,retourné,Tnja,Carte,LIV5,2023-11-02
CMD19973,CL0905,P072,Jan 25 2024,1,876.23,livre,casa,Carte,LIV7,
CMD21214,CL0762,P053,25/10/2023,4,3558.25,LIVRE,marrakech,Carte,LIV2,2023-10-27
CMD23257,CL0284,P090,2023-12-19,5,3137.19,en_cours,casa,Carte,LIV9,
CMD32162,CL0765,P076,2024-01-11,4,3379.72,LIVRE,CASABLANCA,Carte,LIV4,2024-01-12
CMD41954,CL0239,P088,Aug 14 2023,1,268.09,livré,Tnja,Carte,LIV4,2023-08-18
CMD05982,CL0879,P051,Apr 05 2023,5,1606.37,livré,Agadir,Carte,LIV5,2023-04-10
CMD11223,CL0240,P081,2024-02-06,1,0,KO,tanger,Carte,LIV4,
CMD41006,CL0594,P048,2023-03-11,1,396.16,annulé,tanger,Carte,LIV4,
CMD15204,CL0709,P086,02/03/2024,3,3638.61,OK,marrakech,Carte,LIV8,
CMD17778,CL0719,P094,2023-04-27,2,1745.05,livre,tanger,Carte,LIV8,
CMD45653,CL0667,P065,11/01/2023,2,382.44,annulé,RBA,Carte,LIV10,
CMD14958,CL0128,P058,Jun 13 2023,4,2387.0,livré,Tnja,Carte,LIV2,2023-06-14
CMD31887,CL0586,P028,04/02/2023,3,1948.53,KO,kech,Carte,LIV9,
CMD18442,CL0207,P072,Oct 06 2023,4,3113.87,LIVRE,TNG,Carte,LIV8,2023-10-11
CMD10108,CL0441,P059,2024-04-13,5,884.47,livre,TNG,Carte,LIV7,
CMD22425,CL0868,P059,Oct 22 2023,5,804.34,DONE,Agadir,Carte,LIV9,2023-10-24
CMD07009,CL0485,P074,13/11/2023,2,2886.12,livré,tanger,Carte,LIV2,2023-11-16
CMD04899,CL0897,P008,2023-09-25,5,4524.79,livré,kech,Carte,LIV9,2023-09-27
CMD25210,CL0721,P012,2023-01-14,4,4390.4,DONE,marrakech,Carte,LIV4,2023-01-15
CMD40738,CL0345,P025,Nov 25 2023,3,1200.14,KO,kech,Carte,LIV5,
CMD43267,CL0091,P074,09/03/2023,5,3183.29,livré,casa,Carte,LIV6,2023-03-12
CMD12187,CL0598,P012,2023-04-14,5,4244.76,livré,casa,Carte,LIV2,2023-04-17
CMD19677,CL0862,P081,18/08/2023,4,299.71,livré,casa,Carte,LIV6,2023-08-19
CMD39008,CL0501,P037,Apr 18 2023,2,2036.61,OK,casa,Carte,LIV10,
CMD18877,CL0231,P008,17/06/2023,1,1083.79,en_cours,RBA,Carte,LIV6,
CMD13052,CL0441,P087,26/04/2023,5,4339.36,KO,TANGER,Carte,LIV3,
CMD25290,CL0050,P057,Mar 23 2023,2,4329.95,retourné,tanger,Carte,LIV1,2023-03-26
CMD25988,CL0862,P050,Feb 20 2024,3,2425.52,KO,kech,Carte,LIV4,
CMD07866,CL0557,P070,2023-09-10,5,3570.29,en_cours,TNG,Carte,LIV2,
CMD24128,CL0845,P036,Jan 16 2024,4,1119.2,KO,Tnja,Carte,LIV6,
CMD29154,CL0732,P011,2023-02-24,2,1258.37,livré,RBA,Carte,LIV8,2023-02-26
CMD07357,CL0917,P092,Apr 23 2023,1,2527.73,LIVRE,kech,Carte,LIV8,2023-04-24
CMD37450,CL0392,P030,10/04/2024,3,880.0,livre,casa,Carte,LIV4,
CMD08972,CL0293,P061,Apr 10 2024,3,4733.83,livré,CASABLANCA,Carte,LIV1,2024-04-12
CMD05385,CL0907,P035,2024-01-04,2,2991.38,LIVRE,RBA,Carte,LIV2,2024-01-05
CMD44826,CL0451,P095,17/06/2023,2,1233.92,livré,casa,Carte,LIV7,2023-06-22
CMD26605,CL0027,P030,2023-03-23,5,3094.55,livré,Agadir,Carte,LIV6,2023-03-25
CMD17005,CL0531,P083,Nov 18 2023,-1,3089.64,LIVRE,marrakech,Carte,LIV8,2023-11-23
CMD04354,CL0722,P027,2023-08-07,2,0,livré,Agadir,Carte,LIV5,2023-08-09
CMD17305,CL0926,P078,Jun 30 2023,2,3925.52,DONE,TANGER,Carte,LIV7,2023-07-04
CMD33003,CL0068,P007,Feb 09 2024,1,2714.76,retourné,TNG,Carte,LIV10,2024-02-12
CMD25037,CL0019,P004,2023-05-13,4,1200.51,KO,CASABLANCA,Carte,LIV8,
CMD36615,CL0452,P025,Apr 11 2024,4,3143.65,en_cours,marrakech,Carte,LIV1,
CMD31138,CL0101,P029,2023-08-24,3,806.83,livré,Tnja,Carte,LIV9,2023-08-26
CMD47450,CL0461,P027,26/10/2023,3,3304.73,DONE,TNG,Carte,LIV5,2023-10-28
CMD30229,CL0065,P037,01/12/2023,4,1668.98,retourné,CASABLANCA,Carte,,2023-12-04
CMD43017,CL0490,P076,Sep 27 2023,5,615.09,livre,Agadir,Carte,LIV5,
CMD40451,CL0679,P084,2023-01-14,1,2339.12,livré,Agadir,Carte,LIV2,2023-01-19
CMD14517,CL0288,P089,11/09/2023,2,3330.36,retourné,CASABLANCA,Carte,LIV8,2023-09-16
CMD31501,CL0378,P033,2024-04-29,1,4196.63,DONE,kech,Carte,LIV1,2024-05-04
CMD38092,CL0046,P070,Jul 13 2023,2,3554.9,livré,TNG,Carte,LIV9,2023-07-15
CMD26635,CL0121,P015,2023-07-16,1,3397.66,retourné,TNG,Carte,LIV4,2023-07-21
CMD30828,CL0311,P005,Feb 21 2023,3,862.88,livré,tanger,Carte,LIV2,2023-02-26
CMD08622,CL0877,P097,2023-10-26,4,3334.33,DONE,TNG,Carte,LIV3,2023-10-30
CMD19454,CL0415,P040,28/08/2023,5,4017.94,livré,Agadir,Carte,LIV1,2023-08-31
CMD05731,CL0512,P056,May 12 2023,2,4836.79,LIVRE,CASABLANCA,Carte,LIV5,2023-05-16
CMD35126,CL0789,P074,2023-01-09,3,4324.4,en_cours,marrakech,Carte,LIV9,
CMD28426,CL0236,P019,25/04/2024,4,2755.49,livré,casa,Carte,LIV1,2024-04-29
CMD18747,CL0540,P039,Aug 24 2023,4,2373.7,LIVRE,TANGER,Carte,LIV4,2023-08-29
CMD31235,CL0090,P082,2023-04-24,3,2674.88,livré,marrakech,Carte,LIV10,2023-04-27
CMD31361,CL0436,P074,Nov 04 2023,4,480.41,KO,marrakech,Carte,LIV1,
CMD23334,CL0610,P019,Mar 19 2023,5,4537.94,KO,casa,Carte,,
CMD20190,CL0944,P045,22/05/2023,4,4342.68,OK,marrakech,Carte,LIV7,
CMD41331,CL0961,P050,2023-11-03,2,4930.13,livre,RBA,Carte,LIV2,
CMD37897,CL0852,P054,31/01/2023,3,1348.61,OK,RBA,Carte,LIV5,
CMD00375,CL0453,P008,Mar 16 2024,2,398.26,livré,RBA,Carte,LIV8,2024-03-18
CMD00089,CL0448,P049,Jan 16 2023,3,102.11,livré,CASABLANCA,Carte,LIV9,2023-01-18
CMD26440,CL0659,P028,07/06/2023,4,300.45,OK,TNG,Carte,LIV4,
CMD27828,CL0142,P007,Sep 30 2023,5,1225.22,DONE,Agadir,Carte,LIV6,2023-10-01
CMD35805,CL0030,P061,Feb 09 2023,3,2029.72,livre,Tnja,Carte,LIV6,
CMD46311,CL0201,P100,May 10 2024,4,623.85,livre,CASABLANCA,Carte,LIV7,
CMD39458,CL0682,P006,Jan 29 2024,4,4880.63,annulé,Tnja,Carte,LIV6,
CMD36253,CL0995,P042,2023-03-14,3,3657.18,livre,casa,Carte,LIV3,
CMD23723,CL0899,P072,11/01/2023,4,248.4,OK,CASABLANCA,Carte,LIV3,
CMD39712,CL0290,P088,Mar 06 2024,1,4596.58,livre,Agadir,Carte,LIV9,
CMD28723,CL0823,P077,2024-03-20,5,3607.1,retourné,casa,Carte,LIV1,2024-03-21
CMD05382,CL0923,P037,2023-05-20,3,242.0,LIVRE,Agadir,Carte,LIV9,2023-05-24
CMD01702,CL0399,P036,Apr 08 2023,3,303.31,livre,tanger,Carte,LIV6,
CMD23384,CL0108,P049,Apr 13 2023,3,0,livré,kech,Carte,,2023-04-18
CMD17280,CL0904,P056,Mar 17 2024,2,845.8,LIVRE,casa,Carte,LIV4,2024-03-21
CMD10745,CL0323,P073,01/08/2023,4,3034.09,DONE,casa,Carte,LIV1,2023-08-06
CMD08098,CL0910,P066,2023-06-11,3,1911.88,livré,CASABLANCA,Carte,LIV3,2023-06-13
CMD21092,CL0912,P070,2023-07-01,5,4244.61,livré,Agadir,Carte,LIV7,2023-07-06
CMD25357,CL0373,P047,2024-04-26,4,1732.71,DONE,kech,Carte,LIV8,2024-04-27
CMD27437,CL0484,P040,04/03/2024,3,278.58,DONE,CASABLANCA,Carte,LIV1,2024-03-07
CMD18418,CL0929,P038,2023-01-13,3,233.14,LIVRE,CASABLANCA,Carte,LIV7,2023-01-18
CMD06418,CL0468,P012,2024-01-16,4,2265.48,KO,Agadir,Carte,LIV7,
CMD39806,CL0279,P012,2023-09-16,1,1394.42,livré,kech,Carte,LIV6,2023-09-18
CMD46531,CL0068,P006,2023-12-04,5,2074.17,LIVRE,casa,Carte,LIV9,2023-12-05
CMD02633,CL0779,P015,2023-07-21,4,4045.27,en_cours,tanger,Carte,LIV3,
CMD19378,CL0634,P022,Dec 29 2023,2,2917.63,livre,casa,Carte,LIV8,
CMD25529,CL0962,P077,04/03/2023,3,3508.27,DONE,marrakech,Carte,LIV6,2023-03-07
CMD36010,CL0756,P100,02/08/2023,5,2761.52,LIVRE,Tnja,Carte,,2023-08-06
CMD17083,CL0057,P033,Feb 08 2023,4,495.34,KO,marrakech,Carte,,
CMD27830,CL0023,P004,21/06/2023,2,2885.7,livré,tanger,Carte,LIV5,2023-06-22
CMD19301,CL0376,P059,29/01/2024,3,605.11,annulé,TNG,Carte,LIV5,
CMD29777,CL0842,P002,2023-11-19,3,3857.81,livré,kech,Carte,,2023-11-21
CMD06639,CL0040,P089,2023-11-06,5,1978.22,en_cours,marrakech,Carte,LIV10,
CMD36711,CL0504,P024,Jul 16 2023,1,4184.62,annulé,kech,Carte,LIV9,
CMD21423,CL0890,P015,2024-04-05,3,1941.64,livré,casa,Carte,LIV9,2024-04-10
CMD10525,CL0616,P044,Mar 16 2023,2,2861.98,DONE,Tnja,Carte,LIV10,2023-03-17
CMD24200,CL0186,P061,Mar 28 2024,1,3806.43,en_cours,CASABLANCA,Carte,LIV3,
CMD15457,CL0787,P065,2023-11-17,5,988.12,LIVRE,kech,Carte,LIV5,2023-11-21
CMD10335,CL0022,P080,19/06/2023,5,4704.68,livre,tanger,Carte,,
CMD32086,CL0775,P055,2024-04-09,4,4895.2,annulé,TNG,Carte,LIV1,
CMD36745,CL0236,P047,2023-03-04,3,1461.03,retourné,Agadir,Carte,LIV9,2023-03-06
CMD42451,CL0161,P029,Aug 11 2023,2,2676.46,retourné,marrakech,Carte,LIV7,2023-08-14
CMD44147,CL0035,P089,2023-10-22,5,3472.58,livré,RBA,Carte,LIV2,2023-10-26
CMD33604,CL0357,P023,Feb 21 2023,2,4399.49,KO,TANGER,Carte,LIV10,
CMD20723,CL0980,P071,24/03/2023,3,1770.34,DONE,TANGER,Carte,LIV10,2023-03-26
CMD06293,CL0131,P070,2023-05-28,5,2404.32,annulé,kech,Carte,LIV10,
CMD26064,CL0814,P075,2024-05-08,1,1753.13,livré,TNG,Carte,LIV8,2024-05-12
CMD29897,CL0910,P056,08/01/2023,5,706.67,KO,TNG,Carte,LIV2,
CMD47319,CL0477,P081,Jan 06 2023,3,1257.26,en_cours,CASABLANCA,Carte,LIV4,
CMD43889,CL0229,P012,23/01/2024,5,2054.39,livré,Tnja,Carte,LIV3,2024-01-25
CMD22727,CL0780,P028,Apr 29 2023,1,4458.44,KO,tanger,Carte,LIV9,
CMD42424,CL0685,P047,2024-03-14,4,795.64,retourné,tanger,Carte,LIV9,2024-03-17
CMD07929,CL0687,P024,2023-08-01,3,1448.29,livré,casa,Carte,LIV2,2023-08-03
CMD33018,CL0257,P030,29/06/2023,2,1998.91,KO,casa,Carte,LIV2,
CMD45355,CL0208,P026,Feb 26 2023,5,2092.24,LIVRE,Agadir,Carte,LIV9,2023-03-01
CMD30707,CL0698,P048,03/01/2023,4,4652.63,en_cours,RBA,Carte,LIV3,
CMD27101,CL0400,P020,2023-09-06,5,804.19,OK,tanger,Carte,LIV8,
CMD23080,CL0340,P048,2023-09-20,5,2311.49,livré,marrakech,Carte,LIV10,2023-09-25
CMD30591,CL0559,P087,Aug 14 2023,2,739.58,livré,Tnja,Carte,LIV3,2023-08-17
CMD40281,CL0804,P025,Jan 18 2024,4,1720.8,en_cours,casa,Carte,LIV10,
CMD47593,CL0293,P006,07/02/2023,5,3527.06,livré,casa,Carte,,2023-02-11
CMD05714,CL0590,P062,Oct 28 2023,5,1542.17,en_cours,casa,Carte,LIV10,
CMD30197,CL0574,P018,Jul 27 2023,3,4105.09,retourné,kech,Carte,LIV2,2023-07-31
CMD24325,CL0193,P029,12/01/2024,1,3129.15,en_cours,kech,Carte,LIV3,
CMD27531,CL0719,P008,Jan 05 2024,2,475.6,KO,TANGER,Carte,LIV7,
CMD36855,CL0012,P077,15/05/2023,4,4099.84,DONE,marrakech,Carte,LIV7,2023-05-16
CMD29205,CL0393,P004,20/04/2023,3,533.45,OK,Tnja,Carte,LIV9,
CMD47746,CL0165,P027,2023-06-23,3,3231.26,livré,Agadir,Carte,LIV2,2023-06-24
CMD05343,CL0637,P076,10/08/2023,1,1866.76,retourné,Agadir,Carte,LIV10,2023-08-14
CMD38161,CL0793,P098,Dec 04 2023,1,2185.85,livré,tanger,Carte,LIV4,2023-12-06
CMD26809,CL0009,P055,Nov 23 2023,4,4301.74,livré,marrakech,Carte,LIV1,2023-11-24
CMD16575,CL0535,P025,14/02/2024,5,85.63,KO,tanger,Carte,LIV3,
CMD22643,CL0925,P087,2024-03-14,2,3537.08,annulé,kech,Carte,LIV7,
CMD20756,CL0802,P044,2024-01-31,5,1467.03,OK,tanger,Carte,LIV7,
CMD35443,CL0767,P019,Feb 16 2023,5,3497.33,livré,TNG,Carte,LIV5,2023-02-19
CMD20181,CL0021,P046,Feb 10 2024,1,1400.67,livre,CASABLANCA,Carte,LIV2,
CMD18696,CL0205,P012,30/03/2024,-1,2859.69,en_cours,Tnja,Carte,LIV3,
CMD05585,CL0606,P040,2023-11-29,3,2478.44,KO,TNG,Carte,LIV4,
CMD10543,CL0206,P046,May 06 2023,4,2145.6,annulé,TNG,Carte,LIV1,
CMD05725,CL0174,P027,10/03/2023,4,4052.81,annulé,TANGER,Carte,LIV5,
CMD06622,CL0471,P017,Jan 07 2023,3,3607.95,DONE,Agadir,Carte,LIV6,2023-01-09
CMD40453,CL0929,P096,01/04/2023,1,1982.66,livré,casa,Carte,LIV8,2023-04-04
CMD24264,CL0581,P095,2023-06-29,2,323.22,LIVRE,TNG,Carte,LIV2,2023-07-01
CMD02872,CL0785,P007,06/09/2023,4,55.48,livre,casa,Carte,LIV9,
CMD11676,CL0377,P099,2023-11-11,2,3774.86,DONE,marrakech,Carte,LIV10,2023-11-12
CMD32266,CL0255,P075,2023-03-17,2,111.99,retourné,Agadir,Carte,LIV2,2023-03-18
CMD40114,CL0317,P014,2024-02-16,3,4937.13,livre,TANGER,Carte,LIV7,
CMD34025,CL0981,P098,Apr 14 2024,2,4263.57,livré,TNG,Carte,LIV4,2024-04-19
CMD09132,CL0493,P069,Apr 13 2024,5,3248.91,livre,Tnja,Carte,LIV1,
CMD36076,CL0977,P038,2023-09-23,1,3963.91,livré,casa,Carte,LIV6,2023-09-26
CMD30940,CL0243,P037,Apr 22 2024,4,1662.98,en_cours,kech,Carte,LIV4,
CMD13989,CL0792,P053,13/02/2024,3,2981.08,annulé,TANGER,Carte,LIV3,
CMD41558,CL0747,P083,Aug 11 2023,4,854.44,retourné,tanger,Carte,LIV8,2023-08-13
CMD28974,CL0732,P087,30/11/2023,4,4922.25,OK,tanger,Carte,LIV5,
CMD48149,CL0745,P061,May 01 2023,2,2117.3,annulé,TNG,Carte,LIV10,
CMD39096,CL0318,P006,05/10/2023,3,4402.11,livré,casa,Carte,LIV5,2023-10-07
CMD40495,CL0776,P098,2023-07-24,5,3772.08,livré,RBA,Carte,LIV6,2023-07-26
CMD14397,CL0434,P013,Sep 03 2023,4,2210.87,retourné,kech,Carte,LIV4,2023-09-08
CMD45450,CL0704,P051,2023-05-04,2,2748.9,OK,Tnja,Carte,LIV2,
CMD26667,CL0082,P076,Oct 16 2023,1,4059.79,DONE,CASABLANCA,Carte,LIV6,2023-10-19
CMD10321,CL0498,P024,2023-03-04,2,2734.07,livré,casa,Carte,LIV3,2023-03-07
CMD33595,CL0920,P088,Apr 20 2024,1,2135.61,DONE,TNG,Carte,LIV9,2024-04-23
CMD24754,CL0963,P053,31/08/2023,2,3715.32,annulé,Tnja,Carte,LIV6,
CMD42327,CL0429,P043,2024-05-04,4,3287.96,DONE,Tnja,Carte,LIV3,2024-05-08
CMD12397,CL0508,P083,01/05/2023,3,111.53,OK,Agadir,Carte,LIV7,
CMD32110,CL0002,P067,08/02/2024,1,3251.82,LIVRE,casa,Carte,,2024-02-11
CMD40615,CL0866,P088,Apr 09 2023,2,4554.48,DONE,marrakech,Carte,LIV8,2023-04-13
CMD27724,CL0267,P070,21/05/2023,2,3412.9,livré,TANGER,Carte,LIV4,2023-05-22
CMD26500,CL0473,P045,2024-04-20,4,711.72,livré,Tnja,Carte,LIV7,2024-04-21
CMD38349,CL0607,P023,2024-01-29,3,3555.02,retourné,marrakech,Carte,LIV10,2024-02-01
CMD17783,CL0916,P084,11/02/2023,3,311.67,retourné,TNG,Carte,LIV4,2023-02-12
CMD44267,CL0276,P087,2024-03-07,1,1711.59,OK,TNG,Carte,LIV5,
CMD02695,CL0677,P021,06/01/2023,3,2568.63,KO,marrakech,Carte,LIV10,
CMD00903,CL0182,P044,2023-05-10,4,908.07,livré,marrakech,Carte,LIV2,2023-05-15
CMD47090,CL0630,P006,2023-10-07,1,1642.54,en_cours,CASABLANCA,Carte,,
CMD35770,CL0278,P096,2023-08-14,3,2260.08,DONE,casa,Carte,LIV6,2023-08-17
CMD39370,CL0643,P065,Sep 07 2023,2,2696.03,en_cours,TNG,Carte,LIV1,
CMD41872,CL0673,P013,2023-06-08,2,0,LIVRE,tanger,Carte,LIV10,2023-06-12
CMD12938,CL0230,P025,Jun 17 2023,3,1297.53,DONE,casa,Carte,LIV7,2023-06-18
CMD35025,CL0668,P044,Feb 23 2023,3,988.06,LIVRE,CASABLANCA,Carte,LIV1,2023-02-28
CMD15669,CL0668,P045,2023-03-16,2,1396.27,LIVRE,TNG,Carte,,2023-03-21
CMD43908,CL0602,P073,2023-10-13,3,4807.16,annulé,CASABLANCA,Carte,LIV7,
CMD00012,CL0039,P047,Nov 13 2023,1,1596.31,livré,RBA,Carte,LIV4,2023-11-17
CMD37480,CL0119,P009,13/03/2024,3,961.12,livre,marrakech,Carte,LIV5,
CMD27401,CL0154,P029,11/06/2023,1,2492.02,annulé,casa,Carte,LIV5,
CMD30848,CL0830,P002,Oct 05 2023,4,2738.44,LIVRE,RBA,Carte,LIV6,2023-10-08
CMD08083,CL0605,P085,2023-12-14,2,4898.75,KO,CASABLANCA,Carte,LIV10,
CMD29042,CL0505,P078,Nov 16 2023,5,2226.64,en_cours,casa,Carte,LIV8,
CMD25155,CL0978,P047,15/01/2024,3,1956.12,annulé,Tnja,Carte,LIV1,
CMD22396,CL0429,P100,23/10/2023,1,4071.08,DONE,tanger,Carte,,2023-10-28
CMD34476,CL0463,P031,Mar 28 2023,2,680.91,KO,TNG,Carte,LIV4,
CMD21630,CL0543,P040,18/02/2023,1,2641.56,KO,TNG,Carte,LIV4,
CMD10618,CL0104,P029,Feb 16 2024,5,4362.3,livré,casa,Carte,LIV7,2024-02-21
CMD25288,CL0417,P079,13/02/2023,5,1816.32,OK,Agadir,Carte,LIV10,
CMD11809,CL0832,P087,Apr 24 2023,5,2414.76,en_cours,RBA,Carte,LIV2,
CMD31779,CL0693,P095,2023-11-24,2,3727.68,livre,kech,Carte,LIV6,
CMD02608,CL0755,P026,16/01/2024,3,1552.78,livre,CASABLANCA,Carte,LIV7,
CMD15379,CL0331,P001,15/05/2023,1,1752.64,LIVRE,kech,Carte,LIV7,2023-05-16
CMD34539,CL0951,P031,2024-04-01,4,4945.33,OK,TNG,Carte,LIV3,
CMD01335,CL0668,P078,Jul 12 2023,5,958.83,KO,Agadir,Carte,LIV3,
CMD35009,CL0430,P015,Sep 13 2023,1,3575.32,en_cours,CASABLANCA,Carte,LIV5,
CMD28642,CL0031,P031,2023-06-01,3,4338.52,LIVRE,casa,Carte,LIV2,2023-06-05
CMD26402,CL0537,P084,2023-10-22,5,1368.11,livre,Agadir,Carte,LIV8,
CMD22927,CL0533,P015,11/03/2024,3,1745.75,KO,CASABLANCA,Carte,LIV5,
CMD06512,CL0380,P014,20/11/2023,5,4618.17,livre,Agadir,Carte,LIV6,
CMD30823,CL0395,P055,Nov 28 2023,3,421.44,livré,RBA,Carte,LIV1,2023-11-29
CMD43647,CL0688,P098,02/02/2024,2,3887.59,livré,CASABLANCA,Carte,LIV3,2024-02-05
CMD43350,CL0930,P029,Sep 04 2023,3,0,en_cours,Tnja,Carte,LIV1,
CMD14748,CL0031,P026,Jul 29 2023,2,193.83,livré,casa,Carte,,2023-08-01
CMD09389,CL0745,P004,2024-01-04,3,3978.08,DONE,RBA,Carte,LIV10,2024-01-08
CMD03525,CL0369,P066,Nov 07 2023,5,4628.65,OK,RBA,Carte,LIV4,
CMD40858,CL0887,P082,Sep 16 2023,3,3260.56,LIVRE,tanger,Carte,,2023-09-17
CMD04719,CL0652,P027,2023-02-23,1,1480.0,livré,marrakech,Carte,LIV5,2023-02-24
CMD37896,CL0641,P014,2023-04-02,3,2188.48,en_cours,tanger,Carte,LIV9,
CMD19384,CL0915,P024,25/01/2024,4,1458.12,OK,Tnja,Carte,LIV5,
CMD06598,CL0414,P069,Mar 10 2024,5,899.38,livré,RBA,Carte,LIV8,2024-03-11
CMD48123,CL0651,P030,04/05/2024,1,2231.14,OK,marrakech,Carte,LIV10,
CMD26316,CL0855,P059,Mar 24 2024,4,650.19,DONE,TNG,Carte,LIV7,2024-03-26
CMD01403,CL0875,P033,2023-07-23,2,4347.26,annulé,kech,Carte,,
CMD08089,CL0325,P043,Feb 19 2024,3,3755.28,retourné,CASABLANCA,Carte,LIV2,2024-02-23
CMD16284,CL0911,P047,07/11/2023,2,4475.42,livré,Agadir,Carte,LIV6,2023-11-10
CMD09184,CL0641,P049,Jul 16 2023,2,1249.41,DONE,RBA,Carte,LIV5,2023-07-20
CMD18502,CL0864,P070,24/11/2023,4,4593.09,livré,CASABLANCA,Carte,LIV8,2023-11-27
CMD10100,CL0323,P022,2023-03-19,3,3663.87,DONE,tanger,Carte,LIV8,2023-03-21
CMD29382,CL0211,P092,May 30 2023,3,904.13,retourné,tanger,Carte,LIV9,2023-06-03
CMD00886,CL0406,P071,14/06/2023,1,673.39,livre,Tnja,Carte,LIV1,
CMD41518,CL0112,P075,2024-04-11,3,2458.84,annulé,casa,Carte,LIV4,
CMD06282,CL0483,P032,22/06/2023,1,3361.95,OK,casa,Carte,LIV7,
CMD13331,CL0406,P080,May 18 2023,5,3163.42,annulé,TNG,Carte,LIV5,
CMD10729,CL0654,P007,16/01/2024,4,4174.38,KO,Tnja,Carte,LIV8,
CMD03218,CL0725,P053,Mar 28 2024,3,826.52,en_cours,Tnja,Carte,LIV6,
CMD03078,CL0198,P100,2024-01-17,4,3613.46,annulé,tanger,Carte,LIV8,
CMD47990,CL0691,P023,23/01/2023,2,1507.55,livré,CASABLANCA,Carte,LIV3,2023-01-26
CMD22426,CL0141,P030,Aug 21 2023,4,3518.69,en_cours,marrakech,Carte,LIV1,
CMD10609,CL0276,P017,Sep 19 2023,1,2120.78,en_cours,RBA,Carte,LIV4,
CMD05290,CL0762,P092,12/03/2024,5,649.83,livré,kech,Carte,LIV9,2024-03-16
CMD34189,CL0164,P074,03/05/2023,5,4333.45,retourné,RBA,Carte,LIV8,2023-05-07
CMD36587,CL0378,P068,Jul 15 2023,4,3831.9,livré,Agadir,Carte,LIV3,2023-07-16
CMD45469,CL0429,P076,30/03/2024,2,1867.79,livré,kech,Carte,LIV9,2024-04-01
CMD09044,CL0882,P092,Dec 11 2023,3,303.82,en_cours,Agadir,Carte,LIV1,
CMD27938,CL0598,P093,2023-06-11,3,1045.88,livré,RBA,Carte,LIV1,2023-06-13
CMD19310,CL0221,P072,30/03/2024,4,4635.79,livré,tanger,Carte,LIV2,2024-04-01
CMD15848,CL0890,P007,Mar 29 2024,4,812.9,livré,Agadir,Carte,LIV3,2024-03-30
CMD45930,CL0949,P025,Dec 30 2023,4,4044.63,DONE,RBA,Carte,LIV8,2024-01-03
CMD15244,CL0385,P027,12/02/2024,4,3496.86,OK,TNG,Carte,LIV10,
CMD02609,CL0251,P031,12/05/2024,1,3501.27,livré,casa,Carte,LIV5,2024-05-16
CMD41710,CL0142,P065,Apr 24 2023,3,3476.59,LIVRE,Agadir,Carte,LIV2,2023-04-25
CMD10431,CL0189,P086,2024-03-22,4,447.44,DONE,tanger,Carte,LIV7,2024-03-24
CMD31825,CL0311,P045,02/07/2023,4,2871.46,KO,tanger,Carte,LIV1,
CMD06335,CL0542,P059,Jun 12 2023,5,1219.62,livre,tanger,Carte,LIV3,
CMD44733,CL0365,P044,14/03/2023,5,288.5,LIVRE,TNG,Carte,LIV3,2023-03-19
CMD03052,CL0440,P071,Sep 02 2023,1,1461.29,DONE,Tnja,Carte,LIV9,2023-09-04
CMD05008,CL0411,P006,Oct 12 2023,5,1607.53,livré,tanger,Carte,LIV1,2023-10-14
CMD41582,CL0688,P056,2023-03-11,5,262.86,retourné,TANGER,Carte,LIV2,2023-03-15
CMD38347,CL0081,P063,2023-04-23,1,4554.1,DONE,RBA,Carte,LIV9,2023-04-27
CMD46599,CL0414,P047,17/12/2023,2,1669.42,livré,marrakech,Carte,LIV5,2023-12-20
CMD00570,CL0714,P029,08/07/2023,1,3106.8,en_cours,kech,Carte,LIV4,
CMD12184,CL0729,P037,2023-04-30,3,1640.62,OK,marrakech,Carte,LIV1,
CMD33684,CL0991,P019,20/04/2023,1,4049.68,annulé,tanger,Carte,LIV4,
CMD19799,CL0424,P015,24/07/2023,5,2496.53,KO,casa,Carte,LIV5,
CMD27382,CL0139,P033,Nov 23 2023,4,443.39,OK,Agadir,Carte,LIV3,
CMD26072,CL0756,P039,2023-09-28,3,1479.72,DONE,TANGER,Carte,,2023-09-29
CMD40226,CL0458,P064,2024-01-26,1,2753.57,LIVRE,tanger,Carte,LIV4,2024-01-31
CMD38867,CL0705,P015,2023-04-11,2,3426.89,OK,marrakech,Carte,LIV2,
CMD44461,CL0608,P070,23/10/2023,4,1581.88,livré,kech,Carte,LIV7,2023-10-28
CMD18833,CL0056,P048,2023-08-22,1,2227.9,DONE,CASABLANCA,Carte,LIV10,2023-08-23
CMD29428,CL0029,P079,19/02/2023,2,4738.75,livré,TNG,Carte,LIV10,2023-02-20
CMD12141,CL0558,P033,Sep 25 2023,4,1802.56,DONE,CASABLANCA,Carte,LIV3,2023-09-30
CMD28100,CL0870,P015,2024-03-15,2,1875.85,OK,Agadir,Carte,LIV9,
CMD44338,CL0961,P035,30/08/2023,1,2848.65,LIVRE,Tnja,Carte,LIV6,2023-09-04
CMD42346,CL0779,P059,14/03/2024,4,887.47,KO,TANGER,Carte,LIV5,
CMD28614,CL0122,P001,2023-09-08,4,4931.18,KO,kech,Carte,LIV10,
CMD04250,CL0165,P010,2023-05-28,5,4726.86,livré,tanger,Carte,LIV5,2023-06-01
CMD04160,CL0594,P043,Sep 27 2023,4,696.01,livré,marrakech,Carte,LIV9,2023-10-02
CMD14895,CL0826,P012,2023-10-22,5,1051.41,OK,TANGER,Carte,LIV1,
CMD07463,CL0937,P045,2023-12-08,4,732.4,livré,kech,Carte,,2023-12-11
CMD07181,CL0232,P072,20/05/2023,2,3918.07,livré,RBA,Carte,LIV9,2023-05-25
CMD13593,CL0697,P049,21/06/2023,5,2726.01,livré,kech,Carte,LIV8,2023-06-22
CMD20243,CL0740,P089,2024-01-30,3,1187.34,DONE,RBA,Carte,,2024-01-31
CMD41959,CL0356,P078,Feb 03 2023,2,514.05,DONE,RBA,Carte,LIV5,2023-02-05
CMD00514,CL0311,P085,Sep 09 2023,1,1313.71,livré,CASABLANCA,Carte,LIV10,2023-09-12
CMD07924,CL0059,P030,Oct 17 2023,3,971.91,livre,RBA,Carte,LIV3,
CMD36280,CL0232,P089,2023-10-18,3,63.67,DONE,marrakech,Carte,LIV6,2023-10-20
CMD32718,CL0542,P045,2023-11-30,3,1859.05,en_cours,CASABLANCA,Carte,,
CMD43870,CL0732,P053,2024-04-12,4,3599.8,livré,casa,Carte,LIV1,2024-04-17
CMD38905,CL0542,P095,2024-05-01,2,1328.69,livré,RBA,Carte,LIV6,2024-05-02
CMD03810,CL0737,P048,29/12/2023,1,1271.3,KO,marrakech,Carte,LIV7,
CMD40991,CL0005,P007,Jun 09 2023,1,4291.95,DONE,casa,Carte,LIV8,2023-06-13
CMD41121,CL0153,P045,2024-01-26,5,2210.84,LIVRE,casa,Carte,LIV1,2024-01-31
CMD48328,CL0936,P066,2023-04-01,5,3277.95,livré,TNG,Carte,LIV2,2023-04-02
CMD02112,CL0482,P060,2023-11-25,5,750.63,KO,TNG,Carte,LIV10,
CMD25770,CL0095,P023,24/09/2023,4,3306.77,OK,TANGER,Carte,LIV7,
CMD44180,CL0122,P005,2023-06-26,4,1487.66,DONE,Agadir,Carte,LIV5,2023-06-29
CMD32933,CL0657,P057,Jan 18 2023,5,580.61,livre,TANGER,Carte,LIV4,
CMD22995,CL0998,P069,Feb 01 2024,4,1664.76,livré,CASABLANCA,Carte,LIV3,2024-02-04
CMD45686,CL0543,P064,01/02/2024,1,3047.47,KO,Agadir,Carte,LIV4,
CMD42332,CL0211,P039,Jan 20 2024,4,1621.99,DONE,tanger,Carte,LIV5,2024-01-25
CMD43043,CL0821,P096,Apr 19 2024,2,682.95,livré,CASABLANCA,Carte,LIV3,2024-04-23
CMD16596,CL0726,P055,2024-01-27,1,2137.92,annulé,CASABLANCA,Carte,LIV10,
CMD08773,CL0310,P034,Mar 27 2024,4,3433.18,LIVRE,marrakech,Carte,,2024-03-30
CMD05599,CL0494,P100,Jun 20 2023,1,2426.66,KO,TANGER,Carte,LIV3,
CMD05405,CL0301,P099,10/08/2023,4,654.29,livré,casa,Carte,LIV5,2023-08-12
CMD11217,CL0797,P099,Oct 15 2023,2,4008.04,OK,Tnja,Carte,LIV6,
CMD39487,CL0060,P060,2023-02-01,1,2468.31,DONE,RBA,Carte,LIV1,2023-02-04
CMD05719,CL0734,P027,Jul 22 2023,2,2123.13,retourné,TANGER,Carte,LIV10,2023-07-25
CMD16890,CL0719,P007,Jan 31 2024,1,1726.01,livre,kech,Carte,LIV10,
CMD44739,CL0034,P084,Jul 04 2023,2,2201.05,annulé,CASABLANCA,Carte,LIV8,
CMD33415,CL0205,P048,May 05 2023,2,957.68,LIVRE,casa,Carte,LIV2,2023-05-07
CMD30905,CL0542,P008,2023-04-22,1,808.47,livré,Agadir,Carte,LIV6,2023-04-25
CMD04254,CL0807,P078,Jan 10 2024,3,3557.77,retourné,RBA,Carte,LIV7,2024-01-12
CMD03715,CL0572,P037,2023-10-06,1,4061.92,KO,TANGER,Carte,LIV8,
CMD28075,CL0574,P098,Jun 02 2023,1,3939.48,KO,TNG,Carte,LIV4,
CMD22783,CL0907,P074,2024-03-15,4,3146.49,livre,TANGER,Carte,LIV4,
CMD36642,CL0277,P009,15/06/2023,2,2723.23,annulé,tanger,Carte,,
CMD14583,CL0011,P078,2023-01-21,1,354.3,livre,RBA,Carte,LIV1,
CMD20472,CL0287,P037,Aug 23 2023,2,4700.57,livré,tanger,Carte,LIV6,2023-08-26
CMD03819,CL0784,P043,2024-04-20,2,2418.36,livré,kech,Carte,LIV7,2024-04-22
CMD27505,CL0493,P069,15/02/2023,1,1725.13,en_cours,marrakech,Carte,LIV4,
CMD44986,CL0205,P013,2024-01-10,2,2911.05,livré,CASABLANCA,Carte,LIV3,2024-01-14
CMD46485,CL0281,P069,11/12/2023,5,212.71,livré,casa,Carte,LIV4,2023-12-16
CMD09437,CL0524,P023,22/02/2024,5,1452.5,OK,TNG,Carte,LIV3,
CMD06537,CL0349,P010,2024-04-24,2,1016.32,DONE,CASABLANCA,Carte,LIV7,2024-04-25
CMD47946,CL0477,P021,13/08/2023,5,3444.97,KO,Agadir,Carte,LIV8,
CMD40197,CL0776,P075,Mar 14 2023,4,3754.82,livré,TNG,Carte,LIV7,2023-03-18
CMD30790,CL0685,P086,Feb 14 2024,3,490.54,OK,TNG,Carte,LIV4,
CMD47606,CL0958,P095,18/06/2023,2,3731.82,livré,RBA,Carte,LIV3,2023-06-22
CMD14127,CL0199,P063,May 14 2023,3,3842.78,livré,tanger,Carte,LIV4,2023-05-18
CMD04900,CL0364,P098,2023-06-12,4,1857.65,OK,Agadir,Carte,LIV4,
CMD04865,CL0835,P047,12/02/2023,1,525.38,LIVRE,Agadir,Carte,LIV8,2023-02-16
CMD01661,CL0509,P041,26/09/2023,1,1407.15,retourné,kech,Carte,LIV10,2023-09-28
CMD27874,CL0051,P057,01/07/2023,3,2092.68,retourné,casa,Carte,,2023-07-04
CMD13008,CL0484,P030,Jun 04 2023,3,4403.51,KO,tanger,Carte,LIV2,
CMD22110,CL0563,P032,09/03/2023,5,756.28,annulé,TANGER,Carte,LIV10,
CMD27514,CL0562,P061,2023-11-17,4,3837.11,livré,TANGER,Carte,LIV10,2023-11-19
CMD01979,CL0385,P057,Jul 24 2023,2,261.13,KO,RBA,Carte,LIV4,
CMD19614,CL0862,P054,2023-11-23,4,3363.28,DONE,marrakech,Carte,,2023-11-24
CMD22142,CL0914,P093,2024-04-09,5,1063.54,DONE,RBA,Carte,,2024-04-12
CMD37956,CL0200,P023,24/09/2023,5,1635.04,en_cours,TNG,Carte,LIV1,
CMD47697,CL0511,P040,2023-01-23,2,920.69,en_cours,TANGER,Carte,LIV3,
CMD42972,CL0283,P001,04/12/2023,4,4684.5,LIVRE,Tnja,Carte,LIV5,2023-12-08
CMD19591,CL0827,P080,14/08/2023,3,2241.98,retourné,Tnja,Carte,LIV4,2023-08-16
CMD35120,CL0473,P098,Dec 02 2023,1,3466.58,livré,kech,Carte,LIV7,2023-12-03
CMD40960,CL0366,P008,2023-06-22,5,114.23,retourné,tanger,Carte,LIV8,2023-06-27
CMD31611,CL0761,P054,03/12/2023,4,329.24,livré,marrakech,Carte,LIV2,2023-12-05
CMD04123,CL0757,P022,08/03/2023,3,2218.0,livré,marrakech,Carte,LIV7,2023-03-13
CMD47794,CL0342,P041,2023-10-07,1,1430.21,KO,marrakech,Carte,LIV9,
CMD14554,CL0225,P076,2023-10-24,1,2349.02,DONE,Tnja,Carte,LIV10,2023-10-27
CMD12579,CL0946,P047,2023-12-09,1,103.55,KO,CASABLANCA,Carte,LIV10,
CMD46328,CL0563,P097,25/03/2023,1,3204.14,DONE,Agadir,Carte,LIV4,2023-03-30
CMD44301,CL0531,P021,Feb 24 2023,4,53.66,livré,tanger,Carte,LIV8,2023-03-01
CMD30199,CL0665,P037,26/05/2023,3,4422.0,OK,tanger,Carte,LIV9,
CMD42788,CL0468,P096,2023-05-06,5,3381.45,KO,TANGER,Carte,LIV5,
CMD21960,CL0434,P041,Jun 26 2023,4,1823.0,livré,Agadir,Carte,LIV8,2023-06-27
CMD04858,CL0445,P053,2024-01-11,1,0,LIVRE,kech,Carte,LIV2,2024-01-14
CMD22377,CL0289,P044,Jan 25 2024,4,1734.32,OK,TNG,Carte,LIV9,
CMD05984,CL0569,P098,Apr 10 2024,2,176.23,annulé,marrakech,Carte,LIV7,
CMD03789,CL0405,P027,2024-02-29,4,4037.1,OK,TANGER,Carte,LIV4,
CMD16245,CL0520,P015,Dec 29 2023,2,2050.65,en_cours,kech,Carte,LIV3,
CMD08624,CL0661,P060,09/06/2023,2,1680.56,livré,marrakech,Carte,LIV6,2023-06-13
CMD41247,CL0749,P094,23/08/2023,5,457.54,annulé,marrakech,Carte,LIV5,
CMD06842,CL0223,P080,Jul 27 2023,2,3080.98,en_cours,TNG,Carte,LIV8,
CMD17608,CL0548,P093,2024-05-08,3,1494.58,LIVRE,marrakech,Carte,LIV5,2024-05-10
CMD06763,CL0717,P090,Jul 26 2023,3,2665.27,retourné,TNG,Carte,LIV9,2023-07-30
CMD37942,CL0199,P041,30/03/2024,3,1877.74,KO,marrakech,Carte,LIV3,
CMD28048,CL0960,P073,2023-04-01,5,3742.84,KO,kech,Carte,LIV3,
CMD06633,CL0151,P054,30/06/2023,2,2514.34,LIVRE,kech,Carte,LIV4,2023-07-02
CMD14138,CL0193,P059,07/02/2023,3,782.67,OK,marrakech,Carte,LIV8,
CMD29576,CL0310,P048,22/02/2024,1,4124.33,LIVRE,kech,Carte,LIV10,2024-02-26
CMD24242,CL0739,P090,28/02/2024,1,4011.31,livré,marrakech,Carte,LIV4,2024-02-29
CMD22718,CL0940,P018,Oct 05 2023,1,2170.66,livré,RBA,Carte,LIV10,2023-10-07
CMD45236,CL0743,P057,2023-01-03,5,2778.09,DONE,marrakech,Carte,LIV3,2023-01-06
CMD02667,CL0974,P015,02/02/2023,5,2620.88,en_cours,CASABLANCA,Carte,LIV7,
CMD19821,CL0979,P099,Dec 03 2023,1,1016.71,livré,marrakech,Carte,LIV8,2023-12-05
CMD05938,CL0762,P057,Nov 01 2023,5,1074.55,livré,tanger,Carte,,2023-11-02
CMD36598,CL0792,P046,23/12/2023,3,405.99,OK,kech,Carte,,
CMD36896,CL0897,P097,Jul 10 2023,4,3041.04,retourné,tanger,Carte,LIV2,2023-07-12
CMD29514,CL0931,P008,2024-01-11,5,3119.42,OK,tanger,Carte,LIV8,
CMD31534,CL0260,P007,Jan 12 2023,1,2469.01,DONE,TANGER,Carte,LIV2,2023-01-14
CMD33329,CL0986,P056,2023-11-03,1,396.96,livré,Agadir,Carte,LIV5,2023-11-05
CMD47356,CL0419,P026,Oct 10 2023,5,425.42,OK,kech,Carte,LIV10,
CMD38576,CL0264,P092,Jan 02 2024,5,195.48,livre,RBA,Carte,LIV7,
CMD26111,CL0225,P097,10/01/2023,1,3364.47,LIVRE,tanger,Carte,LIV2,2023-01-12
CMD22111,CL0152,P006,May 11 2024,2,1247.95,livré,TNG,Carte,LIV1,2024-05-16
CMD34580,CL0782,P001,2024-02-12,1,2218.91,LIVRE,marrakech,Carte,LIV2,2024-02-16
CMD06126,CL0491,P001,2023-08-17,3,2414.03,KO,CASABLANCA,Carte,LIV4,
CMD24422,CL0902,P060,2023-11-10,2,765.84,OK,RBA,Carte,LIV9,
CMD21512,CL0802,P040,Nov 22 2023,5,3661.6,en_cours,Agadir,Carte,LIV6,
CMD15922,CL0652,P040,2024-02-07,2,3829.96,livré,RBA,Carte,LIV2,2024-02-10
CMD35360,CL0962,P006,2023-04-11,2,2343.57,livré,TANGER,Carte,LIV1,2023-04-13
CMD35162,CL0550,P009,May 14 2024,2,3269.2,en_cours,TANGER,Carte,LIV2,
CMD39933,CL0278,P059,Oct 09 2023,5,4552.85,retourné,TNG,Carte,LIV1,2023-10-11
CMD25106,CL0901,P071,2023-07-24,3,412.5,annulé,TANGER,Carte,LIV2,
CMD43250,CL0354,P045,Feb 27 2024,1,277.95,en_cours,tanger,Carte,LIV7,
CMD09780,CL0659,P075,2023-05-06,1,2928.1,annulé,marrakech,Carte,LIV9,
CMD05972,CL0491,P018,2024-01-24,2,1073.18,annulé,Tnja,Carte,LIV10,
CMD46392,CL0876,P064,02/07/2023,3,408.3,livré,CASABLANCA,Carte,LIV10,2023-07-03
CMD20937,CL0640,P031,2023-01-27,4,4744.06,livré,casa,Carte,LIV8,2023-01-28
CMD08533,CL0165,P008,15/04/2024,1,940.76,KO,kech,Carte,LIV4,
CMD30622,CL0318,P058,Jul 06 2023,3,123.36,DONE,Tnja,Carte,LIV8,2023-07-09
CMD31463,CL0672,P087,Jan 07 2024,1,3448.67,livré,casa,Carte,LIV5,2024-01-11
CMD46536,CL0616,P006,Nov 09 2023,1,4907.04,livré,RBA,Carte,LIV2,2023-11-13
CMD15090,CL0910,P055,2024-04-20,2,4033.52,livré,marrakech,Carte,LIV2,2024-04-25
CMD02723,CL0744,P079,25/01/2024,1,2192.95,livré,tanger,Carte,LIV10,2024-01-26
CMD28661,CL0782,P009,2023-04-29,1,4462.76,livré,CASABLANCA,Carte,LIV9,2023-04-30
CMD28929,CL0849,P024,Jan 27 2024,2,3315.46,livré,Agadir,Carte,LIV4,2024-01-28
CMD34037,CL0990,P042,28/11/2023,3,4245.7,livré,casa,Carte,,2023-12-03
CMD22575,CL0855,P036,04/11/2023,5,2578.16,retourné,marrakech,Carte,LIV9,2023-11-06
CMD04481,CL0985,P006,2023-05-23,4,4398.24,livré,tanger,Carte,LIV5,2023-05-27
CMD35646,CL0017,P038,03/04/2023,2,2750.54,livré,casa,Carte,LIV1,2023-04-04
CMD07378,CL0934,P044,2023-07-22,1,2861.37,LIVRE,CASABLANCA,Carte,LIV2,2023-07-25
CMD05575,CL0312,P075,Mar 01 2023,3,1166.78,livré,tanger,Carte,LIV7,2023-03-02
CMD18950,CL0363,P014,15/05/2023,5,363.28,retourné,casa,Carte,LIV10,2023-05-17
CMD01141,CL0582,P002,Feb 27 2024,3,1257.45,livré,Agadir,Carte,LIV6,2024-02-28
CMD21814,CL0519,P068,12/03/2023,1,208.18,KO,kech,Carte,LIV9,
CMD46649,CL0258,P066,Apr 09 2023,4,1465.53,annulé,Agadir,Carte,LIV2,
CMD27396,CL0343,P074,09/08/2023,2,3330.76,LIVRE,casa,Carte,LIV6,2023-08-10
CMD43853,CL0974,P100,20/01/2023,4,2948.22,KO,casa,Carte,LIV6,
CMD45911,CL0604,P035,24/06/2023,3,2729.46,DONE,kech,Carte,LIV4,2023-06-26
CMD40336,CL0550,P046,Feb 24 2024,3,4850.46,livre,Tnja,Carte,LIV5,
CMD48009,CL0720,P031,18/11/2023,3,588.27,DONE,TANGER,Carte,LIV1,2023-11-22
CMD14699,CL0943,P027,2023-07-30,1,403.44,DONE,casa,Carte,LIV2,2023-08-04
CMD15153,CL0330,P084,Mar 28 2024,1,2100.57,LIVRE,marrakech,Carte,LIV10,2024-03-29
CMD27785,CL0458,P088,19/03/2023,3,551.13,KO,TNG,Carte,LIV3,
CMD11405,CL0331,P021,Jul 11 2023,3,672.21,KO,CASABLANCA,Carte,LIV1,
CMD12177,CL0227,P078,2023-11-11,4,3965.25,annulé,kech,Carte,LIV10,
CMD11767,CL0378,P095,2023-06-10,4,4304.02,livré,Tnja,Carte,LIV5,2023-06-15
CMD29590,CL0394,P069,Mar 21 2023,5,1702.83,livré,Tnja,Carte,LIV1,2023-03-23
CMD34272,CL0843,P086,2024-03-02,1,3322.4,livre,CASABLANCA,Carte,LIV9,
CMD44670,CL0159,P038,Mar 05 2024,5,2033.07,retourné,kech,Carte,LIV5,2024-03-10
CMD27352,CL0993,P040,2024-03-12,1,4059.24,DONE,Tnja,Carte,LIV5,2024-03-17
CMD30706,CL0964,P018,2024-01-26,2,2685.38,KO,tanger,Carte,LIV3,
CMD42306,CL0201,P084,02/06/2023,1,719.41,annulé,tanger,Carte,LIV7,
CMD06751,CL0852,P080,Jun 05 2023,4,3212.5,livré,kech,Carte,LIV6,2023-06-10
CMD04773,CL0233,P072,2024-05-13,4,1777.47,livré,CASABLANCA,Carte,LIV2,2024-05-15
CMD29270,CL0896,P036,12/01/2023,4,1146.37,en_cours,kech,Carte,LIV8,
CMD25088,CL0816,P073,28/05/2023,3,4124.4,LIVRE,Tnja,Carte,LIV5,2023-05-31
CMD01582,CL0804,P069,15/11/2023,3,4608.81,annulé,TNG,Carte,LIV7,
CMD02775,CL0846,P024,Dec 31 2023,2,234.43,KO,tanger,Carte,LIV7,
CMD01688,CL0768,P066,2024-01-01,1,247.48,retourné,TANGER,Carte,LIV3,2024-01-03
CMD24329,CL0383,P050,Dec 28 2023,2,1786.23,DONE,marrakech,Carte,LIV3,2024-01-01
CMD41845,CL0716,P024,2023-11-08,1,4128.63,LIVRE,TNG,Carte,LIV8,2023-11-12
CMD35553,CL0504,P075,Nov 21 2023,4,3716.41,livré,Agadir,Carte,LIV3,2023-11-24
CMD35869,CL0142,P090,Feb 10 2024,5,279.54,DONE,Agadir,Carte,LIV10,2024-02-14
CMD02576,CL0119,P078,25/03/2023,2,3098.86,OK,CASABLANCA,Carte,LIV9,
CMD19812,CL0627,P037,07/07/2023,5,3126.62,livre,tanger,Carte,LIV4,
CMD27854,CL0376,P001,30/04/2023,5,198.28,KO,TANGER,Carte,LIV1,
CMD12661,CL0053,P027,2023-06-07,3,3655.99,livré,CASABLANCA,Carte,LIV3,2023-06-10
CMD22599,CL0635,P022,04/05/2024,2,1443.11,LIVRE,kech,Carte,LIV4,2024-05-08
CMD17241,CL0201,P097,Feb 25 2024,5,0,OK,Agadir,Carte,LIV10,
CMD04203,CL0513,P059,Jun 14 2023,3,2333.84,LIVRE,CASABLANCA,Carte,LIV1,2023-06-17
CMD15281,CL0555,P052,07/04/2024,4,566.43,KO,kech,Carte,LIV6,
CMD24661,CL0707,P030,2023-10-31,4,820.37,DONE,casa,Carte,LIV6,2023-11-05
CMD45607,CL0902,P013,Oct 20 2023,3,3768.21,livré,TNG,Carte,LIV6,2023-10-22
CMD44656,CL0769,P058,2024-01-21,4,2639.66,livre,TANGER,Carte,LIV4,
CMD48128,CL0122,P086,14/02/2023,3,812.83,livré,marrakech,Carte,LIV10,2023-02-19
CMD46382,CL0916,P034,08/01/2023,4,0,annulé,casa,Carte,LIV2,
CMD42999,CL0282,P060,Aug 27 2023,3,1336.15,livre,Agadir,Carte,LIV2,
CMD42353,CL0163,P058,May 15 2024,2,3997.38,OK,RBA,Carte,LIV7,
CMD32109,CL0414,P035,2024-01-14,5,236.0,livré,TNG,Carte,,2024-01-18
CMD35798,CL0591,P065,2023-07-11,5,3040.46,retourné,RBA,Carte,LIV8,2023-07-16
CMD36177,CL0063,P084,Aug 29 2023,5,1795.99,annulé,CASABLANCA,Carte,LIV5,
CMD16065,CL0572,P088,Apr 18 2023,1,548.01,LIVRE,TNG,Carte,LIV2,2023-04-19
CMD32557,CL0857,P024,28/06/2023,5,2428.53,DONE,marrakech,Carte,LIV1,2023-06-30
CMD14052,CL0333,P098,08/02/2024,1,1150.19,annulé,casa,Carte,LIV6,
CMD05892,CL0583,P083,11/03/2023,2,0,livré,tanger,Carte,LIV8,2023-03-14
CMD22498,CL0122,P058,25/03/2023,3,2079.52,retourné,tanger,Carte,LIV9,2023-03-30
CMD32700,CL0934,P013,07/04/2023,5,3555.13,DONE,Agadir,Carte,LIV2,2023-04-10
CMD44427,CL0973,P049,2024-03-12,4,3588.8,livré,Agadir,Carte,LIV3,2024-03-15
CMD37784,CL0017,P053,Dec 15 2023,5,1141.61,LIVRE,Tnja,Carte,LIV7,2023-12-16
CMD13346,CL0984,P080,20/02/2024,3,3287.21,livre,marrakech,Carte,LIV9,
CMD06321,CL0600,P089,May 14 2023,4,3595.52,LIVRE,CASABLANCA,Carte,LIV4,2023-05-19
CMD46014,CL0535,P051,2024-01-27,5,1293.02,livré,marrakech,Carte,LIV6,2024-01-30
CMD33894,CL0166,P063,2023-12-08,4,4756.01,LIVRE,TANGER,Carte,LIV9,2023-12-11
CMD25310,CL0101,P096,Feb 07 2024,5,3856.97,livre,CASABLANCA,Carte,,
CMD45644,CL0568,P003,02/11/2023,2,3910.34,retourné,Tnja,Carte,LIV9,2023-11-06
CMD11700,CL0614,P031,Jul 13 2023,4,2874.76,KO,marrakech,Carte,,
CMD22745,CL0730,P007,Feb 14 2024,4,4535.91,livre,Tnja,Carte,LIV2,
CMD33016,CL0706,P084,04/07/2023,2,2512.62,livré,Agadir,Carte,LIV3,2023-07-05
CMD10176,CL0696,P098,2023-11-18,5,4061.21,en_cours,Tnja,Carte,LIV4,
CMD11972,CL0691,P089,Jan 14 2024,1,3987.64,en_cours,Agadir,Carte,LIV4,
CMD13062,CL0200,P036,Feb 26 2024,5,2482.24,en_cours,Tnja,Carte,LIV7,
CMD38800,CL0022,P034,2023-06-05,5,1847.58,en_cours,tanger,Carte,LIV3,
CMD11001,CL0968,P086,Aug 23 2023,3,2368.98,retourné,marrakech,Carte,LIV7,2023-08-25
CMD26951,CL0043,P056,Feb 04 2024,2,943.68,livré,RBA,Carte,LIV8,2024-02-07
CMD37030,CL0154,P025,Aug 08 2023,1,3870.67,DONE,TNG,Carte,LIV5,2023-08-12
CMD37389,CL0049,P094,2023-12-03,5,1103.63,DONE,TNG,Carte,LIV2,2023-12-08
CMD14777,CL0320,P098,May 02 2024,4,4235.54,en_cours,Tnja,Carte,LIV4,
CMD15200,CL0517,P008,10/05/2023,4,2710.58,livré,RBA,Carte,LIV3,2023-05-12
CMD31248,CL0300,P099,23/12/2023,2,2727.54,KO,TANGER,Carte,LIV2,
CMD09787,CL0740,P088,Mar 10 2024,4,4240.13,LIVRE,TNG,Carte,LIV7,2024-03-13
CMD24349,CL0074,P007,2023-02-05,1,2526.28,livré,RBA,Carte,LIV7,2023-02-08
CMD06474,CL0973,P038,12/04/2024,2,1059.07,KO,TNG,Carte,LIV1,
CMD40074,CL0107,P044,Jan 12 2023,-1,4461.59,livre,TNG,Carte,LIV8,
CMD13292,CL0213,P026,2024-02-09,5,496.96,livre,casa,Carte,LIV5,
CMD21874,CL0821,P018,May 14 2023,4,4042.41,OK,CASABLANCA,Carte,LIV6,
CMD11507,CL0120,P031,Jan 11 2023,4,0,livré,Tnja,Carte,LIV3,2023-01-16
CMD41010,CL0579,P081,May 28 2023,1,3249.04,livré,casa,Carte,,2023-06-02
CMD31308,CL0534,P070,May 27 2023,1,1097.24,livré,kech,Carte,LIV10,2023-05-30
CMD12543,CL0105,P033,28/07/2023,1,709.55,KO,CASABLANCA,Carte,LIV7,
CMD28972,CL0456,P008,2024-05-14,3,3261.53,retourné,TNG,Carte,LIV9,2024-05-19
CMD14754,CL0700,P100,2023-12-28,4,3951.45,LIVRE,marrakech,Carte,,2023-12-31
CMD04659,CL0333,P083,22/02/2023,1,2845.54,OK,Tnja,Carte,LIV3,
CMD05680,CL0358,P075,2024-04-01,1,3638.7,livré,TNG,Carte,LIV4,2024-04-05
CMD04206,CL0387,P057,26/02/2023,3,490.89,livré,CASABLANCA,Carte,LIV3,2023-03-01
CMD00592,CL0263,P014,May 13 2023,2,471.56,livré,Tnja,Carte,LIV7,2023-05-17
CMD25858,CL0963,P092,28/04/2024,2,2108.73,livré,casa,Carte,LIV3,2024-04-30
CMD45779,CL0304,P034,2023-05-20,1,2464.03,en_cours,TNG,Carte,LIV3,
CMD06082,CL0175,P058,19/01/2023,5,3211.59,retourné,RBA,Carte,LIV7,2023-01-22
CMD12890,CL0302,P020,Apr 12 2023,4,2783.07,DONE,kech,Carte,LIV4,2023-04-17
CMD04838,CL0326,P050,Sep 11 2023,2,4297.12,LIVRE,tanger,Carte,LIV5,2023-09-12
CMD15167,CL0715,P092,2023-06-28,1,3744.69,LIVRE,TNG,Carte,LIV3,2023-06-29
CMD14712,CL0406,P061,26/11/2023,4,855.16,KO,TNG,Carte,LIV7,
CMD34804,CL0840,P005,Jan 23 2023,5,4035.52,livré,TNG,Carte,LIV9,2023-01-28
CMD09054,CL0697,P086,Feb 02 2023,5,183.66,en_cours,marrakech,Carte,LIV1,
CMD46262,CL0028,P080,Jul 23 2023,3,786.79,annulé,tanger,Carte,LIV1,
CMD03448,CL0341,P075,2023-02-22,1,2076.12,livre,CASABLANCA,Carte,LIV8,
CMD32232,CL0483,P007,Oct 19 2023,2,463.42,KO,tanger,Carte,LIV1,
CMD22489,CL0919,P001,27/09/2023,3,2105.67,KO,CASABLANCA,Carte,LIV3,
CMD17872,CL0361,P094,Mar 05 2024,1,1830.17,OK,TNG,Carte,LIV2,
CMD45184,CL0081,P098,2023-12-06,4,3890.21,en_cours,CASABLANCA,Carte,LIV8,
CMD07476,CL0189,P009,Oct 17 2023,3,1091.56,LIVRE,Agadir,Carte,LIV5,2023-10-22
CMD37989,CL0141,P066,03/01/2024,1,3718.78,DONE,RBA,Carte,LIV2,2024-01-06
CMD46431,CL0646,P005,May 24 2023,3,2248.82,livre,TANGER,Carte,LIV5,
CMD17886,CL0581,P076,19/03/2024,4,2538.77,livré,marrakech,Carte,LIV3,2024-03-22
CMD46116,CL0040,P046,24/03/2024,5,4461.36,livré,marrakech,Carte,LIV1,2024-03-29
CMD38159,CL0037,P052,18/12/2023,4,1657.85,annulé,marrakech,Carte,LIV2,
CMD11615,CL0794,P044,04/03/2023,2,832.36,retourné,CASABLANCA,Carte,LIV3,2023-03-09
CMD02595,CL0570,P052,2023-07-23,5,4566.09,LIVRE,marrakech,Carte,,2023-07-28
CMD02634,CL0506,P011,05/04/2024,5,2051.04,livré,TNG,Carte,LIV7,2024-04-10
CMD06855,CL0970,P076,2023-10-13,4,3825.73,OK,tanger,Carte,LIV5,
CMD10605,CL0582,P003,Jan 01 2024,2,4908.45,livré,tanger,Carte,LIV9,2024-01-05
CMD15028,CL0171,P067,28/04/2024,3,4902.22,en_cours,Tnja,Carte,LIV6,
CMD24217,CL0978,P014,18/10/2023,1,443.55,en_cours,marrakech,Carte,LIV8,
CMD02833,CL0773,P065,26/03/2024,5,962.49,livre,Tnja,Carte,LIV7,
CMD23762,CL0941,P022,Feb 23 2024,1,3159.25,OK,RBA,Carte,,
CMD07082,CL0293,P031,Sep 30 2023,2,4307.86,livré,kech,Carte,,2023-10-01
CMD06245,CL0208,P065,22/08/2023,4,4021.37,en_cours,TNG,Carte,LIV2,
CMD37515,CL0265,P051,01/05/2023,2,3266.49,en_cours,TANGER,Carte,LIV8,
CMD03261,CL0930,P076,Jan 01 2023,4,3782.7,livré,TNG,Carte,LIV9,2023-01-05
CMD48452,CL0629,P044,2023-05-29,2,4118.5,retourné,CASABLANCA,Carte,LIV5,2023-06-03
CMD10368,CL0262,P030,2023-04-10,1,3797.68,livré,TANGER,Carte,LIV4,2023-04-11
CMD09166,CL0774,P094,08/08/2023,3,4639.94,LIVRE,Agadir,Carte,LIV9,2023-08-10
CMD37835,CL0283,P033,12/02/2024,3,2007.27,DONE,TNG,Carte,LIV4,2024-02-17
CMD08420,CL0857,P083,Apr 12 2024,3,4413.26,livré,RBA,Carte,LIV3,2024-04-17
CMD37090,CL0627,P094,2024-01-10,4,2288.37,livré,CASABLANCA,Carte,LIV1,2024-01-11
CMD34306,CL0055,P018,Mar 25 2024,4,842.6,annulé,TANGER,Carte,LIV8,
CMD17739,CL0650,P030,Mar 15 2023,1,2337.38,annulé,marrakech,Carte,LIV7,
CMD03876,CL0752,P041,Jun 18 2023,3,4876.02,livré,Agadir,Carte,LIV4,2023-06-22
CMD03320,CL0970,P011,Jan 30 2023,1,3016.87,OK,kech,Carte,LIV1,
CMD28191,CL0944,P071,Jun 14 2023,2,4511.65,en_cours,marrakech,Carte,LIV1,
CMD11963,CL0657,P054,11/04/2024,5,2008.7,livré,RBA,Carte,,2024-04-13
CMD02050,CL0031,P048,Dec 14 2023,4,3575.64,KO,marrakech,Carte,LIV7,
CMD10697,CL0866,P026,2023-08-13,5,932.5,OK,casa,Carte,LIV8,
CMD39066,CL0031,P013,Apr 07 2023,4,4574.91,livré,RBA,Carte,LIV10,2023-04-09
CMD06879,CL0086,P091,23/03/2024,3,1647.16,retourné,tanger,Carte,LIV5,2024-03-28
CMD14038,CL0726,P049,2024-01-01,5,1842.15,livré,marrakech,Carte,LIV6,2024-01-05
CMD42787,CL0542,P056,2023-03-30,4,4106.37,retourné,RBA,Carte,LIV3,2023-04-02
CMD35325,CL0479,P059,25/08/2023,5,2581.03,DONE,Agadir,Carte,LIV6,2023-08-28
CMD42025,CL0227,P001,Feb 08 2023,4,4772.6,annulé,RBA,Carte,LIV6,
CMD39903,CL0676,P061,Feb 14 2024,2,3717.33,DONE,casa,Carte,LIV9,2024-02-19
CMD42018,CL0644,P051,Jan 22 2024,4,2391.95,en_cours,tanger,Carte,LIV10,
CMD14747,CL0090,P022,Feb 20 2024,5,4538.79,LIVRE,RBA,Carte,,2024-02-25
CMD45408,CL0030,P005,Oct 21 2023,1,3549.46,livré,TANGER,Carte,LIV5,2023-10-22
CMD08897,CL0856,P020,28/10/2023,4,4145.29,KO,marrakech,Carte,LIV4,
CMD46193,CL0821,P059,Sep 28 2023,2,1955.4,OK,CASABLANCA,Carte,LIV8,
CMD18783,CL0149,P069,2024-01-15,1,1771.95,en_cours,TNG,Carte,LIV5,
CMD07806,CL0219,P065,24/09/2023,1,2237.88,livré,CASABLANCA,Carte,LIV10,2023-09-26
CMD26751,CL0498,P027,15/11/2023,5,52.34,annulé,marrakech,Carte,LIV2,
CMD35134,CL0885,P031,2023-09-08,5,2073.41,livre,marrakech,Carte,LIV9,
CMD30549,CL0637,P034,2024-01-02,4,4812.09,livré,TANGER,Carte,LIV8,2024-01-06
CMD36516,CL0632,P087,Feb 12 2024,5,1104.59,livre,Tnja,Carte,LIV5,
CMD36201,CL0365,P098,Jun 25 2023,3,3775.48,livre,tanger,Carte,LIV6,
CMD14330,CL0029,P034,21/04/2023,5,392.7,retourné,TNG,Carte,LIV1,2023-04-26
CMD25756,CL0485,P064,Sep 23 2023,1,3468.6,DONE,Tnja,Carte,LIV7,2023-09-25
CMD08082,CL0210,P018,07/08/2023,4,1046.15,livré,RBA,Carte,LIV4,2023-08-09
CMD34350,CL0215,P040,2024-02-27,3,1926.8,OK,marrakech,Carte,LIV6,
CMD19706,CL0637,P073,Jan 21 2023,3,4664.87,livré,TANGER,Carte,LIV5,2023-01-22
CMD05864,CL0773,P086,2023-08-18,1,3678.18,en_cours,Agadir,Carte,LIV7,
CMD10517,CL0467,P004,Mar 22 2024,3,2826.36,KO,TNG,Carte,LIV2,
CMD39063,CL0989,P069,2024-04-03,1,3555.32,en_cours,kech,Carte,LIV7,
CMD36931,CL0084,P003,21/09/2023,5,252.94,en_cours,Agadir,Carte,LIV10,
CMD16673,CL0491,P012,08/10/2023,4,4157.71,livre,CASABLANCA,Carte,LIV2,
CMD36647,CL0383,P099,2023-04-24,5,326.2,livre,marrakech,Carte,LIV1,
CMD15908,CL0206,P068,Apr 19 2024,1,4218.31,OK,marrakech,Carte,LIV4,
CMD05141,CL0327,P001,2023-02-22,4,2506.64,livre,Tnja,Carte,LIV8,
CMD28326,CL0755,P042,2024-05-05,5,4084.67,livré,RBA,Carte,LIV6,2024-05-08
CMD39271,CL0804,P012,09/10/2023,5,283.19,en_cours,TNG,Carte,LIV9,
CMD16761,CL0299,P038,2024-04-22,1,4232.07,livre,tanger,Carte,LIV10,
CMD23678,CL0240,P032,2023-05-03,2,1869.38,en_cours,Agadir,Carte,LIV7,
CMD20935,CL0336,P066,Aug 21 2023,1,2417.1,retourné,TANGER,Carte,LIV6,2023-08-26
CMD17461,CL0687,P069,2024-01-23,2,2771.98,DONE,RBA,Carte,LIV5,2024-01-25
CMD06495,CL0313,P003,Jul 03 2023,4,3050.41,KO,Tnja,Carte,LIV5,
CMD28395,CL0596,P089,Jun 16 2023,1,4570.91,livré,TNG,Carte,LIV8,2023-06-17
CMD16768,CL0090,P096,May 11 2024,2,1399.43,en_cours,TANGER,Carte,LIV9,
CMD45585,CL0559,P085,2023-08-13,2,2665.75,livré,RBA,Carte,LIV9,2023-08-14
CMD41242,CL0737,P012,15/05/2023,3,158.88,en_cours,tanger,Carte,LIV2,
CMD37916,CL0388,P050,2023-12-09,2,581.25,retourné,Agadir,Carte,LIV3,2023-12-11
CMD07383,CL0334,P082,2023-04-13,5,1421.97,livre,kech,Carte,LIV5,
CMD29782,CL0486,P056,2024-05-02,4,3544.39,KO,kech,Carte,LIV9,
CMD40889,CL0234,P082,23/03/2024,2,4624.48,livré,CASABLANCA,Carte,LIV7,2024-03-24
CMD12293,CL0024,P078,2023-12-27,2,2104.6,KO,casa,Carte,LIV7,
CMD45399,CL0013,P037,2024-01-02,2,2371.82,annulé,casa,Carte,LIV1,
CMD00580,CL0492,P004,01/01/2024,4,2087.35,DONE,kech,Carte,LIV1,2024-01-04
CMD13667,CL0735,P028,May 12 2024,1,2737.24,annulé,tanger,Carte,LIV5,
CMD22988,CL0304,P062,May 11 2024,3,3271.56,OK,marrakech,Carte,LIV4,
CMD08483,CL0621,P055,2023-08-16,3,2627.55,OK,RBA,Carte,LIV7,
CMD11351,CL0673,P093,Aug 24 2023,4,455.64,KO,Agadir,Carte,LIV7,
CMD11761,CL0560,P071,Apr 06 2024,3,4215.07,OK,casa,Carte,LIV8,
CMD46737,CL0713,P069,2023-11-15,5,3086.59,livré,Agadir,Carte,LIV1,2023-11-20
CMD26687,CL0911,P004,2024-04-02,4,3016.21,livre,tanger,Carte,LIV3,
CMD26824,CL0843,P097,2024-04-13,2,2526.04,en_cours,TANGER,Carte,LIV2,
CMD00376,CL0377,P010,Jan 06 2023,2,1567.7,livré,kech,Carte,LIV1,2023-01-09
CMD47504,CL0296,P063,05/03/2024,3,304.62,en_cours,CASABLANCA,Carte,,
CMD33191,CL0748,P002,2024-04-03,2,3090.25,OK,marrakech,Carte,LIV2,
CMD27904,CL0051,P040,Jan 08 2023,1,3347.89,livré,casa,Carte,LIV9,2023-01-10
CMD38330,CL0245,P003,Sep 26 2023,1,4560.73,livré,CASABLANCA,Carte,LIV8,2023-09-28
CMD38411,CL0405,P074,15/04/2024,5,104.43,livre,casa,Carte,LIV2,
CMD48026,CL0273,P093,22/12/2023,2,4772.79,livre,RBA,Carte,LIV2,
CMD17281,CL0834,P098,May 06 2023,2,1467.41,DONE,CASABLANCA,Carte,LIV2,2023-05-08
CMD32307,CL0177,P063,20/04/2024,5,1309.67,livré,casa,Carte,LIV3,2024-04-21
CMD25912,CL0519,P075,2023-05-23,5,3512.38,LIVRE,kech,Carte,LIV9,2023-05-27
CMD30804,CL0811,P029,2023-01-17,2,2641.46,DONE,kech,Carte,LIV2,2023-01-22
CMD00343,CL0510,P011,14/05/2024,5,1650.22,en_cours,RBA,Carte,LIV3,
CMD22477,CL0473,P091,26/03/2023,3,1402.42,livré,TNG,Carte,LIV8,2023-03-27
CMD14919,CL0704,P021,2024-05-08,4,3924.59,KO,TNG,Carte,LIV7,
CMD14656,CL0448,P089,21/06/2023,1,2307.56,KO,kech,Carte,LIV3,
CMD45765,CL0067,P091,Nov 21 2023,1,1839.55,livré,TNG,Carte,LIV5,2023-11-25
CMD07318,CL0364,P091,2023-12-10,1,2746.26,livré,marrakech,Carte,LIV8,2023-12-11
CMD24082,CL0883,P049,02/01/2023,5,4830.13,DONE,tanger,Carte,LIV9,2023-01-03
CMD05675,CL0876,P052,2023-06-19,4,1107.72,KO,Tnja,Carte,LIV5,
CMD47152,CL0099,P033,2024-01-02,5,1120.24,annulé,kech,Carte,LIV7,
CMD23430,CL0783,P017,2024-04-16,1,3423.05,LIVRE,TANGER,Carte,LIV2,2024-04-19
CMD24900,CL0760,P052,Jan 26 2024,2,4576.32,livré,Tnja,Carte,LIV6,2024-01-31
CMD21472,CL0514,P025,Jul 31 2023,1,4760.44,en_cours,RBA,Carte,LIV5,
CMD21145,CL0924,P018,19/07/2023,2,1275.49,annulé,RBA,Carte,LIV5,
CMD33567,CL0808,P004,2023-05-24,4,2027.42,LIVRE,CASABLANCA,Carte,LIV4,2023-05-28
CMD38741,CL0317,P050,Jan 16 2023,5,1953.51,DONE,tanger,Carte,LIV4,2023-01-20
CMD32400,CL0715,P038,2023-02-16,1,1995.21,OK,TANGER,Carte,LIV7,
CMD40788,CL0091,P033,2023-03-03,5,1544.52,livre,tanger,Carte,,
CMD00513,CL0156,P054,2023-04-06,4,1259.25,KO,Tnja,Carte,LIV3,
CMD02284,CL0301,P020,11/06/2023,1,4612.35,livre,kech,Carte,LIV5,
CMD19900,CL0053,P009,27/04/2023,2,3120.0,annulé,TANGER,Carte,LIV1,
CMD11789,CL0223,P075,2023-06-28,3,2045.38,LIVRE,TNG,Carte,LIV4,2023-07-02
CMD40388,CL0084,P005,Apr 05 2024,1,4837.36,livré,TNG,Carte,,2024-04-08
CMD32623,CL0074,P094,May 04 2023,2,3711.05,OK,casa,Carte,LIV2,
CMD34238,CL0649,P076,Jul 05 2023,3,607.17,DONE,RBA,Carte,LIV6,2023-07-10
CMD46255,CL0155,P002,21/09/2023,3,4728.48,KO,casa,Carte,LIV1,
CMD22832,CL0409,P062,Sep 23 2023,4,4997.0,DONE,tanger,Carte,LIV10,2023-09-28
CMD46127,CL0008,P030,Sep 07 2023,5,1299.6,DONE,kech,Carte,LIV3,2023-09-10
CMD32977,CL0341,P099,2024-04-02,1,1492.23,retourné,Agadir,Carte,LIV4,2024-04-05
CMD01038,CL0847,P006,19/02/2024,3,2791.13,KO,RBA,Carte,,
CMD42897,CL0514,P084,24/03/2023,2,721.17,livré,CASABLANCA,Carte,LIV7,2023-03-29
CMD07133,CL0260,P041,25/01/2024,1,2869.02,LIVRE,TNG,Carte,,2024-01-26
CMD23827,CL0154,P040,04/04/2023,5,4376.22,retourné,marrakech,Carte,LIV2,2023-04-07
CMD08550,CL0408,P001,2023-11-01,3,2880.94,retourné,Agadir,Carte,LIV8,2023-11-04
CMD18039,CL0016,P008,27/01/2024,3,3128.14,DONE,casa,Carte,LIV5,2024-02-01
CMD47624,CL0220,P036,Sep 27 2023,4,1138.8,livré,Agadir,Carte,LIV8,2023-10-01
CMD06497,CL0365,P004,2023-11-20,5,2727.47,LIVRE,CASABLANCA,Carte,LIV6,2023-11-21
CMD32914,CL0066,P072,2023-07-01,2,2970.99,LIVRE,RBA,Carte,LIV10,2023-07-06
CMD16639,CL0043,P078,Feb 18 2024,2,4071.99,livré,marrakech,Carte,,2024-02-21
CMD39041,CL0698,P042,19/02/2024,5,2844.77,livre,Agadir,Carte,LIV10,
CMD45336,CL0669,P007,Apr 09 2024,5,1224.8,DONE,marrakech,Carte,LIV3,2024-04-11
CMD24572,CL0987,P100,Jan 30 2024,5,0,KO,RBA,Carte,LIV7,
CMD39077,CL0769,P068,Feb 09 2023,1,696.0,en_cours,TNG,Carte,LIV2,
CMD32923,CL0870,P078,07/10/2023,2,3779.4,OK,TANGER,Carte,,
CMD25096,CL0593,P096,2023-08-14,3,3891.79,annulé,casa,Carte,LIV6,
CMD40381,CL0283,P028,Jul 11 2023,1,1178.91,OK,TNG,Carte,,
CMD05399,CL0953,P072,28/04/2023,3,4769.07,annulé,CASABLANCA,Carte,LIV3,
CMD30474,CL0220,P052,Oct 12 2023,3,588.69,DONE,RBA,Carte,LIV6,2023-10-17
CMD33542,CL0689,P037,2024-04-28,3,1618.05,retourné,tanger,Carte,LIV1,2024-04-29
CMD02200,CL0994,P072,20/05/2023,4,4290.88,annulé,Agadir,Carte,LIV2,
CMD08090,CL0608,P033,Sep 23 2023,2,812.22,OK,Agadir,Carte,,
CMD01660,CL0283,P057,09/09/2023,4,2050.92,OK,tanger,Carte,LIV2,
CMD01939,CL0325,P070,22/03/2024,4,3397.09,LIVRE,Agadir,Carte,LIV4,2024-03-26
CMD12611,CL0812,P043,2024-01-06,1,3548.03,DONE,Agadir,Carte,LIV8,2024-01-07
CMD36096,CL0473,P074,Apr 04 2024,3,1803.06,DONE,TANGER,Carte,LIV2,2024-04-09
CMD13335,CL0823,P047,2023-10-04,1,2370.8,LIVRE,CASABLANCA,Carte,LIV5,2023-10-08
CMD32876,CL0242,P063,2023-02-23,2,4989.08,en_cours,Tnja,Carte,LIV2,
CMD32940,CL0931,P024,2024-03-03,1,0,retourné,Agadir,Carte,LIV7,2024-03-08
CMD28471,CL0200,P052,2023-01-23,3,454.92,DONE,TNG,Carte,LIV2,2023-01-26
CMD15603,CL0830,P090,11/11/2023,3,4837.98,livre,casa,Carte,LIV3,
CMD32492,CL0606,P003,2023-01-11,4,2535.16,en_cours,tanger,Carte,LIV6,
CMD11998,CL0421,P046,Apr 18 2024,3,474.15,en_cours,Agadir,Carte,LIV3,
CMD16035,CL0430,P032,22/01/2024,2,4083.89,annulé,CASABLANCA,Carte,LIV3,
CMD11416,CL0005,P052,Jul 15 2023,4,596.83,livré,TANGER,Carte,LIV3,2023-07-17
CMD37481,CL0939,P043,2023-08-04,1,1806.63,annulé,Tnja,Carte,LIV2,
CMD26516,CL0206,P055,Aug 14 2023,4,640.59,DONE,kech,Carte,LIV2,2023-08-19
CMD47980,CL0607,P022,13/10/2023,2,4654.79,livre,Agadir,Carte,LIV8,
CMD34930,CL0975,P008,27/04/2024,1,3392.37,retourné,Tnja,Carte,LIV6,2024-05-02
CMD14491,CL0723,P069,19/06/2023,5,1687.59,livre,Agadir,Carte,LIV3,
CMD28312,CL0457,P051,Jan 06 2024,5,3370.78,LIVRE,kech,Carte,LIV1,2024-01-09
CMD26491,CL0740,P048,2023-01-27,2,2486.63,livré,TNG,Carte,LIV2,2023-01-28
CMD29636,CL0304,P043,2023-12-16,1,4840.33,livré,marrakech,Carte,LIV2,2023-12-17
CMD29745,CL0352,P034,2024-01-25,1,2683.6,KO,kech,Carte,LIV4,
CMD31643,CL0552,P056,2023-10-06,2,830.62,LIVRE,Agadir,Carte,LIV9,2023-10-08
CMD47712,CL0621,P074,2024-03-11,2,1815.21,LIVRE,TANGER,Carte,LIV5,2024-03-12
CMD06459,CL0153,P097,25/01/2023,2,4755.61,KO,casa,Carte,,
CMD32728,CL0776,P059,2023-03-30,3,3072.49,livre,TNG,Carte,LIV5,
CMD13802,CL0296,P046,2023-10-04,5,4489.43,livre,TANGER,Carte,,
CMD47570,CL0437,P051,Jan 19 2023,4,441.55,annulé,marrakech,Carte,LIV6,
CMD04723,CL0613,P080,2023-07-25,5,1581.99,livré,tanger,Carte,LIV1,2023-07-30
CMD27856,CL0457,P046,22/09/2023,4,1810.75,en_cours,RBA,Carte,LIV1,
CMD11293,CL0138,P096,24/06/2023,2,2029.98,livré,Agadir,Carte,LIV10,2023-06-27
CMD27476,CL0339,P056,Feb 08 2023,1,3311.5,OK,casa,Carte,LIV5,
CMD46270,CL0738,P072,05/07/2023,5,89.04,livre,kech,Carte,LIV6,
CMD45204,CL0436,P047,Mar 07 2024,2,3769.07,annulé,CASABLANCA,Carte,LIV4,
CMD31715,CL0780,P022,2023-03-06,4,3375.4,livre,CASABLANCA,Carte,LIV6,
CMD29973,CL0378,P020,2023-06-21,3,4160.61,livré,TANGER,Carte,LIV8,2023-06-26
CMD17716,CL0226,P089,Dec 15 2023,4,3889.5,livré,tanger,Carte,LIV1,2023-12-20
CMD24192,CL0146,P090,26/07/2023,4,2449.57,LIVRE,CASABLANCA,Carte,LIV7,2023-07-28
CMD12575,CL0751,P085,May 05 2023,1,4161.35,OK,casa,Carte,LIV1,
CMD22296,CL0953,P028,Feb 18 2024,2,2067.44,livré,Tnja,Carte,LIV5,2024-02-19
CMD09813,CL0074,P040,30/05/2023,4,2342.59,livré,RBA,Carte,LIV8,2023-06-01
CMD19414,CL0663,P029,2023-09-03,3,4319.24,DONE,marrakech,Carte,,2023-09-06
CMD34716,CL0018,P047,2023-07-20,2,162.89,LIVRE,marrakech,Carte,LIV4,2023-07-22
CMD10986,CL0997,P042,2024-04-12,1,3782.09,retourné,Tnja,Carte,LIV6,2024-04-14
CMD37537,CL0524,P007,23/07/2023,2,3810.25,KO,RBA,Carte,LIV4,
CMD39650,CL0217,P007,11/02/2024,4,236.81,en_cours,Agadir,Carte,LIV8,
CMD37119,CL0506,P046,2024-04-22,3,2986.35,livré,CASABLANCA,Carte,LIV6,2024-04-24
CMD06870,CL0643,P066,05/04/2024,1,91.6,livre,RBA,Carte,LIV3,
CMD42534,CL0925,P005,26/02/2023,3,959.71,LIVRE,kech,Carte,LIV7,2023-03-03
CMD37123,CL0257,P029,Apr 28 2023,2,3540.46,livré,CASABLANCA,Carte,LIV7,2023-05-03
CMD24338,CL0520,P035,Mar 26 2024,2,3629.36,DONE,TANGER,Carte,LIV5,2024-03-28
CMD43855,CL0552,P092,31/10/2023,3,3306.26,livré,TNG,Carte,LIV2,2023-11-02
CMD37065,CL0442,P019,2023-03-07,4,351.68,livré,casa,Carte,LIV4,2023-03-09
CMD06466,CL0465,P082,2023-02-11,5,1014.3,livre,casa,Carte,LIV6,
CMD11587,CL0779,P035,23/09/2023,5,1052.56,livre,marrakech,Carte,LIV7,
CMD41509,CL0392,P044,2023-10-13,3,4784.43,DONE,tanger,Carte,LIV3,2023-10-15
CMD41055,CL0376,P095,02/11/2023,5,1501.01,annulé,RBA,Carte,LIV6,
CMD32955,CL0487,P085,06/02/2023,1,0,LIVRE,Tnja,Carte,LIV6,2023-02-10
CMD33229,CL0661,P038,2023-12-24,4,4510.84,livré,Agadir,Carte,LIV4,2023-12-29
CMD17920,CL0362,P087,Jan 09 2023,4,1090.28,LIVRE,TANGER,Carte,LIV7,2023-01-11
CMD04590,CL0740,P022,27/09/2023,3,4773.66,LIVRE,CASABLANCA,Carte,LIV9,2023-10-01
CMD37669,CL0703,P079,Mar 03 2024,3,4311.32,livre,Tnja,Carte,LIV2,
CMD13189,CL0300,P087,16/02/2024,5,2623.62,en_cours,kech,Carte,LIV3,
CMD08628,CL0151,P009,01/01/2023,1,826.61,LIVRE,marrakech,Carte,LIV5,2023-01-03
CMD20586,CL0049,P047,14/09/2023,1,4772.51,livré,RBA,Carte,LIV5,2023-09-16
CMD47803,CL0305,P079,Jul 13 2023,5,562.43,retourné,tanger,Carte,LIV5,2023-07-17
CMD22914,CL0757,P030,13/10/2023,1,1619.02,KO,tanger,Carte,LIV6,
CMD10693,CL0240,P004,Sep 09 2023,2,3325.12,LIVRE,marrakech,Carte,LIV1,2023-09-13
CMD33738,CL0707,P084,21/09/2023,3,647.26,annulé,CASABLANCA,Carte,LIV10,
CMD17032,CL0621,P051,Feb 09 2024,5,4681.17,KO,Tnja,Carte,LIV1,
CMD12636,CL0805,P039,Oct 30 2023,5,1807.44,LIVRE,CASABLANCA,Carte,LIV3,2023-10-31
CMD27014,CL0383,P048,16/07/2023,5,1512.29,livré,TNG,Carte,LIV3,2023-07-19
CMD20592,CL0399,P014,2024-04-19,5,3535.73,annulé,marrakech,Carte,LIV1,
CMD27326,CL0763,P092,03/02/2024,3,4350.81,OK,Tnja,Carte,LIV1,
CMD06412,CL0078,P065,27/05/2023,1,2437.54,LIVRE,TNG,Carte,LIV6,2023-05-30
CMD45003,CL0956,P010,2023-09-18,1,4453.52,OK,Tnja,Carte,LIV8,
CMD14951,CL0427,P038,11/07/2023,2,815.08,LIVRE,Agadir,Carte,LIV9,2023-07-15
CMD10987,CL0722,P025,20/01/2024,5,4993.75,DONE,TANGER,Carte,LIV1,2024-01-24
CMD08302,CL0913,P023,28/06/2023,1,2506.71,LIVRE,Agadir,Carte,LIV1,2023-06-30
CMD24776,CL0550,P058,Mar 28 2023,5,2422.57,livré,marrakech,Carte,,2023-03-29
CMD43141,CL0476,P033,27/10/2023,1,2565.21,OK,Tnja,Carte,LIV3,
CMD11850,CL0711,P007,17/03/2024,4,735.99,DONE,CASABLANCA,Carte,LIV6,2024-03-19
CMD43758,CL0755,P064,08/11/2023,1,209.95,livré,TNG,Carte,LIV3,2023-11-10
CMD23916,CL0631,P063,09/10/2023,4,250.1,LIVRE,RBA,Carte,LIV7,2023-10-13
CMD02345,CL0005,P092,Apr 29 2024,1,3993.83,retourné,kech,Carte,LIV9,2024-04-30
CMD21907,CL0676,P045,2024-03-14,2,2970.43,livré,Agadir,Carte,LIV10,2024-03-19
CMD32119,CL0896,P056,2023-06-24,3,4366.85,livre,Tnja,Carte,LIV9,
CMD00338,CL0392,P061,11/07/2023,2,320.73,livré,TANGER,Carte,LIV7,2023-07-15
CMD42903,CL0256,P056,30/04/2024,5,4376.49,LIVRE,Tnja,Carte,,2024-05-02
CMD24013,CL0124,P063,26/10/2023,4,4298.78,OK,casa,Carte,LIV8,
CMD38687,CL0317,P072,2024-04-30,3,909.29,OK,TANGER,Carte,LIV10,
CMD09661,CL0525,P038,22/08/2023,5,2012.71,OK,Agadir,Carte,LIV8,
CMD26616,CL0109,P087,25/07/2023,5,1524.4,livré,kech,Carte,LIV4,2023-07-28
CMD29789,CL0523,P038,Dec 19 2023,2,3592.31,livré,kech,Carte,LIV9,2023-12-23
CMD24164,CL0853,P075,13/02/2023,1,985.27,en_cours,TANGER,Carte,LIV6,
CMD01955,CL0826,P044,2023-04-03,3,1945.8,OK,CASABLANCA,Carte,,
CMD27613,CL0619,P001,Sep 10 2023,2,2703.73,livré,casa,Carte,LIV6,2023-09-13
CMD32999,CL0122,P037,2023-04-25,4,1510.61,KO,marrakech,Carte,,
CMD20215,CL0378,P092,03/04/2024,1,471.64,DONE,tanger,Carte,LIV5,2024-04-06
CMD16264,CL0126,P090,12/11/2023,4,4058.18,DONE,tanger,Carte,LIV10,2023-11-14
CMD46763,CL0205,P073,16/06/2023,1,2013.56,en_cours,Tnja,Carte,LIV8,
CMD19286,CL0482,P080,May 09 2023,5,233.68,DONE,Tnja,Carte,LIV2,2023-05-14
CMD45077,CL0920,P083,2024-03-09,5,2098.16,retourné,TANGER,Carte,LIV1,2024-03-10
CMD46883,CL0409,P069,01/04/2024,2,4204.43,livré,marrakech,Carte,LIV2,2024-04-04
CMD19920,CL0753,P061,2023-04-10,5,764.87,DONE,Tnja,Carte,LIV2,2023-04-12
CMD38504,CL0897,P035,2023-10-21,2,4290.09,LIVRE,marrakech,Carte,LIV6,2023-10-25
CMD40109,CL0027,P041,2023-01-19,3,2855.31,livré,marrakech,Carte,LIV1,2023-01-20
CMD48117,CL0656,P011,Mar 20 2024,2,2234.14,KO,RBA,Carte,LIV6,
CMD42831,CL0553,P094,12/10/2023,3,3245.59,OK,RBA,Carte,LIV2,
CMD41309,CL0389,P090,Jan 27 2023,3,319.86,retourné,Agadir,Carte,LIV8,2023-01-31
CMD14996,CL0232,P050,2023-09-17,1,2190.58,livre,CASABLANCA,Carte,LIV2,
CMD31321,CL0832,P053,2023-11-15,3,1073.68,en_cours,TNG,Carte,LIV6,
CMD46825,CL0976,P097,Sep 08 2023,5,3484.45,livré,Tnja,Carte,LIV9,2023-09-09
CMD15675,CL0135,P033,31/01/2024,3,869.46,retourné,Agadir,Carte,LIV10,2024-02-01
CMD19532,CL0311,P020,30/06/2023,3,2977.23,en_cours,TANGER,Carte,LIV10,
CMD00582,CL0097,P049,Apr 13 2023,3,1613.14,annulé,TNG,Carte,LIV9,
CMD10623,CL0916,P068,Oct 11 2023,3,1539.84,annulé,Agadir,Carte,LIV8,
CMD21540,CL0790,P079,2024-01-23,4,179.02,en_cours,kech,Carte,LIV7,
CMD26770,CL0466,P059,2023-09-12,2,3499.35,en_cours,kech,Carte,LIV2,
CMD43451,CL0754,P055,Dec 31 2023,4,2403.74,livre,kech,Carte,LIV4,
CMD28875,CL0255,P032,Mar 05 2023,5,3173.79,livre,marrakech,Carte,LIV7,
CMD34786,CL0706,P012,2023-06-16,3,3342.44,LIVRE,CASABLANCA,Carte,LIV3,2023-06-21
CMD22182,CL0046,P095,Jun 13 2023,2,3858.71,DONE,Tnja,Carte,LIV1,2023-06-14
CMD36660,CL0725,P083,Sep 07 2023,1,4352.08,en_cours,TNG,Carte,LIV4,
CMD01265,CL0243,P093,25/04/2023,4,4660.06,livré,tanger,Carte,LIV9,2023-04-30
CMD11337,CL0724,P086,May 03 2024,1,219.75,retourné,CASABLANCA,Carte,LIV5,2024-05-04
CMD36441,CL0362,P078,23/02/2023,2,1685.31,DONE,RBA,Carte,LIV8,2023-02-28
CMD23195,CL0398,P023,Jan 24 2023,3,1140.32,en_cours,Agadir,Carte,LIV7,
CMD46578,CL0279,P056,Jul 08 2023,1,2677.89,livré,tanger,Carte,,2023-07-13
CMD14874,CL0493,P031,2023-09-16,1,1148.98,annulé,CASABLANCA,Carte,LIV1,
CMD33991,CL0383,P063,Aug 25 2023,4,1726.83,annulé,TNG,Carte,LIV1,
CMD46103,CL0270,P057,02/07/2023,3,4079.69,livré,RBA,Carte,LIV9,2023-07-03
CMD08938,CL0159,P020,Aug 10 2023,2,2595.74,LIVRE,TNG,Carte,,2023-08-12
CMD43964,CL0320,P092,2023-04-17,2,2236.0,KO,TNG,Carte,LIV2,
CMD48163,CL0586,P062,2023-03-12,4,2181.22,livré,tanger,Carte,LIV7,2023-03-17
CMD00710,CL0063,P092,07/07/2023,4,2816.34,en_cours,kech,Carte,LIV6,
CMD27044,CL0313,P024,Feb 28 2024,3,2910.39,KO,kech,Carte,LIV3,
CMD06465,CL0486,P006,2023-12-12,3,2789.16,livré,CASABLANCA,Carte,LIV9,2023-12-17
CMD43498,CL0746,P098,2023-09-22,4,3863.44,DONE,marrakech,Carte,LIV9,2023-09-25
CMD02002,CL0418,P044,Feb 14 2024,2,1929.03,livré,CASABLANCA,Carte,LIV5,2024-02-19
CMD31575,CL0124,P098,Jan 29 2024,1,3638.37,livré,marrakech,Carte,LIV8,2024-02-02
CMD00183,CL0262,P053,2023-11-23,1,734.72,livré,TANGER,Carte,LIV1,2023-11-24
CMD42245,CL0498,P045,Jan 31 2024,1,176.29,livre,casa,Carte,LIV10,
CMD47804,CL0989,P005,Jul 10 2023,1,1304.54,KO,CASABLANCA,Carte,LIV2,
CMD32491,CL0453,P082,2023-01-10,4,2152.22,OK,TNG,Carte,LIV8,
CMD47365,CL0435,P019,Jan 29 2023,5,3753.91,livré,TNG,Carte,LIV3,2023-01-31
CMD36095,CL0667,P098,Apr 06 2024,1,344.46,LIVRE,RBA,Carte,,2024-04-08
CMD41963,CL0842,P017,2024-03-19,5,2778.42,en_cours,Agadir,Carte,LIV7,
CMD39549,CL0405,P081,10/03/2023,2,2999.61,en_cours,casa,Carte,LIV2,
CMD40894,CL0307,P026,Jan 08 2024,4,3524.81,annulé,tanger,Carte,LIV1,
CMD30117,CL0106,P066,2024-01-04,2,3747.29,livré,marrakech,Carte,LIV2,2024-01-09
CMD22924,CL0161,P046,Dec 24 2023,3,2298.8,annulé,Tnja,Carte,LIV4,
CMD14508,CL0476,P038,15/10/2023,3,2968.86,OK,casa,Carte,LIV3,
CMD22416,CL0351,P075,23/04/2024,4,1171.88,retourné,marrakech,Carte,LIV6,2024-04-27
CMD11298,CL0668,P001,07/05/2023,4,4445.84,LIVRE,casa,Carte,LIV9,2023-05-11
CMD20039,CL0891,P030,2023-03-16,2,4495.48,livré,TNG,Carte,LIV1,2023-03-18
CMD32292,CL0366,P076,Apr 22 2023,5,457.37,livré,TANGER,Carte,LIV9,2023-04-24
CMD44503,CL0884,P007,2023-08-03,5,4307.26,livré,CASABLANCA,Carte,LIV1,2023-08-07
CMD29644,CL0935,P077,Oct 26 2023,5,3476.8,retourné,TANGER,Carte,,2023-10-29
CMD22297,CL0227,P096,25/03/2023,2,1164.05,DONE,Agadir,Carte,LIV10,2023-03-26
CMD02687,CL0588,P001,25/03/2023,1,3153.13,annulé,TNG,Carte,,
CMD00346,CL0314,P035,2024-04-05,5,2734.03,livré,CASABLANCA,Carte,LIV9,2024-04-10
CMD32288,CL0749,P033,15/06/2023,3,1712.12,livre,RBA,Carte,LIV8,
CMD26526,CL0065,P060,14/03/2023,2,803.83,retourné,tanger,Carte,LIV5,2023-03-19
CMD31263,CL1000,P014,07/09/2023,3,2780.37,en_cours,marrakech,Carte,LIV4,
CMD38499,CL0442,P035,2023-04-02,3,3023.33,OK,casa,Carte,LIV2,
CMD06512,CL0380,P014,20/11/2023,5,4618.17,livre,Agadir,Carte,LIV6,
CMD27602,CL0787,P059,Oct 30 2023,4,3952.72,en_cours,TNG,Carte,LIV6,
CMD44056,CL0361,P023,2023-02-03,2,175.98,DONE,kech,Carte,LIV5,2023-02-07
CMD14280,CL0410,P045,2024-03-21,2,4835.25,en_cours,Tnja,Carte,LIV4,
CMD18742,CL0316,P058,2023-09-25,2,2501.18,livré,kech,Carte,LIV3,2023-09-28
CMD21264,CL0830,P044,Apr 21 2024,4,4599.88,DONE,kech,Carte,LIV1,2024-04-22
CMD06634,CL0958,P086,2023-11-10,1,575.77,livré,Agadir,Carte,LIV5,2023-11-13
CMD14001,CL0156,P009,29/03/2024,5,2314.23,KO,Tnja,Carte,LIV8,
CMD42854,CL0742,P072,2024-02-12,3,3979.18,annulé,marrakech,Carte,LIV3,
CMD05161,CL0353,P056,2023-01-04,1,2235.18,retourné,RBA,Carte,,2023-01-07
CMD03955,CL0180,P050,Feb 13 2023,5,543.59,DONE,marrakech,Carte,LIV1,2023-02-15
CMD11000,CL0143,P056,2023-02-27,4,4717.66,OK,casa,Carte,LIV1,
CMD23354,CL0312,P049,Dec 11 2023,4,4757.66,KO,TNG,Carte,LIV9,
CMD38479,CL0579,P098,2023-11-12,4,2199.62,en_cours,marrakech,Carte,LIV10,
CMD41637,CL0561,P021,09/11/2023,3,4573.92,annulé,kech,Carte,LIV3,
CMD14347,CL0030,P062,2024-01-27,2,3290.58,annulé,TANGER,Carte,LIV9,
CMD44030,CL0291,P096,2024-05-11,3,733.19,retourné,RBA,Carte,LIV5,2024-05-15
CMD26399,CL0280,P082,09/02/2024,1,2079.88,livré,tanger,Carte,LIV2,2024-02-14
CMD09767,CL0761,P082,06/10/2023,5,4008.04,OK,Agadir,Carte,LIV3,
CMD41017,CL0736,P029,Jan 25 2024,3,3065.92,retourné,CASABLANCA,Carte,LIV7,2024-01-30
CMD38219,CL0285,P033,20/03/2023,2,4828.46,DONE,casa,Carte,LIV4,2023-03-25
CMD08225,CL0788,P035,14/04/2023,2,3455.23,en_cours,TNG,Carte,LIV5,
CMD34795,CL0069,P035,Apr 11 2024,3,1222.96,retourné,TNG,Carte,LIV3,2024-04-13
CMD00444,CL0768,P089,28/07/2023,2,2057.37,LIVRE,TNG,Carte,LIV9,2023-07-31
CMD32179,CL0265,P045,2024-01-14,4,1559.01,annulé,TANGER,Carte,LIV10,
CMD28266,CL0046,P069,02/12/2023,4,2144.11,livré,TNG,Carte,LIV7,2023-12-07
CMD22054,CL0929,P071,28/01/2024,1,3314.05,en_cours,CASABLANCA,Carte,LIV1,
CMD38805,CL0631,P100,2024-04-23,1,3155.56,annulé,Tnja,Carte,LIV4,
CMD25420,CL0557,P061,2024-01-14,5,1065.81,LIVRE,TNG,Carte,LIV10,2024-01-15
CMD29160,CL0350,P067,Dec 17 2023,2,4111.44,livré,tanger,Carte,LIV1,2023-12-21
CMD05776,CL0389,P012,16/04/2023,1,1834.78,en_cours,TANGER,Carte,LIV6,
CMD46738,CL0425,P044,Nov 03 2023,2,1650.73,livre,tanger,Carte,LIV4,
CMD14903,CL0678,P088,30/06/2023,1,4656.5,en_cours,Tnja,Carte,LIV3,
CMD44701,CL0463,P094,20/07/2023,5,4468.12,KO,Agadir,Carte,LIV10,
CMD40676,CL0259,P052,2024-01-28,4,1003.48,KO,CASABLANCA,Carte,LIV2,
CMD17547,CL0736,P038,Jan 10 2024,1,3366.47,en_cours,casa,Carte,LIV1,
CMD23887,CL0198,P095,2023-10-24,2,4543.46,retourné,TNG,Carte,LIV1,2023-10-28
CMD09220,CL0916,P083,23/09/2023,4,1911.1,DONE,Tnja,Carte,LIV6,2023-09-25
CMD17286,CL0463,P067,30/06/2023,5,3496.89,OK,RBA,Carte,LIV7,
CMD19091,CL0393,P090,Oct 24 2023,1,3407.95,OK,TANGER,Carte,LIV4,
CMD36504,CL0224,P045,Mar 19 2024,4,2028.42,livré,CASABLANCA,Carte,LIV7,2024-03-24
CMD15861,CL0216,P100,20/03/2023,1,565.39,KO,casa,Carte,,
CMD14789,CL0518,P090,Sep 20 2023,-1,1706.12,annulé,RBA,Carte,LIV2,
CMD47049,CL0466,P064,2024-01-27,2,790.05,retourné,casa,Carte,LIV8,2024-01-30
CMD18063,CL0566,P065,Oct 30 2023,4,1260.91,annulé,CASABLANCA,Carte,LIV1,
CMD47123,CL0435,P081,22/01/2023,1,1838.06,en_cours,TNG,Carte,LIV6,
CMD12956,CL0757,P092,30/03/2023,2,4637.78,retourné,TNG,Carte,LIV3,2023-04-04
CMD02218,CL0421,P012,10/07/2023,2,4537.15,KO,Tnja,Carte,LIV9,
CMD34050,CL0494,P041,2023-06-26,3,3399.65,annulé,casa,Carte,LIV2,
CMD21178,CL0134,P025,Sep 15 2023,4,3642.37,en_cours,tanger,Carte,LIV5,
CMD01680,CL0596,P085,16/01/2023,5,2468.77,livré,kech,Carte,LIV8,2023-01-18
CMD32759,CL0083,P010,29/03/2023,4,1265.81,livré,marrakech,Carte,LIV4,2023-03-31
CMD47291,CL0782,P083,2023-12-03,3,1572.28,livre,TNG,Carte,LIV3,
CMD33060,CL0592,P095,May 26 2023,3,1075.2,annulé,Tnja,Carte,LIV2,
CMD18319,CL0398,P061,16/09/2023,4,3921.0,livré,kech,Carte,LIV1,2023-09-21
CMD07666,CL0774,P011,2023-10-22,2,4926.8,en_cours,casa,Carte,LIV6,
CMD37554,CL0634,P035,23/04/2024,1,3286.32,livre,kech,Carte,LIV8,
CMD39135,CL0183,P095,2023-05-25,4,4980.42,DONE,casa,Carte,LIV9,2023-05-29
CMD21967,CL0016,P100,2023-12-30,3,4744.33,livré,RBA,Carte,LIV1,2024-01-04
CMD20328,CL0930,P068,2023-06-08,3,917.16,retourné,Agadir,Carte,LIV2,2023-06-13
CMD27079,CL0867,P074,Nov 27 2023,4,3427.8,en_cours,TNG,Carte,LIV1,
CMD00798,CL0358,P091,Apr 12 2024,1,4481.41,DONE,kech,Carte,LIV5,2024-04-16
CMD14725,CL0777,P040,09/02/2023,1,4928.12,OK,CASABLANCA,Carte,LIV8,
CMD47558,CL0965,P095,2023-10-21,3,66.95,retourné,kech,Carte,LIV6,2023-10-25
CMD40760,CL0504,P047,Aug 03 2023,2,481.65,DONE,RBA,Carte,LIV7,2023-08-04
CMD46893,CL0924,P043,Jan 02 2023,2,2670.48,OK,kech,Carte,LIV5,
CMD13618,CL0418,P004,03/06/2023,2,369.37,livre,TANGER,Carte,LIV3,
CMD24989,CL0177,P041,2024-02-07,4,3094.05,KO,kech,Carte,LIV3,
CMD24765,CL0113,P006,17/03/2024,3,1083.22,livré,RBA,Carte,LIV8,2024-03-22
CMD36663,CL0480,P060,16/09/2023,3,3448.99,en_cours,TANGER,Carte,LIV5,
CMD28910,CL0844,P016,2024-01-18,5,2978.41,OK,Tnja,Carte,LIV7,
CMD25467,CL0622,P010,2023-07-30,3,2430.54,livré,CASABLANCA,Carte,LIV10,2023-08-01
CMD41265,CL0704,P079,20/01/2024,5,2857.48,retourné,CASABLANCA,Carte,LIV6,2024-01-21
CMD00944,CL0322,P052,2023-11-05,1,3463.05,LIVRE,kech,Carte,LIV1,2023-11-10
CMD47213,CL0166,P085,May 14 2024,3,1315.03,livre,casa,Carte,LIV4,
CMD40117,CL0639,P075,2023-11-30,2,3600.59,retourné,casa,Carte,LIV7,2023-12-04
CMD46180,CL0542,P058,2024-03-03,2,4979.67,annulé,RBA,Carte,LIV3,
CMD15102,CL0241,P098,2023-02-15,2,3405.61,en_cours,kech,Carte,LIV4,
CMD40987,CL0169,P009,Jul 14 2023,1,4903.95,livré,tanger,Carte,LIV9,2023-07-15
CMD31194,CL0241,P032,2024-01-16,5,2057.51,livré,CASABLANCA,Carte,LIV4,2024-01-21
CMD15084,CL0728,P080,Jan 22 2024,1,3969.64,livré,casa,Carte,LIV4,2024-01-24
CMD26584,CL0052,P089,22/03/2024,2,2649.43,livré,tanger,Carte,LIV3,2024-03-26
CMD10936,CL0888,P071,2023-04-28,3,1107.28,livré,TNG,Carte,LIV1,2023-05-01
CMD10953,CL0484,P092,2023-01-19,4,263.98,livre,casa,Carte,LIV7,
CMD22574,CL0320,P063,20/06/2023,3,3628.62,retourné,casa,Carte,LIV9,2023-06-22
CMD11043,CL0287,P017,2023-07-31,-1,3957.78,livré,TANGER,Carte,LIV6,2023-08-03
CMD11846,CL0295,P098,24/06/2023,4,2862.08,OK,TNG,Carte,LIV10,
CMD37326,CL0094,P024,08/07/2023,3,1784.4,KO,RBA,Carte,LIV6,
CMD45632,CL0467,P057,2023-03-30,5,3348.51,livré,TANGER,Carte,LIV3,2023-04-01
CMD07229,CL0261,P032,25/04/2023,1,1664.64,livre,casa,Carte,LIV9,
CMD33319,CL0099,P004,Feb 18 2024,2,3479.12,livré,TNG,Carte,LIV10,2024-02-20
CMD01179,CL0355,P059,Oct 13 2023,2,2877.17,en_cours,kech,Carte,LIV8,
CMD33678,CL0708,P030,Aug 15 2023,4,3604.91,livré,Agadir,Carte,LIV6,2023-08-18
CMD17804,CL0600,P044,05/11/2023,5,4823.26,livré,casa,Carte,LIV10,2023-11-06
CMD34195,CL0753,P097,2023-08-09,2,4356.21,retourné,Agadir,Carte,LIV10,2023-08-11
CMD01655,CL0196,P056,31/07/2023,1,1580.13,annulé,CASABLANCA,Carte,LIV7,
CMD31446,CL0816,P065,2023-07-30,3,2176.35,livré,tanger,Carte,LIV8,2023-07-31
CMD35736,CL0864,P019,13/01/2024,2,3428.73,LIVRE,RBA,Carte,LIV10,2024-01-17
CMD06011,CL0810,P012,09/09/2023,5,3481.45,DONE,TNG,Carte,LIV1,2023-09-11
CMD46414,CL0414,P014,2023-05-03,4,4046.01,livre,TANGER,Carte,LIV6,
CMD34839,CL0455,P031,2024-04-10,5,1242.18,LIVRE,Agadir,Carte,LIV8,2024-04-13
CMD11543,CL0206,P066,2023-11-25,5,3255.92,retourné,marrakech,Carte,,2023-11-28
CMD45942,CL0994,P096,2023-03-30,1,1186.42,KO,tanger,Carte,LIV6,
CMD03200,CL0306,P027,2023-04-11,3,2368.47,DONE,TANGER,Carte,LIV9,2023-04-16
CMD06449,CL1000,P050,Apr 27 2023,3,4027.89,DONE,tanger,Carte,LIV8,2023-04-30
CMD13421,CL0996,P051,26/02/2024,4,2709.63,LIVRE,casa,Carte,LIV6,2024-03-01
CMD04010,CL0281,P085,15/10/2023,2,3181.08,annulé,marrakech,Carte,LIV9,
CMD20393,CL0645,P044,2023-09-01,4,3220.68,KO,Agadir,Carte,LIV8,
CMD05285,CL0755,P058,20/03/2024,5,3586.44,retourné,TNG,Carte,LIV6,2024-03-21
CMD47460,CL0814,P100,08/08/2023,3,0,livré,Tnja,Carte,LIV4,2023-08-09
CMD36876,CL0220,P100,03/07/2023,3,560.41,KO,Agadir,Carte,LIV2,
CMD16889,CL0639,P082,Nov 14 2023,4,4514.62,LIVRE,CASABLANCA,Carte,LIV8,2023-11-19
CMD08870,CL0925,P085,2023-10-28,4,4340.58,en_cours,casa,Carte,LIV6,
CMD18016,CL0470,P047,Jun 18 2023,1,1826.25,livré,CASABLANCA,Carte,LIV2,2023-06-19
CMD31822,CL0561,P090,2023-12-17,2,4720.12,DONE,kech,Carte,LIV2,2023-12-21
CMD15931,CL0246,P058,Jan 24 2024,1,3307.38,retourné,CASABLANCA,Carte,LIV10,2024-01-28
CMD42779,CL0546,P011,Nov 07 2023,1,4195.77,KO,Agadir,Carte,LIV4,
CMD25263,CL0527,P030,Jun 10 2023,3,3513.07,annulé,casa,Carte,LIV6,
CMD26729,CL0449,P049,Jul 30 2023,5,3214.38,en_cours,TNG,Carte,LIV7,
CMD07891,CL0499,P065,01/04/2024,5,2498.72,livre,kech,Carte,LIV9,
CMD00014,CL0929,P009,Mar 03 2023,1,4921.83,retourné,TNG,Carte,LIV6,2023-03-07
CMD24441,CL0718,P042,2023-04-02,5,2136.68,retourné,CASABLANCA,Carte,LIV3,2023-04-07
CMD20038,CL0017,P096,2023-05-20,2,1308.78,livré,CASABLANCA,Carte,LIV7,2023-05-25
CMD30090,CL0525,P071,Sep 07 2023,3,2210.54,livré,RBA,Carte,LIV9,2023-09-12
CMD04536,CL0234,P007,12/08/2023,4,304.06,KO,CASABLANCA,Carte,,
CMD02187,CL0473,P078,Dec 20 2023,4,3968.92,livré,kech,Carte,,2023-12-24
CMD29149,CL0344,P001,17/07/2023,2,2246.43,DONE,kech,Carte,LIV9,2023-07-20
CMD25196,CL0936,P043,2024-04-08,1,4389.95,en_cours,Tnja,Carte,,
CMD42836,CL0251,P035,27/12/2023,3,3887.33,livré,TNG,Carte,LIV1,2023-12-28
CMD37672,CL0411,P080,2023-12-16,1,2969.19,livré,kech,Carte,LIV3,2023-12-20
CMD14815,CL0721,P090,Mar 20 2024,2,2986.89,en_cours,casa,Carte,LIV3,
CMD14049,CL0295,P014,17/10/2023,3,3540.0,LIVRE,Agadir,Carte,LIV9,2023-10-21
CMD07541,CL0648,P038,Sep 02 2023,5,548.54,OK,tanger,Carte,LIV10,
CMD34653,CL0490,P062,08/04/2023,5,555.59,LIVRE,Agadir,Carte,LIV8,2023-04-11
CMD02602,CL0231,P035,11/06/2023,4,2963.96,livre,Tnja,Carte,LIV9,
CMD43500,CL0345,P061,Jul 21 2023,4,2990.5,annulé,casa,Carte,LIV5,
CMD47255,CL0556,P018,Feb 05 2023,5,1116.65,livré,kech,Carte,LIV4,2023-02-09
CMD37321,CL0965,P087,2023-08-06,1,3434.09,livre,casa,Carte,LIV1,
CMD20400,CL0027,P089,14/11/2023,5,3538.04,livre,Agadir,Carte,LIV8,
CMD26082,CL0170,P037,Mar 31 2024,2,3962.58,OK,CASABLANCA,Carte,LIV9,
CMD03501,CL0638,P002,23/09/2023,2,4103.18,OK,Tnja,Carte,LIV3,
CMD08128,CL0058,P063,2024-01-10,-1,3416.33,livre,CASABLANCA,Carte,LIV10,
CMD28933,CL0464,P011,2023-03-07,1,2562.58,livre,kech,Carte,LIV7,
CMD39152,CL0357,P019,2024-04-07,4,4833.8,livré,marrakech,Carte,LIV5,2024-04-12
CMD07623,CL0692,P065,22/01/2023,2,1016.68,en_cours,CASABLANCA,Carte,LIV9,
CMD16947,CL0685,P095,2024-03-06,3,4247.62,annulé,CASABLANCA,Carte,LIV5,
CMD14114,CL0030,P017,Jan 06 2024,4,2541.82,OK,Tnja,Carte,LIV1,
CMD37473,CL0952,P087,Apr 22 2023,4,533.39,LIVRE,Agadir,Carte,LIV9,2023-04-23
CMD29361,CL0635,P090,May 21 2023,4,1956.72,livré,Agadir,Carte,LIV5,2023-05-25
CMD09785,CL0717,P075,27/01/2023,5,3767.45,en_cours,RBA,Carte,LIV9,
CMD13694,CL0804,P081,2024-04-16,2,4629.11,livré,TANGER,Carte,LIV7,2024-04-18
CMD27374,CL0195,P086,2023-12-29,5,3516.57,en_cours,CASABLANCA,Carte,LIV8,
CMD02084,CL0229,P007,2023-07-29,3,2915.14,OK,RBA,Carte,LIV3,
CMD16166,CL0470,P083,09/02/2023,4,1695.35,livré,Tnja,Carte,LIV5,2023-02-11
CMD29929,CL0561,P068,Dec 31 2023,5,358.27,LIVRE,Tnja,Carte,LIV4,2024-01-04
CMD12123,CL0422,P017,Nov 04 2023,3,4403.29,livre,TNG,Carte,LIV2,
CMD35281,CL0264,P097,06/06/2023,2,564.9,en_cours,marrakech,Carte,LIV2,
CMD43923,CL0324,P016,2024-05-15,3,3139.62,KO,CASABLANCA,Carte,LIV1,
CMD39298,CL0513,P033,2023-09-02,5,3382.9,en_cours,Tnja,Carte,LIV8,
CMD14058,CL0521,P058,Oct 23 2023,1,1052.66,livré,Tnja,Carte,LIV8,2023-10-25
CMD15124,CL0606,P090,2024-03-29,5,3454.02,en_cours,CASABLANCA,Carte,LIV5,
CMD28417,CL0712,P075,15/03/2024,1,0,livré,CASABLANCA,Carte,LIV5,2024-03-17
CMD17539,CL0189,P070,Apr 14 2023,5,4818.8,annulé,tanger,Carte,LIV3,
CMD12952,CL0535,P063,2023-09-26,1,2166.36,livré,Tnja,Carte,LIV7,2023-09-27
CMD33413,CL0491,P017,2023-11-01,2,1076.1,en_cours,marrakech,Carte,LIV8,
CMD23641,CL0479,P050,2023-03-14,5,1749.13,en_cours,tanger,Carte,LIV9,
CMD40119,CL0669,P089,13/01/2023,4,4919.22,livré,marrakech,Carte,LIV3,2023-01-15
CMD03744,CL0123,P052,13/05/2024,4,1947.39,DONE,kech,Carte,LIV3,2024-05-14
CMD16885,CL0408,P023,2023-01-22,4,2800.62,retourné,tanger,Carte,LIV1,2023-01-25
CMD18887,CL0308,P002,Apr 15 2024,2,3079.82,livré,TANGER,Carte,LIV5,2024-04-17
CMD41768,CL0997,P011,2023-11-12,1,224.87,KO,RBA,Carte,LIV9,
CMD05206,CL0147,P044,2023-12-24,1,2863.77,livre,CASABLANCA,Carte,LIV4,
CMD16802,CL0310,P002,2023-12-03,3,439.75,livré,casa,Carte,LIV10,2023-12-04
CMD18024,CL0220,P089,Feb 08 2023,1,1328.43,annulé,casa,Carte,LIV5,
CMD02271,CL0772,P095,Jan 28 2024,5,189.74,livré,Tnja,Carte,LIV6,2024-02-01
CMD01089,CL0660,P096,Apr 13 2024,5,3566.04,DONE,kech,Carte,LIV3,2024-04-15
CMD42042,CL0317,P065,2024-04-22,4,3019.16,KO,casa,Carte,LIV8,
CMD12317,CL0985,P021,2023-04-22,1,2012.84,en_cours,Tnja,Carte,LIV9,
CMD35525,CL0322,P056,05/11/2023,3,1902.61,annulé,Tnja,Carte,LIV6,
CMD31045,CL0773,P079,21/11/2023,4,2701.9,livre,casa,Carte,LIV7,
CMD41692,CL0789,P079,2023-04-30,3,3369.53,retourné,CASABLANCA,Carte,LIV5,2023-05-04
CMD04612,CL0259,P032,Apr 15 2023,1,4232.99,annulé,Tnja,Carte,LIV7,
CMD12074,CL0660,P037,2023-08-01,4,3230.32,KO,tanger,Carte,LIV8,
CMD27991,CL0969,P023,Oct 24 2023,4,4370.26,OK,TNG,Carte,LIV3,
CMD15206,CL0389,P095,Apr 21 2024,4,1777.96,LIVRE,Agadir,Carte,,2024-04-25
CMD20092,CL0451,P041,29/09/2023,3,1575.35,livré,tanger,Carte,LIV3,2023-10-03
CMD31757,CL0545,P042,02/01/2024,4,3977.03,KO,tanger,Carte,,
CMD33314,CL0778,P048,23/09/2023,2,1475.98,livré,TNG,Carte,LIV5,2023-09-28
CMD38456,CL0561,P066,2023-03-23,4,717.41,OK,marrakech,Carte,LIV5,
CMD29905,CL0524,P005,2024-01-28,4,3637.98,livré,marrakech,Carte,LIV6,2024-02-02
CMD31928,CL0602,P077,03/05/2024,5,352.22,retourné,casa,Carte,LIV1,2024-05-08
CMD01317,CL0949,P043,Mar 07 2023,5,2027.83,OK,TNG,Carte,LIV4,
CMD01718,CL0213,P085,23/02/2024,1,2544.84,OK,CASABLANCA,Carte,LIV10,
CMD31024,CL0426,P093,Jan 20 2024,1,3151.2,DONE,marrakech,Carte,LIV2,2024-01-23
CMD35290,CL0145,P001,2023-06-13,4,1977.65,livre,Agadir,Carte,LIV3,
CMD19030,CL0246,P066,2024-03-21,5,1288.67,livré,TNG,Carte,LIV8,2024-03-24
CMD24289,CL0034,P066,May 06 2023,3,3569.36,DONE,CASABLANCA,Carte,LIV1,2023-05-08
CMD14075,CL0924,P013,01/11/2023,4,218.11,retourné,TNG,Carte,,2023-11-06
CMD42354,CL0159,P078,2023-01-29,5,3858.18,OK,marrakech,Carte,LIV2,
CMD00362,CL0487,P035,01/07/2023,5,1536.0,livre,kech,Carte,LIV3,
CMD34835,CL0773,P020,23/03/2024,3,3005.8,retourné,Agadir,Carte,LIV9,2024-03-25
CMD24266,CL0074,P066,Mar 17 2023,3,4483.22,KO,Tnja,Carte,LIV9,
CMD06131,CL0305,P065,2023-12-02,4,256.78,LIVRE,CASABLANCA,Carte,,2023-12-04
CMD33236,CL0100,P002,2023-08-01,4,4974.49,en_cours,TANGER,Carte,LIV8,
CMD45915,CL0476,P047,2023-11-04,1,977.45,retourné,casa,Carte,LIV2,2023-11-06
CMD02750,CL0824,P077,2023-03-06,3,4551.52,DONE,RBA,Carte,LIV9,2023-03-09
CMD40271,CL0675,P078,2023-05-02,2,2619.98,retourné,RBA,Carte,LIV10,2023-05-03
CMD21614,CL0016,P009,26/11/2023,2,3939.21,OK,Tnja,Carte,LIV2,
CMD44685,CL0654,P079,2024-05-07,5,1540.58,annulé,TANGER,Carte,LIV6,
CMD42522,CL0105,P004,2023-07-30,3,2681.18,livré,kech,Carte,LIV3,2023-08-01
CMD33832,CL0872,P011,2023-07-20,2,1482.63,en_cours,RBA,Carte,LIV8,
CMD27432,CL0087,P069,2023-09-15,5,4586.68,en_cours,Tnja,Carte,LIV1,
CMD31137,CL0877,P033,May 17 2023,1,107.47,livré,casa,Carte,LIV8,2023-05-21
CMD42170,CL0902,P053,17/12/2023,5,1211.29,OK,Agadir,Carte,LIV8,
CMD24729,CL0706,P084,2023-08-28,5,185.54,livré,Tnja,Carte,,2023-08-30
CMD35291,CL0721,P059,2024-05-01,3,4312.23,DONE,CASABLANCA,Carte,LIV9,2024-05-02
CMD34472,CL0121,P057,2023-12-23,1,1647.58,livre,kech,Carte,,
CMD29614,CL0013,P054,2024-01-09,5,974.65,livré,Agadir,Carte,LIV8,2024-01-13
CMD36236,CL0065,P098,2023-12-12,4,3273.85,livré,tanger,Carte,LIV8,2023-12-17
CMD33423,CL0294,P029,12/08/2023,1,4871.25,en_cours,RBA,Carte,LIV5,
CMD06437,CL0836,P086,2024-05-07,3,3976.44,livré,Agadir,Carte,LIV10,2024-05-09
CMD44387,CL0571,P051,09/01/2023,5,2517.89,livre,TANGER,Carte,LIV6,
CMD20284,CL0838,P018,16/07/2023,2,364.23,KO,Agadir,Carte,LIV9,
CMD19582,CL0185,P034,02/02/2024,-1,485.75,LIVRE,RBA,Carte,LIV5,2024-02-03
CMD16362,CL0675,P016,2023-01-30,5,3305.76,retourné,TNG,Carte,LIV2,2023-02-02
CMD04640,CL0259,P038,15/12/2023,3,2297.08,livre,Tnja,Carte,LIV3,
CMD01889,CL0956,P018,03/07/2023,4,338.35,DONE,RBA,Carte,LIV2,2023-07-05
CMD05449,CL0076,P005,29/11/2023,5,4010.2,LIVRE,marrakech,Carte,LIV2,2023-12-04
CMD36261,CL0858,P009,23/06/2023,3,901.5,DONE,Agadir,Carte,LIV7,2023-06-26
CMD16732,CL0851,P055,2023-03-10,2,539.7,livre,casa,Carte,LIV9,
CMD24606,CL0251,P012,2024-05-06,2,4887.51,DONE,casa,Carte,LIV7,2024-05-09
CMD27600,CL0082,P056,31/07/2023,2,1044.7,livré,TNG,Carte,LIV1,2023-08-04
CMD26501,CL0057,P081,Feb 15 2024,1,4362.3,OK,TNG,Carte,LIV6,
CMD34479,CL0491,P060,01/03/2023,1,1723.5,KO,casa,Carte,LIV10,
CMD04111,CL0316,P071,07/01/2023,2,4733.9,en_cours,marrakech,Carte,LIV8,
CMD30328,CL0799,P055,2024-02-08,4,2804.69,LIVRE,TNG,Carte,LIV2,2024-02-11
CMD10216,CL0213,P088,Jan 24 2023,1,2630.99,OK,kech,Carte,LIV5,
CMD46239,CL0950,P014,2024-02-06,1,2670.12,KO,tanger,Carte,LIV8,
CMD34941,CL0840,P094,02/09/2023,5,1059.54,livre,Tnja,Carte,LIV6,
CMD34137,CL0226,P036,30/12/2023,4,2599.25,LIVRE,kech,Carte,,2024-01-01
CMD40574,CL0777,P048,09/02/2024,4,3867.98,livré,casa,Carte,LIV7,2024-02-14
CMD04997,CL0307,P049,07/06/2023,2,119.65,LIVRE,Tnja,Carte,LIV5,2023-06-09
CMD39675,CL0228,P067,Apr 09 2023,1,1794.56,OK,kech,Carte,LIV7,
CMD29281,CL0584,P096,17/04/2023,4,356.62,retourné,RBA,Carte,LIV7,2023-04-18
CMD30890,CL0953,P082,Apr 01 2024,5,2988.34,OK,TNG,Carte,LIV8,
CMD09996,CL0369,P007,2023-08-31,3,2946.62,retourné,CASABLANCA,Carte,LIV1,2023-09-04
CMD37219,CL0744,P046,2023-08-11,2,216.5,retourné,casa,Carte,LIV9,2023-08-16
CMD08960,CL0449,P092,2023-12-02,2,97.4,en_cours,Agadir,Carte,LIV10,
CMD35310,CL0308,P020,2024-05-08,4,3657.01,livré,casa,Carte,LIV10,2024-05-10
CMD27464,CL0982,P045,2023-01-12,5,3335.13,LIVRE,CASABLANCA,Carte,LIV9,2023-01-16
CMD25864,CL0109,P100,2023-01-02,4,4707.79,retourné,RBA,Carte,LIV9,2023-01-03
CMD35507,CL0492,P049,2023-05-18,2,1255.13,retourné,casa,Carte,LIV4,2023-05-21
CMD13880,CL0460,P041,Sep 11 2023,2,0,livre,Agadir,Carte,LIV4,
CMD03351,CL0273,P087,Jul 22 2023,4,1173.08,LIVRE,marrakech,Carte,LIV10,2023-07-23
CMD42421,CL0013,P084,07/08/2023,1,2611.16,en_cours,Tnja,Carte,LIV4,
CMD22504,CL0747,P065,2024-05-03,1,0,retourné,Tnja,Carte,LIV9,2024-05-06
CMD41581,CL0833,P033,2023-01-18,2,258.85,en_cours,kech,Carte,LIV1,
CMD35187,CL0413,P018,2023-02-08,3,1204.25,OK,CASABLANCA,Carte,LIV5,
CMD35814,CL0267,P045,Apr 25 2024,4,601.76,OK,RBA,Carte,LIV1,
CMD26183,CL0676,P035,2023-01-02,2,1501.76,OK,kech,Carte,LIV8,
CMD04649,CL0490,P097,2023-05-17,3,3373.08,livre,kech,Carte,LIV7,
CMD23129,CL0479,P070,15/03/2023,2,4103.16,KO,TANGER,Carte,LIV6,
CMD01760,CL0700,P055,24/03/2024,3,1634.3,DONE,TANGER,Carte,,2024-03-26
CMD43856,CL0857,P062,Apr 21 2024,4,3877.38,LIVRE,TNG,Carte,,2024-04-26
CMD05883,CL0939,P068,2023-08-16,4,1573.93,OK,TNG,Carte,LIV7,
CMD35557,CL0873,P066,Dec 18 2023,2,3808.72,livré,marrakech,Carte,LIV1,2023-12-19
CMD10284,CL0339,P095,22/03/2024,5,3440.45,en_cours,casa,Carte,LIV4,
CMD30451,CL0079,P084,Sep 09 2023,3,4183.55,en_cours,Agadir,Carte,LIV1,
CMD32859,CL0497,P088,20/02/2024,1,3335.94,OK,RBA,Carte,LIV6,
CMD42750,CL0782,P012,2023-04-04,5,270.38,OK,tanger,Carte,LIV5,
CMD28032,CL0936,P074,2024-04-02,3,1787.81,LIVRE,TANGER,Carte,LIV5,2024-04-06
CMD04527,CL0961,P062,Mar 29 2023,1,3468.24,livré,marrakech,Carte,LIV3,2023-04-03
CMD18754,CL0782,P052,2023-08-02,5,3355.58,livré,Agadir,Carte,LIV2,2023-08-07
CMD28671,CL0895,P020,19/01/2023,4,4258.03,annulé,CASABLANCA,Carte,LIV5,
CMD10116,CL0355,P061,May 13 2023,4,1412.2,LIVRE,marrakech,Carte,LIV3,2023-05-17
CMD30688,CL0409,P065,2023-11-12,5,3648.19,KO,Agadir,Carte,,
CMD02127,CL0654,P080,Jun 24 2023,5,3477.23,retourné,Tnja,Carte,LIV6,2023-06-25
CMD22473,CL0449,P020,Aug 18 2023,3,3505.65,livré,TNG,Carte,LIV10,2023-08-19
CMD47601,CL0864,P094,2023-07-03,5,2925.37,OK,kech,Carte,LIV1,
CMD33338,CL0482,P090,09/04/2023,4,758.11,DONE,Tnja,Carte,LIV6,2023-04-11
CMD15051,CL0936,P019,Apr 30 2024,4,805.9,en_cours,CASABLANCA,Carte,LIV2,
CMD26102,CL0012,P023,Jan 08 2024,5,2803.0,KO,TNG,Carte,LIV6,
CMD47408,CL0854,P011,Dec 24 2023,3,3007.6,DONE,TANGER,Carte,LIV4,2023-12-26
CMD10840,CL0019,P041,2023-01-15,4,1461.03,OK,marrakech,Carte,LIV10,
CMD07388,CL0900,P020,2023-01-02,4,4810.57,livré,casa,Carte,LIV6,2023-01-05
CMD27718,CL0025,P032,Oct 27 2023,1,3992.03,en_cours,TNG,Carte,LIV4,
CMD44487,CL0555,P070,14/10/2023,1,2527.08,LIVRE,CASABLANCA,Carte,LIV10,2023-10-18
CMD32410,CL0518,P058,Jan 29 2024,1,4370.12,KO,TANGER,Carte,LIV9,
CMD45510,CL0891,P038,May 05 2024,4,672.51,livre,marrakech,Carte,LIV10,
CMD41360,CL0983,P049,01/04/2024,1,2204.92,en_cours,marrakech,Carte,,
CMD39373,CL0503,P085,28/06/2023,5,2513.81,KO,TANGER,Carte,LIV2,
CMD03531,CL0455,P049,03/06/2023,3,860.05,livré,marrakech,Carte,LIV8,2023-06-06
CMD09077,CL0207,P044,02/07/2023,5,3642.97,DONE,TNG,Carte,LIV5,2023-07-04
CMD10904,CL0748,P039,2023-10-31,3,2251.15,KO,CASABLANCA,Carte,LIV1,
CMD12439,CL0964,P059,2023-03-23,4,3760.47,LIVRE,TNG,Carte,LIV8,2023-03-27
CMD45977,CL0017,P072,2023-05-04,3,4387.12,annulé,kech,Carte,LIV1,
CMD21571,CL0765,P036,03/12/2023,4,3766.85,en_cours,Agadir,Carte,LIV1,
CMD43069,CL0240,P014,Mar 15 2023,3,1722.93,DONE,TNG,Carte,LIV5,2023-03-16
CMD32846,CL0989,P033,Apr 12 2024,4,3513.07,livré,CASABLANCA,Carte,LIV5,2024-04-14
CMD47288,CL0204,P056,May 17 2023,2,1040.11,livré,kech,Carte,LIV9,2023-05-22
CMD37103,CL0862,P050,Feb 20 2024,2,2128.6,annulé,kech,Carte,LIV5,
CMD26591,CL0930,P039,16/01/2024,1,3502.09,livre,TNG,Carte,LIV10,
CMD35226,CL0652,P001,2023-11-18,4,103.71,annulé,casa,Carte,LIV6,
CMD46053,CL0115,P031,Dec 01 2023,3,4269.42,KO,marrakech,Carte,LIV8,
CMD00261,CL0968,P016,28/03/2024,1,3243.16,retourné,RBA,Carte,LIV3,2024-03-30
CMD40710,CL0333,P084,Nov 16 2023,2,3821.87,annulé,TNG,Carte,LIV3,
CMD28501,CL0365,P051,2024-02-29,3,1142.45,livré,kech,Carte,LIV8,2024-03-01
CMD09084,CL0244,P082,Apr 06 2023,1,2209.91,KO,CASABLANCA,Carte,LIV3,
CMD15207,CL0105,P056,2024-01-03,5,2666.45,livré,CASABLANCA,Carte,LIV1,2024-01-04
CMD16204,CL0620,P059,14/01/2024,2,2556.98,DONE,Agadir,Carte,LIV7,2024-01-16
CMD43389,CL0213,P062,Mar 23 2024,2,4435.67,KO,marrakech,Carte,LIV6,
CMD38364,CL0616,P099,2023-08-21,5,1049.4,livré,CASABLANCA,Carte,LIV10,2023-08-22
CMD01166,CL0465,P013,2024-04-22,3,1148.45,LIVRE,tanger,Carte,LIV4,2024-04-27
CMD11954,CL0061,P071,18/04/2023,4,1692.16,en_cours,marrakech,Carte,LIV8,
CMD41824,CL0015,P098,Feb 22 2024,5,4143.28,KO,tanger,Carte,LIV7,
CMD39646,CL0868,P027,17/03/2023,2,442.18,DONE,kech,Carte,LIV6,2023-03-19
CMD31692,CL0797,P062,01/11/2023,2,2797.23,annulé,casa,Carte,LIV3,
CMD03938,CL0523,P072,12/03/2024,3,2266.85,livré,Agadir,Carte,LIV1,2024-03-14
CMD41690,CL0207,P024,20/08/2023,4,3440.41,annulé,tanger,Carte,LIV10,
CMD05937,CL0353,P080,2024-02-24,2,4798.76,livré,TNG,Carte,LIV3,2024-02-25
CMD25053,CL0931,P027,Feb 05 2024,5,1070.09,retourné,casa,Carte,LIV3,2024-02-09
CMD43138,CL0489,P069,Jul 09 2023,1,3001.29,retourné,CASABLANCA,Carte,LIV8,2023-07-10
CMD28488,CL0008,P034,10/02/2024,4,332.22,KO,Agadir,Carte,LIV1,
CMD37785,CL0934,P050,2023-07-10,3,1450.13,DONE,CASABLANCA,Carte,LIV2,2023-07-13
CMD15418,CL0113,P088,25/03/2024,2,142.47,livré,tanger,Carte,LIV1,2024-03-26
CMD25876,CL0074,P057,2023-06-06,4,4919.45,livré,RBA,Carte,LIV7,2023-06-09
CMD08923,CL0578,P067,22/02/2024,4,4919.16,annulé,CASABLANCA,Carte,LIV6,
CMD43792,CL0915,P072,2023-10-02,3,2567.68,annulé,TNG,Carte,LIV4,
CMD18533,CL0684,P019,2023-04-27,4,2430.46,en_cours,RBA,Carte,LIV2,
CMD38313,CL0034,P062,26/10/2023,3,3055.35,annulé,casa,Carte,LIV5,
CMD30891,CL0195,P026,07/03/2023,1,417.35,livré,casa,Carte,LIV2,2023-03-10
CMD03205,CL0590,P040,19/01/2024,2,2358.11,DONE,tanger,Carte,,2024-01-20
CMD15678,CL0702,P066,Aug 05 2023,4,1665.79,livré,RBA,Carte,LIV8,2023-08-10
CMD38036,CL0467,P094,Sep 13 2023,5,330.44,en_cours,RBA,Carte,LIV4,
CMD12387,CL0617,P082,01/07/2023,2,1199.16,livre,CASABLANCA,Carte,LIV1,
CMD25790,CL0704,P032,27/01/2024,3,4380.21,livré,marrakech,Carte,LIV3,2024-01-28
CMD33075,CL0239,P056,Apr 16 2023,1,4692.24,annulé,casa,Carte,LIV8,
CMD36614,CL0477,P055,03/05/2024,3,1540.1,retourné,Agadir,Carte,LIV8,2024-05-05
CMD03510,CL0102,P014,2024-03-05,2,4659.92,en_cours,tanger,Carte,LIV3,
CMD45780,CL0708,P054,Mar 23 2024,5,4256.03,en_cours,Agadir,Carte,LIV3,
CMD23749,CL0530,P062,2023-07-30,2,2930.6,en_cours,TANGER,Carte,LIV6,
CMD29372,CL0370,P064,2023-01-03,2,1807.81,livré,TANGER,Carte,LIV8,2023-01-04
CMD08613,CL0307,P090,24/03/2023,2,87.77,livré,TANGER,Carte,LIV7,2023-03-29
CMD08603,CL0581,P011,2023-05-24,5,3376.75,DONE,Tnja,Carte,LIV10,2023-05-27
CMD34003,CL0098,P014,2024-05-13,5,4711.25,en_cours,tanger,Carte,LIV3,
CMD25545,CL0873,P010,2023-12-25,3,4491.83,retourné,tanger,Carte,LIV1,2023-12-27
CMD06143,CL0642,P011,2023-02-12,2,1878.29,KO,TNG,Carte,LIV3,
CMD29838,CL0658,P076,02/01/2024,4,4300.76,OK,TNG,Carte,LIV4,
CMD15320,CL0099,P048,May 18 2023,2,3831.23,DONE,casa,Carte,LIV5,2023-05-20
CMD04684,CL0164,P024,2023-09-16,1,2498.98,OK,Tnja,Carte,LIV6,
CMD13842,CL0867,P032,14/11/2023,3,3138.78,LIVRE,casa,Carte,LIV5,2023-11-15
CMD08653,CL0089,P086,11/03/2024,1,2911.3,livré,Agadir,Carte,LIV8,2024-03-15
CMD45989,CL0088,P086,Apr 10 2023,4,1845.02,en_cours,CASABLANCA,Carte,LIV8,
CMD38226,CL0862,P077,22/05/2023,5,888.19,OK,RBA,Carte,LIV2,
CMD05334,CL0010,P083,2024-02-24,5,4712.81,livre,marrakech,Carte,LIV5,
CMD10866,CL0701,P074,2024-02-04,2,1192.57,KO,kech,Carte,LIV8,
CMD41847,CL0920,P009,27/02/2023,4,3003.12,annulé,tanger,Carte,LIV3,
CMD28495,CL0866,P057,Jul 30 2023,3,2476.69,KO,TNG,Carte,LIV6,
CMD47257,CL0293,P081,14/10/2023,5,2615.67,DONE,Tnja,Carte,LIV9,2023-10-19
CMD07153,CL0358,P042,13/02/2023,5,3386.83,LIVRE,Tnja,Carte,LIV10,2023-02-14
CMD22192,CL0277,P023,Jun 21 2023,2,3007.02,DONE,tanger,Carte,LIV8,2023-06-25
CMD33205,CL0735,P058,Jan 26 2023,2,4475.95,annulé,Agadir,Carte,LIV4,
CMD42899,CL0897,P042,05/02/2023,2,4506.83,en_cours,CASABLANCA,Carte,LIV6,
CMD33102,CL0372,P003,2024-04-15,3,2773.73,livré,RBA,Carte,LIV3,2024-04-19
CMD17528,CL0879,P004,2024-02-05,4,3437.94,livré,marrakech,Carte,LIV7,2024-02-09
CMD26007,CL0863,P068,29/02/2024,3,3654.54,livré,kech,Carte,LIV1,2024-03-03
CMD40593,CL0567,P074,2023-06-01,5,229.18,en_cours,RBA,Carte,,
CMD30966,CL0076,P061,Nov 11 2023,1,2578.01,KO,CASABLANCA,Carte,LIV6,
CMD09919,CL0395,P079,05/10/2023,2,2688.73,livré,RBA,Carte,LIV4,2023-10-09
CMD38166,CL0484,P048,14/02/2023,3,2575.43,annulé,Agadir,Carte,LIV6,
CMD38089,CL0387,P006,Mar 01 2024,2,2599.28,LIVRE,kech,Carte,LIV10,2024-03-04
CMD23029,CL0081,P051,19/09/2023,5,4139.49,livre,kech,Carte,LIV5,
CMD39656,CL0884,P023,Dec 16 2023,3,4100.0,OK,marrakech,Carte,LIV3,
CMD28511,CL0161,P021,26/07/2023,2,2551.0,livré,kech,Carte,,2023-07-30
CMD00403,CL0072,P066,13/06/2023,1,3098.28,retourné,TNG,Carte,LIV2,2023-06-18
CMD17879,CL0778,P068,Sep 28 2023,2,2044.78,OK,casa,Carte,,
CMD22584,CL0677,P042,Jul 14 2023,1,2553.49,en_cours,tanger,Carte,LIV8,
CMD37748,CL0189,P069,Feb 18 2023,2,2271.96,KO,Tnja,Carte,LIV5,
CMD42052,CL0110,P096,Feb 04 2023,1,121.06,retourné,Tnja,Carte,LIV8,2023-02-09
CMD26896,CL0554,P054,31/05/2023,1,1403.0,livre,TANGER,Carte,LIV9,
CMD08191,CL0950,P075,29/03/2024,3,3672.07,retourné,casa,Carte,LIV4,2024-03-30
CMD20165,CL0430,P082,2023-02-11,3,819.04,OK,TANGER,Carte,LIV3,
CMD08437,CL0661,P025,2023-12-16,5,4783.46,livré,Agadir,Carte,LIV3,2023-12-21
CMD40297,CL0275,P098,Aug 14 2023,3,3337.24,OK,RBA,Carte,LIV4,
CMD22317,CL0283,P002,01/12/2023,2,53.61,en_cours,Tnja,Carte,LIV1,
CMD28358,CL0115,P030,13/05/2023,1,3226.61,livré,casa,Carte,LIV5,2023-05-17
CMD25435,CL0908,P076,31/08/2023,3,1505.42,en_cours,Tnja,Carte,LIV8,
CMD22933,CL0594,P023,Apr 08 2024,4,686.77,livré,TANGER,Carte,LIV2,2024-04-13
CMD39950,CL0185,P033,2023-08-06,3,4895.77,livre,casa,Carte,LIV1,
CMD24671,CL0318,P067,02/09/2023,5,224.53,livré,marrakech,Carte,LIV8,2023-09-05
CMD15125,CL0203,P080,Aug 13 2023,1,1855.7,retourné,CASABLANCA,Carte,LIV8,2023-08-14
CMD27765,CL0048,P076,2023-11-01,3,186.62,livré,Tnja,Carte,LIV3,2023-11-02
CMD41644,CL0189,P078,Aug 06 2023,5,2413.29,en_cours,casa,Carte,LIV4,
CMD41048,CL0603,P011,Nov 07 2023,1,1761.31,livré,kech,Carte,LIV4,2023-11-10
CMD22299,CL0519,P057,Dec 02 2023,2,1428.28,retourné,RBA,Carte,LIV1,2023-12-05
CMD05553,CL0564,P012,26/05/2023,3,4461.2,livré,RBA,Carte,,2023-05-27
CMD17848,CL0448,P087,2023-07-25,2,1439.49,retourné,Tnja,Carte,LIV2,2023-07-30
CMD02728,CL0815,P032,2023-02-08,3,2225.67,OK,TNG,Carte,LIV8,
CMD14437,CL0691,P041,Feb 26 2024,4,3194.21,en_cours,TNG,Carte,LIV2,
CMD41110,CL0539,P046,31/07/2023,5,3354.42,KO,tanger,Carte,LIV7,
CMD44878,CL0222,P061,Jan 11 2023,1,3966.01,livre,casa,Carte,LIV10,
CMD01523,CL0881,P072,May 23 2023,3,3532.54,OK,CASABLANCA,Carte,LIV5,
CMD31457,CL0144,P089,2023-01-26,5,4354.1,livré,Tnja,Carte,LIV2,2023-01-30
CMD15449,CL0798,P003,2024-02-23,5,161.71,retourné,TNG,Carte,LIV3,2024-02-28
CMD27270,CL0302,P038,03/07/2023,5,3713.26,annulé,kech,Carte,LIV8,
CMD04174,CL0491,P058,05/09/2023,2,448.72,LIVRE,CASABLANCA,Carte,LIV4,2023-09-08
CMD06698,CL0130,P021,2024-01-28,5,2944.72,LIVRE,TNG,Carte,LIV9,2024-02-02
CMD42196,CL0719,P029,2024-02-03,2,1819.89,livre,casa,Carte,LIV1,
CMD11377,CL0679,P061,Feb 27 2024,1,4072.45,DONE,tanger,Carte,,2024-03-01
CMD37590,CL0193,P093,30/03/2023,3,778.61,livré,marrakech,Carte,LIV1,2023-04-04
CMD12034,CL0834,P089,2024-04-22,4,1007.72,OK,Agadir,Carte,LIV8,
CMD22363,CL0485,P047,24/10/2023,4,459.49,DONE,marrakech,Carte,,2023-10-28
CMD23510,CL0958,P083,07/04/2023,4,1415.15,en_cours,CASABLANCA,Carte,LIV10,
CMD10121,CL0179,P003,2023-06-22,5,4315.93,OK,casa,Carte,,
CMD04622,CL0576,P019,Apr 19 2024,1,3526.61,annulé,Tnja,Carte,LIV9,
CMD01356,CL0707,P080,19/01/2023,1,4629.75,livré,kech,Carte,LIV2,2023-01-23
CMD19289,CL0820,P016,29/12/2023,1,3680.63,livré,RBA,Carte,LIV8,2023-12-30
CMD40306,CL0055,P032,04/03/2024,4,1363.67,en_cours,tanger,Carte,LIV4,
CMD08877,CL0954,P042,2024-02-20,3,1660.23,LIVRE,Agadir,Carte,LIV3,2024-02-24
CMD25985,CL0985,P026,22/07/2023,4,4601.5,retourné,RBA,Carte,LIV7,2023-07-24
CMD30239,CL0279,P037,2023-03-04,1,1631.89,LIVRE,marrakech,Carte,LIV10,2023-03-08
CMD20461,CL0064,P095,Sep 12 2023,3,1271.14,DONE,casa,Carte,LIV5,2023-09-17
CMD41584,CL0879,P098,14/04/2024,2,946.42,KO,Agadir,Carte,LIV6,
CMD11995,CL0096,P008,15/02/2023,3,3472.64,OK,TNG,Carte,LIV3,
CMD03462,CL0347,P022,07/08/2023,4,1376.67,retourné,casa,Carte,LIV1,2023-08-12
CMD22519,CL0247,P073,2023-05-29,4,90.86,KO,marrakech,Carte,LIV1,
CMD46443,CL0131,P001,13/03/2023,1,3353.5,en_cours,casa,Carte,LIV2,
CMD02810,CL0325,P003,May 26 2023,2,1268.66,livre,marrakech,Carte,LIV3,
CMD45795,CL0191,P013,21/02/2024,1,1365.12,OK,Tnja,Carte,LIV10,
CMD37238,CL0202,P078,2023-01-15,1,715.68,DONE,TANGER,Carte,LIV7,2023-01-16
CMD45560,CL0590,P059,2023-10-21,3,2223.18,livré,TNG,Carte,LIV1,2023-10-22
CMD44962,CL0914,P044,2023-01-03,1,887.63,livré,kech,Carte,LIV4,2023-01-05
CMD06772,CL0997,P075,2023-12-13,-1,1559.08,KO,RBA,Carte,LIV5,
CMD39640,CL0015,P070,19/07/2023,1,3294.24,livré,CASABLANCA,Carte,LIV9,2023-07-23
CMD16205,CL0220,P073,Jan 23 2023,3,4147.73,livre,marrakech,Carte,LIV10,
CMD06273,CL0925,P073,11/04/2024,5,618.01,livre,marrakech,Carte,LIV7,
CMD45791,CL0636,P085,25/12/2023,1,2105.52,DONE,marrakech,Carte,LIV8,2023-12-28
CMD21901,CL0342,P066,2023-11-28,2,3312.45,LIVRE,TNG,Carte,LIV3,2023-11-29
CMD23745,CL0494,P044,16/02/2024,3,2519.56,livré,RBA,Carte,LIV1,2024-02-18
CMD16823,CL0699,P039,2024-02-11,5,1302.62,livré,Tnja,Carte,LIV8,2024-02-16
CMD36820,CL0355,P007,24/04/2023,1,128.52,DONE,CASABLANCA,Carte,LIV8,2023-04-29
CMD31713,CL0814,P056,09/07/2023,4,4820.61,livré,Agadir,Carte,LIV1,2023-07-10
CMD26005,CL0002,P074,2023-08-20,5,4303.34,OK,tanger,Carte,LIV7,
CMD35695,CL0979,P049,27/10/2023,1,1778.41,LIVRE,CASABLANCA,Carte,LIV3,2023-10-30
CMD11426,CL0662,P056,2024-01-19,1,3495.74,livré,RBA,Carte,LIV8,2024-01-24
CMD35292,CL0680,P071,25/08/2023,2,3018.2,livré,marrakech,Carte,LIV5,2023-08-27
CMD46587,CL0583,P070,17/04/2024,1,1768.31,livré,Tnja,Carte,LIV2,2024-04-19
CMD20594,CL0640,P046,Aug 18 2023,1,1761.85,en_cours,tanger,Carte,LIV4,
CMD32641,CL0049,P018,Jun 07 2023,4,3535.41,retourné,TANGER,Carte,LIV2,2023-06-10
CMD42343,CL0632,P022,10/05/2024,2,4199.97,livré,RBA,Carte,LIV1,2024-05-11
CMD44397,CL0247,P013,08/03/2023,4,689.01,livré,casa,Carte,LIV6,2023-03-09
CMD43617,CL0262,P072,17/01/2024,1,4116.89,en_cours,Tnja,Carte,LIV6,
CMD22936,CL0194,P083,2023-08-13,1,3875.52,retourné,marrakech,Carte,LIV4,2023-08-15
CMD22524,CL0146,P014,22/03/2024,3,2829.67,livré,casa,Carte,LIV7,2024-03-25
CMD34080,CL0730,P063,Jul 30 2023,3,3279.54,LIVRE,TANGER,Carte,LIV2,2023-08-04
CMD04834,CL0936,P066,2023-02-13,2,1046.18,en_cours,tanger,Carte,LIV3,
CMD06164,CL0955,P050,2023-01-19,5,1802.81,annulé,TNG,Carte,LIV1,
CMD24163,CL0710,P095,2023-08-23,4,608.06,OK,casa,Carte,LIV6,
CMD10785,CL0330,P055,Mar 22 2023,2,3567.34,OK,Agadir,Carte,LIV4,
CMD32531,CL0142,P081,Mar 12 2023,3,2392.08,livré,tanger,Carte,LIV7,2023-03-15
CMD34341,CL0383,P002,23/05/2023,3,934.24,livre,casa,Carte,LIV5,
CMD11617,CL0186,P094,29/10/2023,2,1254.81,OK,TNG,Carte,LIV5,
CMD25785,CL0627,P040,11/06/2023,5,1162.32,livré,tanger,Carte,LIV10,2023-06-16
CMD06402,CL0367,P070,13/11/2023,3,3546.73,livré,casa,Carte,LIV7,2023-11-16
CMD00484,CL0782,P089,06/05/2024,5,2799.15,livré,Tnja,Carte,,2024-05-10
CMD38857,CL0251,P043,Feb 27 2023,3,2659.13,OK,marrakech,Carte,LIV7,
CMD29262,CL0423,P077,2023-05-07,3,1564.14,retourné,TANGER,Carte,LIV10,2023-05-11
CMD10197,CL0015,P003,2023-06-07,5,624.66,OK,tanger,Carte,LIV1,
CMD17807,CL0489,P088,2023-05-18,3,763.12,livré,TNG,Carte,LIV6,2023-05-23
CMD27157,CL0770,P063,21/10/2023,5,1589.98,en_cours,tanger,Carte,LIV6,
CMD07367,CL0397,P002,2023-08-04,1,1551.24,livré,casa,Carte,LIV1,2023-08-08
CMD34461,CL0234,P082,2023-02-14,4,3209.23,livre,Tnja,Carte,LIV8,
CMD32184,CL0894,P056,2023-11-07,2,3367.2,DONE,TANGER,Carte,LIV5,2023-11-09
CMD18072,CL0190,P044,23/04/2024,5,0,livré,TANGER,Carte,LIV7,2024-04-27
CMD45068,CL0687,P052,2023-08-29,2,2308.26,livré,casa,Carte,LIV3,2023-09-02
CMD41144,CL0463,P098,09/05/2023,5,544.9,OK,casa,Carte,LIV8,
CMD35667,CL0818,P070,Jan 13 2024,2,2238.36,DONE,kech,Carte,LIV1,2024-01-15
CMD14385,CL0088,P045,02/08/2023,5,3930.87,livré,marrakech,Carte,LIV5,2023-08-07
CMD31148,CL0330,P059,22/08/2023,1,2743.61,retourné,TANGER,Carte,LIV3,2023-08-26
CMD23436,CL0625,P040,28/04/2023,3,2202.2,OK,RBA,Carte,LIV7,
CMD08221,CL0158,P001,2023-10-27,5,327.79,livré,Tnja,Carte,LIV8,2023-10-31
CMD05378,CL0122,P057,2023-04-12,2,58.23,retourné,Tnja,Carte,LIV10,2023-04-13
CMD42062,CL0792,P073,2023-12-06,1,2496.64,DONE,Agadir,Carte,,2023-12-09
CMD43313,CL0514,P010,2023-01-29,1,4386.08,livre,TNG,Carte,LIV5,
CMD31972,CL0788,P016,May 27 2023,1,3434.65,LIVRE,kech,Carte,LIV8,2023-05-29
CMD31260,CL0140,P011,2023-06-24,5,3990.05,DONE,marrakech,Carte,LIV6,2023-06-25
CMD01638,CL0927,P082,23/04/2023,3,1532.14,livré,TANGER,Carte,LIV3,2023-04-28
CMD28577,CL0881,P005,2023-07-30,1,510.73,livré,CASABLANCA,Carte,LIV2,2023-08-01
CMD11238,CL0811,P100,2023-06-17,5,2034.52,livré,Tnja,Carte,LIV9,2023-06-19
CMD24780,CL0865,P051,23/03/2023,1,2257.52,annulé,Agadir,Carte,LIV2,
CMD07941,CL0263,P079,2023-12-10,3,3874.67,annulé,Tnja,Carte,LIV5,
CMD47048,CL0614,P007,19/04/2024,1,1840.86,livre,marrakech,Carte,LIV1,
CMD05224,CL0134,P073,Sep 13 2023,2,86.59,OK,Tnja,Carte,LIV7,
CMD30275,CL0133,P042,Aug 01 2023,5,2028.06,retourné,tanger,Carte,LIV7,2023-08-02
CMD44979,CL0887,P037,04/05/2023,4,4120.72,retourné,CASABLANCA,Carte,LIV7,2023-05-06
CMD11852,CL0058,P029,Feb 16 2023,4,4792.71,annulé,RBA,Carte,LIV1,
CMD05324,CL0825,P076,Nov 19 2023,4,3152.76,livré,casa,Carte,LIV9,2023-11-21
CMD05720,CL0446,P044,2024-05-11,5,1475.64,annulé,TANGER,Carte,LIV3,
CMD46706,CL0430,P040,02/03/2023,4,3405.06,annulé,TNG,Carte,LIV1,
CMD00388,CL0257,P042,18/02/2024,5,4514.29,retourné,tanger,Carte,LIV1,2024-02-20
CMD41061,CL0572,P048,Aug 01 2023,4,3318.68,livre,TANGER,Carte,LIV5,
CMD19067,CL0167,P038,17/09/2023,4,3387.11,en_cours,marrakech,Carte,LIV7,
CMD11694,CL0047,P094,2023-10-03,1,3394.85,livré,Tnja,Carte,LIV10,2023-10-07
CMD40338,CL0513,P057,12/03/2023,5,2483.89,livré,TANGER,Carte,LIV1,2023-03-13
CMD37302,CL0244,P060,09/12/2023,3,262.65,annulé,TANGER,Carte,LIV9,
CMD43753,CL0520,P019,14/05/2024,4,1192.05,annulé,kech,Carte,LIV6,
CMD30120,CL0787,P048,09/11/2023,2,1679.8,LIVRE,tanger,Carte,LIV7,2023-11-12
CMD12766,CL0297,P100,Apr 01 2024,3,3856.12,en_cours,kech,Carte,LIV5,
CMD42539,CL0518,P077,2023-05-05,3,1215.81,livré,TNG,Carte,LIV4,2023-05-08
CMD40713,CL0544,P080,01/12/2023,5,1865.49,retourné,RBA,Carte,LIV5,2023-12-03
CMD08266,CL0552,P051,2023-03-29,2,1385.08,KO,kech,Carte,LIV1,
CMD40232,CL0185,P019,20/01/2024,4,4784.07,en_cours,tanger,Carte,,
CMD45019,CL0750,P028,15/02/2023,3,1879.86,DONE,RBA,Carte,LIV9,2023-02-17
CMD34101,CL0939,P018,2023-05-25,5,4768.6,livré,Agadir,Carte,LIV8,2023-05-30
CMD33263,CL0392,P087,09/02/2023,2,1806.03,livre,CASABLANCA,Carte,LIV8,
CMD03880,CL0384,P027,May 09 2023,4,3043.35,livré,TANGER,Carte,LIV1,2023-05-11
CMD23448,CL0686,P044,May 08 2023,5,4211.82,DONE,TNG,Carte,LIV5,2023-05-13
CMD26115,CL0825,P059,08/11/2023,3,2021.81,livré,TNG,Carte,LIV8,2023-11-13
CMD39363,CL0683,P070,2024-03-31,2,3596.17,livré,tanger,Carte,LIV8,2024-04-02
CMD28099,CL0923,P094,Feb 10 2023,5,1285.99,livré,RBA,Carte,LIV3,2023-02-13
CMD22670,CL0070,P093,Jan 31 2024,5,1916.62,annulé,casa,Carte,LIV7,
CMD31403,CL0517,P021,24/06/2023,5,879.56,en_cours,marrakech,Carte,LIV1,
CMD08836,CL0480,P080,Sep 13 2023,2,1139.82,livré,RBA,Carte,LIV9,2023-09-15
CMD00627,CL0142,P081,Mar 03 2024,3,605.2,livré,TNG,Carte,LIV1,2024-03-04
CMD01138,CL0750,P083,2023-09-29,1,1459.82,KO,TNG,Carte,LIV4,
CMD24809,CL0483,P079,09/09/2023,3,3756.72,DONE,tanger,Carte,LIV6,2023-09-11
CMD40017,CL0869,P049,14/05/2024,3,1077.62,en_cours,casa,Carte,LIV1,
CMD02907,CL0086,P049,30/11/2023,5,1735.3,en_cours,Agadir,Carte,LIV9,
CMD24087,CL0691,P008,31/07/2023,2,3016.37,OK,casa,Carte,LIV5,
CMD21810,CL0385,P024,Mar 28 2024,4,2363.61,retourné,kech,Carte,LIV2,2024-04-02
CMD01639,CL0712,P025,2023-09-03,1,4684.24,LIVRE,CASABLANCA,Carte,LIV7,2023-09-05
CMD37300,CL0559,P072,Feb 20 2024,5,4341.18,en_cours,kech,Carte,LIV1,
CMD21619,CL0169,P058,2023-11-03,2,2179.04,DONE,Agadir,Carte,LIV2,2023-11-06
CMD22179,CL0423,P085,29/02/2024,1,4358.16,retourné,marrakech,Carte,,2024-03-04
CMD18949,CL0529,P017,2023-01-24,5,3626.48,retourné,tanger,Carte,LIV5,2023-01-29
CMD33743,CL0648,P078,18/05/2023,2,2822.44,retourné,RBA,Carte,,2023-05-21
CMD16221,CL0459,P077,Oct 25 2023,1,1830.14,livré,TNG,Carte,LIV6,2023-10-29
CMD19634,CL0977,P010,2023-05-03,1,1951.54,livre,tanger,Carte,LIV7,
CMD05652,CL0621,P062,Jan 21 2024,4,3294.95,livré,marrakech,Carte,LIV10,2024-01-22
CMD13887,CL0552,P043,2023-11-25,2,1660.07,livré,kech,Carte,LIV4,2023-11-30
CMD45273,CL0854,P063,2023-03-02,2,1698.1,KO,marrakech,Carte,LIV4,
CMD41222,CL0360,P077,Feb 25 2024,3,2207.17,OK,casa,Carte,LIV2,
CMD48142,CL0035,P099,16/10/2023,4,2553.79,livré,TNG,Carte,LIV1,2023-10-18
CMD23304,CL0928,P051,03/02/2023,1,2638.66,DONE,Tnja,Carte,LIV1,2023-02-07
CMD33057,CL0994,P018,04/06/2023,2,2104.08,retourné,CASABLANCA,Carte,LIV1,2023-06-06
CMD30050,CL0776,P082,Jul 24 2023,5,0,annulé,TANGER,Carte,,
CMD17894,CL0725,P071,Jun 29 2023,2,2358.79,KO,RBA,Carte,LIV5,
CMD21436,CL0900,P016,2024-04-24,4,1564.17,livre,TNG,Carte,LIV4,
CMD14690,CL0005,P022,2024-02-16,5,1656.64,livré,TANGER,Carte,LIV6,2024-02-20
CMD24738,CL0784,P014,07/11/2023,1,2761.31,annulé,RBA,Carte,LIV4,
CMD43692,CL0088,P015,2024-05-06,5,3665.43,annulé,TANGER,Carte,LIV5,
CMD47061,CL0798,P077,2023-10-02,2,352.93,OK,CASABLANCA,Carte,LIV4,
CMD04760,CL0652,P013,Jul 26 2023,4,960.38,livré,Tnja,Carte,LIV2,2023-07-27
CMD15829,CL0931,P057,07/09/2023,2,2547.55,livré,marrakech,Carte,LIV6,2023-09-08
CMD03639,CL0302,P016,Jan 09 2023,5,2282.65,en_cours,marrakech,Carte,LIV10,
CMD06576,CL0807,P043,Jan 29 2023,3,275.93,OK,CASABLANCA,Carte,LIV7,
CMD25514,CL0179,P051,May 15 2023,5,2015.48,en_cours,TNG,Carte,LIV5,
CMD33260,CL0507,P093,Jun 09 2023,2,4134.82,KO,casa,Carte,LIV2,
CMD32128,CL0335,P045,Mar 04 2024,-1,2998.74,livré,CASABLANCA,Carte,LIV1,2024-03-07
CMD06098,CL0004,P077,Jun 25 2023,5,544.25,retourné,casa,Carte,LIV1,2023-06-26
CMD21085,CL0354,P071,02/01/2024,4,3083.95,OK,marrakech,Carte,LIV10,
CMD21994,CL0792,P024,14/05/2023,2,2393.4,en_cours,TANGER,Carte,LIV7,
CMD00082,CL0689,P047,2023-06-02,2,4583.92,KO,RBA,Carte,LIV9,
CMD45276,CL0997,P064,2023-07-21,3,1899.39,KO,casa,Carte,LIV10,
CMD20000,CL0218,P013,12/03/2023,4,4504.36,annulé,tanger,Carte,LIV3,
CMD17756,CL0199,P002,01/04/2024,2,415.97,livré,Tnja,Carte,LIV4,2024-04-03
CMD09161,CL0413,P047,14/02/2024,1,1855.51,livré,kech,Carte,LIV6,2024-02-17
CMD26455,CL0407,P013,Apr 24 2023,5,2534.23,en_cours,tanger,Carte,,
CMD36291,CL0594,P041,2023-09-27,1,4783.05,annulé,CASABLANCA,Carte,LIV2,
CMD48064,CL0869,P051,02/04/2024,5,2653.39,LIVRE,RBA,Carte,LIV4,2024-04-07
CMD39124,CL0112,P029,25/08/2023,2,151.65,LIVRE,marrakech,Carte,LIV9,2023-08-27
CMD23405,CL0368,P053,Jan 09 2023,1,3755.81,annulé,Agadir,Carte,LIV7,
CMD16694,CL0450,P059,2023-07-25,5,679.97,livré,kech,Carte,LIV7,2023-07-28
CMD32175,CL0953,P035,2024-02-15,2,1235.23,DONE,tanger,Carte,LIV4,2024-02-19
CMD04313,CL0061,P045,2024-01-15,3,3337.16,en_cours,CASABLANCA,Carte,LIV4,
CMD45490,CL0056,P070,2023-04-13,5,4523.2,livré,Agadir,Carte,,2023-04-17
CMD23500,CL0657,P073,12/11/2023,3,1152.11,OK,Agadir,Carte,LIV3,
CMD31150,CL0667,P057,20/01/2023,4,3904.37,retourné,marrakech,Carte,,2023-01-21
CMD04448,CL0017,P073,Apr 08 2023,5,1278.3,livré,marrakech,Carte,LIV10,2023-04-11
CMD32275,CL0237,P011,10/04/2023,2,3456.52,DONE,marrakech,Carte,LIV8,2023-04-12
CMD04528,CL0613,P019,2024-02-22,1,283.92,annulé,TNG,Carte,LIV8,
CMD00550,CL0051,P012,2023-09-09,5,4786.76,annulé,casa,Carte,LIV3,
CMD22383,CL0461,P032,08/03/2024,1,3677.27,livre,kech,Carte,LIV6,
CMD18884,CL0524,P079,10/01/2024,3,4539.73,OK,Tnja,Carte,LIV6,
CMD28742,CL0190,P076,2023-05-10,4,2630.7,livré,RBA,Carte,LIV9,2023-05-12
CMD40633,CL0841,P061,15/01/2023,2,1437.35,livré,tanger,Carte,LIV10,2023-01-17
CMD30060,CL0594,P025,Nov 24 2023,4,2445.51,LIVRE,TNG,Carte,LIV8,2023-11-27
CMD38696,CL0769,P005,Feb 03 2024,4,393.2,livré,Agadir,Carte,LIV7,2024-02-07
CMD17347,CL0070,P053,2023-05-12,2,971.21,livré,CASABLANCA,Carte,LIV10,2023-05-13
CMD28772,CL0515,P077,2024-05-07,2,4359.66,OK,CASABLANCA,Carte,LIV4,
CMD43308,CL0510,P082,26/09/2023,1,4917.09,livré,Tnja,Carte,LIV4,2023-09-27
CMD41390,CL0736,P003,2024-01-17,1,1958.37,DONE,TNG,Carte,LIV1,2024-01-21
CMD11714,CL0588,P006,06/04/2023,5,1088.01,livré,marrakech,Carte,LIV7,2023-04-08
CMD07959,CL0198,P007,09/05/2023,3,4178.89,livré,marrakech,Carte,LIV5,2023-05-11
CMD37310,CL0203,P045,Dec 15 2023,1,155.83,annulé,Agadir,Carte,LIV4,
CMD19635,CL0756,P051,2023-05-07,2,627.39,en_cours,Tnja,Carte,LIV3,
CMD30924,CL0689,P031,24/03/2023,2,4290.81,livré,tanger,Carte,LIV6,2023-03-26
CMD20161,CL0966,P066,2023-08-17,3,3053.0,livré,RBA,Carte,LIV2,2023-08-20
CMD01261,CL0133,P048,2023-12-27,4,0,en_cours,CASABLANCA,Carte,LIV2,
CMD35006,CL0292,P027,05/05/2023,1,4360.97,livre,TANGER,Carte,LIV4,
CMD09753,CL0434,P040,Aug 30 2023,3,4552.84,livré,RBA,Carte,LIV6,2023-09-02
CMD18439,CL0237,P100,17/06/2023,4,3210.7,en_cours,kech,Carte,LIV7,
CMD06127,CL0617,P056,May 11 2024,4,2961.39,livre,TNG,Carte,LIV7,
CMD04101,CL0780,P030,Dec 14 2023,5,1663.45,livre,TNG,Carte,,
CMD10853,CL0800,P030,2024-04-04,5,452.38,retourné,CASABLANCA,Carte,LIV2,2024-04-05
CMD32826,CL0076,P074,01/02/2023,5,3645.1,annulé,RBA,Carte,LIV3,
CMD10890,CL0032,P088,28/11/2023,1,183.79,LIVRE,Agadir,Carte,LIV5,2023-12-01
CMD12038,CL0998,P046,04/08/2023,4,3369.56,KO,kech,Carte,LIV1,
CMD08803,CL0318,P076,2023-04-20,4,1736.17,DONE,RBA,Carte,LIV9,2023-04-22
CMD46722,CL0281,P066,Jan 26 2024,4,960.13,OK,TANGER,Carte,LIV7,
CMD37248,CL0860,P100,27/10/2023,5,2867.89,annulé,kech,Carte,LIV2,
CMD11472,CL0566,P071,2023-03-11,5,3689.96,en_cours,Agadir,Carte,LIV3,
CMD38001,CL0696,P043,Sep 10 2023,5,4183.6,livre,tanger,Carte,LIV10,
CMD05213,CL0652,P083,20/04/2024,5,108.29,retourné,CASABLANCA,Carte,LIV7,2024-04-21
CMD43951,CL0628,P058,Nov 25 2023,1,395.52,livré,TNG,Carte,LIV10,2023-11-28
CMD24052,CL0916,P082,22/09/2023,3,841.1,livré,CASABLANCA,Carte,,2023-09-26
CMD22748,CL0033,P070,20/04/2023,2,814.54,LIVRE,Agadir,Carte,LIV1,2023-04-22
CMD40417,CL0261,P061,2023-12-19,5,172.22,OK,tanger,Carte,LIV4,
CMD15811,CL0534,P085,03/04/2023,5,2699.29,livré,kech,Carte,LIV7,2023-04-05
CMD09885,CL0051,P089,Mar 13 2023,2,2113.18,annulé,TANGER,Carte,,
CMD04001,CL0142,P027,2023-12-25,4,0,retourné,casa,Carte,LIV1,2023-12-29
CMD35312,CL0997,P011,2024-01-20,2,678.22,livré,marrakech,Carte,LIV10,2024-01-25
CMD44545,CL0220,P026,Apr 04 2024,1,4023.18,livré,Agadir,Carte,LIV2,2024-04-05
CMD24513,CL0617,P028,Dec 12 2023,4,4172.6,en_cours,Tnja,Carte,LIV7,
CMD46868,CL0019,P052,2023-10-11,1,3249.41,annulé,kech,Carte,LIV9,
CMD21656,CL0754,P080,2024-03-02,1,2511.5,DONE,TNG,Carte,,2024-03-04
CMD18739,CL0932,P070,05/03/2024,3,2171.07,livré,casa,Carte,LIV2,2024-03-06
CMD36691,CL0305,P072,09/03/2024,2,935.95,annulé,Tnja,Carte,LIV4,
CMD28481,CL0840,P071,Jun 22 2023,5,1474.5,retourné,TNG,Carte,LIV4,2023-06-25
CMD13782,CL0474,P055,Jul 20 2023,4,861.42,KO,Tnja,Carte,LIV8,
CMD05160,CL0625,P054,03/01/2024,5,3376.61,annulé,Tnja,Carte,LIV3,
CMD42810,CL0131,P077,2023-01-09,3,1595.49,livré,marrakech,Carte,,2023-01-11
CMD06629,CL0074,P042,08/04/2024,3,2815.34,livre,CASABLANCA,Carte,LIV8,
CMD30545,CL0080,P059,20/05/2023,1,3519.65,en_cours,TANGER,Carte,LIV2,
CMD32419,CL0616,P089,30/05/2023,3,2582.56,livré,tanger,Carte,LIV1,2023-06-04
CMD06803,CL0221,P083,Jun 18 2023,3,3190.92,retourné,kech,Carte,LIV1,2023-06-19
CMD17763,CL0280,P010,Apr 15 2023,4,4989.39,OK,Agadir,Carte,LIV10,
CMD29263,CL0213,P071,2023-07-24,4,3063.15,annulé,Agadir,Carte,LIV4,
CMD41607,CL0011,P038,2023-10-12,3,3517.87,LIVRE,kech,Carte,LIV3,2023-10-16
CMD10270,CL0225,P016,29/05/2023,5,2450.51,OK,TNG,Carte,,
CMD41659,CL0726,P059,14/09/2023,4,4505.01,DONE,TNG,Carte,LIV7,2023-09-19
CMD35092,CL0415,P089,2023-01-15,1,3626.19,livré,RBA,Carte,,2023-01-17
CMD03112,CL0954,P073,14/06/2023,1,2394.29,livré,CASABLANCA,Carte,LIV4,2023-06-16
CMD47154,CL0685,P078,2024-02-23,4,1086.43,livré,Tnja,Carte,LIV3,2024-02-25
CMD11861,CL0009,P070,21/07/2023,3,2071.06,KO,TNG,Carte,LIV4,
CMD28262,CL0854,P053,2024-01-18,3,2230.59,livré,TANGER,Carte,LIV9,2024-01-19
CMD39048,CL0882,P059,2023-05-26,5,3614.26,annulé,Tnja,Carte,LIV9,
CMD25538,CL0538,P054,2024-03-25,4,1118.78,DONE,marrakech,Carte,LIV7,2024-03-29
CMD40567,CL0210,P093,05/03/2024,1,4217.38,annulé,RBA,Carte,LIV7,
CMD41946,CL0984,P021,2023-11-18,3,2831.75,en_cours,tanger,Carte,LIV6,
CMD35258,CL0089,P053,2023-09-09,2,355.83,LIVRE,TNG,Carte,LIV10,2023-09-12
CMD10153,CL0630,P046,2024-03-13,1,1333.05,annulé,kech,Carte,LIV9,
CMD19536,CL0895,P065,Apr 01 2023,4,1920.72,livré,kech,Carte,LIV2,2023-04-04
CMD03658,CL0668,P060,03/06/2023,2,1115.84,livré,tanger,Carte,LIV9,2023-06-05
CMD20034,CL0982,P006,Sep 13 2023,1,407.9,OK,tanger,Carte,LIV7,
CMD02286,CL0235,P029,2023-10-07,4,2700.91,retourné,Agadir,Carte,LIV8,2023-10-09
CMD29415,CL0435,P040,Mar 11 2024,4,1853.01,KO,tanger,Carte,LIV3,
CMD18400,CL0172,P093,Mar 18 2024,4,2239.52,DONE,CASABLANCA,Carte,LIV8,2024-03-22
CMD04688,CL0005,P003,13/08/2023,1,2693.87,LIVRE,tanger,Carte,LIV2,2023-08-17
CMD32662,CL0224,P009,2023-03-15,4,2382.87,OK,marrakech,Carte,LIV9,
CMD04520,CL0516,P093,Mar 09 2024,3,2781.27,retourné,Agadir,Carte,LIV2,2024-03-13
CMD22964,CL0945,P021,24/04/2024,3,1144.16,livre,marrakech,Carte,LIV1,
CMD41143,CL0411,P057,28/02/2023,1,2450.62,KO,kech,Carte,LIV6,
CMD18557,CL0199,P094,06/06/2023,1,1343.5,retourné,casa,Carte,LIV1,2023-06-11
CMD10455,CL0787,P080,06/08/2023,3,4580.04,annulé,TANGER,Carte,LIV6,
CMD36599,CL0877,P019,2023-06-17,1,1525.81,livré,Tnja,Carte,LIV6,2023-06-18
CMD47012,CL0282,P087,11/06/2023,5,2292.67,livré,kech,Carte,LIV5,2023-06-13
CMD31548,CL0425,P062,Jan 28 2023,3,2614.69,retourné,Tnja,Carte,LIV9,2023-02-02
CMD15324,CL0011,P009,Oct 19 2023,2,3460.94,livré,Tnja,Carte,LIV1,2023-10-22
CMD27636,CL0943,P001,2023-01-18,2,3857.22,livré,tanger,Carte,LIV1,2023-01-23
CMD28356,CL0595,P018,13/08/2023,4,4953.83,livré,tanger,Carte,LIV8,2023-08-16
CMD09491,CL0608,P075,Apr 04 2024,1,4079.94,livré,TANGER,Carte,LIV9,2024-04-09
CMD24715,CL0645,P004,Mar 24 2024,2,3743.95,OK,CASABLANCA,Carte,LIV4,
CMD43576,CL0127,P026,Jan 05 2023,2,2769.65,retourné,Tnja,Carte,LIV4,2023-01-08
CMD23551,CL0026,P062,Oct 22 2023,3,4211.69,en_cours,CASABLANCA,Carte,LIV3,
CMD26168,CL0072,P053,02/12/2023,5,2833.52,DONE,Tnja,Carte,LIV7,2023-12-04
CMD24106,CL0370,P087,18/02/2023,4,423.28,livré,kech,Carte,LIV6,2023-02-19
CMD07331,CL0898,P064,2023-06-06,1,2030.66,OK,tanger,Carte,LIV3,
CMD09855,CL0443,P039,2024-01-23,3,493.05,annulé,Tnja,Carte,LIV7,
CMD44809,CL0666,P069,20/05/2023,3,2497.93,LIVRE,casa,Carte,LIV1,2023-05-25
CMD41152,CL0818,P007,Mar 07 2023,5,4714.73,KO,TNG,Carte,LIV8,
CMD35252,CL0977,P041,Mar 07 2024,2,1110.98,livre,casa,Carte,LIV9,
CMD37178,CL0166,P052,09/01/2023,2,4758.34,livré,RBA,Carte,LIV2,2023-01-11
CMD44223,CL0586,P100,13/03/2023,3,1018.26,annulé,kech,Carte,LIV7,
CMD25712,CL0871,P049,24/01/2024,2,2919.15,livre,casa,Carte,LIV9,
CMD38708,CL0310,P037,2023-05-01,4,2538.4,en_cours,CASABLANCA,Carte,LIV9,
CMD07030,CL0874,P040,18/01/2024,5,4094.19,LIVRE,Tnja,Carte,LIV6,2024-01-21
CMD31100,CL0076,P016,Aug 10 2023,5,3398.99,livré,RBA,Carte,LIV7,2023-08-15
CMD21086,CL0884,P068,2024-01-29,5,3847.54,KO,marrakech,Carte,LIV9,
CMD19892,CL0167,P059,23/06/2023,2,3960.26,en_cours,CASABLANCA,Carte,LIV4,
CMD39576,CL0631,P007,2023-01-06,4,4131.62,en_cours,RBA,Carte,LIV8,
CMD07008,CL0955,P012,Jan 28 2023,1,3230.68,annulé,RBA,Carte,LIV6,
CMD39483,CL0093,P081,23/01/2024,4,740.76,en_cours,CASABLANCA,Carte,LIV9,
CMD08843,CL0013,P057,20/02/2024,4,1381.55,KO,tanger,Carte,LIV3,
CMD42112,CL0573,P043,16/12/2023,2,3210.71,annulé,kech,Carte,LIV1,
CMD03672,CL0185,P022,2023-04-18,4,105.78,annulé,CASABLANCA,Carte,LIV2,
CMD47743,CL0974,P098,2023-02-11,5,4370.94,retourné,tanger,Carte,,2023-02-16
CMD42784,CL0962,P050,19/04/2024,5,1519.67,OK,casa,Carte,LIV6,
CMD38579,CL0601,P012,Sep 25 2023,2,172.43,OK,Tnja,Carte,LIV6,
CMD24151,CL0176,P007,03/02/2024,2,966.36,retourné,casa,Carte,LIV4,2024-02-07
CMD09976,CL0744,P008,30/01/2024,3,4367.48,livré,tanger,Carte,LIV5,2024-01-31
CMD43887,CL0480,P031,26/11/2023,1,4855.01,DONE,tanger,Carte,LIV1,2023-12-01
CMD35080,CL0236,P021,Apr 04 2023,3,4311.64,KO,TNG,Carte,,
CMD23973,CL0971,P034,16/10/2023,5,3465.0,annulé,Agadir,Carte,LIV3,
CMD34316,CL0542,P068,2023-11-22,4,1071.72,retourné,RBA,Carte,LIV5,2023-11-24
CMD18628,CL0112,P001,28/03/2023,1,2234.51,en_cours,RBA,Carte,LIV3,
CMD19998,CL0723,P061,Jan 14 2024,1,1900.75,livre,tanger,Carte,LIV8,
CMD28064,CL0404,P080,02/05/2023,4,4200.73,LIVRE,CASABLANCA,Carte,LIV3,2023-05-07
CMD40977,CL0549,P048,28/08/2023,1,1281.35,livré,RBA,Carte,LIV9,2023-08-31
CMD41133,CL0214,P080,Feb 17 2023,2,378.53,livré,TNG,Carte,LIV9,2023-02-21
CMD43901,CL0660,P084,30/07/2023,2,212.96,en_cours,TNG,Carte,LIV5,
CMD08289,CL0664,P008,18/01/2023,3,2649.95,LIVRE,TNG,Carte,LIV6,2023-01-19
CMD17744,CL0776,P095,May 02 2024,3,1706.2,livré,kech,Carte,LIV9,2024-05-04
CMD32120,CL0956,P041,09/02/2023,1,4208.44,livre,casa,Carte,LIV7,
CMD05029,CL0748,P075,Apr 22 2024,3,3013.45,DONE,TANGER,Carte,LIV2,2024-04-27
CMD45628,CL0777,P003,Jan 30 2023,4,4816.08,livré,kech,Carte,LIV5,2023-02-03
CMD47407,CL0259,P044,May 21 2023,4,3315.98,retourné,marrakech,Carte,LIV9,2023-05-24
CMD05473,CL0713,P097,Jan 31 2023,3,3033.54,annulé,marrakech,Carte,LIV3,
CMD30523,CL0791,P053,2023-09-26,3,1644.07,retourné,tanger,Carte,LIV5,2023-09-27
CMD45679,CL0878,P098,2023-06-27,1,3249.1,annulé,casa,Carte,LIV8,
CMD32818,CL0055,P047,01/09/2023,3,4612.11,en_cours,Agadir,Carte,LIV3,
CMD46760,CL0503,P046,Feb 12 2023,2,957.35,annulé,kech,Carte,LIV2,
CMD06392,CL0920,P045,02/05/2024,2,1460.62,livré,casa,Carte,LIV3,2024-05-06
CMD44123,CL0503,P085,Jan 13 2023,4,3429.58,annulé,kech,Carte,LIV1,
CMD47738,CL0731,P051,2023-02-16,1,1255.17,LIVRE,casa,Carte,LIV7,2023-02-21
CMD28927,CL0302,P010,11/06/2023,5,3675.7,annulé,marrakech,Carte,LIV9,
CMD04439,CL0727,P047,Apr 04 2024,3,3125.71,livré,RBA,Carte,LIV1,2024-04-09
CMD46352,CL0363,P016,15/06/2023,1,1906.49,KO,CASABLANCA,Carte,LIV2,
CMD20270,CL0136,P088,2023-04-16,4,4466.08,DONE,tanger,Carte,LIV9,2023-04-21
CMD30864,CL0397,P034,18/02/2023,3,4442.74,OK,Agadir,Carte,LIV9,
CMD40275,CL0213,P052,2024-05-15,5,905.35,retourné,RBA,Carte,LIV7,2024-05-16
CMD13081,CL0745,P080,25/02/2024,1,2991.17,annulé,marrakech,Carte,LIV9,
CMD36604,CL0738,P086,Nov 02 2023,5,1011.65,livre,TANGER,Carte,LIV5,
CMD01663,CL0060,P079,Dec 31 2023,3,2303.55,livre,tanger,Carte,LIV10,
CMD14645,CL0218,P064,Jul 24 2023,2,3732.5,KO,Agadir,Carte,LIV10,
CMD40139,CL0261,P016,2023-02-22,5,2724.07,KO,RBA,Carte,LIV6,
CMD45800,CL0706,P026,2023-05-12,2,703.58,livré,kech,Carte,LIV3,2023-05-16
CMD36213,CL0061,P098,Mar 05 2024,1,1351.28,DONE,CASABLANCA,Carte,LIV5,2024-03-07
CMD30251,CL0870,P012,2023-05-22,2,802.37,en_cours,Agadir,Carte,LIV1,
CMD24993,CL0192,P092,Apr 30 2023,4,2817.84,annulé,CASABLANCA,Carte,LIV5,
CMD20651,CL0136,P034,23/02/2024,1,1251.62,livré,marrakech,Carte,LIV1,2024-02-27
CMD14398,CL0966,P018,Mar 07 2023,3,4938.77,livre,casa,Carte,LIV7,
CMD21574,CL0873,P095,03/01/2023,4,4346.08,LIVRE,TANGER,Carte,LIV4,2023-01-08
CMD30255,CL0028,P073,27/02/2023,5,4625.08,DONE,Tnja,Carte,LIV8,2023-02-28
CMD23638,CL0008,P097,2023-11-18,1,3123.66,annulé,TANGER,Carte,LIV2,
CMD47058,CL0446,P031,2024-04-18,1,0,annulé,TANGER,Carte,LIV1,
CMD00405,CL0433,P011,17/03/2024,1,3724.8,livré,casa,Carte,LIV1,2024-03-20
CMD41459,CL0546,P067,Jan 07 2024,5,4283.57,livré,Tnja,Carte,LIV5,2024-01-12
CMD01491,CL0991,P092,29/01/2024,3,507.55,KO,kech,Carte,LIV4,
CMD31019,CL0288,P043,2023-11-20,3,743.75,livré,TNG,Carte,LIV8,2023-11-22
CMD00682,CL0087,P052,08/05/2024,2,3017.83,OK,TANGER,Carte,LIV1,
CMD06080,CL0741,P068,12/02/2023,3,3471.97,livré,CASABLANCA,Carte,LIV6,2023-02-16
CMD02870,CL0717,P092,Aug 09 2023,3,372.19,en_cours,RBA,Carte,LIV7,
CMD19266,CL0159,P045,15/09/2023,3,4716.09,livré,marrakech,Carte,LIV5,2023-09-17
CMD06881,CL1000,P054,2023-09-19,1,4128.88,livré,Agadir,Carte,LIV4,2023-09-24
CMD07644,CL0595,P001,28/06/2023,4,1920.67,livre,Tnja,Carte,LIV5,
CMD02915,CL0013,P052,2023-01-07,4,1356.91,livre,TNG,Carte,,
CMD45915,CL0476,P047,2023-11-04,1,977.45,retourné,casa,Carte,LIV2,2023-11-06
CMD39037,CL0255,P063,2023-06-06,5,3031.95,LIVRE,CASABLANCA,Carte,LIV4,2023-06-10
CMD43491,CL0158,P021,Jun 06 2023,1,4756.25,DONE,Tnja,Carte,LIV8,2023-06-11
CMD03673,CL0833,P085,Jul 30 2023,1,1564.96,KO,marrakech,Carte,LIV10,
CMD20229,CL0179,P003,Feb 20 2024,3,587.62,DONE,TNG,Carte,LIV1,2024-02-21
CMD45731,CL0354,P024,2023-11-24,3,1516.89,DONE,Tnja,Carte,LIV1,2023-11-26
CMD21831,CL0123,P079,2023-06-07,4,1842.16,annulé,Tnja,Carte,LIV9,
CMD06533,CL0861,P019,17/03/2024,4,3464.23,livre,casa,Carte,LIV10,
CMD05216,CL0413,P063,12/12/2023,1,4665.78,livre,casa,Carte,LIV8,
CMD01334,CL0187,P099,11/11/2023,3,2724.14,en_cours,marrakech,Carte,LIV7,
CMD42023,CL0862,P037,14/04/2024,2,333.78,livré,marrakech,Carte,LIV4,2024-04-17
CMD23499,CL0097,P083,10/06/2023,2,1021.68,en_cours,CASABLANCA,Carte,LIV1,
CMD00639,CL0964,P079,Sep 29 2023,2,2417.31,DONE,tanger,Carte,LIV1,2023-10-03
CMD31205,CL0951,P029,2023-05-21,1,4741.37,annulé,kech,Carte,LIV2,
CMD28535,CL0180,P006,2024-05-09,2,340.33,livre,kech,Carte,LIV8,
CMD01220,CL0252,P022,Feb 02 2024,2,2354.94,LIVRE,TANGER,Carte,LIV5,2024-02-06
CMD31310,CL0560,P071,2023-02-23,5,1934.65,retourné,Tnja,Carte,LIV2,2023-02-28
CMD07902,CL0999,P076,Aug 27 2023,1,1319.11,DONE,CASABLANCA,Carte,LIV2,2023-08-31
CMD28162,CL0033,P064,2023-06-02,2,1955.17,KO,TNG,Carte,LIV8,
CMD42222,CL0868,P036,2023-03-29,3,4539.02,retourné,kech,Carte,LIV5,2023-03-31
CMD19338,CL0744,P095,11/10/2023,3,1205.69,OK,Tnja,Carte,,
CMD09159,CL0709,P090,Apr 20 2023,4,3931.21,annulé,RBA,Carte,LIV4,
CMD27982,CL0221,P010,Jan 07 2023,4,2995.86,KO,casa,Carte,LIV10,
CMD08896,CL0711,P048,30/05/2023,3,1103.4,livré,tanger,Carte,LIV6,2023-06-03
CMD35846,CL0171,P059,Apr 01 2023,2,602.39,DONE,kech,Carte,LIV3,2023-04-04
CMD13594,CL0541,P029,2023-05-08,5,2353.62,livre,kech,Carte,LIV1,
CMD12412,CL0908,P100,2023-04-06,3,3221.06,DONE,tanger,Carte,LIV9,2023-04-11
CMD07991,CL0192,P053,27/02/2023,5,3525.12,livre,TNG,Carte,LIV5,
CMD20052,CL0242,P098,Mar 21 2023,4,1115.14,annulé,marrakech,Carte,LIV9,
CMD40769,CL0737,P004,2023-09-06,4,134.99,LIVRE,CASABLANCA,Carte,LIV7,2023-09-11
CMD21962,CL0147,P100,12/09/2023,4,140.02,OK,TANGER,Carte,LIV4,
CMD22229,CL0684,P005,May 03 2024,2,4515.82,annulé,casa,Carte,LIV5,
CMD37163,CL0847,P006,May 16 2023,3,3693.17,KO,casa,Carte,LIV4,
CMD33422,CL0054,P097,2024-04-12,4,3546.58,LIVRE,TNG,Carte,LIV2,2024-04-14
CMD45994,CL0764,P070,2023-02-07,5,1970.22,annulé,TANGER,Carte,LIV7,
CMD08903,CL0155,P042,Jan 08 2024,2,3590.26,livre,RBA,Carte,LIV7,
CMD35653,CL0741,P007,Jan 18 2024,2,1777.08,LIVRE,TNG,Carte,LIV6,2024-01-22
CMD47309,CL0628,P067,2023-04-01,4,790.37,livré,casa,Carte,LIV6,2023-04-03
CMD34765,CL0157,P050,Mar 30 2023,3,2005.17,LIVRE,TANGER,Carte,LIV1,2023-04-01
CMD31923,CL0545,P053,Jan 05 2023,2,4213.64,retourné,Tnja,Carte,LIV5,2023-01-07
CMD00146,CL0319,P070,2023-06-01,2,4560.56,DONE,TNG,Carte,LIV6,2023-06-05
CMD17282,CL0145,P039,Jan 08 2024,2,52.62,DONE,RBA,Carte,LIV2,2024-01-09
CMD26338,CL0137,P062,2023-06-03,3,2779.28,annulé,Agadir,Carte,LIV7,
CMD18023,CL0695,P094,Apr 27 2023,5,3460.08,DONE,kech,Carte,LIV7,2023-04-30
CMD12667,CL0402,P078,Feb 19 2023,4,716.83,livre,tanger,Carte,LIV6,
CMD41383,CL0918,P003,2024-02-29,3,296.17,livré,TNG,Carte,LIV5,2024-03-01
CMD11081,CL0649,P007,2023-03-05,1,1043.7,KO,marrakech,Carte,LIV4,
CMD35743,CL0939,P095,2023-08-23,4,643.77,annulé,kech,Carte,LIV2,
CMD33494,CL0643,P098,Jun 04 2023,3,1222.97,KO,marrakech,Carte,LIV7,
CMD15421,CL0486,P028,2024-03-30,1,888.5,livré,casa,Carte,LIV8,2024-04-04
CMD32208,CL0820,P077,2023-06-23,1,721.05,OK,Agadir,Carte,LIV9,
CMD37984,CL0897,P089,10/02/2023,5,2470.72,livré,RBA,Carte,LIV5,2023-02-15
CMD16948,CL0643,P015,2023-08-29,1,60.56,livré,TANGER,Carte,LIV2,2023-09-02
CMD07542,CL0224,P044,08/08/2023,5,3124.71,DONE,casa,Carte,LIV1,2023-08-13
CMD11559,CL0734,P100,Jul 02 2023,4,3841.48,livré,TNG,Carte,LIV10,2023-07-06
CMD40333,CL0215,P020,13/11/2023,4,1758.05,retourné,kech,Carte,LIV2,2023-11-16
CMD15034,CL0353,P044,11/09/2023,2,3739.81,OK,Agadir,Carte,LIV1,
CMD48086,CL0850,P100,Mar 05 2024,4,3157.43,LIVRE,TANGER,Carte,LIV5,2024-03-09
CMD32350,CL0937,P088,Jan 28 2024,5,1758.49,KO,TANGER,Carte,LIV2,
CMD28997,CL0071,P077,31/01/2024,4,1660.12,LIVRE,TANGER,Carte,LIV6,2024-02-03
CMD02719,CL0355,P045,2023-05-06,1,2674.81,livré,marrakech,Carte,LIV3,2023-05-07
CMD16475,CL0672,P052,22/04/2023,3,1035.01,OK,Agadir,Carte,LIV3,
CMD47659,CL0830,P063,2023-06-14,1,522.42,annulé,CASABLANCA,Carte,LIV4,
CMD47882,CL0152,P048,Dec 18 2023,3,4449.51,LIVRE,tanger,Carte,LIV10,2023-12-22
CMD15742,CL0375,P019,Dec 02 2023,2,1606.28,annulé,TANGER,Carte,LIV8,
CMD44846,CL0718,P066,Oct 29 2023,5,4851.98,DONE,marrakech,Carte,LIV2,2023-11-02
CMD21237,CL0666,P053,2023-11-05,5,2988.25,livré,Agadir,Carte,LIV5,2023-11-07
CMD27148,CL0757,P012,2023-06-21,5,4883.36,KO,Tnja,Carte,LIV1,
CMD43826,CL0694,P031,Aug 14 2023,5,3722.01,LIVRE,casa,Carte,LIV4,2023-08-16
CMD03378,CL0858,P076,01/01/2024,5,3089.82,en_cours,tanger,Carte,LIV7,
CMD24962,CL0760,P096,2023-04-25,1,574.92,livré,TANGER,Carte,LIV3,2023-04-28
CMD27352,CL0993,P040,2024-03-12,1,4059.24,DONE,Tnja,Carte,LIV5,2024-03-17
CMD22393,CL0128,P070,13/03/2023,1,4032.13,retourné,Agadir,Carte,LIV1,2023-03-18
CMD25980,CL0731,P016,2023-02-19,5,1367.77,retourné,kech,Carte,LIV10,2023-02-23
CMD08364,CL0424,P086,Mar 13 2023,1,1854.91,livré,tanger,Carte,LIV4,2023-03-16
CMD00491,CL0231,P029,06/07/2023,1,3545.95,annulé,casa,Carte,LIV3,
CMD20535,CL0963,P042,2023-09-19,2,1885.88,DONE,Tnja,Carte,,2023-09-24
CMD03229,CL0937,P018,2023-04-23,3,3523.52,retourné,TANGER,Carte,LIV5,2023-04-25
CMD45602,CL0296,P052,26/12/2023,1,3709.18,annulé,Agadir,Carte,,
CMD00138,CL0518,P003,Apr 06 2024,1,1305.67,KO,tanger,Carte,LIV7,
CMD26943,CL0494,P079,25/02/2024,4,4843.82,DONE,RBA,Carte,LIV3,2024-02-28
CMD40396,CL0032,P005,2023-03-12,1,1089.06,OK,TANGER,Carte,LIV3,
CMD12896,CL0004,P067,Apr 27 2024,1,2706.46,DONE,casa,Carte,LIV8,2024-05-01
CMD04020,CL0877,P073,Jun 16 2023,1,1652.01,en_cours,TANGER,Carte,LIV4,
CMD14253,CL0755,P067,Nov 02 2023,4,774.62,annulé,Tnja,Carte,LIV6,
CMD35265,CL0546,P003,Feb 24 2024,3,612.11,KO,Agadir,Carte,LIV7,
CMD08477,CL0600,P083,May 01 2024,2,4474.95,livré,CASABLANCA,Carte,LIV10,2024-05-02
CMD34068,CL0686,P038,2023-06-29,5,595.66,KO,CASABLANCA,Carte,LIV1,
CMD31838,CL0345,P026,2024-04-18,1,3295.71,annulé,marrakech,Carte,LIV9,
CMD08334,CL0114,P037,Sep 25 2023,5,2041.96,en_cours,TANGER,Carte,LIV5,
CMD01633,CL0786,P093,27/06/2023,2,1272.55,en_cours,casa,Carte,,
CMD30789,CL0362,P046,07/05/2023,2,3745.68,annulé,RBA,Carte,LIV10,
CMD38668,CL0382,P080,2023-05-02,2,607.41,livré,marrakech,Carte,LIV2,2023-05-05
CMD38848,CL0075,P047,28/01/2023,1,847.05,livré,Agadir,Carte,LIV1,2023-02-01
CMD02845,CL0794,P058,Dec 14 2023,1,2976.19,livré,Tnja,Carte,LIV3,2023-12-15
CMD44143,CL0140,P018,19/04/2024,1,2309.39,livré,tanger,Carte,LIV5,2024-04-20
CMD17648,CL0541,P066,Mar 25 2024,2,2577.9,DONE,TANGER,Carte,,2024-03-27
CMD33743,CL0648,P078,18/05/2023,2,2822.44,retourné,RBA,Carte,,2023-05-21
CMD01643,CL0250,P075,2023-05-04,5,2967.64,DONE,kech,Carte,LIV10,2023-05-07
CMD43980,CL0328,P041,2023-03-04,4,1183.24,livré,TANGER,Carte,LIV4,2023-03-07
CMD30304,CL0785,P087,2023-05-11,2,2112.3,KO,kech,Carte,LIV5,
CMD11944,CL0045,P002,20/01/2023,1,4278.03,en_cours,RBA,Carte,LIV9,
CMD44698,CL0800,P044,12/08/2023,3,885.92,retourné,TNG,Carte,LIV9,2023-08-15
CMD30556,CL0438,P056,Nov 29 2023,3,2456.43,livre,Tnja,Carte,LIV10,
CMD04050,CL0386,P080,2023-07-23,5,522.27,DONE,casa,Carte,LIV3,2023-07-28
CMD20585,CL0545,P019,Dec 28 2023,1,1319.77,OK,kech,Carte,LIV2,
CMD04106,CL0606,P075,2023-03-11,1,420.69,OK,RBA,Carte,,
CMD35624,CL0235,P051,Jul 14 2023,3,2362.68,DONE,Agadir,Carte,LIV10,2023-07-16
CMD13359,CL0566,P022,Nov 13 2023,3,445.56,retourné,TNG,Carte,LIV2,2023-11-16
CMD38205,CL0423,P082,22/07/2023,1,1173.25,DONE,RBA,Carte,LIV8,2023-07-27
CMD02049,CL0434,P013,2023-08-06,3,2001.76,retourné,CASABLANCA,Carte,LIV7,2023-08-08
CMD18225,CL0852,P019,23/02/2023,2,1168.99,livré,RBA,Carte,LIV6,2023-02-27
CMD14351,CL0972,P089,Aug 16 2023,2,2459.56,DONE,Tnja,Carte,LIV10,2023-08-17
CMD32049,CL0593,P001,2023-10-12,3,2008.63,retourné,Tnja,Carte,LIV9,2023-10-13
CMD43936,CL0315,P064,2023-11-06,2,3669.92,livre,RBA,Carte,LIV7,
CMD10544,CL0617,P084,Feb 09 2024,4,4083.41,LIVRE,Tnja,Carte,LIV6,2024-02-13
CMD26789,CL0295,P075,13/05/2023,5,2473.14,livré,RBA,Carte,LIV2,2023-05-14
CMD12053,CL0094,P062,2024-05-07,3,2336.38,annulé,casa,Carte,LIV3,
CMD07876,CL0541,P098,2023-10-04,4,3196.99,LIVRE,TANGER,Carte,LIV3,2023-10-08
CMD32808,CL0674,P019,Sep 15 2023,3,1751.66,DONE,Tnja,Carte,LIV10,2023-09-16
CMD18463,CL0825,P087,11/04/2024,4,4339.47,livre,TANGER,Carte,LIV2,
CMD30068,CL0504,P023,Apr 21 2024,1,1234.54,livré,casa,Carte,LIV5,2024-04-23
CMD45744,CL0876,P093,Apr 16 2024,3,2616.31,livré,casa,Carte,LIV2,2024-04-20
CMD16788,CL0109,P038,2023-10-26,4,4462.74,livre,marrakech,Carte,,
CMD24570,CL0459,P090,Apr 16 2023,2,2771.74,OK,kech,Carte,LIV2,
CMD14322,CL0847,P029,05/11/2023,2,2929.4,LIVRE,kech,Carte,LIV3,2023-11-06
CMD45845,CL0365,P042,26/02/2023,4,1656.35,KO,CASABLANCA,Carte,LIV1,
CMD02377,CL0460,P055,25/05/2023,4,1819.55,DONE,Tnja,Carte,LIV10,2023-05-27
CMD07185,CL0200,P021,Jul 22 2023,1,2240.14,DONE,marrakech,Carte,LIV9,2023-07-23
CMD05814,CL0423,P038,2023-05-24,1,3685.76,livré,casa,Carte,LIV7,2023-05-25
CMD32455,CL0437,P024,2023-10-18,3,4231.1,livré,TANGER,Carte,LIV8,2023-10-21
CMD25335,CL0935,P035,Jan 20 2023,1,1740.11,annulé,Tnja,Carte,LIV6,
CMD21022,CL0596,P056,2024-01-01,3,2537.18,livré,Tnja,Carte,LIV5,2024-01-03
CMD29570,CL0244,P080,Jan 08 2023,4,4032.06,KO,casa,Carte,LIV4,
CMD37176,CL0182,P001,22/08/2023,5,2597.16,DONE,Tnja,Carte,LIV6,2023-08-25
CMD12835,CL0907,P009,Dec 09 2023,3,1457.44,KO,Tnja,Carte,LIV8,
CMD07755,CL0547,P019,2023-02-10,3,2004.52,livré,TNG,Carte,LIV8,2023-02-13
CMD23258,CL0128,P038,23/11/2023,3,415.66,livré,tanger,Carte,LIV6,2023-11-26
CMD16451,CL0944,P098,10/04/2023,4,1035.76,DONE,TANGER,Carte,LIV9,2023-04-11
CMD25859,CL0338,P088,Dec 31 2023,4,453.39,livré,TNG,Carte,LIV8,2024-01-02
CMD19355,CL0135,P027,Jan 28 2023,3,1915.8,annulé,tanger,Carte,LIV7,
CMD19024,CL0500,P058,03/04/2024,1,3824.75,livré,marrakech,Carte,LIV9,2024-04-08
CMD27480,CL0179,P004,Jun 28 2023,2,4417.02,retourné,casa,Carte,LIV10,2023-06-29
CMD16048,CL0620,P097,15/05/2023,1,3230.34,DONE,CASABLANCA,Carte,LIV5,2023-05-20
CMD30434,CL0070,P039,10/01/2024,1,2013.88,livré,TNG,Carte,LIV5,2024-01-11
CMD08906,CL0935,P023,Apr 13 2023,1,2703.03,livré,TANGER,Carte,LIV10,2023-04-14
CMD22710,CL0782,P087,Jan 10 2024,5,296.14,annulé,marrakech,Carte,LIV6,
CMD10371,CL0195,P083,Dec 26 2023,2,2189.35,OK,kech,Carte,LIV6,
CMD45142,CL0269,P037,Jan 02 2023,5,4222.54,KO,TNG,Carte,,
CMD33352,CL0613,P002,03/11/2023,1,1491.01,DONE,marrakech,Carte,LIV6,2023-11-08
CMD33620,CL0836,P022,2023-10-04,2,0,en_cours,Tnja,Carte,,
CMD21596,CL0972,P055,2023-06-08,3,527.83,OK,Tnja,Carte,LIV2,
CMD17700,CL0862,P069,2023-09-02,4,1779.56,OK,casa,Carte,LIV10,
CMD22457,CL0011,P041,2023-11-19,3,3588.81,livré,tanger,Carte,LIV5,2023-11-21
CMD12480,CL0601,P037,06/03/2023,5,2035.46,annulé,TANGER,Carte,LIV9,
CMD32465,CL0130,P086,Oct 26 2023,5,2578.54,en_cours,TANGER,Carte,LIV2,
CMD42311,CL0248,P098,31/01/2023,5,4452.89,livré,CASABLANCA,Carte,LIV5,2023-02-03
CMD25432,CL0567,P069,2023-10-31,3,526.16,livré,Tnja,Carte,,2023-11-02
CMD17692,CL0710,P099,Jan 21 2024,3,0,livré,TNG,Carte,LIV6,2024-01-23
CMD10038,CL0993,P080,Dec 05 2023,1,2862.93,livré,TNG,Carte,LIV4,2023-12-10
CMD44754,CL0061,P058,Jun 29 2023,1,4144.37,KO,TNG,Carte,LIV10,
CMD15060,CL0307,P085,Sep 03 2023,4,4800.67,livré,RBA,Carte,LIV1,2023-09-06
CMD19388,CL0197,P069,2023-08-18,5,2628.94,en_cours,RBA,Carte,LIV2,
CMD27097,CL0677,P090,Jan 11 2023,1,4919.14,KO,Agadir,Carte,LIV1,
CMD01461,CL0536,P035,Feb 24 2023,1,913.8,DONE,kech,Carte,LIV7,2023-03-01
CMD45896,CL0438,P029,17/09/2023,5,3826.4,en_cours,TANGER,Carte,LIV10,
CMD33201,CL0156,P005,14/10/2023,5,1680.57,retourné,CASABLANCA,Carte,LIV10,2023-10-19
CMD07038,CL0387,P049,2024-03-07,4,2391.85,DONE,RBA,Carte,LIV10,2024-03-09
CMD28015,CL0411,P021,Apr 10 2024,1,4332.59,livre,marrakech,Carte,LIV2,
CMD17208,CL0719,P082,2023-08-05,2,2371.91,livré,CASABLANCA,Carte,LIV7,2023-08-09
CMD08104,CL0896,P096,29/02/2024,3,2951.49,retourné,TANGER,Carte,LIV6,2024-03-01
CMD06176,CL0987,P003,06/04/2023,4,643.94,en_cours,TANGER,Carte,,
CMD36038,CL0401,P010,16/07/2023,3,2694.09,livré,Agadir,Carte,LIV6,2023-07-20
CMD35853,CL0883,P022,06/12/2023,2,2167.41,DONE,casa,Carte,LIV4,2023-12-10
CMD15171,CL0746,P051,11/09/2023,5,89.25,LIVRE,kech,Carte,LIV4,2023-09-16
CMD43675,CL0664,P053,2024-01-08,1,0,DONE,TNG,Carte,LIV9,2024-01-13
CMD17086,CL0956,P091,22/01/2024,5,571.35,LIVRE,Tnja,Carte,LIV3,2024-01-24
CMD12736,CL0496,P043,2024-03-23,3,4740.44,retourné,Tnja,Carte,LIV3,2024-03-26
CMD43672,CL0150,P029,04/04/2023,1,1436.13,livré,TNG,Carte,LIV2,2023-04-08
CMD45088,CL0659,P087,2023-11-08,4,3212.65,LIVRE,casa,Carte,LIV8,2023-11-12
CMD23189,CL0405,P024,Apr 08 2024,3,738.3,KO,tanger,Carte,LIV5,
CMD20865,CL0308,P057,Jul 19 2023,1,1963.79,KO,Tnja,Carte,LIV2,
CMD42241,CL0367,P018,Dec 27 2023,4,3124.86,retourné,TNG,Carte,LIV9,2023-12-30
CMD01900,CL0063,P015,23/03/2024,5,4386.6,livré,TANGER,Carte,,2024-03-24
CMD27798,CL0684,P044,2024-01-31,3,4398.1,retourné,Tnja,Carte,LIV3,2024-02-03
CMD03999,CL0018,P033,07/02/2023,3,1534.27,OK,TNG,Carte,LIV4,
CMD44721,CL0106,P013,2023-10-02,5,4744.39,livré,kech,Carte,LIV9,2023-10-03
CMD37772,CL0808,P077,2024-01-11,4,4996.31,LIVRE,tanger,Carte,LIV1,2024-01-16
CMD04032,CL0036,P096,28/10/2023,3,1604.36,OK,Agadir,Carte,LIV9,
CMD31883,CL0471,P009,Jun 27 2023,5,2181.32,livré,RBA,Carte,LIV1,2023-07-01
CMD21019,CL0433,P024,17/01/2023,5,1899.45,DONE,TNG,Carte,,2023-01-19
CMD29560,CL0693,P077,Jan 08 2024,4,2405.88,annulé,CASABLANCA,Carte,LIV9,
CMD46516,CL0690,P051,2023-06-19,2,629.93,livré,Tnja,Carte,LIV8,2023-06-23
CMD20007,CL0902,P068,06/03/2023,1,4362.08,livré,RBA,Carte,LIV7,2023-03-08
CMD35936,CL0698,P045,07/06/2023,1,1506.38,livré,RBA,Carte,LIV4,2023-06-11
CMD15915,CL0289,P085,16/05/2023,1,2040.09,livré,tanger,Carte,LIV10,2023-05-17
CMD12009,CL0800,P093,Dec 13 2023,4,2192.9,livré,Agadir,Carte,LIV9,2023-12-15
CMD36964,CL0531,P015,04/01/2024,1,3780.93,OK,CASABLANCA,Carte,LIV9,
CMD18598,CL0828,P016,18/11/2023,4,3485.01,livre,kech,Carte,LIV7,
CMD33704,CL0810,P100,Sep 28 2023,4,1251.07,livre,tanger,Carte,LIV5,
CMD38230,CL0908,P098,24/09/2023,2,4442.63,livré,Tnja,Carte,LIV5,2023-09-26
CMD26260,CL0160,P027,2023-01-20,5,1003.45,LIVRE,CASABLANCA,Carte,LIV6,2023-01-22
CMD16039,CL0990,P089,09/12/2023,5,4521.54,livré,RBA,Carte,LIV2,2023-12-14
CMD45613,CL0380,P091,Jan 12 2023,3,2116.92,retourné,RBA,Carte,LIV5,2023-01-16
CMD46292,CL0552,P035,Oct 20 2023,5,744.04,en_cours,RBA,Carte,LIV4,
CMD22254,CL0057,P004,2023-08-18,3,4394.22,livré,tanger,Carte,LIV8,2023-08-21
CMD06198,CL0005,P011,2024-03-21,1,69.17,DONE,kech,Carte,LIV9,2024-03-23
CMD07730,CL0632,P072,09/10/2023,5,2023.64,OK,tanger,Carte,LIV3,
CMD40094,CL0813,P021,2023-05-13,2,1383.69,livré,Tnja,Carte,LIV9,2023-05-17
CMD18084,CL0879,P028,27/03/2024,5,1352.78,retourné,TANGER,Carte,LIV2,2024-04-01
CMD16577,CL0595,P048,20/12/2023,2,0,annulé,Agadir,Carte,LIV2,
CMD48484,CL0413,P034,19/06/2023,4,4876.98,KO,TNG,Carte,LIV6,
CMD12096,CL0155,P011,13/08/2023,1,2549.52,DONE,Agadir,Carte,LIV1,2023-08-17
CMD44348,CL0894,P002,19/12/2023,5,4273.55,LIVRE,TNG,Carte,LIV4,2023-12-22
CMD20085,CL0283,P025,May 12 2024,5,1472.31,LIVRE,CASABLANCA,Carte,LIV10,2024-05-17
CMD01278,CL0393,P096,01/06/2023,1,1854.8,OK,Agadir,Carte,LIV2,
CMD34411,CL0820,P097,Sep 05 2023,3,176.75,annulé,Tnja,Carte,LIV5,
CMD02708,CL0114,P055,Jun 24 2023,1,2521.31,DONE,casa,Carte,LIV9,2023-06-27
CMD47452,CL0933,P072,2023-12-08,5,1876.32,retourné,Tnja,Carte,LIV5,2023-12-11
CMD34521,CL0292,P007,17/01/2024,5,3950.11,livre,TNG,Carte,LIV3,
CMD44203,CL0924,P043,01/04/2024,2,4374.16,en_cours,casa,Carte,LIV3,
CMD27483,CL0492,P065,2023-01-27,5,4750.73,en_cours,tanger,Carte,LIV4,
CMD10034,CL0531,P004,2023-11-25,2,2392.73,KO,CASABLANCA,Carte,LIV4,
CMD22083,CL0795,P015,Mar 17 2024,1,3708.33,retourné,TANGER,Carte,LIV1,2024-03-19
CMD27906,CL0160,P018,25/09/2023,1,852.28,OK,tanger,Carte,LIV2,
CMD00876,CL0581,P020,2024-01-17,4,3579.65,KO,tanger,Carte,LIV8,
CMD27024,CL0955,P042,29/03/2024,4,462.49,retourné,Agadir,Carte,LIV8,2024-03-30
CMD04068,CL0082,P047,2023-03-29,4,1875.54,livré,marrakech,Carte,LIV3,2023-04-01
CMD34342,CL0892,P017,2023-12-19,1,2528.44,LIVRE,TNG,Carte,LIV2,2023-12-22
CMD22258,CL0558,P092,03/01/2024,2,2523.08,KO,RBA,Carte,LIV10,
CMD40907,CL0057,P001,22/08/2023,3,2715.79,retourné,TANGER,Carte,LIV9,2023-08-23
CMD16982,CL0225,P013,2024-02-16,4,1269.26,DONE,Tnja,Carte,LIV2,2024-02-21
CMD23416,CL0606,P006,01/02/2023,1,2723.15,livre,casa,Carte,LIV9,
CMD05062,CL0318,P043,25/08/2023,5,2250.79,livré,RBA,Carte,LIV2,2023-08-27
CMD03331,CL0356,P022,2023-02-07,1,1974.33,livre,marrakech,Carte,LIV6,
CMD39074,CL0992,P047,30/03/2024,1,460.55,retourné,TANGER,Carte,LIV8,2024-04-02
CMD26850,CL0805,P043,2023-04-01,1,1775.11,OK,TNG,Carte,LIV9,
CMD22500,CL0366,P020,Feb 27 2024,1,3916.78,annulé,marrakech,Carte,LIV9,
CMD42312,CL0766,P001,2024-01-31,3,1282.36,livré,RBA,Carte,LIV10,2024-02-04
CMD13370,CL0528,P030,May 04 2024,4,762.35,OK,Agadir,Carte,LIV5,
CMD17302,CL0605,P097,2023-06-08,5,3907.46,livré,marrakech,Carte,LIV8,2023-06-12
CMD10897,CL0261,P016,Feb 20 2024,4,1430.83,livre,Tnja,Carte,LIV10,
CMD18222,CL0154,P071,2023-12-22,5,2525.86,DONE,TANGER,Carte,LIV1,2023-12-23
CMD04441,CL0442,P065,2024-02-05,1,2826.5,DONE,marrakech,Carte,LIV7,2024-02-08
CMD08823,CL0024,P044,24/12/2023,3,2745.27,annulé,marrakech,Carte,,
CMD42502,CL0619,P064,Jan 13 2024,5,3075.05,DONE,tanger,Carte,LIV10,2024-01-14
CMD27772,CL0275,P041,24/04/2023,5,0,DONE,Tnja,Carte,LIV10,2023-04-27
CMD18638,CL0694,P085,2024-04-20,3,3093.5,livré,TANGER,Carte,LIV5,2024-04-22
CMD00406,CL0753,P023,Feb 24 2023,4,2431.74,KO,Tnja,Carte,,
CMD44728,CL0303,P044,2023-08-15,5,2897.45,annulé,Agadir,Carte,LIV4,
CMD00174,CL0322,P078,02/01/2024,4,51.53,LIVRE,Tnja,Carte,LIV4,2024-01-04
CMD27949,CL0455,P060,08/01/2023,4,930.87,livre,tanger,Carte,LIV6,
CMD34999,CL0090,P098,10/01/2024,4,4843.45,livré,kech,Carte,LIV9,2024-01-11
CMD01965,CL0839,P015,Dec 18 2023,5,1828.36,livré,tanger,Carte,LIV4,2023-12-20
CMD36137,CL0277,P024,22/01/2024,3,1132.71,livré,TNG,Carte,LIV5,2024-01-24
CMD17643,CL0530,P049,2023-04-24,3,362.12,livré,marrakech,Carte,LIV4,2023-04-27
CMD21616,CL0651,P081,2024-01-29,2,4833.44,KO,TANGER,Carte,LIV9,
CMD38321,CL0460,P009,Jan 08 2023,5,1946.71,retourné,tanger,Carte,LIV3,2023-01-10
CMD06196,CL0698,P089,05/01/2023,4,3609.82,livré,casa,Carte,LIV10,2023-01-06
CMD28520,CL0147,P037,28/01/2023,4,2155.43,livré,Tnja,Carte,LIV10,2023-02-01
CMD01691,CL0355,P066,23/10/2023,3,4644.89,OK,Tnja,Carte,LIV5,
CMD22789,CL0729,P100,2024-04-18,5,4935.39,retourné,marrakech,Carte,LIV10,2024-04-23
CMD37630,CL0679,P049,03/01/2023,5,3491.37,livre,TNG,Carte,,
CMD46831,CL0759,P032,2023-11-16,1,3052.58,annulé,Tnja,Carte,LIV6,
CMD16286,CL0429,P060,Feb 08 2023,2,205.47,DONE,CASABLANCA,Carte,LIV10,2023-02-11
CMD03228,CL0983,P060,Aug 06 2023,4,1732.24,retourné,Tnja,Carte,LIV2,2023-08-10
CMD09597,CL0460,P030,19/03/2023,5,1196.8,LIVRE,Agadir,Carte,LIV3,2023-03-24
CMD20209,CL0264,P036,2023-11-26,2,0,livre,RBA,Carte,LIV10,
CMD25386,CL0110,P007,Dec 01 2023,4,2753.19,LIVRE,tanger,Carte,LIV1,2023-12-02
CMD35104,CL0996,P028,2023-11-13,5,1691.91,DONE,RBA,Carte,LIV1,2023-11-16
CMD21893,CL0335,P089,2023-04-15,4,1449.87,OK,kech,Carte,LIV8,
CMD40908,CL0621,P058,Jul 27 2023,1,453.4,en_cours,tanger,Carte,LIV8,
CMD14395,CL0999,P048,2023-02-27,4,4697.42,retourné,RBA,Carte,LIV1,2023-03-02
CMD45737,CL0775,P007,2023-11-25,4,2966.44,KO,Tnja,Carte,LIV6,
CMD25248,CL0527,P098,2023-01-20,4,959.33,livre,marrakech,Carte,LIV4,
CMD14623,CL0391,P026,Jun 26 2023,1,749.98,livre,CASABLANCA,Carte,LIV5,
CMD29095,CL0657,P030,Jan 22 2024,2,448.03,en_cours,Tnja,Carte,LIV10,
CMD27086,CL0707,P073,14/10/2023,4,1392.88,retourné,Tnja,Carte,LIV9,2023-10-16
CMD29210,CL0089,P100,Oct 14 2023,5,1670.87,LIVRE,TNG,Carte,LIV10,2023-10-19
CMD06500,CL0180,P082,2024-03-26,2,4238.93,livré,Tnja,Carte,LIV9,2024-03-31
CMD08403,CL0456,P009,Jul 24 2023,2,3573.67,KO,TNG,Carte,LIV2,
CMD04730,CL0194,P021,Nov 01 2023,1,2831.92,livré,casa,Carte,LIV2,2023-11-02
CMD26254,CL0649,P050,Jan 13 2024,5,2003.76,livré,CASABLANCA,Carte,LIV8,2024-01-18
CMD41572,CL0589,P079,Jan 21 2023,4,966.3,DONE,TNG,Carte,LIV1,2023-01-24
CMD06680,CL0753,P055,Nov 21 2023,3,2467.32,annulé,TNG,Carte,LIV4,
CMD09390,CL0885,P057,2023-01-06,3,2187.59,livré,TANGER,Carte,LIV8,2023-01-08
CMD25999,CL0677,P097,2023-01-09,4,2456.71,livré,marrakech,Carte,LIV6,2023-01-10
CMD12341,CL0053,P019,09/04/2023,4,4340.57,LIVRE,RBA,Carte,,2023-04-14
CMD30592,CL0783,P026,2023-10-28,5,0,OK,Tnja,Carte,LIV8,
CMD15911,CL0388,P039,2023-06-30,5,1887.15,OK,casa,Carte,LIV1,
CMD32293,CL0501,P085,Dec 16 2023,5,3072.89,LIVRE,TNG,Carte,LIV7,2023-12-20
CMD19521,CL0333,P067,2023-01-28,3,3108.25,livré,Agadir,Carte,,2023-01-29
CMD07853,CL0658,P081,Jul 02 2023,4,1487.38,livré,Agadir,Carte,LIV1,2023-07-03
CMD36329,CL0803,P054,2023-03-06,4,548.1,livré,kech,Carte,LIV8,2023-03-10
CMD17686,CL0194,P047,2023-09-05,4,3814.45,LIVRE,casa,Carte,LIV6,2023-09-07
CMD11022,CL0243,P086,Jul 10 2023,4,3706.58,KO,Tnja,Carte,LIV10,
CMD16181,CL0868,P010,2023-09-18,1,758.76,LIVRE,casa,Carte,LIV9,2023-09-21
CMD44131,CL0040,P033,2024-04-01,3,1760.69,retourné,CASABLANCA,Carte,LIV8,2024-04-03
CMD18017,CL0701,P081,21/02/2023,4,306.64,annulé,RBA,Carte,LIV7,
CMD02297,CL0003,P043,Sep 19 2023,1,4077.33,retourné,TNG,Carte,LIV3,2023-09-20
CMD32861,CL0069,P081,Feb 02 2023,4,1332.52,retourné,CASABLANCA,Carte,LIV7,2023-02-04
CMD15926,CL0541,P043,06/05/2023,5,3128.63,livré,casa,Carte,LIV5,2023-05-07
CMD45687,CL0391,P056,Feb 03 2023,2,3320.96,annulé,kech,Carte,LIV10,
CMD13193,CL0957,P021,Jul 10 2023,2,1660.64,LIVRE,RBA,Carte,LIV9,2023-07-12
CMD07144,CL0018,P040,2024-04-21,4,3701.42,DONE,tanger,Carte,LIV9,2024-04-22
CMD31165,CL0610,P066,18/12/2023,3,1989.53,DONE,Tnja,Carte,LIV3,2023-12-23
CMD16045,CL0249,P085,Feb 19 2023,4,3139.78,retourné,tanger,Carte,LIV10,2023-02-22
CMD41998,CL0955,P100,30/01/2023,2,3155.57,DONE,marrakech,Carte,LIV2,2023-02-01
CMD47613,CL0522,P075,24/12/2023,4,3317.37,livré,Tnja,Carte,LIV8,2023-12-26
CMD09075,CL0592,P040,29/04/2024,4,3499.66,livré,RBA,Carte,LIV3,2024-05-02
CMD15173,CL0592,P079,Mar 04 2024,3,2756.36,en_cours,TANGER,Carte,LIV6,
CMD19208,CL0847,P044,06/10/2023,2,3877.87,annulé,Tnja,Carte,LIV4,
CMD26659,CL0014,P073,Nov 13 2023,1,3983.84,OK,kech,Carte,LIV2,
CMD30632,CL0725,P017,14/03/2023,5,1139.23,annulé,Agadir,Carte,LIV7,
CMD02301,CL0475,P099,22/02/2024,1,1841.38,annulé,tanger,Carte,LIV7,
CMD44371,CL0301,P089,14/09/2023,2,1981.12,KO,Agadir,Carte,LIV10,
CMD35787,CL0222,P098,May 10 2023,4,3453.93,en_cours,Agadir,Carte,LIV7,
CMD15331,CL0191,P001,2024-04-28,4,3601.84,livré,Agadir,Carte,LIV7,2024-05-03
CMD11177,CL0492,P042,2024-05-01,4,2278.19,retourné,casa,Carte,LIV10,2024-05-03
CMD28292,CL0234,P094,2023-12-12,5,721.48,KO,casa,Carte,,
CMD17259,CL0451,P002,02/05/2023,3,870.97,LIVRE,Agadir,Carte,LIV1,2023-05-04
CMD05625,CL0106,P074,2023-04-20,3,1668.59,OK,Tnja,Carte,LIV6,
CMD26685,CL0931,P033,2023-09-22,3,2581.56,KO,TNG,Carte,LIV4,
CMD44700,CL0126,P059,2023-06-02,3,430.84,en_cours,Agadir,Carte,LIV5,
CMD17860,CL0575,P024,30/04/2024,2,428.11,annulé,CASABLANCA,Carte,LIV9,
CMD17451,CL0371,P013,31/07/2023,2,3281.55,en_cours,casa,Carte,LIV2,
CMD40400,CL0348,P085,08/12/2023,1,1861.41,livré,tanger,Carte,LIV5,2023-12-11
CMD33344,CL0296,P069,May 18 2023,2,2505.43,DONE,casa,Carte,LIV10,2023-05-22
CMD06981,CL0172,P014,2024-03-09,1,2722.71,livré,tanger,Carte,LIV6,2024-03-11
CMD17981,CL0502,P013,Jun 10 2023,1,168.05,DONE,CASABLANCA,Carte,LIV4,2023-06-15
CMD31144,CL0886,P077,2023-10-06,5,3728.27,DONE,TNG,Carte,LIV5,2023-10-08
CMD33320,CL0558,P003,2023-06-05,2,2097.64,OK,CASABLANCA,Carte,LIV6,
CMD05427,CL0113,P004,04/08/2023,5,919.89,livre,CASABLANCA,Carte,LIV2,
CMD16439,CL0352,P099,15/04/2024,3,1727.99,KO,TNG,Carte,LIV5,
CMD32906,CL0955,P083,2024-04-29,3,2803.61,retourné,Agadir,Carte,LIV1,2024-05-01
CMD22143,CL0519,P049,30/04/2023,2,4280.18,livré,casa,Carte,LIV7,2023-05-03
CMD41867,CL0009,P034,2023-07-03,2,3118.76,livre,Agadir,Carte,LIV5,
CMD05492,CL0889,P098,Aug 03 2023,2,2148.57,OK,RBA,Carte,LIV9,
CMD40069,CL0436,P066,2023-08-31,5,3723.04,OK,tanger,Carte,LIV4,
CMD42995,CL0276,P020,15/05/2023,3,2592.81,retourné,TANGER,Carte,LIV7,2023-05-17
CMD12871,CL0033,P079,30/12/2023,2,2489.29,livré,tanger,Carte,LIV2,2024-01-03
CMD46899,CL0856,P048,2024-02-22,1,1072.98,DONE,RBA,Carte,,2024-02-23
CMD25456,CL0992,P014,13/10/2023,3,4486.81,en_cours,TANGER,Carte,,
CMD47906,CL0013,P084,03/04/2024,4,452.98,annulé,Agadir,Carte,LIV6,
CMD05318,CL0236,P047,15/05/2023,3,566.88,DONE,marrakech,Carte,LIV9,2023-05-16
CMD09421,CL0222,P013,Feb 17 2024,5,2108.57,livré,tanger,Carte,LIV10,2024-02-22
CMD25651,CL0627,P032,Jun 28 2023,4,2656.0,KO,kech,Carte,LIV5,
CMD26127,CL0066,P027,02/12/2023,4,4135.46,livré,Tnja,Carte,LIV2,2023-12-04
CMD20722,CL0502,P089,2023-04-09,3,4358.45,KO,Agadir,Carte,LIV8,
CMD08003,CL0496,P098,2023-11-11,4,2539.56,livre,kech,Carte,LIV7,
CMD11627,CL0906,P087,30/08/2023,1,1425.37,livre,tanger,Carte,LIV4,
CMD26483,CL0191,P066,Mar 22 2023,2,1299.47,LIVRE,RBA,Carte,LIV8,2023-03-26
CMD03904,CL0462,P073,Sep 09 2023,4,2967.72,annulé,TNG,Carte,LIV9,
CMD18334,CL0702,P046,06/04/2024,5,332.24,livré,Tnja,Carte,LIV3,2024-04-11
CMD24848,CL0964,P013,09/06/2023,3,2483.05,annulé,kech,Carte,LIV2,
CMD44024,CL0519,P053,24/09/2023,3,849.6,DONE,tanger,Carte,,2023-09-28
CMD45755,CL0721,P090,2024-02-15,2,4344.56,livré,RBA,Carte,LIV4,2024-02-17
CMD34514,CL0970,P051,2023-08-26,5,696.05,livré,TANGER,Carte,LIV6,2023-08-27
CMD01195,CL0261,P021,2024-04-13,2,530.82,en_cours,kech,Carte,LIV8,
CMD42835,CL0001,P070,05/02/2023,1,3444.24,livré,marrakech,Carte,LIV6,2023-02-09
CMD03054,CL0857,P099,22/05/2023,4,88.39,livre,Agadir,Carte,LIV8,
CMD06873,CL0468,P061,2024-02-22,3,864.68,livré,CASABLANCA,Carte,LIV1,2024-02-24
CMD29569,CL0907,P066,05/02/2023,4,3605.29,livré,marrakech,Carte,LIV1,2023-02-09
CMD08494,CL0866,P065,2023-01-22,5,242.58,KO,Tnja,Carte,LIV9,
CMD21878,CL0432,P021,2024-02-10,5,408.02,retourné,CASABLANCA,Carte,LIV8,2024-02-12
CMD07780,CL0462,P077,Sep 12 2023,4,3762.61,DONE,marrakech,Carte,LIV5,2023-09-16
CMD17021,CL0938,P062,2023-12-24,1,500.1,livré,tanger,Carte,LIV6,2023-12-25
CMD06794,CL0409,P097,13/11/2023,5,2349.79,livré,RBA,Carte,LIV2,2023-11-15
CMD08988,CL0085,P020,2023-11-14,1,773.45,OK,CASABLANCA,Carte,LIV6,
CMD44022,CL0099,P048,Jan 07 2023,3,215.87,KO,Agadir,Carte,LIV5,
CMD29532,CL0120,P020,Mar 27 2024,2,772.29,livré,casa,Carte,LIV4,2024-03-29
CMD41250,CL0129,P090,2023-06-16,5,331.76,annulé,kech,Carte,LIV7,
CMD36427,CL0607,P020,Jan 22 2024,5,2017.43,livré,TANGER,Carte,LIV5,2024-01-25
CMD45321,CL0057,P072,Jun 14 2023,3,107.01,DONE,casa,Carte,LIV8,2023-06-16
CMD10475,CL0554,P088,May 30 2023,3,1980.98,DONE,TNG,Carte,LIV3,2023-06-03
CMD09764,CL0182,P080,2023-05-21,4,152.23,livre,CASABLANCA,Carte,LIV7,
CMD32404,CL0239,P072,23/01/2023,3,816.2,livré,TNG,Carte,LIV8,2023-01-24
CMD07832,CL0325,P036,May 05 2024,1,1463.52,LIVRE,marrakech,Carte,LIV4,2024-05-07
CMD05448,CL0647,P096,2024-05-13,3,2087.82,livré,kech,Carte,LIV1,2024-05-14
CMD30113,CL0660,P070,2024-03-12,1,765.55,livré,CASABLANCA,Carte,LIV10,2024-03-15
CMD20392,CL0151,P007,28/01/2024,1,258.63,livre,CASABLANCA,Carte,LIV8,
CMD03472,CL0932,P060,19/10/2023,3,980.66,retourné,casa,Carte,LIV3,2023-10-20
CMD15327,CL0139,P061,2024-01-30,5,1179.17,retourné,kech,Carte,LIV3,2024-02-03
CMD38564,CL0922,P071,Mar 04 2024,3,4948.11,OK,RBA,Carte,LIV1,
CMD26040,CL0431,P027,Apr 23 2024,5,2542.83,retourné,marrakech,Carte,LIV1,2024-04-25
CMD40051,CL0905,P008,01/09/2023,5,4834.54,livré,kech,Carte,LIV1,2023-09-02
CMD33596,CL0767,P066,2023-12-26,5,2557.46,en_cours,Agadir,Carte,LIV9,
CMD33908,CL0594,P029,Dec 23 2023,5,1144.8,DONE,RBA,Carte,LIV4,2023-12-28
CMD41034,CL0626,P060,2024-01-22,3,1098.27,DONE,casa,Carte,LIV2,2024-01-26
CMD11059,CL0725,P004,18/03/2023,3,2395.99,DONE,casa,Carte,LIV9,2023-03-22
CMD40227,CL0208,P096,Nov 10 2023,1,262.26,OK,tanger,Carte,LIV2,
CMD22405,CL0816,P044,12/05/2023,4,2527.98,livré,Agadir,Carte,LIV10,2023-05-16
CMD09739,CL0651,P005,Jul 25 2023,3,2492.76,livré,TNG,Carte,LIV10,2023-07-27
CMD00683,CL0279,P039,2023-07-11,1,3675.93,livré,marrakech,Carte,LIV8,2023-07-12
CMD42370,CL0051,P093,01/07/2023,2,2247.47,livré,Agadir,Carte,LIV6,2023-07-04
CMD11042,CL0743,P010,Apr 30 2023,1,1553.67,livré,Tnja,Carte,LIV2,2023-05-02
CMD45825,CL0461,P018,2023-05-26,1,4430.5,livre,kech,Carte,,
CMD10124,CL0130,P080,09/09/2023,5,435.84,KO,Agadir,Carte,LIV6,
CMD16789,CL0778,P046,2023-05-30,1,167.91,annulé,kech,Carte,LIV3,
CMD15112,CL0742,P056,2023-11-13,1,3078.61,livre,Tnja,Carte,LIV5,
CMD08558,CL0342,P069,2024-03-19,4,217.62,en_cours,TANGER,Carte,LIV9,
CMD42120,CL0429,P097,10/03/2023,1,2507.5,annulé,marrakech,Carte,LIV8,
CMD01922,CL0059,P027,Sep 17 2023,2,4552.53,livré,Tnja,Carte,LIV2,2023-09-18
CMD46606,CL0518,P028,Dec 15 2023,2,3812.73,livre,TANGER,Carte,LIV7,
CMD44956,CL0071,P094,19/01/2023,1,2239.66,LIVRE,tanger,Carte,LIV4,2023-01-20
CMD16705,CL0079,P081,Oct 01 2023,2,2026.59,retourné,Agadir,Carte,LIV5,2023-10-04
CMD31117,CL0319,P031,09/04/2024,4,4102.97,en_cours,TNG,Carte,LIV4,
CMD15869,CL0325,P055,02/06/2023,3,3819.24,KO,Agadir,Carte,LIV7,
CMD38808,CL0641,P087,2024-01-08,2,568.36,livre,casa,Carte,,
CMD12681,CL0242,P086,2024-04-05,5,3529.87,livré,TANGER,Carte,LIV6,2024-04-06
CMD29842,CL0188,P083,Aug 28 2023,4,2448.45,en_cours,TNG,Carte,LIV8,
CMD34016,CL0270,P027,2023-10-20,1,3979.74,livré,tanger,Carte,,2023-10-21
CMD10010,CL0594,P080,08/02/2023,3,4100.09,annulé,TANGER,Carte,LIV4,
CMD23371,CL0227,P022,2023-09-18,5,3701.88,retourné,TNG,Carte,LIV2,2023-09-23
CMD06523,CL0297,P037,09/06/2023,1,1625.98,livre,marrakech,Carte,LIV4,
CMD05595,CL0045,P018,21/05/2023,4,1885.27,DONE,CASABLANCA,Carte,LIV2,2023-05-23
CMD15604,CL0389,P017,05/05/2023,3,2474.52,en_cours,TNG,Carte,LIV4,
CMD24494,CL0835,P092,2023-04-19,2,2237.67,annulé,TNG,Carte,LIV9,
CMD32840,CL0702,P069,2023-02-21,2,1777.57,LIVRE,Tnja,Carte,LIV4,2023-02-23
CMD17991,CL0163,P097,10/05/2024,3,2884.21,livre,casa,Carte,LIV7,
CMD23368,CL0256,P097,21/03/2024,3,1100.13,LIVRE,RBA,Carte,LIV6,2024-03-23
CMD23051,CL0413,P010,2023-08-17,2,3208.46,livré,TANGER,Carte,LIV10,2023-08-21
CMD01059,CL0958,P069,May 31 2023,1,2851.79,livre,CASABLANCA,Carte,LIV6,
CMD30007,CL0711,P084,19/01/2024,1,2577.47,livré,casa,Carte,LIV4,2024-01-20
CMD09965,CL0426,P046,2024-02-07,5,1668.58,livré,RBA,Carte,LIV8,2024-02-08
CMD38603,CL0543,P030,03/05/2024,3,3978.84,retourné,tanger,Carte,,2024-05-07
CMD29113,CL0365,P100,2024-04-24,4,3451.03,en_cours,marrakech,Carte,LIV1,
CMD25751,CL0431,P032,2024-03-25,4,2183.53,en_cours,RBA,Carte,LIV8,
CMD16193,CL0651,P002,Mar 15 2024,1,4285.56,en_cours,casa,Carte,,
CMD38356,CL0649,P092,Apr 27 2023,4,1308.13,OK,kech,Carte,LIV7,
CMD43140,CL0367,P070,Apr 08 2023,5,2536.67,livré,TNG,Carte,LIV6,2023-04-13
CMD40424,CL0368,P016,2024-01-12,5,58.07,livre,TANGER,Carte,LIV4,
CMD07828,CL0322,P004,28/03/2024,1,4854.39,LIVRE,kech,Carte,,2024-03-31
CMD01310,CL0868,P082,03/04/2024,1,2253.69,en_cours,Tnja,Carte,LIV7,
CMD28194,CL0341,P056,Apr 08 2024,2,4912.75,en_cours,tanger,Carte,LIV7,
CMD44752,CL0390,P054,Apr 05 2023,5,122.3,livré,Tnja,Carte,LIV10,2023-04-09
CMD08138,CL0821,P034,11/01/2024,3,4671.83,OK,Tnja,Carte,LIV5,
CMD29687,CL0797,P005,Feb 15 2024,1,1556.95,KO,casa,Carte,LIV6,
CMD07600,CL0919,P027,09/08/2023,5,4380.6,livré,Agadir,Carte,LIV7,2023-08-14
CMD43991,CL0771,P003,Apr 20 2024,4,2045.1,livre,TNG,Carte,LIV3,
CMD07220,CL0029,P051,2023-09-30,2,4532.65,OK,TNG,Carte,LIV7,
CMD16142,CL0682,P023,2024-02-15,1,2524.31,annulé,RBA,Carte,LIV8,
CMD41329,CL0591,P057,2023-10-19,4,4166.01,KO,RBA,Carte,LIV7,
CMD31242,CL0996,P074,2023-12-29,1,534.07,DONE,marrakech,Carte,,2023-12-30
CMD08948,CL0333,P050,26/01/2023,1,617.47,DONE,TNG,Carte,,2023-01-28
CMD04518,CL0798,P011,Aug 01 2023,3,1326.81,LIVRE,tanger,Carte,LIV8,2023-08-03
CMD32040,CL0072,P040,Mar 13 2024,2,520.1,en_cours,RBA,Carte,LIV10,
CMD31476,CL0135,P004,2024-01-23,5,4345.76,retourné,marrakech,Carte,LIV5,2024-01-25
CMD48191,CL0218,P036,2023-01-09,3,1801.31,DONE,Agadir,Carte,,2023-01-12
CMD17093,CL0017,P054,2023-12-19,2,2835.85,livré,CASABLANCA,Carte,LIV3,2023-12-22
CMD43666,CL0294,P005,28/04/2024,5,1620.29,en_cours,TANGER,Carte,LIV10,
CMD45078,CL0527,P043,2023-07-09,5,4289.4,livre,Tnja,Carte,LIV1,
CMD26063,CL0562,P044,26/10/2023,3,4577.06,KO,TNG,Carte,LIV7,
CMD10081,CL0908,P039,2023-02-10,1,3488.82,KO,Agadir,Carte,LIV4,
CMD25825,CL0650,P077,Jan 17 2024,3,1900.36,livre,tanger,Carte,LIV6,
CMD12208,CL0884,P100,2024-02-26,3,1060.69,DONE,CASABLANCA,Carte,LIV9,2024-02-27
CMD34506,CL0393,P055,May 31 2023,5,4196.75,annulé,Tnja,Carte,LIV8,
CMD10114,CL0001,P055,12/04/2024,3,495.89,livré,RBA,Carte,LIV5,2024-04-15
CMD22842,CL0058,P028,2023-02-19,1,456.72,livré,Tnja,Carte,LIV6,2023-02-23
CMD14416,CL0733,P033,2024-03-16,3,4281.26,KO,casa,Carte,LIV9,
CMD46223,CL0131,P067,Mar 05 2023,4,3497.61,DONE,marrakech,Carte,LIV2,2023-03-06
CMD19932,CL0020,P053,Jan 19 2023,3,3348.44,livre,Tnja,Carte,LIV7,
CMD46426,CL0472,P015,28/03/2023,2,4451.78,DONE,CASABLANCA,Carte,LIV2,2023-03-30
CMD29209,CL0031,P066,08/04/2023,3,253.87,livré,casa,Carte,,2023-04-10
CMD30254,CL0558,P090,21/10/2023,3,4227.57,LIVRE,tanger,Carte,,2023-10-26
CMD46987,CL0572,P084,2023-09-26,1,2331.46,livré,marrakech,Carte,LIV6,2023-09-29
CMD45363,CL0776,P073,17/03/2024,1,0,annulé,Tnja,Carte,LIV2,
CMD11522,CL0356,P005,2023-04-09,4,3604.85,retourné,TANGER,Carte,LIV6,2023-04-12
CMD28569,CL0442,P053,2023-01-15,1,2421.28,livré,casa,Carte,LIV3,2023-01-18
CMD28020,CL0335,P020,Apr 28 2023,1,325.67,livré,Tnja,Carte,LIV6,2023-04-30
CMD44622,CL0206,P036,2024-02-17,2,1061.38,OK,Tnja,Carte,LIV4,
CMD45931,CL0236,P021,2024-01-02,2,4951.99,retourné,marrakech,Carte,LIV3,2024-01-05
CMD22112,CL0218,P062,25/09/2023,3,596.27,livré,marrakech,Carte,,2023-09-29
CMD21781,CL0026,P073,28/03/2023,4,2381.58,OK,RBA,Carte,LIV4,
CMD20744,CL0151,P064,2023-10-03,2,1232.29,retourné,CASABLANCA,Carte,,2023-10-04
CMD22243,CL0470,P053,Feb 07 2023,5,3435.4,annulé,tanger,Carte,LIV10,
CMD17875,CL0482,P079,2023-03-25,5,2920.15,KO,TNG,Carte,LIV3,
CMD17890,CL0103,P070,30/08/2023,3,2651.75,en_cours,tanger,Carte,LIV10,
CMD23081,CL0566,P037,Sep 25 2023,3,4101.22,OK,TNG,Carte,LIV6,
CMD45429,CL0537,P016,29/09/2023,1,0,KO,Agadir,Carte,LIV9,
CMD11343,CL0638,P099,02/05/2023,2,1644.76,en_cours,casa,Carte,LIV10,
CMD29705,CL0929,P097,2023-07-04,4,4648.0,livre,CASABLANCA,Carte,LIV10,
CMD02274,CL0200,P059,Sep 28 2023,5,3823.36,livré,RBA,Carte,LIV9,2023-10-02
CMD41616,CL0091,P037,04/01/2024,5,232.91,livré,CASABLANCA,Carte,,2024-01-06
CMD08583,CL0970,P037,Jul 24 2023,5,325.62,livre,RBA,Carte,,
CMD25544,CL0022,P081,15/10/2023,2,388.83,livré,casa,Carte,LIV5,2023-10-18
CMD44435,CL0631,P084,2023-12-04,3,4223.98,en_cours,kech,Carte,LIV2,
CMD45477,CL0632,P020,02/07/2023,5,4355.11,LIVRE,Agadir,Carte,LIV10,2023-07-03
CMD11609,CL0408,P027,Sep 24 2023,1,1775.18,DONE,casa,Carte,LIV4,2023-09-26
CMD00154,CL0206,P033,Mar 19 2024,1,2186.17,KO,casa,Carte,LIV5,
CMD31106,CL0135,P053,14/04/2023,1,842.25,livre,Tnja,Carte,LIV8,
CMD44273,CL0758,P013,2024-04-28,2,3586.0,DONE,TANGER,Carte,LIV9,2024-05-03
CMD17328,CL0244,P033,2024-04-18,1,2203.94,livré,tanger,Carte,LIV8,2024-04-21
CMD01198,CL0578,P016,Jul 08 2023,2,1052.86,livre,casa,Carte,LIV10,
CMD19229,CL0588,P081,2024-02-03,3,3243.62,livré,marrakech,Carte,LIV10,2024-02-06
CMD15019,CL0884,P083,Aug 22 2023,2,4973.91,en_cours,Agadir,Carte,LIV10,
CMD06455,CL0701,P049,Feb 17 2024,5,2975.99,DONE,Agadir,Carte,,2024-02-20
CMD41283,CL0333,P066,03/08/2023,4,3157.49,KO,CASABLANCA,Carte,LIV4,
CMD03846,CL0620,P086,17/01/2024,4,602.0,livré,kech,Carte,LIV9,2024-01-18
CMD37435,CL0281,P058,2023-04-10,5,4526.97,DONE,TANGER,Carte,LIV2,2023-04-11
CMD15924,CL0857,P075,10/11/2023,4,3765.81,livré,kech,Carte,LIV6,2023-11-13
CMD16875,CL0942,P060,2023-10-05,4,4981.64,livré,RBA,Carte,LIV8,2023-10-06
CMD20367,CL0342,P055,30/11/2023,2,2872.48,DONE,Tnja,Carte,LIV4,2023-12-01
CMD04980,CL0487,P057,2024-04-09,3,2112.28,DONE,kech,Carte,LIV5,2024-04-14
CMD05690,CL0021,P047,26/01/2024,1,2918.95,en_cours,RBA,Carte,LIV1,
CMD04115,CL0838,P004,04/04/2024,3,3958.15,retourné,RBA,Carte,LIV3,2024-04-09
CMD35159,CL0234,P004,2023-05-24,3,1405.46,livré,Tnja,Carte,LIV2,2023-05-26
CMD01272,CL0834,P051,09/09/2023,3,4846.81,LIVRE,TNG,Carte,LIV9,2023-09-12
CMD15125,CL0203,P080,Aug 13 2023,1,1855.7,retourné,CASABLANCA,Carte,LIV8,2023-08-14
CMD05518,CL0288,P099,24/02/2024,3,259.55,OK,marrakech,Carte,LIV6,
CMD29684,CL0435,P066,Dec 10 2023,4,2311.37,OK,Agadir,Carte,LIV8,
CMD28093,CL0956,P073,2023-11-27,3,3316.17,retourné,kech,Carte,LIV1,2023-11-28
CMD27679,CL0755,P080,2023-12-11,3,2277.4,LIVRE,marrakech,Carte,LIV9,2023-12-14
CMD01806,CL0114,P012,2023-12-13,5,3865.73,livre,CASABLANCA,Carte,LIV7,
CMD14364,CL0279,P034,2023-12-25,3,3906.18,livré,kech,Carte,LIV5,2023-12-28
CMD42530,CL0324,P066,Dec 16 2023,5,0,livré,tanger,Carte,LIV9,2023-12-17
CMD10971,CL0092,P001,2023-09-08,3,817.03,DONE,casa,Carte,LIV2,2023-09-10
CMD01252,CL0457,P001,Oct 01 2023,2,3251.22,livre,CASABLANCA,Carte,LIV9,
CMD25955,CL0970,P001,Nov 26 2023,4,820.45,annulé,casa,Carte,,
CMD19839,CL0757,P076,Oct 10 2023,2,2442.56,livré,tanger,Carte,LIV4,2023-10-11
CMD25158,CL0992,P096,Feb 01 2024,4,1701.03,DONE,Agadir,Carte,LIV5,2024-02-03
CMD44595,CL0069,P080,May 12 2024,-1,967.43,annulé,kech,Carte,LIV6,
CMD08657,CL0403,P006,2023-02-18,2,1974.24,en_cours,RBA,Carte,LIV6,
CMD04084,CL0653,P017,01/06/2023,3,0,OK,CASABLANCA,Carte,LIV4,
CMD40929,CL0872,P028,13/02/2024,3,0,retourné,TNG,Carte,LIV4,2024-02-14
CMD36013,CL0175,P065,2024-03-22,-1,2300.59,livré,marrakech,Carte,LIV9,2024-03-23
CMD15408,CL0175,P002,2024-02-03,1,285.49,en_cours,RBA,Carte,LIV3,
CMD28574,CL0039,P078,2023-01-29,3,3584.91,livré,casa,Carte,LIV4,2023-01-31
CMD34085,CL0592,P052,05/02/2023,3,4003.73,livré,CASABLANCA,Carte,LIV7,2023-02-08
CMD31191,CL0400,P087,04/01/2023,5,3746.83,livré,marrakech,Carte,LIV7,2023-01-09
CMD13603,CL0022,P080,Nov 29 2023,3,4170.18,livre,CASABLANCA,Carte,LIV1,
CMD48053,CL0747,P078,2023-07-27,3,1940.41,annulé,Agadir,Carte,LIV3,
CMD23761,CL0004,P031,2024-01-05,5,1579.52,KO,tanger,Carte,LIV1,
CMD17228,CL0568,P067,Apr 06 2024,1,711.67,annulé,Tnja,Carte,LIV1,
CMD34370,CL0364,P003,2023-08-08,2,2965.39,OK,Agadir,Carte,LIV9,
CMD01238,CL0021,P068,2023-09-12,3,1219.84,livre,Tnja,Carte,LIV10,
CMD16868,CL0446,P008,Apr 20 2023,5,1698.79,retourné,TANGER,Carte,LIV6,2023-04-23
CMD32003,CL0594,P017,Feb 20 2024,5,4740.57,LIVRE,TANGER,Carte,LIV1,2024-02-23
CMD06947,CL0611,P014,2023-08-15,1,2658.8,en_cours,kech,Carte,LIV3,
CMD04739,CL0594,P002,21/03/2024,3,375.66,annulé,CASABLANCA,Carte,LIV5,
CMD00567,CL0746,P025,19/02/2024,2,2004.31,annulé,kech,Carte,LIV7,
CMD06294,CL0983,P081,Mar 29 2024,5,0,livré,RBA,Carte,LIV1,2024-04-02
CMD14917,CL0839,P025,03/09/2023,2,2205.61,retourné,marrakech,Carte,LIV5,2023-09-06
CMD00218,CL0582,P012,20/10/2023,2,567.78,livre,RBA,Carte,LIV10,
CMD00643,CL0643,P041,04/04/2024,5,4418.22,en_cours,Tnja,Carte,LIV5,
CMD08595,CL0859,P051,Jan 11 2024,4,1932.22,OK,Tnja,Carte,LIV2,
CMD45466,CL0323,P061,Dec 08 2023,5,3095.69,annulé,Agadir,Carte,LIV8,
CMD48360,CL0073,P067,02/01/2023,1,2030.99,en_cours,marrakech,Carte,LIV3,
CMD33635,CL0192,P046,Mar 15 2024,3,140.95,retourné,kech,Carte,LIV10,2024-03-17
CMD16399,CL0859,P062,Nov 15 2023,3,3727.62,livré,TANGER,Carte,LIV2,2023-11-17
CMD03335,CL0171,P004,Nov 18 2023,3,4506.07,en_cours,Agadir,Carte,LIV3,
CMD13113,CL0190,P021,05/09/2023,3,1598.35,livré,casa,Carte,LIV2,2023-09-07
CMD41170,CL0979,P008,2024-05-08,-1,506.99,livré,marrakech,Carte,LIV8,2024-05-11
CMD06541,CL0877,P099,2023-10-03,2,553.43,DONE,TNG,Carte,LIV10,2023-10-07
CMD42433,CL0725,P015,13/09/2023,2,4677.19,en_cours,CASABLANCA,Carte,LIV6,
CMD08303,CL0078,P073,26/10/2023,4,3914.66,annulé,CASABLANCA,Carte,LIV9,
CMD14541,CL0325,P014,2024-05-04,1,1470.82,KO,CASABLANCA,Carte,LIV4,
CMD20741,CL0466,P035,16/04/2023,-1,2472.83,livre,RBA,Carte,LIV2,
CMD44556,CL0121,P074,11/10/2023,5,3745.92,KO,TANGER,Carte,LIV8,
CMD37260,CL0006,P014,May 13 2023,1,4489.63,retourné,marrakech,Carte,LIV8,2023-05-18
CMD31979,CL0303,P084,Jan 26 2024,4,3777.55,OK,Agadir,Carte,LIV6,
CMD47129,CL0495,P049,30/01/2024,4,1804.61,livré,CASABLANCA,Carte,LIV1,2024-02-04
CMD20533,CL0543,P069,2024-03-08,2,96.81,KO,marrakech,Carte,LIV4,
CMD08798,CL0005,P022,Sep 29 2023,2,2266.26,KO,Agadir,Carte,LIV8,
CMD17565,CL0621,P062,2023-07-18,4,4867.42,livre,TNG,Carte,,
CMD08575,CL0151,P001,2024-05-08,1,1052.49,OK,kech,Carte,LIV6,
CMD15311,CL0597,P080,14/04/2024,3,1492.22,livre,Agadir,Carte,LIV2,
CMD32210,CL0078,P017,04/02/2024,1,3133.15,livré,TANGER,Carte,LIV2,2024-02-09
CMD43363,CL0546,P099,22/02/2024,5,0,retourné,kech,Carte,LIV5,2024-02-25
CMD31461,CL0677,P022,2024-01-16,5,4513.68,OK,RBA,Carte,LIV5,
CMD35454,CL0151,P070,Jan 09 2024,4,1179.65,en_cours,TANGER,Carte,,
CMD25536,CL0852,P026,2023-07-29,4,1506.63,annulé,Agadir,Carte,LIV2,
CMD05065,CL0311,P007,Dec 12 2023,1,349.0,DONE,marrakech,Carte,LIV3,2023-12-14
CMD41521,CL0633,P053,Jan 16 2023,1,3496.33,retourné,Agadir,Carte,LIV4,2023-01-19
CMD06608,CL0615,P092,Jan 06 2024,5,4378.91,LIVRE,casa,Carte,LIV1,2024-01-09
CMD02326,CL0470,P083,2024-04-04,1,4431.06,KO,RBA,Carte,LIV7,
CMD13423,CL0667,P068,2024-01-21,3,2166.54,OK,kech,Carte,LIV1,
CMD29501,CL0805,P028,2023-09-02,3,4355.82,livré,kech,Carte,LIV8,2023-09-06
CMD06215,CL0617,P035,15/03/2023,1,4719.07,retourné,TANGER,Carte,,2023-03-19
CMD35156,CL0251,P085,Jul 17 2023,1,190.94,livré,CASABLANCA,Carte,LIV8,2023-07-19
CMD42503,CL0475,P071,2023-06-29,4,4009.08,DONE,TANGER,Carte,LIV9,2023-07-04
CMD16176,CL0091,P091,05/03/2024,5,214.59,livré,Tnja,Carte,,2024-03-09
CMD33365,CL0556,P046,08/11/2023,1,2109.75,livré,casa,Carte,LIV9,2023-11-13
CMD13059,CL0736,P040,2023-09-28,4,1499.92,en_cours,Agadir,Carte,LIV9,
CMD33475,CL0756,P062,2023-08-04,1,3500.29,LIVRE,CASABLANCA,Carte,LIV1,2023-08-09
CMD03896,CL0874,P021,Apr 10 2024,5,2490.89,KO,TANGER,Carte,LIV5,
CMD25147,CL0742,P003,Jul 07 2023,2,4351.05,livré,RBA,Carte,LIV4,2023-07-12
CMD23099,CL0953,P036,2024-05-01,4,4980.77,OK,CASABLANCA,Carte,LIV5,
CMD35297,CL0264,P005,22/02/2023,3,369.93,annulé,TANGER,Carte,LIV5,
CMD36300,CL0869,P091,2023-06-06,5,3434.69,retourné,CASABLANCA,Carte,LIV5,2023-06-11
CMD16298,CL0988,P040,13/06/2023,5,2263.47,retourné,TNG,Carte,LIV2,2023-06-16
CMD22654,CL0493,P096,Jan 06 2023,2,4620.1,retourné,TANGER,Carte,LIV1,2023-01-08
CMD22961,CL0600,P013,14/01/2024,1,516.57,KO,Tnja,Carte,LIV9,
CMD23369,CL0775,P019,14/03/2024,4,4398.04,livré,marrakech,Carte,LIV4,2024-03-16
CMD28876,CL0358,P020,Jan 27 2023,2,2693.92,KO,TANGER,Carte,,
CMD14279,CL0225,P084,2023-10-20,4,2443.73,en_cours,tanger,Carte,LIV4,
CMD12377,CL0160,P084,27/06/2023,5,4829.56,OK,tanger,Carte,,
CMD11204,CL0130,P097,Jun 16 2023,4,4405.01,KO,CASABLANCA,Carte,LIV4,
CMD26489,CL0935,P002,02/01/2023,1,4586.11,annulé,CASABLANCA,Carte,LIV7,
CMD07870,CL0214,P052,11/04/2024,2,3659.67,livré,Agadir,Carte,LIV8,2024-04-15
CMD08130,CL0254,P073,Nov 15 2023,3,2331.8,OK,Tnja,Carte,LIV2,
CMD17200,CL0466,P003,2023-10-31,4,3237.47,OK,casa,Carte,LIV9,
CMD46104,CL0904,P058,Dec 09 2023,5,4246.32,livre,tanger,Carte,LIV2,
CMD43580,CL0795,P033,2023-05-28,2,3188.94,livre,CASABLANCA,Carte,LIV1,
CMD16457,CL0661,P050,Feb 11 2024,3,3926.82,livré,tanger,Carte,LIV3,2024-02-15
CMD48298,CL0635,P038,10/03/2023,5,4230.59,livré,Tnja,Carte,,2023-03-15
CMD06114,CL0700,P047,15/08/2023,2,2411.18,LIVRE,TANGER,Carte,LIV9,2023-08-19
CMD16309,CL0893,P004,24/10/2023,5,1500.96,livré,TANGER,Carte,LIV6,2023-10-28
CMD13688,CL0032,P038,2023-02-26,4,1777.6,livre,kech,Carte,LIV1,
CMD11732,CL0353,P058,17/01/2023,4,3224.54,livre,TANGER,Carte,LIV7,
CMD15491,CL0935,P075,2023-05-21,1,1461.64,LIVRE,kech,Carte,LIV2,2023-05-25
CMD47178,CL0808,P059,Jan 22 2024,1,3741.57,KO,TANGER,Carte,LIV6,
CMD03787,CL0208,P023,May 10 2023,4,3556.11,DONE,Agadir,Carte,LIV1,2023-05-13
CMD32062,CL0353,P081,09/05/2024,5,296.05,retourné,Agadir,Carte,LIV3,2024-05-13
CMD39329,CL0968,P068,11/05/2024,4,1584.46,en_cours,casa,Carte,LIV4,
CMD07345,CL0125,P053,Apr 13 2024,2,4229.18,KO,RBA,Carte,,
CMD20630,CL0679,P041,May 13 2023,4,1473.68,LIVRE,Tnja,Carte,,2023-05-14
CMD08847,CL0792,P034,20/06/2023,4,3079.17,livré,Agadir,Carte,LIV4,2023-06-25
CMD24542,CL0603,P025,21/09/2023,5,596.67,LIVRE,Agadir,Carte,LIV3,2023-09-22
CMD34015,CL0157,P064,2023-05-30,1,907.14,LIVRE,Agadir,Carte,LIV5,2023-06-03
CMD03733,CL0521,P026,11/08/2023,2,2879.01,annulé,tanger,Carte,LIV3,
CMD13464,CL0636,P074,22/10/2023,3,1946.01,en_cours,TNG,Carte,LIV4,
CMD02090,CL0588,P060,Dec 14 2023,5,387.72,OK,Tnja,Carte,LIV3,
CMD42109,CL0953,P022,23/11/2023,3,3546.47,OK,Agadir,Carte,LIV7,
CMD47540,CL0098,P086,2024-04-15,3,3469.45,en_cours,RBA,Carte,LIV4,
CMD19235,CL0903,P081,2023-06-23,4,754.82,LIVRE,TANGER,Carte,LIV8,2023-06-24
CMD03398,CL0820,P095,Apr 19 2024,3,2618.59,LIVRE,CASABLANCA,Carte,LIV4,2024-04-24
CMD46837,CL0957,P082,04/11/2023,4,1754.89,KO,TANGER,Carte,LIV4,
CMD44153,CL0607,P093,21/01/2024,2,3528.72,en_cours,Agadir,Carte,LIV6,
CMD20760,CL0864,P098,2024-01-03,4,119.79,DONE,casa,Carte,LIV7,2024-01-05
CMD21363,CL0224,P050,20/06/2023,3,3515.69,OK,CASABLANCA,Carte,LIV1,
CMD27115,CL0453,P049,Apr 19 2024,1,3722.67,livre,marrakech,Carte,LIV9,
CMD47127,CL0340,P058,2023-03-01,2,309.82,en_cours,casa,Carte,LIV1,
CMD27977,CL0576,P033,Aug 10 2023,-1,4552.38,LIVRE,Agadir,Carte,LIV4,2023-08-12
CMD30700,CL0162,P093,2023-02-03,3,4707.11,KO,TANGER,Carte,LIV6,
CMD34127,CL0384,P002,2023-09-03,4,2502.36,livré,marrakech,Carte,,2023-09-07
CMD08619,CL0619,P008,Apr 25 2024,1,4868.1,livré,tanger,Carte,,2024-04-30
CMD29657,CL0168,P072,13/01/2024,4,2692.9,livré,marrakech,Carte,LIV1,2024-01-18
CMD01020,CL0154,P002,2024-03-14,2,588.21,livré,Tnja,Carte,,2024-03-17
CMD33312,CL0462,P054,Nov 25 2023,2,1452.63,retourné,tanger,Carte,LIV10,2023-11-26
CMD21571,CL0765,P036,03/12/2023,4,3766.85,en_cours,Agadir,Carte,LIV1,
CMD03185,CL0093,P017,Sep 08 2023,4,2938.25,DONE,RBA,Carte,LIV4,2023-09-10
CMD32495,CL0003,P089,Oct 31 2023,5,3140.38,DONE,CASABLANCA,Carte,LIV9,2023-11-03
CMD07308,CL0567,P061,Jan 12 2023,1,2446.87,livré,TNG,Carte,LIV6,2023-01-14
CMD38452,CL0505,P080,15/08/2023,4,1012.63,LIVRE,marrakech,Carte,,2023-08-18
CMD33952,CL0910,P073,Feb 17 2024,1,2787.98,annulé,Agadir,Carte,LIV9,
CMD15715,CL0482,P059,Sep 27 2023,1,784.64,livré,tanger,Carte,LIV4,2023-09-28
CMD37870,CL0339,P090,2023-11-07,5,1987.92,retourné,marrakech,Carte,LIV6,2023-11-10
CMD27087,CL0966,P074,24/11/2023,1,1049.97,livré,casa,Carte,LIV4,2023-11-29
CMD18826,CL0362,P009,Dec 09 2023,1,152.41,livré,RBA,Carte,LIV6,2023-12-14
CMD24490,CL0103,P075,2023-04-08,4,2486.38,LIVRE,marrakech,Carte,LIV8,2023-04-12
CMD39781,CL0883,P041,Aug 13 2023,5,1380.19,en_cours,TNG,Carte,LIV5,
CMD33799,CL0154,P035,Dec 22 2023,4,3063.23,livre,TANGER,Carte,LIV2,
CMD28795,CL0376,P042,07/03/2023,4,626.97,livré,marrakech,Carte,LIV6,2023-03-09
CMD19933,CL0818,P042,Jan 16 2024,5,4554.01,LIVRE,marrakech,Carte,LIV3,2024-01-19
CMD43457,CL0268,P005,2024-04-30,2,1994.34,en_cours,Agadir,Carte,LIV1,
CMD36868,CL0190,P097,May 12 2023,2,2913.18,en_cours,Tnja,Carte,LIV2,
CMD33602,CL0221,P057,2024-03-16,5,4097.35,DONE,marrakech,Carte,LIV9,2024-03-19
CMD39726,CL0377,P002,13/03/2024,5,3614.77,DONE,TANGER,Carte,LIV9,2024-03-17
CMD45441,CL0848,P014,18/04/2023,3,4787.87,en_cours,Tnja,Carte,LIV9,
CMD46343,CL0036,P098,Sep 28 2023,1,3359.64,LIVRE,tanger,Carte,,2023-09-30
CMD07396,CL0007,P033,2024-04-08,5,4679.03,KO,Agadir,Carte,LIV5,
CMD12297,CL0660,P095,Jan 14 2023,5,4919.14,DONE,marrakech,Carte,LIV5,2023-01-19
CMD44639,CL0813,P085,May 17 2023,4,555.88,en_cours,marrakech,Carte,LIV1,
CMD19037,CL0351,P064,24/10/2023,3,4529.26,KO,TANGER,Carte,LIV6,
CMD24401,CL0252,P065,2023-01-04,3,2142.51,livré,RBA,Carte,LIV3,2023-01-08
CMD36428,CL0610,P099,2024-01-15,5,4231.74,en_cours,Tnja,Carte,LIV8,
CMD47218,CL0964,P093,11/07/2023,1,1394.58,KO,TANGER,Carte,LIV5,
CMD36750,CL0432,P036,03/04/2024,3,709.98,DONE,Agadir,Carte,LIV8,2024-04-08
CMD34376,CL0244,P063,04/04/2023,4,2415.81,en_cours,CASABLANCA,Carte,,
CMD16644,CL0577,P022,22/04/2024,3,623.22,DONE,casa,Carte,LIV1,2024-04-27
CMD34939,CL0305,P062,Aug 23 2023,4,4518.61,retourné,casa,Carte,LIV8,2023-08-25
CMD33793,CL0343,P081,2023-06-09,3,115.35,livré,TNG,Carte,LIV8,2023-06-14
CMD29940,CL0428,P082,12/05/2023,4,3658.08,OK,CASABLANCA,Carte,LIV4,
CMD26244,CL0106,P040,2024-03-24,5,169.76,livre,CASABLANCA,Carte,LIV5,
CMD26041,CL0409,P082,15/03/2024,2,921.5,livré,CASABLANCA,Carte,LIV1,2024-03-17
CMD07127,CL0093,P055,2023-11-13,1,4564.48,KO,TANGER,Carte,LIV4,
CMD03835,CL0208,P012,12/02/2023,5,2118.77,LIVRE,kech,Carte,,2023-02-15
CMD32794,CL0226,P100,03/06/2023,5,1175.53,LIVRE,kech,Carte,LIV5,2023-06-06
CMD03109,CL0889,P071,2023-05-18,5,2472.13,DONE,Agadir,Carte,LIV2,2023-05-19
CMD18920,CL0237,P022,2023-06-18,1,3074.4,livré,casa,Carte,LIV3,2023-06-22
CMD31382,CL0412,P028,Apr 12 2023,1,3194.02,annulé,TANGER,Carte,LIV7,
CMD16795,CL0103,P022,12/03/2023,2,4148.66,livré,Agadir,Carte,LIV2,2023-03-15
CMD38728,CL0092,P083,Oct 20 2023,3,4400.3,livré,marrakech,Carte,LIV2,2023-10-24
CMD24807,CL0756,P027,2023-10-09,1,1678.38,DONE,Agadir,Carte,LIV10,2023-10-13
CMD15144,CL0521,P095,04/03/2024,2,2165.23,LIVRE,TANGER,Carte,LIV4,2024-03-07
CMD32791,CL0004,P094,Jul 20 2023,5,4287.46,livré,CASABLANCA,Carte,LIV3,2023-07-23
CMD35730,CL0513,P062,Jan 07 2024,2,3882.19,OK,TANGER,Carte,LIV3,
CMD03460,CL0711,P002,Nov 13 2023,4,4832.32,livre,CASABLANCA,Carte,LIV9,
CMD22475,CL0677,P028,16/03/2023,1,4205.38,livré,TANGER,Carte,LIV3,2023-03-20
CMD35017,CL0095,P052,2023-08-22,3,4659.85,livré,marrakech,Carte,LIV2,2023-08-23
CMD22354,CL0505,P044,02/04/2023,3,2662.66,livré,TNG,Carte,LIV6,2023-04-07
CMD27759,CL0762,P077,08/05/2023,5,3656.3,en_cours,marrakech,Carte,LIV10,
CMD07852,CL0179,P003,10/04/2024,5,2365.07,annulé,Agadir,Carte,LIV10,
CMD06615,CL0757,P096,May 01 2024,1,2708.18,LIVRE,TANGER,Carte,LIV5,2024-05-03
CMD39248,CL0563,P030,2024-04-06,1,0,livré,marrakech,Carte,LIV1,2024-04-07
CMD07676,CL0463,P027,2023-02-20,5,3290.88,retourné,Tnja,Carte,LIV2,2023-02-21
CMD40681,CL0554,P038,2023-03-05,3,4630.57,KO,kech,Carte,LIV2,
CMD02957,CL0384,P069,May 03 2023,4,598.21,LIVRE,Tnja,Carte,LIV9,2023-05-08
CMD06504,CL0427,P013,16/01/2024,3,4612.54,livré,CASABLANCA,Carte,LIV4,2024-01-17
CMD27305,CL0635,P012,Sep 20 2023,4,682.53,livre,marrakech,Carte,LIV2,
CMD19401,CL0345,P024,31/01/2024,4,2105.89,retourné,tanger,Carte,LIV10,2024-02-02
CMD39697,CL0821,P065,2023-01-26,2,1175.09,OK,Tnja,Carte,LIV9,
CMD44149,CL0083,P090,Feb 03 2023,2,321.19,annulé,CASABLANCA,Carte,LIV5,
CMD36730,CL0054,P008,2023-04-23,3,1274.01,LIVRE,Agadir,Carte,,2023-04-25
CMD31850,CL0557,P081,16/02/2024,3,1321.17,livre,kech,Carte,LIV4,
CMD43832,CL0479,P039,09/05/2024,2,1963.2,retourné,marrakech,Carte,LIV2,2024-05-11
CMD17928,CL0245,P050,04/05/2024,2,3170.89,KO,TNG,Carte,LIV8,
CMD21064,CL0734,P017,30/05/2023,5,4667.63,LIVRE,casa,Carte,LIV2,2023-05-31
CMD00599,CL0747,P061,Dec 26 2023,2,2827.54,DONE,TNG,Carte,LIV10,2023-12-31
CMD03599,CL0017,P030,2023-10-10,3,4279.15,livre,RBA,Carte,,
CMD03721,CL0789,P041,2023-03-27,3,845.34,livré,Tnja,Carte,LIV8,2023-03-30
CMD09766,CL0216,P003,2023-03-08,3,422.76,LIVRE,TNG,Carte,LIV9,2023-03-13
CMD07240,CL0439,P017,Mar 10 2023,5,4397.13,OK,Tnja,Carte,LIV6,
CMD10025,CL0450,P029,2024-02-21,5,4591.46,livré,TANGER,Carte,LIV5,2024-02-22
CMD45695,CL0119,P070,2023-10-31,1,4706.11,KO,RBA,Carte,LIV9,
CMD07511,CL0770,P087,Feb 08 2023,2,746.44,annulé,Agadir,Carte,LIV3,
CMD05552,CL0898,P081,Jun 21 2023,5,3341.11,livre,TNG,Carte,LIV6,
CMD46579,CL0842,P023,23/01/2024,4,1138.7,LIVRE,RBA,Carte,LIV3,2024-01-28
CMD11083,CL0642,P023,2024-04-21,4,2180.54,OK,tanger,Carte,LIV3,
CMD29400,CL0129,P006,2023-07-12,5,180.14,livré,RBA,Carte,LIV10,2023-07-15
CMD32620,CL0338,P085,2023-05-28,5,3285.24,OK,CASABLANCA,Carte,LIV8,
CMD25845,CL0506,P080,Jan 23 2023,2,2509.19,livré,RBA,Carte,LIV5,2023-01-26
CMD13957,CL0472,P003,May 22 2023,4,953.59,OK,marrakech,Carte,LIV4,
CMD07939,CL0718,P032,Apr 08 2024,2,1061.33,OK,tanger,Carte,LIV8,
CMD14906,CL0521,P048,07/07/2023,4,4750.21,OK,Agadir,Carte,LIV6,
CMD12154,CL0488,P043,27/06/2023,1,599.07,livré,CASABLANCA,Carte,LIV2,2023-07-01
CMD30476,CL0707,P008,09/02/2024,3,3100.64,retourné,CASABLANCA,Carte,LIV2,2024-02-10
CMD40826,CL0420,P021,03/03/2024,2,3666.36,retourné,TANGER,Carte,LIV5,2024-03-04
CMD46797,CL0001,P036,Apr 26 2024,1,1788.15,en_cours,TNG,Carte,LIV5,
CMD39273,CL0503,P082,15/11/2023,3,1407.41,OK,Tnja,Carte,LIV1,
CMD28333,CL0790,P059,Apr 03 2024,2,1598.0,LIVRE,TNG,Carte,LIV9,2024-04-08
CMD40878,CL0798,P003,Mar 07 2023,2,4970.06,livré,TNG,Carte,LIV3,2023-03-11
CMD04208,CL0368,P041,25/02/2024,3,2410.7,en_cours,CASABLANCA,Carte,LIV4,
CMD46977,CL0873,P067,20/11/2023,2,1980.18,KO,casa,Carte,LIV6,
CMD04125,CL0691,P094,Mar 12 2024,3,336.99,livré,kech,Carte,LIV5,2024-03-15
CMD12124,CL0941,P020,02/02/2024,3,3921.69,KO,RBA,Carte,LIV10,
CMD06998,CL0938,P074,2024-02-06,5,786.58,livré,RBA,Carte,LIV5,2024-02-08
CMD25086,CL0115,P040,Dec 15 2023,3,2634.68,annulé,marrakech,Carte,LIV3,
CMD27692,CL0351,P063,Mar 27 2024,4,723.4,retourné,RBA,Carte,LIV10,2024-03-29
CMD38408,CL0379,P080,23/10/2023,4,1628.33,livré,TNG,Carte,LIV10,2023-10-24
CMD07752,CL0568,P033,2023-12-03,5,1849.89,DONE,casa,Carte,LIV9,2023-12-06
CMD08890,CL0374,P052,01/02/2024,1,4463.11,OK,TNG,Carte,LIV10,
CMD36909,CL0198,P005,2024-05-08,1,560.32,retourné,tanger,Carte,LIV8,2024-05-10
CMD38899,CL0400,P076,22/03/2023,5,362.66,DONE,marrakech,Carte,,2023-03-26
CMD36962,CL0284,P036,21/09/2023,3,777.07,livre,CASABLANCA,Carte,LIV3,
CMD24924,CL0517,P032,2023-06-17,5,1843.74,livré,casa,Carte,LIV9,2023-06-18
CMD31394,CL0746,P089,2024-03-24,5,2046.39,retourné,TANGER,Carte,LIV5,2024-03-25
CMD00795,CL0837,P023,May 09 2024,2,1741.04,livré,Agadir,Carte,LIV10,2024-05-10
CMD08701,CL0854,P002,2023-03-21,4,3109.44,annulé,Tnja,Carte,LIV4,
CMD11130,CL0196,P054,16/11/2023,1,4315.37,annulé,TNG,Carte,LIV5,
CMD01755,CL0291,P055,2023-04-05,5,69.73,livré,TANGER,Carte,LIV10,2023-04-06
CMD01543,CL0630,P002,02/05/2023,5,3615.44,livré,TNG,Carte,LIV6,2023-05-06
CMD40355,CL0187,P056,Feb 06 2024,3,1039.34,en_cours,TANGER,Carte,LIV4,
CMD20022,CL0986,P098,19/02/2023,4,3164.76,retourné,tanger,Carte,LIV2,2023-02-21
CMD36194,CL0081,P078,2024-05-15,5,4572.32,livré,marrakech,Carte,LIV6,2024-05-17
CMD28938,CL0612,P076,2023-06-14,3,2845.84,livre,RBA,Carte,LIV7,
CMD38923,CL0330,P080,2023-09-26,2,1577.26,DONE,casa,Carte,LIV6,2023-09-29
CMD09716,CL0992,P045,2024-01-24,1,400.42,en_cours,Agadir,Carte,LIV5,
CMD08685,CL0227,P090,May 09 2024,4,4504.76,en_cours,Tnja,Carte,LIV10,
CMD17177,CL0866,P008,Jun 29 2023,5,2727.63,en_cours,RBA,Carte,LIV1,
CMD30877,CL0156,P052,20/10/2023,2,3173.63,livré,tanger,Carte,LIV1,2023-10-24
CMD01947,CL0955,P016,Mar 15 2023,2,1342.82,en_cours,RBA,Carte,LIV6,
CMD28716,CL0429,P094,2023-10-28,1,1565.43,KO,tanger,Carte,LIV7,
CMD34365,CL0691,P067,2024-01-28,3,1461.46,livré,tanger,Carte,LIV1,2024-02-01
CMD48161,CL0043,P098,12/02/2023,2,1150.48,annulé,Tnja,Carte,LIV1,
CMD04969,CL0287,P029,Dec 03 2023,1,2935.57,livre,CASABLANCA,Carte,LIV2,
CMD20435,CL0749,P061,Jul 27 2023,1,3937.71,annulé,CASABLANCA,Carte,LIV7,
CMD33582,CL0001,P088,21/07/2023,2,491.04,annulé,TNG,Carte,LIV7,
CMD11600,CL0149,P083,05/05/2024,3,1397.07,annulé,CASABLANCA,Carte,LIV10,
CMD01555,CL0560,P066,Mar 27 2023,3,2947.52,en_cours,RBA,Carte,LIV7,
CMD46968,CL0686,P019,2023-02-04,1,3956.46,LIVRE,Tnja,Carte,,2023-02-06
CMD24866,CL0787,P032,Jul 21 2023,5,1032.02,KO,TANGER,Carte,LIV3,
CMD22014,CL0666,P024,Jun 14 2023,5,752.12,livre,kech,Carte,LIV10,
CMD32661,CL0853,P044,18/10/2023,5,3552.19,livré,TANGER,Carte,LIV1,2023-10-21
CMD10175,CL0537,P090,25/06/2023,3,4958.68,annulé,Tnja,Carte,LIV5,
CMD14399,CL0071,P085,Nov 13 2023,1,1257.73,en_cours,TANGER,Carte,LIV2,
CMD47728,CL0825,P022,21/02/2023,2,3941.85,annulé,CASABLANCA,Carte,LIV2,
CMD13704,CL0852,P089,May 04 2023,4,3430.13,livré,kech,Carte,LIV10,2023-05-08
CMD22178,CL0280,P068,Jun 20 2023,5,3469.09,livré,marrakech,Carte,LIV7,2023-06-21
CMD02712,CL0132,P040,16/08/2023,1,1757.95,OK,CASABLANCA,Carte,LIV4,
CMD17869,CL0955,P098,30/12/2023,5,168.02,LIVRE,Agadir,Carte,LIV8,2024-01-01
CMD47623,CL0288,P085,29/04/2024,4,3045.68,retourné,CASABLANCA,Carte,LIV9,2024-05-02
CMD01737,CL0562,P090,2023-07-30,1,4477.67,livré,marrakech,Carte,LIV7,2023-08-03
CMD06066,CL0352,P009,19/03/2024,2,2153.36,annulé,CASABLANCA,Carte,LIV8,
CMD39213,CL0244,P086,30/07/2023,1,687.88,OK,Agadir,Carte,LIV7,
CMD37129,CL0999,P012,Aug 19 2023,1,3072.56,livré,casa,Carte,,2023-08-21
CMD47984,CL0193,P073,May 12 2023,2,2777.4,en_cours,kech,Carte,LIV6,
CMD38530,CL0849,P075,14/11/2023,5,1925.54,annulé,CASABLANCA,Carte,LIV4,
CMD01905,CL0721,P078,Mar 05 2024,2,3400.4,livré,RBA,Carte,LIV9,2024-03-10
CMD48337,CL0107,P046,19/05/2023,5,1286.91,DONE,marrakech,Carte,LIV8,2023-05-20
CMD06349,CL0873,P096,2024-05-04,1,1028.69,OK,kech,Carte,,
CMD10819,CL0860,P045,Sep 27 2023,4,4063.59,DONE,Tnja,Carte,LIV7,2023-09-30
CMD44981,CL0761,P004,10/05/2024,4,1054.2,KO,Tnja,Carte,LIV2,
CMD39410,CL0235,P043,2023-11-23,5,1104.33,livré,RBA,Carte,LIV10,2023-11-26
CMD39440,CL0734,P088,Dec 30 2023,1,683.49,livré,kech,Carte,LIV5,2024-01-04
CMD15627,CL0514,P078,Sep 15 2023,2,2849.57,annulé,kech,Carte,LIV10,
CMD28346,CL0277,P024,30/10/2023,3,3594.77,OK,casa,Carte,LIV8,
CMD33555,CL0291,P004,10/04/2024,5,2134.64,OK,casa,Carte,LIV1,
CMD01690,CL0230,P001,Feb 09 2023,2,94.84,livré,CASABLANCA,Carte,LIV3,2023-02-14
CMD26639,CL0590,P063,15/07/2023,2,1157.97,livré,marrakech,Carte,LIV3,2023-07-20
CMD38293,CL0970,P035,Feb 17 2023,4,1456.89,LIVRE,kech,Carte,LIV9,2023-02-21
CMD39701,CL0178,P076,29/04/2024,3,4570.74,retourné,tanger,Carte,LIV6,2024-05-01
CMD30887,CL0518,P053,15/05/2023,1,4198.99,en_cours,TNG,Carte,LIV9,
CMD00995,CL0152,P022,09/02/2024,2,1589.65,livré,CASABLANCA,Carte,LIV4,2024-02-14
CMD01893,CL0352,P042,Mar 28 2024,4,4772.15,livré,marrakech,Carte,LIV6,2024-04-01
CMD46020,CL0989,P008,2023-02-04,1,0,DONE,Agadir,Carte,LIV9,2023-02-08
CMD38483,CL0055,P011,22/02/2024,5,3431.76,en_cours,casa,Carte,,
CMD07088,CL0659,P040,2023-07-03,2,2152.62,en_cours,CASABLANCA,Carte,LIV2,
CMD27442,CL0721,P040,23/04/2024,1,3159.88,en_cours,kech,Carte,LIV8,
CMD11099,CL0205,P077,30/01/2024,5,3303.18,livré,kech,Carte,LIV9,2024-02-04
CMD06236,CL0870,P002,30/04/2024,1,1711.15,retourné,CASABLANCA,Carte,LIV5,2024-05-02
CMD15461,CL0770,P080,24/04/2024,1,2310.81,livré,TANGER,Carte,LIV8,2024-04-27
CMD37974,CL0979,P007,2023-02-14,5,0,livre,CASABLANCA,Carte,LIV3,
CMD02937,CL0440,P042,2023-10-11,5,147.02,LIVRE,CASABLANCA,Carte,LIV6,2023-10-15
CMD46559,CL0100,P008,Oct 28 2023,5,4641.23,LIVRE,CASABLANCA,Carte,LIV3,2023-11-02
CMD46345,CL0103,P031,Dec 07 2023,2,805.79,retourné,tanger,Carte,LIV5,2023-12-08
CMD06828,CL0907,P046,Sep 29 2023,2,4311.29,LIVRE,TNG,Carte,,2023-10-01
CMD25251,CL0205,P030,24/06/2023,5,4105.14,LIVRE,TNG,Carte,LIV5,2023-06-27
CMD34988,CL0093,P023,17/03/2023,1,2293.11,livre,kech,Carte,LIV7,
CMD22055,CL0037,P009,Jun 29 2023,5,314.33,OK,TNG,Carte,LIV5,
CMD01147,CL0602,P073,May 14 2023,5,660.58,OK,Agadir,Carte,LIV3,
CMD36009,CL0824,P075,Oct 21 2023,5,1114.62,livré,RBA,Carte,LIV4,2023-10-23
CMD14478,CL0620,P063,Oct 10 2023,4,3244.92,retourné,RBA,Carte,LIV5,2023-10-12
CMD26211,CL0780,P054,22/07/2023,1,2673.59,KO,CASABLANCA,Carte,LIV8,
CMD46543,CL0271,P042,2023-10-20,3,2629.86,KO,marrakech,Carte,,
CMD09329,CL0444,P067,Jan 30 2023,3,3434.62,KO,Agadir,Carte,LIV6,
CMD34844,CL0257,P031,2023-01-04,2,1502.27,annulé,Agadir,Carte,LIV3,
CMD34203,CL0736,P015,2023-01-25,4,3291.32,en_cours,tanger,Carte,LIV4,
CMD17455,CL0110,P075,30/03/2023,4,307.69,annulé,marrakech,Carte,LIV6,
CMD34511,CL0962,P062,17/02/2024,2,1479.74,en_cours,kech,Carte,,
CMD30619,CL0489,P082,25/04/2024,3,4146.75,livré,marrakech,Carte,LIV10,2024-04-27
CMD44370,CL0873,P081,23/01/2023,2,2209.21,OK,RBA,Carte,LIV5,
CMD10396,CL0793,P023,May 09 2024,5,2396.96,LIVRE,TANGER,Carte,LIV3,2024-05-11
CMD06526,CL0406,P009,03/10/2023,4,3863.49,en_cours,casa,Carte,LIV4,
CMD23903,CL0411,P067,24/04/2024,5,2326.58,KO,TANGER,Carte,LIV9,
CMD02416,CL0803,P004,2023-12-05,2,3394.48,annulé,TNG,Carte,LIV5,
CMD15095,CL0161,P005,2024-03-16,5,1541.97,DONE,marrakech,Carte,LIV5,2024-03-20
CMD01382,CL0491,P001,01/04/2023,5,3629.65,livré,RBA,Carte,LIV6,2023-04-05
CMD34363,CL0257,P042,22/01/2024,5,2899.67,OK,Tnja,Carte,,
CMD30161,CL0979,P053,Aug 18 2023,4,2795.57,KO,Tnja,Carte,LIV9,
CMD34610,CL0020,P039,14/04/2023,5,4358.73,retourné,Agadir,Carte,LIV8,2023-04-19
CMD48092,CL0122,P066,2023-04-01,3,2704.46,DONE,CASABLANCA,Carte,LIV6,2023-04-06
CMD43387,CL0204,P050,2024-02-17,1,0,en_cours,casa,Carte,LIV2,
CMD14744,CL0178,P045,23/11/2023,2,343.3,livré,TNG,Carte,LIV7,2023-11-24
CMD27872,CL0586,P099,2024-02-19,1,4544.01,retourné,kech,Carte,LIV3,2024-02-24
CMD31868,CL0500,P027,Dec 23 2023,4,4505.41,OK,CASABLANCA,Carte,LIV10,
CMD05846,CL0998,P077,2023-01-02,1,2105.11,DONE,CASABLANCA,Carte,,2023-01-03
CMD18070,CL0242,P039,Jan 24 2023,2,969.74,livré,kech,Carte,LIV2,2023-01-28
CMD41770,CL0070,P013,22/10/2023,5,3213.92,retourné,Tnja,Carte,LIV9,2023-10-27
CMD25270,CL0206,P069,May 31 2023,4,1584.44,annulé,Tnja,Carte,LIV10,
CMD03702,CL0791,P012,27/02/2024,3,1360.68,LIVRE,kech,Carte,LIV4,2024-03-01
CMD29648,CL0762,P067,2023-03-09,4,2728.33,annulé,TNG,Carte,,
CMD20659,CL0761,P044,2023-12-04,2,827.0,livré,TANGER,Carte,LIV5,2023-12-06
CMD47719,CL0130,P062,12/09/2023,5,3345.92,annulé,TNG,Carte,LIV3,
CMD44664,CL0133,P060,2023-09-15,3,2221.31,en_cours,TANGER,Carte,LIV2,
CMD00923,CL0485,P077,2024-03-31,4,1994.88,LIVRE,tanger,Carte,LIV2,2024-04-05
CMD19213,CL0217,P061,Apr 16 2023,4,4165.26,OK,tanger,Carte,LIV9,
CMD21690,CL0329,P023,Apr 07 2023,5,2408.06,livré,marrakech,Carte,,2023-04-09
CMD43702,CL0409,P079,30/01/2024,5,3325.47,DONE,TANGER,Carte,LIV3,2024-01-31
CMD06195,CL0535,P032,2023-09-11,5,326.88,LIVRE,TANGER,Carte,LIV9,2023-09-13
CMD27504,CL0870,P030,08/08/2023,4,3770.18,livré,tanger,Carte,LIV10,2023-08-12
CMD05393,CL0975,P085,Apr 22 2024,4,4835.36,KO,RBA,Carte,LIV9,
CMD15030,CL0520,P099,2023-01-11,4,2863.91,livré,CASABLANCA,Carte,LIV10,2023-01-13
CMD42265,CL0243,P018,2023-09-05,4,1344.01,KO,Agadir,Carte,LIV1,
CMD09005,CL0329,P038,2023-09-22,3,656.04,livre,marrakech,Carte,LIV8,
CMD38978,CL0719,P045,Apr 29 2023,5,3601.08,DONE,Agadir,Carte,LIV6,2023-04-30
CMD41912,CL0604,P100,08/02/2024,5,3147.44,OK,Agadir,Carte,LIV9,
CMD42615,CL0940,P019,2023-12-20,4,1096.54,livré,Agadir,Carte,LIV10,2023-12-24
CMD11824,CL0246,P032,Dec 17 2023,4,473.65,OK,Tnja,Carte,LIV6,
CMD28784,CL0625,P100,May 11 2024,5,1224.88,retourné,CASABLANCA,Carte,LIV4,2024-05-15
CMD12257,CL0931,P090,Jan 28 2023,2,4184.19,retourné,tanger,Carte,LIV9,2023-02-02
CMD01927,CL0851,P082,02/06/2023,2,896.03,retourné,Agadir,Carte,LIV8,2023-06-06
CMD09986,CL0231,P036,13/04/2023,3,1548.29,livré,Agadir,Carte,LIV7,2023-04-17
CMD08648,CL0095,P047,04/08/2023,4,363.39,LIVRE,TANGER,Carte,LIV1,2023-08-08
CMD47372,CL0530,P037,11/01/2023,2,3024.01,en_cours,TANGER,Carte,LIV7,
CMD11277,CL0933,P038,Feb 23 2023,2,1677.22,OK,kech,Carte,LIV4,
CMD22147,CL0584,P048,2023-08-31,5,1718.99,DONE,TANGER,Carte,LIV9,2023-09-04
CMD02351,CL0290,P082,2023-09-07,1,2078.28,livre,casa,Carte,LIV7,
CMD25647,CL0077,P067,10/03/2023,1,578.09,livré,RBA,Carte,LIV7,2023-03-15
CMD31289,CL0711,P027,Jul 13 2023,3,3015.92,OK,casa,Carte,LIV2,
CMD35728,CL0557,P096,2023-06-26,1,2175.61,LIVRE,tanger,Carte,LIV1,2023-06-28
CMD29974,CL0703,P020,11/04/2023,1,3392.97,OK,kech,Carte,LIV4,
CMD31652,CL0569,P025,2024-02-09,2,2991.55,en_cours,TANGER,Carte,LIV7,
CMD42204,CL0271,P018,Aug 18 2023,3,2883.0,livré,marrakech,Carte,LIV7,2023-08-20
CMD07548,CL0792,P009,2024-03-22,5,4256.53,livré,TNG,Carte,LIV5,2024-03-23
CMD03113,CL0805,P020,13/10/2023,2,1743.32,livre,tanger,Carte,LIV8,
CMD08151,CL0368,P053,03/09/2023,2,2397.79,KO,TANGER,Carte,LIV2,
CMD33533,CL0342,P007,Apr 13 2023,2,499.91,livre,kech,Carte,,
CMD34773,CL0894,P045,14/09/2023,3,1847.95,retourné,CASABLANCA,Carte,LIV5,2023-09-17
CMD28212,CL0396,P046,Jan 26 2024,5,1665.32,livré,TANGER,Carte,LIV10,2024-01-27
CMD00623,CL0161,P030,Oct 31 2023,1,3668.91,livre,tanger,Carte,LIV8,
CMD42293,CL0810,P053,May 04 2024,4,68.85,annulé,TNG,Carte,LIV3,
CMD14252,CL0507,P032,2023-12-02,2,4906.48,livré,tanger,Carte,LIV6,2023-12-05
CMD12757,CL0649,P013,2023-04-29,3,2128.02,livré,kech,Carte,LIV6,2023-05-02
CMD09733,CL0863,P046,12/03/2024,1,3117.62,livré,tanger,Carte,LIV4,2024-03-17
CMD33796,CL0574,P047,Jun 14 2023,1,0,annulé,CASABLANCA,Carte,LIV8,
CMD13245,CL0135,P007,2023-12-10,4,1294.01,livre,marrakech,Carte,,
CMD08586,CL0970,P074,Jun 12 2023,3,4909.48,retourné,CASABLANCA,Carte,LIV10,2023-06-17
CMD38119,CL0183,P031,21/08/2023,5,2595.03,LIVRE,kech,Carte,LIV5,2023-08-25
CMD28812,CL0169,P066,Jan 14 2023,5,3071.28,LIVRE,TANGER,Carte,,2023-01-16
CMD31635,CL0556,P046,16/12/2023,1,1716.02,livré,tanger,Carte,LIV1,2023-12-17
CMD38004,CL0272,P006,17/08/2023,3,4070.5,livré,kech,Carte,LIV2,2023-08-22
CMD44271,CL0479,P021,13/05/2024,4,4211.61,DONE,RBA,Carte,LIV8,2024-05-14
CMD38971,CL0383,P044,2024-05-02,2,1137.23,annulé,Agadir,Carte,LIV7,
CMD43372,CL0242,P057,Sep 02 2023,5,4023.32,KO,TANGER,Carte,LIV3,
CMD26953,CL0910,P100,2023-09-02,2,1285.7,DONE,tanger,Carte,LIV1,2023-09-04
CMD21344,CL0667,P076,Feb 12 2024,3,2101.71,en_cours,RBA,Carte,LIV6,
CMD15646,CL0443,P096,2024-02-26,5,4183.77,livre,Tnja,Carte,LIV2,
CMD20026,CL0250,P006,2023-10-19,2,4019.03,livré,tanger,Carte,LIV6,2023-10-23
CMD35032,CL0730,P067,Aug 05 2023,1,3324.76,DONE,tanger,Carte,LIV3,2023-08-09
CMD44614,CL0528,P006,May 21 2023,5,2760.07,en_cours,tanger,Carte,LIV4,
CMD38520,CL0272,P018,17/02/2023,4,4620.23,livré,CASABLANCA,Carte,,2023-02-20
CMD43592,CL0906,P037,2024-01-08,3,4983.83,en_cours,marrakech,Carte,LIV1,
CMD15468,CL0364,P068,Mar 23 2024,5,1186.2,retourné,Tnja,Carte,LIV8,2024-03-27
CMD39825,CL0428,P067,14/05/2024,5,311.36,livré,TNG,Carte,LIV9,2024-05-15
CMD00304,CL0732,P028,16/02/2023,5,2422.1,retourné,tanger,Carte,LIV4,2023-02-21
CMD25171,CL0250,P074,19/01/2023,1,808.04,livre,TANGER,Carte,LIV1,
CMD25973,CL0866,P080,May 12 2023,5,2716.32,annulé,casa,Carte,LIV1,
CMD33145,CL0878,P040,2023-02-17,4,4250.66,DONE,TNG,Carte,LIV8,2023-02-20
CMD02947,CL0532,P066,2024-03-14,2,1282.64,DONE,Agadir,Carte,LIV1,2024-03-17
CMD38672,CL0671,P034,2023-03-07,1,4540.47,annulé,kech,Carte,LIV2,
CMD14941,CL0707,P071,Aug 05 2023,4,788.26,livré,TNG,Carte,,2023-08-06
CMD33034,CL0591,P067,2023-04-16,3,1406.16,livré,kech,Carte,LIV3,2023-04-19
CMD16182,CL0750,P030,2024-01-10,2,3319.89,livré,tanger,Carte,LIV2,2024-01-12
CMD03028,CL0705,P017,2023-09-03,4,4721.54,annulé,tanger,Carte,LIV7,
CMD19352,CL0655,P051,2023-09-06,2,754.85,OK,RBA,Carte,,
CMD38532,CL0772,P096,Apr 18 2024,3,2211.8,annulé,TNG,Carte,LIV6,
CMD28608,CL0605,P031,2024-01-25,2,1378.4,livre,RBA,Carte,LIV4,
CMD37577,CL0088,P046,10/11/2023,4,290.45,livré,CASABLANCA,Carte,LIV9,2023-11-15
CMD04829,CL0280,P009,18/07/2023,2,624.58,livré,kech,Carte,LIV5,2023-07-19
CMD46681,CL0072,P046,2023-07-03,5,4042.94,LIVRE,CASABLANCA,Carte,,2023-07-05
CMD35351,CL0137,P010,2023-02-07,3,0,livre,casa,Carte,,
CMD16556,CL0622,P074,Jan 27 2024,2,2178.75,livre,kech,Carte,LIV4,
CMD30926,CL0426,P013,10/03/2023,1,4150.38,annulé,TANGER,Carte,LIV8,
CMD46558,CL0248,P062,14/07/2023,5,4785.83,LIVRE,kech,Carte,LIV5,2023-07-18
CMD24028,CL0132,P018,Aug 08 2023,1,4349.94,livré,TANGER,Carte,LIV2,2023-08-10
CMD39426,CL0774,P024,Jan 25 2023,5,2804.47,DONE,tanger,Carte,LIV9,2023-01-29
CMD36850,CL0669,P079,09/02/2023,1,3098.18,DONE,RBA,Carte,LIV6,2023-02-14
CMD43703,CL0988,P060,2023-12-25,2,2018.32,livre,Agadir,Carte,LIV5,
CMD34167,CL0153,P056,25/05/2023,5,4155.46,retourné,casa,Carte,LIV2,2023-05-30
CMD37959,CL0245,P036,May 02 2024,2,3299.98,livré,TNG,Carte,LIV5,2024-05-05
CMD19651,CL0425,P026,Feb 14 2023,4,783.79,OK,TNG,Carte,LIV8,
CMD10459,CL0343,P094,Jun 16 2023,3,4862.92,livré,RBA,Carte,LIV4,2023-06-20
CMD29986,CL0458,P056,20/04/2024,3,1292.62,livré,Tnja,Carte,,2024-04-22
CMD28995,CL0617,P096,10/10/2023,4,3991.1,KO,CASABLANCA,Carte,LIV7,
CMD00073,CL0127,P004,Jun 27 2023,4,2698.91,livre,Agadir,Carte,LIV1,
CMD23420,CL0947,P086,Oct 23 2023,5,765.03,DONE,tanger,Carte,LIV7,2023-10-26
CMD31055,CL0991,P088,Dec 23 2023,3,3914.37,en_cours,CASABLANCA,Carte,LIV3,
CMD48307,CL0638,P076,Jun 28 2023,2,3733.4,livre,Tnja,Carte,LIV9,
CMD20503,CL0764,P045,Jul 08 2023,3,2205.25,annulé,kech,Carte,LIV10,
CMD46004,CL0890,P017,2024-05-06,4,176.06,KO,TNG,Carte,LIV5,
CMD23505,CL0854,P091,Aug 19 2023,1,3738.94,livré,tanger,Carte,LIV9,2023-08-21
CMD11373,CL0972,P005,Jul 26 2023,3,4548.79,KO,Agadir,Carte,LIV6,
CMD04416,CL0239,P085,Jul 27 2023,4,4592.79,annulé,tanger,Carte,LIV6,
CMD13078,CL0716,P054,Jul 12 2023,3,821.85,OK,kech,Carte,,
CMD37611,CL0567,P007,08/02/2023,5,468.12,annulé,Tnja,Carte,LIV5,
CMD12294,CL0696,P066,30/12/2023,1,3502.57,livré,TANGER,Carte,LIV1,2024-01-04
CMD45332,CL0405,P079,05/03/2023,5,4071.45,livré,marrakech,Carte,,2023-03-10
CMD20740,CL0604,P095,Sep 08 2023,1,3014.59,livré,marrakech,Carte,LIV4,2023-09-11
CMD11397,CL0877,P020,2023-08-06,4,278.65,LIVRE,Agadir,Carte,LIV10,2023-08-08
CMD17880,CL0936,P067,13/11/2023,3,3649.14,DONE,CASABLANCA,Carte,LIV10,2023-11-16
CMD06994,CL0423,P075,15/03/2024,4,1362.58,OK,Agadir,Carte,LIV1,
CMD14494,CL0459,P073,Feb 05 2023,5,2453.0,livre,casa,Carte,LIV9,
CMD30524,CL0609,P022,Jul 12 2023,1,3807.09,KO,CASABLANCA,Carte,LIV10,
CMD15269,CL0061,P070,Jan 09 2023,3,2968.48,livre,TNG,Carte,LIV6,
CMD22491,CL0241,P069,2024-05-05,1,413.02,KO,casa,Carte,LIV3,
CMD02683,CL0589,P059,2023-01-28,5,2274.09,LIVRE,marrakech,Carte,LIV1,2023-01-29
CMD48225,CL0181,P042,23/06/2023,3,1714.96,annulé,RBA,Carte,LIV6,
CMD22019,CL0298,P002,Apr 06 2024,2,638.58,annulé,CASABLANCA,Carte,LIV2,
CMD08594,CL0111,P006,2023-07-03,4,2118.13,KO,Tnja,Carte,LIV8,
CMD44955,CL0837,P046,2024-04-23,3,3235.37,OK,kech,Carte,LIV7,
CMD46465,CL0899,P028,2023-10-20,1,2122.42,DONE,marrakech,Carte,LIV3,2023-10-23
CMD40510,CL0750,P035,12/09/2023,2,971.66,DONE,TNG,Carte,LIV9,2023-09-17
CMD33773,CL0355,P035,20/02/2023,3,1311.55,OK,RBA,Carte,LIV2,
CMD37382,CL0433,P017,11/05/2023,5,3451.78,KO,tanger,Carte,LIV1,
CMD22442,CL0665,P019,2023-01-03,1,3268.44,livré,RBA,Carte,LIV9,2023-01-04
CMD06440,CL0622,P080,08/02/2023,3,3762.36,livre,CASABLANCA,Carte,LIV3,
CMD08106,CL0460,P023,2023-08-24,2,125.37,en_cours,RBA,Carte,LIV2,
CMD38031,CL0266,P017,2023-08-26,3,2312.43,livre,CASABLANCA,Carte,,
CMD30996,CL0079,P010,2024-04-26,1,2787.26,livré,TNG,Carte,LIV4,2024-05-01
CMD36492,CL0628,P089,2023-05-22,2,563.59,livré,casa,Carte,LIV6,2023-05-27
CMD02388,CL0708,P075,2023-01-26,1,4177.43,en_cours,RBA,Carte,LIV1,
CMD45978,CL0213,P072,2024-01-28,4,3863.67,livré,Tnja,Carte,LIV8,2024-02-02
CMD00616,CL0459,P076,2024-05-15,2,1526.23,livré,TANGER,Carte,LIV4,2024-05-16
CMD42829,CL0749,P096,2023-07-29,3,3849.75,LIVRE,RBA,Carte,LIV6,2023-08-03
CMD30148,CL0192,P071,2024-01-30,2,3793.58,OK,Agadir,Carte,LIV8,
CMD38179,CL0050,P068,05/12/2023,1,1838.33,livré,TANGER,Carte,LIV8,2023-12-07
CMD01788,CL0511,P025,2023-10-30,1,235.11,livré,CASABLANCA,Carte,LIV10,2023-11-01
CMD32812,CL0544,P019,31/12/2023,5,2707.31,livré,marrakech,Carte,LIV6,2024-01-03
CMD26249,CL0327,P080,Sep 16 2023,2,3046.08,retourné,TNG,Carte,LIV3,2023-09-17
CMD09065,CL0937,P070,24/05/2023,5,655.26,livre,Tnja,Carte,LIV7,
CMD40585,CL0135,P005,Feb 01 2023,1,2772.25,livré,CASABLANCA,Carte,LIV7,2023-02-02
CMD29419,CL0428,P029,06/08/2023,3,3333.13,LIVRE,casa,Carte,LIV1,2023-08-09
CMD25838,CL0281,P030,2023-06-14,3,2128.48,LIVRE,CASABLANCA,Carte,LIV8,2023-06-16
CMD07764,CL0821,P084,05/08/2023,3,118.77,LIVRE,tanger,Carte,LIV3,2023-08-06
CMD16005,CL0200,P091,2024-01-30,1,4283.55,livre,marrakech,Carte,LIV9,
CMD37871,CL0844,P061,May 10 2023,5,365.89,KO,TANGER,Carte,LIV9,
CMD10759,CL0589,P078,28/10/2023,1,1374.41,livré,TNG,Carte,LIV7,2023-10-31
CMD40461,CL0248,P012,Sep 29 2023,2,2549.83,KO,TANGER,Carte,LIV3,
CMD02578,CL0944,P028,06/03/2023,5,1233.85,OK,TANGER,Carte,LIV7,
CMD38688,CL0610,P050,2023-12-08,2,4301.02,OK,Agadir,Carte,LIV10,
CMD40862,CL0529,P088,Mar 02 2024,4,542.3,DONE,Tnja,Carte,LIV7,2024-03-03
CMD44119,CL0473,P001,2024-04-15,4,2836.01,OK,Agadir,Carte,,
CMD37569,CL0949,P081,2023-07-30,1,1244.26,livré,kech,Carte,LIV6,2023-07-31
CMD43316,CL0188,P055,2023-01-04,1,2018.63,livre,marrakech,Carte,LIV2,
CMD12012,CL0955,P078,18/01/2024,5,0,en_cours,CASABLANCA,Carte,LIV2,
CMD09462,CL0652,P099,23/05/2023,5,773.11,KO,RBA,Carte,LIV10,
CMD11973,CL0051,P038,Apr 29 2023,5,1438.16,KO,casa,Carte,LIV8,
CMD42324,CL0128,P026,2023-04-12,3,4799.33,OK,Agadir,Carte,LIV9,
CMD37216,CL0100,P047,2024-02-29,2,2447.52,LIVRE,marrakech,Carte,LIV6,2024-03-01
CMD33266,CL0755,P097,2023-07-10,1,4140.52,livré,casa,Carte,LIV8,2023-07-12
CMD09282,CL0334,P011,Oct 11 2023,4,2924.04,livre,Tnja,Carte,LIV5,
CMD35036,CL0461,P056,Jan 12 2024,3,2239.45,livre,TNG,Carte,LIV10,
CMD21427,CL0026,P074,2024-04-01,1,707.01,livre,TANGER,Carte,LIV4,
CMD02007,CL0461,P058,2023-08-16,4,3467.27,DONE,casa,Carte,LIV3,2023-08-17
CMD12030,CL0194,P046,2023-08-23,2,330.59,livre,RBA,Carte,LIV6,
CMD11591,CL0660,P084,2024-04-04,1,1398.93,retourné,casa,Carte,LIV2,2024-04-06
CMD31008,CL0659,P077,Nov 09 2023,5,4069.16,KO,TANGER,Carte,LIV8,
CMD43390,CL0697,P024,Apr 14 2024,4,3636.38,livré,RBA,Carte,LIV6,2024-04-15
CMD46418,CL0861,P038,31/10/2023,5,3559.92,retourné,marrakech,Carte,LIV3,2023-11-01
CMD29781,CL0545,P023,27/08/2023,5,2490.07,en_cours,Tnja,Carte,LIV5,
CMD42217,CL0274,P022,Aug 02 2023,5,402.93,livré,kech,Carte,LIV2,2023-08-05
CMD27032,CL0757,P080,2024-03-22,4,2181.31,LIVRE,RBA,Carte,LIV6,2024-03-25
CMD31691,CL0997,P095,Jun 03 2023,3,4069.03,retourné,RBA,Carte,LIV10,2023-06-04
CMD11836,CL0951,P092,Jan 28 2023,4,2170.61,annulé,tanger,Carte,,
CMD37868,CL0825,P003,2023-01-23,3,4632.85,en_cours,TNG,Carte,LIV6,
CMD36555,CL0860,P045,01/07/2023,4,1696.58,en_cours,kech,Carte,LIV10,
CMD19390,CL0556,P034,Oct 28 2023,1,239.17,LIVRE,casa,Carte,LIV10,2023-10-29
CMD28568,CL0008,P011,2024-03-28,1,4799.72,annulé,Agadir,Carte,LIV1,
CMD12267,CL0490,P061,2023-04-19,2,802.25,livre,Agadir,Carte,LIV5,
CMD44228,CL0717,P055,13/02/2024,4,4333.9,LIVRE,tanger,Carte,LIV5,2024-02-18
CMD14440,CL0366,P028,Aug 28 2023,1,2969.01,livré,Agadir,Carte,LIV7,2023-08-29
CMD16059,CL0163,P055,02/01/2024,2,4943.8,livré,Tnja,Carte,LIV1,2024-01-03
CMD31007,CL0056,P092,Jan 01 2024,-1,2076.35,livré,kech,Carte,LIV3,2024-01-05
CMD08301,CL0464,P041,May 14 2023,1,1639.37,DONE,kech,Carte,LIV9,2023-05-15
CMD41976,CL0163,P071,15/10/2023,4,1576.24,livré,tanger,Carte,LIV8,2023-10-19
CMD23981,CL0208,P064,2023-11-07,1,4722.07,livré,CASABLANCA,Carte,LIV5,2023-11-12
CMD15778,CL0868,P093,2023-02-24,2,3759.97,livre,Agadir,Carte,LIV8,
CMD35978,CL0818,P089,07/10/2023,5,4464.29,en_cours,tanger,Carte,LIV6,
CMD43934,CL0128,P076,2023-11-25,1,1977.3,LIVRE,TANGER,Carte,LIV3,2023-11-27
CMD20170,CL0181,P022,2023-06-02,3,1862.07,livré,Tnja,Carte,LIV2,2023-06-06
CMD37346,CL0146,P017,2023-03-20,3,829.45,livre,CASABLANCA,Carte,LIV8,
CMD18031,CL0843,P023,2023-05-08,4,4007.31,annulé,Tnja,Carte,LIV10,
CMD29729,CL0486,P013,Jan 23 2024,4,1214.8,livré,marrakech,Carte,LIV9,2024-01-27
CMD19963,CL0799,P006,2023-11-23,4,231.81,livré,TNG,Carte,LIV8,2023-11-25
CMD07481,CL0884,P027,03/03/2024,3,2258.34,annulé,CASABLANCA,Carte,LIV8,
CMD46701,CL0449,P030,2023-05-02,1,1740.45,LIVRE,casa,Carte,LIV7,2023-05-06
CMD34120,CL0905,P034,12/02/2023,2,2174.75,OK,marrakech,Carte,LIV6,
CMD28336,CL0500,P016,2023-04-29,1,3763.66,en_cours,casa,Carte,LIV7,
CMD35689,CL0740,P080,2023-05-09,4,1530.59,LIVRE,Tnja,Carte,LIV6,2023-05-12
CMD02108,CL0229,P051,2023-01-24,5,2781.64,livré,TANGER,Carte,LIV6,2023-01-29
CMD39253,CL0365,P053,21/04/2023,4,4114.76,en_cours,tanger,Carte,LIV5,
CMD02681,CL0740,P036,2023-09-07,1,549.83,livré,CASABLANCA,Carte,LIV1,2023-09-08
CMD40678,CL0226,P090,2024-03-06,4,287.68,en_cours,Agadir,Carte,LIV7,
CMD31098,CL0270,P044,2023-01-23,3,2275.4,en_cours,TNG,Carte,LIV8,
CMD41895,CL0954,P100,Apr 07 2023,-1,4807.93,LIVRE,tanger,Carte,LIV8,2023-04-10
CMD06240,CL0300,P041,21/06/2023,3,4206.25,retourné,kech,Carte,LIV5,2023-06-25
CMD02486,CL0439,P045,27/01/2023,4,4403.98,KO,TANGER,Carte,LIV1,
CMD32004,CL0056,P058,2024-01-01,5,2168.93,livré,TANGER,Carte,LIV8,2024-01-05
CMD03646,CL0443,P088,Aug 15 2023,5,162.87,en_cours,Tnja,Carte,LIV4,
CMD09571,CL0804,P063,Dec 22 2023,5,1329.84,livré,RBA,Carte,LIV8,2023-12-24
CMD02246,CL0621,P015,2023-01-09,1,4198.7,livre,CASABLANCA,Carte,LIV5,
CMD45914,CL0527,P080,2024-05-04,2,3415.18,livre,Tnja,Carte,LIV6,
CMD38555,CL0466,P045,Oct 18 2023,2,933.05,annulé,kech,Carte,LIV5,
CMD16290,CL0262,P068,Jan 04 2024,2,1751.32,livre,Tnja,Carte,LIV8,
CMD43052,CL0569,P016,Oct 01 2023,1,1245.43,livré,TNG,Carte,LIV2,2023-10-06
CMD04013,CL0382,P025,Jun 25 2023,-1,2429.8,DONE,kech,Carte,LIV6,2023-06-28
CMD05861,CL0018,P052,2023-06-05,3,1128.5,OK,Agadir,Carte,LIV8,
CMD18893,CL0963,P061,2023-02-12,4,646.87,livré,marrakech,Carte,LIV2,2023-02-15
CMD02803,CL0977,P019,Nov 30 2023,5,4891.33,retourné,tanger,Carte,LIV5,2023-12-05
CMD03219,CL0588,P043,2023-10-09,3,3197.96,livré,marrakech,Carte,LIV6,2023-10-13
CMD24070,CL0513,P040,27/03/2024,2,2511.1,livré,marrakech,Carte,LIV7,2024-03-31
CMD33163,CL0603,P008,13/05/2023,1,3713.32,livré,Tnja,Carte,LIV7,2023-05-17
CMD12075,CL0534,P075,2023-12-05,3,2091.29,KO,kech,Carte,LIV7,
CMD11953,CL0093,P055,2023-11-16,1,4984.43,DONE,tanger,Carte,LIV6,2023-11-19
CMD35374,CL0169,P083,2023-01-09,1,4612.59,livré,Tnja,Carte,LIV8,2023-01-12
CMD36118,CL0184,P001,Feb 06 2024,5,2803.5,DONE,TANGER,Carte,LIV1,2024-02-09
CMD24935,CL0595,P062,2023-09-28,4,3844.05,livre,TANGER,Carte,LIV10,
CMD23134,CL0321,P035,Jun 03 2023,-1,4765.12,DONE,CASABLANCA,Carte,LIV7,2023-06-06
CMD23566,CL0649,P053,18/09/2023,3,3529.02,LIVRE,casa,Carte,LIV9,2023-09-22
CMD29732,CL0948,P039,Sep 02 2023,1,1684.75,en_cours,casa,Carte,LIV4,
CMD48364,CL0279,P004,02/08/2023,1,3855.15,livré,casa,Carte,LIV9,2023-08-03
CMD28298,CL0842,P074,2023-06-12,3,830.24,livré,TANGER,Carte,LIV7,2023-06-14
CMD22041,CL0845,P001,21/04/2024,4,3307.35,retourné,casa,Carte,LIV7,2024-04-23
CMD11718,CL0928,P040,Dec 04 2023,5,4916.62,LIVRE,casa,Carte,LIV10,2023-12-05
CMD47483,CL0515,P056,May 16 2023,3,4404.66,DONE,TNG,Carte,LIV8,2023-05-17
CMD46110,CL0010,P035,Jan 19 2023,1,407.47,livré,RBA,Carte,LIV9,2023-01-23
CMD30871,CL0779,P056,Feb 28 2024,3,1439.91,OK,kech,Carte,LIV1,
CMD14108,CL0941,P032,10/09/2023,1,321.03,OK,kech,Carte,LIV9,
CMD28890,CL0864,P033,Jan 19 2024,3,1110.14,livre,casa,Carte,LIV2,
CMD17291,CL0208,P033,Jan 24 2023,3,877.46,livré,TANGER,Carte,LIV4,2023-01-26
CMD12696,CL0105,P003,24/04/2024,5,4626.36,livré,RBA,Carte,LIV6,2024-04-25
CMD46304,CL0730,P052,09/12/2023,3,3923.48,LIVRE,marrakech,Carte,LIV10,2023-12-13
CMD22554,CL0482,P025,2023-03-28,5,205.39,retourné,TNG,Carte,LIV4,2023-04-02
CMD16203,CL0104,P095,25/07/2023,3,592.61,annulé,kech,Carte,,
CMD38585,CL0753,P053,Jan 06 2024,1,3177.5,OK,kech,Carte,LIV5,
CMD05374,CL0556,P027,Aug 07 2023,3,1382.59,KO,Tnja,Carte,LIV2,
CMD18289,CL0140,P091,Jan 23 2023,5,486.91,retourné,TANGER,Carte,LIV2,2023-01-25
CMD29312,CL0166,P020,Apr 05 2023,2,682.04,LIVRE,TNG,Carte,,2023-04-07
CMD46447,CL0804,P018,2023-07-27,5,1235.25,livré,Agadir,Carte,LIV2,2023-07-29
CMD38365,CL0428,P055,04/11/2023,2,3024.71,livré,RBA,Carte,LIV9,2023-11-07
CMD03151,CL0835,P064,2023-08-03,5,1491.85,en_cours,marrakech,Carte,LIV2,
CMD04500,CL0311,P027,2023-09-30,5,1470.41,livré,Tnja,Carte,LIV8,2023-10-01
CMD24683,CL0793,P021,19/05/2023,1,2376.26,livre,RBA,Carte,LIV1,
CMD14067,CL0120,P056,29/02/2024,5,1702.83,DONE,marrakech,Carte,LIV1,2024-03-05
CMD17022,CL0081,P006,Jan 14 2024,3,3558.44,livre,Agadir,Carte,LIV10,
CMD24839,CL0465,P082,2023-10-01,4,1825.75,livre,CASABLANCA,Carte,LIV2,
CMD26035,CL0827,P075,2024-03-23,1,4860.81,KO,kech,Carte,LIV7,
CMD07749,CL0274,P072,2024-01-11,2,2321.44,KO,tanger,Carte,LIV7,
CMD46199,CL0396,P054,May 08 2023,2,3404.77,LIVRE,Tnja,Carte,LIV10,2023-05-13
CMD04614,CL0379,P065,Jan 19 2023,1,1622.59,livré,kech,Carte,LIV10,2023-01-24
CMD04737,CL0540,P013,01/04/2023,3,2081.5,LIVRE,TANGER,Carte,LIV4,2023-04-02
CMD29730,CL0033,P048,2023-06-20,1,3849.03,OK,kech,Carte,LIV6,
CMD19462,CL0067,P013,Aug 03 2023,4,2037.66,livré,TNG,Carte,LIV10,2023-08-07
CMD04378,CL0170,P006,20/02/2024,4,1306.55,DONE,CASABLANCA,Carte,LIV5,2024-02-25
CMD20202,CL0777,P021,2023-08-26,2,4590.43,livré,RBA,Carte,LIV6,2023-08-30
CMD37721,CL0164,P010,Jul 03 2023,5,3264.0,annulé,casa,Carte,LIV5,
CMD03643,CL0943,P081,Jun 26 2023,1,2145.23,retourné,RBA,Carte,LIV7,2023-06-27
CMD27901,CL0997,P055,2023-04-26,5,4172.17,annulé,CASABLANCA,Carte,LIV10,
CMD30213,CL0104,P009,Dec 31 2023,2,2403.57,annulé,RBA,Carte,LIV4,
CMD01111,CL0539,P008,2023-01-19,1,4459.38,en_cours,RBA,Carte,LIV4,
CMD09547,CL0797,P081,11/03/2024,3,4918.29,DONE,Tnja,Carte,LIV5,2024-03-14
CMD15149,CL0743,P053,2023-12-01,5,2488.03,DONE,CASABLANCA,Carte,LIV6,2023-12-05
CMD17952,CL0244,P004,Jan 01 2023,2,2320.06,livre,CASABLANCA,Carte,LIV1,
CMD31699,CL0984,P074,03/02/2024,5,1226.85,livre,casa,Carte,LIV3,
CMD47713,CL0019,P044,20/06/2023,5,1679.64,LIVRE,kech,Carte,LIV10,2023-06-25
CMD02973,CL0607,P045,21/03/2024,4,2802.97,KO,Tnja,Carte,LIV3,
CMD28486,CL0567,P093,Jul 24 2023,5,2084.42,livré,kech,Carte,,2023-07-29
CMD18807,CL0413,P085,Sep 11 2023,2,4618.93,LIVRE,tanger,Carte,LIV10,2023-09-13
CMD20888,CL0493,P095,13/11/2023,5,1294.59,en_cours,Agadir,Carte,LIV9,
CMD07310,CL0080,P012,2023-08-27,4,1664.27,KO,tanger,Carte,LIV2,
CMD11212,CL0282,P084,Feb 29 2024,3,3069.31,livré,Agadir,Carte,LIV7,2024-03-01
CMD16282,CL0277,P081,Jan 02 2024,2,2245.17,DONE,CASABLANCA,Carte,LIV3,2024-01-03
CMD29847,CL0101,P087,Feb 09 2024,1,2112.35,livre,Tnja,Carte,LIV5,
CMD18162,CL0013,P051,2023-07-19,2,1151.59,retourné,tanger,Carte,LIV6,2023-07-24
CMD28882,CL0260,P029,22/02/2023,4,3058.07,livré,casa,Carte,LIV9,2023-02-25
CMD30819,CL0382,P049,Oct 19 2023,4,2608.59,livré,casa,Carte,LIV6,2023-10-20
CMD21317,CL0929,P015,15/03/2023,5,2550.26,DONE,Agadir,Carte,LIV8,2023-03-18
CMD37487,CL0932,P072,2024-01-25,5,3785.86,LIVRE,CASABLANCA,Carte,LIV5,2024-01-26
CMD12601,CL0084,P007,30/03/2024,5,4381.05,retourné,Agadir,Carte,LIV9,2024-04-02
CMD31566,CL0436,P068,2023-03-04,3,2034.09,DONE,TNG,Carte,LIV6,2023-03-07
CMD38389,CL0049,P031,2023-12-02,4,3400.63,LIVRE,TNG,Carte,LIV3,2023-12-06
CMD20419,CL0214,P052,2023-09-16,1,3360.83,annulé,marrakech,Carte,LIV10,
CMD08285,CL0477,P085,Feb 01 2023,5,465.25,DONE,kech,Carte,LIV3,2023-02-06
CMD12807,CL0915,P029,Dec 16 2023,3,3564.37,DONE,TNG,Carte,LIV2,2023-12-18
CMD19096,CL0720,P033,Mar 31 2023,2,4656.58,LIVRE,TNG,Carte,LIV1,2023-04-04
CMD01350,CL0126,P006,2024-05-09,3,1246.58,livré,RBA,Carte,LIV4,2024-05-14
CMD09601,CL0623,P062,2023-02-13,4,1975.29,livré,kech,Carte,LIV5,2023-02-18
CMD30242,CL0934,P008,2024-01-26,1,3833.19,livre,RBA,Carte,,
CMD05781,CL0157,P034,Mar 17 2024,2,460.52,KO,marrakech,Carte,LIV2,
CMD19867,CL0042,P078,2023-04-08,2,3978.42,livré,casa,Carte,,2023-04-09
CMD00971,CL0423,P080,01/02/2023,2,1932.18,OK,TANGER,Carte,LIV2,
CMD47258,CL0750,P019,Dec 12 2023,3,2995.83,livré,casa,Carte,LIV8,2023-12-15
CMD48379,CL0773,P041,2023-05-08,5,4637.23,retourné,Tnja,Carte,LIV5,2023-05-09
CMD12118,CL0027,P029,12/05/2023,4,0,livre,kech,Carte,LIV9,
CMD44667,CL0937,P027,18/05/2023,4,2822.56,en_cours,RBA,Carte,LIV1,
CMD47915,CL0775,P002,Jan 05 2024,3,3844.81,KO,Agadir,Carte,,
CMD39482,CL0252,P026,May 15 2023,2,1207.47,livré,kech,Carte,LIV10,2023-05-17
CMD43459,CL0573,P089,2023-07-02,4,4412.29,en_cours,tanger,Carte,LIV7,
CMD17799,CL0936,P039,2024-01-18,5,2203.87,livre,CASABLANCA,Carte,LIV8,
CMD36695,CL0919,P058,16/08/2023,5,451.68,OK,tanger,Carte,,
CMD32694,CL0676,P032,16/01/2023,5,4087.16,livre,tanger,Carte,LIV5,
CMD46871,CL0932,P066,2023-03-16,1,1501.31,annulé,kech,Carte,,
CMD48499,CL0605,P041,08/12/2023,4,2964.87,livré,Tnja,Carte,LIV4,2023-12-12
CMD25663,CL0991,P084,28/03/2023,3,1959.45,OK,Agadir,Carte,LIV2,
CMD45893,CL0549,P093,Jan 04 2024,1,896.55,LIVRE,casa,Carte,LIV10,2024-01-06
CMD43644,CL0390,P083,2023-03-25,2,665.53,DONE,CASABLANCA,Carte,LIV8,2023-03-26
CMD25852,CL0619,P064,Jan 28 2023,2,3692.39,livré,RBA,Carte,LIV6,2023-01-29
CMD28570,CL0006,P041,2023-05-12,2,3385.88,OK,TANGER,Carte,LIV2,
CMD16483,CL0525,P001,Feb 21 2023,1,4482.3,livré,casa,Carte,LIV5,2023-02-26
CMD10581,CL0453,P083,02/04/2023,3,1391.74,retourné,TANGER,Carte,LIV1,2023-04-03
CMD06356,CL0239,P078,24/01/2023,1,1031.39,retourné,TANGER,Carte,LIV1,2023-01-29
CMD10994,CL0145,P049,Apr 25 2024,4,2161.68,KO,Tnja,Carte,LIV2,
CMD19014,CL0896,P064,2023-11-06,4,840.97,LIVRE,kech,Carte,LIV3,2023-11-11
CMD39308,CL0962,P050,2023-06-04,5,3303.26,livré,casa,Carte,LIV6,2023-06-09
CMD11517,CL0365,P037,30/06/2023,5,4949.91,KO,casa,Carte,LIV7,
CMD03867,CL0358,P081,Aug 24 2023,2,1327.29,DONE,RBA,Carte,LIV9,2023-08-26
CMD26034,CL0562,P033,2023-10-18,2,1654.29,LIVRE,casa,Carte,LIV6,2023-10-20
CMD10542,CL0324,P071,2024-02-26,5,1045.48,annulé,kech,Carte,,
CMD23049,CL0796,P036,2024-03-29,2,4895.88,retourné,casa,Carte,LIV1,2024-04-03
CMD27538,CL0490,P059,2024-01-11,1,3991.24,KO,casa,Carte,LIV5,
CMD15590,CL0286,P025,Sep 25 2023,1,2608.62,annulé,RBA,Carte,LIV1,
CMD32674,CL0551,P034,Aug 05 2023,4,404.35,DONE,Tnja,Carte,LIV9,2023-08-10
CMD32094,CL0923,P032,2023-11-17,3,3863.24,OK,tanger,Carte,LIV8,
CMD15601,CL0640,P090,2023-07-29,2,1376.2,livré,Tnja,Carte,LIV10,2023-07-30
CMD37973,CL0637,P100,2023-05-18,3,2668.97,LIVRE,Tnja,Carte,LIV4,2023-05-19
CMD19818,CL0229,P035,08/09/2023,4,4687.78,retourné,marrakech,Carte,LIV1,2023-09-11
CMD46136,CL0168,P020,15/01/2024,1,986.21,livre,Agadir,Carte,LIV6,
CMD39753,CL0290,P097,07/10/2023,4,4846.98,livre,kech,Carte,LIV5,
CMD09896,CL0535,P082,Apr 09 2023,4,3726.46,retourné,TANGER,Carte,LIV2,2023-04-10
CMD39079,CL0282,P041,Jan 28 2024,5,473.41,annulé,CASABLANCA,Carte,LIV1,
CMD35723,CL0615,P050,14/11/2023,5,2775.97,en_cours,Tnja,Carte,LIV7,
CMD45761,CL0387,P090,15/11/2023,3,4136.7,livré,Tnja,Carte,LIV9,2023-11-17
CMD28435,CL0540,P100,May 19 2023,4,4294.58,livre,CASABLANCA,Carte,LIV3,
CMD11347,CL0804,P050,Jan 10 2023,2,3502.26,KO,TNG,Carte,LIV6,
CMD29512,CL0126,P012,Apr 24 2024,4,2865.94,LIVRE,RBA,Carte,,2024-04-28
CMD41991,CL0112,P038,15/03/2024,3,2670.23,en_cours,TANGER,Carte,LIV2,
CMD25163,CL0602,P045,23/10/2023,3,1087.13,DONE,kech,Carte,LIV7,2023-10-25
CMD27408,CL0804,P015,May 10 2024,2,1050.61,annulé,casa,Carte,LIV9,
CMD45345,CL0326,P093,06/01/2023,1,3397.4,OK,marrakech,Carte,LIV2,
CMD10779,CL0439,P048,2024-03-05,4,68.46,OK,Tnja,Carte,LIV1,
CMD13883,CL0591,P082,2024-04-01,1,3035.72,KO,casa,Carte,LIV4,
CMD46311,CL0201,P100,May 10 2024,4,623.85,livre,CASABLANCA,Carte,LIV7,
CMD44366,CL0590,P033,22/11/2023,3,463.35,DONE,RBA,Carte,LIV9,2023-11-23
CMD46124,CL0389,P096,24/01/2023,5,1036.46,retourné,Tnja,Carte,LIV8,2023-01-27
CMD06286,CL0772,P033,2023-11-09,2,1434.66,livré,Agadir,Carte,LIV10,2023-11-12
CMD40745,CL0123,P048,2024-01-04,4,3420.31,DONE,TNG,Carte,LIV9,2024-01-05
CMD43691,CL0070,P099,04/04/2024,1,2085.31,en_cours,Tnja,Carte,LIV2,
CMD20597,CL0211,P054,Dec 01 2023,3,3673.81,KO,kech,Carte,LIV3,
CMD45271,CL0807,P007,Mar 09 2023,1,4245.16,livré,tanger,Carte,LIV1,2023-03-10
CMD46003,CL0101,P080,2024-05-04,4,344.75,annulé,TNG,Carte,LIV10,
CMD44905,CL0783,P036,09/02/2024,4,2719.31,LIVRE,Tnja,Carte,LIV1,2024-02-11
CMD43871,CL0624,P007,02/07/2023,2,2735.14,OK,casa,Carte,LIV1,
CMD00794,CL0593,P038,May 18 2023,1,2833.21,livré,CASABLANCA,Carte,,2023-05-20
CMD43780,CL0512,P075,Aug 19 2023,1,1707.88,KO,CASABLANCA,Carte,LIV4,
CMD16932,CL0471,P001,Jan 22 2024,2,4788.2,livré,Tnja,Carte,LIV1,2024-01-23
CMD08751,CL0661,P061,02/06/2023,3,153.56,livré,casa,Carte,LIV4,2023-06-04
CMD36465,CL0192,P004,2023-09-27,5,1186.84,livré,kech,Carte,LIV2,2023-09-28
CMD46402,CL0722,P100,2023-02-10,3,3066.07,annulé,RBA,Carte,LIV1,
CMD06806,CL0188,P046,Nov 17 2023,4,2339.68,livré,marrakech,Carte,LIV6,2023-11-22
CMD34909,CL0813,P012,Oct 31 2023,2,0,annulé,Tnja,Carte,LIV5,
CMD31693,CL0831,P060,19/04/2024,1,1979.24,livré,TNG,Carte,LIV8,2024-04-22
CMD30210,CL0283,P043,2023-07-30,2,4999.14,en_cours,kech,Carte,LIV6,
CMD02335,CL0070,P031,Dec 01 2023,3,4731.85,KO,RBA,Carte,LIV8,
CMD13141,CL0748,P089,Apr 28 2024,1,4683.09,en_cours,Agadir,Carte,LIV2,
CMD13919,CL0931,P016,15/05/2024,1,3537.67,en_cours,Agadir,Carte,LIV7,
CMD30725,CL0958,P092,2024-04-15,2,2172.99,LIVRE,tanger,Carte,LIV8,2024-04-19
CMD30803,CL0022,P051,2023-12-14,5,2874.25,livré,RBA,Carte,LIV4,2023-12-18
CMD10596,CL0270,P064,03/12/2023,4,4274.43,KO,marrakech,Carte,LIV3,
CMD20629,CL0371,P005,01/02/2024,4,3284.89,LIVRE,CASABLANCA,Carte,LIV7,2024-02-02
CMD44210,CL0587,P009,2023-03-04,4,4295.52,annulé,RBA,Carte,LIV9,
CMD26830,CL0663,P024,05/05/2024,3,1934.93,DONE,TANGER,Carte,LIV6,2024-05-06
CMD28799,CL0165,P068,2023-07-23,1,319.49,OK,tanger,Carte,LIV3,
CMD07834,CL0270,P070,2023-11-21,4,103.46,livre,TNG,Carte,LIV2,
CMD27106,CL0225,P009,2023-11-21,3,4004.61,en_cours,RBA,Carte,LIV6,
CMD34901,CL0938,P019,17/03/2023,4,0,LIVRE,marrakech,Carte,LIV1,2023-03-19
CMD27380,CL0936,P065,May 31 2023,3,458.61,LIVRE,TANGER,Carte,LIV1,2023-06-05
CMD11032,CL0344,P088,17/04/2023,5,2321.99,livré,tanger,Carte,LIV3,2023-04-22
CMD02942,CL0357,P043,11/04/2023,5,2919.92,KO,casa,Carte,LIV1,
CMD21473,CL0888,P051,Apr 15 2024,4,4736.66,retourné,casa,Carte,LIV3,2024-04-19
CMD44059,CL0865,P025,May 13 2023,1,3481.57,DONE,kech,Carte,LIV4,2023-05-16
CMD14964,CL0622,P058,Dec 12 2023,2,2652.56,en_cours,casa,Carte,LIV10,
CMD28092,CL0193,P023,Feb 13 2024,3,4144.86,en_cours,casa,Carte,LIV8,
CMD43458,CL0208,P059,Sep 03 2023,4,2636.53,livre,Agadir,Carte,LIV1,
CMD10255,CL0319,P096,2023-01-08,3,439.96,DONE,RBA,Carte,LIV6,2023-01-11
CMD25650,CL0008,P080,2023-06-04,1,2931.82,livré,Agadir,Carte,LIV3,2023-06-06
CMD07962,CL0423,P035,Feb 13 2023,4,2504.74,KO,Agadir,Carte,LIV8,
CMD30262,CL0914,P054,23/11/2023,4,3013.59,livré,casa,Carte,LIV5,2023-11-27
CMD28759,CL0026,P061,Jun 05 2023,2,98.19,livré,TNG,Carte,LIV9,2023-06-10
CMD37662,CL0192,P045,2023-05-08,4,3626.43,livré,RBA,Carte,LIV9,2023-05-12
CMD46609,CL0903,P019,Dec 08 2023,2,3153.43,livré,tanger,Carte,LIV1,2023-12-10
CMD45525,CL0878,P025,19/01/2023,1,2105.15,annulé,CASABLANCA,Carte,LIV1,
CMD45535,CL0072,P005,Feb 10 2023,5,3648.23,livré,Tnja,Carte,LIV8,2023-02-11
CMD11366,CL0719,P062,2024-03-31,2,1388.69,OK,Agadir,Carte,LIV7,
CMD02035,CL0876,P092,2023-10-21,4,903.55,annulé,marrakech,Carte,LIV1,
CMD14032,CL0171,P087,Oct 26 2023,5,1829.05,KO,Agadir,Carte,LIV9,
CMD20570,CL0348,P064,2023-07-03,3,3291.68,annulé,TNG,Carte,LIV5,
CMD40044,CL0821,P001,10/05/2024,3,4556.69,livré,kech,Carte,LIV3,2024-05-15
CMD15639,CL0463,P054,20/03/2024,5,1487.94,DONE,kech,Carte,LIV2,2024-03-21
CMD40137,CL0993,P058,May 28 2023,-1,1456.1,livre,Agadir,Carte,LIV5,
CMD30971,CL0298,P086,23/02/2024,4,1446.79,livré,tanger,Carte,LIV1,2024-02-28
CMD12443,CL0658,P020,2023-09-02,5,3248.66,livré,marrakech,Carte,LIV10,2023-09-07
CMD11253,CL0730,P048,2023-05-20,2,4552.7,en_cours,kech,Carte,LIV1,
CMD28185,CL0939,P057,01/11/2023,5,3547.81,livré,Tnja,Carte,LIV10,2023-11-06
CMD31553,CL0482,P054,13/04/2024,3,159.82,annulé,TANGER,Carte,LIV5,
CMD08444,CL0968,P070,2023-07-22,4,3834.05,OK,casa,Carte,LIV10,
CMD20238,CL0971,P051,Apr 19 2023,1,4127.24,OK,TNG,Carte,LIV8,
CMD01452,CL1000,P026,2023-04-19,1,4593.53,retourné,casa,Carte,LIV1,2023-04-24
CMD17374,CL0097,P053,2023-06-08,4,4885.56,KO,marrakech,Carte,LIV2,
CMD42463,CL0201,P051,2023-07-07,4,4407.9,DONE,casa,Carte,,2023-07-11
CMD48043,CL0297,P084,Oct 29 2023,3,4093.54,KO,Agadir,Carte,LIV3,
CMD47084,CL0169,P069,2023-12-05,5,4666.87,en_cours,RBA,Carte,LIV4,
CMD33345,CL0067,P052,Jul 15 2023,2,3188.02,retourné,Tnja,Carte,LIV2,2023-07-18
CMD05359,CL0337,P032,2024-04-12,4,4456.94,livré,TANGER,Carte,LIV8,2024-04-13
CMD37241,CL0302,P072,14/09/2023,4,2299.22,livre,Agadir,Carte,LIV4,
CMD47140,CL0499,P002,16/07/2023,3,4816.9,DONE,tanger,Carte,,2023-07-19
CMD22987,CL0115,P061,2023-02-10,2,4532.91,KO,tanger,Carte,LIV8,
CMD15069,CL0525,P011,08/10/2023,4,1651.35,livré,CASABLANCA,Carte,LIV8,2023-10-09
CMD30610,CL0283,P074,Aug 04 2023,1,3415.48,annulé,Agadir,Carte,LIV2,
CMD27707,CL0622,P071,2023-06-19,5,3519.52,KO,casa,Carte,LIV10,
CMD30584,CL0598,P078,Feb 22 2024,5,50.84,livré,marrakech,Carte,LIV7,2024-02-24
CMD47674,CL0798,P030,09/04/2024,3,2379.96,LIVRE,kech,Carte,LIV6,2024-04-11
CMD20999,CL0325,P059,2023-07-11,4,1677.46,livré,tanger,Carte,LIV10,2023-07-16
CMD25308,CL0486,P045,Apr 23 2024,4,2006.7,livré,RBA,Carte,LIV3,2024-04-28
CMD41353,CL0310,P031,01/05/2023,3,2394.63,en_cours,casa,Carte,LIV8,
CMD32503,CL0328,P031,2023-07-12,1,1810.48,retourné,CASABLANCA,Carte,,2023-07-13
CMD31986,CL0958,P079,Feb 04 2024,1,148.02,KO,tanger,Carte,LIV10,
CMD43413,CL0529,P050,2023-03-20,-1,3133.73,DONE,casa,Carte,LIV3,2023-03-24
CMD46105,CL0611,P065,2023-05-30,5,3140.27,retourné,CASABLANCA,Carte,LIV10,2023-06-02
CMD08678,CL0499,P014,02/05/2024,2,4571.31,livré,Tnja,Carte,LIV10,2024-05-06
CMD09868,CL0359,P077,2023-10-13,5,2209.51,livre,Agadir,Carte,LIV4,
CMD30314,CL0400,P016,02/12/2023,3,2229.94,LIVRE,RBA,Carte,LIV8,2023-12-06
CMD06569,CL0684,P052,2023-02-21,5,4095.34,OK,marrakech,Carte,LIV6,
CMD00118,CL0237,P065,Sep 12 2023,2,1950.59,OK,casa,Carte,LIV1,
CMD28774,CL0810,P019,Jan 11 2024,2,3185.4,retourné,CASABLANCA,Carte,LIV7,2024-01-12
CMD13792,CL0522,P062,24/12/2023,1,211.3,KO,marrakech,Carte,LIV9,
CMD13187,CL0142,P014,May 29 2023,5,2257.74,livré,TANGER,Carte,LIV3,2023-06-03
CMD17647,CL0083,P065,2023-11-24,4,4741.82,livré,TANGER,Carte,,2023-11-27
CMD19703,CL0295,P046,Apr 21 2024,3,3593.58,livré,kech,Carte,,2024-04-22
CMD20468,CL0111,P026,2024-01-15,5,793.45,LIVRE,RBA,Carte,LIV4,2024-01-19
CMD12991,CL0578,P021,Apr 28 2024,3,224.64,OK,TNG,Carte,LIV5,
CMD42434,CL0086,P099,Sep 08 2023,3,384.23,livré,Tnja,Carte,LIV6,2023-09-10
CMD05127,CL0167,P029,2023-05-12,5,2755.97,en_cours,Agadir,Carte,LIV6,
CMD42804,CL0964,P016,2024-01-13,1,4540.21,en_cours,tanger,Carte,,
CMD02178,CL0056,P095,19/07/2023,3,4202.92,annulé,TANGER,Carte,LIV8,
CMD17476,CL0811,P087,Jul 02 2023,3,1835.25,livré,casa,Carte,LIV10,2023-07-03
CMD38355,CL0333,P040,2023-01-18,3,389.52,LIVRE,Agadir,Carte,LIV6,2023-01-20
CMD20134,CL0883,P082,Aug 23 2023,4,2182.69,en_cours,Agadir,Carte,LIV5,
CMD48363,CL0660,P094,Jul 16 2023,1,1609.1,livré,CASABLANCA,Carte,LIV10,2023-07-20
CMD39567,CL0102,P038,28/03/2023,1,4494.16,annulé,Agadir,Carte,LIV6,
CMD37601,CL0294,P045,2023-02-23,5,1352.96,DONE,tanger,Carte,LIV8,2023-02-25
CMD07624,CL0104,P024,Dec 25 2023,2,4138.97,livré,Agadir,Carte,LIV2,2023-12-30
CMD13633,CL0519,P081,25/11/2023,5,2005.86,livré,tanger,Carte,LIV9,2023-11-30
CMD10516,CL0351,P077,14/10/2023,2,3556.88,LIVRE,TNG,Carte,LIV1,2023-10-16
CMD07171,CL0819,P094,Feb 21 2024,4,207.17,OK,tanger,Carte,LIV3,
CMD37200,CL0824,P040,09/03/2023,1,1119.72,DONE,CASABLANCA,Carte,LIV7,2023-03-12
CMD19354,CL0591,P008,Dec 14 2023,3,3727.1,livre,marrakech,Carte,LIV8,
CMD20556,CL0240,P013,Feb 21 2024,2,1326.15,LIVRE,TANGER,Carte,LIV1,2024-02-23
CMD18629,CL0690,P063,2023-10-10,1,3444.56,livre,kech,Carte,LIV2,
CMD35556,CL0350,P074,27/05/2023,1,3940.77,LIVRE,casa,Carte,LIV7,2023-05-28
CMD41726,CL0359,P012,Feb 17 2023,4,3664.37,livré,TNG,Carte,LIV6,2023-02-21
CMD20365,CL0357,P051,2023-12-03,3,807.61,OK,Tnja,Carte,LIV6,
CMD41790,CL0770,P044,2023-03-03,3,981.46,KO,TANGER,Carte,LIV6,
CMD40494,CL0742,P098,11/07/2023,4,396.15,livré,marrakech,Carte,LIV4,2023-07-12
CMD33693,CL0933,P060,Jan 31 2024,1,538.42,livré,Agadir,Carte,LIV6,2024-02-04
CMD42737,CL0044,P097,Aug 31 2023,1,2890.38,DONE,Tnja,Carte,LIV4,2023-09-05
CMD05950,CL0155,P017,2023-11-30,3,1128.08,livre,TNG,Carte,LIV1,
CMD13851,CL0314,P063,Jul 18 2023,2,4245.44,KO,casa,Carte,LIV7,
CMD05209,CL0175,P074,Sep 30 2023,3,4769.53,KO,RBA,Carte,LIV6,
CMD42228,CL0449,P088,Mar 16 2024,3,623.33,en_cours,Tnja,Carte,LIV2,
CMD14020,CL0457,P043,Feb 03 2023,2,230.7,annulé,RBA,Carte,LIV5,
CMD19979,CL0248,P005,04/04/2024,2,777.21,annulé,TNG,Carte,LIV3,
CMD32927,CL0014,P075,18/07/2023,4,4612.2,OK,TANGER,Carte,LIV7,
CMD02552,CL0258,P092,2023-05-04,5,1051.81,LIVRE,tanger,Carte,LIV10,2023-05-07
CMD25276,CL0154,P028,2023-05-12,4,4232.57,KO,casa,Carte,LIV6,
CMD35999,CL0007,P056,28/06/2023,5,434.76,livré,casa,Carte,LIV2,2023-07-01
CMD36554,CL0332,P091,14/01/2024,5,4035.88,livré,RBA,Carte,LIV10,2024-01-19
CMD45734,CL0011,P025,Feb 03 2023,5,3023.22,en_cours,casa,Carte,LIV9,
CMD44161,CL0983,P049,Jan 22 2024,1,1399.6,livré,Tnja,Carte,LIV9,2024-01-25
CMD43907,CL0082,P085,25/04/2024,5,374.33,DONE,Tnja,Carte,LIV6,2024-04-30
CMD31796,CL0364,P030,Oct 26 2023,2,4541.03,KO,TANGER,Carte,LIV4,
CMD46310,CL0460,P029,02/09/2023,5,4393.48,OK,TANGER,Carte,LIV1,
CMD37452,CL0846,P086,2023-10-27,4,1478.07,DONE,tanger,Carte,LIV3,2023-10-31
CMD08002,CL0850,P062,11/10/2023,5,245.73,KO,CASABLANCA,Carte,LIV2,
CMD33986,CL0931,P017,08/10/2023,3,1239.22,retourné,TANGER,Carte,LIV3,2023-10-11
CMD11351,CL0673,P093,Aug 24 2023,4,455.64,KO,Agadir,Carte,LIV7,
CMD12652,CL0754,P077,2023-11-19,5,4942.86,retourné,casa,Carte,LIV3,2023-11-20
CMD20476,CL0583,P065,Nov 09 2023,5,1955.63,livre,kech,Carte,LIV10,
CMD23857,CL0973,P092,2023-10-10,1,4150.55,annulé,RBA,Carte,LIV6,
CMD14069,CL0412,P032,17/01/2024,2,2322.16,LIVRE,TNG,Carte,LIV1,2024-01-20
CMD48152,CL0791,P032,16/05/2023,3,1534.68,KO,TANGER,Carte,LIV10,
CMD46466,CL0324,P015,Nov 20 2023,2,2859.34,KO,CASABLANCA,Carte,LIV8,
CMD44873,CL0678,P055,2023-05-17,1,2068.96,annulé,Agadir,Carte,LIV1,
CMD44647,CL0819,P002,2023-02-21,1,4236.03,OK,tanger,Carte,LIV8,
CMD24534,CL0174,P087,2024-01-07,4,410.46,annulé,tanger,Carte,LIV5,
CMD13386,CL0627,P035,Jun 27 2023,4,499.55,livre,RBA,Carte,LIV2,
CMD26344,CL0227,P048,Sep 10 2023,4,2130.93,OK,tanger,Carte,LIV8,
CMD13913,CL0905,P048,2023-12-15,4,1007.91,OK,marrakech,Carte,LIV8,
CMD08718,CL0214,P087,2024-02-18,5,2345.63,retourné,Tnja,Carte,LIV9,2024-02-22
CMD31573,CL0225,P009,Apr 04 2023,5,2643.58,livre,Agadir,Carte,LIV10,
CMD11572,CL0117,P011,Jun 15 2023,4,4280.85,livré,marrakech,Carte,LIV6,2023-06-18
CMD23135,CL0602,P015,20/03/2023,1,3255.71,KO,marrakech,Carte,LIV5,
CMD32446,CL0058,P065,Mar 16 2024,2,3815.69,KO,casa,Carte,LIV6,
CMD35970,CL0910,P037,Dec 19 2023,4,160.88,KO,casa,Carte,LIV5,
CMD42410,CL0355,P025,17/08/2023,2,4784.57,livré,RBA,Carte,LIV6,2023-08-19
CMD36725,CL0818,P021,22/02/2024,5,2271.75,livré,casa,Carte,LIV9,2024-02-24
CMD31471,CL0057,P096,02/05/2023,5,888.95,livré,kech,Carte,LIV10,2023-05-05
CMD28558,CL0409,P016,2024-02-21,2,3911.14,livre,CASABLANCA,Carte,LIV4,
CMD20649,CL0506,P072,20/07/2023,1,3997.94,retourné,Tnja,Carte,LIV1,2023-07-22
CMD20804,CL0129,P085,Jul 18 2023,4,378.27,retourné,marrakech,Carte,LIV10,2023-07-22
CMD18411,CL0926,P078,2023-08-25,5,808.75,livré,casa,Carte,LIV9,2023-08-30
CMD38590,CL0259,P063,Feb 16 2024,4,4638.38,annulé,Agadir,Carte,LIV6,
CMD43916,CL0397,P058,2023-01-21,4,3028.9,en_cours,CASABLANCA,Carte,LIV4,
CMD42469,CL0755,P065,2023-11-01,1,4276.64,DONE,kech,Carte,LIV3,2023-11-05
CMD07703,CL0189,P006,2023-12-17,4,4956.84,LIVRE,kech,Carte,LIV9,2023-12-21
CMD41217,CL0100,P028,Jun 04 2023,4,2520.66,annulé,marrakech,Carte,LIV10,
CMD37373,CL0930,P053,Mar 20 2024,2,2434.21,OK,RBA,Carte,LIV1,
CMD29634,CL0133,P050,2023-05-17,1,4412.35,DONE,TANGER,Carte,LIV8,2023-05-21
CMD10632,CL0715,P002,2023-01-11,3,4118.6,LIVRE,Tnja,Carte,LIV10,2023-01-15
CMD34827,CL0348,P044,2023-06-17,5,4259.3,en_cours,Tnja,Carte,LIV4,
CMD14602,CL0314,P085,2024-04-06,3,3924.45,en_cours,RBA,Carte,LIV6,
CMD20808,CL0452,P091,19/10/2023,3,3683.37,retourné,Agadir,Carte,LIV9,2023-10-23
CMD20407,CL0198,P034,16/10/2023,-1,1486.97,livré,marrakech,Carte,LIV1,2023-10-21
CMD11360,CL0546,P003,Dec 04 2023,3,3357.79,livré,casa,Carte,LIV2,2023-12-07
CMD44855,CL0583,P079,14/07/2023,2,3117.73,en_cours,Agadir,Carte,LIV4,
CMD24469,CL0759,P034,Apr 21 2023,2,4716.34,retourné,RBA,Carte,,2023-04-22
CMD14680,CL0574,P062,Feb 09 2023,5,1939.96,livré,casa,Carte,LIV1,2023-02-10
CMD24213,CL0074,P008,Apr 27 2024,5,577.01,KO,casa,Carte,,
CMD31338,CL0091,P056,Jan 16 2024,2,1018.26,livré,RBA,Carte,LIV9,2024-01-17
CMD00360,CL0646,P044,Mar 10 2023,1,4467.92,en_cours,TANGER,Carte,LIV5,
CMD46119,CL0619,P030,Apr 19 2024,2,876.36,DONE,TNG,Carte,LIV7,2024-04-22
CMD21377,CL0699,P002,2023-04-24,5,1523.03,annulé,TNG,Carte,LIV7,
CMD30766,CL0520,P081,04/10/2023,4,4133.29,annulé,RBA,Carte,LIV9,
CMD40541,CL0618,P052,Jan 08 2023,2,3306.71,KO,RBA,Carte,LIV6,
CMD27926,CL0547,P016,2023-11-22,5,2157.12,LIVRE,RBA,Carte,LIV7,2023-11-25
CMD25315,CL0102,P081,May 15 2023,1,1141.09,OK,Agadir,Carte,LIV9,
CMD21941,CL0230,P003,25/02/2023,3,3635.27,annulé,casa,Carte,LIV4,
CMD14758,CL0789,P016,20/12/2023,4,3015.33,livre,kech,Carte,LIV5,
CMD23050,CL0387,P098,10/10/2023,4,4481.77,DONE,CASABLANCA,Carte,LIV8,2023-10-15
CMD25893,CL0608,P045,2024-01-24,2,3204.8,livré,CASABLANCA,Carte,LIV1,2024-01-25
CMD27084,CL0732,P058,2023-06-08,1,67.07,OK,Tnja,Carte,LIV5,
CMD12820,CL0196,P092,Apr 07 2024,5,4003.3,annulé,kech,Carte,LIV4,
CMD14177,CL0867,P041,11/11/2023,5,709.07,annulé,TANGER,Carte,,
CMD18151,CL0345,P011,Jun 19 2023,1,4865.21,annulé,kech,Carte,LIV2,
CMD07638,CL0917,P083,10/04/2024,2,201.18,retourné,Agadir,Carte,LIV7,2024-04-12
CMD18326,CL0282,P051,Oct 29 2023,4,3982.94,livré,tanger,Carte,LIV5,2023-11-03
CMD28163,CL0305,P012,11/11/2023,2,2007.81,livré,casa,Carte,LIV2,2023-11-12
CMD40374,CL0337,P067,2023-05-24,5,337.92,LIVRE,Tnja,Carte,LIV9,2023-05-25
CMD28799,CL0165,P068,2023-07-23,1,319.49,OK,tanger,Carte,LIV3,
CMD27213,CL0314,P024,2023-01-02,5,1606.95,OK,casa,Carte,LIV5,
CMD08194,CL0043,P032,Feb 19 2024,2,3007.77,annulé,tanger,Carte,LIV3,
CMD43341,CL0540,P017,21/12/2023,2,4504.7,en_cours,RBA,Carte,LIV1,
CMD03852,CL0191,P069,19/09/2023,1,904.82,annulé,tanger,Carte,LIV10,
CMD45782,CL0282,P022,Jan 29 2023,3,4163.99,DONE,marrakech,Carte,LIV5,2023-01-31
CMD04755,CL0358,P041,20/12/2023,3,2481.82,livre,tanger,Carte,,
CMD17327,CL0841,P042,Jul 16 2023,4,2285.8,DONE,marrakech,Carte,LIV8,2023-07-21
CMD47211,CL0229,P062,Mar 15 2023,4,1487.23,livré,TNG,Carte,,2023-03-18
CMD25116,CL0922,P055,15/08/2023,3,2322.59,OK,Tnja,Carte,LIV8,
CMD06155,CL0289,P100,15/01/2023,2,3751.02,KO,RBA,Carte,LIV10,
CMD13886,CL0056,P098,Apr 08 2024,5,218.56,OK,casa,Carte,LIV6,
CMD18447,CL0602,P018,Mar 12 2023,1,4529.41,en_cours,tanger,Carte,LIV5,
CMD01792,CL0277,P069,May 07 2023,2,3009.7,retourné,CASABLANCA,Carte,LIV4,2023-05-11
CMD43239,CL0290,P057,2023-04-05,4,3747.97,KO,TNG,Carte,LIV6,
CMD44582,CL0792,P028,Mar 23 2024,1,83.69,livré,casa,Carte,LIV10,2024-03-28
CMD04025,CL0908,P099,2023-03-03,2,4291.47,en_cours,tanger,Carte,LIV4,
CMD25934,CL0219,P100,May 12 2023,2,2581.82,livre,CASABLANCA,Carte,LIV10,
CMD42971,CL0432,P031,Jan 14 2023,3,2712.86,livré,TANGER,Carte,LIV10,2023-01-19
CMD10052,CL0639,P032,Jan 29 2024,5,1835.93,livre,tanger,Carte,LIV1,
CMD09092,CL0336,P051,2024-05-14,5,1721.9,livré,TNG,Carte,LIV2,2024-05-15
CMD36561,CL0242,P015,07/07/2023,3,2956.81,annulé,Agadir,Carte,LIV7,
CMD22194,CL0482,P088,23/04/2024,5,2091.06,livré,Agadir,Carte,LIV1,2024-04-24
CMD32172,CL0696,P046,28/12/2023,2,2007.46,OK,Agadir,Carte,LIV2,
CMD08842,CL0895,P049,Feb 07 2023,3,3329.98,DONE,casa,Carte,LIV1,2023-02-09
CMD28741,CL0634,P008,Sep 09 2023,5,976.53,livré,tanger,Carte,LIV9,2023-09-11
CMD24736,CL0935,P053,2023-05-24,2,4445.79,DONE,casa,Carte,LIV7,2023-05-29
CMD35401,CL0977,P010,Feb 04 2023,1,277.14,livre,TANGER,Carte,LIV5,
CMD32975,CL0498,P079,Aug 15 2023,3,2862.89,livré,kech,Carte,LIV7,2023-08-17
CMD38466,CL0639,P095,2023-08-12,2,501.62,annulé,Agadir,Carte,LIV6,
CMD16531,CL0326,P042,2023-04-20,5,3889.46,annulé,RBA,Carte,LIV10,
CMD18459,CL0368,P004,13/04/2024,3,3162.01,LIVRE,TANGER,Carte,LIV7,2024-04-14
CMD48022,CL0749,P099,Nov 02 2023,3,2714.36,livré,marrakech,Carte,LIV4,2023-11-03
CMD02270,CL0327,P008,Jun 09 2023,2,3439.56,livré,Tnja,Carte,LIV10,2023-06-13
CMD32324,CL0126,P027,Apr 02 2023,5,3241.44,livre,casa,Carte,LIV10,
CMD38897,CL0883,P027,12/05/2024,4,4441.82,OK,marrakech,Carte,LIV6,
CMD06434,CL0791,P012,08/07/2023,1,3335.28,livré,CASABLANCA,Carte,LIV2,2023-07-11
CMD03594,CL0491,P090,14/05/2024,4,2756.15,annulé,CASABLANCA,Carte,LIV3,
CMD17722,CL0508,P082,21/02/2023,3,145.0,OK,kech,Carte,LIV7,
CMD48071,CL0133,P041,05/09/2023,5,2669.14,retourné,TANGER,Carte,LIV3,2023-09-08
CMD32600,CL0089,P073,07/04/2024,5,653.53,DONE,Tnja,Carte,LIV7,2024-04-12
CMD05602,CL0455,P068,13/07/2023,5,4585.01,retourné,CASABLANCA,Carte,LIV7,2023-07-17
CMD31183,CL0306,P018,20/05/2023,1,3682.65,en_cours,Tnja,Carte,LIV10,
CMD20577,CL0992,P017,Apr 12 2024,2,1578.65,retourné,casa,Carte,LIV6,2024-04-16
CMD45676,CL0474,P029,10/02/2024,3,4162.29,livre,marrakech,Carte,LIV5,
CMD44145,CL0196,P095,2023-10-12,4,3290.63,en_cours,kech,Carte,LIV9,
CMD19000,CL0273,P092,06/02/2023,4,237.96,DONE,tanger,Carte,LIV4,2023-02-09
CMD03277,CL0492,P040,2024-02-23,1,653.9,livre,CASABLANCA,Carte,LIV3,
CMD02950,CL0357,P057,Feb 17 2024,4,4859.79,retourné,kech,Carte,LIV9,2024-02-19
CMD34556,CL0093,P094,14/03/2023,5,4609.35,en_cours,TANGER,Carte,LIV9,
CMD04424,CL0437,P065,Feb 15 2023,3,3101.95,livré,marrakech,Carte,LIV8,2023-02-19
CMD32687,CL0359,P006,2023-05-18,1,1017.16,livré,Agadir,Carte,LIV9,2023-05-19
CMD34913,CL0381,P098,2023-05-16,2,1533.7,LIVRE,tanger,Carte,LIV2,2023-05-18
CMD23890,CL0177,P019,2024-02-18,3,4522.21,OK,RBA,Carte,LIV5,
CMD21171,CL0551,P039,Nov 13 2023,1,815.99,livré,marrakech,Carte,LIV4,2023-11-18
CMD39456,CL0032,P095,01/09/2023,2,152.93,DONE,tanger,Carte,LIV6,2023-09-06
CMD44814,CL0942,P079,Apr 08 2023,3,619.59,DONE,casa,Carte,LIV4,2023-04-11
CMD23545,CL0205,P062,23/03/2024,5,2561.57,livre,TANGER,Carte,LIV1,
CMD13787,CL0407,P075,Nov 29 2023,4,833.04,OK,Agadir,Carte,,
CMD08554,CL0390,P068,Dec 07 2023,1,4851.94,retourné,casa,Carte,LIV4,2023-12-12
CMD09488,CL0489,P030,2023-01-05,4,4805.41,livré,Tnja,Carte,LIV8,2023-01-08
CMD40626,CL0910,P062,Apr 21 2024,3,4169.14,annulé,CASABLANCA,Carte,LIV7,
CMD35949,CL0421,P027,Feb 15 2023,2,3148.16,livré,kech,Carte,LIV7,2023-02-20
CMD19240,CL0084,P002,19/12/2023,5,2245.92,DONE,kech,Carte,LIV7,2023-12-21
CMD10184,CL0918,P073,2023-06-08,4,2364.07,livré,marrakech,Carte,LIV9,2023-06-12
CMD39882,CL0359,P076,2023-04-02,5,3208.69,livré,TNG,Carte,LIV5,2023-04-07
CMD04219,CL0576,P015,2024-05-05,5,714.59,LIVRE,tanger,Carte,LIV1,2024-05-09
CMD34179,CL0858,P058,2023-10-22,2,2831.8,DONE,RBA,Carte,LIV4,2023-10-23
CMD47011,CL0454,P022,Sep 23 2023,1,3690.42,livré,Tnja,Carte,LIV9,2023-09-25
CMD34753,CL0623,P076,Jan 30 2023,5,2476.47,DONE,TNG,Carte,LIV7,2023-01-31
CMD45039,CL0416,P075,Aug 31 2023,5,191.52,annulé,kech,Carte,LIV2,
CMD42184,CL0760,P095,2023-09-15,5,275.68,OK,casa,Carte,LIV6,
CMD06104,CL0470,P027,01/06/2023,3,4242.58,OK,Agadir,Carte,LIV3,
CMD39144,CL0730,P032,03/02/2024,1,3898.98,livré,TNG,Carte,LIV8,2024-02-07
CMD12305,CL0819,P014,2023-12-27,5,3646.93,OK,TNG,Carte,LIV9,
CMD37895,CL0694,P028,2024-03-27,1,4915.97,livré,TNG,Carte,LIV9,2024-03-28
CMD20957,CL0188,P021,Jun 10 2023,4,1535.09,KO,CASABLANCA,Carte,LIV1,
CMD13906,CL0344,P074,2024-04-10,4,4846.62,livré,CASABLANCA,Carte,LIV6,2024-04-13
CMD03268,CL0830,P073,2023-05-07,4,4779.98,livré,RBA,Carte,LIV1,2023-05-08
CMD27375,CL0458,P051,2023-09-06,4,2249.54,annulé,marrakech,Carte,LIV4,
CMD28094,CL0998,P001,2024-02-09,2,4076.21,livré,RBA,Carte,LIV1,2024-02-11
CMD14893,CL0876,P018,Jan 22 2024,2,1672.52,annulé,CASABLANCA,Carte,LIV7,
CMD02408,CL0886,P003,Oct 17 2023,4,4172.87,livré,tanger,Carte,LIV6,2023-10-20
CMD35356,CL0602,P037,2023-01-24,1,3629.28,OK,Agadir,Carte,LIV1,
CMD44899,CL0648,P090,27/04/2024,5,3262.7,livre,TANGER,Carte,LIV10,
CMD21108,CL0495,P014,2023-02-22,3,3893.8,livré,TNG,Carte,LIV4,2023-02-25
CMD13444,CL0402,P006,30/09/2023,1,3525.31,DONE,RBA,Carte,,2023-10-05
CMD34257,CL0635,P017,10/07/2023,4,231.64,retourné,TNG,Carte,LIV5,2023-07-15
CMD35440,CL0106,P067,2024-03-05,3,2581.36,KO,casa,Carte,LIV9,
CMD43114,CL0106,P059,06/07/2023,3,2306.71,DONE,CASABLANCA,Carte,LIV3,2023-07-07
CMD47879,CL0021,P004,Nov 18 2023,4,2086.33,en_cours,TNG,Carte,LIV8,
CMD19841,CL0580,P062,Jun 20 2023,5,3808.14,retourné,kech,Carte,LIV4,2023-06-22
CMD06776,CL0668,P018,Apr 04 2023,1,819.63,en_cours,TNG,Carte,LIV9,
CMD44005,CL0934,P049,Apr 16 2024,3,1552.57,livré,casa,Carte,LIV5,2024-04-21
CMD17052,CL0925,P033,Jul 18 2023,2,3063.73,livre,marrakech,Carte,LIV7,
CMD10133,CL0649,P028,2023-01-24,5,3511.52,OK,TANGER,Carte,LIV7,
CMD31209,CL0706,P022,23/12/2023,1,1073.65,KO,kech,Carte,LIV10,
CMD05528,CL0064,P008,2023-05-06,3,1072.82,livré,Agadir,Carte,LIV1,2023-05-08
CMD19173,CL0316,P096,28/01/2024,4,2681.23,livré,marrakech,Carte,LIV6,2024-02-01
CMD14457,CL0284,P058,2024-02-09,4,431.12,livré,TNG,Carte,LIV2,2024-02-12
CMD05150,CL0018,P036,Apr 02 2023,3,2559.28,livré,Tnja,Carte,LIV1,2023-04-03
CMD44908,CL0867,P045,22/05/2023,3,4605.89,DONE,TNG,Carte,LIV9,2023-05-26
CMD26959,CL0688,P077,Aug 20 2023,4,1860.21,DONE,TANGER,Carte,LIV7,2023-08-21
CMD08876,CL0742,P019,27/08/2023,5,4511.18,DONE,RBA,Carte,LIV4,2023-08-29
CMD41628,CL0454,P056,Jan 26 2023,1,221.52,OK,tanger,Carte,LIV3,
CMD25673,CL0866,P039,08/03/2024,4,0,DONE,Tnja,Carte,LIV8,2024-03-12
CMD35757,CL0556,P022,2023-03-12,5,3474.95,en_cours,Tnja,Carte,LIV2,
CMD04733,CL0723,P008,2024-02-10,4,1129.91,KO,TANGER,Carte,LIV2,
CMD43060,CL0953,P040,Feb 24 2023,3,4753.34,LIVRE,TNG,Carte,LIV4,2023-02-28
CMD34060,CL0856,P093,2023-01-12,3,2039.21,livré,RBA,Carte,LIV1,2023-01-16
CMD13533,CL0132,P002,06/12/2023,2,1606.21,livré,Tnja,Carte,LIV6,2023-12-08
CMD34028,CL0401,P020,2023-01-28,3,0,KO,casa,Carte,LIV8,
CMD13087,CL0800,P065,May 24 2023,4,4811.61,KO,marrakech,Carte,LIV8,
CMD15650,CL0376,P096,Dec 07 2023,3,4189.46,livré,Tnja,Carte,LIV10,2023-12-09
CMD09100,CL0532,P067,15/01/2024,1,282.43,KO,tanger,Carte,,
CMD04137,CL0940,P078,2024-05-04,5,1710.68,retourné,tanger,Carte,LIV9,2024-05-08
CMD19763,CL0097,P039,Nov 14 2023,3,85.28,OK,TANGER,Carte,LIV9,
CMD25547,CL0765,P082,Sep 11 2023,5,2516.38,annulé,Tnja,Carte,LIV6,
CMD20922,CL0778,P095,2023-07-09,2,3666.8,retourné,casa,Carte,LIV4,2023-07-13
CMD36870,CL0555,P019,16/04/2024,1,4602.17,KO,CASABLANCA,Carte,LIV1,
CMD11833,CL0185,P012,Aug 10 2023,1,2261.53,annulé,Tnja,Carte,LIV4,
CMD33134,CL0110,P012,28/01/2023,5,3224.69,OK,RBA,Carte,LIV10,
CMD20312,CL0181,P077,15/05/2024,1,989.71,livré,RBA,Carte,LIV2,2024-05-20
CMD27579,CL0824,P061,2023-10-18,3,648.17,LIVRE,TANGER,Carte,LIV7,2023-10-22
CMD37363,CL0751,P034,25/06/2023,2,2099.69,LIVRE,Agadir,Carte,LIV10,2023-06-28
CMD31608,CL0214,P043,23/09/2023,4,2121.25,OK,Tnja,Carte,LIV2,
CMD00662,CL0686,P009,09/02/2023,5,3246.55,LIVRE,casa,Carte,LIV10,2023-02-13
CMD04320,CL0219,P072,10/01/2023,4,1695.2,livré,RBA,Carte,LIV9,2023-01-14
CMD11574,CL0150,P095,Jul 09 2023,4,3018.11,retourné,marrakech,Carte,LIV4,2023-07-14
CMD10080,CL0238,P097,16/09/2023,3,2036.77,OK,tanger,Carte,LIV6,
CMD04244,CL0357,P036,05/04/2024,3,2214.05,OK,Agadir,Carte,LIV1,
CMD14524,CL0623,P060,30/03/2023,2,4219.89,annulé,CASABLANCA,Carte,LIV6,
CMD10372,CL0147,P090,2023-08-04,3,4033.23,retourné,TANGER,Carte,LIV8,2023-08-05
CMD45174,CL0356,P035,Mar 07 2023,1,0,DONE,casa,Carte,LIV9,2023-03-12
CMD00681,CL0891,P048,2023-10-11,5,580.34,livré,TANGER,Carte,LIV2,2023-10-16
CMD32396,CL0132,P024,May 10 2023,1,257.77,OK,kech,Carte,LIV3,
CMD27756,CL0664,P091,01/08/2023,4,1913.37,retourné,kech,Carte,LIV1,2023-08-03
CMD45675,CL0567,P017,14/03/2023,5,4107.17,retourné,TANGER,Carte,LIV2,2023-03-17
CMD28959,CL0145,P078,22/10/2023,1,497.96,DONE,Agadir,Carte,LIV9,2023-10-25
CMD22638,CL0127,P083,Apr 15 2023,2,898.31,retourné,tanger,Carte,LIV4,2023-04-19
CMD05770,CL0091,P041,2023-02-08,4,0,livré,kech,Carte,LIV10,2023-02-11
CMD18698,CL0962,P024,2024-03-18,3,4343.7,DONE,CASABLANCA,Carte,LIV9,2024-03-20
CMD32881,CL0726,P022,2023-04-24,2,683.94,LIVRE,Agadir,Carte,LIV8,2023-04-27
CMD48278,CL0521,P067,Feb 03 2023,1,2884.14,en_cours,RBA,Carte,LIV6,
CMD01411,CL0548,P035,01/02/2023,3,3731.17,OK,TNG,Carte,LIV2,
CMD35841,CL0589,P050,10/06/2023,1,4891.79,KO,kech,Carte,LIV7,
CMD05789,CL0568,P045,2023-08-20,2,2240.9,livré,TANGER,Carte,LIV3,2023-08-25
CMD42220,CL0416,P081,Jun 10 2023,3,3204.42,annulé,TANGER,Carte,LIV8,
CMD20780,CL0573,P012,2023-05-03,4,1786.3,livre,TANGER,Carte,LIV2,
CMD18250,CL0495,P020,27/01/2023,4,4597.58,annulé,RBA,Carte,LIV8,
CMD14365,CL0690,P088,Jun 24 2023,2,3316.0,DONE,Tnja,Carte,,2023-06-29
CMD08651,CL0446,P014,2023-01-10,3,993.88,livré,CASABLANCA,Carte,LIV2,2023-01-12
CMD02889,CL0770,P014,09/02/2023,1,170.62,OK,RBA,Carte,LIV2,
CMD41971,CL0917,P098,2024-04-22,2,4313.83,retourné,casa,Carte,LIV8,2024-04-25
CMD29563,CL0696,P097,2023-08-25,2,554.77,retourné,Tnja,Carte,LIV5,2023-08-29
CMD08719,CL0719,P043,2023-06-26,2,0,DONE,Tnja,Carte,LIV8,2023-06-27
CMD35789,CL0646,P079,May 28 2023,1,1129.5,LIVRE,casa,Carte,LIV5,2023-05-31
CMD10684,CL0248,P024,Apr 19 2024,3,1909.45,KO,RBA,Carte,LIV3,
CMD21923,CL0606,P071,2024-04-26,3,296.54,livré,Agadir,Carte,LIV7,2024-04-30
CMD36693,CL0093,P029,2023-07-28,2,4162.76,en_cours,kech,Carte,LIV9,
CMD11910,CL0554,P007,2023-01-19,3,1313.5,OK,RBA,Carte,LIV1,
CMD39572,CL0664,P094,Mar 27 2023,5,912.43,annulé,marrakech,Carte,LIV4,
CMD21631,CL0437,P081,13/11/2023,3,4562.89,livré,RBA,Carte,LIV8,2023-11-16
CMD08167,CL0380,P086,23/01/2023,1,3850.86,LIVRE,Tnja,Carte,LIV10,2023-01-26
CMD07152,CL0437,P063,2023-04-09,2,4969.48,retourné,Agadir,Carte,LIV2,2023-04-11
CMD44743,CL0938,P054,2023-10-04,3,0,livré,TANGER,Carte,LIV1,2023-10-08
CMD36689,CL0901,P040,14/08/2023,4,3453.46,en_cours,TANGER,Carte,LIV3,
CMD21030,CL0934,P090,Apr 12 2024,3,1757.45,OK,casa,Carte,LIV5,
CMD24801,CL0848,P066,04/05/2024,5,2212.0,DONE,CASABLANCA,Carte,LIV2,2024-05-06
CMD41150,CL0468,P080,18/11/2023,3,2623.44,annulé,marrakech,Carte,LIV9,
CMD11965,CL0706,P009,08/01/2023,5,4884.79,KO,Agadir,Carte,LIV9,
CMD43078,CL0454,P052,2023-11-11,4,2342.35,KO,Tnja,Carte,LIV10,
CMD31870,CL0249,P098,26/06/2023,5,2260.84,livré,casa,Carte,LIV8,2023-06-27
CMD07081,CL0782,P081,Dec 09 2023,1,2204.29,en_cours,Agadir,Carte,LIV1,
CMD37685,CL0731,P062,May 17 2023,2,2908.46,livré,tanger,Carte,LIV4,2023-05-21
CMD35732,CL0010,P057,Jun 01 2023,3,2396.66,annulé,casa,Carte,LIV4,
CMD47477,CL0171,P036,Apr 11 2024,4,703.88,livré,kech,Carte,LIV6,2024-04-16
CMD43222,CL0117,P100,2023-10-15,4,4562.14,KO,kech,Carte,LIV4,
CMD15419,CL0542,P072,21/09/2023,4,344.62,KO,kech,Carte,LIV1,
CMD08214,CL0060,P059,28/11/2023,1,307.95,livré,TANGER,Carte,,2023-12-01
CMD14211,CL0607,P030,14/04/2023,3,3924.2,livré,Agadir,Carte,LIV3,2023-04-18
CMD38936,CL0461,P069,2023-11-28,1,4400.01,retourné,Tnja,Carte,LIV4,2023-12-03
CMD16610,CL0692,P080,2023-10-01,4,3402.55,KO,marrakech,Carte,LIV2,
CMD03326,CL0076,P073,2023-03-28,4,3030.14,en_cours,Tnja,Carte,LIV5,
CMD04423,CL0537,P072,2023-02-28,3,586.99,OK,TNG,Carte,LIV9,
CMD17809,CL0546,P100,2023-07-30,3,2744.18,LIVRE,TNG,Carte,LIV7,2023-08-01
CMD07032,CL0710,P050,2024-01-12,5,1214.44,livré,TANGER,Carte,LIV3,2024-01-16
CMD38468,CL0800,P031,16/01/2023,4,2191.43,livre,tanger,Carte,LIV7,
CMD31563,CL0974,P076,Jul 28 2023,4,212.65,DONE,Agadir,Carte,,2023-07-30
CMD33277,CL0235,P048,May 16 2023,2,1383.67,OK,tanger,Carte,LIV10,
CMD03473,CL0779,P065,2023-09-29,4,1047.43,livré,Tnja,Carte,LIV1,2023-10-01
CMD42368,CL0373,P016,Apr 25 2023,1,3206.46,annulé,marrakech,Carte,LIV2,
CMD20023,CL0828,P099,16/06/2023,5,121.49,livré,TANGER,Carte,LIV1,2023-06-20
CMD06972,CL0045,P029,2023-07-04,2,1186.44,LIVRE,marrakech,Carte,LIV9,2023-07-09
CMD08760,CL0938,P082,May 04 2024,-1,606.72,livré,casa,Carte,,2024-05-08
CMD29775,CL0791,P045,2023-08-24,5,2271.39,livré,CASABLANCA,Carte,LIV9,2023-08-27
CMD27832,CL0582,P095,18/02/2023,2,781.31,livré,tanger,Carte,LIV5,2023-02-23
CMD37082,CL0845,P021,09/02/2023,4,1885.73,retourné,kech,Carte,LIV6,2023-02-13
CMD18504,CL0672,P057,20/01/2023,3,1780.63,retourné,Agadir,Carte,LIV2,2023-01-24
CMD40890,CL0813,P034,2023-02-13,3,3872.14,KO,CASABLANCA,Carte,LIV7,
CMD28379,CL0389,P031,Mar 31 2024,3,2616.35,retourné,Agadir,Carte,LIV5,2024-04-03
CMD44015,CL0972,P081,2024-01-21,4,4409.38,livré,tanger,Carte,LIV7,2024-01-22
CMD34249,CL0626,P077,2024-04-25,4,897.23,KO,CASABLANCA,Carte,LIV8,
CMD07989,CL0794,P001,Oct 16 2023,1,1198.39,livre,RBA,Carte,LIV9,
CMD02273,CL0552,P085,May 12 2023,4,3268.14,en_cours,Tnja,Carte,LIV2,
CMD05504,CL0202,P098,2023-12-26,5,1979.59,en_cours,CASABLANCA,Carte,LIV7,
CMD01266,CL0430,P073,07/01/2023,1,1054.26,OK,tanger,Carte,LIV1,
CMD14218,CL0649,P066,12/01/2024,2,0,livré,marrakech,Carte,LIV6,2024-01-17
CMD41792,CL0634,P088,2023-07-10,4,2486.2,livré,CASABLANCA,Carte,LIV10,2023-07-12
CMD47595,CL0887,P019,Apr 01 2023,2,359.29,livré,kech,Carte,LIV10,2023-04-03
CMD34836,CL0484,P050,25/03/2023,2,2886.02,livré,casa,Carte,LIV3,2023-03-28
CMD37813,CL0300,P053,02/12/2023,4,2308.09,livre,Agadir,Carte,LIV2,
CMD02836,CL0621,P088,16/04/2024,5,3119.39,OK,CASABLANCA,Carte,LIV7,
CMD46564,CL0980,P080,2023-02-07,2,3727.99,KO,CASABLANCA,Carte,LIV2,
CMD39945,CL0443,P098,May 21 2023,2,1953.5,OK,TANGER,Carte,LIV4,
CMD41652,CL0023,P058,Apr 15 2023,3,89.34,livré,Tnja,Carte,LIV4,2023-04-20
CMD25508,CL0088,P024,Jun 24 2023,5,1830.04,annulé,TNG,Carte,LIV1,
CMD36625,CL0207,P095,23/12/2023,2,4125.0,livré,marrakech,Carte,LIV10,2023-12-26
CMD40445,CL0608,P095,Mar 30 2024,2,4501.6,annulé,TANGER,Carte,LIV5,
CMD37939,CL0516,P017,Jul 08 2023,1,3148.51,livré,RBA,Carte,LIV3,2023-07-10
CMD18965,CL0004,P017,20/04/2024,1,2426.87,livre,TNG,Carte,LIV3,
CMD41932,CL0659,P098,Aug 21 2023,2,2681.9,livré,Agadir,Carte,LIV1,2023-08-23
CMD04407,CL0357,P037,23/02/2024,3,3520.2,LIVRE,kech,Carte,,2024-02-25
CMD08825,CL0399,P027,Jul 25 2023,2,4768.84,retourné,TANGER,Carte,LIV4,2023-07-27
CMD17311,CL0963,P063,28/10/2023,2,66.21,livré,CASABLANCA,Carte,LIV9,2023-10-30
CMD13048,CL0330,P032,20/01/2023,1,84.98,livré,RBA,Carte,LIV4,2023-01-21
CMD09131,CL0215,P095,2023-11-15,1,4803.3,livré,RBA,Carte,LIV2,2023-11-20
CMD31678,CL0226,P003,2023-11-14,4,2808.3,livré,TNG,Carte,LIV9,2023-11-18
CMD17712,CL0469,P098,2023-05-16,4,839.5,OK,tanger,Carte,LIV4,
CMD47600,CL0706,P029,05/05/2024,2,774.87,retourné,Agadir,Carte,LIV2,2024-05-07
CMD19292,CL0379,P039,Apr 11 2023,4,4810.79,retourné,kech,Carte,,2023-04-12
CMD18283,CL0230,P060,2023-10-03,5,2923.28,annulé,RBA,Carte,LIV10,
CMD45074,CL0387,P043,2023-10-05,1,1103.89,OK,kech,Carte,LIV7,
CMD33122,CL0855,P066,11/03/2023,5,1452.57,livré,TANGER,Carte,LIV3,2023-03-15
CMD33353,CL0116,P021,Apr 18 2023,5,1981.61,LIVRE,kech,Carte,LIV2,2023-04-19
CMD00394,CL0335,P018,Jan 14 2024,2,1714.57,livré,RBA,Carte,LIV2,2024-01-15
CMD12782,CL0253,P056,Feb 26 2024,1,124.89,OK,tanger,Carte,LIV5,
CMD36918,CL0279,P097,2023-01-14,1,2885.83,annulé,tanger,Carte,LIV4,
CMD27760,CL0928,P100,2024-05-14,3,2526.81,livré,tanger,Carte,LIV3,2024-05-16
CMD21102,CL0501,P050,2024-03-02,2,3733.95,livré,TNG,Carte,LIV8,2024-03-07
CMD27292,CL0880,P013,20/02/2023,3,4083.72,livré,RBA,Carte,LIV9,2023-02-21
CMD47884,CL0713,P088,23/02/2023,1,3267.21,livré,TNG,Carte,,2023-02-26
CMD41433,CL0772,P093,05/05/2024,1,0,livré,RBA,Carte,LIV5,2024-05-09
CMD12263,CL0415,P017,Mar 10 2024,5,4111.89,LIVRE,tanger,Carte,LIV9,2024-03-11
CMD20624,CL0975,P074,2023-10-14,1,2705.32,KO,marrakech,Carte,,
CMD44547,CL0679,P015,21/05/2023,5,3112.73,LIVRE,TNG,Carte,LIV3,2023-05-22
CMD27701,CL0494,P024,Apr 03 2023,4,4186.08,OK,marrakech,Carte,LIV5,
CMD04679,CL0751,P098,2023-11-09,3,2429.49,retourné,Agadir,Carte,LIV8,2023-11-12
CMD42079,CL0824,P078,2023-03-03,-1,0,LIVRE,TNG,Carte,LIV1,2023-03-04
CMD03147,CL0132,P048,Jan 19 2024,1,1058.98,LIVRE,marrakech,Carte,LIV2,2024-01-21
CMD30939,CL0247,P047,11/02/2024,3,1378.97,LIVRE,tanger,Carte,LIV6,2024-02-12
CMD07195,CL0486,P016,11/09/2023,2,4648.65,annulé,TANGER,Carte,,
CMD43464,CL0350,P032,Jul 23 2023,4,3725.48,KO,Agadir,Carte,LIV5,
CMD33929,CL0362,P040,Jul 20 2023,4,627.59,en_cours,RBA,Carte,LIV10,
CMD01621,CL0955,P019,Aug 19 2023,1,1740.53,livré,kech,Carte,LIV4,2023-08-21
CMD48280,CL0656,P052,Nov 19 2023,5,4017.07,livré,CASABLANCA,Carte,LIV2,2023-11-22
CMD28070,CL0892,P079,Jul 13 2023,2,4625.11,KO,kech,Carte,LIV2,
CMD30578,CL0366,P053,2024-01-21,4,818.41,LIVRE,kech,Carte,LIV10,2024-01-26
CMD23395,CL0500,P018,08/04/2023,1,1726.32,KO,TANGER,Carte,LIV4,
CMD09320,CL0269,P032,Jul 21 2023,3,908.97,livré,TNG,Carte,LIV10,2023-07-24
CMD48356,CL0546,P007,06/04/2023,4,3465.79,retourné,kech,Carte,LIV4,2023-04-09
CMD24065,CL0538,P061,Feb 10 2023,3,958.33,OK,TNG,Carte,LIV4,
CMD13538,CL0078,P085,2023-05-21,1,1319.82,OK,kech,Carte,LIV4,
CMD47876,CL0953,P069,Aug 28 2023,4,3754.59,livré,kech,Carte,LIV10,2023-08-31
CMD44047,CL0110,P070,May 31 2023,5,410.91,OK,RBA,Carte,LIV7,
CMD36037,CL0786,P090,17/08/2023,3,1618.32,OK,TANGER,Carte,LIV8,
CMD21847,CL0087,P085,Jul 15 2023,2,0,DONE,tanger,Carte,LIV4,2023-07-20
CMD08093,CL0248,P074,May 22 2023,4,675.75,livré,TANGER,Carte,LIV5,2023-05-25
CMD46178,CL0684,P010,2023-09-28,5,259.61,DONE,RBA,Carte,,2023-10-03
CMD35365,CL0803,P028,12/08/2023,2,2084.92,en_cours,Tnja,Carte,LIV2,
CMD25000,CL0391,P092,2023-03-11,2,999.08,OK,Agadir,Carte,LIV5,
CMD36928,CL0544,P099,16/09/2023,2,2500.29,DONE,CASABLANCA,Carte,LIV5,2023-09-21
CMD34065,CL0110,P067,22/09/2023,4,388.82,annulé,Agadir,Carte,LIV5,
CMD47848,CL0926,P051,Feb 05 2023,2,4732.11,LIVRE,marrakech,Carte,LIV7,2023-02-08
CMD10942,CL0527,P020,17/05/2023,3,965.39,livré,TANGER,Carte,LIV6,2023-05-19
CMD19540,CL0444,P075,22/01/2024,3,4926.32,en_cours,kech,Carte,LIV3,
CMD48059,CL0202,P083,2023-11-13,4,822.81,retourné,TNG,Carte,LIV10,2023-11-15
CMD12115,CL0211,P053,Mar 18 2023,5,1274.57,livré,RBA,Carte,LIV7,2023-03-20
CMD05654,CL0291,P028,19/10/2023,3,1171.59,livré,RBA,Carte,LIV8,2023-10-21
CMD35115,CL0781,P003,27/02/2023,2,2555.61,livre,kech,Carte,LIV1,
CMD13490,CL0421,P013,May 12 2023,2,2118.34,OK,RBA,Carte,LIV2,
CMD16324,CL0598,P055,2023-02-02,5,3853.77,DONE,tanger,Carte,LIV9,2023-02-04
CMD23442,CL0235,P040,Aug 04 2023,3,2128.13,LIVRE,Agadir,Carte,LIV4,2023-08-09
CMD03826,CL0345,P047,03/11/2023,5,4601.33,OK,casa,Carte,LIV9,
CMD38945,CL0498,P078,12/07/2023,1,3028.73,OK,TNG,Carte,LIV10,
CMD48115,CL0955,P087,2023-04-06,5,3563.67,en_cours,kech,Carte,,
CMD45264,CL0929,P083,Jan 08 2024,4,1157.06,OK,kech,Carte,LIV6,
CMD17549,CL0396,P015,09/03/2024,2,3728.81,livré,Tnja,Carte,LIV2,2024-03-11
CMD22659,CL0873,P050,2023-02-01,5,571.85,DONE,RBA,Carte,LIV10,2023-02-02
CMD20706,CL0150,P033,Feb 10 2023,4,4426.06,livre,CASABLANCA,Carte,LIV4,
CMD20150,CL0066,P099,30/01/2024,5,2477.81,DONE,TANGER,Carte,LIV8,2024-02-03
CMD00205,CL0854,P017,2023-10-16,5,416.66,livre,TANGER,Carte,LIV2,
CMD36288,CL0075,P060,Apr 21 2023,1,494.05,DONE,RBA,Carte,LIV8,2023-04-26
CMD36606,CL0561,P081,Dec 18 2023,5,4046.62,livre,RBA,Carte,LIV9,
CMD43634,CL0558,P057,2024-02-19,5,3758.46,annulé,CASABLANCA,Carte,LIV2,
CMD27071,CL0868,P084,2023-04-05,4,346.22,DONE,casa,Carte,LIV6,2023-04-08
CMD46502,CL0886,P010,03/02/2023,4,2313.92,DONE,kech,Carte,LIV3,2023-02-05
CMD44690,CL0754,P085,Dec 19 2023,3,1833.89,livre,CASABLANCA,Carte,LIV10,
CMD40700,CL0890,P095,Jun 10 2023,1,1372.81,DONE,Tnja,Carte,LIV6,2023-06-11
CMD07827,CL0881,P015,2024-05-13,5,1299.85,annulé,CASABLANCA,Carte,LIV2,
CMD11199,CL0198,P024,2023-05-04,4,842.1,livré,CASABLANCA,Carte,LIV1,2023-05-07
CMD32238,CL0685,P025,26/04/2023,4,4548.07,DONE,marrakech,Carte,LIV4,2023-04-28
CMD03357,CL0064,P096,Oct 22 2023,2,3862.15,DONE,casa,Carte,LIV4,2023-10-24
CMD29362,CL0900,P099,2024-04-08,5,1503.33,retourné,TANGER,Carte,LIV2,2024-04-13
CMD12814,CL0546,P065,2024-02-13,1,2927.84,LIVRE,CASABLANCA,Carte,LIV10,2024-02-14
CMD20568,CL0395,P011,2024-01-21,2,913.09,livré,kech,Carte,LIV7,2024-01-26
CMD19249,CL0546,P067,Nov 05 2023,3,1073.25,LIVRE,Agadir,Carte,LIV1,2023-11-10
CMD06609,CL0086,P060,2024-04-06,2,4025.66,livré,Tnja,Carte,LIV3,2024-04-09
CMD11179,CL0826,P011,2023-01-18,3,2554.13,retourné,casa,Carte,LIV4,2023-01-21
CMD39595,CL0156,P032,2023-09-12,3,2056.78,livré,casa,Carte,LIV10,2023-09-14
CMD02471,CL0675,P024,Mar 22 2023,1,1255.45,OK,tanger,Carte,LIV10,
CMD20554,CL0716,P078,Jul 09 2023,2,3624.05,livré,CASABLANCA,Carte,LIV2,2023-07-14
CMD10723,CL0347,P007,2023-12-15,5,2310.84,livré,Agadir,Carte,LIV1,2023-12-18
CMD46766,CL0790,P083,13/01/2024,4,4467.25,livré,RBA,Carte,LIV3,2024-01-18
CMD44621,CL0125,P008,24/11/2023,3,3653.66,LIVRE,Agadir,Carte,LIV8,2023-11-26
CMD20634,CL0470,P017,2024-04-04,2,2516.39,KO,TNG,Carte,LIV1,
CMD13986,CL0838,P092,2023-01-15,1,3511.45,OK,Agadir,Carte,LIV4,
CMD34661,CL0096,P043,2023-12-02,1,1163.67,livré,tanger,Carte,LIV8,2023-12-06
CMD43157,CL0287,P013,2023-03-18,4,1259.71,OK,RBA,Carte,LIV9,
CMD28947,CL0882,P011,2023-09-01,4,1987.53,livré,kech,Carte,,2023-09-06
CMD11044,CL0354,P075,2023-06-26,4,1077.53,livré,tanger,Carte,LIV10,2023-06-29
CMD39706,CL0201,P056,2024-02-24,2,658.86,LIVRE,tanger,Carte,LIV3,2024-02-27
CMD08742,CL0726,P035,Feb 28 2024,5,397.76,livré,kech,Carte,LIV10,2024-03-01
CMD46134,CL0451,P053,2024-03-23,3,4583.82,livre,marrakech,Carte,LIV1,
CMD06081,CL0794,P072,Jan 10 2023,3,240.3,en_cours,casa,Carte,LIV2,
CMD37991,CL0797,P043,23/06/2023,5,1723.85,livré,Agadir,Carte,LIV2,2023-06-24
CMD26016,CL0138,P040,2023-05-21,4,4121.14,livré,TANGER,Carte,LIV4,2023-05-25
CMD18959,CL0166,P097,26/11/2023,5,1471.92,en_cours,tanger,Carte,LIV6,
CMD21485,CL0291,P009,21/04/2024,1,3795.24,en_cours,kech,Carte,LIV8,
CMD15764,CL0642,P062,26/12/2023,5,2052.34,annulé,casa,Carte,LIV10,
CMD09548,CL0771,P037,Jul 21 2023,4,1044.48,livre,CASABLANCA,Carte,LIV8,
CMD41384,CL0403,P066,2023-11-05,1,4392.33,livré,TANGER,Carte,LIV2,2023-11-09
CMD35737,CL0775,P034,Jul 20 2023,1,4033.57,annulé,TANGER,Carte,LIV9,
CMD25046,CL0713,P053,2024-01-17,4,4134.8,LIVRE,Tnja,Carte,LIV9,2024-01-21
CMD32805,CL0559,P025,Aug 08 2023,5,4531.0,livre,CASABLANCA,Carte,LIV9,
CMD09501,CL0406,P077,Mar 05 2023,2,2916.63,livré,TANGER,Carte,LIV3,2023-03-10
CMD01862,CL0930,P073,27/04/2023,4,3419.85,KO,casa,Carte,LIV5,
CMD22557,CL0379,P093,2024-03-30,2,128.97,livré,CASABLANCA,Carte,LIV1,2024-03-31
CMD31818,CL0711,P042,12/03/2023,3,4578.85,livré,Agadir,Carte,LIV8,2023-03-14
CMD30015,CL0286,P076,31/01/2023,3,4780.64,DONE,TNG,Carte,LIV5,2023-02-01
CMD36993,CL0165,P015,2023-12-31,5,4466.07,LIVRE,marrakech,Carte,LIV9,2024-01-01
CMD34261,CL0520,P021,07/04/2024,1,4739.26,annulé,tanger,Carte,LIV1,
CMD18363,CL0044,P037,Oct 21 2023,1,733.06,en_cours,Tnja,Carte,LIV7,
CMD01269,CL0762,P016,2023-06-09,5,468.5,livré,marrakech,Carte,LIV4,2023-06-14
CMD33714,CL0793,P003,Jan 11 2024,4,4653.24,en_cours,TANGER,Carte,LIV3,
CMD32133,CL0055,P099,26/03/2023,1,1915.44,annulé,tanger,Carte,LIV2,
CMD09028,CL0557,P052,2023-12-02,4,4625.63,annulé,kech,Carte,LIV1,
CMD20494,CL0106,P092,2023-12-26,3,551.53,KO,tanger,Carte,LIV3,
CMD35784,CL0544,P003,24/05/2023,5,2085.89,en_cours,kech,Carte,LIV5,
CMD01023,CL0441,P076,19/03/2023,1,1568.34,livré,Tnja,Carte,LIV1,2023-03-24
CMD45635,CL0417,P079,26/03/2023,5,3374.29,OK,Tnja,Carte,LIV9,
CMD21946,CL0581,P076,07/08/2023,4,2044.5,DONE,kech,Carte,LIV9,2023-08-08
CMD15226,CL0066,P041,2024-05-06,3,4859.67,OK,casa,Carte,LIV10,
CMD43486,CL0971,P073,2023-11-05,4,4393.54,OK,tanger,Carte,LIV3,
CMD32089,CL0316,P050,Apr 11 2023,5,824.22,OK,tanger,Carte,LIV9,
CMD16341,CL0377,P024,Jun 20 2023,3,1674.63,KO,Agadir,Carte,LIV5,
CMD05612,CL0599,P084,03/06/2023,4,1453.85,en_cours,Agadir,Carte,LIV2,
CMD13706,CL0504,P035,27/10/2023,5,2931.89,livre,CASABLANCA,Carte,LIV5,
CMD39044,CL0705,P050,2023-05-05,1,3539.1,livre,CASABLANCA,Carte,LIV10,
CMD03033,CL0768,P066,Nov 04 2023,4,2232.09,OK,marrakech,Carte,LIV6,
CMD19788,CL0300,P019,2023-03-18,5,4432.82,livre,RBA,Carte,LIV9,
CMD30298,CL0278,P099,2023-03-03,4,4031.34,DONE,TANGER,Carte,LIV10,2023-03-08
CMD32398,CL0177,P100,18/02/2023,2,2776.1,DONE,CASABLANCA,Carte,LIV9,2023-02-19
CMD31086,CL0814,P044,Feb 20 2024,1,184.36,livré,casa,Carte,LIV10,2024-02-22
CMD46986,CL0496,P096,13/06/2023,3,2135.46,KO,TNG,Carte,,
CMD34633,CL0236,P076,2024-01-14,4,3954.18,KO,tanger,Carte,LIV9,
CMD34810,CL0697,P039,22/08/2023,3,786.6,livré,Agadir,Carte,LIV5,2023-08-26
CMD25122,CL0729,P029,01/03/2023,5,56.43,livre,Agadir,Carte,LIV6,
CMD05952,CL0892,P023,2024-02-10,2,3118.06,OK,TANGER,Carte,LIV10,
CMD04686,CL0290,P023,2023-01-19,3,752.22,livre,Tnja,Carte,LIV6,
CMD28457,CL0709,P055,Aug 01 2023,2,4569.18,livré,marrakech,Carte,LIV2,2023-08-03
CMD26886,CL0445,P062,Dec 24 2023,2,2086.14,OK,marrakech,Carte,,
CMD05746,CL0563,P063,14/01/2023,1,4043.87,livre,RBA,Carte,LIV1,
CMD03006,CL0080,P063,Jul 15 2023,4,2260.99,livre,kech,Carte,LIV6,
CMD19155,CL0222,P054,Jan 04 2023,4,155.57,livré,Tnja,Carte,LIV8,2023-01-06
CMD45888,CL0491,P065,Nov 22 2023,1,1644.33,livré,tanger,Carte,LIV5,2023-11-24
CMD41483,CL0694,P030,01/08/2023,5,0,livré,Agadir,Carte,LIV8,2023-08-06
CMD21120,CL0643,P059,2023-03-22,4,1080.19,livré,kech,Carte,LIV2,2023-03-25
CMD31489,CL0448,P058,2024-02-29,2,1416.62,en_cours,Tnja,Carte,LIV9,
CMD33789,CL0074,P059,2023-11-12,3,4239.54,livré,Tnja,Carte,LIV3,2023-11-16
CMD26548,CL0808,P093,2023-04-01,4,263.69,annulé,TANGER,Carte,LIV1,
CMD11519,CL0188,P030,Mar 18 2024,1,4255.05,livre,TANGER,Carte,LIV10,
CMD33025,CL0038,P073,06/06/2023,5,1023.76,KO,marrakech,Carte,LIV5,
CMD38243,CL0553,P039,11/05/2024,3,2058.09,livré,marrakech,Carte,LIV7,2024-05-14
CMD00049,CL0946,P056,Jan 14 2023,3,2161.97,en_cours,Agadir,Carte,LIV1,
CMD36989,CL0308,P068,Mar 06 2024,5,1345.97,KO,tanger,Carte,LIV10,
CMD16345,CL0269,P046,03/05/2024,4,646.57,livré,kech,Carte,LIV7,2024-05-06
CMD34557,CL0892,P078,2024-05-13,2,2268.92,KO,TNG,Carte,LIV4,
CMD47308,CL0752,P056,2024-03-31,4,1874.42,KO,tanger,Carte,LIV9,
CMD39698,CL0316,P070,04/02/2023,5,3832.03,livré,CASABLANCA,Carte,LIV7,2023-02-06
CMD14727,CL0781,P033,2023-08-23,5,4230.94,livré,RBA,Carte,LIV7,2023-08-28
CMD22633,CL0837,P040,23/03/2024,2,3785.22,annulé,marrakech,Carte,LIV1,
CMD07243,CL0137,P098,2023-10-13,2,4136.31,en_cours,kech,Carte,,
CMD38985,CL0120,P077,2023-02-10,4,3542.0,livre,CASABLANCA,Carte,LIV3,
CMD23613,CL0428,P020,2023-04-10,4,2977.16,livré,tanger,Carte,LIV3,2023-04-11
CMD45121,CL0456,P012,29/08/2023,5,1152.01,KO,CASABLANCA,Carte,LIV6,
CMD36818,CL0604,P093,2023-07-08,4,2517.77,LIVRE,TNG,Carte,LIV10,2023-07-11
CMD25073,CL0646,P019,Dec 31 2023,2,551.6,DONE,tanger,Carte,LIV8,2024-01-04
CMD10444,CL0166,P096,08/01/2023,4,2471.33,livré,marrakech,Carte,LIV2,2023-01-11
CMD37233,CL0172,P061,2023-11-28,3,4070.46,livré,TANGER,Carte,LIV2,2023-11-29
CMD31143,CL0665,P001,Jun 29 2023,2,1511.38,livré,tanger,Carte,LIV4,2023-07-04
CMD13198,CL0806,P002,Dec 16 2023,3,1750.8,livré,kech,Carte,LIV4,2023-12-17
CMD36602,CL0511,P067,May 01 2023,5,3976.78,LIVRE,TANGER,Carte,LIV5,2023-05-05
CMD21350,CL0140,P081,Nov 22 2023,2,0,OK,CASABLANCA,Carte,LIV7,
CMD34635,CL0358,P081,2023-06-05,5,1766.59,livré,CASABLANCA,Carte,LIV9,2023-06-08
CMD39685,CL0859,P088,27/06/2023,5,4858.38,LIVRE,casa,Carte,LIV3,2023-07-02
CMD33566,CL0161,P053,Nov 20 2023,5,352.28,KO,CASABLANCA,Carte,,
CMD34915,CL0259,P007,Jul 24 2023,5,3234.79,annulé,TNG,Carte,LIV1,
CMD26549,CL0352,P001,Jun 23 2023,1,2489.68,retourné,RBA,Carte,LIV8,2023-06-26
CMD45843,CL0128,P026,Dec 10 2023,3,4134.88,en_cours,CASABLANCA,Carte,LIV4,
CMD19182,CL0725,P050,May 19 2023,3,3336.88,annulé,casa,Carte,LIV6,
CMD36724,CL0993,P070,Jan 14 2024,2,240.95,en_cours,Tnja,Carte,LIV2,
CMD46839,CL0402,P081,Mar 24 2024,4,2122.78,LIVRE,marrakech,Carte,LIV1,2024-03-27
CMD43981,CL0953,P012,Apr 22 2024,2,4104.91,DONE,RBA,Carte,LIV6,2024-04-24
CMD03044,CL0853,P030,21/09/2023,4,1403.93,livré,RBA,Carte,,2023-09-24
CMD31644,CL0424,P010,2023-03-26,2,1000.49,DONE,TANGER,Carte,LIV8,2023-03-27
CMD17877,CL0520,P052,06/11/2023,1,2570.24,livré,tanger,Carte,LIV8,2023-11-08
CMD32617,CL0565,P020,2023-03-20,5,3420.96,annulé,TNG,Carte,LIV5,
CMD15637,CL0531,P083,29/11/2023,4,2106.52,livré,kech,Carte,LIV5,2023-12-04
CMD07587,CL0235,P004,2024-02-29,1,121.51,livré,marrakech,Carte,LIV5,2024-03-05
CMD19061,CL0686,P088,Feb 15 2024,2,4242.23,retourné,tanger,Carte,LIV2,2024-02-20
CMD09580,CL0378,P008,17/04/2023,3,2509.22,retourné,tanger,Carte,LIV10,2023-04-22
CMD03444,CL0362,P072,27/02/2024,2,2845.29,retourné,Agadir,Carte,LIV1,2024-02-28
CMD37245,CL0805,P032,21/11/2023,2,2913.14,KO,RBA,Carte,LIV1,
CMD03256,CL0291,P078,22/02/2023,2,4687.83,livré,TANGER,Carte,LIV9,2023-02-24
CMD12428,CL0998,P013,2023-02-10,2,4074.23,livré,TANGER,Carte,,2023-02-14
CMD28513,CL0362,P091,04/06/2023,1,1117.8,livre,Agadir,Carte,LIV1,
CMD42286,CL0955,P078,2024-03-24,2,4642.36,annulé,kech,Carte,,
CMD14902,CL0281,P028,2023-11-04,4,3918.92,livré,RBA,Carte,LIV10,2023-11-09
CMD35544,CL0020,P053,07/07/2023,2,1691.42,KO,Tnja,Carte,LIV3,
CMD11921,CL0477,P035,21/02/2024,4,3217.79,livré,tanger,Carte,LIV10,2024-02-23
CMD21935,CL0266,P088,Aug 08 2023,4,4587.61,en_cours,Tnja,Carte,LIV10,
CMD34115,CL0631,P034,2023-07-30,2,4057.56,livre,TNG,Carte,LIV8,
CMD36162,CL0635,P088,28/08/2023,4,625.96,retourné,kech,Carte,LIV7,2023-09-01
CMD06786,CL0318,P023,02/02/2024,5,1351.09,livré,RBA,Carte,LIV4,2024-02-07
CMD26238,CL0082,P014,Dec 14 2023,5,443.82,OK,tanger,Carte,LIV10,
CMD22085,CL0004,P020,2023-05-03,4,4009.18,OK,tanger,Carte,LIV2,
CMD36759,CL0282,P034,2024-04-24,1,4844.57,livre,Tnja,Carte,LIV2,
CMD06659,CL0431,P098,04/02/2023,3,1392.51,livré,tanger,Carte,LIV3,2023-02-05
CMD45398,CL0596,P044,Aug 31 2023,4,1069.48,DONE,TNG,Carte,LIV7,2023-09-04
CMD35914,CL0187,P077,2023-07-30,2,4552.84,en_cours,TNG,Carte,LIV1,
CMD26453,CL0401,P083,2023-11-26,2,2201.66,LIVRE,kech,Carte,LIV1,2023-11-30
CMD19113,CL0529,P054,29/11/2023,4,4314.43,retourné,kech,Carte,LIV7,2023-11-30
CMD14014,CL0459,P087,2023-01-28,2,3952.5,livré,tanger,Carte,LIV2,2023-01-29
CMD39084,CL0375,P015,01/10/2023,3,2570.26,KO,TNG,Carte,LIV3,
CMD25959,CL0337,P082,Jan 14 2024,4,855.14,DONE,CASABLANCA,Carte,LIV9,2024-01-18
CMD42878,CL0546,P057,28/06/2023,4,761.06,livré,TANGER,Carte,LIV8,2023-06-30
CMD34456,CL0647,P072,Mar 05 2024,2,1987.34,annulé,TNG,Carte,LIV3,
CMD14300,CL0240,P067,May 02 2023,2,4337.53,OK,Tnja,Carte,LIV1,
CMD41303,CL0004,P100,2023-04-27,2,835.36,livre,kech,Carte,LIV2,
CMD06697,CL0796,P015,Mar 05 2023,3,3861.96,livré,casa,Carte,LIV9,2023-03-08
CMD14896,CL0473,P084,2023-04-22,3,2498.32,LIVRE,kech,Carte,LIV5,2023-04-26
CMD31257,CL0040,P004,May 02 2024,1,4697.99,retourné,TNG,Carte,LIV2,2024-05-04
CMD34335,CL0713,P026,Feb 16 2023,4,4235.28,livré,tanger,Carte,LIV6,2023-02-17
CMD40790,CL0718,P039,Mar 02 2024,5,2348.53,annulé,casa,Carte,LIV2,
CMD06909,CL0479,P055,Mar 22 2023,3,3523.98,livré,CASABLANCA,Carte,,2023-03-25
CMD06016,CL0567,P048,2023-09-10,5,2360.09,annulé,tanger,Carte,,
CMD33833,CL0298,P005,08/03/2023,1,268.77,livré,marrakech,Carte,LIV6,2023-03-09
CMD46733,CL0994,P075,27/07/2023,2,62.43,livré,TNG,Carte,LIV4,2023-07-30
CMD28465,CL0733,P099,Jan 06 2023,2,1104.61,LIVRE,marrakech,Carte,LIV10,2023-01-10
CMD12139,CL0484,P044,Feb 16 2023,3,728.37,retourné,TANGER,Carte,LIV2,2023-02-21
CMD36407,CL0496,P010,Jan 10 2024,5,3693.88,livré,CASABLANCA,Carte,LIV9,2024-01-14
CMD41647,CL0499,P055,17/02/2023,3,1477.94,en_cours,CASABLANCA,Carte,LIV10,
CMD20778,CL0007,P021,2023-02-16,3,1644.83,livré,RBA,Carte,LIV4,2023-02-20
CMD38307,CL0200,P039,2024-03-31,5,2418.31,livré,casa,Carte,LIV2,2024-04-01
CMD24165,CL0776,P056,2023-07-27,2,1961.13,DONE,kech,Carte,LIV2,2023-07-28
CMD39353,CL0595,P074,03/05/2024,1,4980.26,OK,kech,Carte,LIV10,
CMD26057,CL0949,P053,22/11/2023,3,2840.13,livre,Agadir,Carte,LIV3,
CMD39587,CL0028,P024,2024-04-10,4,588.82,KO,TANGER,Carte,LIV10,
CMD33426,CL1000,P094,09/07/2023,4,3914.43,OK,marrakech,Carte,LIV5,
CMD29960,CL0836,P007,2023-02-21,3,3019.33,livre,marrakech,Carte,LIV6,
CMD35574,CL0213,P006,25/07/2023,3,1483.77,DONE,RBA,Carte,LIV5,2023-07-29
CMD19947,CL0552,P056,Nov 13 2023,2,3904.81,annulé,TANGER,Carte,LIV7,
CMD31035,CL0706,P034,20/08/2023,1,1802.1,OK,kech,Carte,LIV1,
CMD01508,CL0333,P056,28/08/2023,5,2821.75,LIVRE,Agadir,Carte,LIV9,2023-08-30
CMD20839,CL0689,P094,2023-02-19,1,2564.92,livre,marrakech,Carte,LIV4,
CMD39010,CL0490,P072,Jan 16 2023,2,4959.45,en_cours,Agadir,Carte,LIV2,
CMD28753,CL0250,P053,25/10/2023,4,4481.49,annulé,CASABLANCA,Carte,LIV4,
CMD00562,CL0597,P064,2023-02-10,3,3771.61,OK,TNG,Carte,LIV2,
CMD02250,CL0239,P094,2024-05-14,2,951.88,retourné,CASABLANCA,Carte,LIV9,2024-05-17
CMD36980,CL0349,P040,Feb 13 2023,1,3232.28,livré,CASABLANCA,Carte,LIV7,2023-02-18
CMD40954,CL0957,P019,Apr 10 2023,1,3675.81,KO,kech,Carte,LIV3,
CMD47981,CL0045,P050,2023-11-05,2,3976.88,LIVRE,tanger,Carte,LIV3,2023-11-08
CMD22874,CL0086,P053,23/04/2024,3,237.95,livré,TNG,Carte,LIV8,2024-04-27
CMD47864,CL0232,P029,Sep 18 2023,1,3557.93,livre,CASABLANCA,Carte,LIV2,
CMD24162,CL0138,P051,May 18 2023,3,3259.01,LIVRE,RBA,Carte,LIV8,2023-05-22
CMD31175,CL0514,P088,2023-05-23,3,1437.8,annulé,TANGER,Carte,LIV4,
CMD36662,CL0845,P019,2023-03-23,4,3519.87,KO,Agadir,Carte,LIV3,
CMD33571,CL0688,P040,11/10/2023,2,2257.74,livré,Agadir,Carte,LIV4,2023-10-15
CMD23839,CL0525,P054,2024-01-02,3,4189.51,en_cours,marrakech,Carte,LIV4,
CMD04337,CL0920,P097,2024-04-02,2,2453.17,livré,casa,Carte,LIV10,2024-04-05
CMD36848,CL0991,P097,2024-05-03,3,2799.91,livré,CASABLANCA,Carte,LIV8,2024-05-05
CMD39620,CL0933,P020,Apr 27 2024,5,2167.23,en_cours,marrakech,Carte,LIV2,
CMD32017,CL0570,P013,09/04/2024,4,330.82,livré,TANGER,Carte,LIV9,2024-04-14
CMD00455,CL0393,P014,08/07/2023,2,468.36,livré,kech,Carte,LIV8,2023-07-12
CMD32633,CL0285,P040,May 05 2023,3,3893.08,livré,RBA,Carte,LIV6,2023-05-06
CMD15061,CL0955,P096,2024-03-18,2,2481.5,OK,kech,Carte,LIV3,
CMD17662,CL0739,P085,2023-01-31,2,4030.21,annulé,tanger,Carte,LIV5,
CMD39316,CL0827,P062,23/04/2023,2,3179.09,livré,TNG,Carte,LIV2,2023-04-24
CMD22680,CL0844,P093,09/10/2023,4,1508.79,KO,kech,Carte,LIV1,
CMD33849,CL0075,P072,Apr 17 2023,1,1722.2,LIVRE,Agadir,Carte,LIV7,2023-04-20
CMD31605,CL0574,P016,Jan 07 2023,2,3047.62,livré,marrakech,Carte,LIV3,2023-01-09
CMD29218,CL0525,P016,2023-04-08,5,4618.81,retourné,marrakech,Carte,LIV9,2023-04-09
CMD07593,CL0790,P097,21/06/2023,3,562.88,retourné,marrakech,Carte,LIV8,2023-06-24
CMD33941,CL0233,P068,2023-05-03,3,1667.87,KO,kech,Carte,LIV6,
CMD05874,CL0128,P093,05/11/2023,1,350.36,annulé,CASABLANCA,Carte,LIV5,
CMD33111,CL0335,P042,28/11/2023,1,2632.83,OK,Agadir,Carte,LIV7,
CMD10097,CL0624,P044,Apr 06 2023,3,981.56,annulé,Agadir,Carte,LIV1,
CMD31378,CL0097,P098,2024-02-22,5,562.05,livré,casa,Carte,LIV8,2024-02-27
CMD08523,CL0916,P008,Apr 21 2023,4,2487.54,LIVRE,CASABLANCA,Carte,LIV9,2023-04-25
CMD07581,CL0327,P042,27/05/2023,5,4668.35,annulé,RBA,Carte,LIV7,
CMD22705,CL0652,P013,29/01/2023,4,1010.41,livre,casa,Carte,LIV5,
CMD26505,CL0142,P082,10/05/2023,1,742.88,livré,RBA,Carte,LIV1,2023-05-12
CMD37643,CL0489,P092,13/07/2023,3,1791.55,livré,marrakech,Carte,LIV7,2023-07-17
CMD26819,CL0745,P099,Jul 22 2023,5,4795.59,OK,marrakech,Carte,LIV7,
CMD21564,CL0740,P016,2023-01-08,2,3231.38,livré,kech,Carte,LIV1,2023-01-12
CMD11259,CL0169,P008,02/08/2023,4,640.0,KO,tanger,Carte,LIV1,
CMD17056,CL0558,P097,Mar 08 2024,5,4414.52,retourné,TANGER,Carte,LIV9,2024-03-11
CMD34214,CL0088,P065,Feb 24 2024,3,1170.8,livré,casa,Carte,LIV2,2024-02-25
CMD45642,CL0182,P020,Oct 25 2023,3,257.42,livre,marrakech,Carte,LIV5,
CMD16794,CL0519,P075,2023-05-05,3,4514.35,KO,marrakech,Carte,LIV3,
CMD24444,CL0543,P008,01/02/2023,4,3929.38,livré,CASABLANCA,Carte,LIV9,2023-02-03
CMD24462,CL0983,P065,30/08/2023,3,584.16,KO,TANGER,Carte,LIV6,
CMD37529,CL0632,P073,2024-03-23,1,183.42,LIVRE,Agadir,Carte,,2024-03-25
CMD36856,CL0149,P045,Oct 17 2023,5,858.73,livre,Agadir,Carte,LIV8,
CMD46958,CL0747,P049,25/03/2024,5,3910.99,DONE,CASABLANCA,Carte,LIV1,2024-03-28
CMD32693,CL0989,P055,2023-09-06,5,794.59,retourné,CASABLANCA,Carte,LIV10,2023-09-11
CMD34961,CL0272,P012,12/01/2023,5,1958.24,livré,TNG,Carte,LIV10,2023-01-15
CMD25974,CL0117,P059,03/02/2024,3,2579.58,livré,Tnja,Carte,,2024-02-08
CMD01274,CL0595,P086,Jan 06 2023,2,1874.15,en_cours,RBA,Carte,,
CMD34387,CL0031,P099,31/05/2023,4,2258.62,livré,Tnja,Carte,LIV10,2023-06-02
CMD44107,CL0668,P082,06/09/2023,5,4784.33,DONE,tanger,Carte,LIV3,2023-09-07
CMD09775,CL0985,P044,29/04/2023,1,3377.71,en_cours,casa,Carte,LIV2,
CMD05816,CL0493,P032,16/03/2024,5,742.99,annulé,kech,Carte,LIV10,
CMD48299,CL0018,P044,2024-04-21,1,1796.73,LIVRE,RBA,Carte,LIV5,2024-04-26
CMD17936,CL0751,P020,Feb 06 2024,1,572.13,OK,TANGER,Carte,LIV5,
CMD31891,CL0058,P006,2023-12-09,3,1338.52,retourné,kech,Carte,LIV2,2023-12-11
CMD19914,CL0133,P030,2023-01-29,1,3560.63,livré,casa,Carte,LIV9,2023-01-31
CMD48226,CL0667,P067,12/11/2023,1,3713.09,OK,tanger,Carte,LIV1,
CMD34154,CL0940,P057,Apr 02 2023,4,2083.49,OK,Tnja,Carte,LIV4,
CMD36084,CL0459,P015,03/05/2024,3,2497.2,KO,casa,Carte,LIV9,
CMD44611,CL0594,P023,Sep 06 2023,1,2205.8,annulé,tanger,Carte,LIV5,
CMD09772,CL0546,P055,12/12/2023,2,2834.87,livré,marrakech,Carte,LIV8,2023-12-14
CMD16807,CL0273,P006,2024-03-15,4,3700.35,en_cours,kech,Carte,LIV5,
CMD04626,CL0904,P078,19/08/2023,1,1734.01,livre,Agadir,Carte,LIV10,
CMD47069,CL0864,P097,2024-04-15,3,3094.66,OK,kech,Carte,LIV6,
CMD20375,CL0530,P030,May 21 2023,4,4587.81,LIVRE,Agadir,Carte,LIV4,2023-05-23
CMD19731,CL0416,P026,03/09/2023,4,478.83,en_cours,tanger,Carte,LIV8,
CMD03328,CL0340,P043,2023-10-07,3,2225.87,DONE,RBA,Carte,LIV10,2023-10-11
CMD02256,CL0527,P089,2023-08-30,4,1063.92,LIVRE,casa,Carte,LIV3,2023-08-31
CMD10426,CL0457,P002,2023-08-25,2,167.61,DONE,marrakech,Carte,LIV10,2023-08-29
CMD12984,CL0244,P031,30/09/2023,4,4672.06,KO,casa,Carte,LIV3,
CMD20972,CL0656,P024,23/08/2023,2,779.41,en_cours,TANGER,Carte,LIV5,
CMD07863,CL0731,P001,2023-10-08,2,3827.7,livré,RBA,Carte,LIV6,2023-10-12
CMD39420,CL0636,P049,Aug 08 2023,5,4055.04,annulé,RBA,Carte,LIV6,
CMD39175,CL0002,P047,Nov 19 2023,2,527.94,livré,RBA,Carte,LIV2,2023-11-21
CMD43204,CL0487,P048,May 03 2024,2,4218.54,en_cours,tanger,Carte,LIV8,
CMD41588,CL0530,P032,2023-06-12,3,2279.91,OK,TANGER,Carte,LIV4,
CMD41772,CL0512,P046,Mar 15 2023,5,1330.83,livre,TNG,Carte,LIV6,
CMD38300,CL0988,P050,07/12/2023,4,3977.32,OK,casa,Carte,LIV2,
CMD24933,CL0128,P056,14/02/2023,1,600.86,livré,TANGER,Carte,LIV2,2023-02-19
CMD00755,CL0803,P054,May 17 2023,5,1809.28,annulé,kech,Carte,LIV1,
CMD40404,CL0199,P028,05/10/2023,2,2388.85,retourné,marrakech,Carte,LIV5,2023-10-09
CMD37108,CL0627,P020,2023-08-11,2,2945.0,LIVRE,Tnja,Carte,,2023-08-13
CMD36731,CL0224,P094,11/04/2024,1,146.6,livré,TNG,Carte,LIV7,2024-04-14
CMD31286,CL0606,P021,2023-04-04,1,2141.37,annulé,TNG,Carte,LIV6,
CMD21109,CL0284,P009,Nov 26 2023,5,1450.38,OK,tanger,Carte,LIV7,
CMD35163,CL0370,P038,Mar 12 2023,2,3669.92,retourné,RBA,Carte,LIV1,2023-03-15
CMD03910,CL0174,P066,Jun 11 2023,5,1833.62,OK,TNG,Carte,LIV8,
CMD18474,CL0922,P084,2024-03-19,5,1901.53,KO,Tnja,Carte,LIV2,
CMD15109,CL0475,P044,09/09/2023,2,4749.5,livre,RBA,Carte,LIV9,
CMD33976,CL0139,P075,2023-12-16,5,3244.79,retourné,casa,Carte,LIV3,2023-12-18
CMD23402,CL0506,P088,2023-12-12,5,2901.16,OK,Tnja,Carte,LIV1,
CMD32646,CL0523,P087,06/01/2024,4,1231.84,en_cours,casa,Carte,LIV6,
CMD32742,CL0753,P005,31/01/2024,2,1609.42,livré,CASABLANCA,Carte,LIV9,2024-02-03
CMD38992,CL0566,P099,2023-12-01,3,0,KO,Agadir,Carte,LIV10,
CMD20654,CL0695,P068,03/03/2024,3,692.87,OK,CASABLANCA,Carte,LIV9,
CMD28990,CL0188,P022,06/08/2023,4,4918.49,livré,TANGER,Carte,,2023-08-07
CMD30060,CL0594,P025,Nov 24 2023,4,2445.51,LIVRE,TNG,Carte,LIV8,2023-11-27
CMD40592,CL0548,P039,Nov 12 2023,2,3162.77,KO,TNG,Carte,LIV7,
CMD00188,CL0323,P042,05/02/2023,2,4521.18,livré,casa,Carte,LIV5,2023-02-07
CMD22512,CL0417,P007,31/10/2023,1,4576.67,livré,RBA,Carte,LIV2,2023-11-01
CMD19861,CL0845,P089,Feb 22 2024,5,2681.23,livré,Tnja,Carte,LIV8,2024-02-27
CMD04443,CL0573,P029,Dec 19 2023,5,503.21,retourné,RBA,Carte,LIV7,2023-12-22
CMD03045,CL0481,P034,Mar 12 2024,4,4110.9,livré,casa,Carte,LIV6,2024-03-14
CMD08593,CL0532,P026,2023-12-14,3,1368.71,livré,RBA,Carte,LIV9,2023-12-19
CMD02800,CL0221,P075,11/03/2024,5,1913.1,en_cours,TANGER,Carte,LIV10,
CMD05026,CL0224,P043,02/05/2023,1,1849.85,livre,casa,Carte,LIV8,
CMD44430,CL0131,P024,May 09 2024,4,878.49,retourné,kech,Carte,LIV7,2024-05-11
CMD38210,CL0443,P027,16/01/2023,2,2350.76,livré,Tnja,Carte,LIV5,2023-01-17
CMD05349,CL0879,P069,05/12/2023,5,539.28,retourné,tanger,Carte,LIV6,2023-12-07
CMD31072,CL0977,P027,24/12/2023,5,1029.29,KO,TNG,Carte,LIV3,
CMD12455,CL0990,P010,11/09/2023,4,3490.95,LIVRE,Tnja,Carte,LIV9,2023-09-16
CMD19662,CL0379,P073,Mar 14 2023,4,4607.08,livré,Agadir,Carte,LIV7,2023-03-18
CMD06777,CL0577,P002,Apr 29 2023,2,3182.42,KO,Tnja,Carte,LIV6,
CMD36692,CL0365,P055,Apr 12 2024,5,653.38,livré,CASABLANCA,Carte,LIV10,2024-04-13
CMD37023,CL0431,P082,Aug 19 2023,2,378.68,OK,TANGER,Carte,LIV2,
CMD11703,CL0085,P094,2023-10-12,3,3491.01,LIVRE,RBA,Carte,LIV10,2023-10-14
CMD40950,CL0774,P018,Dec 18 2023,5,3559.21,DONE,kech,Carte,,2023-12-21
CMD20411,CL0018,P069,2023-05-22,3,1955.73,livré,RBA,Carte,LIV6,2023-05-24
CMD26838,CL0171,P092,Sep 14 2023,2,1726.75,livré,kech,Carte,LIV3,2023-09-17
CMD23795,CL0930,P008,Jan 25 2024,-1,296.94,LIVRE,marrakech,Carte,LIV2,2024-01-30
CMD31817,CL0573,P070,24/11/2023,5,3837.93,livré,TANGER,Carte,,2023-11-26
CMD04643,CL0394,P066,04/01/2024,5,4985.68,KO,TANGER,Carte,LIV9,
CMD00656,CL0766,P044,2023-04-22,5,4990.11,livré,casa,Carte,LIV7,2023-04-27
CMD46501,CL0718,P013,09/06/2023,4,2955.74,livré,kech,Carte,LIV4,2023-06-11
CMD33641,CL0950,P067,03/01/2024,4,250.78,livré,tanger,Carte,LIV7,2024-01-06
CMD20539,CL0905,P052,04/06/2023,1,4611.85,retourné,Tnja,Carte,LIV7,2023-06-09
CMD44358,CL0955,P011,Oct 02 2023,2,2536.25,livre,marrakech,Carte,LIV4,
CMD08244,CL0775,P037,30/01/2024,5,728.25,livré,TNG,Carte,LIV3,2024-01-31
CMD15502,CL0009,P029,2023-01-29,2,4290.6,KO,Tnja,Carte,LIV5,
CMD44385,CL0674,P002,05/08/2023,5,3748.62,annulé,TANGER,Carte,LIV7,
CMD04974,CL0372,P034,Mar 10 2024,4,1914.64,retourné,TANGER,Carte,LIV10,2024-03-14
CMD22514,CL0917,P010,Jul 12 2023,2,2715.28,OK,RBA,Carte,LIV9,
CMD38024,CL0182,P052,Jun 15 2023,3,4356.71,annulé,casa,Carte,LIV7,
CMD01467,CL0348,P042,29/01/2023,4,1670.26,KO,kech,Carte,LIV9,
CMD07494,CL0242,P056,2023-05-27,4,4271.94,LIVRE,marrakech,Carte,LIV7,2023-05-29
CMD44760,CL0462,P076,Jan 26 2024,1,1267.23,livre,TANGER,Carte,LIV9,
CMD13978,CL0921,P071,2024-04-30,4,2532.93,livré,CASABLANCA,Carte,LIV1,2024-05-04
CMD20670,CL0875,P050,2023-11-01,3,667.94,livré,Agadir,Carte,,2023-11-02
CMD36705,CL0601,P039,Aug 02 2023,2,3381.01,DONE,RBA,Carte,,2023-08-03
CMD34656,CL0579,P093,09/01/2023,5,2842.68,livré,marrakech,Carte,LIV4,2023-01-11
CMD16799,CL0900,P092,04/05/2023,3,2873.99,LIVRE,casa,Carte,LIV3,2023-05-06
CMD31267,CL0188,P015,2023-01-04,4,1201.19,retourné,Agadir,Carte,LIV6,2023-01-09
CMD27543,CL0050,P067,2023-04-30,3,2108.77,livre,casa,Carte,LIV9,
CMD11680,CL0488,P024,25/01/2023,5,1894.16,retourné,Tnja,Carte,LIV5,2023-01-29
CMD21260,CL0565,P048,14/03/2024,2,1132.78,KO,kech,Carte,LIV9,
CMD33817,CL0340,P024,Mar 26 2024,2,3816.4,DONE,TANGER,Carte,LIV5,2024-03-29
CMD37656,CL0187,P062,Jun 22 2023,5,3749.03,en_cours,casa,Carte,LIV6,
CMD37186,CL0850,P018,11/09/2023,1,3367.03,KO,CASABLANCA,Carte,LIV2,
CMD35196,CL0102,P014,2023-01-19,5,1108.65,livré,marrakech,Carte,LIV8,2023-01-24
CMD08354,CL0777,P063,08/04/2023,5,4799.74,livré,TANGER,Carte,LIV3,2023-04-12
CMD02353,CL0576,P050,Jul 12 2023,1,3952.95,livré,Agadir,Carte,LIV3,2023-07-15
CMD39141,CL0467,P083,09/08/2023,1,3538.03,annulé,Tnja,Carte,LIV9,
CMD21074,CL0723,P022,2023-12-27,2,3099.78,en_cours,Tnja,Carte,,
CMD05517,CL0652,P079,08/01/2023,5,1030.42,OK,CASABLANCA,Carte,LIV3,
CMD29039,CL0354,P030,2024-02-17,3,1510.11,en_cours,RBA,Carte,LIV7,
CMD34971,CL0907,P011,09/04/2024,2,4276.77,OK,kech,Carte,LIV5,
CMD01877,CL0228,P053,20/12/2023,5,4961.34,livré,Agadir,Carte,LIV2,2023-12-21
CMD35439,CL0179,P025,09/12/2023,5,1056.88,livré,RBA,Carte,LIV10,2023-12-12
CMD48375,CL0156,P044,Jan 17 2023,1,2646.77,en_cours,TANGER,Carte,LIV3,
CMD07079,CL0855,P015,Apr 29 2023,1,4502.23,LIVRE,Tnja,Carte,LIV6,2023-04-30
CMD23117,CL0053,P029,03/10/2023,4,2592.34,retourné,TANGER,Carte,LIV7,2023-10-05
CMD15340,CL0642,P054,28/04/2024,2,549.02,DONE,CASABLANCA,Carte,LIV8,2024-04-30
CMD28387,CL0194,P028,04/05/2024,2,1164.01,annulé,TANGER,Carte,LIV8,
CMD13959,CL0901,P061,Sep 06 2023,4,777.52,livré,Agadir,Carte,LIV6,2023-09-10
CMD24184,CL0465,P029,07/01/2023,2,4194.41,KO,TANGER,Carte,LIV6,
CMD35942,CL0646,P062,Feb 26 2024,2,0,livre,CASABLANCA,Carte,LIV8,
CMD35207,CL0677,P017,Jan 24 2024,5,3511.17,annulé,tanger,Carte,LIV8,
CMD24185,CL0728,P029,20/07/2023,1,933.34,KO,CASABLANCA,Carte,LIV3,
CMD15302,CL0469,P072,11/07/2023,5,2710.97,LIVRE,Tnja,Carte,LIV3,2023-07-15
CMD21029,CL0481,P030,2023-01-29,5,105.72,livré,RBA,Carte,,2023-01-30
CMD36823,CL0938,P073,Dec 24 2023,2,1896.19,livre,RBA,Carte,LIV10,
CMD27931,CL0384,P086,Oct 03 2023,2,3013.68,livré,CASABLANCA,Carte,LIV4,2023-10-04
CMD32071,CL0187,P011,Jan 25 2023,2,958.63,livré,Tnja,Carte,LIV5,2023-01-26
CMD35088,CL0495,P041,24/01/2024,2,583.61,livré,marrakech,Carte,LIV10,2024-01-28
CMD27163,CL0788,P056,2023-06-04,5,1211.64,en_cours,tanger,Carte,LIV2,
CMD16721,CL0214,P010,2023-10-28,4,767.95,livré,marrakech,Carte,LIV8,2023-10-29
CMD06407,CL0001,P072,2024-01-30,2,3124.76,annulé,TNG,Carte,LIV7,
CMD43697,CL0615,P044,Jun 30 2023,4,1530.5,livré,CASABLANCA,Carte,LIV8,2023-07-04
CMD45229,CL0581,P048,2023-12-31,1,2875.57,retourné,RBA,Carte,LIV1,2024-01-04
CMD23318,CL0710,P067,2023-02-05,2,94.81,livré,casa,Carte,LIV8,2023-02-08
CMD21274,CL0742,P088,2023-04-24,2,3998.37,LIVRE,kech,Carte,LIV10,2023-04-28
CMD44182,CL0155,P040,30/03/2024,4,2138.61,en_cours,RBA,Carte,LIV4,
CMD40257,CL0976,P008,Mar 07 2023,5,4947.08,livre,tanger,Carte,LIV7,
CMD18819,CL0548,P019,Feb 20 2023,5,2274.57,DONE,marrakech,Carte,LIV5,2023-02-22
CMD03131,CL0365,P064,08/12/2023,4,4476.42,livré,kech,Carte,LIV3,2023-12-10
CMD39786,CL0908,P011,Jan 10 2023,1,404.93,annulé,TANGER,Carte,LIV6,
CMD48214,CL0012,P009,Mar 27 2023,3,4088.02,en_cours,Agadir,Carte,LIV1,
CMD03849,CL0473,P089,2023-08-04,4,4372.46,OK,casa,Carte,LIV6,
CMD43639,CL0323,P034,2023-07-08,3,0,livré,kech,Carte,LIV1,2023-07-09
CMD17715,CL0534,P078,01/05/2024,3,4501.62,retourné,CASABLANCA,Carte,LIV5,2024-05-06
CMD48121,CL0061,P053,May 01 2023,2,1242.88,livré,CASABLANCA,Carte,LIV6,2023-05-05
CMD35663,CL0862,P066,27/06/2023,1,403.49,livré,Agadir,Carte,LIV7,2023-06-28
CMD10209,CL0952,P077,Sep 20 2023,5,3770.14,DONE,Tnja,Carte,LIV3,2023-09-23
CMD24170,CL0959,P032,Aug 31 2023,4,4507.04,livré,tanger,Carte,LIV6,2023-09-02
CMD04728,CL0995,P032,03/03/2024,1,1198.04,retourné,casa,Carte,LIV7,2024-03-07
CMD15094,CL0658,P061,27/01/2023,5,3533.75,DONE,tanger,Carte,LIV2,2023-01-29
CMD19762,CL0480,P065,2024-04-23,3,2141.04,livré,marrakech,Carte,LIV3,2024-04-24
CMD25113,CL0428,P043,2023-06-27,4,1640.43,livré,TANGER,Carte,LIV3,2023-06-30
CMD29065,CL0559,P087,20/11/2023,5,370.79,livré,tanger,Carte,LIV1,2023-11-22
CMD16340,CL0922,P051,Feb 02 2023,4,3004.74,livré,tanger,Carte,LIV3,2023-02-04
CMD17779,CL0957,P039,02/03/2023,5,1156.26,DONE,casa,Carte,,2023-03-05
CMD19280,CL0631,P090,Jan 22 2024,5,4402.46,en_cours,casa,Carte,LIV9,
CMD29722,CL0180,P076,2024-05-06,2,3612.53,KO,Tnja,Carte,LIV8,
CMD32628,CL0384,P089,22/12/2023,1,1283.98,DONE,RBA,Carte,LIV4,2023-12-26
CMD37029,CL0929,P069,Jun 22 2023,3,522.7,livré,Agadir,Carte,LIV2,2023-06-24
CMD30402,CL0076,P092,Dec 09 2023,4,824.51,LIVRE,Tnja,Carte,LIV3,2023-12-11
CMD20296,CL0937,P094,Apr 05 2023,5,4992.27,en_cours,tanger,Carte,LIV3,
CMD20362,CL0334,P076,15/02/2024,5,2293.76,en_cours,tanger,Carte,LIV9,
CMD01972,CL0298,P049,Jul 20 2023,3,4647.5,retourné,Agadir,Carte,LIV9,2023-07-24
CMD34207,CL0006,P100,30/03/2024,2,2157.55,livré,RBA,Carte,LIV3,2024-04-03
CMD15071,CL0117,P014,2023-06-25,3,3064.79,retourné,CASABLANCA,Carte,LIV4,2023-06-26
CMD28086,CL0349,P076,Oct 06 2023,1,724.0,KO,marrakech,Carte,LIV1,
CMD35852,CL0122,P085,Jan 17 2024,5,2041.41,livré,tanger,Carte,LIV1,2024-01-22
CMD24398,CL0203,P074,28/02/2023,5,2815.37,livré,tanger,Carte,LIV2,2023-03-01
CMD32802,CL0329,P024,Feb 20 2024,5,4685.1,OK,kech,Carte,LIV9,
CMD08446,CL0859,P074,2023-12-28,3,3647.54,annulé,Tnja,Carte,LIV4,
CMD19944,CL0521,P021,22/06/2023,3,864.36,livré,RBA,Carte,LIV5,2023-06-25
CMD42550,CL0173,P067,Jan 22 2024,2,3741.42,OK,TANGER,Carte,LIV6,
CMD14405,CL0644,P017,18/03/2023,2,4734.15,KO,tanger,Carte,LIV10,
CMD11513,CL0529,P075,2023-05-15,5,2814.09,livre,RBA,Carte,LIV4,
CMD09427,CL0779,P051,28/03/2023,3,510.23,livré,CASABLANCA,Carte,LIV5,2023-03-29
CMD46450,CL0444,P090,19/04/2024,2,376.7,KO,CASABLANCA,Carte,LIV5,
CMD12705,CL0608,P023,05/11/2023,5,430.41,KO,casa,Carte,LIV6,
CMD20388,CL0452,P079,2023-01-14,1,1974.61,KO,Agadir,Carte,LIV8,
CMD40166,CL0757,P084,30/06/2023,1,3787.04,livré,CASABLANCA,Carte,LIV5,2023-07-04
CMD48044,CL0975,P013,25/11/2023,1,1802.97,livré,CASABLANCA,Carte,LIV1,2023-11-28
CMD37076,CL0276,P095,12/01/2023,2,788.94,retourné,kech,Carte,LIV7,2023-01-13
CMD09955,CL0877,P056,Oct 08 2023,4,2721.53,KO,kech,Carte,LIV3,
CMD00960,CL0931,P017,16/01/2023,5,907.32,retourné,CASABLANCA,Carte,,2023-01-18
CMD02195,CL0965,P034,Oct 30 2023,3,4070.97,retourné,kech,Carte,LIV6,2023-11-01
CMD45042,CL0081,P039,Sep 17 2023,1,4281.91,livré,casa,Carte,LIV9,2023-09-19
CMD40580,CL0560,P097,13/01/2024,4,2640.92,livré,marrakech,Carte,LIV7,2024-01-17
CMD38491,CL0866,P023,23/09/2023,1,4405.02,livré,RBA,Carte,LIV1,2023-09-24
CMD15118,CL0528,P084,03/11/2023,5,3283.18,DONE,RBA,Carte,LIV7,2023-11-08
CMD11402,CL0238,P051,23/03/2023,2,4507.98,livré,Agadir,Carte,LIV10,2023-03-24
CMD43112,CL0716,P075,2023-03-08,4,3182.6,LIVRE,tanger,Carte,LIV5,2023-03-10
CMD37412,CL0258,P093,2023-10-30,4,347.79,livre,Agadir,Carte,LIV1,
CMD29824,CL0800,P010,2023-06-29,3,1270.46,KO,kech,Carte,LIV1,
CMD30269,CL0529,P003,21/08/2023,1,1657.9,retourné,RBA,Carte,LIV8,2023-08-25
CMD03939,CL0825,P094,2023-04-21,4,3910.02,livre,Agadir,Carte,LIV5,
CMD29808,CL0547,P014,Jan 02 2023,1,4470.88,en_cours,TANGER,Carte,LIV4,
CMD17399,CL0922,P078,26/03/2023,4,2696.1,livre,Tnja,Carte,LIV6,
CMD16373,CL0133,P016,Jun 25 2023,2,550.48,DONE,casa,Carte,,2023-06-28
CMD45910,CL0584,P058,Jun 12 2023,3,1471.42,livre,RBA,Carte,LIV1,
CMD20180,CL0032,P090,24/09/2023,3,929.74,en_cours,Agadir,Carte,LIV4,
CMD24789,CL0962,P050,Feb 18 2023,3,397.58,livré,Agadir,Carte,LIV8,2023-02-20
CMD31347,CL0967,P088,22/04/2024,4,1002.34,livré,TANGER,Carte,LIV3,2024-04-25
CMD05960,CL0765,P062,Nov 01 2023,4,81.0,livré,kech,Carte,LIV5,2023-11-06
CMD41795,CL0633,P094,2024-05-07,5,3093.4,retourné,Tnja,Carte,LIV10,2024-05-11
CMD38029,CL0654,P005,2023-05-07,3,3966.47,livré,TANGER,Carte,LIV5,2023-05-08
CMD47949,CL0538,P074,2023-01-31,3,1096.11,DONE,TNG,Carte,LIV10,2023-02-04
CMD34278,CL0338,P070,Jan 04 2024,4,301.74,livre,kech,Carte,LIV1,
CMD47282,CL0248,P035,04/08/2023,4,1327.24,en_cours,TNG,Carte,LIV4,
CMD42443,CL0939,P012,29/12/2023,4,4479.01,KO,tanger,Carte,LIV5,
CMD47004,CL0402,P030,May 24 2023,5,3248.66,KO,tanger,Carte,LIV4,
CMD14767,CL0948,P076,May 13 2024,4,2789.52,OK,TANGER,Carte,LIV2,
CMD32765,CL0370,P004,Mar 04 2024,5,1129.34,en_cours,TANGER,Carte,LIV10,
CMD00224,CL0319,P006,2023-01-09,2,0,retourné,tanger,Carte,,2023-01-12
CMD29843,CL0959,P089,Jul 22 2023,5,848.38,livré,casa,Carte,LIV6,2023-07-27
CMD27061,CL0734,P047,Sep 26 2023,4,3235.96,OK,TNG,Carte,LIV2,
CMD19748,CL0346,P081,2023-05-05,2,1893.9,livré,Tnja,Carte,LIV3,2023-05-07
CMD39699,CL0278,P098,Apr 06 2023,-1,1090.92,KO,Tnja,Carte,LIV5,
CMD27824,CL0019,P089,2023-09-16,1,2300.18,en_cours,casa,Carte,LIV2,
CMD19494,CL0227,P011,13/12/2023,4,1428.25,livré,TANGER,Carte,LIV10,2023-12-17
CMD34747,CL0215,P085,10/01/2023,3,4163.18,LIVRE,tanger,Carte,LIV4,2023-01-14
CMD07419,CL0385,P077,2023-07-24,3,2788.21,retourné,Agadir,Carte,LIV4,2023-07-29
CMD39320,CL0092,P007,Apr 30 2023,3,1578.95,en_cours,TNG,Carte,LIV1,
CMD27301,CL0005,P098,Jun 27 2023,1,2420.62,OK,marrakech,Carte,LIV7,
CMD15992,CL0135,P079,23/08/2023,3,2658.04,LIVRE,kech,Carte,LIV6,2023-08-28
CMD41542,CL0062,P047,30/04/2023,2,60.58,livre,TANGER,Carte,LIV3,
CMD20318,CL0274,P051,2023-02-01,4,1221.72,en_cours,kech,Carte,LIV4,
CMD46662,CL0903,P029,19/01/2023,5,4058.93,livré,TNG,Carte,LIV9,2023-01-23
CMD23982,CL0049,P075,2024-01-25,2,3234.81,annulé,Tnja,Carte,LIV4,
CMD13617,CL0295,P003,22/08/2023,4,3501.31,OK,kech,Carte,LIV9,
CMD28108,CL0291,P008,2023-04-12,4,404.24,DONE,casa,Carte,LIV10,2023-04-15
CMD34725,CL0252,P053,Mar 20 2024,1,419.19,livré,kech,Carte,LIV8,2024-03-21
CMD39398,CL0733,P066,2024-04-05,3,1554.18,en_cours,marrakech,Carte,LIV9,
CMD07655,CL0351,P040,May 07 2024,3,2426.23,en_cours,Agadir,Carte,LIV1,
CMD43987,CL0237,P034,Dec 15 2023,2,4740.71,retourné,Agadir,Carte,LIV8,2023-12-17
CMD15326,CL0039,P082,23/03/2024,2,4378.49,LIVRE,casa,Carte,LIV3,2024-03-27
CMD19656,CL0528,P089,Oct 14 2023,5,3322.59,KO,TANGER,Carte,LIV9,
CMD48131,CL0960,P018,Apr 23 2024,1,194.24,en_cours,TNG,Carte,LIV3,
CMD31680,CL0846,P004,Nov 07 2023,2,3304.81,annulé,Agadir,Carte,LIV1,
CMD22087,CL0598,P054,Feb 25 2024,1,980.59,en_cours,RBA,Carte,LIV1,
CMD30292,CL0085,P061,Jun 09 2023,1,2597.05,KO,kech,Carte,LIV1,
CMD30612,CL0738,P052,Dec 05 2023,3,646.56,en_cours,CASABLANCA,Carte,,
CMD05141,CL0327,P001,2023-02-22,4,2506.64,livre,Tnja,Carte,LIV8,
CMD31568,CL0788,P029,15/07/2023,4,1381.74,LIVRE,tanger,Carte,LIV6,2023-07-20
CMD44516,CL0884,P068,25/10/2023,1,594.15,annulé,Agadir,Carte,LIV3,
CMD44600,CL0171,P082,24/06/2023,5,1542.13,DONE,tanger,Carte,LIV3,2023-06-29
CMD31395,CL0699,P073,May 13 2023,3,1640.12,OK,RBA,Carte,LIV9,
CMD05948,CL0449,P047,2023-05-19,4,391.98,livre,Agadir,Carte,LIV10,
CMD07750,CL0340,P032,Dec 16 2023,1,212.68,retourné,CASABLANCA,Carte,LIV1,2023-12-18
CMD34488,CL0472,P096,Mar 28 2023,1,98.28,annulé,marrakech,Carte,,
CMD35878,CL0532,P013,2024-02-06,5,2558.07,annulé,TNG,Carte,LIV5,
CMD04247,CL0656,P020,2023-06-02,2,2559.51,LIVRE,TANGER,Carte,,2023-06-03
CMD22523,CL0823,P085,2024-04-30,1,4048.1,annulé,marrakech,Carte,LIV10,
CMD40780,CL0653,P098,14/10/2023,3,4415.08,livré,TNG,Carte,LIV9,2023-10-15
CMD48033,CL0598,P020,2023-09-11,5,3855.18,OK,Tnja,Carte,LIV1,
CMD39221,CL0971,P015,Apr 27 2023,1,4697.31,OK,CASABLANCA,Carte,LIV10,
CMD14980,CL0780,P064,Jul 23 2023,3,1315.9,livre,TANGER,Carte,,
CMD13994,CL0152,P033,2023-09-25,2,4894.38,livré,kech,Carte,LIV6,2023-09-27
CMD46887,CL0111,P070,Nov 01 2023,1,2354.5,OK,RBA,Carte,LIV4,
CMD42801,CL0168,P082,2023-03-30,1,1010.54,livré,CASABLANCA,Carte,LIV8,2023-04-01
CMD46378,CL0032,P062,16/03/2024,3,2824.82,DONE,RBA,Carte,LIV4,2024-03-17
CMD41793,CL0976,P088,20/11/2023,-1,3395.89,en_cours,TNG,Carte,LIV1,
CMD11901,CL0684,P006,2024-03-06,1,3783.66,annulé,kech,Carte,LIV1,
CMD04535,CL0327,P011,Apr 06 2023,3,4681.63,DONE,RBA,Carte,LIV9,2023-04-10
CMD10113,CL0503,P093,2023-12-25,5,3282.28,livré,CASABLANCA,Carte,LIV5,2023-12-30
CMD30563,CL0242,P093,Mar 26 2024,3,4660.07,livré,TANGER,Carte,LIV10,2024-03-27
CMD44455,CL0541,P065,Jun 15 2023,5,3152.82,retourné,TANGER,Carte,LIV3,2023-06-16
CMD28566,CL0889,P017,09/09/2023,1,84.6,en_cours,casa,Carte,LIV10,
CMD07774,CL0483,P040,Jun 04 2023,1,2660.76,OK,marrakech,Carte,LIV10,
CMD19693,CL0410,P077,Sep 01 2023,1,2553.19,livre,marrakech,Carte,LIV5,
CMD13979,CL0359,P033,Feb 15 2023,1,4252.29,retourné,RBA,Carte,LIV1,2023-02-16
CMD34134,CL0188,P100,2023-07-16,5,459.11,retourné,Tnja,Carte,LIV1,2023-07-18
CMD19412,CL0870,P037,2023-04-20,1,408.49,OK,TNG,Carte,LIV7,
CMD09254,CL0582,P091,26/08/2023,2,3534.21,KO,Tnja,Carte,LIV6,
CMD32371,CL0772,P077,Dec 25 2023,1,4156.09,livre,TANGER,Carte,LIV3,
CMD17271,CL0611,P029,Apr 23 2024,5,450.97,livré,marrakech,Carte,LIV6,2024-04-27
CMD32715,CL0701,P056,25/04/2023,2,1366.92,livré,Tnja,Carte,LIV6,2023-04-28
CMD04574,CL0170,P013,18/12/2023,3,3091.13,annulé,TANGER,Carte,LIV5,
CMD02603,CL0735,P026,Sep 05 2023,5,3279.43,LIVRE,marrakech,Carte,LIV8,2023-09-08
CMD26196,CL0371,P025,19/08/2023,3,2340.66,annulé,tanger,Carte,LIV5,
CMD38111,CL0082,P075,Jul 06 2023,4,3462.01,en_cours,Agadir,Carte,LIV10,
CMD26822,CL0899,P037,Nov 02 2023,4,1554.63,en_cours,casa,Carte,LIV9,
CMD27344,CL0794,P069,2023-03-18,3,3205.54,en_cours,tanger,Carte,LIV10,
CMD44630,CL0312,P051,2024-03-16,2,2759.91,LIVRE,tanger,Carte,LIV4,2024-03-17
CMD28037,CL0963,P002,09/06/2023,1,1872.89,en_cours,marrakech,Carte,LIV6,
CMD45235,CL0538,P061,2023-06-05,1,522.71,livré,CASABLANCA,Carte,LIV8,2023-06-07
CMD07062,CL0619,P013,06/06/2023,1,1317.89,retourné,marrakech,Carte,LIV2,2023-06-08
CMD24168,CL0890,P021,Oct 24 2023,5,4589.58,en_cours,TANGER,Carte,LIV2,
CMD29666,CL0423,P094,06/03/2023,5,3710.43,retourné,kech,Carte,LIV6,2023-03-08
CMD18279,CL0537,P083,24/05/2023,3,4026.27,livré,TNG,Carte,LIV1,2023-05-26
CMD36756,CL0914,P061,May 13 2023,3,4744.0,OK,TNG,Carte,LIV3,
CMD08722,CL0134,P069,22/06/2023,1,2540.25,annulé,marrakech,Carte,LIV3,
CMD29509,CL0296,P019,Apr 01 2023,3,370.93,annulé,marrakech,Carte,,
CMD45378,CL0112,P038,07/02/2024,2,2068.72,annulé,TNG,Carte,LIV10,
CMD13715,CL0763,P051,25/08/2023,4,4954.03,retourné,tanger,Carte,LIV8,2023-08-27
CMD17918,CL0682,P092,27/04/2023,4,1374.04,annulé,Agadir,Carte,LIV10,
CMD47381,CL0017,P056,Sep 25 2023,3,3844.82,retourné,RBA,Carte,LIV8,2023-09-26
CMD31723,CL0742,P035,Apr 20 2023,3,3538.54,DONE,tanger,Carte,LIV5,2023-04-24
CMD22793,CL0605,P014,Apr 13 2024,1,2005.69,LIVRE,casa,Carte,LIV3,2024-04-17
CMD31580,CL0746,P021,2023-11-25,5,1005.35,LIVRE,TNG,Carte,LIV8,2023-11-30
CMD00822,CL0669,P058,11/07/2023,3,1402.81,annulé,TANGER,Carte,LIV5,
CMD08083,CL0605,P085,2023-12-14,2,4898.75,KO,CASABLANCA,Carte,LIV10,
CMD42231,CL0656,P002,2023-07-16,3,4914.73,annulé,TANGER,Carte,LIV6,
CMD03965,CL0201,P076,14/10/2023,2,2648.32,KO,tanger,Carte,LIV5,
CMD22032,CL0364,P022,Oct 27 2023,3,1601.14,retourné,casa,Carte,LIV1,2023-10-31
CMD14186,CL0782,P044,Nov 18 2023,5,600.73,DONE,tanger,Carte,LIV5,2023-11-23
CMD17211,CL0540,P090,29/04/2023,3,393.66,OK,Tnja,Carte,LIV7,
CMD15937,CL0021,P079,Jan 01 2024,1,2495.58,en_cours,CASABLANCA,Carte,LIV7,
CMD04267,CL0552,P069,Mar 30 2024,1,3793.89,livré,tanger,Carte,LIV2,2024-04-02
CMD45165,CL0865,P032,10/09/2023,3,2080.98,livré,CASABLANCA,Carte,LIV8,2023-09-15
CMD42792,CL0464,P033,Feb 26 2023,2,1319.32,en_cours,Agadir,Carte,LIV9,
CMD01133,CL0364,P006,19/03/2023,3,3745.96,livré,TNG,Carte,LIV7,2023-03-23
CMD03330,CL0261,P031,06/08/2023,2,1044.32,livré,tanger,Carte,LIV5,2023-08-07
CMD30492,CL0771,P050,05/09/2023,3,1404.93,OK,casa,Carte,LIV5,
CMD05124,CL0465,P002,27/07/2023,2,836.47,livré,Tnja,Carte,LIV9,2023-08-01
CMD15217,CL0493,P074,2023-05-04,4,4558.92,LIVRE,kech,Carte,,2023-05-07
CMD05605,CL0393,P088,14/06/2023,1,3568.17,livre,RBA,Carte,LIV10,
CMD46221,CL0948,P007,2024-02-16,5,0,livré,TNG,Carte,LIV10,2024-02-21
CMD41886,CL0133,P009,2023-04-28,1,777.67,LIVRE,Agadir,Carte,LIV9,2023-05-01
CMD03019,CL0831,P018,2023-04-12,5,0,en_cours,RBA,Carte,LIV4,
CMD25828,CL0417,P073,06/01/2023,4,770.45,livré,marrakech,Carte,LIV8,2023-01-07
CMD45058,CL0350,P063,May 03 2023,1,2294.81,OK,Agadir,Carte,LIV10,
CMD39513,CL0118,P077,07/11/2023,3,1715.86,LIVRE,TNG,Carte,LIV9,2023-11-09
CMD14101,CL0223,P052,2023-05-11,3,2849.05,en_cours,kech,Carte,LIV7,
CMD07700,CL0724,P084,2023-10-28,4,4810.91,en_cours,Tnja,Carte,LIV3,
CMD20810,CL0574,P059,23/03/2023,3,303.44,retourné,Agadir,Carte,LIV9,2023-03-25
CMD16239,CL0384,P065,07/03/2024,3,1138.79,retourné,Tnja,Carte,LIV2,2024-03-12
CMD13090,CL0393,P030,2023-05-17,5,799.35,annulé,RBA,Carte,LIV7,
CMD11316,CL0415,P062,2023-05-21,5,3200.72,LIVRE,casa,Carte,LIV4,2023-05-22
CMD29187,CL0764,P069,16/01/2024,5,1564.77,retourné,TNG,Carte,LIV7,2024-01-19
CMD21748,CL0198,P097,2023-04-20,4,3516.86,DONE,RBA,Carte,LIV1,2023-04-22
CMD19583,CL0921,P037,01/03/2024,1,2583.84,OK,kech,Carte,LIV1,
CMD19503,CL0375,P037,2023-10-27,2,1420.48,livre,TANGER,Carte,LIV3,
CMD45901,CL0089,P095,Jun 16 2023,1,2619.92,KO,TANGER,Carte,LIV10,
CMD38619,CL0146,P082,14/03/2023,3,3064.74,livré,tanger,Carte,LIV8,2023-03-19
CMD35643,CL0113,P017,13/02/2024,5,1105.41,livré,kech,Carte,LIV2,2024-02-15
CMD19632,CL0482,P093,Dec 20 2023,2,1372.51,KO,TNG,Carte,LIV2,
CMD12632,CL0186,P075,18/07/2023,1,3889.16,LIVRE,Agadir,Carte,LIV6,2023-07-22
CMD00791,CL0400,P011,24/01/2023,2,3445.72,LIVRE,Agadir,Carte,LIV9,2023-01-26
CMD04856,CL0001,P026,09/11/2023,3,3299.3,retourné,Tnja,Carte,LIV8,2023-11-11
CMD23931,CL0487,P076,2023-06-08,2,2188.66,livré,kech,Carte,LIV3,2023-06-10
CMD16944,CL0796,P042,2024-04-28,2,4839.04,en_cours,tanger,Carte,LIV7,
CMD03282,CL0308,P077,Jan 25 2023,4,1556.36,LIVRE,CASABLANCA,Carte,LIV10,2023-01-29
CMD46190,CL0987,P084,2023-04-24,4,1764.91,DONE,casa,Carte,LIV3,2023-04-29
CMD06691,CL0154,P080,Apr 18 2023,3,1006.53,annulé,CASABLANCA,Carte,,
CMD44169,CL0725,P064,Dec 22 2023,5,74.61,DONE,CASABLANCA,Carte,LIV2,2023-12-25
CMD22648,CL0851,P071,2023-12-30,1,4263.84,LIVRE,Tnja,Carte,,2024-01-03
CMD07128,CL0965,P054,2023-02-05,5,1215.7,livré,TNG,Carte,LIV1,2023-02-09
CMD02344,CL0153,P058,2023-03-25,4,3667.56,DONE,CASABLANCA,Carte,LIV1,2023-03-29
CMD26670,CL0705,P082,Feb 17 2024,1,1161.9,livré,RBA,Carte,LIV10,2024-02-20
CMD22348,CL0271,P018,03/02/2024,3,3467.38,livré,casa,Carte,LIV6,2024-02-06
CMD48351,CL0692,P083,Feb 07 2024,2,4114.51,DONE,casa,Carte,LIV3,2024-02-12
CMD22891,CL0088,P032,Jan 29 2023,3,3525.3,livre,RBA,Carte,LIV10,
CMD04757,CL0932,P065,12/08/2023,2,4997.44,livré,TANGER,Carte,LIV8,2023-08-15
CMD29067,CL0089,P032,05/06/2023,4,2414.67,en_cours,TANGER,Carte,LIV1,
CMD09032,CL0065,P037,May 08 2024,1,265.72,annulé,TNG,Carte,LIV4,
CMD08755,CL0348,P065,2023-09-21,2,3216.6,livré,casa,Carte,LIV6,2023-09-23
CMD13920,CL0752,P015,06/06/2023,2,579.69,KO,TANGER,Carte,LIV8,
CMD17967,CL0562,P018,2023-03-31,3,634.33,LIVRE,TANGER,Carte,LIV5,2023-04-05
CMD38313,CL0034,P062,26/10/2023,3,3055.35,annulé,casa,Carte,LIV5,
CMD11642,CL0526,P035,2023-08-24,3,261.66,livre,tanger,Carte,LIV9,
CMD14676,CL0391,P070,2024-04-26,5,4939.28,retourné,CASABLANCA,Carte,LIV1,2024-04-30
CMD36382,CL0128,P090,Mar 22 2023,2,4562.69,OK,casa,Carte,LIV10,
CMD37558,CL0864,P063,2023-01-16,3,4602.94,annulé,marrakech,Carte,LIV7,
CMD32769,CL0119,P063,Nov 01 2023,2,1888.48,livré,Tnja,Carte,LIV6,2023-11-06
CMD37977,CL0250,P041,Mar 24 2023,1,2322.86,DONE,kech,Carte,LIV5,2023-03-27
CMD26652,CL0847,P024,2023-01-15,4,190.15,en_cours,RBA,Carte,LIV3,
CMD47923,CL0089,P010,Jan 11 2024,4,1732.57,retourné,casa,Carte,LIV8,2024-01-14
CMD23048,CL0193,P080,04/01/2023,3,433.34,LIVRE,CASABLANCA,Carte,LIV7,2023-01-08
CMD02370,CL0982,P046,Jun 07 2023,4,3149.28,livre,Agadir,Carte,LIV1,
CMD42182,CL0763,P008,29/10/2023,2,736.5,livré,RBA,Carte,LIV1,2023-11-02
CMD28993,CL0078,P037,18/08/2023,5,3297.86,retourné,kech,Carte,LIV1,2023-08-22
CMD06653,CL0175,P042,2024-01-23,3,137.75,KO,kech,Carte,LIV1,
CMD34258,CL0358,P054,04/12/2023,3,2107.98,retourné,kech,Carte,LIV6,2023-12-08
CMD39376,CL0172,P042,Sep 04 2023,5,1538.59,annulé,TANGER,Carte,LIV9,
CMD25573,CL0151,P094,2023-10-25,5,271.91,livre,TANGER,Carte,LIV1,
CMD35241,CL0836,P040,03/01/2023,5,632.61,OK,kech,Carte,LIV1,
CMD23907,CL0146,P054,24/01/2023,3,2772.98,retourné,TNG,Carte,LIV5,2023-01-27
CMD29165,CL0281,P049,Aug 09 2023,4,3467.87,DONE,Agadir,Carte,LIV6,2023-08-13
CMD30461,CL0659,P028,2024-04-25,3,2452.89,livré,marrakech,Carte,LIV2,2024-04-27
CMD44079,CL0617,P012,May 02 2024,3,988.28,livré,tanger,Carte,LIV3,2024-05-06
CMD01001,CL0296,P057,09/04/2023,1,0,KO,kech,Carte,LIV10,
CMD17294,CL0423,P050,Mar 10 2024,5,2123.91,annulé,Tnja,Carte,LIV6,
CMD08445,CL0152,P005,2023-01-08,1,139.58,OK,CASABLANCA,Carte,LIV10,
CMD43067,CL0249,P083,06/11/2023,4,3372.34,KO,marrakech,Carte,LIV8,
CMD43374,CL0329,P001,05/07/2023,3,2409.98,annulé,marrakech,Carte,LIV1,
CMD47881,CL0077,P033,12/01/2023,1,818.88,LIVRE,TNG,Carte,LIV3,2023-01-16
CMD03232,CL0497,P014,Oct 28 2023,1,578.28,livré,kech,Carte,LIV1,2023-10-30
CMD24975,CL0685,P033,May 10 2024,5,3341.71,livré,kech,Carte,LIV5,2024-05-15
CMD37489,CL0537,P052,2023-09-12,2,4234.43,livré,casa,Carte,LIV5,2023-09-15
CMD43263,CL0918,P080,Jul 31 2023,1,2667.39,livré,marrakech,Carte,LIV10,2023-08-05
CMD33246,CL0180,P050,Feb 12 2024,3,454.58,retourné,TNG,Carte,LIV3,2024-02-15
CMD23267,CL0337,P012,Aug 05 2023,5,3627.32,retourné,TANGER,Carte,LIV8,2023-08-10
CMD12589,CL0993,P015,Nov 14 2023,4,4719.85,en_cours,TNG,Carte,LIV9,
CMD23773,CL0372,P082,2023-02-22,1,3741.96,DONE,marrakech,Carte,LIV10,2023-02-23
CMD48488,CL0524,P050,2023-05-08,2,4543.76,DONE,kech,Carte,LIV1,2023-05-13
CMD31434,CL0738,P031,2024-02-28,5,4505.33,DONE,TNG,Carte,LIV2,2024-03-04
CMD13619,CL0972,P048,18/01/2024,1,4137.22,DONE,CASABLANCA,Carte,LIV7,2024-01-21
CMD28125,CL0784,P016,15/03/2024,1,1737.57,annulé,marrakech,Carte,LIV2,
CMD34721,CL0605,P007,2024-04-28,5,1188.37,OK,TNG,Carte,LIV9,
CMD44201,CL0373,P087,Jun 02 2023,1,1682.24,livré,RBA,Carte,LIV1,2023-06-03
CMD15618,CL0623,P062,16/02/2023,1,4890.65,KO,tanger,Carte,LIV7,
CMD09062,CL0150,P005,2023-03-28,2,3816.06,livré,marrakech,Carte,LIV8,2023-03-30
CMD36218,CL0037,P026,Oct 28 2023,5,3961.92,livre,CASABLANCA,Carte,LIV9,
CMD26101,CL0178,P056,Mar 09 2024,1,4268.9,DONE,marrakech,Carte,LIV1,2024-03-13
CMD12603,CL0871,P020,2023-05-22,2,2790.67,retourné,marrakech,Carte,LIV7,2023-05-23
CMD31727,CL0226,P005,2023-09-10,3,3510.25,KO,tanger,Carte,LIV8,
CMD26977,CL0450,P095,08/02/2024,5,1472.07,livre,casa,Carte,LIV1,
CMD29047,CL0768,P063,2023-12-06,4,3735.12,annulé,tanger,Carte,LIV1,
CMD25906,CL0030,P041,2023-01-01,5,992.98,livré,RBA,Carte,,2023-01-02
CMD40380,CL0190,P095,05/12/2023,3,3627.01,DONE,TANGER,Carte,,2023-12-06
CMD05581,CL0697,P016,2023-03-21,3,2011.24,retourné,casa,Carte,LIV7,2023-03-24
CMD01152,CL0124,P098,11/07/2023,5,3690.62,OK,Agadir,Carte,LIV2,
CMD35443,CL0767,P019,Feb 16 2023,5,3497.33,livré,TNG,Carte,LIV5,2023-02-19
CMD23548,CL0017,P088,Feb 20 2024,3,3038.59,retourné,TNG,Carte,LIV3,2024-02-25
CMD40624,CL0061,P005,May 14 2023,5,3739.96,DONE,TANGER,Carte,LIV6,2023-05-19
CMD02944,CL0201,P073,21/01/2024,3,1863.88,livre,TNG,Carte,LIV5,
CMD43213,CL0227,P031,May 23 2023,2,2257.3,en_cours,TANGER,Carte,LIV3,
CMD38830,CL0491,P089,Jan 16 2024,5,4633.48,KO,TNG,Carte,LIV5,
CMD40569,CL0240,P088,Nov 10 2023,2,3045.71,retourné,marrakech,Carte,,2023-11-12
CMD25398,CL0547,P040,2023-12-27,3,3261.9,livre,kech,Carte,LIV5,
CMD09276,CL0463,P007,13/12/2023,1,3080.3,retourné,TANGER,Carte,LIV5,2023-12-16
CMD14590,CL0920,P028,2023-08-26,5,4234.37,livre,marrakech,Carte,LIV2,
CMD40958,CL0573,P038,2023-09-18,1,2496.52,LIVRE,marrakech,Carte,LIV10,2023-09-19
CMD46037,CL0968,P020,2023-03-03,5,559.95,livré,kech,Carte,LIV6,2023-03-04
CMD20282,CL0481,P079,02/05/2024,2,2887.33,retourné,casa,Carte,LIV1,2024-05-05
CMD16200,CL0430,P014,Dec 04 2023,5,1829.58,livre,CASABLANCA,Carte,LIV1,
CMD43487,CL0051,P030,May 12 2023,4,640.45,DONE,RBA,Carte,LIV2,2023-05-14
CMD21196,CL0806,P029,May 02 2024,1,3877.87,retourné,RBA,Carte,,2024-05-05
CMD20061,CL0321,P049,06/05/2024,5,445.33,retourné,tanger,Carte,,2024-05-08
CMD03964,CL0177,P080,01/02/2023,5,4444.21,livré,RBA,Carte,LIV6,2023-02-02
CMD01271,CL0716,P063,2024-04-11,2,1984.1,en_cours,RBA,Carte,LIV9,
CMD25019,CL0067,P067,15/09/2023,3,81.28,DONE,TANGER,Carte,LIV9,2023-09-17
CMD47611,CL0088,P034,Nov 15 2023,3,2958.55,en_cours,TANGER,Carte,LIV9,
CMD27023,CL0849,P081,19/01/2023,1,2872.86,KO,CASABLANCA,Carte,LIV7,
CMD19358,CL0527,P015,04/07/2023,1,1617.56,DONE,kech,Carte,LIV7,2023-07-05
CMD24385,CL0939,P084,23/04/2023,4,1356.92,livré,marrakech,Carte,LIV3,2023-04-24
CMD26179,CL0326,P023,04/10/2023,1,4480.86,livre,CASABLANCA,Carte,LIV2,
CMD04324,CL0361,P050,Feb 07 2024,3,558.47,livré,CASABLANCA,Carte,,2024-02-12
CMD06458,CL0217,P057,2023-12-13,2,4629.42,KO,Tnja,Carte,LIV9,
CMD13621,CL0981,P070,16/02/2024,4,4338.2,annulé,TNG,Carte,LIV6,
CMD11399,CL0908,P038,12/03/2023,1,2211.65,en_cours,TANGER,Carte,LIV8,
CMD33694,CL0834,P049,25/12/2023,-1,2226.51,livre,casa,Carte,LIV1,
CMD10882,CL0800,P012,2023-04-07,1,2524.44,retourné,kech,Carte,,2023-04-12
CMD22773,CL0050,P076,Mar 27 2024,2,3651.14,OK,casa,Carte,LIV8,
CMD11391,CL0204,P070,02/02/2023,1,0,DONE,casa,Carte,LIV9,2023-02-03
CMD29860,CL0879,P055,2023-06-26,1,968.73,annulé,Tnja,Carte,LIV4,
CMD07894,CL0263,P064,2023-06-24,1,4730.93,LIVRE,Agadir,Carte,LIV5,2023-06-26
CMD45359,CL0749,P056,Jun 19 2023,4,4117.65,livré,RBA,Carte,LIV7,2023-06-24
CMD07544,CL0333,P094,14/05/2023,1,4269.54,KO,TNG,Carte,LIV6,
CMD16671,CL0084,P027,2023-07-29,4,3667.29,retourné,kech,Carte,LIV9,2023-08-03
CMD25280,CL0302,P013,2023-04-14,3,1116.07,livré,TANGER,Carte,LIV8,2023-04-19
CMD42705,CL0787,P084,22/10/2023,2,700.71,DONE,RBA,Carte,LIV4,2023-10-27
CMD37252,CL0662,P005,Feb 18 2023,2,735.51,livré,TANGER,Carte,LIV3,2023-02-22
CMD40982,CL0081,P056,06/01/2023,3,4400.01,livré,marrakech,Carte,LIV4,2023-01-08
CMD16197,CL0760,P062,2024-03-24,1,151.93,livré,casa,Carte,LIV1,2024-03-26
CMD08638,CL0827,P069,Jan 03 2024,1,778.67,OK,TANGER,Carte,LIV3,
CMD16933,CL0531,P039,Apr 20 2024,3,0,livré,tanger,Carte,LIV3,2024-04-24
CMD24126,CL0531,P057,2024-01-31,4,4247.01,livré,TNG,Carte,LIV5,2024-02-02
CMD13006,CL0470,P097,13/11/2023,3,104.46,en_cours,Agadir,Carte,LIV6,
CMD25944,CL0079,P053,17/08/2023,3,4666.7,OK,RBA,Carte,LIV8,
CMD03995,CL0200,P004,2023-06-06,1,2049.05,retourné,tanger,Carte,LIV2,2023-06-08
CMD39773,CL0749,P004,2024-05-14,-1,2230.95,annulé,casa,Carte,LIV8,
CMD03869,CL0953,P046,31/03/2024,1,2078.01,livré,marrakech,Carte,LIV1,2024-04-03
CMD14673,CL0546,P081,12/01/2023,2,1543.2,LIVRE,RBA,Carte,LIV1,2023-01-13
CMD03804,CL0475,P046,2023-01-27,3,3093.15,livré,casa,Carte,LIV1,2023-01-30
CMD07386,CL0283,P020,2024-01-26,3,3238.57,en_cours,tanger,Carte,LIV5,
CMD36917,CL0573,P099,2023-07-29,5,2204.24,livré,casa,Carte,LIV3,2023-08-01
CMD00322,CL0373,P068,Nov 17 2023,4,483.26,DONE,Tnja,Carte,LIV3,2023-11-20
CMD23650,CL0833,P038,2023-08-31,5,4228.83,livré,TNG,Carte,LIV1,2023-09-04
CMD07884,CL0733,P089,2024-04-26,3,57.18,en_cours,kech,Carte,LIV8,
CMD25868,CL0501,P030,May 08 2023,2,2221.58,LIVRE,TANGER,Carte,LIV4,2023-05-09
CMD05679,CL0429,P060,2024-04-24,4,328.19,KO,TANGER,Carte,,
CMD36411,CL0666,P084,Apr 22 2023,1,3734.33,KO,kech,Carte,LIV10,
CMD16649,CL0556,P098,13/08/2023,3,3441.83,LIVRE,CASABLANCA,Carte,LIV3,2023-08-15
CMD00386,CL0753,P073,2024-04-03,2,3311.13,livré,casa,Carte,LIV3,2024-04-04
CMD34866,CL0974,P077,Mar 09 2024,5,1367.03,DONE,CASABLANCA,Carte,LIV7,2024-03-11
CMD27956,CL0933,P032,08/12/2023,3,2437.42,livré,TANGER,Carte,LIV8,2023-12-13
CMD40521,CL0428,P044,22/01/2023,3,662.02,LIVRE,kech,Carte,LIV10,2023-01-27
CMD40730,CL0981,P004,May 02 2024,4,1446.58,en_cours,kech,Carte,LIV4,
CMD33040,CL0766,P084,2024-04-18,4,4388.57,KO,marrakech,Carte,LIV9,
CMD13280,CL0519,P040,Feb 05 2024,2,1943.28,KO,RBA,Carte,,
CMD37137,CL0780,P053,2023-10-18,2,3754.69,livre,Tnja,Carte,LIV5,
CMD41551,CL0407,P011,2024-03-25,2,1050.51,LIVRE,kech,Carte,LIV10,2024-03-26
CMD48281,CL0449,P025,Feb 03 2023,3,871.48,livre,casa,Carte,LIV2,
CMD16401,CL0648,P057,Mar 28 2023,5,2660.11,LIVRE,Agadir,Carte,LIV9,2023-04-02
CMD12462,CL0877,P049,25/02/2024,3,1838.2,livré,casa,Carte,LIV5,2024-03-01
CMD45131,CL1000,P028,17/07/2023,4,1183.44,en_cours,marrakech,Carte,LIV6,
CMD31146,CL0370,P057,21/09/2023,5,3490.01,en_cours,CASABLANCA,Carte,LIV9,
CMD09609,CL0114,P018,05/05/2024,3,2566.46,DONE,marrakech,Carte,LIV1,2024-05-09
CMD23277,CL0546,P005,2024-03-27,5,4473.86,livré,CASABLANCA,Carte,LIV10,2024-03-30
CMD31099,CL0667,P062,06/04/2024,4,560.72,KO,Agadir,Carte,LIV4,
CMD18654,CL0400,P089,2023-04-29,3,3999.1,OK,RBA,Carte,LIV8,
CMD33218,CL0116,P029,04/11/2023,3,2366.02,OK,TANGER,Carte,LIV7,
CMD30644,CL0112,P006,13/04/2024,3,1691.83,livré,RBA,Carte,LIV7,2024-04-17
CMD40007,CL0830,P051,02/04/2024,5,772.88,livré,TANGER,Carte,LIV3,2024-04-06
CMD34522,CL0608,P087,2023-06-24,2,4640.76,retourné,RBA,Carte,LIV6,2023-06-25
CMD42186,CL0531,P057,May 12 2024,1,1635.01,annulé,tanger,Carte,LIV1,
CMD14768,CL0825,P085,08/12/2023,3,475.9,livré,TNG,Carte,LIV1,2023-12-12
CMD15268,CL0531,P082,2023-04-17,1,1353.66,OK,marrakech,Carte,LIV9,
CMD02781,CL0995,P068,2023-11-28,1,4551.57,retourné,Agadir,Carte,LIV8,2023-12-03
CMD46160,CL0724,P007,11/02/2024,5,4411.0,livre,CASABLANCA,Carte,LIV4,
CMD25397,CL0058,P018,Jan 29 2023,4,4045.04,en_cours,TANGER,Carte,LIV2,
CMD25707,CL0706,P002,Feb 08 2024,2,3558.69,DONE,marrakech,Carte,LIV7,2024-02-12
CMD35044,CL0580,P015,2023-08-14,3,3869.59,annulé,tanger,Carte,LIV5,
CMD21242,CL0139,P098,10/07/2023,4,0,KO,TNG,Carte,LIV9,
CMD19304,CL0156,P032,2024-03-24,5,4270.99,OK,Agadir,Carte,LIV7,
CMD10811,CL0333,P004,2023-02-18,3,402.59,livre,Tnja,Carte,LIV9,
CMD28766,CL0002,P096,Nov 15 2023,1,3840.41,livré,RBA,Carte,LIV4,2023-11-20
CMD42875,CL0645,P044,Jan 27 2024,1,4982.57,KO,Tnja,Carte,LIV1,
CMD12470,CL0251,P033,22/03/2023,3,907.43,livre,RBA,Carte,LIV3,
CMD12176,CL0821,P027,2024-01-31,5,4648.39,livré,TNG,Carte,LIV4,2024-02-04
CMD39838,CL0384,P092,2023-03-06,2,2210.75,en_cours,Tnja,Carte,LIV9,
CMD39277,CL0047,P028,2023-05-26,4,4837.83,retourné,TNG,Carte,LIV9,2023-05-28
CMD27260,CL0138,P003,2023-12-15,2,0,DONE,TNG,Carte,LIV5,2023-12-18
CMD27321,CL0101,P068,2024-02-13,2,1710.89,livré,kech,Carte,,2024-02-14
CMD09399,CL0315,P026,08/01/2023,2,2066.72,livré,tanger,Carte,LIV9,2023-01-12
CMD43748,CL0188,P059,26/04/2023,3,540.11,livré,TANGER,Carte,LIV7,2023-04-29
CMD28849,CL0872,P076,May 22 2023,5,856.45,livré,TANGER,Carte,LIV5,2023-05-27
CMD02844,CL0237,P033,2024-01-14,1,3700.51,KO,TNG,Carte,LIV2,
CMD04841,CL0318,P080,Oct 02 2023,3,661.39,KO,TNG,Carte,LIV10,
CMD36552,CL0978,P039,Oct 16 2023,4,4964.23,LIVRE,CASABLANCA,Carte,LIV4,2023-10-17
CMD37885,CL0206,P098,22/02/2023,2,953.07,KO,TNG,Carte,LIV2,
CMD09689,CL0300,P065,03/04/2024,2,1597.09,livré,CASABLANCA,Carte,LIV7,2024-04-06
CMD30224,CL0511,P079,03/01/2023,2,147.29,livré,tanger,Carte,LIV9,2023-01-05
CMD32093,CL0407,P021,14/03/2024,4,986.63,retourné,CASABLANCA,Carte,LIV9,2024-03-15
CMD20008,CL0077,P081,26/04/2024,5,2044.48,LIVRE,TNG,Carte,LIV10,2024-05-01
CMD04777,CL0285,P079,May 08 2023,2,2019.22,livré,Tnja,Carte,LIV10,2023-05-11
CMD18989,CL0178,P065,Dec 02 2023,3,3488.69,DONE,tanger,Carte,LIV5,2023-12-05
CMD27485,CL0357,P040,Feb 15 2024,4,3518.52,livré,RBA,Carte,LIV2,2024-02-19
CMD00124,CL0657,P054,May 14 2024,2,3635.76,annulé,Tnja,Carte,LIV7,
CMD16831,CL0509,P027,10/07/2023,1,3802.0,en_cours,Agadir,Carte,LIV7,
CMD48311,CL0569,P068,23/02/2024,5,4702.53,annulé,tanger,Carte,LIV2,
CMD45999,CL0403,P029,2023-01-05,1,1932.01,DONE,Tnja,Carte,LIV1,2023-01-07
CMD26924,CL0009,P043,27/01/2024,1,4333.89,en_cours,marrakech,Carte,LIV9,
CMD05214,CL0637,P035,2023-12-14,1,1895.48,OK,marrakech,Carte,LIV1,
CMD16336,CL0051,P051,Sep 11 2023,5,1985.82,livre,tanger,Carte,LIV4,
CMD15625,CL0474,P030,2023-09-01,4,4185.18,DONE,Tnja,Carte,LIV5,2023-09-04
CMD13834,CL0357,P074,Aug 21 2023,4,1787.52,OK,CASABLANCA,Carte,LIV5,
CMD19382,CL0417,P077,2023-10-05,3,3110.9,livré,TANGER,Carte,,2023-10-09
CMD34624,CL0216,P072,14/02/2023,2,1161.83,DONE,Tnja,Carte,LIV2,2023-02-17
CMD42063,CL0461,P018,Apr 04 2024,3,3564.33,retourné,Agadir,Carte,LIV4,2024-04-07
CMD43495,CL0732,P063,17/12/2023,1,4085.84,LIVRE,CASABLANCA,Carte,LIV9,2023-12-22
CMD40739,CL0244,P078,Sep 30 2023,5,720.43,LIVRE,RBA,Carte,LIV9,2023-10-02
CMD00397,CL0829,P060,04/05/2023,5,3221.0,en_cours,TANGER,Carte,LIV1,
CMD24872,CL0081,P007,2023-12-12,3,0,DONE,Agadir,Carte,LIV4,2023-12-13
CMD09474,CL0144,P034,01/03/2023,5,1002.57,livré,casa,Carte,LIV9,2023-03-04
CMD27940,CL0096,P088,2023-02-21,2,4832.8,annulé,CASABLANCA,Carte,LIV2,
CMD41370,CL0603,P047,Apr 09 2024,4,2086.32,en_cours,RBA,Carte,LIV3,
CMD35496,CL0984,P099,Feb 03 2023,2,886.02,DONE,kech,Carte,LIV3,2023-02-04
CMD43658,CL0859,P021,15/09/2023,4,3845.24,en_cours,kech,Carte,LIV3,
CMD47153,CL0959,P009,2023-08-15,3,3499.55,LIVRE,kech,Carte,LIV3,2023-08-16
CMD48219,CL0785,P067,Apr 09 2024,2,303.4,OK,tanger,Carte,LIV8,
CMD01420,CL0836,P045,22/07/2023,4,1532.78,annulé,TNG,Carte,LIV8,
CMD21685,CL0082,P006,2023-11-17,4,498.19,retourné,Tnja,Carte,LIV1,2023-11-22
CMD18902,CL0707,P042,07/03/2023,1,3742.34,retourné,TNG,Carte,LIV10,2023-03-08
CMD04855,CL0497,P041,24/10/2023,1,2129.09,KO,CASABLANCA,Carte,LIV1,
CMD18352,CL0980,P020,2024-01-17,2,1950.28,DONE,Tnja,Carte,LIV10,2024-01-18
CMD26450,CL0579,P030,01/04/2023,5,2415.82,livré,casa,Carte,LIV3,2023-04-02
CMD24095,CL0345,P039,Jun 22 2023,4,3779.7,livré,marrakech,Carte,LIV5,2023-06-26
CMD42244,CL0933,P095,Jul 01 2023,2,4419.18,livré,TANGER,Carte,LIV7,2023-07-02
CMD30794,CL0119,P056,12/04/2023,3,3424.8,en_cours,kech,Carte,LIV3,
CMD06857,CL0204,P096,Nov 03 2023,4,682.46,LIVRE,Tnja,Carte,LIV2,2023-11-04
CMD39991,CL0633,P073,2023-05-02,1,4570.46,livré,TNG,Carte,LIV9,2023-05-04
CMD09705,CL0834,P094,Jan 14 2024,1,988.67,annulé,tanger,Carte,LIV6,
CMD12913,CL0238,P019,07/03/2024,5,2154.93,livré,marrakech,Carte,LIV10,2024-03-10
CMD32206,CL0974,P017,23/12/2023,1,4269.28,LIVRE,TNG,Carte,LIV3,2023-12-27
CMD00320,CL0752,P002,2024-04-30,3,3787.46,retourné,TANGER,Carte,LIV1,2024-05-01
CMD09637,CL0877,P058,2023-07-22,2,233.04,OK,Agadir,Carte,LIV4,
CMD16400,CL0685,P082,01/01/2024,2,444.95,livré,Tnja,Carte,,2024-01-02
CMD26067,CL0743,P034,May 05 2023,2,2981.06,retourné,Agadir,Carte,LIV5,2023-05-06
CMD05363,CL0118,P067,09/02/2023,2,543.01,annulé,kech,Carte,LIV1,
CMD37663,CL0637,P088,May 31 2023,1,4809.81,LIVRE,marrakech,Carte,LIV7,2023-06-01
CMD07646,CL0249,P062,2023-09-21,4,2249.93,en_cours,kech,Carte,LIV8,
CMD42684,CL0001,P015,18/01/2023,4,4695.63,KO,tanger,Carte,LIV8,
CMD21591,CL0725,P033,2023-12-04,3,2083.94,DONE,marrakech,Carte,LIV6,2023-12-07
CMD38795,CL0307,P094,Mar 16 2024,1,3088.33,livré,TANGER,Carte,LIV2,2024-03-21
CMD19608,CL0293,P048,Apr 02 2024,4,3810.54,en_cours,CASABLANCA,Carte,LIV1,
CMD47686,CL0092,P040,2023-10-12,1,4640.76,LIVRE,Agadir,Carte,LIV1,2023-10-14
CMD47445,CL0669,P033,13/05/2023,4,2777.62,livré,RBA,Carte,LIV9,2023-05-15
CMD43087,CL0711,P050,May 27 2023,5,4664.71,livré,TNG,Carte,LIV9,2023-05-31
CMD11491,CL0793,P076,15/04/2023,1,2976.17,retourné,Agadir,Carte,,2023-04-18
CMD24428,CL0895,P039,25/04/2023,1,1474.24,OK,kech,Carte,LIV10,
CMD19146,CL0611,P001,Jan 18 2023,3,918.29,LIVRE,TNG,Carte,LIV7,2023-01-21
CMD34071,CL0442,P095,2023-11-18,1,686.87,OK,kech,Carte,LIV3,
CMD44229,CL0834,P026,2023-07-18,5,1286.43,livré,casa,Carte,LIV8,2023-07-20
CMD17976,CL0161,P097,May 11 2023,1,4629.54,en_cours,RBA,Carte,LIV3,
CMD43417,CL0798,P088,Feb 08 2023,5,2294.16,LIVRE,marrakech,Carte,LIV9,2023-02-11
CMD11147,CL0607,P010,2024-01-01,5,4322.42,livré,casa,Carte,LIV6,2024-01-05
CMD25201,CL0481,P074,02/12/2023,5,4967.31,DONE,TANGER,Carte,LIV7,2023-12-03
CMD47745,CL0542,P089,2023-11-08,3,1250.15,retourné,RBA,Carte,,2023-11-10
CMD12181,CL0892,P064,12/04/2023,5,69.63,en_cours,casa,Carte,LIV6,
CMD46853,CL0319,P050,Oct 25 2023,4,247.36,livré,TANGER,Carte,LIV5,2023-10-27
CMD46542,CL0409,P029,2024-04-28,2,556.99,livré,Tnja,Carte,LIV5,2024-04-30
CMD14498,CL0497,P058,2023-03-03,4,3115.96,KO,tanger,Carte,LIV7,
CMD19164,CL0814,P055,Jan 26 2024,4,2850.05,OK,kech,Carte,LIV2,
CMD21261,CL0300,P073,13/05/2024,5,4422.15,OK,casa,Carte,LIV5,
CMD26755,CL0776,P094,Mar 27 2023,1,3043.48,KO,Agadir,Carte,LIV1,
CMD08733,CL0382,P023,02/01/2024,2,4694.91,livré,TANGER,Carte,LIV6,2024-01-04
CMD32992,CL0526,P042,2023-09-29,3,3192.21,retourné,marrakech,Carte,LIV2,2023-10-04
CMD05495,CL0418,P005,11/02/2024,1,3415.67,en_cours,marrakech,Carte,LIV5,
CMD37488,CL0203,P009,Apr 13 2023,3,4668.41,LIVRE,tanger,Carte,LIV3,2023-04-18
CMD40280,CL0833,P074,07/10/2023,5,723.55,livre,kech,Carte,LIV5,
CMD12170,CL0269,P091,Sep 28 2023,1,2377.14,livré,marrakech,Carte,LIV1,2023-09-29
CMD38351,CL0669,P055,Apr 23 2023,5,2618.64,annulé,casa,Carte,LIV8,
CMD40774,CL0417,P017,Dec 01 2023,5,739.21,OK,TANGER,Carte,LIV10,
CMD05831,CL0805,P092,Aug 22 2023,5,1036.09,LIVRE,marrakech,Carte,LIV3,2023-08-27
CMD13219,CL0801,P084,Sep 13 2023,5,4489.26,DONE,TNG,Carte,LIV5,2023-09-15
CMD08045,CL0861,P006,2024-02-10,1,1337.62,LIVRE,TNG,Carte,LIV10,2024-02-12
CMD28209,CL0133,P088,Nov 12 2023,1,1944.99,OK,casa,Carte,LIV6,
CMD37805,CL0792,P033,30/07/2023,2,2629.67,livré,marrakech,Carte,LIV9,2023-08-01
CMD46989,CL0129,P092,2023-09-09,2,234.56,LIVRE,Tnja,Carte,LIV1,2023-09-12
CMD21124,CL0967,P043,Jul 24 2023,1,4516.23,annulé,TANGER,Carte,LIV7,
CMD45117,CL0285,P044,2023-08-22,1,1692.96,livré,kech,Carte,LIV8,2023-08-26
CMD33108,CL0474,P089,2024-02-21,1,3375.86,en_cours,marrakech,Carte,LIV10,
CMD13384,CL0144,P015,2023-09-21,4,2287.07,DONE,kech,Carte,LIV2,2023-09-24
CMD46183,CL0145,P013,2024-02-10,4,2920.74,retourné,TNG,Carte,LIV1,2024-02-11
CMD30032,CL0618,P018,Mar 05 2023,1,3846.53,LIVRE,kech,Carte,LIV8,2023-03-07
CMD48264,CL0657,P062,19/03/2023,2,2207.49,livré,marrakech,Carte,LIV5,2023-03-21
CMD37753,CL0378,P022,Apr 06 2023,4,3925.6,livre,RBA,Carte,LIV9,
CMD11696,CL0940,P049,2023-09-17,4,1375.0,retourné,marrakech,Carte,LIV5,2023-09-20
CMD01463,CL0287,P049,09/05/2024,5,2763.17,OK,RBA,Carte,LIV1,
CMD06760,CL0513,P020,Feb 08 2024,1,2136.25,livre,TNG,Carte,LIV4,
CMD40885,CL0467,P071,2023-02-18,3,1269.71,livré,TANGER,Carte,,2023-02-20
CMD09315,CL0273,P032,2023-11-09,5,2943.61,livré,tanger,Carte,LIV8,2023-11-12
CMD00044,CL0226,P045,2024-03-17,2,4125.9,OK,casa,Carte,LIV8,
CMD03700,CL0542,P021,14/01/2024,5,3617.06,DONE,RBA,Carte,LIV4,2024-01-18
CMD29646,CL0523,P094,Apr 17 2023,2,1322.31,livré,TNG,Carte,LIV4,2023-04-22
CMD04958,CL0944,P098,Mar 31 2023,-1,2296.54,livré,kech,Carte,LIV5,2023-04-01
CMD36529,CL0564,P037,2023-04-22,2,3887.87,LIVRE,TANGER,Carte,LIV6,2023-04-23
CMD01383,CL0081,P094,23/07/2023,5,1802.01,annulé,Tnja,Carte,LIV8,
CMD29324,CL0179,P037,2024-03-12,3,2504.08,retourné,tanger,Carte,LIV6,2024-03-13
CMD01259,CL0953,P008,Feb 16 2024,5,740.88,livré,Tnja,Carte,LIV2,2024-02-17
CMD08905,CL0478,P038,22/06/2023,1,3332.5,KO,Tnja,Carte,LIV8,
CMD47333,CL0011,P094,2024-01-17,4,1440.21,DONE,CASABLANCA,Carte,LIV7,2024-01-18
CMD17765,CL0980,P068,Dec 29 2023,5,3918.79,livré,CASABLANCA,Carte,,2024-01-03
CMD00242,CL0923,P023,2023-12-15,1,4688.84,livré,marrakech,Carte,LIV4,2023-12-19
CMD17238,CL0475,P095,Jul 21 2023,5,2867.72,annulé,RBA,Carte,LIV4,
CMD01200,CL0761,P010,05/04/2024,5,1964.95,DONE,RBA,Carte,LIV8,2024-04-10
CMD41664,CL0722,P046,Nov 10 2023,3,3142.23,OK,RBA,Carte,LIV9,
CMD43799,CL0973,P062,13/02/2023,3,3973.62,livré,Tnja,Carte,LIV7,2023-02-14
CMD11944,CL0045,P002,20/01/2023,1,4278.03,en_cours,RBA,Carte,LIV9,
CMD21353,CL0760,P047,26/03/2023,3,1078.63,OK,CASABLANCA,Carte,LIV10,
CMD23431,CL0276,P085,06/04/2023,5,4858.1,livré,casa,Carte,LIV10,2023-04-07
CMD46553,CL0447,P023,2023-09-29,5,1177.97,DONE,RBA,Carte,LIV8,2023-10-02
CMD04368,CL0872,P069,07/11/2023,1,3120.24,OK,marrakech,Carte,LIV9,
CMD12996,CL0053,P035,Mar 25 2023,1,4213.19,DONE,kech,Carte,LIV10,2023-03-30
CMD28082,CL0307,P048,Feb 28 2024,4,1406.04,livre,RBA,Carte,LIV3,
CMD12144,CL0994,P067,2023-08-24,1,4717.94,LIVRE,tanger,Carte,LIV3,2023-08-27
CMD13776,CL0004,P081,2024-03-18,1,3479.06,KO,kech,Carte,LIV2,
CMD15559,CL0336,P061,2023-03-02,2,4565.37,retourné,TANGER,Carte,LIV1,2023-03-04
CMD42021,CL0997,P003,Feb 29 2024,4,4624.15,livre,TNG,Carte,LIV9,
CMD18464,CL0889,P048,Apr 28 2024,1,2315.07,LIVRE,kech,Carte,LIV1,2024-05-01
CMD11454,CL0391,P072,Mar 12 2024,1,4243.03,OK,CASABLANCA,Carte,LIV2,
CMD14436,CL0344,P039,May 27 2023,5,3551.44,livre,TANGER,Carte,LIV4,
CMD05045,CL0390,P059,04/11/2023,5,1272.65,retourné,CASABLANCA,Carte,LIV6,2023-11-06
CMD10991,CL0820,P024,2023-12-16,5,2412.12,retourné,RBA,Carte,LIV3,2023-12-17
CMD31865,CL0201,P055,15/01/2023,4,4054.56,livré,Tnja,Carte,LIV4,2023-01-18
CMD48180,CL0582,P070,30/05/2023,3,3101.29,retourné,marrakech,Carte,,2023-06-02
CMD19432,CL0342,P013,21/02/2023,3,4864.67,OK,CASABLANCA,Carte,LIV3,
CMD32059,CL0537,P010,02/08/2023,1,1657.05,DONE,marrakech,Carte,LIV10,2023-08-04
CMD37634,CL0282,P047,26/03/2023,1,4309.41,retourné,CASABLANCA,Carte,LIV4,2023-03-31
CMD13820,CL0028,P082,16/04/2023,5,1176.55,annulé,marrakech,Carte,LIV5,
CMD32168,CL0735,P020,11/09/2023,3,4568.96,KO,Agadir,Carte,LIV4,
CMD30670,CL0553,P042,Nov 18 2023,2,0,annulé,marrakech,Carte,LIV8,
CMD24732,CL0684,P079,2023-03-14,2,2923.77,DONE,RBA,Carte,LIV5,2023-03-18
CMD31328,CL0897,P044,Jul 25 2023,2,545.1,livré,TNG,Carte,LIV10,2023-07-27
CMD03376,CL0934,P002,Dec 30 2023,3,2231.42,annulé,Agadir,Carte,LIV10,
CMD08413,CL0112,P002,May 13 2023,3,2146.46,KO,RBA,Carte,LIV4,
CMD43535,CL0441,P096,02/03/2024,4,3793.66,OK,RBA,Carte,LIV6,
CMD36610,CL0713,P009,Dec 12 2023,3,1370.58,KO,kech,Carte,LIV7,
CMD24102,CL0336,P052,11/05/2023,5,984.59,retourné,TNG,Carte,LIV8,2023-05-12
CMD02268,CL0034,P008,2023-02-03,2,1513.74,OK,Tnja,Carte,LIV9,
CMD10467,CL0064,P032,2024-02-19,4,1118.37,livré,TANGER,Carte,LIV10,2024-02-23
CMD26128,CL0374,P086,2024-01-04,2,1507.23,livre,marrakech,Carte,LIV3,
CMD47535,CL0788,P031,Nov 07 2023,4,1362.43,livre,TNG,Carte,LIV2,
CMD28277,CL0134,P080,Dec 26 2023,4,4984.62,annulé,CASABLANCA,Carte,LIV3,
CMD47845,CL0535,P031,2023-01-12,2,4490.16,DONE,TNG,Carte,LIV4,2023-01-15
CMD45187,CL0529,P095,2023-12-17,2,3715.54,livré,RBA,Carte,LIV6,2023-12-18
CMD04738,CL0534,P048,Jun 26 2023,1,1061.87,annulé,casa,Carte,LIV8,
CMD31704,CL0572,P018,16/03/2024,4,4557.46,LIVRE,Agadir,Carte,LIV2,2024-03-19
CMD27434,CL0643,P095,Jul 11 2023,3,4110.26,annulé,marrakech,Carte,LIV10,
CMD21134,CL0775,P081,28/02/2024,2,2334.15,livre,marrakech,Carte,LIV5,
CMD37797,CL0822,P029,10/11/2023,5,84.39,annulé,Tnja,Carte,LIV1,
CMD42290,CL0663,P011,Oct 16 2023,1,4137.97,DONE,RBA,Carte,LIV8,2023-10-17
CMD33315,CL0760,P057,2023-08-18,5,1292.01,retourné,TNG,Carte,LIV10,2023-08-21
CMD29222,CL0529,P003,19/03/2023,3,2645.53,en_cours,marrakech,Carte,LIV4,
CMD07475,CL0933,P098,2023-09-03,1,2703.74,KO,Tnja,Carte,LIV4,
CMD23111,CL0349,P008,10/09/2023,4,4545.89,en_cours,casa,Carte,LIV8,
CMD06306,CL0101,P035,2023-08-25,3,3509.9,livré,TANGER,Carte,LIV4,2023-08-26
CMD47710,CL0494,P050,Nov 28 2023,1,1266.85,KO,TANGER,Carte,LIV1,
CMD15866,CL0985,P068,15/10/2023,1,2188.89,DONE,tanger,Carte,LIV2,2023-10-18
CMD20794,CL0969,P025,14/07/2023,2,4918.36,livré,Agadir,Carte,LIV10,2023-07-17
CMD10642,CL0905,P086,18/08/2023,3,2605.51,livre,casa,Carte,LIV8,
CMD43538,CL0662,P077,04/02/2023,5,4349.43,livré,CASABLANCA,Carte,LIV5,2023-02-09
CMD10162,CL0975,P022,03/03/2023,4,3510.1,livré,TANGER,Carte,LIV2,2023-03-07
CMD17458,CL0270,P012,Jun 26 2023,2,3480.76,KO,TANGER,Carte,LIV2,
CMD46842,CL0353,P094,May 14 2023,1,4336.83,DONE,kech,Carte,LIV9,2023-05-18
CMD20856,CL0611,P052,2023-07-20,1,440.37,en_cours,Agadir,Carte,LIV7,
CMD27162,CL0287,P086,21/09/2023,4,1000.19,LIVRE,Tnja,Carte,LIV5,2023-09-23
CMD47047,CL0046,P072,20/03/2023,4,2355.1,OK,CASABLANCA,Carte,LIV4,
CMD13898,CL0950,P013,2024-05-07,2,1423.68,annulé,TNG,Carte,,
CMD36220,CL0728,P077,10/05/2023,3,2351.35,livré,RBA,Carte,LIV4,2023-05-13
CMD09341,CL0523,P020,08/03/2023,5,2749.82,livre,RBA,Carte,LIV5,
CMD31124,CL0340,P025,2023-03-06,5,1982.07,livre,tanger,Carte,LIV6,
CMD09808,CL0188,P017,Dec 05 2023,1,4446.58,livre,kech,Carte,LIV4,
CMD09365,CL0397,P099,Mar 13 2024,2,1382.31,livré,TANGER,Carte,LIV8,2024-03-16
CMD08891,CL0033,P007,Nov 17 2023,5,2168.04,en_cours,CASABLANCA,Carte,LIV5,
CMD12033,CL0249,P060,05/03/2023,3,2273.26,LIVRE,kech,Carte,LIV1,2023-03-07
CMD01517,CL0394,P024,Sep 30 2023,1,2248.78,livré,tanger,Carte,LIV10,2023-10-01
CMD26239,CL0225,P027,2023-10-14,4,650.92,en_cours,TNG,Carte,LIV3,
CMD41073,CL0566,P096,2023-03-05,1,1501.73,OK,CASABLANCA,Carte,LIV5,
CMD07162,CL0766,P093,2023-09-22,3,1707.44,retourné,TNG,Carte,LIV1,2023-09-23
CMD22072,CL0536,P047,Mar 24 2023,4,2272.28,livre,casa,Carte,,
CMD01362,CL0654,P081,21/11/2023,2,3376.37,livré,casa,Carte,LIV1,2023-11-23
CMD41036,CL0223,P085,2023-11-23,5,1957.12,livré,tanger,Carte,LIV5,2023-11-27
CMD32537,CL0601,P034,Jan 22 2024,5,0,DONE,marrakech,Carte,LIV1,2024-01-25
CMD14547,CL0883,P046,2023-04-13,3,3488.43,livré,TNG,Carte,LIV4,2023-04-18
CMD28300,CL0043,P078,Nov 25 2023,3,1396.04,OK,Agadir,Carte,LIV5,
CMD12623,CL0972,P027,19/01/2023,3,744.78,LIVRE,marrakech,Carte,LIV10,2023-01-24
CMD14349,CL0554,P082,27/02/2024,1,676.71,OK,tanger,Carte,,
CMD09908,CL0536,P053,2023-07-13,5,1353.85,en_cours,Agadir,Carte,LIV4,
CMD20062,CL0450,P076,Dec 01 2023,5,2019.68,retourné,RBA,Carte,LIV5,2023-12-06
CMD31665,CL0869,P003,Mar 30 2023,2,1465.01,retourné,tanger,Carte,LIV4,2023-04-01
CMD43570,CL0761,P017,2024-03-01,4,3953.47,KO,casa,Carte,LIV8,
CMD24699,CL0953,P054,May 04 2024,2,1996.45,livre,casa,Carte,LIV6,
CMD36999,CL0864,P029,2024-03-03,4,2192.17,KO,TANGER,Carte,LIV9,
CMD23628,CL0999,P078,Feb 14 2023,4,2742.83,livré,tanger,Carte,LIV1,2023-02-18
CMD04828,CL0473,P015,2023-01-11,5,4524.24,livre,TNG,Carte,LIV4,
CMD15785,CL0770,P079,2024-04-23,2,2613.86,livré,casa,Carte,LIV7,2024-04-27
CMD42263,CL0488,P055,2023-10-05,3,1663.15,livré,RBA,Carte,LIV5,2023-10-09
CMD26832,CL0665,P060,2023-10-21,4,3091.58,livré,CASABLANCA,Carte,LIV9,2023-10-25
CMD09859,CL0038,P026,Nov 14 2023,4,3807.55,DONE,TANGER,Carte,,2023-11-18
CMD29559,CL0735,P097,Dec 20 2023,2,3906.0,livré,TANGER,Carte,,2023-12-24
CMD31214,CL0282,P092,Apr 27 2024,4,73.99,LIVRE,CASABLANCA,Carte,LIV10,2024-05-02
CMD47195,CL0853,P036,Nov 20 2023,5,2795.46,livré,CASABLANCA,Carte,LIV10,2023-11-25
CMD22916,CL0066,P024,May 11 2024,2,4394.84,livré,marrakech,Carte,LIV8,2024-05-13
CMD08344,CL1000,P001,26/02/2024,3,4571.52,livré,Tnja,Carte,LIV5,2024-03-02
CMD44292,CL0462,P038,Dec 02 2023,4,2349.36,LIVRE,CASABLANCA,Carte,LIV9,2023-12-05
CMD26434,CL0430,P038,Aug 17 2023,5,174.87,livre,kech,Carte,LIV7,
CMD16177,CL0581,P034,05/10/2023,2,2053.18,retourné,marrakech,Carte,LIV3,2023-10-09
CMD21986,CL0977,P081,05/04/2024,5,4496.81,LIVRE,Tnja,Carte,LIV2,2024-04-10
CMD29575,CL0658,P007,Mar 06 2023,2,231.63,DONE,CASABLANCA,Carte,LIV1,2023-03-10
CMD36844,CL0957,P018,Apr 10 2023,2,331.62,retourné,Agadir,Carte,LIV8,2023-04-11
CMD39574,CL0212,P091,Mar 06 2024,3,971.93,en_cours,marrakech,Carte,LIV10,
CMD25880,CL0549,P082,Apr 28 2023,5,2869.29,en_cours,Agadir,Carte,LIV5,
CMD00002,CL0385,P026,Mar 13 2023,1,1997.51,en_cours,casa,Carte,,
CMD10802,CL0307,P050,10/05/2024,2,576.41,OK,Agadir,Carte,LIV4,
CMD45091,CL0334,P037,12/09/2023,4,2744.07,annulé,marrakech,Carte,LIV4,
CMD33284,CL0652,P086,2023-09-22,5,0,LIVRE,Tnja,Carte,LIV2,2023-09-26
CMD01540,CL0619,P047,Dec 19 2023,3,4313.67,livré,CASABLANCA,Carte,LIV5,2023-12-20
CMD27421,CL0102,P046,Apr 14 2023,4,205.35,KO,kech,Carte,LIV9,
CMD03841,CL0721,P016,2024-04-09,5,2058.7,livré,TNG,Carte,LIV10,2024-04-14
CMD43317,CL0973,P090,2023-02-04,5,4220.43,annulé,RBA,Carte,LIV5,
CMD14070,CL0338,P083,Aug 22 2023,4,3698.68,livré,Tnja,Carte,LIV7,2023-08-25
CMD36462,CL0751,P074,2023-07-10,4,995.08,livré,CASABLANCA,Carte,LIV1,2023-07-11
CMD30772,CL0015,P058,Apr 24 2024,3,3554.06,DONE,marrakech,Carte,LIV2,2024-04-29
CMD21559,CL0615,P027,22/07/2023,5,4797.3,retourné,casa,Carte,LIV5,2023-07-27
CMD19110,CL0674,P074,20/01/2024,2,1594.15,retourné,Tnja,Carte,LIV10,2024-01-22
CMD46417,CL0760,P015,15/05/2024,5,3841.7,OK,casa,Carte,LIV8,
CMD37609,CL0277,P081,Dec 23 2023,2,934.93,livré,TANGER,Carte,LIV10,2023-12-27
CMD16521,CL0526,P006,Feb 24 2023,4,1348.01,retourné,kech,Carte,LIV5,2023-02-25
CMD43438,CL0691,P085,2023-06-27,3,1582.16,livré,Tnja,Carte,LIV4,2023-07-01
CMD06718,CL0957,P031,2023-05-29,1,1813.45,livré,TANGER,Carte,LIV7,2023-06-03
CMD04826,CL0714,P022,2023-09-06,2,2839.76,en_cours,TNG,Carte,LIV7,
CMD14305,CL0700,P051,09/01/2024,3,2316.09,livré,kech,Carte,,2024-01-14
CMD17907,CL0652,P042,Apr 19 2023,2,3706.06,en_cours,Agadir,Carte,LIV6,
CMD19222,CL0786,P098,2024-04-08,2,742.78,livré,TNG,Carte,LIV8,2024-04-13
CMD27895,CL0311,P014,04/12/2023,1,65.81,livré,TANGER,Carte,LIV1,2023-12-07
CMD01424,CL0668,P014,23/12/2023,1,83.47,DONE,TNG,Carte,LIV5,2023-12-25
CMD03924,CL0263,P072,26/01/2024,3,3095.14,en_cours,tanger,Carte,LIV1,
CMD05151,CL0510,P054,09/10/2023,3,2161.95,LIVRE,TANGER,Carte,LIV7,2023-10-10
CMD28105,CL0941,P004,04/03/2024,5,4275.69,retourné,TNG,Carte,LIV1,2024-03-05
CMD03800,CL0914,P049,Apr 24 2024,4,946.69,livre,CASABLANCA,Carte,LIV5,
CMD12224,CL0821,P081,2024-01-31,3,1794.43,OK,tanger,Carte,LIV8,
CMD43838,CL0767,P029,2024-01-25,3,2039.47,en_cours,TNG,Carte,LIV1,
CMD02582,CL0529,P054,05/01/2024,5,3482.43,DONE,kech,Carte,LIV8,2024-01-06
CMD31456,CL0718,P011,2023-05-06,5,2359.96,livré,Agadir,Carte,LIV5,2023-05-08
CMD24593,CL0135,P052,Nov 30 2023,1,4068.43,en_cours,casa,Carte,LIV3,
CMD29413,CL0996,P011,Feb 10 2024,1,2080.65,annulé,marrakech,Carte,LIV10,
CMD47690,CL0127,P016,2024-01-29,3,3929.65,OK,Agadir,Carte,LIV10,
CMD31733,CL0785,P053,29/09/2023,3,4668.6,livre,tanger,Carte,LIV2,
CMD19509,CL0611,P084,07/08/2023,1,2902.11,KO,TANGER,Carte,,
CMD07074,CL0299,P017,Apr 19 2024,2,1363.07,en_cours,RBA,Carte,LIV9,
CMD18893,CL0963,P061,2023-02-12,4,646.87,livré,marrakech,Carte,LIV2,2023-02-15
CMD14006,CL0262,P063,2024-01-22,3,2565.78,livré,RBA,Carte,LIV5,2024-01-23
CMD08224,CL0035,P006,20/05/2023,2,847.85,annulé,tanger,Carte,LIV8,
CMD23209,CL0285,P014,Jan 27 2024,2,490.27,LIVRE,kech,Carte,LIV3,2024-01-29
CMD16569,CL0958,P085,24/07/2023,5,546.04,annulé,marrakech,Carte,LIV8,
CMD38546,CL0460,P014,05/02/2023,3,618.65,OK,Agadir,Carte,LIV3,
CMD09709,CL0681,P071,2023-11-30,3,3669.66,KO,RBA,Carte,LIV6,
CMD43876,CL0651,P055,Jun 09 2023,1,3191.01,annulé,TANGER,Carte,LIV1,
CMD07822,CL0313,P037,May 23 2023,3,2431.01,livré,marrakech,Carte,LIV9,2023-05-28
CMD12822,CL0070,P039,2023-05-11,2,1953.9,LIVRE,Tnja,Carte,LIV3,2023-05-13
CMD46121,CL0154,P055,05/08/2023,1,838.51,KO,marrakech,Carte,LIV7,
CMD21478,CL0197,P050,2024-04-06,1,4506.57,livré,CASABLANCA,Carte,LIV9,2024-04-08
CMD01849,CL0916,P061,23/01/2023,5,2230.46,annulé,casa,Carte,LIV9,
CMD42322,CL0267,P052,04/06/2023,4,4666.25,OK,tanger,Carte,LIV8,
CMD29659,CL0279,P067,2023-11-10,1,3720.43,DONE,TANGER,Carte,LIV5,2023-11-15
CMD24964,CL0351,P045,18/04/2024,4,1792.41,en_cours,TNG,Carte,LIV2,
CMD37943,CL0900,P084,Jul 22 2023,3,4785.17,livré,TNG,Carte,LIV3,2023-07-24
CMD47899,CL0115,P089,2023-01-24,-1,3436.2,OK,tanger,Carte,LIV5,
CMD44342,CL0219,P090,Nov 03 2023,3,1721.48,en_cours,CASABLANCA,Carte,LIV8,
CMD25550,CL0596,P066,Sep 24 2023,2,3460.31,livré,Tnja,Carte,LIV9,2023-09-29
CMD18270,CL0550,P017,19/01/2024,1,3507.82,KO,RBA,Carte,LIV1,
CMD07848,CL0237,P051,2023-12-22,2,1340.86,en_cours,TNG,Carte,,
CMD10828,CL0214,P051,22/05/2023,2,989.54,livre,Agadir,Carte,,
CMD47388,CL0209,P045,Jan 02 2023,4,2976.0,en_cours,TNG,Carte,LIV9,
CMD25810,CL0329,P053,2023-06-30,4,1625.91,annulé,tanger,Carte,LIV3,
CMD29945,CL0616,P046,26/05/2023,1,1538.35,DONE,kech,Carte,LIV1,2023-05-31
CMD34814,CL0307,P098,07/03/2024,5,2449.46,retourné,tanger,Carte,LIV3,2024-03-12
CMD30285,CL0610,P058,2023-09-05,3,2837.82,OK,TANGER,Carte,LIV3,
CMD10016,CL0702,P067,14/05/2024,4,1680.43,OK,Tnja,Carte,,
CMD24131,CL0763,P019,11/04/2023,5,0,livré,casa,Carte,LIV5,2023-04-15
CMD02822,CL0774,P011,2023-10-23,1,4011.23,DONE,TNG,Carte,LIV8,2023-10-27
CMD35735,CL0257,P003,2024-02-19,2,1161.38,DONE,Agadir,Carte,LIV6,2024-02-24
CMD16337,CL0409,P063,24/03/2023,1,615.13,DONE,RBA,Carte,,2023-03-29
CMD22861,CL0269,P098,Feb 24 2024,5,3145.72,livré,tanger,Carte,LIV10,2024-02-27
CMD21947,CL0877,P010,2023-02-01,5,4890.6,annulé,casa,Carte,,
CMD20234,CL0079,P059,11/03/2023,4,1490.58,livre,TANGER,Carte,LIV4,
CMD38653,CL0774,P076,Dec 30 2023,5,192.12,DONE,marrakech,Carte,LIV9,2023-12-31
CMD35670,CL0981,P062,2023-04-14,3,2267.32,annulé,tanger,Carte,LIV3,
CMD10583,CL0758,P013,2023-02-18,1,747.99,en_cours,kech,Carte,LIV8,
CMD04791,CL0817,P079,2023-12-10,5,4348.5,annulé,tanger,Carte,LIV2,
CMD02482,CL0208,P066,15/04/2023,1,4634.07,DONE,TANGER,Carte,LIV3,2023-04-20
CMD36144,CL0511,P047,May 22 2023,5,3915.38,en_cours,TNG,Carte,LIV6,
CMD27842,CL0891,P021,24/01/2024,5,4018.22,livre,marrakech,Carte,LIV3,
CMD25962,CL0277,P059,Feb 16 2023,4,4029.51,livre,kech,Carte,LIV3,
CMD30893,CL0951,P053,22/05/2023,1,349.86,livre,Agadir,Carte,LIV8,
CMD17169,CL0162,P046,2023-08-21,2,4996.34,livre,marrakech,Carte,LIV8,
CMD41571,CL0985,P018,2023-02-25,2,2931.16,livre,tanger,Carte,LIV4,
CMD35285,CL0151,P026,24/01/2024,4,2954.69,livré,TNG,Carte,LIV4,2024-01-27
CMD09527,CL0118,P054,2024-03-20,4,4004.02,retourné,TANGER,Carte,,2024-03-22
CMD18903,CL0127,P020,2023-07-01,4,228.76,retourné,Agadir,Carte,LIV6,2023-07-04
CMD40202,CL0072,P056,2023-12-03,5,4471.84,annulé,TNG,Carte,LIV5,
CMD36445,CL0063,P037,Jan 05 2023,4,4970.33,livré,TANGER,Carte,LIV5,2023-01-08
CMD21398,CL0292,P053,22/08/2023,4,3463.4,LIVRE,TNG,Carte,,2023-08-27
CMD04587,CL0209,P023,23/06/2023,1,2784.9,livré,kech,Carte,,2023-06-28
CMD44451,CL0475,P020,2023-07-19,5,3241.16,LIVRE,TNG,Carte,LIV4,2023-07-21
CMD21174,CL0004,P071,10/02/2024,4,494.1,livré,tanger,Carte,LIV2,2024-02-15
CMD35543,CL0544,P008,Apr 06 2024,1,1969.73,annulé,TANGER,Carte,LIV1,
CMD34590,CL0718,P003,2023-04-28,3,4534.09,retourné,tanger,Carte,LIV8,2023-05-03
CMD36889,CL0428,P006,06/10/2023,4,4487.27,livré,casa,Carte,LIV2,2023-10-08
CMD03303,CL0946,P029,2023-05-28,4,3213.57,livre,kech,Carte,,
CMD42720,CL0631,P056,Aug 24 2023,4,3451.34,OK,TANGER,Carte,LIV5,
CMD45330,CL0367,P015,08/05/2024,4,2023.89,en_cours,TNG,Carte,LIV10,
CMD18453,CL0458,P081,Oct 05 2023,2,424.49,livre,tanger,Carte,LIV2,
CMD15136,CL0865,P059,2024-04-24,1,3161.8,retourné,tanger,Carte,LIV9,2024-04-27
CMD47050,CL0856,P034,2023-02-10,4,333.69,annulé,TANGER,Carte,LIV3,
CMD38432,CL0472,P023,2023-01-17,5,3096.24,OK,marrakech,Carte,LIV2,
CMD08056,CL0170,P065,27/03/2024,3,3646.12,en_cours,marrakech,Carte,LIV1,
CMD23544,CL0939,P066,Nov 02 2023,4,765.69,annulé,Agadir,Carte,LIV10,
CMD03544,CL0994,P098,07/04/2024,5,1340.35,annulé,Tnja,Carte,LIV1,
CMD00689,CL0655,P092,16/04/2024,4,1133.3,livré,marrakech,Carte,LIV7,2024-04-21
CMD04414,CL0341,P098,May 09 2023,3,2256.31,livré,Agadir,Carte,LIV6,2023-05-10
CMD25660,CL0837,P067,15/06/2023,3,209.87,livre,casa,Carte,LIV6,
CMD18497,CL0906,P020,29/09/2023,3,1552.86,DONE,marrakech,Carte,LIV10,2023-10-03
CMD05167,CL0836,P067,2023-01-09,4,615.36,OK,RBA,Carte,LIV6,
CMD08791,CL0418,P036,2023-02-04,4,0,DONE,TANGER,Carte,LIV3,2023-02-06
CMD43059,CL0394,P006,2023-06-06,2,3026.34,livré,Tnja,Carte,LIV9,2023-06-07
CMD38323,CL0981,P060,2023-03-17,4,4978.42,en_cours,casa,Carte,LIV1,
CMD04716,CL0773,P050,2024-02-22,3,1795.46,livré,RBA,Carte,LIV10,2024-02-25
CMD06251,CL0431,P082,Jan 09 2023,1,3235.86,annulé,Agadir,Carte,LIV6,
CMD11508,CL0853,P009,Jan 07 2024,3,4458.56,livré,TNG,Carte,LIV7,2024-01-09
CMD01860,CL0161,P081,2024-03-11,1,170.75,OK,marrakech,Carte,LIV1,
CMD07927,CL0908,P070,2023-01-25,5,2644.87,en_cours,TANGER,Carte,LIV6,
CMD05560,CL0758,P085,2024-02-13,2,0,livré,casa,Carte,LIV5,2024-02-16
CMD22093,CL0891,P083,Nov 01 2023,5,1644.44,LIVRE,Agadir,Carte,LIV7,2023-11-03
CMD29550,CL0206,P033,Sep 23 2023,4,539.75,livré,marrakech,Carte,LIV9,2023-09-26
CMD42599,CL0479,P012,03/04/2024,3,4583.66,annulé,casa,Carte,LIV1,
CMD26145,CL0841,P081,Mar 20 2024,2,116.58,livré,kech,Carte,LIV6,2024-03-22
CMD28428,CL0986,P009,2023-03-07,3,3812.08,livré,RBA,Carte,,2023-03-12
CMD10596,CL0270,P064,03/12/2023,4,4274.43,KO,marrakech,Carte,LIV3,
CMD25748,CL0251,P067,Mar 16 2023,3,3089.48,annulé,RBA,Carte,LIV9,
CMD05111,CL0444,P031,05/07/2023,3,0,annulé,TNG,Carte,LIV9,
CMD43918,CL0545,P035,Mar 05 2023,2,4456.07,livré,Agadir,Carte,LIV10,2023-03-10
CMD15543,CL0745,P010,17/10/2023,4,2761.72,KO,TANGER,Carte,LIV1,
CMD32565,CL0470,P093,Dec 26 2023,3,1358.93,livré,Agadir,Carte,LIV6,2023-12-29
CMD14087,CL0458,P022,May 22 2023,3,501.99,livré,Tnja,Carte,LIV9,2023-05-24
CMD30699,CL0744,P058,19/02/2023,2,2155.29,en_cours,Agadir,Carte,LIV1,
CMD20147,CL0838,P049,2023-11-14,1,4902.8,livré,marrakech,Carte,LIV7,2023-11-15
CMD32309,CL0590,P027,28/01/2024,5,1886.15,LIVRE,RBA,Carte,LIV9,2024-01-29
CMD39400,CL0108,P046,Nov 01 2023,5,1177.21,livré,CASABLANCA,Carte,LIV3,2023-11-03
CMD24504,CL0325,P051,19/12/2023,2,850.23,livre,casa,Carte,LIV9,
CMD17840,CL0289,P079,Feb 08 2023,3,4797.65,DONE,marrakech,Carte,LIV2,2023-02-09
CMD10031,CL0630,P004,2023-08-31,5,1427.36,DONE,RBA,Carte,,2023-09-03
CMD16737,CL0844,P092,16/08/2023,2,3420.79,livré,Tnja,Carte,LIV4,2023-08-18
CMD27254,CL0578,P018,11/02/2024,1,1031.6,livré,RBA,Carte,LIV4,2024-02-15
CMD16586,CL0748,P074,Sep 24 2023,2,1289.43,KO,casa,Carte,LIV3,
CMD04998,CL0394,P021,07/04/2024,3,2957.0,KO,RBA,Carte,LIV1,
CMD00718,CL0479,P083,Jan 04 2023,4,107.56,en_cours,CASABLANCA,Carte,LIV7,
CMD41328,CL0126,P095,13/03/2023,4,939.43,retourné,TANGER,Carte,LIV2,2023-03-16
CMD09980,CL0171,P093,Aug 06 2023,1,867.14,livré,RBA,Carte,LIV4,2023-08-07
CMD39309,CL0676,P018,08/03/2024,3,2399.02,LIVRE,Tnja,Carte,LIV5,2024-03-12
CMD47436,CL0668,P021,18/05/2023,2,1508.06,DONE,Agadir,Carte,LIV8,2023-05-20
CMD03253,CL0523,P028,2024-03-17,3,3327.89,en_cours,casa,Carte,LIV4,
CMD26377,CL0757,P038,2023-12-29,1,1396.58,livré,RBA,Carte,LIV2,2024-01-02
CMD07572,CL0828,P014,Sep 06 2023,2,4182.92,livré,Agadir,Carte,LIV8,2023-09-11
CMD32916,CL0932,P003,2023-07-16,-1,4709.47,LIVRE,kech,Carte,LIV1,2023-07-21
CMD41314,CL0116,P080,Oct 24 2023,5,2631.55,KO,Agadir,Carte,LIV10,
CMD04149,CL0828,P055,Oct 02 2023,3,4015.17,livré,TANGER,Carte,LIV7,2023-10-06
CMD32401,CL0373,P036,2023-08-09,1,647.94,retourné,kech,Carte,LIV3,2023-08-10
CMD43867,CL0502,P059,2023-12-22,4,3791.02,LIVRE,CASABLANCA,Carte,LIV1,2023-12-26
CMD14158,CL0337,P066,May 12 2023,1,334.8,livré,Agadir,Carte,,2023-05-16
CMD21549,CL0478,P049,May 27 2023,5,3632.88,KO,TANGER,Carte,LIV4,
CMD47391,CL0559,P043,2023-04-13,4,3985.45,DONE,kech,Carte,LIV3,2023-04-18
CMD03821,CL0246,P039,Dec 27 2023,3,3754.97,DONE,CASABLANCA,Carte,LIV2,2023-12-31
CMD43399,CL0968,P059,19/02/2024,3,610.98,KO,TANGER,Carte,LIV1,
CMD28231,CL0331,P090,29/03/2023,1,509.2,livré,kech,Carte,,2023-03-31
CMD03742,CL0570,P077,Mar 01 2024,5,3594.49,OK,TANGER,Carte,LIV3,
CMD16879,CL0530,P097,01/06/2023,4,1309.71,OK,marrakech,Carte,,
CMD07166,CL0096,P050,2023-06-21,1,4415.95,retourné,RBA,Carte,LIV1,2023-06-22
CMD05297,CL0168,P081,Nov 07 2023,5,302.58,livré,RBA,Carte,LIV4,2023-11-11
CMD26542,CL0264,P052,Aug 26 2023,5,1036.99,livre,tanger,Carte,LIV8,
CMD02150,CL0877,P022,05/02/2024,2,2243.95,livré,TANGER,Carte,LIV7,2024-02-08
CMD33438,CL0938,P084,2023-11-10,2,860.63,livre,Tnja,Carte,LIV4,
CMD45256,CL0331,P068,24/09/2023,2,3861.87,livré,CASABLANCA,Carte,LIV9,2023-09-26
CMD31488,CL0964,P022,13/07/2023,1,3771.06,livré,TNG,Carte,LIV9,2023-07-16
CMD19874,CL0257,P005,24/06/2023,2,1033.81,livré,TNG,Carte,,2023-06-28
CMD22375,CL0628,P023,Oct 12 2023,3,4527.58,annulé,marrakech,Carte,LIV8,
CMD35387,CL0707,P040,17/08/2023,5,701.32,annulé,kech,Carte,LIV6,
CMD10864,CL0899,P032,Nov 27 2023,3,843.44,annulé,kech,Carte,LIV8,
CMD03257,CL0877,P003,09/03/2023,1,1989.99,KO,CASABLANCA,Carte,LIV6,
CMD08920,CL0992,P023,2023-12-17,4,1988.72,KO,TNG,Carte,LIV5,
CMD04931,CL0076,P079,Apr 07 2023,1,3785.76,OK,RBA,Carte,LIV10,
CMD23378,CL0842,P069,31/01/2023,5,1208.22,livre,RBA,Carte,LIV10,
CMD19535,CL0635,P010,Jul 11 2023,2,2320.44,KO,kech,Carte,LIV3,
CMD24405,CL0376,P080,03/04/2024,5,967.65,retourné,TANGER,Carte,LIV2,2024-04-06
CMD24481,CL0778,P058,2023-07-06,5,4551.62,livré,Tnja,Carte,LIV3,2023-07-08
CMD07908,CL0336,P025,May 11 2023,4,4527.71,livré,Tnja,Carte,LIV8,2023-05-15
CMD36124,CL0094,P098,2023-03-20,3,3917.71,en_cours,kech,Carte,LIV4,
CMD07458,CL0279,P010,2023-04-29,3,3249.38,retourné,CASABLANCA,Carte,LIV8,2023-05-01
CMD38023,CL0667,P048,14/11/2023,1,2335.14,LIVRE,TANGER,Carte,LIV3,2023-11-19
CMD14898,CL0163,P011,04/12/2023,5,790.49,DONE,Agadir,Carte,LIV10,2023-12-07
CMD20490,CL0768,P056,2023-05-10,4,1829.01,KO,Tnja,Carte,LIV2,
CMD47850,CL0832,P089,Apr 08 2023,4,3580.04,livré,casa,Carte,,2023-04-11
CMD46610,CL0544,P092,Jan 13 2024,3,1540.93,LIVRE,TANGER,Carte,LIV10,2024-01-14
CMD19374,CL0673,P019,05/11/2023,1,138.49,annulé,RBA,Carte,LIV7,
CMD28432,CL0191,P059,22/11/2023,4,4956.2,DONE,Agadir,Carte,LIV6,2023-11-25
CMD22746,CL0641,P088,2023-08-20,3,4605.05,en_cours,tanger,Carte,,
CMD47117,CL0867,P100,25/10/2023,5,2408.07,OK,TNG,Carte,LIV10,
CMD46677,CL0108,P015,09/05/2024,1,824.63,LIVRE,TNG,Carte,LIV8,2024-05-14
CMD20682,CL0242,P094,Nov 10 2023,5,4041.23,annulé,Agadir,Carte,,
CMD10494,CL0990,P006,16/03/2023,2,1381.53,OK,CASABLANCA,Carte,LIV9,
CMD16550,CL0597,P050,03/12/2023,3,2154.82,DONE,CASABLANCA,Carte,LIV6,2023-12-04
CMD03215,CL0107,P078,03/04/2023,2,3746.49,KO,TNG,Carte,LIV8,
CMD17498,CL0566,P031,31/03/2023,5,276.73,DONE,Tnja,Carte,LIV8,2023-04-03
CMD04460,CL0748,P038,Sep 21 2023,5,0,KO,marrakech,Carte,LIV3,
CMD15573,CL0709,P091,2023-07-31,1,4322.97,OK,tanger,Carte,LIV6,
CMD36150,CL0145,P078,2023-07-08,3,3625.02,LIVRE,Agadir,Carte,LIV1,2023-07-10
CMD47832,CL0174,P024,2023-09-17,2,1467.54,livré,CASABLANCA,Carte,LIV6,2023-09-18
CMD00521,CL0159,P051,Oct 28 2023,4,2212.97,livre,TANGER,Carte,LIV7,
CMD04239,CL0937,P028,2023-03-10,2,3611.46,OK,Tnja,Carte,LIV5,
CMD43128,CL0481,P026,26/07/2023,1,3405.42,OK,Tnja,Carte,LIV5,
CMD03963,CL0931,P038,Oct 20 2023,4,1840.33,KO,kech,Carte,LIV9,
CMD22113,CL0888,P069,24/11/2023,2,3355.2,livré,kech,Carte,LIV7,2023-11-29
CMD46527,CL0665,P013,2023-11-27,3,668.14,en_cours,marrakech,Carte,LIV8,
CMD36295,CL0984,P022,Mar 13 2024,2,3458.11,KO,CASABLANCA,Carte,LIV6,
CMD36892,CL0561,P094,2024-02-29,4,1858.73,en_cours,TANGER,Carte,LIV7,
CMD00631,CL0837,P082,2024-01-21,3,3373.27,KO,casa,Carte,LIV5,
CMD47496,CL0189,P075,06/06/2023,1,4342.04,KO,CASABLANCA,Carte,LIV3,
CMD37333,CL0679,P013,Oct 13 2023,5,3871.23,livré,Agadir,Carte,LIV3,2023-10-17
CMD16887,CL0628,P026,08/04/2023,1,4284.21,retourné,Agadir,Carte,LIV9,2023-04-12
CMD00878,CL0667,P085,02/02/2024,1,2145.04,livre,TANGER,Carte,LIV1,
CMD44523,CL0246,P049,29/03/2023,5,935.48,livré,TANGER,Carte,LIV9,2023-03-31
CMD13007,CL0906,P033,Jul 05 2023,5,2704.78,KO,casa,Carte,LIV5,
CMD39241,CL0385,P028,2024-05-09,2,2276.7,en_cours,kech,Carte,LIV1,
CMD38143,CL0443,P072,12/04/2023,1,4880.82,DONE,Agadir,Carte,LIV6,2023-04-15
CMD11738,CL0345,P054,11/04/2023,3,3995.76,KO,marrakech,Carte,LIV5,
CMD44082,CL0939,P052,2024-04-01,5,1769.71,livré,marrakech,Carte,LIV6,2024-04-05
CMD44465,CL0226,P020,2023-06-08,2,3181.94,LIVRE,Agadir,Carte,LIV6,2023-06-10
CMD05755,CL0950,P095,Dec 09 2023,3,4636.33,livré,Tnja,Carte,LIV10,2023-12-11
CMD02109,CL0757,P091,2024-03-13,3,3861.54,en_cours,CASABLANCA,Carte,LIV2,
CMD06479,CL0635,P030,Jun 10 2023,5,1297.72,en_cours,Agadir,Carte,LIV9,
CMD33084,CL0338,P054,30/05/2023,3,1790.09,OK,TNG,Carte,LIV7,
CMD22923,CL0093,P046,Jan 15 2023,4,1991.07,OK,TANGER,Carte,LIV10,
CMD38607,CL0333,P050,2024-01-11,2,4987.57,KO,TNG,Carte,LIV8,
CMD40484,CL0838,P013,2024-01-14,2,3188.35,LIVRE,CASABLANCA,Carte,LIV6,2024-01-17
CMD09636,CL0345,P028,19/08/2023,2,1923.24,annulé,Tnja,Carte,LIV2,
CMD37019,CL0405,P075,2024-03-27,4,3647.31,livre,kech,Carte,LIV1,
CMD40925,CL0786,P031,2023-04-18,1,3188.59,en_cours,casa,Carte,LIV4,
CMD36867,CL0027,P083,31/01/2023,5,4587.79,DONE,marrakech,Carte,LIV7,2023-02-03
CMD31507,CL0900,P008,Feb 19 2024,3,109.63,livré,CASABLANCA,Carte,LIV2,2024-02-22
CMD28589,CL0638,P045,05/03/2024,5,2667.04,LIVRE,Tnja,Carte,LIV3,2024-03-07
CMD35781,CL0075,P059,13/06/2023,4,2152.57,KO,RBA,Carte,LIV10,
CMD44608,CL0777,P035,24/10/2023,5,659.56,DONE,kech,Carte,LIV8,2023-10-27
CMD31186,CL0705,P081,2024-03-31,5,3502.82,retourné,tanger,Carte,LIV7,2024-04-03
CMD13329,CL0001,P011,May 30 2023,4,2582.55,annulé,kech,Carte,LIV5,
CMD23312,CL0846,P036,2024-02-09,4,3032.81,KO,casa,Carte,LIV9,
CMD38041,CL0198,P093,2023-09-13,4,4863.01,livré,TNG,Carte,LIV4,2023-09-15
CMD36157,CL0490,P033,25/10/2023,1,554.9,KO,TANGER,Carte,LIV9,
CMD40789,CL0176,P005,13/11/2023,4,1619.61,retourné,CASABLANCA,Carte,LIV1,2023-11-17
CMD15186,CL0032,P005,Feb 13 2024,1,455.38,DONE,TANGER,Carte,LIV1,2024-02-14
CMD08591,CL0646,P097,Feb 05 2023,5,380.09,retourné,RBA,Carte,LIV10,2023-02-10
CMD16410,CL0552,P064,2023-07-04,4,705.94,livre,Tnja,Carte,LIV10,
CMD41872,CL0673,P013,2023-06-08,2,0,LIVRE,tanger,Carte,LIV10,2023-06-12
CMD36424,CL0016,P046,2024-04-22,5,1864.33,annulé,TANGER,Carte,LIV9,
CMD12106,CL0252,P031,2023-02-10,5,4844.43,en_cours,Tnja,Carte,LIV1,
CMD36273,CL0024,P071,16/04/2023,4,2176.97,OK,Agadir,Carte,LIV8,
CMD45459,CL0120,P075,Apr 07 2023,3,910.67,DONE,TNG,Carte,LIV7,2023-04-12
CMD04850,CL0202,P085,2024-05-14,5,1307.34,livré,tanger,Carte,,2024-05-16
CMD48354,CL0934,P005,Aug 18 2023,1,1342.82,livré,TANGER,Carte,LIV9,2023-08-19
CMD31626,CL0702,P076,Feb 24 2023,1,2761.45,KO,marrakech,Carte,LIV4,
CMD15352,CL0157,P087,30/12/2023,4,3264.15,DONE,kech,Carte,LIV7,2024-01-03
CMD30267,CL0230,P005,2023-05-14,1,0,LIVRE,tanger,Carte,LIV8,2023-05-18
CMD09296,CL0283,P018,19/03/2024,2,1745.43,annulé,RBA,Carte,LIV7,
CMD14012,CL0375,P098,30/03/2024,4,1495.76,retourné,tanger,Carte,LIV10,2024-04-04
CMD06220,CL0116,P022,2023-11-30,1,4407.72,DONE,marrakech,Carte,,2023-12-04
CMD03861,CL0864,P007,Sep 16 2023,5,4456.34,DONE,TANGER,Carte,LIV2,2023-09-19
CMD35151,CL0265,P026,29/06/2023,4,2710.55,livré,RBA,Carte,LIV4,2023-07-03
CMD06314,CL0336,P045,06/01/2024,5,2845.02,livré,casa,Carte,LIV7,2024-01-11
CMD40629,CL0745,P061,Oct 31 2023,3,4427.41,livré,tanger,Carte,LIV7,2023-11-02
CMD45286,CL0175,P028,May 05 2024,3,176.87,LIVRE,casa,Carte,LIV10,2024-05-10
CMD06332,CL0478,P067,04/11/2023,2,541.58,livré,TNG,Carte,LIV9,2023-11-07
CMD04143,CL0290,P056,2023-06-17,3,3386.27,livre,TNG,Carte,LIV2,
CMD33367,CL0705,P026,26/08/2023,1,3170.12,LIVRE,tanger,Carte,LIV6,2023-08-28
CMD10138,CL0051,P015,19/01/2023,3,2881.29,retourné,TANGER,Carte,LIV7,2023-01-22
CMD20917,CL0808,P003,2023-09-21,5,3983.24,livré,TANGER,Carte,LIV6,2023-09-22
CMD23461,CL0494,P055,Mar 19 2023,1,482.76,KO,TNG,Carte,LIV2,
CMD03034,CL0816,P087,29/09/2023,2,4567.7,livré,Agadir,Carte,LIV9,2023-10-03
CMD04078,CL0561,P077,Apr 30 2024,3,1273.07,livré,Agadir,Carte,LIV9,2024-05-03
CMD13866,CL0032,P036,04/04/2023,2,2891.35,LIVRE,kech,Carte,LIV4,2023-04-05
CMD32414,CL0809,P047,2023-02-25,3,3118.23,livré,TNG,Carte,LIV8,2023-02-27
CMD21707,CL0560,P008,Aug 06 2023,2,4079.32,livre,TNG,Carte,LIV8,
CMD14918,CL0861,P074,2023-09-25,2,4247.48,OK,marrakech,Carte,,
CMD13434,CL0379,P013,Apr 01 2024,5,3935.3,en_cours,marrakech,Carte,,
CMD02865,CL0607,P085,12/02/2024,2,2455.8,livré,TANGER,Carte,LIV9,2024-02-15
CMD22946,CL0798,P033,2024-02-14,3,4460.34,OK,TANGER,Carte,LIV7,
CMD46653,CL0577,P007,10/06/2023,3,3181.4,livré,tanger,Carte,LIV6,2023-06-12
CMD26679,CL0316,P062,07/06/2023,1,2320.44,annulé,RBA,Carte,LIV9,
CMD16557,CL0622,P100,Jul 25 2023,4,1000.59,annulé,kech,Carte,LIV7,
CMD35834,CL0445,P084,07/02/2024,1,4225.71,KO,kech,Carte,LIV7,
CMD25633,CL0045,P065,14/12/2023,2,1727.13,retourné,Agadir,Carte,LIV9,2023-12-18
CMD36105,CL0336,P037,23/02/2024,4,2435.24,en_cours,kech,Carte,LIV2,
CMD39652,CL0988,P093,May 04 2024,5,3884.89,livré,Agadir,Carte,LIV1,2024-05-08
CMD23069,CL0705,P006,2023-11-11,4,2892.99,OK,tanger,Carte,LIV3,
CMD13905,CL0669,P043,Dec 25 2023,2,1729.2,OK,tanger,Carte,LIV4,
CMD43443,CL0225,P017,02/02/2024,5,4588.42,livré,RBA,Carte,LIV2,2024-02-07
CMD28122,CL0226,P063,Jun 14 2023,5,3078.3,livré,marrakech,Carte,LIV2,2023-06-17
CMD25895,CL0028,P035,Jun 05 2023,2,1951.94,KO,casa,Carte,LIV1,
CMD38044,CL0363,P059,09/01/2023,3,210.68,livré,casa,Carte,LIV3,2023-01-12
CMD18301,CL0969,P035,Feb 18 2023,3,3497.78,livré,TANGER,Carte,LIV9,2023-02-20
CMD45861,CL0016,P036,30/12/2023,2,1280.29,livré,RBA,Carte,LIV2,2024-01-01
CMD29672,CL0262,P092,Apr 15 2023,5,3710.13,en_cours,TANGER,Carte,LIV4,
CMD37236,CL0419,P034,07/04/2024,5,108.54,retourné,marrakech,Carte,,2024-04-08
CMD23864,CL0643,P023,08/03/2024,3,3418.19,DONE,tanger,Carte,LIV8,2024-03-13
CMD34497,CL0069,P007,08/12/2023,5,623.07,livre,TNG,Carte,LIV8,
CMD16288,CL0499,P083,28/11/2023,3,1642.14,retourné,casa,Carte,LIV3,2023-11-29
CMD28820,CL0229,P066,2024-01-23,2,4269.35,livré,Tnja,Carte,LIV3,2024-01-27
CMD13114,CL0821,P028,Apr 18 2023,3,185.92,LIVRE,marrakech,Carte,LIV2,2023-04-20
CMD43505,CL0732,P025,10/07/2023,1,1630.73,LIVRE,casa,Carte,LIV6,2023-07-12
CMD02083,CL0755,P024,2023-11-26,3,1276.35,livré,TANGER,Carte,LIV7,2023-12-01
CMD30084,CL0914,P001,Jan 07 2023,3,4469.77,DONE,CASABLANCA,Carte,LIV3,2023-01-08
CMD05401,CL0114,P048,2023-04-06,3,4800.82,livré,Agadir,Carte,LIV3,2023-04-10
CMD16398,CL0040,P092,02/07/2023,5,1714.62,KO,marrakech,Carte,LIV9,
CMD47355,CL0397,P058,Jul 11 2023,-1,4517.97,en_cours,casa,Carte,LIV6,
CMD19570,CL0139,P064,Jul 19 2023,3,1538.13,livré,TNG,Carte,LIV9,2023-07-21
CMD24913,CL0985,P059,15/01/2024,3,703.99,annulé,TANGER,Carte,,
CMD13595,CL0609,P033,2024-02-25,3,1734.01,en_cours,marrakech,Carte,LIV4,
CMD43854,CL0200,P096,Mar 22 2024,2,1327.21,DONE,CASABLANCA,Carte,LIV6,2024-03-27
CMD23802,CL0658,P082,01/03/2024,3,689.25,livré,RBA,Carte,LIV5,2024-03-04
CMD29189,CL0347,P064,Mar 02 2023,1,693.01,LIVRE,casa,Carte,LIV7,2023-03-04
CMD19011,CL0406,P092,Apr 24 2023,1,4276.2,LIVRE,kech,Carte,LIV8,2023-04-25
CMD18298,CL0834,P006,Sep 25 2023,1,1832.62,retourné,tanger,Carte,LIV5,2023-09-28
CMD23466,CL0685,P024,Dec 30 2023,3,4240.83,OK,tanger,Carte,LIV2,
CMD31462,CL0354,P098,12/04/2023,4,2750.03,en_cours,TNG,Carte,LIV5,
CMD44179,CL0139,P004,15/04/2023,2,4512.94,annulé,TANGER,Carte,LIV8,
CMD12098,CL0314,P007,25/07/2023,1,1537.36,KO,kech,Carte,LIV6,
CMD15832,CL0236,P030,2024-01-17,3,3561.03,DONE,casa,Carte,,2024-01-20
CMD30758,CL0129,P097,2023-05-28,2,1418.16,livré,TNG,Carte,LIV4,2023-06-01
CMD16785,CL0626,P082,2023-04-11,4,815.87,livré,Tnja,Carte,LIV5,2023-04-12
CMD40650,CL0494,P091,Jun 12 2023,4,2051.56,annulé,TNG,Carte,LIV5,
CMD09143,CL0202,P057,2023-10-19,5,505.04,livré,TANGER,Carte,LIV3,2023-10-24
CMD19645,CL0755,P013,May 02 2023,2,3511.05,OK,kech,Carte,LIV9,
CMD45617,CL0006,P006,2023-06-09,5,1507.08,retourné,Agadir,Carte,LIV10,2023-06-10
CMD18206,CL0609,P089,2023-03-23,3,1572.22,annulé,kech,Carte,LIV1,
CMD18304,CL0398,P007,16/12/2023,4,2011.07,OK,RBA,Carte,LIV9,
CMD36202,CL0204,P027,18/06/2023,5,4596.3,retourné,Agadir,Carte,LIV2,2023-06-23
CMD48343,CL0241,P014,2023-07-01,3,2311.53,en_cours,casa,Carte,LIV7,
CMD25676,CL0046,P058,2023-01-22,1,3565.47,retourné,TANGER,Carte,LIV3,2023-01-24
CMD42511,CL0630,P081,2023-04-29,5,707.75,DONE,casa,Carte,LIV1,2023-05-01
CMD47583,CL0820,P022,Feb 22 2023,1,4862.49,retourné,RBA,Carte,LIV8,2023-02-24
CMD06762,CL0873,P042,06/04/2023,2,3916.45,en_cours,Tnja,Carte,LIV1,
CMD24640,CL0974,P044,2023-05-18,3,4488.22,LIVRE,kech,Carte,LIV10,2023-05-19
CMD12716,CL0402,P083,Mar 07 2023,5,4496.75,OK,kech,Carte,LIV4,
CMD38982,CL0042,P073,Feb 29 2024,1,141.79,LIVRE,kech,Carte,LIV3,2024-03-05
CMD06884,CL0185,P038,Nov 09 2023,3,1925.65,LIVRE,Agadir,Carte,LIV9,2023-11-12
CMD19588,CL0866,P050,Jun 24 2023,3,3309.97,livré,Tnja,Carte,LIV2,2023-06-25
CMD06279,CL0807,P081,2023-08-01,5,606.8,retourné,TNG,Carte,LIV6,2023-08-04
CMD09720,CL0669,P089,Aug 29 2023,2,3438.03,KO,TANGER,Carte,LIV3,
CMD08542,CL0672,P097,May 25 2023,3,135.93,OK,Agadir,Carte,LIV8,
CMD22251,CL0912,P008,2023-06-21,5,2160.24,DONE,marrakech,Carte,LIV8,2023-06-25
CMD14611,CL0744,P066,27/02/2023,2,4870.5,livré,tanger,Carte,LIV8,2023-02-28
CMD11159,CL0448,P099,2023-03-12,1,2080.74,livré,Agadir,Carte,LIV9,2023-03-17
CMD05488,CL0441,P046,2023-04-19,3,1096.46,OK,kech,Carte,LIV2,
CMD06771,CL0531,P065,2024-04-21,4,3427.46,annulé,marrakech,Carte,LIV7,
CMD43058,CL0085,P013,26/09/2023,5,1584.88,livré,TNG,Carte,LIV5,2023-09-29
CMD20842,CL0521,P024,Feb 09 2023,3,59.66,OK,RBA,Carte,LIV1,
CMD00031,CL0930,P084,Jun 26 2023,2,231.57,livre,Tnja,Carte,LIV4,
CMD05778,CL0261,P097,Aug 04 2023,5,4594.61,DONE,TANGER,Carte,LIV3,2023-08-09
CMD33130,CL0606,P019,Feb 17 2024,2,970.93,KO,kech,Carte,LIV3,
CMD15735,CL0834,P068,May 23 2023,1,4129.72,livré,Tnja,Carte,LIV7,2023-05-24
CMD28984,CL0112,P006,21/09/2023,3,1637.83,livré,tanger,Carte,,2023-09-25
CMD13342,CL0600,P076,09/10/2023,1,4846.09,KO,Tnja,Carte,LIV5,
CMD20803,CL0069,P015,May 02 2024,5,2605.61,annulé,CASABLANCA,Carte,LIV8,
CMD06863,CL0043,P023,2023-11-14,2,2151.46,livré,Agadir,Carte,LIV1,2023-11-17
CMD28521,CL0455,P018,2023-02-21,3,4965.49,DONE,casa,Carte,LIV4,2023-02-25
CMD09784,CL0164,P044,Jun 05 2023,1,3116.09,retourné,CASABLANCA,Carte,LIV4,2023-06-07
CMD02782,CL0850,P047,22/03/2024,-1,3973.72,LIVRE,marrakech,Carte,LIV8,2024-03-24
CMD14294,CL0146,P057,Apr 10 2023,5,450.24,retourné,tanger,Carte,LIV5,2023-04-11
CMD02680,CL0587,P034,Mar 27 2024,3,1774.16,livre,TANGER,Carte,LIV2,
CMD24886,CL0639,P095,2024-04-03,4,2624.35,livre,kech,Carte,LIV1,
CMD02999,CL0841,P072,15/12/2023,5,4224.3,LIVRE,RBA,Carte,LIV2,2023-12-17
CMD47349,CL0874,P086,2023-10-01,4,1539.16,en_cours,Tnja,Carte,LIV8,
CMD18327,CL0881,P007,2023-08-15,4,4792.95,LIVRE,CASABLANCA,Carte,LIV2,2023-08-18
CMD31189,CL0234,P087,Mar 06 2023,1,2098.55,en_cours,kech,Carte,LIV6,
CMD05054,CL0386,P092,2023-08-22,3,585.86,livré,TANGER,Carte,LIV10,2023-08-24
CMD24080,CL0029,P073,Jan 04 2023,1,498.96,retourné,tanger,Carte,LIV4,2023-01-05
CMD40836,CL0636,P078,2024-04-19,4,4161.01,OK,RBA,Carte,LIV2,
CMD09127,CL0584,P021,May 24 2023,3,0,LIVRE,casa,Carte,LIV5,2023-05-28
CMD01874,CL0366,P021,2023-12-27,1,1742.84,DONE,kech,Carte,LIV4,2023-12-29
CMD44863,CL0148,P019,Feb 11 2023,2,4221.36,DONE,Agadir,Carte,,2023-02-15
CMD37229,CL0756,P044,Nov 20 2023,3,899.05,livré,Agadir,Carte,LIV3,2023-11-23
CMD26519,CL0681,P019,2024-05-05,2,635.8,OK,casa,Carte,LIV1,
CMD24267,CL0176,P097,2023-10-23,3,0,livré,marrakech,Carte,LIV6,2023-10-24
CMD23243,CL0670,P062,25/08/2023,2,1525.55,annulé,TNG,Carte,LIV3,
CMD22396,CL0429,P100,23/10/2023,1,4071.08,DONE,tanger,Carte,,2023-10-28
CMD15932,CL0716,P081,2023-06-25,5,4088.41,LIVRE,casa,Carte,LIV9,2023-06-29
CMD07438,CL0116,P063,Aug 20 2023,5,1645.5,en_cours,RBA,Carte,LIV3,
CMD06506,CL0402,P059,17/01/2023,2,4358.11,en_cours,TNG,Carte,LIV2,
CMD10082,CL0320,P020,Nov 04 2023,1,1800.19,OK,tanger,Carte,LIV8,
CMD40829,CL0530,P073,15/01/2024,1,851.24,livre,CASABLANCA,Carte,LIV4,
CMD09984,CL0752,P047,2024-01-31,5,4248.58,LIVRE,casa,Carte,LIV3,2024-02-01
CMD45349,CL0292,P071,Feb 18 2024,5,1860.71,KO,tanger,Carte,LIV7,
CMD23280,CL0160,P025,Mar 25 2023,2,352.45,retourné,kech,Carte,LIV10,2023-03-29
CMD00252,CL0694,P043,29/12/2023,1,4048.74,en_cours,Tnja,Carte,LIV7,
CMD19335,CL0782,P015,Oct 07 2023,4,4062.51,livre,CASABLANCA,Carte,LIV4,
CMD32857,CL0057,P055,Feb 24 2024,4,3317.17,livré,marrakech,Carte,,2024-02-27
CMD06222,CL0786,P100,09/05/2024,1,3767.86,en_cours,TNG,Carte,LIV5,
CMD35091,CL0703,P059,Jan 01 2024,5,1334.0,DONE,RBA,Carte,LIV4,2024-01-02
CMD36640,CL0177,P058,Mar 13 2023,4,1302.37,OK,kech,Carte,LIV3,
CMD11623,CL0976,P087,May 29 2023,4,2918.5,annulé,Tnja,Carte,LIV10,
CMD39151,CL0981,P053,Dec 30 2023,2,615.48,retourné,Tnja,Carte,LIV8,2023-12-31
CMD33103,CL0887,P033,25/02/2023,2,1738.56,KO,Agadir,Carte,,
CMD15627,CL0514,P078,Sep 15 2023,2,2849.57,annulé,kech,Carte,LIV10,
CMD16361,CL0920,P046,2023-11-04,1,4326.37,LIVRE,Tnja,Carte,LIV1,2023-11-09
CMD12452,CL0049,P038,2023-08-08,2,1550.17,DONE,tanger,Carte,LIV9,2023-08-10
CMD43966,CL0018,P019,2023-02-24,5,3696.5,livré,tanger,Carte,LIV4,2023-03-01
CMD29442,CL0691,P049,2023-05-15,2,133.9,DONE,TNG,Carte,LIV4,2023-05-19
CMD31637,CL0968,P067,2024-04-01,5,4160.21,annulé,marrakech,Carte,LIV2,
CMD04905,CL0465,P039,Feb 18 2024,1,1674.77,KO,TANGER,Carte,LIV1,
CMD02551,CL0739,P007,Jan 30 2023,4,3786.81,livré,casa,Carte,LIV9,2023-02-02
CMD08025,CL0183,P056,2023-12-03,5,1024.35,annulé,kech,Carte,LIV7,
CMD17773,CL0553,P050,Apr 02 2023,1,578.08,KO,kech,Carte,LIV8,
CMD21129,CL0277,P017,Feb 05 2024,4,3147.18,livré,CASABLANCA,Carte,LIV1,2024-02-06
CMD13932,CL0672,P053,08/01/2024,1,2105.76,livré,kech,Carte,LIV10,2024-01-09
CMD27848,CL0898,P052,19/07/2023,2,1594.93,livré,casa,Carte,LIV8,2023-07-22
CMD12192,CL0450,P094,Dec 25 2023,3,4985.04,en_cours,Tnja,Carte,LIV5,
CMD39479,CL0535,P053,18/03/2023,4,2161.49,en_cours,casa,Carte,LIV7,
CMD00204,CL0081,P049,2023-05-01,2,480.55,KO,TANGER,Carte,LIV10,
CMD39379,CL0445,P051,Nov 05 2023,1,2413.72,livre,kech,Carte,LIV6,
CMD17586,CL0356,P083,07/07/2023,5,4185.45,livré,CASABLANCA,Carte,LIV9,2023-07-12
CMD39339,CL0612,P078,14/04/2023,2,2995.57,livré,TANGER,Carte,LIV4,2023-04-17
CMD01568,CL0388,P011,Aug 21 2023,2,728.21,livré,kech,Carte,LIV9,2023-08-25
CMD47866,CL0016,P027,Sep 08 2023,2,2822.4,livré,marrakech,Carte,LIV3,2023-09-12
CMD29295,CL0066,P039,2024-04-18,2,3964.6,livré,TNG,Carte,LIV4,2024-04-23
CMD07119,CL0465,P052,2023-12-13,5,3802.97,OK,TANGER,Carte,LIV7,
CMD22495,CL0783,P055,09/08/2023,3,4094.51,livre,RBA,Carte,LIV2,
CMD02488,CL0142,P003,04/03/2024,1,1471.81,livré,TNG,Carte,LIV10,2024-03-09
CMD42229,CL0811,P040,Feb 18 2023,5,1845.68,livré,kech,Carte,,2023-02-23
CMD14865,CL0266,P064,14/05/2024,2,2244.14,LIVRE,tanger,Carte,LIV6,2024-05-15
CMD31208,CL0709,P029,05/07/2023,2,4566.68,LIVRE,Tnja,Carte,LIV5,2023-07-06
CMD07187,CL0917,P092,2023-01-11,1,3252.27,livré,RBA,Carte,LIV3,2023-01-16
CMD22368,CL0341,P031,Apr 29 2024,5,793.14,KO,TANGER,Carte,LIV8,
CMD30749,CL0232,P012,Feb 14 2024,2,2713.2,en_cours,kech,Carte,,
CMD10009,CL0428,P069,03/08/2023,1,3014.72,LIVRE,marrakech,Carte,LIV9,2023-08-07
CMD36178,CL0021,P035,Feb 27 2023,5,1782.46,livre,TANGER,Carte,LIV10,
CMD31846,CL0106,P059,24/05/2023,1,1570.59,retourné,Agadir,Carte,LIV9,2023-05-25
CMD37261,CL0577,P055,09/04/2023,5,1324.77,KO,TNG,Carte,LIV6,
CMD06467,CL0919,P075,28/11/2023,3,2725.16,KO,kech,Carte,LIV2,
CMD43437,CL0947,P095,2023-08-23,2,4281.02,retourné,TANGER,Carte,LIV6,2023-08-25
CMD47684,CL0771,P029,Jun 28 2023,2,2159.36,retourné,tanger,Carte,LIV2,2023-07-01
CMD21293,CL0080,P011,Dec 02 2023,5,3008.07,KO,kech,Carte,LIV10,
CMD22221,CL0914,P055,May 21 2023,5,563.54,livré,marrakech,Carte,LIV4,2023-05-24
CMD13928,CL0785,P045,16/01/2023,1,4455.9,DONE,casa,Carte,LIV9,2023-01-17
CMD32152,CL0238,P010,Sep 26 2023,-1,748.34,KO,TANGER,Carte,LIV9,
CMD14757,CL0720,P097,10/06/2023,1,2488.62,livré,TANGER,Carte,LIV3,2023-06-14
CMD42151,CL0980,P065,09/05/2024,2,3813.28,livre,tanger,Carte,LIV2,
CMD14190,CL0514,P041,Dec 31 2023,5,4026.04,livré,RBA,Carte,LIV7,2024-01-04
CMD25323,CL0415,P090,2023-05-11,2,3498.28,livré,Tnja,Carte,LIV3,2023-05-14
CMD24546,CL0562,P031,29/07/2023,5,1112.7,DONE,marrakech,Carte,LIV3,2023-08-03
CMD07365,CL0988,P059,May 06 2023,3,3347.94,LIVRE,kech,Carte,LIV1,2023-05-11
CMD38686,CL0784,P079,2023-07-10,3,4507.02,livré,Agadir,Carte,LIV6,2023-07-14
CMD04790,CL0983,P025,Apr 14 2023,2,4634.71,OK,tanger,Carte,LIV4,
CMD19793,CL0181,P039,10/03/2024,5,1924.64,KO,tanger,Carte,LIV4,
CMD17501,CL0952,P067,05/03/2023,1,2564.74,en_cours,Agadir,Carte,LIV10,
CMD13739,CL0424,P013,2024-02-23,1,3460.67,livré,marrakech,Carte,LIV1,2024-02-24
CMD45532,CL0327,P002,2023-10-30,2,2301.93,retourné,tanger,Carte,LIV9,2023-10-31
CMD05125,CL0001,P044,Sep 14 2023,3,2634.1,DONE,TNG,Carte,LIV6,2023-09-18
CMD46449,CL0114,P075,Jul 30 2023,3,342.16,livré,CASABLANCA,Carte,LIV10,2023-08-03
CMD23744,CL0799,P086,24/04/2024,5,2159.02,LIVRE,Tnja,Carte,LIV7,2024-04-28
CMD03636,CL0985,P019,05/05/2023,1,3500.23,annulé,marrakech,Carte,LIV1,
CMD06556,CL0577,P057,02/03/2023,3,2923.15,OK,CASABLANCA,Carte,LIV8,
CMD16114,CL0602,P038,10/02/2024,4,4665.82,en_cours,marrakech,Carte,,
CMD24717,CL0418,P019,2023-03-28,3,4477.94,DONE,casa,Carte,LIV7,2023-04-02
CMD39028,CL0161,P088,27/07/2023,3,4525.7,LIVRE,kech,Carte,LIV5,2023-07-28
CMD44565,CL0190,P013,2023-07-12,5,3434.82,OK,marrakech,Carte,,
CMD02612,CL0696,P045,Mar 12 2023,1,1824.55,en_cours,tanger,Carte,LIV4,
CMD04455,CL0526,P030,2023-11-04,1,957.93,livré,casa,Carte,LIV5,2023-11-06
CMD31073,CL0546,P002,18/08/2023,4,1911.08,livré,marrakech,Carte,LIV6,2023-08-19
CMD01803,CL0346,P033,2024-01-06,1,1153.58,LIVRE,Agadir,Carte,LIV6,2024-01-09
CMD26883,CL0932,P080,2024-02-04,1,4355.01,livre,TANGER,Carte,LIV1,
CMD09481,CL0338,P057,Feb 14 2023,5,2949.82,livré,RBA,Carte,LIV3,2023-02-15
CMD31486,CL0914,P089,May 08 2024,2,1490.8,livré,TNG,Carte,LIV2,2024-05-10
CMD03098,CL0399,P086,Jul 18 2023,1,2296.73,livre,TANGER,Carte,LIV9,
CMD31435,CL0919,P058,2023-10-01,3,4301.98,livre,Agadir,Carte,LIV4,
CMD16771,CL0474,P022,Nov 01 2023,4,3976.66,livre,tanger,Carte,,
CMD15535,CL0222,P089,2023-10-26,5,1274.46,DONE,casa,Carte,LIV3,2023-10-30
CMD36598,CL0792,P046,23/12/2023,3,405.99,OK,kech,Carte,,
CMD18585,CL0839,P100,Sep 26 2023,3,3647.08,retourné,TNG,Carte,LIV8,2023-10-01
CMD44288,CL0882,P001,2023-01-15,2,2258.8,OK,TNG,Carte,,
CMD29201,CL0293,P056,Mar 31 2024,-1,3878.59,annulé,casa,Carte,,
CMD25221,CL0542,P057,06/06/2023,1,2476.78,livré,kech,Carte,LIV6,2023-06-08
CMD29280,CL0449,P032,20/01/2023,2,2807.96,retourné,kech,Carte,LIV10,2023-01-21
CMD36841,CL0207,P028,06/01/2023,4,3798.17,LIVRE,CASABLANCA,Carte,LIV2,2023-01-10
CMD04386,CL0009,P096,22/11/2023,1,2739.99,livré,Agadir,Carte,,2023-11-24
CMD37492,CL0287,P092,2024-01-08,1,4428.44,livré,kech,Carte,LIV1,2024-01-12
CMD40813,CL0966,P039,2024-02-17,1,2593.11,retourné,kech,Carte,,2024-02-21
CMD10174,CL0938,P052,21/04/2024,4,4028.98,DONE,Tnja,Carte,LIV2,2024-04-25
CMD26938,CL0647,P024,14/02/2024,4,2016.1,LIVRE,CASABLANCA,Carte,LIV10,2024-02-19
CMD26493,CL0238,P005,11/03/2024,3,3649.07,livre,casa,Carte,LIV4,
CMD00383,CL0123,P066,2024-04-08,1,4783.82,annulé,Agadir,Carte,LIV7,
CMD16061,CL0670,P054,May 20 2023,-1,2425.47,KO,TANGER,Carte,LIV10,
CMD18575,CL0907,P043,2024-03-14,5,3958.22,LIVRE,TNG,Carte,LIV1,2024-03-19
CMD01666,CL0550,P023,2024-01-02,-1,2163.46,annulé,casa,Carte,LIV1,
CMD03866,CL0111,P017,Apr 08 2023,5,0,livré,casa,Carte,,2023-04-11
CMD41404,CL0254,P025,2023-11-13,1,4397.87,livré,TANGER,Carte,LIV9,2023-11-15
CMD33828,CL0509,P043,2023-02-21,1,3517.39,KO,Tnja,Carte,LIV5,
CMD03144,CL0394,P073,2024-01-29,1,2409.98,livré,kech,Carte,LIV6,2024-02-03
CMD04323,CL0765,P047,2023-10-04,5,462.35,retourné,tanger,Carte,LIV3,2023-10-07
CMD04361,CL0960,P019,2024-04-23,2,3508.3,LIVRE,CASABLANCA,Carte,LIV4,2024-04-26
CMD12717,CL0584,P072,2023-08-29,2,2455.62,en_cours,Tnja,Carte,LIV3,
CMD36887,CL0987,P094,25/01/2024,3,3583.04,annulé,casa,Carte,LIV2,
CMD13101,CL0508,P092,Apr 20 2023,3,2828.94,livré,marrakech,Carte,LIV4,2023-04-22
CMD29010,CL0075,P040,2023-03-12,3,4169.47,retourné,CASABLANCA,Carte,LIV10,2023-03-13
CMD41677,CL0366,P008,05/06/2023,1,3326.09,LIVRE,RBA,Carte,LIV7,2023-06-08
CMD06168,CL0185,P039,29/04/2024,5,1658.63,annulé,Agadir,Carte,LIV1,
CMD29497,CL0529,P032,2023-07-08,1,3976.63,livré,CASABLANCA,Carte,LIV6,2023-07-09
CMD12258,CL0052,P044,Jan 22 2023,2,2001.84,livré,TANGER,Carte,LIV9,2023-01-25
CMD21294,CL0353,P072,06/12/2023,3,3905.82,annulé,casa,Carte,LIV9,
CMD21098,CL0371,P093,2023-10-01,4,1104.38,OK,Tnja,Carte,LIV4,
CMD33243,CL0488,P091,2023-04-24,1,2084.29,livré,TANGER,Carte,LIV7,2023-04-28
CMD06224,CL0815,P061,Apr 10 2024,5,1927.12,livre,marrakech,Carte,,
CMD12853,CL0582,P015,2023-08-31,2,684.2,DONE,marrakech,Carte,,2023-09-01
CMD08034,CL0157,P055,Oct 13 2023,3,332.07,annulé,TANGER,Carte,LIV6,
CMD39713,CL0967,P042,2024-03-23,2,117.84,livré,TANGER,Carte,LIV5,2024-03-27
CMD03425,CL0054,P100,2023-02-19,2,482.42,livré,TANGER,Carte,LIV3,2023-02-20
CMD31847,CL0907,P038,2024-02-29,2,2424.23,livre,TANGER,Carte,LIV8,
CMD33143,CL0739,P047,08/01/2024,5,3203.06,DONE,RBA,Carte,LIV7,2024-01-11
CMD34712,CL0562,P047,2023-09-22,5,3499.12,OK,tanger,Carte,LIV6,
CMD24365,CL0494,P098,Apr 01 2023,4,583.72,livré,kech,Carte,LIV7,2023-04-03
CMD42551,CL0652,P019,Sep 28 2023,2,4145.1,LIVRE,Tnja,Carte,,2023-10-02
CMD10738,CL0841,P001,Jul 11 2023,3,4271.26,livre,kech,Carte,LIV2,
CMD30468,CL0047,P089,11/12/2023,3,2651.26,retourné,Tnja,Carte,LIV4,2023-12-13
CMD37255,CL0997,P089,29/12/2023,1,1443.46,KO,RBA,Carte,LIV10,
CMD06617,CL0805,P065,2023-03-24,5,1275.14,KO,Tnja,Carte,LIV7,
CMD29114,CL0141,P065,Oct 29 2023,1,3496.31,DONE,casa,Carte,,2023-11-01
CMD19224,CL0565,P054,2024-05-05,3,1592.11,OK,TNG,Carte,LIV7,
CMD20772,CL0317,P046,12/11/2023,1,2408.83,livre,marrakech,Carte,LIV4,
CMD33538,CL0399,P096,02/02/2024,2,811.77,livré,Agadir,Carte,LIV4,2024-02-04
CMD38913,CL0121,P064,May 12 2024,3,4042.4,en_cours,tanger,Carte,LIV8,
CMD35558,CL0576,P010,Apr 01 2024,2,2713.89,livré,tanger,Carte,LIV8,2024-04-05
CMD39967,CL0759,P013,12/06/2023,5,4047.31,annulé,TANGER,Carte,LIV6,
CMD07446,CL0623,P028,2023-07-27,5,3226.28,LIVRE,CASABLANCA,Carte,LIV4,2023-07-31
CMD28463,CL0313,P097,Dec 07 2023,2,829.31,en_cours,TNG,Carte,LIV5,
CMD27033,CL0918,P066,2024-01-28,4,1535.3,en_cours,CASABLANCA,Carte,LIV3,
CMD13477,CL0828,P060,01/07/2023,3,1453.51,retourné,casa,Carte,LIV8,2023-07-03
CMD24560,CL0014,P091,28/10/2023,2,4763.05,LIVRE,CASABLANCA,Carte,LIV6,2023-10-29
CMD36248,CL0798,P009,Apr 13 2023,3,1847.02,KO,TNG,Carte,LIV8,
CMD45092,CL0630,P042,17/08/2023,3,4911.87,DONE,kech,Carte,LIV6,2023-08-20
CMD10252,CL0317,P054,Jul 27 2023,4,3922.54,KO,kech,Carte,LIV2,
CMD10589,CL0343,P010,Nov 24 2023,-1,2461.06,retourné,CASABLANCA,Carte,LIV2,2023-11-29
CMD44475,CL0812,P091,22/05/2023,1,1445.68,LIVRE,CASABLANCA,Carte,LIV1,2023-05-25
CMD03775,CL0775,P082,2023-08-01,3,4680.8,OK,kech,Carte,LIV10,
CMD27672,CL0747,P030,25/04/2023,5,2446.53,LIVRE,casa,Carte,LIV4,2023-04-29
CMD13248,CL0447,P066,Jun 01 2023,5,2721.88,annulé,TNG,Carte,LIV2,
CMD42235,CL0410,P009,Jul 20 2023,1,1527.89,retourné,CASABLANCA,Carte,LIV9,2023-07-23
CMD15145,CL0974,P097,13/06/2023,4,2305.86,OK,casa,Carte,LIV7,
CMD04809,CL0336,P015,06/09/2023,5,1257.06,LIVRE,TNG,Carte,LIV10,2023-09-07
CMD16326,CL0336,P086,Nov 05 2023,5,1386.68,en_cours,TANGER,Carte,LIV5,
CMD18285,CL0150,P013,16/11/2023,2,2003.01,KO,Tnja,Carte,LIV1,
CMD15170,CL0502,P089,24/08/2023,5,3182.27,livre,TNG,Carte,LIV5,
CMD37631,CL0303,P076,Feb 03 2024,3,4438.43,LIVRE,CASABLANCA,Carte,,2024-02-06
CMD46508,CL0449,P053,12/12/2023,5,2251.6,livre,casa,Carte,LIV4,
CMD10757,CL0987,P083,Feb 11 2024,2,212.43,livré,Agadir,Carte,LIV1,2024-02-15
CMD10880,CL0724,P070,19/09/2023,2,576.6,OK,TNG,Carte,LIV6,
CMD11675,CL0571,P048,17/11/2023,2,3676.54,annulé,TNG,Carte,LIV8,
CMD25794,CL0245,P066,Apr 08 2024,1,1103.47,annulé,kech,Carte,LIV7,
CMD22414,CL0780,P073,05/03/2024,3,3688.32,OK,CASABLANCA,Carte,,
CMD05674,CL0973,P070,04/02/2024,1,3230.53,livre,TNG,Carte,LIV1,
CMD26954,CL0661,P066,12/08/2023,4,1271.19,en_cours,Tnja,Carte,LIV8,
CMD04534,CL0292,P059,Mar 08 2024,3,285.9,OK,marrakech,Carte,LIV1,
CMD37073,CL0968,P063,09/02/2024,4,3296.08,OK,kech,Carte,LIV5,
CMD25242,CL0731,P056,Apr 06 2024,4,2690.39,livré,CASABLANCA,Carte,LIV1,2024-04-09
CMD18839,CL0349,P035,15/07/2023,4,2195.28,LIVRE,TNG,Carte,LIV6,2023-07-16
CMD41700,CL0064,P022,2024-05-08,1,661.39,livré,TANGER,Carte,LIV10,2024-05-09
CMD17905,CL0383,P071,Jan 26 2024,4,643.62,retourné,kech,Carte,LIV8,2024-01-31
CMD37906,CL0502,P028,17/08/2023,5,3729.33,en_cours,TNG,Carte,LIV7,
CMD31753,CL0830,P077,Jan 21 2024,4,2186.5,livre,TANGER,Carte,LIV6,
CMD27391,CL0224,P070,Jan 06 2023,1,636.19,en_cours,tanger,Carte,LIV6,
CMD20775,CL0720,P054,May 22 2023,1,3584.21,en_cours,tanger,Carte,LIV2,
CMD08981,CL0421,P069,27/10/2023,3,3615.87,OK,TANGER,Carte,LIV10,
CMD01920,CL0709,P065,Mar 07 2023,2,2633.69,livré,kech,Carte,LIV4,2023-03-10
CMD43291,CL0420,P008,Mar 19 2023,2,3609.41,livre,TANGER,Carte,LIV4,
CMD34644,CL0322,P054,May 31 2023,2,482.18,OK,marrakech,Carte,LIV7,
CMD15052,CL0467,P095,2024-03-14,5,2313.27,DONE,kech,Carte,LIV8,2024-03-16
CMD40274,CL0397,P064,16/01/2024,2,2407.41,DONE,TANGER,Carte,LIV9,2024-01-20
CMD36814,CL0691,P071,01/05/2024,1,3907.21,livré,Agadir,Carte,LIV9,2024-05-03
CMD20292,CL0711,P047,07/03/2023,2,2295.26,OK,CASABLANCA,Carte,LIV9,
CMD21115,CL0271,P007,Apr 20 2024,2,3328.84,annulé,CASABLANCA,Carte,LIV5,
CMD13938,CL0586,P085,02/05/2024,1,385.54,retourné,kech,Carte,LIV8,2024-05-06
CMD26141,CL0295,P100,Nov 25 2023,5,4676.05,KO,TNG,Carte,,
CMD38943,CL0935,P048,2023-12-19,5,1923.87,en_cours,Agadir,Carte,LIV3,
CMD16265,CL0572,P033,01/08/2023,2,2916.27,livré,tanger,Carte,LIV10,2023-08-02
CMD45625,CL0039,P029,2024-02-02,4,3538.43,livré,tanger,Carte,LIV6,2024-02-04
CMD46082,CL0510,P039,2024-02-18,3,1057.46,KO,RBA,Carte,LIV4,
CMD25866,CL0801,P039,Jan 15 2023,4,843.27,livré,tanger,Carte,LIV6,2023-01-18
CMD19118,CL0238,P097,2023-02-15,1,3025.69,retourné,casa,Carte,LIV10,2023-02-18
CMD10539,CL0332,P024,Apr 22 2024,4,2203.57,OK,tanger,Carte,LIV10,
CMD04878,CL0093,P070,Sep 07 2023,3,425.95,livré,marrakech,Carte,LIV4,2023-09-10
CMD32843,CL0202,P027,2023-09-24,5,3766.08,livre,RBA,Carte,LIV1,
CMD16221,CL0459,P077,Oct 25 2023,1,1830.14,livré,TNG,Carte,LIV6,2023-10-29
CMD12006,CL0040,P088,Mar 02 2023,5,4978.55,OK,tanger,Carte,LIV4,
CMD18486,CL0753,P052,03/11/2023,3,2031.19,LIVRE,RBA,Carte,,2023-11-05
CMD39762,CL0723,P074,Sep 13 2023,5,2303.37,livré,casa,Carte,LIV10,2023-09-18
CMD45784,CL1000,P009,2023-09-26,5,4693.42,LIVRE,TNG,Carte,LIV2,2023-09-30
CMD37258,CL0774,P053,22/02/2024,5,3112.72,retourné,RBA,Carte,LIV4,2024-02-24
CMD21933,CL0094,P047,May 02 2023,2,4934.44,retourné,CASABLANCA,Carte,,2023-05-06
CMD06478,CL0348,P068,20/03/2024,5,1372.59,livré,RBA,Carte,LIV3,2024-03-23
CMD26691,CL0275,P029,Jan 19 2024,1,3238.12,annulé,Tnja,Carte,LIV8,
CMD29632,CL0653,P074,03/01/2023,5,959.21,retourné,CASABLANCA,Carte,LIV1,2023-01-04
CMD13865,CL0656,P023,2024-03-12,5,739.39,livré,TANGER,Carte,LIV1,2024-03-13
CMD44675,CL0513,P063,20/05/2023,1,3011.65,livre,Tnja,Carte,LIV4,
CMD21502,CL0643,P076,27/05/2023,5,852.2,livre,kech,Carte,,
CMD00564,CL0384,P050,Oct 03 2023,4,4799.26,LIVRE,CASABLANCA,Carte,LIV6,2023-10-08
CMD01242,CL0048,P093,2023-10-02,1,4376.18,LIVRE,tanger,Carte,,2023-10-06
CMD42357,CL0599,P075,2023-12-21,4,1006.81,DONE,Tnja,Carte,LIV5,2023-12-23
CMD35661,CL0872,P071,2023-12-08,4,2639.05,livré,TANGER,Carte,LIV2,2023-12-11
CMD35350,CL0223,P050,14/09/2023,-1,1454.22,livré,casa,Carte,LIV1,2023-09-15
CMD13817,CL0350,P097,2024-04-30,3,3968.57,livré,casa,Carte,LIV7,2024-05-02
CMD38771,CL0683,P080,04/12/2023,2,3646.38,livré,Agadir,Carte,LIV5,2023-12-09
CMD42986,CL0076,P002,2023-07-24,3,1525.82,en_cours,CASABLANCA,Carte,LIV6,
CMD09867,CL0337,P026,21/03/2023,3,4039.94,en_cours,CASABLANCA,Carte,LIV5,
CMD19642,CL0642,P031,28/12/2023,2,1090.72,annulé,casa,Carte,LIV5,
CMD32928,CL0446,P004,2024-03-02,5,2622.67,KO,Tnja,Carte,LIV5,
CMD10996,CL0686,P005,2024-04-09,4,3113.86,LIVRE,Tnja,Carte,LIV2,2024-04-13
CMD07292,CL0620,P093,2023-11-18,5,3578.71,livré,TNG,Carte,LIV10,2023-11-20
CMD04360,CL0964,P019,2023-11-23,2,0,livre,kech,Carte,LIV2,
CMD28143,CL0742,P079,Jan 14 2024,4,1534.47,annulé,TNG,Carte,LIV3,
CMD43911,CL0714,P091,Feb 26 2024,3,2562.98,KO,Agadir,Carte,LIV10,
CMD22878,CL0803,P031,2023-12-13,4,3084.45,livré,RBA,Carte,LIV8,2023-12-16
CMD17193,CL0260,P076,May 24 2023,1,2884.74,retourné,marrakech,Carte,LIV4,2023-05-27
CMD24117,CL0476,P011,Jan 11 2023,4,1098.57,en_cours,RBA,Carte,LIV9,
CMD17504,CL0856,P083,2023-03-11,5,4886.43,retourné,TNG,Carte,LIV5,2023-03-15
CMD04381,CL0923,P017,2024-05-06,3,614.69,OK,kech,Carte,LIV3,
CMD35613,CL0250,P046,Jun 18 2023,2,4316.96,livré,Agadir,Carte,LIV10,2023-06-20
CMD40085,CL0762,P058,2023-06-14,2,4442.52,en_cours,TNG,Carte,,
CMD08495,CL0070,P084,Jan 12 2024,4,2398.87,livré,Tnja,Carte,LIV1,2024-01-15
CMD24311,CL0811,P043,Apr 18 2024,5,2661.12,OK,Agadir,Carte,LIV6,
CMD13161,CL0482,P062,21/10/2023,2,608.23,en_cours,casa,Carte,LIV9,
CMD39382,CL0999,P006,07/03/2023,4,840.19,LIVRE,RBA,Carte,LIV8,2023-03-09
CMD27957,CL0756,P055,2023-12-04,1,3556.11,en_cours,kech,Carte,LIV5,
CMD46379,CL0119,P032,28/01/2024,4,131.23,livre,Agadir,Carte,LIV2,
CMD38909,CL0469,P015,23/08/2023,2,4216.43,livré,TNG,Carte,LIV5,2023-08-28
CMD20626,CL0643,P042,Jun 27 2023,4,614.13,livré,marrakech,Carte,LIV5,2023-07-02
CMD27047,CL0994,P018,Feb 01 2023,3,2126.37,retourné,tanger,Carte,LIV9,2023-02-05
CMD23843,CL0280,P039,21/11/2023,2,2427.99,KO,Tnja,Carte,LIV1,
CMD10541,CL0380,P044,Jan 30 2023,3,4604.31,livré,casa,Carte,LIV9,2023-02-04
CMD14702,CL0275,P034,18/10/2023,1,3000.7,livré,RBA,Carte,LIV8,2023-10-20
CMD19461,CL0080,P073,31/05/2023,5,4006.24,retourné,marrakech,Carte,LIV4,2023-06-04
CMD27742,CL0370,P006,Jan 05 2023,2,3982.41,livré,CASABLANCA,Carte,LIV5,2023-01-06
CMD30395,CL0672,P096,2023-08-28,1,2891.2,OK,kech,Carte,LIV7,
CMD38873,CL0722,P055,22/05/2023,3,3644.49,annulé,Agadir,Carte,LIV4,
CMD10645,CL0836,P048,23/03/2024,5,759.19,livré,marrakech,Carte,LIV6,2024-03-26
CMD04685,CL0543,P086,05/02/2024,2,1393.76,annulé,TNG,Carte,LIV7,
CMD41717,CL0816,P009,Sep 22 2023,4,0,retourné,TNG,Carte,LIV4,2023-09-25
CMD25863,CL0604,P063,24/07/2023,1,985.74,annulé,Tnja,Carte,LIV4,
CMD45965,CL0167,P023,2024-01-11,4,1176.1,livre,TNG,Carte,LIV3,
CMD33067,CL0108,P026,Mar 10 2023,3,1872.95,DONE,RBA,Carte,LIV8,2023-03-12
CMD07692,CL0732,P003,Aug 09 2023,4,3587.36,livre,kech,Carte,LIV9,
CMD15633,CL0033,P086,13/02/2024,5,4175.57,LIVRE,marrakech,Carte,LIV7,2024-02-17
CMD23020,CL0671,P031,24/11/2023,2,3705.82,en_cours,casa,Carte,LIV3,
CMD37848,CL0950,P079,Jul 16 2023,5,3351.75,livré,casa,Carte,LIV9,2023-07-17
CMD03520,CL0609,P018,07/10/2023,4,2217.63,KO,RBA,Carte,LIV9,
CMD02260,CL0944,P038,Feb 24 2024,1,3329.44,livré,TNG,Carte,LIV9,2024-02-27
CMD48395,CL0008,P015,2023-01-02,4,4478.94,DONE,Agadir,Carte,LIV9,2023-01-04
CMD23859,CL0704,P023,Jan 23 2024,4,4231.55,retourné,marrakech,Carte,LIV1,2024-01-27
CMD07303,CL0662,P046,2023-04-17,2,4420.76,livré,TNG,Carte,LIV4,2023-04-18
CMD35458,CL0069,P072,Mar 29 2023,4,2865.73,DONE,tanger,Carte,LIV2,2023-03-31
CMD26860,CL0733,P077,01/08/2023,3,2240.23,livré,CASABLANCA,Carte,LIV4,2023-08-02
CMD05083,CL0207,P056,Jun 07 2023,2,4945.21,OK,Tnja,Carte,LIV5,
CMD45267,CL0431,P099,2024-05-05,3,854.99,LIVRE,Agadir,Carte,LIV8,2024-05-07
CMD47075,CL0818,P042,02/05/2023,3,3502.39,OK,TNG,Carte,LIV6,
CMD15659,CL0509,P049,2023-12-19,4,4089.33,livre,TNG,Carte,LIV7,
CMD06018,CL0104,P086,04/04/2024,2,1080.76,retourné,marrakech,Carte,LIV4,2024-04-09
CMD26391,CL0290,P068,2024-04-08,4,4355.57,annulé,marrakech,Carte,LIV3,
CMD12021,CL0810,P067,2023-05-16,3,3130.94,livré,kech,Carte,LIV2,2023-05-20
CMD38019,CL0252,P059,2023-01-18,4,557.28,KO,casa,Carte,LIV3,
CMD39004,CL0977,P059,May 14 2023,5,1504.15,annulé,TNG,Carte,LIV6,
CMD01288,CL0946,P041,Mar 16 2023,4,3480.31,annulé,CASABLANCA,Carte,LIV10,
CMD21522,CL0990,P034,2023-07-19,3,2399.03,retourné,TANGER,Carte,LIV8,2023-07-20
CMD45055,CL0319,P065,May 02 2023,5,74.31,livré,tanger,Carte,LIV10,2023-05-05
CMD28649,CL0101,P029,2023-05-16,3,2802.0,LIVRE,kech,Carte,,2023-05-20
CMD43834,CL0821,P001,2023-08-07,5,1161.09,livré,Agadir,Carte,LIV4,2023-08-11
CMD18187,CL0379,P081,Feb 08 2023,3,4330.41,livré,CASABLANCA,Carte,LIV2,2023-02-10
CMD48248,CL0707,P009,2024-03-12,3,4366.68,OK,casa,Carte,LIV4,
CMD25829,CL0492,P014,Jan 29 2024,3,0,DONE,marrakech,Carte,LIV2,2024-02-01
CMD28291,CL0508,P082,Jul 20 2023,5,372.82,LIVRE,casa,Carte,LIV5,2023-07-23
CMD23816,CL0592,P012,Mar 09 2023,1,2475.86,livré,casa,Carte,LIV7,2023-03-12
CMD45163,CL0508,P039,27/03/2024,3,241.01,livré,RBA,Carte,LIV2,2024-03-28
CMD17462,CL0803,P006,Apr 15 2024,3,2538.87,en_cours,CASABLANCA,Carte,LIV2,
CMD40675,CL0927,P055,2024-04-17,1,4902.0,OK,TNG,Carte,LIV6,
CMD29005,CL0750,P086,13/03/2024,1,2430.09,livré,tanger,Carte,LIV4,2024-03-16
CMD20966,CL0801,P075,16/03/2023,3,747.7,livre,RBA,Carte,LIV8,
CMD15039,CL0274,P004,05/05/2023,1,4180.81,en_cours,TANGER,Carte,LIV5,
CMD00914,CL0188,P022,2023-10-12,5,502.76,en_cours,casa,Carte,LIV1,
CMD35220,CL0412,P028,01/04/2024,5,1103.36,LIVRE,casa,Carte,,2024-04-06
CMD34981,CL0801,P035,May 07 2024,3,1586.95,livre,marrakech,Carte,LIV4,
CMD15319,CL0096,P067,03/10/2023,3,3632.18,annulé,tanger,Carte,LIV2,
CMD06487,CL0996,P036,Nov 04 2023,5,4711.88,livré,RBA,Carte,LIV2,2023-11-05
CMD40524,CL0901,P039,2023-12-10,2,1229.77,livré,RBA,Carte,LIV6,2023-12-11
CMD08431,CL0095,P017,Jan 28 2023,1,3060.28,OK,casa,Carte,LIV4,
CMD15660,CL0055,P029,03/01/2023,2,241.49,livre,tanger,Carte,LIV8,
CMD28363,CL0408,P015,09/01/2023,4,3293.81,livré,tanger,Carte,LIV1,2023-01-11
CMD00754,CL0580,P081,2024-02-19,-1,4509.47,livré,CASABLANCA,Carte,LIV1,2024-02-24
CMD33047,CL0585,P073,23/12/2023,2,239.93,DONE,Agadir,Carte,LIV9,2023-12-28
CMD33123,CL0833,P002,Apr 09 2024,2,2300.5,OK,RBA,Carte,LIV9,
CMD24501,CL0932,P001,May 13 2023,4,1029.49,livre,tanger,Carte,LIV9,
CMD45569,CL0731,P073,2023-07-29,4,3993.99,livré,kech,Carte,LIV2,2023-07-31
CMD18966,CL0762,P003,2024-04-06,2,2058.94,livré,casa,Carte,LIV10,2024-04-11
CMD46778,CL0249,P069,Nov 02 2023,2,983.34,livre,casa,Carte,LIV6,
CMD46050,CL0454,P010,Sep 21 2023,2,3085.67,LIVRE,Tnja,Carte,LIV10,2023-09-23
CMD07557,CL0894,P018,2023-05-23,4,2136.3,livre,TNG,Carte,LIV6,
CMD04712,CL0337,P008,Mar 27 2024,1,2042.22,livré,tanger,Carte,LIV8,2024-03-28
CMD35924,CL0563,P083,26/01/2023,3,2725.87,livre,TNG,Carte,LIV2,
CMD17243,CL0304,P097,Feb 20 2023,2,2085.84,retourné,kech,Carte,LIV3,2023-02-24
CMD21739,CL0136,P092,2023-01-05,1,4182.05,livré,casa,Carte,LIV6,2023-01-07
CMD37822,CL0896,P083,22/06/2023,1,2185.64,livre,tanger,Carte,LIV1,
CMD00288,CL0138,P034,2023-05-08,3,1385.0,en_cours,Agadir,Carte,LIV1,
CMD13923,CL0600,P039,Dec 12 2023,2,3853.68,KO,Tnja,Carte,LIV10,
CMD00109,CL0255,P038,02/05/2024,4,1238.44,retourné,CASABLANCA,Carte,LIV4,2024-05-07
CMD35075,CL0384,P054,29/02/2024,4,1794.5,retourné,Tnja,Carte,LIV10,2024-03-02
CMD35214,CL0431,P084,2023-02-23,5,954.67,livré,RBA,Carte,,2023-02-24
CMD24022,CL0302,P006,Jun 20 2023,3,1264.14,annulé,Agadir,Carte,LIV2,
CMD21952,CL0567,P072,31/05/2023,5,2706.87,en_cours,TANGER,Carte,LIV8,
CMD02265,CL0237,P061,07/09/2023,3,4385.38,annulé,TANGER,Carte,LIV3,
CMD39598,CL0374,P052,Jan 13 2023,3,891.35,retourné,RBA,Carte,LIV1,2023-01-18
CMD31989,CL0208,P027,2023-10-02,4,1291.65,en_cours,CASABLANCA,Carte,LIV9,
CMD41892,CL0651,P067,27/10/2023,2,1815.33,livré,TANGER,Carte,LIV5,2023-10-31
CMD10446,CL0983,P081,2023-03-27,2,4084.69,en_cours,Agadir,Carte,LIV10,
CMD20301,CL0619,P042,30/05/2023,2,3098.18,livré,RBA,Carte,LIV3,2023-06-01
CMD36449,CL0965,P074,18/08/2023,3,316.3,OK,RBA,Carte,LIV8,
CMD15812,CL0619,P048,04/04/2023,4,182.26,LIVRE,Agadir,Carte,LIV8,2023-04-05
CMD25960,CL0047,P097,Jul 30 2023,1,3609.28,livre,kech,Carte,LIV9,
CMD44043,CL0314,P023,11/02/2024,5,4359.72,KO,TNG,Carte,LIV6,
CMD13427,CL0977,P071,01/06/2023,2,1946.36,OK,Tnja,Carte,LIV9,
CMD05343,CL0637,P076,10/08/2023,1,1866.76,retourné,Agadir,Carte,LIV10,2023-08-14
CMD45496,CL0886,P045,23/12/2023,2,1209.72,retourné,Agadir,Carte,LIV9,2023-12-27
CMD21389,CL0739,P093,18/12/2023,5,2778.65,en_cours,marrakech,Carte,LIV5,
CMD06386,CL0434,P054,07/09/2023,3,4623.75,livré,TANGER,Carte,LIV7,2023-09-12
CMD40994,CL0255,P040,23/10/2023,4,2126.9,livré,TANGER,Carte,LIV6,2023-10-28
CMD47007,CL0867,P052,Nov 20 2023,4,3561.9,KO,Tnja,Carte,,
CMD02022,CL0348,P037,2023-07-27,5,1327.37,KO,TANGER,Carte,LIV10,
CMD08240,CL0087,P092,Nov 10 2023,1,3248.72,en_cours,marrakech,Carte,LIV4,
CMD42523,CL0194,P019,15/05/2024,5,1799.43,DONE,Agadir,Carte,LIV1,2024-05-20
CMD31702,CL0285,P074,Jan 25 2023,2,1707.26,KO,tanger,Carte,LIV3,
CMD15916,CL0241,P038,Mar 26 2023,2,3112.04,retourné,kech,Carte,LIV10,2023-03-28
CMD05403,CL0605,P028,2024-04-27,2,1904.1,en_cours,casa,Carte,LIV3,
CMD42358,CL0802,P070,23/04/2023,3,2581.0,livré,RBA,Carte,LIV6,2023-04-27
CMD44773,CL0113,P028,Jan 01 2024,3,199.66,LIVRE,tanger,Carte,LIV1,2024-01-03
CMD22365,CL0865,P010,Nov 23 2023,5,411.5,en_cours,TNG,Carte,LIV5,
CMD16406,CL0240,P060,Apr 09 2024,3,4993.82,en_cours,RBA,Carte,LIV7,
CMD14373,CL0093,P098,29/10/2023,5,894.93,livré,casa,Carte,LIV7,2023-11-03
CMD31411,CL0031,P064,18/05/2023,4,244.44,OK,CASABLANCA,Carte,LIV5,
CMD14308,CL0763,P072,2024-04-05,4,4705.48,annulé,kech,Carte,,
CMD40134,CL0319,P074,Aug 02 2023,1,4416.6,annulé,TANGER,Carte,LIV4,
CMD35963,CL0871,P032,Dec 16 2023,3,1565.92,retourné,CASABLANCA,Carte,LIV2,2023-12-21
CMD38904,CL0226,P049,Nov 08 2023,4,1425.68,annulé,marrakech,Carte,LIV2,
CMD14412,CL0847,P084,Dec 19 2023,2,2571.63,livré,tanger,Carte,LIV4,2023-12-22
CMD45153,CL0806,P055,Dec 31 2023,5,1290.52,en_cours,RBA,Carte,LIV1,
CMD14858,CL0150,P037,Nov 21 2023,3,2703.53,retourné,Tnja,Carte,LIV5,2023-11-25
CMD32478,CL0781,P075,2023-01-30,2,1634.22,livré,casa,Carte,LIV9,2023-02-01
CMD43957,CL0906,P076,24/03/2023,2,661.75,LIVRE,TANGER,Carte,LIV3,2023-03-29
CMD32480,CL0435,P030,Oct 08 2023,4,3171.86,livré,CASABLANCA,Carte,LIV6,2023-10-13
CMD45912,CL0138,P013,2024-03-25,2,477.12,livré,TANGER,Carte,LIV3,2024-03-27
CMD18619,CL0385,P029,2024-02-05,4,749.93,en_cours,TNG,Carte,LIV4,
CMD20930,CL0671,P098,2024-04-25,4,762.5,livré,kech,Carte,,2024-04-28
CMD43668,CL0653,P039,2023-03-21,1,223.44,livré,casa,Carte,LIV1,2023-03-22
CMD33506,CL0515,P100,2023-02-09,2,2421.28,OK,marrakech,Carte,LIV1,
CMD34578,CL0671,P098,Dec 09 2023,3,242.46,en_cours,Agadir,Carte,LIV10,
CMD21950,CL0008,P077,2023-06-06,1,4629.28,livre,Tnja,Carte,LIV6,
CMD02351,CL0290,P082,2023-09-07,1,2078.28,livre,casa,Carte,LIV7,
CMD08271,CL0116,P099,Dec 28 2023,1,1317.58,LIVRE,CASABLANCA,Carte,LIV6,2023-12-29
CMD24171,CL0019,P005,2023-06-19,4,74.91,LIVRE,Agadir,Carte,LIV2,2023-06-22
CMD39302,CL0273,P053,2023-11-29,1,1131.46,OK,CASABLANCA,Carte,LIV5,
CMD43552,CL0029,P033,08/04/2023,1,2345.88,KO,casa,Carte,LIV8,
CMD21963,CL0785,P066,2024-03-21,1,869.92,livré,kech,Carte,LIV10,2024-03-22
CMD10523,CL0236,P021,Mar 10 2023,4,4026.7,KO,TNG,Carte,LIV8,
CMD05038,CL0784,P056,2023-09-29,1,2553.22,annulé,kech,Carte,LIV1,
CMD14232,CL0681,P018,Jul 07 2023,1,2611.69,annulé,TANGER,Carte,LIV3,
CMD14407,CL0813,P033,2023-10-29,3,4116.19,OK,tanger,Carte,LIV2,
CMD46855,CL0757,P062,2024-01-12,3,313.86,livré,Agadir,Carte,LIV6,2024-01-15
CMD26286,CL0689,P014,2023-12-24,4,1305.36,DONE,Agadir,Carte,LIV6,2023-12-26
CMD00572,CL0888,P012,2023-06-24,1,1796.95,DONE,casa,Carte,LIV2,2023-06-25
CMD18043,CL0643,P001,2024-04-02,1,965.42,livré,TNG,Carte,LIV9,2024-04-06
CMD38229,CL0528,P004,2024-01-27,1,1633.37,retourné,TANGER,Carte,LIV10,2024-01-29
CMD09447,CL0711,P084,Dec 09 2023,5,1006.77,en_cours,TANGER,Carte,LIV10,
CMD26643,CL0002,P011,2023-05-10,5,0,LIVRE,marrakech,Carte,LIV7,2023-05-14
CMD05759,CL0965,P058,2023-07-14,2,0,livré,TNG,Carte,LIV6,2023-07-17
CMD48473,CL0157,P079,Sep 05 2023,3,1285.65,LIVRE,casa,Carte,LIV3,2023-09-06
CMD36540,CL0223,P070,2023-12-22,2,4094.27,livré,casa,Carte,LIV4,2023-12-26
CMD01533,CL0320,P075,May 02 2023,1,1413.91,LIVRE,RBA,Carte,LIV8,2023-05-04
CMD30380,CL0523,P005,Oct 19 2023,5,357.27,retourné,Tnja,Carte,LIV3,2023-10-24
CMD03949,CL0021,P034,15/05/2023,3,594.3,KO,marrakech,Carte,LIV8,
CMD05219,CL0965,P041,09/12/2023,2,476.48,KO,kech,Carte,LIV6,
CMD13339,CL0226,P004,08/11/2023,1,4064.24,livré,CASABLANCA,Carte,LIV9,2023-11-11
CMD43295,CL0962,P021,Apr 24 2023,4,104.57,LIVRE,RBA,Carte,LIV6,2023-04-29
CMD45116,CL0923,P067,11/08/2023,4,3351.79,livré,tanger,Carte,,2023-08-15
CMD33636,CL0960,P043,2023-09-28,5,3531.1,LIVRE,CASABLANCA,Carte,LIV8,2023-09-30
CMD04079,CL0318,P032,2023-06-03,2,3765.56,livré,RBA,Carte,LIV8,2023-06-06
CMD18140,CL0713,P082,19/01/2024,3,0,annulé,casa,Carte,LIV1,
CMD06065,CL0117,P100,13/05/2023,5,1594.17,livré,CASABLANCA,Carte,,2023-05-17
CMD31514,CL0368,P088,2023-07-25,3,3724.77,LIVRE,TNG,Carte,LIV9,2023-07-28
CMD27621,CL0960,P060,Sep 23 2023,2,2110.44,DONE,TNG,Carte,LIV1,2023-09-28
CMD25507,CL0148,P051,2023-06-15,1,4385.42,OK,Tnja,Carte,LIV8,
CMD43377,CL0842,P066,07/04/2023,4,4264.35,DONE,Tnja,Carte,LIV9,2023-04-12
CMD30128,CL0478,P020,2023-07-14,2,2745.4,KO,marrakech,Carte,LIV4,
CMD34206,CL0517,P055,Jun 18 2023,5,3773.71,en_cours,casa,Carte,LIV8,
CMD47245,CL0879,P059,May 14 2024,4,4086.35,livré,RBA,Carte,LIV8,2024-05-19
CMD03553,CL0335,P042,2023-07-22,2,1309.42,livré,Tnja,Carte,LIV4,2023-07-26
CMD05898,CL0070,P099,17/07/2023,4,4560.36,livré,Agadir,Carte,LIV7,2023-07-21
CMD22400,CL0983,P095,Apr 16 2023,5,1318.34,DONE,TNG,Carte,LIV8,2023-04-21
CMD29504,CL0783,P068,18/06/2023,3,2613.68,KO,TANGER,Carte,LIV1,
CMD44431,CL0935,P065,Nov 15 2023,2,1979.41,en_cours,CASABLANCA,Carte,LIV4,
CMD20732,CL0892,P068,2024-01-15,2,3461.37,OK,TANGER,Carte,LIV2,
CMD32520,CL0504,P056,20/10/2023,1,4843.83,KO,TNG,Carte,LIV7,
CMD15250,CL0241,P063,Jun 03 2023,3,2886.13,DONE,tanger,Carte,LIV2,2023-06-07
CMD16661,CL0855,P069,Jul 24 2023,1,3849.3,retourné,tanger,Carte,LIV4,2023-07-26
CMD40689,CL0782,P040,2023-07-04,5,2394.03,livré,TANGER,Carte,LIV5,2023-07-09
CMD33522,CL0736,P045,Jan 07 2023,1,2108.82,livré,TANGER,Carte,LIV2,2023-01-12
CMD31371,CL0666,P011,2024-03-01,3,3601.49,annulé,Tnja,Carte,LIV1,
CMD43992,CL0355,P083,Jul 24 2023,5,4726.42,DONE,RBA,Carte,,2023-07-27
CMD16394,CL0227,P008,2023-08-26,1,4694.2,en_cours,Agadir,Carte,LIV2,
CMD25611,CL0989,P029,19/02/2024,3,3920.09,retourné,kech,Carte,LIV3,2024-02-23
CMD21289,CL0451,P083,Mar 14 2023,3,1327.76,livré,kech,Carte,,2023-03-17
CMD18273,CL0551,P088,Apr 24 2024,2,2698.13,livré,TANGER,Carte,LIV4,2024-04-26
CMD13333,CL0999,P051,Jan 05 2023,4,2576.54,livre,CASABLANCA,Carte,LIV10,
CMD25389,CL0053,P095,18/04/2023,2,1798.6,OK,marrakech,Carte,LIV4,
CMD11775,CL0275,P095,2024-04-21,3,4454.55,OK,casa,Carte,LIV4,
CMD13937,CL0711,P081,06/01/2023,3,4583.14,livré,TANGER,Carte,LIV4,2023-01-07
CMD35143,CL0200,P052,25/07/2023,3,201.11,livre,TANGER,Carte,LIV10,
CMD37917,CL0530,P048,Feb 16 2023,5,827.85,livré,kech,Carte,LIV10,2023-02-21
CMD21688,CL0843,P022,Mar 04 2024,5,0,livré,Agadir,Carte,LIV6,2024-03-09
CMD06063,CL0124,P076,Jan 19 2024,2,3597.92,LIVRE,Agadir,Carte,LIV7,2024-01-24
CMD32801,CL0761,P030,2023-10-27,1,4457.46,livré,TNG,Carte,LIV9,2023-10-30
CMD08155,CL0520,P058,2023-09-20,4,4954.09,livré,kech,Carte,LIV9,2023-09-25
CMD01645,CL0174,P094,2023-05-19,2,4091.8,DONE,tanger,Carte,LIV10,2023-05-24
CMD38115,CL0061,P005,04/01/2024,2,4702.29,livré,RBA,Carte,LIV8,2024-01-07
CMD32481,CL0841,P097,12/09/2023,2,4249.78,annulé,Tnja,Carte,LIV9,
CMD02608,CL0755,P026,16/01/2024,3,1552.78,livre,CASABLANCA,Carte,LIV7,
CMD18157,CL0023,P074,20/04/2024,1,4549.62,KO,tanger,Carte,LIV2,
CMD35662,CL0624,P048,2024-02-07,3,3794.05,retourné,kech,Carte,LIV4,2024-02-12
CMD00051,CL0731,P047,18/07/2023,1,3624.96,OK,CASABLANCA,Carte,LIV9,
CMD08118,CL0262,P079,18/01/2023,3,1530.0,livré,Tnja,Carte,LIV1,2023-01-21
CMD02221,CL0286,P002,Jan 03 2023,4,563.51,LIVRE,TNG,Carte,LIV3,2023-01-05
CMD42930,CL0003,P027,25/03/2023,1,3846.44,livré,TNG,Carte,LIV9,2023-03-29
CMD05165,CL0925,P041,13/12/2023,3,4817.4,retourné,TNG,Carte,LIV2,2023-12-15
CMD35445,CL0298,P100,Jul 21 2023,5,2535.84,livré,Tnja,Carte,LIV1,2023-07-24
CMD36146,CL0920,P061,Feb 12 2023,5,3734.35,livre,TNG,Carte,LIV1,
CMD18027,CL0390,P084,Nov 07 2023,1,1468.0,livré,RBA,Carte,LIV3,2023-11-08
CMD28985,CL0460,P073,09/05/2024,3,749.46,livré,TNG,Carte,LIV6,2024-05-12
CMD20144,CL0955,P088,Jul 19 2023,3,2156.4,livré,TANGER,Carte,LIV6,2023-07-22
CMD18340,CL0273,P042,2023-04-06,5,1500.64,livré,tanger,Carte,LIV5,2023-04-07
CMD26310,CL0789,P017,2023-12-23,1,180.35,annulé,TNG,Carte,LIV10,
CMD05670,CL0077,P070,13/07/2023,3,2985.71,en_cours,RBA,Carte,LIV8,
CMD23574,CL0878,P035,Nov 14 2023,3,4123.43,KO,Tnja,Carte,LIV1,
CMD13125,CL0052,P080,May 20 2023,3,3392.92,livré,kech,Carte,LIV9,2023-05-25
CMD12737,CL0329,P095,2023-10-08,4,0,livré,Agadir,Carte,LIV10,2023-10-10
CMD15334,CL0232,P047,02/04/2023,2,1279.97,OK,CASABLANCA,Carte,LIV3,
CMD00370,CL0738,P073,Oct 10 2023,5,2925.17,annulé,kech,Carte,LIV7,
CMD19088,CL0313,P070,May 01 2023,3,2642.56,OK,kech,Carte,LIV3,
CMD35548,CL0863,P056,13/07/2023,5,3296.49,livré,CASABLANCA,Carte,LIV8,2023-07-18
CMD29161,CL0409,P075,2023-10-28,3,3417.9,DONE,RBA,Carte,LIV7,2023-11-02
CMD30360,CL0995,P001,2024-03-06,-1,4678.12,livre,kech,Carte,LIV4,
CMD34250,CL0978,P064,13/01/2023,4,2146.57,livré,Tnja,Carte,LIV8,2023-01-14
CMD41612,CL0229,P078,Oct 15 2023,5,4684.27,LIVRE,RBA,Carte,LIV1,2023-10-19
CMD25010,CL0086,P023,Jun 08 2023,4,1876.9,livré,marrakech,Carte,LIV4,2023-06-12
CMD02054,CL0343,P084,01/11/2023,3,2363.9,OK,Tnja,Carte,,
CMD14040,CL0842,P076,2023-10-12,3,2998.96,en_cours,CASABLANCA,Carte,LIV8,
CMD07651,CL0553,P060,2023-09-06,3,4022.0,livré,tanger,Carte,LIV9,2023-09-10
CMD10006,CL0711,P092,Mar 28 2024,4,269.63,livré,CASABLANCA,Carte,LIV3,2024-04-01
CMD22871,CL0434,P024,2023-04-30,2,225.62,retourné,RBA,Carte,LIV10,2023-05-03
CMD13188,CL0715,P083,Nov 05 2023,4,3306.66,en_cours,marrakech,Carte,LIV5,
CMD31558,CL0082,P017,2023-06-16,4,4510.79,livre,TANGER,Carte,LIV8,
CMD24976,CL0324,P071,07/01/2023,4,434.45,OK,kech,Carte,LIV9,
CMD01067,CL0853,P038,2023-11-27,4,3647.3,livré,casa,Carte,LIV8,2023-11-30
CMD32904,CL0838,P023,01/01/2023,5,361.92,retourné,kech,Carte,LIV3,2023-01-04
CMD40406,CL0630,P015,19/07/2023,2,290.26,LIVRE,Tnja,Carte,LIV2,2023-07-20
CMD16712,CL0540,P050,May 12 2024,5,926.14,LIVRE,TANGER,Carte,LIV8,2024-05-16
CMD38651,CL0726,P043,2023-10-21,4,525.72,livré,casa,Carte,LIV9,2023-10-25
CMD18524,CL0381,P048,May 11 2023,1,3183.8,livré,TANGER,Carte,LIV10,2023-05-15
CMD38843,CL0657,P067,2024-04-07,2,0,annulé,kech,Carte,LIV5,
CMD20249,CL0771,P050,2023-06-07,1,4511.7,livré,Agadir,Carte,LIV8,2023-06-08
CMD27666,CL0095,P043,2024-03-26,4,200.47,livré,TANGER,Carte,LIV5,2024-03-28
CMD19774,CL0521,P023,22/08/2023,3,4470.69,annulé,Agadir,Carte,LIV6,
CMD01339,CL0980,P019,Mar 29 2023,5,2774.37,livré,tanger,Carte,LIV9,2023-04-01
CMD15654,CL0083,P038,2023-04-18,2,1334.79,KO,casa,Carte,LIV9,
CMD26839,CL0708,P083,29/06/2023,1,290.81,DONE,kech,Carte,LIV3,2023-07-04
CMD30681,CL0034,P068,2023-03-14,5,4486.64,annulé,TNG,Carte,LIV6,
CMD01650,CL0012,P084,11/02/2023,5,1852.2,retourné,kech,Carte,LIV6,2023-02-12
CMD03572,CL0123,P056,2023-10-15,3,3799.01,KO,tanger,Carte,LIV8,
CMD07726,CL0335,P057,05/04/2024,4,2120.73,KO,Tnja,Carte,LIV4,
CMD28926,CL0315,P021,Apr 28 2024,5,4149.28,retourné,tanger,Carte,LIV9,2024-04-29
CMD32712,CL0017,P006,19/04/2023,1,3293.3,livré,TNG,Carte,LIV4,2023-04-22
CMD14173,CL0837,P033,May 15 2024,5,4541.88,retourné,tanger,Carte,LIV2,2024-05-18
CMD20356,CL0319,P008,Feb 21 2024,4,3181.64,OK,CASABLANCA,Carte,LIV1,
CMD01401,CL0587,P030,12/02/2023,3,2169.04,KO,TANGER,Carte,LIV7,
CMD14165,CL0558,P039,27/05/2023,3,915.18,DONE,TANGER,Carte,LIV8,2023-05-29
CMD03379,CL0669,P054,2023-09-17,1,4989.09,KO,Tnja,Carte,LIV3,
CMD00086,CL0215,P065,Mar 28 2023,2,2645.71,livré,kech,Carte,LIV7,2023-04-01
CMD04400,CL0429,P061,20/05/2023,3,2633.43,OK,tanger,Carte,LIV7,
CMD15821,CL0332,P045,11/05/2023,3,705.01,livré,TNG,Carte,,2023-05-12
CMD05851,CL0155,P016,Oct 19 2023,5,4564.96,annulé,CASABLANCA,Carte,LIV3,
CMD15246,CL0387,P030,Mar 24 2023,2,4977.39,livré,marrakech,Carte,LIV5,2023-03-27
CMD46629,CL0551,P031,2023-12-20,3,1190.04,DONE,Agadir,Carte,LIV6,2023-12-25
CMD10074,CL0461,P055,07/03/2023,3,2753.01,LIVRE,Agadir,Carte,LIV2,2023-03-09
CMD27627,CL0146,P040,26/08/2023,4,0,en_cours,TANGER,Carte,LIV5,
CMD34660,CL0968,P097,2023-09-07,4,2891.13,retourné,RBA,Carte,,2023-09-11
CMD46938,CL0308,P064,Jan 22 2023,3,980.66,livre,kech,Carte,LIV2,
CMD00696,CL0080,P019,24/09/2023,1,1270.04,KO,Agadir,Carte,LIV8,
CMD28036,CL0105,P042,2023-04-30,1,1388.73,livre,Agadir,Carte,LIV5,
CMD31664,CL0661,P022,2023-07-28,5,2850.4,livré,TNG,Carte,LIV9,2023-07-29
CMD15473,CL0910,P017,2023-07-31,3,2666.8,KO,tanger,Carte,LIV4,
CMD12518,CL0014,P058,03/07/2023,3,2789.28,OK,Agadir,Carte,LIV3,
CMD04238,CL0968,P082,07/04/2024,5,2991.67,livré,tanger,Carte,LIV7,2024-04-11
CMD48480,CL0251,P019,2023-08-09,3,3549.3,KO,CASABLANCA,Carte,LIV7,
CMD40373,CL0270,P096,Jan 15 2023,3,2360.63,livré,TNG,Carte,LIV7,2023-01-19
CMD42806,CL0075,P092,Oct 30 2023,2,3213.92,livré,tanger,Carte,LIV2,2023-11-04
CMD34619,CL0276,P007,Jan 10 2023,3,2531.5,LIVRE,Agadir,Carte,LIV3,2023-01-12
CMD05800,CL0530,P068,20/03/2023,4,3568.21,DONE,tanger,Carte,LIV6,2023-03-23
CMD18882,CL0323,P009,26/02/2024,2,4149.9,retourné,CASABLANCA,Carte,LIV7,2024-03-01
CMD34523,CL0320,P008,Aug 17 2023,3,342.37,OK,TANGER,Carte,LIV3,
CMD35847,CL0634,P041,Feb 24 2023,5,605.56,KO,kech,Carte,LIV10,
CMD29443,CL0832,P090,25/11/2023,4,1107.84,DONE,Tnja,Carte,LIV10,2023-11-26
CMD21838,CL0907,P060,2024-01-25,4,1697.88,livre,kech,Carte,LIV4,
CMD47522,CL0255,P068,2023-11-17,1,3326.47,livre,casa,Carte,LIV10,
CMD46754,CL0725,P096,25/06/2023,5,428.17,livré,TANGER,Carte,LIV6,2023-06-30
CMD42057,CL0035,P084,2023-08-23,1,2579.25,livré,RBA,Carte,LIV10,2023-08-28
CMD34733,CL0902,P021,2024-05-11,1,4463.17,DONE,CASABLANCA,Carte,LIV5,2024-05-15
CMD14738,CL0776,P080,24/10/2023,4,554.63,livré,casa,Carte,LIV3,2023-10-25
CMD16976,CL0453,P088,Feb 14 2023,4,3460.47,KO,tanger,Carte,LIV3,
CMD05516,CL0193,P054,2023-08-21,1,4158.0,livré,TNG,Carte,LIV1,2023-08-23
CMD11493,CL0379,P012,2024-04-13,4,693.08,livre,RBA,Carte,LIV9,
CMD12860,CL0869,P091,Oct 21 2023,2,529.51,LIVRE,TANGER,Carte,LIV7,2023-10-22
CMD29595,CL0298,P016,2023-05-17,5,3450.32,livré,RBA,Carte,LIV9,2023-05-19
CMD01976,CL0543,P024,May 12 2024,2,428.56,OK,TNG,Carte,LIV5,
CMD28523,CL0625,P094,2023-03-23,1,1079.87,OK,TNG,Carte,LIV9,
CMD04752,CL0143,P057,2023-03-19,2,2976.33,annulé,RBA,Carte,,
CMD00293,CL0871,P042,May 02 2024,2,2985.97,KO,CASABLANCA,Carte,LIV6,
CMD36595,CL0079,P071,05/03/2023,2,77.3,en_cours,casa,Carte,LIV9,
CMD36940,CL0840,P080,2023-12-12,1,1171.43,livré,TANGER,Carte,LIV9,2023-12-17
CMD10076,CL0603,P054,2023-05-28,5,4150.32,livré,Agadir,Carte,LIV6,2023-06-01
CMD01884,CL0715,P072,24/05/2023,1,912.55,annulé,TANGER,Carte,,
CMD11778,CL0378,P036,20/03/2024,4,3551.5,en_cours,CASABLANCA,Carte,LIV3,
CMD25642,CL0534,P046,Mar 08 2024,3,1849.07,livré,RBA,Carte,LIV1,2024-03-11
CMD47676,CL0902,P060,Oct 23 2023,4,4697.25,livré,kech,Carte,LIV6,2023-10-28
CMD10327,CL0899,P033,Jan 23 2024,3,4411.42,DONE,RBA,Carte,LIV8,2024-01-24
CMD26646,CL0513,P090,21/12/2023,2,1457.49,KO,TANGER,Carte,LIV6,
CMD27334,CL0763,P083,21/07/2023,2,593.89,OK,kech,Carte,LIV5,
CMD13214,CL0671,P028,04/06/2023,4,865.07,livré,marrakech,Carte,LIV1,2023-06-06
CMD12505,CL0833,P077,2023-07-19,5,102.34,livré,CASABLANCA,Carte,LIV5,2023-07-21
CMD32415,CL0026,P003,Dec 26 2023,1,4699.28,OK,CASABLANCA,Carte,LIV9,
CMD10086,CL0194,P037,Feb 04 2023,4,2643.77,LIVRE,RBA,Carte,LIV8,2023-02-07
CMD11197,CL0595,P083,12/04/2024,1,4204.32,retourné,Agadir,Carte,LIV8,2024-04-13
CMD00534,CL0415,P036,Dec 06 2023,1,2527.76,KO,Tnja,Carte,LIV6,
CMD14388,CL0645,P063,06/04/2024,2,0,LIVRE,TANGER,Carte,LIV4,2024-04-10
CMD39766,CL0886,P089,06/08/2023,3,1991.95,livré,Tnja,Carte,LIV8,2023-08-07
CMD21962,CL0147,P100,12/09/2023,4,140.02,OK,TANGER,Carte,LIV4,
CMD28030,CL0471,P016,2023-10-21,4,3506.65,LIVRE,marrakech,Carte,LIV3,2023-10-22
CMD13733,CL0051,P009,17/02/2024,2,140.3,livré,TANGER,Carte,LIV5,2024-02-22
CMD14460,CL0435,P092,08/01/2023,2,3903.23,livré,Tnja,Carte,LIV5,2023-01-13
CMD14481,CL0401,P066,30/09/2023,2,257.37,LIVRE,Agadir,Carte,,2023-10-01
CMD17438,CL0383,P061,27/07/2023,1,2996.01,DONE,CASABLANCA,Carte,LIV4,2023-08-01
CMD16513,CL0637,P046,2024-01-22,3,2626.26,DONE,tanger,Carte,LIV9,2024-01-23
CMD02528,CL0477,P083,15/06/2023,2,450.35,livré,kech,Carte,LIV6,2023-06-17
CMD08900,CL0972,P095,18/11/2023,5,2259.62,en_cours,Tnja,Carte,,
CMD45325,CL0738,P069,2024-04-07,4,1594.3,livré,CASABLANCA,Carte,LIV4,2024-04-11
CMD34865,CL0056,P027,2023-12-15,5,2907.05,en_cours,CASABLANCA,Carte,LIV5,
CMD33176,CL0300,P046,Jun 22 2023,2,2337.72,annulé,CASABLANCA,Carte,LIV9,
CMD34021,CL0130,P089,Jan 13 2023,4,4108.69,livré,TNG,Carte,LIV10,2023-01-18
CMD02651,CL0536,P076,May 16 2023,2,1699.35,LIVRE,CASABLANCA,Carte,LIV7,2023-05-19
CMD42488,CL0795,P024,Dec 04 2023,4,942.9,KO,Agadir,Carte,LIV3,
CMD30639,CL0297,P010,08/06/2023,1,2047.14,annulé,kech,Carte,LIV9,
CMD43520,CL0663,P065,Aug 31 2023,1,3701.71,KO,CASABLANCA,Carte,LIV4,
CMD39765,CL0628,P061,2023-08-16,3,3569.42,OK,kech,Carte,LIV4,
CMD38890,CL0456,P096,2024-01-28,2,2281.37,en_cours,marrakech,Carte,LIV6,
CMD37451,CL0185,P001,2024-01-03,4,791.94,DONE,TNG,Carte,LIV7,2024-01-07
CMD03926,CL0713,P015,12/06/2023,3,4546.29,LIVRE,casa,Carte,LIV10,2023-06-16
CMD12027,CL0678,P082,2023-11-30,2,3418.74,KO,casa,Carte,LIV4,
CMD27385,CL0548,P097,2023-04-22,3,2321.4,livré,RBA,Carte,LIV4,2023-04-24
CMD20412,CL0876,P012,16/11/2023,4,278.53,livre,marrakech,Carte,LIV8,
CMD48359,CL0771,P027,Mar 29 2024,1,305.58,retourné,RBA,Carte,LIV8,2024-04-03
CMD09251,CL0587,P071,10/04/2023,1,3436.88,livré,casa,Carte,LIV9,2023-04-11
CMD39681,CL0358,P038,23/08/2023,5,1228.13,livré,Agadir,Carte,LIV1,2023-08-28
CMD29733,CL0829,P021,01/09/2023,1,4958.3,livré,RBA,Carte,LIV9,2023-09-04
CMD16066,CL0375,P003,Mar 22 2024,5,2178.44,KO,tanger,Carte,LIV5,
CMD05609,CL0580,P086,Jul 10 2023,3,750.21,livre,CASABLANCA,Carte,LIV2,
CMD43247,CL0396,P058,2023-06-05,1,4656.54,OK,casa,Carte,LIV5,
CMD07839,CL0039,P043,20/05/2023,1,3404.43,livre,tanger,Carte,LIV3,
CMD18608,CL0153,P092,12/10/2023,1,2104.59,LIVRE,RBA,Carte,LIV6,2023-10-14
CMD22088,CL0121,P025,23/03/2023,3,499.3,annulé,kech,Carte,LIV8,
CMD30243,CL0805,P059,2023-09-28,5,2348.06,livré,kech,Carte,LIV4,2023-09-29
CMD19203,CL0112,P021,14/10/2023,2,3406.22,OK,kech,Carte,LIV3,
CMD02280,CL0251,P034,03/07/2023,3,3837.74,OK,Agadir,Carte,LIV7,
CMD11534,CL0610,P039,Nov 21 2023,5,4022.66,en_cours,casa,Carte,LIV6,
CMD33230,CL0412,P066,Nov 12 2023,2,707.94,livré,TANGER,Carte,LIV4,2023-11-15
CMD05505,CL0361,P008,Nov 08 2023,2,4515.72,DONE,Agadir,Carte,LIV7,2023-11-11
CMD03613,CL0898,P047,2023-05-29,3,2321.2,livré,tanger,Carte,LIV2,2023-05-31
CMD37922,CL0622,P030,17/08/2023,3,4255.02,DONE,CASABLANCA,Carte,LIV5,2023-08-22
CMD25446,CL0527,P042,11/02/2024,5,3070.85,retourné,kech,Carte,LIV7,2024-02-14
CMD43846,CL0644,P090,03/01/2023,1,3398.71,LIVRE,Tnja,Carte,LIV6,2023-01-04
CMD16697,CL0721,P058,22/01/2024,1,4306.85,KO,marrakech,Carte,,
CMD42802,CL0228,P072,2023-04-10,2,2203.62,livré,CASABLANCA,Carte,,2023-04-12
CMD33685,CL0428,P026,2023-01-31,5,166.74,LIVRE,TNG,Carte,LIV5,2023-02-03
CMD13845,CL0104,P022,Jun 27 2023,1,0,en_cours,Tnja,Carte,LIV1,
CMD09107,CL0059,P020,May 06 2024,5,3547.24,LIVRE,TANGER,Carte,LIV9,2024-05-10
CMD20560,CL0482,P040,07/11/2023,4,2894.25,livré,CASABLANCA,Carte,LIV8,2023-11-09
CMD29098,CL0295,P053,17/04/2023,1,2478.15,DONE,marrakech,Carte,LIV8,2023-04-22
CMD38154,CL0172,P056,2023-10-30,1,1287.89,annulé,marrakech,Carte,LIV9,
CMD22535,CL0857,P061,2023-03-30,5,91.21,LIVRE,casa,Carte,LIV7,2023-04-04
CMD03874,CL0301,P042,Aug 20 2023,-1,2401.56,en_cours,TNG,Carte,LIV10,
CMD06483,CL0929,P041,22/07/2023,4,1665.77,livre,Tnja,Carte,,
CMD18888,CL0567,P100,Mar 01 2023,4,3249.65,DONE,Agadir,Carte,LIV2,2023-03-06
CMD01409,CL0847,P060,09/11/2023,4,4808.92,KO,tanger,Carte,LIV2,
CMD27704,CL0463,P079,09/11/2023,1,3489.77,annulé,kech,Carte,LIV5,
CMD05266,CL0392,P097,2024-02-05,4,3139.81,livre,tanger,Carte,LIV1,
CMD29285,CL0442,P045,28/03/2024,5,3910.62,annulé,marrakech,Carte,LIV4,
CMD09960,CL0992,P092,Feb 21 2023,3,4745.81,livre,TNG,Carte,LIV5,
CMD26647,CL0178,P047,2023-01-28,3,1775.22,OK,RBA,Carte,LIV3,
CMD34313,CL0906,P043,26/08/2023,4,1752.89,LIVRE,RBA,Carte,,2023-08-30
CMD47231,CL0894,P053,28/01/2023,4,1934.33,LIVRE,kech,Carte,LIV8,2023-01-29
CMD38287,CL0569,P006,Aug 13 2023,2,3550.06,en_cours,TNG,Carte,LIV4,
CMD32921,CL0771,P054,2023-08-08,5,3900.38,OK,CASABLANCA,Carte,,
CMD19282,CL0725,P052,2023-08-11,5,4321.31,en_cours,Tnja,Carte,LIV2,
CMD08496,CL0817,P032,11/02/2024,5,3446.62,livre,marrakech,Carte,LIV8,
CMD47647,CL0669,P096,16/02/2023,1,4481.67,LIVRE,tanger,Carte,LIV1,2023-02-17
CMD22941,CL0867,P013,29/09/2023,2,3191.68,annulé,TNG,Carte,LIV1,
CMD22435,CL0912,P071,04/04/2023,2,160.15,livré,Tnja,Carte,LIV4,2023-04-06
CMD08492,CL0332,P053,26/05/2023,4,3700.54,livré,Tnja,Carte,LIV5,2023-05-27
CMD41586,CL0632,P003,May 08 2024,3,139.14,livré,marrakech,Carte,LIV2,2024-05-10
CMD18349,CL0558,P097,20/04/2023,5,611.37,livré,kech,Carte,LIV8,2023-04-24
CMD00461,CL0558,P009,Dec 23 2023,4,126.7,retourné,Agadir,Carte,LIV9,2023-12-25
CMD22453,CL0038,P089,2023-11-27,3,1333.69,livré,CASABLANCA,Carte,LIV5,2023-11-28
CMD40469,CL0056,P091,Aug 02 2023,4,3659.14,retourné,CASABLANCA,Carte,LIV9,2023-08-07
CMD00162,CL0634,P094,12/02/2024,2,307.87,KO,kech,Carte,LIV10,
CMD21498,CL0422,P039,2023-08-18,4,1098.97,livré,kech,Carte,LIV5,2023-08-19
CMD13159,CL0023,P019,Jul 27 2023,1,2791.55,DONE,kech,Carte,LIV7,2023-07-29
CMD45688,CL0709,P091,02/10/2023,4,201.27,retourné,kech,Carte,LIV4,2023-10-05
CMD32984,CL0476,P063,29/01/2024,1,1838.42,en_cours,TNG,Carte,,
CMD04517,CL0070,P065,Jun 14 2023,2,4666.98,livré,marrakech,Carte,LIV2,2023-06-18
CMD05210,CL0266,P067,Apr 05 2023,5,3582.82,annulé,kech,Carte,LIV6,
CMD39473,CL0769,P050,Jul 25 2023,2,758.18,retourné,tanger,Carte,LIV10,2023-07-27
CMD40399,CL0152,P028,2023-05-08,5,3985.39,livre,Agadir,Carte,LIV5,
CMD17908,CL0596,P091,10/10/2023,4,0,livre,CASABLANCA,Carte,LIV10,
CMD06551,CL0989,P067,2023-01-02,1,2724.6,LIVRE,TANGER,Carte,LIV4,2023-01-06
CMD37773,CL0034,P059,Jul 23 2023,4,2080.41,LIVRE,TNG,Carte,LIV2,2023-07-24
CMD02272,CL0912,P008,2023-02-09,3,80.82,livré,tanger,Carte,LIV6,2023-02-10
CMD23969,CL0038,P047,30/09/2023,3,3937.87,livre,CASABLANCA,Carte,LIV2,
CMD02871,CL0857,P088,2023-05-22,3,2152.4,annulé,CASABLANCA,Carte,LIV7,
CMD08597,CL0356,P017,09/11/2023,1,1158.0,livré,TNG,Carte,LIV3,2023-11-12
CMD23262,CL0335,P038,Feb 12 2023,4,4130.13,livré,Tnja,Carte,LIV4,2023-02-13
CMD16505,CL0095,P008,Mar 20 2023,5,3479.81,DONE,RBA,Carte,LIV4,2023-03-23
CMD26728,CL0226,P007,27/01/2023,2,253.66,LIVRE,kech,Carte,LIV8,2023-02-01
CMD17636,CL0484,P033,04/01/2024,4,4027.03,annulé,marrakech,Carte,LIV1,
CMD31333,CL0982,P055,2024-05-15,1,3991.18,livré,casa,Carte,LIV9,2024-05-18
CMD10948,CL0039,P061,2023-07-16,4,3991.76,livré,kech,Carte,LIV5,2023-07-17
CMD40185,CL0460,P100,Nov 29 2023,2,597.75,livré,kech,Carte,LIV4,2023-12-03
CMD43515,CL0397,P078,May 02 2024,5,2298.15,OK,Agadir,Carte,LIV5,
CMD14737,CL0193,P086,11/02/2023,4,2501.6,livré,RBA,Carte,,2023-02-12
CMD35093,CL0934,P018,2023-09-04,5,4940.96,livré,TANGER,Carte,LIV10,2023-09-07
CMD19467,CL0926,P024,Jan 07 2023,-1,1670.95,KO,tanger,Carte,,
CMD43516,CL0287,P099,Jul 19 2023,5,2393.76,DONE,TNG,Carte,LIV4,2023-07-24
CMD26852,CL0427,P063,15/05/2024,4,1817.79,livré,RBA,Carte,LIV8,2024-05-19
CMD40098,CL0061,P060,24/11/2023,5,1791.36,livré,Agadir,Carte,LIV3,2023-11-27
CMD37518,CL0431,P093,2023-08-26,4,4548.85,retourné,CASABLANCA,Carte,LIV10,2023-08-31
CMD34344,CL0712,P007,02/02/2024,3,3304.54,annulé,Tnja,Carte,LIV4,
CMD33731,CL0165,P010,2023-03-02,2,3664.35,livré,CASABLANCA,Carte,LIV4,2023-03-06
CMD15525,CL0920,P068,2023-05-29,4,318.23,en_cours,TNG,Carte,LIV7,
CMD23995,CL0652,P062,2023-02-02,2,4364.34,livre,marrakech,Carte,LIV4,
CMD15743,CL0039,P040,Feb 01 2023,4,709.26,KO,RBA,Carte,LIV8,
CMD09188,CL0747,P069,Mar 02 2023,4,2156.28,en_cours,tanger,Carte,LIV10,
CMD37340,CL0712,P081,Feb 21 2023,3,3071.91,livré,casa,Carte,LIV5,2023-02-22
CMD37128,CL0251,P042,26/09/2023,3,1665.03,KO,CASABLANCA,Carte,LIV6,
CMD38877,CL0935,P048,2023-12-11,2,1386.48,en_cours,TANGER,Carte,LIV2,
CMD23686,CL0436,P016,Dec 07 2023,4,2905.37,retourné,marrakech,Carte,LIV8,2023-12-12
CMD04268,CL0701,P048,2023-02-01,3,1720.23,annulé,Tnja,Carte,,
CMD44974,CL0484,P074,Aug 28 2023,5,1942.17,retourné,tanger,Carte,LIV4,2023-09-02
CMD06917,CL0567,P061,19/03/2024,5,3994.53,en_cours,tanger,Carte,LIV3,
CMD37595,CL0711,P064,26/10/2023,4,2684.94,OK,kech,Carte,LIV5,
CMD17838,CL0848,P049,Jun 23 2023,4,3330.01,en_cours,marrakech,Carte,LIV2,
CMD14189,CL0572,P021,2024-05-01,3,2049.35,KO,TNG,Carte,LIV5,
CMD31025,CL0023,P067,25/10/2023,4,4288.74,KO,RBA,Carte,LIV5,
CMD37661,CL0286,P086,2023-07-08,4,4177.24,livré,CASABLANCA,Carte,LIV10,2023-07-12
CMD05306,CL0498,P011,2023-10-31,1,3436.31,OK,CASABLANCA,Carte,LIV8,
CMD45136,CL0563,P013,Mar 23 2024,5,316.2,KO,TNG,Carte,LIV9,
CMD04721,CL0256,P066,15/01/2023,5,626.85,en_cours,Agadir,Carte,LIV6,
CMD05330,CL0527,P088,Jun 30 2023,4,3659.79,OK,TNG,Carte,LIV5,
CMD22566,CL0437,P015,Jul 31 2023,4,1599.68,livré,CASABLANCA,Carte,LIV1,2023-08-05
CMD38816,CL0471,P100,Nov 18 2023,5,4255.6,annulé,RBA,Carte,,
CMD32116,CL0408,P027,Jan 09 2023,3,466.23,retourné,RBA,Carte,LIV10,2023-01-12
CMD39242,CL0454,P041,Mar 19 2023,3,214.08,DONE,TNG,Carte,LIV9,2023-03-21
CMD17728,CL0410,P076,Mar 23 2023,3,2418.97,annulé,casa,Carte,LIV6,
CMD24837,CL0441,P024,Jun 27 2023,2,4235.17,LIVRE,casa,Carte,LIV3,2023-06-29
CMD09607,CL0699,P095,2023-11-16,1,1633.61,en_cours,RBA,Carte,,
CMD26091,CL0297,P051,2023-02-16,4,558.66,livre,marrakech,Carte,LIV6,
CMD22849,CL0527,P041,18/11/2023,4,4099.92,en_cours,CASABLANCA,Carte,LIV5,
CMD10598,CL0142,P005,2023-07-02,5,640.75,KO,tanger,Carte,LIV7,
CMD39834,CL0608,P070,30/04/2023,2,4206.39,livre,kech,Carte,LIV4,
CMD25908,CL0588,P012,2023-02-06,1,3679.57,livré,casa,Carte,LIV10,2023-02-11
CMD25224,CL0106,P063,Feb 12 2023,2,3383.54,livré,casa,Carte,LIV6,2023-02-13
CMD32585,CL0702,P090,2023-11-11,4,548.25,livré,TNG,Carte,LIV2,2023-11-14
CMD47082,CL0162,P084,May 03 2023,4,3354.52,annulé,marrakech,Carte,LIV1,
CMD28302,CL0861,P034,16/12/2023,5,4082.95,OK,marrakech,Carte,LIV8,
CMD09290,CL0419,P044,2024-02-13,5,1852.74,en_cours,RBA,Carte,LIV5,
CMD41823,CL0168,P033,2023-07-20,4,2803.98,KO,CASABLANCA,Carte,LIV5,
CMD03008,CL0902,P086,09/11/2023,2,297.37,livre,TANGER,Carte,LIV8,
CMD23528,CL0096,P011,2023-10-21,3,3718.77,livré,CASABLANCA,Carte,LIV3,2023-10-26
CMD15161,CL0559,P038,19/08/2023,2,119.34,livre,Agadir,Carte,LIV1,
CMD46980,CL0655,P085,19/01/2023,2,3913.33,livré,CASABLANCA,Carte,LIV6,2023-01-24
CMD22094,CL0828,P031,29/04/2023,4,1974.71,OK,Tnja,Carte,LIV5,
CMD41611,CL0254,P077,15/09/2023,2,4721.28,OK,TNG,Carte,,
CMD29328,CL0629,P027,08/03/2024,4,3204.3,KO,tanger,Carte,LIV5,
CMD38419,CL0888,P072,2024-01-19,5,1961.72,LIVRE,CASABLANCA,Carte,LIV4,2024-01-24
CMD06085,CL0608,P063,2024-03-18,4,2841.41,DONE,Tnja,Carte,LIV3,2024-03-19
CMD20823,CL0580,P061,22/04/2024,2,1624.43,LIVRE,casa,Carte,LIV10,2024-04-26
CMD09128,CL0016,P044,2023-05-08,3,1834.41,annulé,tanger,Carte,LIV2,
CMD04228,CL0470,P010,Apr 26 2024,3,527.02,KO,kech,Carte,LIV6,
CMD14342,CL0004,P097,2023-02-11,1,2441.65,retourné,marrakech,Carte,LIV1,2023-02-13
CMD28554,CL0296,P029,Apr 08 2023,1,1013.48,DONE,tanger,Carte,LIV8,2023-04-09
CMD21083,CL0139,P071,2023-02-04,2,4490.77,annulé,kech,Carte,LIV5,
CMD29380,CL0843,P085,Oct 29 2023,3,1533.39,DONE,kech,Carte,LIV9,2023-11-03
CMD31710,CL0974,P080,2023-04-11,1,405.56,retourné,tanger,Carte,LIV10,2023-04-16
CMD39728,CL0338,P005,2023-09-08,1,355.19,retourné,kech,Carte,LIV7,2023-09-09
CMD18922,CL0586,P088,2024-04-18,3,3267.03,en_cours,CASABLANCA,Carte,LIV2,
CMD13580,CL0409,P051,Feb 02 2023,4,3728.49,livre,Agadir,Carte,LIV7,
CMD14172,CL0299,P100,2024-03-01,5,4194.25,LIVRE,CASABLANCA,Carte,LIV8,2024-03-02
CMD26937,CL0456,P030,2023-08-01,5,1855.3,LIVRE,marrakech,Carte,LIV2,2023-08-02
CMD23725,CL0641,P095,May 10 2023,4,2518.71,livré,TANGER,Carte,LIV5,2023-05-12
CMD13449,CL0517,P086,01/11/2023,5,2520.62,livre,casa,Carte,LIV6,
CMD24519,CL0213,P003,Jan 12 2023,3,97.46,livré,TANGER,Carte,LIV5,2023-01-17
CMD09995,CL0078,P044,2023-11-02,3,1693.85,annulé,Tnja,Carte,,
CMD21296,CL0519,P061,09/01/2023,5,1368.66,LIVRE,RBA,Carte,LIV5,2023-01-14
CMD26988,CL0903,P093,Dec 23 2023,1,2224.12,livre,marrakech,Carte,LIV7,
CMD08280,CL0684,P055,2023-04-30,1,1214.48,retourné,Tnja,Carte,LIV8,2023-05-04
CMD18655,CL0052,P088,04/05/2024,5,628.72,retourné,Tnja,Carte,LIV8,2024-05-05
CMD28780,CL0785,P005,Feb 22 2024,2,2806.4,en_cours,marrakech,Carte,LIV4,
CMD13124,CL0736,P089,Jan 20 2023,2,2087.07,livré,kech,Carte,LIV3,2023-01-25
CMD18348,CL0150,P097,2023-06-23,1,3390.0,DONE,CASABLANCA,Carte,LIV8,2023-06-26
CMD43258,CL0405,P066,Oct 04 2023,2,1961.28,retourné,Tnja,Carte,LIV1,2023-10-07
CMD17221,CL0304,P030,2023-09-27,1,4572.31,LIVRE,tanger,Carte,LIV4,2023-10-01
CMD36502,CL0278,P054,2023-04-24,2,3229.59,livre,RBA,Carte,,
CMD21989,CL0241,P100,2023-10-14,4,4772.94,DONE,kech,Carte,LIV9,2023-10-16
CMD19435,CL0145,P003,2023-05-25,5,3704.04,DONE,casa,Carte,LIV2,2023-05-27
CMD46005,CL0313,P096,01/03/2024,1,1069.15,KO,RBA,Carte,LIV5,
CMD10291,CL0855,P020,30/11/2023,3,2174.52,livre,marrakech,Carte,LIV2,
CMD20963,CL0428,P095,2023-11-27,3,4153.96,KO,marrakech,Carte,LIV10,
CMD14503,CL0756,P096,01/04/2024,4,4598.64,DONE,tanger,Carte,LIV7,2024-04-02
CMD26049,CL0409,P019,2023-12-17,5,2840.56,livré,RBA,Carte,LIV9,2023-12-22
CMD00873,CL0019,P061,2023-02-03,1,487.51,KO,Tnja,Carte,LIV8,
CMD44798,CL0832,P071,2023-04-17,1,3859.39,LIVRE,TNG,Carte,LIV5,2023-04-18
CMD43881,CL0369,P015,20/01/2024,5,2322.98,en_cours,tanger,Carte,LIV5,
CMD36012,CL0845,P031,27/03/2023,4,1894.41,DONE,RBA,Carte,LIV3,2023-03-28
CMD30008,CL0801,P071,18/03/2024,5,800.28,livre,tanger,Carte,LIV10,
CMD33115,CL0895,P031,Apr 23 2024,4,3560.71,KO,RBA,Carte,,
CMD46394,CL0559,P060,2023-03-10,4,3549.99,livré,TANGER,Carte,LIV5,2023-03-15
CMD26844,CL0019,P017,03/12/2023,5,758.47,en_cours,kech,Carte,LIV6,
CMD42342,CL0958,P047,2024-04-11,1,362.62,KO,Tnja,Carte,,
CMD19077,CL0014,P088,28/02/2024,-1,575.37,livré,TNG,Carte,LIV9,2024-03-03
CMD20747,CL0495,P088,2023-05-13,4,4114.87,en_cours,Tnja,Carte,LIV4,
CMD27567,CL0466,P005,2024-05-11,3,0,livré,Agadir,Carte,LIV3,2024-05-15
CMD16052,CL0511,P066,Mar 18 2024,3,3761.5,retourné,RBA,Carte,LIV10,2024-03-23
CMD42102,CL0013,P095,06/10/2023,3,1333.51,livre,RBA,Carte,LIV10,
CMD16046,CL0435,P082,23/04/2024,5,4472.47,livré,TANGER,Carte,LIV1,2024-04-28
CMD13018,CL0274,P043,Mar 11 2024,5,4352.24,KO,Tnja,Carte,LIV1,
CMD23560,CL0420,P013,15/04/2024,5,695.61,OK,kech,Carte,LIV10,
CMD21894,CL0212,P092,Nov 12 2023,1,2642.47,LIVRE,casa,Carte,LIV7,2023-11-14
CMD46942,CL0036,P054,Apr 13 2023,3,1538.97,en_cours,kech,Carte,LIV5,
CMD03716,CL0800,P036,2023-02-11,1,768.49,livré,casa,Carte,LIV9,2023-02-13
CMD11762,CL0430,P023,2023-11-01,5,1590.81,retourné,marrakech,Carte,LIV8,2023-11-04
CMD04933,CL0556,P084,Jan 06 2024,3,4777.04,DONE,CASABLANCA,Carte,LIV1,2024-01-09
CMD46911,CL0505,P089,May 06 2023,2,3644.97,retourné,tanger,Carte,LIV2,2023-05-10
CMD32347,CL0918,P069,2024-01-23,5,2670.16,LIVRE,TNG,Carte,LIV8,2024-01-27
CMD18385,CL0464,P084,2024-03-07,5,1366.71,LIVRE,RBA,Carte,LIV6,2024-03-08
CMD17843,CL0786,P012,24/05/2023,4,2968.23,KO,casa,Carte,LIV9,
CMD27509,CL0238,P089,2024-05-04,4,4736.85,DONE,casa,Carte,LIV7,2024-05-07
CMD12145,CL0234,P068,25/01/2024,5,821.94,livré,kech,Carte,LIV1,2024-01-27
CMD31806,CL0848,P039,Aug 11 2023,2,1121.73,LIVRE,marrakech,Carte,LIV1,2023-08-13
CMD28229,CL0814,P036,23/03/2023,4,648.77,LIVRE,casa,Carte,LIV5,2023-03-24
CMD14307,CL0663,P074,17/06/2023,3,3208.0,livre,tanger,Carte,LIV9,
CMD16462,CL0015,P007,Sep 29 2023,1,4141.46,KO,tanger,Carte,LIV7,
CMD19601,CL0214,P012,18/07/2023,5,593.07,retourné,Tnja,Carte,LIV3,2023-07-21
CMD11137,CL0456,P046,05/03/2024,3,3072.4,OK,CASABLANCA,Carte,LIV7,
CMD31036,CL0705,P014,Feb 05 2024,2,3001.19,annulé,TNG,Carte,,
CMD27623,CL0221,P006,Jun 01 2023,-1,2037.29,livré,marrakech,Carte,LIV1,2023-06-06
CMD35602,CL0071,P025,Apr 05 2024,-1,2919.59,DONE,kech,Carte,LIV1,2024-04-07
CMD22969,CL0707,P091,01/08/2023,5,2570.95,retourné,Agadir,Carte,,2023-08-03
CMD13321,CL0715,P098,05/10/2023,4,3025.63,retourné,TANGER,Carte,LIV8,2023-10-10
CMD40334,CL0116,P075,2023-07-21,1,1689.45,livré,Tnja,Carte,LIV3,2023-07-24
CMD39792,CL0248,P015,20/08/2023,-1,824.12,annulé,TANGER,Carte,LIV1,
CMD35272,CL0833,P031,04/03/2024,2,2741.95,DONE,casa,Carte,LIV3,2024-03-07
CMD31930,CL0835,P018,2024-03-11,1,4300.26,livré,TANGER,Carte,LIV5,2024-03-15
CMD39871,CL0726,P042,Apr 02 2023,2,3174.88,livré,TNG,Carte,LIV7,2023-04-07
CMD12903,CL0242,P080,Jul 27 2023,3,4721.28,annulé,TNG,Carte,LIV5,
CMD45401,CL0347,P012,2023-12-28,1,4630.41,DONE,casa,Carte,LIV8,2023-12-31
CMD28279,CL0086,P043,29/02/2024,3,414.99,OK,TANGER,Carte,LIV6,
CMD21699,CL0915,P092,2024-01-03,3,2035.7,LIVRE,tanger,Carte,,2024-01-04
CMD41317,CL0963,P098,11/07/2023,2,2541.77,LIVRE,marrakech,Carte,LIV5,2023-07-16
CMD32656,CL0571,P061,2024-03-29,1,2231.02,KO,TNG,Carte,,
CMD14295,CL0139,P055,17/10/2023,2,1229.38,LIVRE,TNG,Carte,LIV10,2023-10-20
CMD44010,CL0751,P037,Oct 26 2023,1,1859.52,livre,kech,Carte,LIV6,
CMD26081,CL0209,P006,2024-02-28,4,892.14,livre,casa,Carte,,
CMD08086,CL0798,P009,2024-04-21,4,2730.61,livre,TANGER,Carte,LIV7,
CMD10859,CL0643,P040,05/02/2024,5,1819.84,en_cours,kech,Carte,LIV6,
CMD06678,CL0574,P081,2023-03-16,5,139.88,annulé,Tnja,Carte,LIV9,
CMD11321,CL0919,P051,2023-07-24,1,3279.49,retourné,RBA,Carte,LIV7,2023-07-27
CMD28536,CL0539,P025,2023-01-11,2,4390.75,en_cours,TNG,Carte,LIV1,
CMD13413,CL0129,P070,26/07/2023,3,4657.33,livré,casa,Carte,LIV1,2023-07-29
CMD27945,CL0489,P003,Apr 11 2023,2,1712.78,livré,CASABLANCA,Carte,LIV6,2023-04-12
CMD34163,CL0271,P015,2023-02-21,2,3875.67,annulé,tanger,Carte,LIV1,
CMD08570,CL0184,P075,Apr 09 2023,2,1319.25,livré,marrakech,Carte,LIV4,2023-04-13
CMD35119,CL0827,P020,2024-05-11,2,1854.05,livré,TANGER,Carte,LIV5,2024-05-12
CMD23114,CL0960,P066,05/04/2023,5,4703.48,en_cours,TNG,Carte,LIV1,
CMD46495,CL0105,P055,04/05/2024,3,1087.72,DONE,RBA,Carte,LIV6,2024-05-08
CMD07825,CL0909,P030,29/09/2023,1,4090.18,livré,Tnja,Carte,LIV2,2023-10-03
CMD40884,CL0537,P007,Oct 01 2023,4,3900.77,retourné,TNG,Carte,LIV8,2023-10-06
CMD22847,CL0891,P083,2023-10-17,2,4721.2,livré,Tnja,Carte,LIV3,2023-10-20
CMD27204,CL0519,P095,2023-01-30,5,867.43,LIVRE,marrakech,Carte,,2023-02-01
CMD16544,CL0950,P056,Feb 03 2023,3,2866.82,livre,kech,Carte,LIV6,
CMD15752,CL0993,P044,08/12/2023,4,753.19,livré,Agadir,Carte,LIV3,2023-12-11
CMD29849,CL0707,P094,2023-10-07,2,4089.18,retourné,TANGER,Carte,LIV3,2023-10-10
CMD32305,CL0258,P033,Mar 04 2024,1,1703.96,KO,casa,Carte,LIV7,
CMD17355,CL0912,P075,07/02/2023,1,2514.92,en_cours,marrakech,Carte,LIV9,
CMD05389,CL0588,P085,20/05/2023,5,4147.68,KO,CASABLANCA,Carte,LIV3,
CMD33356,CL0562,P003,2023-05-02,4,2080.98,annulé,marrakech,Carte,LIV2,
CMD07245,CL0644,P080,Nov 22 2023,2,4667.31,livré,tanger,Carte,LIV6,2023-11-26
CMD45169,CL0152,P034,Jul 19 2023,3,4774.52,DONE,Tnja,Carte,LIV7,2023-07-21
CMD40967,CL0954,P052,14/06/2023,5,3772.49,KO,kech,Carte,,
CMD34156,CL0283,P064,Aug 24 2023,5,453.83,livré,RBA,Carte,LIV3,2023-08-25
CMD20448,CL0654,P050,2024-04-19,3,3349.49,OK,marrakech,Carte,LIV10,
CMD34495,CL0972,P022,08/01/2023,2,1361.66,livré,RBA,Carte,LIV3,2023-01-09
CMD25189,CL0348,P079,11/02/2023,5,3242.55,livré,casa,Carte,LIV5,2023-02-14
CMD31651,CL0036,P063,2023-05-16,3,2369.89,DONE,tanger,Carte,LIV6,2023-05-19
CMD48201,CL0536,P058,2023-07-21,5,1949.72,livré,CASABLANCA,Carte,LIV7,2023-07-22
CMD17481,CL0168,P036,13/04/2023,1,4455.6,DONE,TNG,Carte,LIV8,2023-04-14
CMD32202,CL0979,P002,2023-10-30,3,3906.33,annulé,TANGER,Carte,LIV8,
CMD10078,CL0316,P011,06/07/2023,3,3366.77,OK,CASABLANCA,Carte,,
CMD04807,CL0905,P023,2024-01-16,2,3162.98,livré,marrakech,Carte,LIV10,2024-01-18
CMD23659,CL0990,P070,30/07/2023,4,1349.75,DONE,tanger,Carte,LIV2,2023-08-03
CMD29298,CL0110,P094,May 07 2024,5,2727.02,livré,Agadir,Carte,LIV10,2024-05-08
CMD09887,CL0205,P047,2023-04-21,2,2256.68,annulé,kech,Carte,LIV2,
CMD31474,CL1000,P057,2023-07-17,3,1479.31,KO,casa,Carte,LIV1,
CMD12125,CL0068,P033,2023-06-22,1,2706.82,retourné,TNG,Carte,LIV4,2023-06-27
CMD14591,CL0041,P043,15/07/2023,3,4988.67,livre,kech,Carte,LIV8,
CMD20131,CL0643,P006,Apr 29 2024,3,2724.35,livré,TANGER,Carte,LIV10,2024-05-04
CMD14282,CL0197,P068,2024-01-27,4,1347.03,livré,casa,Carte,LIV2,2024-02-01
CMD34042,CL0692,P054,17/12/2023,3,452.43,DONE,marrakech,Carte,,2023-12-22
CMD21966,CL0756,P026,2023-09-16,4,3215.81,en_cours,Agadir,Carte,LIV5,
CMD14751,CL0612,P068,2023-01-15,2,395.82,livre,TANGER,Carte,LIV6,
CMD42095,CL0112,P030,Aug 14 2023,2,3210.45,KO,Tnja,Carte,LIV4,
CMD09848,CL0848,P025,07/03/2024,4,1178.44,livre,RBA,Carte,LIV8,
CMD02927,CL0232,P007,Feb 22 2024,3,388.95,livré,Tnja,Carte,,2024-02-27
CMD23260,CL0585,P024,2023-03-24,1,2417.15,livré,TNG,Carte,LIV3,2023-03-27
CMD20765,CL0430,P010,Aug 12 2023,2,4438.51,DONE,TNG,Carte,,2023-08-13
CMD21118,CL0580,P006,Aug 17 2023,3,2612.08,LIVRE,marrakech,Carte,LIV4,2023-08-20
CMD38625,CL0399,P018,29/02/2024,3,2253.8,annulé,Agadir,Carte,LIV7,
CMD26686,CL0019,P030,2023-06-17,5,4435.57,annulé,TANGER,Carte,LIV6,
CMD41029,CL0475,P048,18/02/2024,3,2937.77,LIVRE,Agadir,Carte,LIV6,2024-02-23
CMD48200,CL0100,P030,16/07/2023,5,57.75,livre,marrakech,Carte,LIV9,
CMD08568,CL0753,P039,Sep 21 2023,2,2668.45,livré,Tnja,Carte,,2023-09-24
CMD16967,CL0212,P067,27/02/2023,4,3606.46,livré,RBA,Carte,LIV9,2023-03-04
CMD07502,CL0394,P020,2023-01-19,3,1572.3,retourné,RBA,Carte,LIV3,2023-01-24
CMD48388,CL0809,P074,21/01/2024,5,1414.72,DONE,RBA,Carte,LIV8,2024-01-22
CMD36455,CL0203,P019,06/08/2023,1,1856.09,livré,RBA,Carte,LIV10,2023-08-11
CMD04550,CL0124,P075,2024-02-16,2,152.93,KO,kech,Carte,LIV1,
CMD06007,CL0638,P026,2023-08-06,1,3500.06,DONE,tanger,Carte,LIV6,2023-08-08
CMD07064,CL0813,P035,30/11/2023,4,941.47,retourné,CASABLANCA,Carte,LIV1,2023-12-04
CMD20645,CL0145,P097,22/01/2023,5,3569.31,livre,Tnja,Carte,LIV2,
CMD46288,CL0123,P094,22/02/2023,5,1018.73,OK,marrakech,Carte,LIV8,
CMD08331,CL0144,P012,2023-12-04,4,4992.29,OK,TANGER,Carte,LIV4,
CMD15080,CL0442,P024,Jun 24 2023,3,2003.23,annulé,TANGER,Carte,,
CMD01264,CL0509,P094,2023-06-26,1,1273.18,retourné,casa,Carte,LIV7,2023-06-27
CMD23718,CL0241,P022,18/01/2024,1,3751.37,livré,marrakech,Carte,LIV3,2024-01-23
CMD21823,CL0282,P073,Feb 08 2024,2,3333.12,retourné,casa,Carte,LIV10,2024-02-12
CMD08756,CL0196,P093,2023-06-23,3,2453.72,retourné,Agadir,Carte,,2023-06-25
CMD44185,CL0343,P024,23/01/2023,2,3608.47,KO,casa,Carte,LIV3,
CMD19351,CL0440,P016,30/12/2023,3,3187.85,KO,TANGER,Carte,LIV9,
CMD06910,CL0461,P088,2023-10-20,1,355.13,KO,marrakech,Carte,LIV1,
CMD36233,CL0422,P055,Mar 04 2023,3,2472.77,livré,Agadir,Carte,LIV10,2023-03-09
CMD29896,CL0969,P064,Jul 06 2023,2,1449.96,OK,TANGER,Carte,LIV9,
CMD44134,CL0135,P056,2023-12-19,2,386.09,DONE,TNG,Carte,LIV10,2023-12-23
CMD16154,CL0759,P016,22/03/2023,2,3129.96,LIVRE,Tnja,Carte,LIV8,2023-03-26
CMD35463,CL0824,P068,04/04/2023,3,1082.81,OK,CASABLANCA,Carte,LIV7,
CMD18862,CL0476,P067,2023-05-15,2,3478.49,livré,tanger,Carte,LIV9,2023-05-20
CMD42495,CL0980,P018,15/04/2024,1,835.08,annulé,Tnja,Carte,LIV1,
CMD19308,CL0070,P046,Aug 25 2023,4,3695.82,en_cours,marrakech,Carte,LIV2,
CMD44909,CL0608,P001,Jan 10 2024,2,1848.13,retourné,marrakech,Carte,LIV10,2024-01-11
CMD02710,CL0125,P005,Dec 29 2023,4,4703.46,OK,tanger,Carte,LIV8,
CMD08300,CL0815,P020,Jun 12 2023,4,3856.98,livré,TNG,Carte,,2023-06-17
CMD21440,CL0564,P070,30/03/2023,3,2838.55,livré,marrakech,Carte,LIV2,2023-04-01
CMD24500,CL0066,P082,May 09 2023,5,843.31,LIVRE,RBA,Carte,LIV2,2023-05-13
CMD33826,CL0689,P009,2023-06-30,4,4986.76,livré,Tnja,Carte,LIV9,2023-07-02
CMD17927,CL0123,P058,2023-03-21,2,1698.48,LIVRE,tanger,Carte,LIV3,2023-03-22
CMD13529,CL0972,P067,03/06/2023,2,3019.2,retourné,Agadir,Carte,LIV4,2023-06-05
CMD00765,CL0554,P087,10/05/2023,2,3452.7,OK,kech,Carte,LIV3,
CMD20749,CL0465,P046,Mar 23 2024,3,1719.56,OK,TANGER,Carte,LIV7,
CMD22806,CL0783,P040,Dec 05 2023,4,750.54,LIVRE,TANGER,Carte,LIV7,2023-12-06
CMD05813,CL0445,P022,2023-05-15,1,1414.26,LIVRE,tanger,Carte,LIV2,2023-05-18
CMD47121,CL0181,P058,Jun 13 2023,3,85.49,en_cours,kech,Carte,LIV9,
CMD43813,CL0908,P019,Feb 18 2023,3,2528.99,livré,casa,Carte,LIV2,2023-02-19
CMD19443,CL0691,P074,Mar 30 2023,4,577.92,livré,casa,Carte,LIV6,2023-03-31
CMD15750,CL0979,P042,Apr 13 2023,1,597.98,en_cours,TNG,Carte,LIV5,
CMD28975,CL0927,P086,2023-07-17,2,3165.45,KO,RBA,Carte,LIV8,
CMD04553,CL0971,P028,22/09/2023,1,3809.42,livré,casa,Carte,LIV1,2023-09-24
CMD05985,CL0503,P051,11/08/2023,2,4489.58,livre,kech,Carte,LIV10,
CMD29809,CL0330,P067,28/10/2023,3,3439.45,livre,CASABLANCA,Carte,LIV1,
CMD24363,CL0703,P057,2023-03-13,4,1169.87,livré,kech,Carte,LIV4,2023-03-15
CMD40886,CL0016,P086,Aug 31 2023,2,4162.46,KO,kech,Carte,LIV9,
CMD42043,CL0585,P093,12/03/2023,1,2567.75,KO,casa,Carte,LIV4,
CMD23084,CL0698,P094,26/04/2023,1,430.98,DONE,marrakech,Carte,LIV3,2023-04-29
CMD35453,CL0560,P015,2023-06-05,1,3734.91,DONE,RBA,Carte,LIV6,2023-06-06
CMD21017,CL0157,P006,2024-02-06,2,3346.21,LIVRE,TANGER,Carte,LIV4,2024-02-07
CMD16864,CL0735,P030,23/12/2023,5,4647.09,retourné,marrakech,Carte,LIV5,2023-12-26
CMD24258,CL0598,P052,Aug 16 2023,5,2187.6,livre,TNG,Carte,LIV7,
CMD28881,CL0996,P099,Jan 17 2023,4,1445.23,livré,TANGER,Carte,LIV5,2023-01-21
CMD38926,CL0656,P083,Apr 11 2024,1,445.15,KO,marrakech,Carte,,
CMD19528,CL0063,P058,Jan 15 2023,3,2532.65,LIVRE,kech,Carte,LIV10,2023-01-19
CMD10200,CL0620,P055,17/06/2023,1,4344.01,LIVRE,CASABLANCA,Carte,LIV7,2023-06-18
CMD35026,CL0799,P080,2023-08-07,4,419.3,en_cours,kech,Carte,LIV4,
CMD02107,CL0239,P100,Feb 17 2024,5,3520.77,en_cours,CASABLANCA,Carte,LIV7,
CMD04426,CL0256,P020,Feb 11 2023,2,4450.71,KO,kech,Carte,LIV1,
CMD37084,CL0315,P034,Apr 16 2024,4,2528.43,livré,RBA,Carte,LIV7,2024-04-20
CMD05469,CL0676,P041,Feb 08 2024,5,1261.78,OK,Agadir,Carte,LIV1,
CMD19271,CL0218,P069,18/04/2023,2,4245.61,livré,TNG,Carte,LIV3,2023-04-21
CMD24891,CL0200,P038,2023-01-27,2,3337.19,livré,kech,Carte,LIV8,2023-02-01
CMD36346,CL0479,P018,13/04/2023,1,374.82,livré,RBA,Carte,,2023-04-15
CMD24323,CL0220,P072,Feb 04 2023,5,2756.98,KO,Agadir,Carte,LIV6,
CMD07663,CL0695,P064,Jun 25 2023,3,3710.44,KO,tanger,Carte,LIV7,
CMD43246,CL0162,P037,24/07/2023,4,2382.1,LIVRE,Agadir,Carte,LIV7,2023-07-28
CMD15942,CL0644,P020,25/02/2024,5,2913.23,DONE,marrakech,Carte,LIV2,2024-02-29
CMD47105,CL0045,P002,01/11/2023,3,2150.88,livré,RBA,Carte,LIV2,2023-11-03
CMD39953,CL0337,P079,23/03/2024,4,2463.89,retourné,CASABLANCA,Carte,LIV9,2024-03-24
CMD10489,CL0987,P006,2023-08-08,4,2678.25,LIVRE,TNG,Carte,LIV7,2023-08-09
CMD38053,CL0937,P027,14/05/2024,2,4498.86,LIVRE,tanger,Carte,LIV1,2024-05-15
CMD45756,CL0778,P055,May 16 2023,3,4043.99,retourné,Agadir,Carte,LIV7,2023-05-18
CMD33303,CL0110,P058,2023-11-23,3,3751.27,OK,TNG,Carte,LIV2,
CMD42308,CL0225,P036,Nov 28 2023,4,4440.91,livre,casa,Carte,LIV8,
CMD18454,CL0579,P052,Jan 29 2024,1,3519.8,livré,marrakech,Carte,,2024-02-01
CMD32064,CL0873,P074,2024-03-21,3,402.05,KO,kech,Carte,,
CMD08213,CL0454,P056,13/02/2024,1,1493.33,en_cours,TANGER,Carte,LIV2,
CMD05293,CL0308,P095,09/08/2023,5,3722.88,livré,TNG,Carte,,2023-08-14
CMD23207,CL0832,P074,2023-06-30,4,4414.8,en_cours,CASABLANCA,Carte,LIV6,
CMD17667,CL0395,P017,2023-01-10,5,1555.05,livré,CASABLANCA,Carte,LIV9,2023-01-14
CMD06845,CL0624,P068,20/09/2023,1,490.39,livre,TANGER,Carte,LIV5,
CMD36853,CL0074,P002,19/02/2024,1,2255.62,annulé,Agadir,Carte,LIV8,
CMD13313,CL0021,P029,May 11 2024,3,4971.13,annulé,CASABLANCA,Carte,LIV9,
CMD17697,CL0630,P096,Jul 05 2023,3,2383.0,en_cours,Tnja,Carte,,
CMD32667,CL0051,P066,Aug 21 2023,2,877.33,livré,RBA,Carte,LIV6,2023-08-22
CMD08361,CL0737,P061,14/05/2024,3,4390.49,LIVRE,Agadir,Carte,LIV4,2024-05-15
CMD31606,CL0583,P036,Feb 28 2024,2,3636.14,LIVRE,RBA,Carte,LIV8,2024-03-01
CMD03897,CL0882,P019,Jan 17 2023,2,678.88,en_cours,Tnja,Carte,LIV2,
CMD44408,CL0852,P017,Apr 27 2024,2,3492.22,livré,RBA,Carte,,2024-05-02
CMD34690,CL0036,P063,2023-08-25,3,836.74,annulé,marrakech,Carte,LIV6,
CMD22952,CL0205,P069,26/01/2024,3,2345.69,annulé,Tnja,Carte,LIV2,
CMD03555,CL0624,P042,27/12/2023,1,1160.21,livré,TANGER,Carte,LIV7,2024-01-01
CMD48449,CL0208,P017,19/04/2024,2,4984.32,OK,CASABLANCA,Carte,LIV7,
CMD00079,CL0406,P064,17/02/2024,3,3812.89,annulé,TNG,Carte,LIV1,
CMD21122,CL0829,P011,Jun 20 2023,1,4997.42,OK,RBA,Carte,LIV4,
CMD17088,CL0296,P011,26/07/2023,2,1671.21,LIVRE,Tnja,Carte,LIV7,2023-07-30
CMD06430,CL0014,P006,28/08/2023,1,3605.2,livré,Agadir,Carte,LIV1,2023-08-30
CMD01725,CL0599,P044,Nov 14 2023,4,3387.91,livre,Tnja,Carte,,
CMD13019,CL0842,P078,Mar 23 2024,5,1125.6,DONE,Tnja,Carte,LIV4,2024-03-28
CMD23699,CL0383,P095,02/04/2024,2,709.73,OK,casa,Carte,LIV7,
CMD46172,CL0735,P037,2024-03-29,2,3749.74,livré,RBA,Carte,LIV5,2024-03-30
CMD35554,CL0489,P043,Sep 26 2023,1,589.24,KO,TNG,Carte,LIV4,
CMD42834,CL0301,P017,02/07/2023,4,2966.86,livré,Agadir,Carte,LIV2,2023-07-05
CMD10992,CL0986,P041,09/04/2023,2,1758.15,LIVRE,RBA,Carte,LIV8,2023-04-13
CMD36279,CL0377,P047,Mar 07 2024,4,3690.24,en_cours,CASABLANCA,Carte,LIV7,
CMD27280,CL0805,P003,01/10/2023,1,291.51,annulé,TANGER,Carte,LIV1,
CMD39600,CL0108,P005,Nov 17 2023,2,4690.23,annulé,TNG,Carte,LIV5,
CMD21568,CL0707,P089,2023-02-24,1,2494.6,annulé,kech,Carte,LIV5,
CMD26362,CL0084,P014,2024-01-09,1,2374.79,LIVRE,CASABLANCA,Carte,,2024-01-13
CMD37135,CL0159,P092,Jan 17 2024,4,1400.03,en_cours,TNG,Carte,LIV2,
CMD27678,CL0342,P043,Jun 28 2023,4,2156.52,livre,tanger,Carte,LIV7,
CMD41871,CL0987,P012,Dec 14 2023,2,3039.67,KO,tanger,Carte,LIV2,
CMD25383,CL0360,P034,May 02 2024,5,4552.28,OK,marrakech,Carte,LIV5,
CMD18829,CL0407,P021,Feb 16 2024,2,4764.8,OK,TANGER,Carte,LIV7,
CMD26479,CL0317,P020,14/06/2023,5,3419.09,livré,marrakech,Carte,LIV9,2023-06-15
CMD34114,CL0631,P050,May 09 2024,4,2272.78,livré,casa,Carte,LIV9,2024-05-10
CMD35739,CL0733,P047,09/08/2023,3,1916.85,livre,TNG,Carte,LIV3,
CMD30697,CL0502,P003,Dec 31 2023,-1,3302.26,livré,tanger,Carte,LIV5,2024-01-03
CMD15643,CL0840,P022,21/03/2024,3,1052.1,KO,CASABLANCA,Carte,LIV5,
CMD41476,CL0514,P038,2023-11-11,1,4779.39,annulé,TANGER,Carte,LIV5,
CMD32512,CL0405,P064,25/09/2023,1,1221.62,livré,Tnja,Carte,LIV8,2023-09-30
CMD35871,CL0624,P084,22/06/2023,4,3485.0,KO,TNG,Carte,LIV2,
CMD45638,CL0808,P079,01/01/2023,3,4128.93,en_cours,TNG,Carte,LIV7,
CMD02037,CL0358,P094,2023-02-27,5,4346.83,annulé,Tnja,Carte,LIV4,
CMD09302,CL0544,P038,14/08/2023,3,1583.42,LIVRE,tanger,Carte,LIV10,2023-08-19
CMD22145,CL0004,P021,Oct 25 2023,4,3434.71,livre,TNG,Carte,LIV4,
CMD14418,CL0107,P034,2023-08-04,4,1901.73,LIVRE,RBA,Carte,LIV1,2023-08-07
CMD03782,CL0958,P063,2023-06-28,2,1128.86,retourné,Agadir,Carte,LIV5,2023-07-01
CMD32679,CL0418,P086,Apr 11 2024,1,624.82,KO,kech,Carte,,
CMD09069,CL0615,P021,2023-09-24,1,273.13,retourné,CASABLANCA,Carte,LIV4,2023-09-26
CMD38623,CL0551,P022,2023-03-05,1,339.56,DONE,Agadir,Carte,LIV8,2023-03-08
CMD14588,CL0987,P027,10/11/2023,3,3523.17,livre,casa,Carte,LIV2,
CMD33293,CL0759,P051,18/08/2023,2,4869.77,livre,CASABLANCA,Carte,LIV1,
CMD47284,CL0612,P065,03/09/2023,3,909.8,livré,Tnja,Carte,LIV7,2023-09-08
CMD32011,CL0335,P071,18/11/2023,1,2827.18,annulé,casa,Carte,LIV9,
CMD41450,CL0708,P006,08/11/2023,5,4847.32,en_cours,Tnja,Carte,LIV9,
CMD14839,CL0415,P026,Feb 24 2023,1,649.56,livré,tanger,Carte,LIV9,2023-02-27
CMD09992,CL0375,P053,2023-06-26,2,4125.38,retourné,tanger,Carte,LIV4,2023-06-28
CMD31356,CL0929,P066,Dec 30 2023,3,4477.3,livré,marrakech,Carte,LIV3,2024-01-02
CMD16467,CL0965,P010,2024-01-14,3,1115.34,en_cours,tanger,Carte,LIV10,
CMD16159,CL0699,P002,May 04 2024,1,2244.77,KO,TNG,Carte,LIV10,
CMD10813,CL0301,P033,11/03/2023,5,254.09,OK,tanger,Carte,LIV10,
CMD11012,CL0539,P096,07/09/2023,2,931.39,livre,kech,Carte,LIV3,
CMD18446,CL0901,P033,May 01 2023,3,2657.3,livré,TANGER,Carte,,2023-05-02
CMD37039,CL0214,P020,Oct 23 2023,1,3369.06,LIVRE,TNG,Carte,LIV9,2023-10-26
CMD06642,CL0788,P028,2023-01-06,2,510.0,livré,TNG,Carte,LIV4,2023-01-10
CMD48083,CL0194,P100,2024-04-12,2,943.7,LIVRE,Tnja,Carte,LIV8,2024-04-15
CMD32345,CL0488,P019,2024-02-19,1,4364.11,livré,Agadir,Carte,LIV10,2024-02-22
CMD46624,CL0983,P045,2023-01-06,4,1021.02,en_cours,tanger,Carte,LIV7,
CMD06929,CL0403,P029,05/01/2024,5,835.09,DONE,marrakech,Carte,LIV8,2024-01-10
CMD27335,CL0152,P091,05/09/2023,1,157.63,livré,CASABLANCA,Carte,LIV4,2023-09-08
CMD38194,CL0237,P044,10/09/2023,1,128.63,annulé,RBA,Carte,LIV2,
CMD10878,CL0104,P016,2023-07-09,1,4484.72,livré,Agadir,Carte,LIV9,2023-07-12
CMD36306,CL0021,P056,May 09 2024,5,2464.59,KO,tanger,Carte,LIV6,
CMD18145,CL0680,P063,Feb 24 2024,3,2903.27,annulé,tanger,Carte,LIV3,
CMD17673,CL0564,P055,26/01/2023,1,3828.66,livré,Tnja,Carte,LIV8,2023-01-30
CMD20751,CL0831,P061,2023-06-29,5,2974.92,livré,casa,Carte,LIV8,2023-06-30
CMD22329,CL0250,P087,06/10/2023,5,3487.7,livré,RBA,Carte,LIV9,2023-10-10
CMD39529,CL0181,P095,Jan 19 2024,-1,4688.67,livré,Tnja,Carte,LIV2,2024-01-24
CMD40817,CL0315,P071,2024-04-04,-1,4904.77,livré,Tnja,Carte,LIV1,2024-04-08
CMD15485,CL0971,P024,24/01/2024,2,871.77,livre,casa,Carte,LIV1,
CMD34950,CL0746,P029,2023-04-01,5,630.19,livré,TNG,Carte,LIV6,2023-04-03
CMD42825,CL0384,P040,26/08/2023,1,4031.59,annulé,Tnja,Carte,LIV2,
CMD43235,CL0396,P005,Nov 24 2023,1,59.15,livré,TANGER,Carte,,2023-11-28
CMD44722,CL0758,P077,Jun 09 2023,5,1561.64,KO,CASABLANCA,Carte,LIV2,
CMD33441,CL0610,P068,02/02/2024,2,904.79,LIVRE,casa,Carte,LIV5,2024-02-04
CMD44965,CL0541,P064,06/12/2023,5,2088.07,DONE,casa,Carte,LIV5,2023-12-09
CMD04552,CL0121,P038,Dec 21 2023,5,570.0,LIVRE,TNG,Carte,LIV1,2023-12-26
CMD29230,CL0523,P062,30/09/2023,1,3448.32,en_cours,casa,Carte,LIV9,
CMD01998,CL0579,P074,Feb 26 2023,5,3241.63,LIVRE,CASABLANCA,Carte,LIV8,2023-03-03
CMD19569,CL0726,P087,2024-02-05,2,3663.14,LIVRE,casa,Carte,LIV3,2024-02-08
CMD38160,CL0533,P030,05/04/2023,1,1963.46,DONE,tanger,Carte,LIV1,2023-04-06
CMD29949,CL0205,P018,05/04/2023,3,4867.7,livré,CASABLANCA,Carte,LIV1,2023-04-09
CMD15749,CL0050,P034,Mar 04 2023,3,3473.04,retourné,Agadir,Carte,LIV4,2023-03-07
CMD17316,CL0355,P004,2024-02-17,1,1006.28,livré,RBA,Carte,LIV1,2024-02-18
CMD24995,CL0904,P002,2024-04-12,4,2587.13,en_cours,TANGER,Carte,LIV7,
CMD41474,CL0069,P096,2023-08-25,4,4603.33,retourné,marrakech,Carte,LIV3,2023-08-26
CMD48159,CL0119,P041,Apr 24 2023,-1,3072.65,livré,kech,Carte,,2023-04-29
CMD40318,CL0338,P085,Apr 22 2023,5,4857.37,livré,TNG,Carte,,2023-04-25
CMD28623,CL0355,P034,Jun 09 2023,4,3953.16,en_cours,kech,Carte,LIV9,
CMD33900,CL0609,P009,2023-06-13,2,4251.57,retourné,marrakech,Carte,LIV6,2023-06-18
CMD18518,CL0996,P087,18/06/2023,4,2796.09,DONE,kech,Carte,LIV2,2023-06-21
CMD45008,CL0711,P097,Aug 09 2023,5,2674.72,livré,TANGER,Carte,LIV7,2023-08-12
CMD04874,CL0495,P014,22/01/2024,2,4459.88,en_cours,marrakech,Carte,LIV7,
CMD17746,CL0452,P054,2023-09-03,4,713.87,KO,Tnja,Carte,LIV6,
CMD18410,CL0392,P073,Jun 13 2023,4,4097.47,livre,casa,Carte,,
CMD04978,CL0532,P051,03/05/2023,4,62.64,livré,kech,Carte,LIV10,2023-05-06
CMD29879,CL0101,P078,2024-04-20,2,1750.07,livre,CASABLANCA,Carte,LIV4,
CMD24704,CL0056,P003,Feb 01 2023,5,2593.25,retourné,Agadir,Carte,LIV2,2023-02-05
CMD05522,CL0421,P020,Feb 02 2024,3,187.98,livré,tanger,Carte,LIV3,2024-02-07
CMD47903,CL0580,P026,2023-11-03,5,1417.87,annulé,Agadir,Carte,,
CMD23254,CL0923,P100,Dec 15 2023,5,2866.34,en_cours,Tnja,Carte,LIV10,
CMD45990,CL0448,P007,2024-02-28,2,4231.31,LIVRE,Tnja,Carte,LIV1,2024-03-01
CMD42911,CL0832,P079,2023-01-19,4,219.23,livre,kech,Carte,LIV4,
CMD00206,CL0019,P054,2023-08-10,1,820.89,livré,CASABLANCA,Carte,LIV3,2023-08-14
CMD15802,CL0997,P030,Feb 10 2024,3,1804.63,retourné,Tnja,Carte,LIV9,2024-02-11
CMD22379,CL0560,P031,05/04/2024,2,1513.19,livré,TNG,Carte,LIV5,2024-04-09
CMD39870,CL0451,P007,Feb 18 2024,2,0,livre,marrakech,Carte,,
CMD16935,CL0740,P076,Jul 16 2023,2,337.25,livré,TNG,Carte,LIV2,2023-07-17
CMD44411,CL0652,P078,Apr 18 2024,2,3886.55,retourné,Agadir,Carte,LIV10,2024-04-23
CMD21518,CL0316,P033,09/10/2023,2,4582.84,en_cours,Agadir,Carte,LIV3,
CMD43998,CL0821,P053,2023-05-11,1,2903.46,livré,CASABLANCA,Carte,LIV1,2023-05-16
CMD09280,CL0905,P026,2023-07-18,2,4035.55,livre,tanger,Carte,LIV6,
CMD07327,CL0238,P064,2023-05-26,1,0,livré,Agadir,Carte,LIV8,2023-05-28
CMD37187,CL0466,P015,2023-04-18,3,2249.87,en_cours,CASABLANCA,Carte,LIV5,
CMD37143,CL0305,P003,2023-08-30,3,4465.94,annulé,tanger,Carte,LIV7,
CMD16493,CL0629,P099,2023-02-10,3,1901.99,DONE,Tnja,Carte,LIV1,2023-02-13
CMD41869,CL0033,P012,04/11/2023,4,3499.85,livré,Tnja,Carte,LIV10,2023-11-09
CMD44657,CL0171,P007,Apr 08 2023,4,3090.49,livre,TNG,Carte,LIV9,
CMD30811,CL0100,P028,2023-11-04,4,4062.87,livré,CASABLANCA,Carte,LIV9,2023-11-08
CMD21602,CL0004,P049,Jan 31 2024,2,182.3,retourné,TNG,Carte,LIV5,2024-02-02
CMD24306,CL0360,P016,Mar 08 2024,3,389.08,OK,Agadir,Carte,LIV1,
CMD35916,CL0322,P019,2024-03-09,4,3887.56,annulé,tanger,Carte,LIV2,
CMD27568,CL0906,P006,Jan 05 2023,4,2528.38,livré,Agadir,Carte,LIV5,2023-01-06
CMD11570,CL0166,P045,Jul 14 2023,2,1237.09,livré,TANGER,Carte,LIV10,2023-07-16
CMD34361,CL0021,P074,2023-04-15,2,782.14,livre,tanger,Carte,LIV7,
CMD10154,CL0744,P006,2024-04-01,4,2950.19,DONE,tanger,Carte,LIV5,2024-04-02
CMD34954,CL0709,P094,2024-01-07,1,1962.8,LIVRE,TNG,Carte,LIV8,2024-01-10
CMD09806,CL0565,P004,21/03/2024,2,2649.24,retourné,CASABLANCA,Carte,LIV2,2024-03-25
CMD26192,CL0715,P029,Feb 07 2023,5,347.71,livré,casa,Carte,LIV8,2023-02-12
CMD29598,CL0558,P024,Apr 01 2024,3,2324.91,livré,Agadir,Carte,LIV1,2024-04-02
CMD07606,CL0740,P030,05/04/2024,2,2495.57,OK,casa,Carte,LIV9,
CMD46169,CL0010,P097,May 03 2023,4,629.42,en_cours,TNG,Carte,LIV10,
CMD36269,CL0663,P024,16/03/2023,5,2834.28,LIVRE,Tnja,Carte,LIV10,2023-03-18
CMD12774,CL0668,P001,2024-03-01,4,4627.95,OK,marrakech,Carte,LIV1,
CMD39435,CL0330,P033,21/08/2023,1,3977.68,livré,CASABLANCA,Carte,LIV5,2023-08-22
CMD02435,CL0414,P100,May 01 2023,1,4945.5,livré,marrakech,Carte,LIV8,2023-05-03
CMD31546,CL0331,P029,17/07/2023,3,3216.94,annulé,CASABLANCA,Carte,LIV9,
CMD07781,CL0311,P009,Jan 31 2024,4,2810.53,livré,TNG,Carte,,2024-02-01
CMD24075,CL0421,P010,27/08/2023,4,4679.65,livré,TNG,Carte,LIV10,2023-08-29
CMD47590,CL0103,P010,Jul 17 2023,3,1327.2,LIVRE,tanger,Carte,LIV7,2023-07-21
CMD17106,CL0794,P076,Sep 17 2023,2,1021.5,annulé,marrakech,Carte,,
CMD11541,CL0938,P066,2024-03-09,3,958.11,livré,casa,Carte,LIV6,2024-03-12
CMD06587,CL0657,P059,13/02/2024,5,3042.31,retourné,tanger,Carte,LIV3,2024-02-14
CMD12656,CL0232,P017,Mar 22 2023,5,2376.23,livré,TNG,Carte,LIV1,2023-03-24
CMD30516,CL0641,P026,29/03/2023,3,2681.59,annulé,Tnja,Carte,LIV5,
CMD02094,CL0658,P007,Dec 26 2023,2,4321.16,livré,TNG,Carte,LIV2,2023-12-28
CMD11169,CL0257,P027,11/02/2024,1,2403.54,OK,marrakech,Carte,LIV3,
CMD22184,CL0368,P011,Mar 29 2023,1,3916.38,KO,tanger,Carte,LIV9,
CMD27640,CL0177,P035,Apr 28 2024,4,52.84,OK,tanger,Carte,LIV4,
CMD19389,CL0275,P019,13/02/2023,4,2374.17,livré,tanger,Carte,LIV4,2023-02-15
CMD08585,CL0113,P001,Jul 03 2023,3,4648.52,KO,Tnja,Carte,LIV4,
CMD45159,CL0135,P028,22/10/2023,2,2563.43,livre,Tnja,Carte,LIV4,
CMD26721,CL0883,P072,Feb 06 2024,4,4275.44,LIVRE,kech,Carte,LIV6,2024-02-08
CMD21607,CL0887,P063,22/11/2023,1,2366.86,livré,kech,Carte,LIV5,2023-11-27
CMD41113,CL0545,P008,15/06/2023,4,958.94,livre,kech,Carte,LIV5,
CMD09056,CL0793,P057,22/05/2023,5,2477.57,livre,casa,Carte,,
CMD21717,CL0002,P046,27/07/2023,1,4890.74,retourné,CASABLANCA,Carte,LIV10,2023-07-30
CMD04419,CL0782,P071,25/06/2023,1,1427.87,LIVRE,Tnja,Carte,LIV4,2023-06-30
CMD26948,CL1000,P074,Mar 27 2024,4,2430.17,LIVRE,marrakech,Carte,LIV2,2024-03-31
CMD10532,CL0982,P014,02/03/2023,5,2836.71,DONE,marrakech,Carte,LIV3,2023-03-07
CMD47982,CL0652,P031,04/01/2024,5,1348.5,en_cours,TANGER,Carte,LIV1,
CMD08132,CL0873,P005,Sep 15 2023,5,2948.45,LIVRE,TNG,Carte,LIV1,2023-09-16
CMD22583,CL0341,P005,Mar 22 2023,4,809.86,annulé,Agadir,Carte,LIV3,
CMD20266,CL0411,P011,May 04 2024,4,4501.67,livré,TANGER,Carte,LIV1,2024-05-07
CMD10362,CL0912,P046,16/12/2023,1,1527.53,en_cours,Agadir,Carte,LIV2,
CMD37046,CL0186,P086,Aug 15 2023,1,3358.67,en_cours,casa,Carte,LIV3,
CMD17375,CL0510,P042,2023-12-17,4,3207.61,OK,TNG,Carte,LIV6,
CMD38099,CL0993,P073,14/10/2023,2,3625.9,LIVRE,Agadir,Carte,LIV5,2023-10-19
CMD30440,CL0088,P040,27/04/2023,2,3046.01,livre,Agadir,Carte,LIV9,
CMD40132,CL0514,P012,10/03/2024,2,1962.19,annulé,Agadir,Carte,LIV10,
CMD29242,CL0883,P040,16/07/2023,2,4007.38,livré,casa,Carte,LIV1,2023-07-21
CMD28918,CL0772,P069,26/06/2023,4,1615.62,livre,marrakech,Carte,LIV9,
CMD08231,CL0782,P013,2024-03-20,5,2889.63,livre,casa,Carte,LIV3,
CMD07200,CL0290,P077,09/07/2023,4,4205.19,DONE,marrakech,Carte,LIV1,2023-07-13
CMD34627,CL0818,P058,2024-05-13,5,3786.45,livré,CASABLANCA,Carte,LIV1,2024-05-15
CMD17136,CL0596,P050,24/02/2023,2,1887.68,LIVRE,Agadir,Carte,LIV10,2023-02-28
CMD23564,CL0826,P019,2023-11-09,4,0,LIVRE,Agadir,Carte,LIV2,2023-11-14
CMD01704,CL0071,P061,2024-04-09,2,698.89,OK,casa,Carte,LIV3,
CMD14536,CL0508,P020,May 31 2023,3,689.83,en_cours,TNG,Carte,LIV10,
CMD08629,CL0439,P059,2024-01-03,1,4815.37,livré,CASABLANCA,Carte,LIV5,2024-01-08
CMD45001,CL0156,P064,Jun 24 2023,2,1553.98,retourné,casa,Carte,,2023-06-26
CMD27637,CL0796,P095,2024-04-01,4,4984.7,retourné,TNG,Carte,LIV10,2024-04-02
CMD35873,CL0212,P032,21/02/2024,5,116.24,OK,Agadir,Carte,LIV6,
CMD09257,CL0209,P042,Nov 28 2023,5,2218.29,OK,TNG,Carte,LIV10,
CMD11379,CL0527,P064,22/04/2024,1,1098.42,KO,Agadir,Carte,LIV7,
CMD27713,CL0940,P010,Mar 14 2023,4,2629.05,LIVRE,TANGER,Carte,LIV1,2023-03-15
CMD23343,CL0211,P025,Nov 01 2023,2,2223.92,annulé,TANGER,Carte,LIV10,
CMD36142,CL0264,P048,2024-03-05,3,4181.19,OK,Agadir,Carte,,
CMD30617,CL0065,P048,Jan 16 2024,1,629.52,retourné,kech,Carte,LIV8,2024-01-20
CMD16444,CL0127,P080,2023-03-18,2,4023.2,livré,TNG,Carte,LIV1,2023-03-22
CMD45941,CL0575,P088,26/01/2023,4,448.01,annulé,Agadir,Carte,LIV4,
CMD30653,CL0503,P091,06/03/2023,3,2393.0,DONE,tanger,Carte,LIV6,2023-03-11
CMD05993,CL0936,P062,20/10/2023,3,858.79,LIVRE,casa,Carte,LIV10,2023-10-23
CMD13082,CL0645,P066,2023-01-05,4,1786.84,LIVRE,marrakech,Carte,LIV8,2023-01-09
CMD36796,CL0170,P094,21/04/2023,4,1976.66,DONE,Tnja,Carte,,2023-04-24
CMD35874,CL0925,P007,2023-06-17,2,345.04,retourné,marrakech,Carte,LIV1,2023-06-18
CMD15730,CL0261,P050,2023-03-20,1,2716.8,livré,TANGER,Carte,LIV2,2023-03-21
CMD14276,CL0279,P064,2023-09-04,1,2157.33,DONE,RBA,Carte,LIV1,2023-09-08
CMD25616,CL0015,P079,2023-11-11,3,1327.25,LIVRE,TANGER,Carte,LIV4,2023-11-13
CMD31862,CL0359,P069,2023-05-13,5,3513.57,KO,TNG,Carte,LIV4,
CMD41308,CL0153,P096,22/04/2023,3,1788.6,OK,RBA,Carte,LIV1,
CMD25774,CL0025,P008,2023-08-02,4,205.14,livre,TANGER,Carte,LIV10,
CMD03508,CL0829,P034,14/09/2023,1,898.52,livre,TANGER,Carte,LIV9,
CMD15556,CL0071,P064,09/02/2024,3,227.87,en_cours,Agadir,Carte,LIV2,
CMD06210,CL0953,P072,Apr 16 2024,2,984.04,LIVRE,Tnja,Carte,LIV8,2024-04-21
CMD45808,CL0056,P001,Jun 07 2023,1,1482.94,livré,TNG,Carte,LIV2,2023-06-10
CMD21430,CL0497,P048,2023-01-14,5,3840.38,livré,CASABLANCA,Carte,LIV5,2023-01-19
CMD17157,CL0085,P076,2023-07-14,3,4403.29,livré,Agadir,Carte,,2023-07-18
CMD09202,CL0144,P068,Nov 30 2023,4,897.65,retourné,kech,Carte,LIV10,2023-12-03
CMD17885,CL0130,P024,28/01/2024,4,1182.02,retourné,tanger,Carte,LIV7,2024-01-29
CMD46113,CL0598,P066,03/03/2024,5,2296.83,en_cours,TNG,Carte,LIV8,
CMD48025,CL0729,P032,2023-08-01,5,204.64,OK,casa,Carte,LIV9,
CMD31631,CL0604,P080,28/12/2023,4,1395.31,LIVRE,Agadir,Carte,LIV8,2023-12-30
CMD35244,CL0338,P040,2023-07-14,1,1902.13,livré,Tnja,Carte,LIV2,2023-07-17
CMD39623,CL0276,P017,2023-05-24,1,77.76,livre,TANGER,Carte,LIV2,
CMD04921,CL0936,P052,2024-02-05,3,2013.91,livré,RBA,Carte,LIV6,2024-02-06
CMD37133,CL0824,P007,2023-11-25,5,1543.56,en_cours,CASABLANCA,Carte,LIV8,
CMD34809,CL0190,P096,2024-05-11,5,455.6,livré,casa,Carte,LIV4,2024-05-14
CMD26936,CL0553,P057,2023-05-20,3,3856.18,KO,TNG,Carte,LIV6,
CMD11437,CL0934,P001,08/06/2023,1,554.72,livre,marrakech,Carte,LIV7,
CMD20516,CL0965,P077,Mar 04 2023,4,4393.02,livré,TANGER,Carte,LIV6,2023-03-05
CMD41460,CL0322,P073,11/08/2023,4,600.54,livré,tanger,Carte,,2023-08-12
CMD31771,CL0371,P040,Jan 27 2023,3,2220.78,en_cours,Tnja,Carte,,
CMD02497,CL0985,P036,11/11/2023,1,253.47,annulé,CASABLANCA,Carte,LIV8,
CMD06709,CL0937,P082,Feb 28 2023,3,1245.02,retourné,TANGER,Carte,,2023-03-02
CMD46944,CL0266,P095,Apr 06 2023,5,147.76,retourné,TANGER,Carte,LIV4,2023-04-11
CMD38116,CL0227,P026,Oct 28 2023,3,3746.1,DONE,TANGER,Carte,LIV4,2023-10-31
CMD10449,CL0925,P090,Jun 27 2023,2,1432.26,livré,Tnja,Carte,LIV9,2023-06-29
CMD35261,CL0370,P049,22/02/2024,5,3246.07,en_cours,Agadir,Carte,LIV1,
CMD48491,CL0343,P068,Mar 06 2024,1,2261.64,LIVRE,Tnja,Carte,,2024-03-11
CMD15518,CL0144,P075,2023-03-22,5,3348.99,livre,Agadir,Carte,,
CMD20807,CL0965,P016,Aug 13 2023,1,2695.58,KO,CASABLANCA,Carte,LIV10,
CMD08498,CL0128,P037,Sep 19 2023,3,3279.04,retourné,casa,Carte,LIV7,2023-09-22
CMD32274,CL0666,P067,29/11/2023,4,2192.12,livré,Agadir,Carte,LIV3,2023-12-01
CMD14089,CL0161,P022,2023-06-29,4,2384.84,OK,marrakech,Carte,LIV9,
CMD25075,CL0693,P095,Jan 29 2023,4,937.67,livre,RBA,Carte,LIV10,
CMD03665,CL0896,P066,19/04/2024,1,3400.24,LIVRE,tanger,Carte,LIV7,2024-04-22
CMD11310,CL0285,P007,2024-02-16,5,3679.66,OK,casa,Carte,LIV5,
CMD24000,CL0515,P065,2023-07-09,3,3509.41,livré,marrakech,Carte,LIV5,2023-07-12
CMD12326,CL0750,P076,07/03/2024,5,1246.5,livré,RBA,Carte,LIV7,2024-03-11
CMD35367,CL0322,P014,18/05/2023,4,1659.2,annulé,kech,Carte,LIV1,
CMD03519,CL0160,P005,2023-05-03,5,276.71,KO,TANGER,Carte,LIV10,
CMD32054,CL0313,P044,2024-04-02,3,2465.25,en_cours,kech,Carte,LIV6,
CMD34588,CL0589,P048,May 13 2023,3,575.74,livré,Agadir,Carte,LIV1,2023-05-18
CMD01234,CL0258,P022,2023-11-21,5,4852.73,livre,kech,Carte,LIV3,
CMD48405,CL0842,P100,31/05/2023,4,438.59,livré,marrakech,Carte,LIV7,2023-06-03
CMD18535,CL0854,P096,07/06/2023,4,3580.63,livre,Agadir,Carte,LIV8,
CMD45844,CL0729,P046,29/01/2024,3,990.6,livré,TANGER,Carte,LIV9,2024-01-31
CMD15636,CL0296,P077,03/03/2024,5,3836.81,LIVRE,marrakech,Carte,LIV4,2024-03-08
CMD42696,CL0733,P029,13/06/2023,2,2902.54,en_cours,Tnja,Carte,LIV8,
CMD08261,CL0549,P053,12/08/2023,2,3072.05,en_cours,TANGER,Carte,LIV10,
CMD22485,CL0021,P016,2023-07-14,2,0,OK,RBA,Carte,LIV9,
CMD13042,CL0471,P040,2023-11-16,4,4904.65,annulé,RBA,Carte,LIV9,
CMD20758,CL0699,P072,Feb 03 2024,4,1879.73,livré,Agadir,Carte,LIV7,2024-02-07
CMD42314,CL0615,P024,May 25 2023,5,1520.68,livré,kech,Carte,LIV5,2023-05-27
CMD29496,CL0466,P044,02/03/2024,4,1374.68,livré,RBA,Carte,LIV8,2024-03-07
CMD15023,CL0990,P067,Apr 12 2024,3,2306.15,annulé,CASABLANCA,Carte,LIV10,
CMD07906,CL0872,P091,Feb 10 2024,1,4151.67,DONE,casa,Carte,LIV4,2024-02-11
CMD33391,CL0665,P092,2023-05-24,4,2946.2,retourné,RBA,Carte,LIV9,2023-05-26
CMD34703,CL0730,P034,2024-02-08,2,0,KO,Agadir,Carte,LIV10,
CMD26611,CL0655,P059,2023-07-18,2,3682.18,annulé,TNG,Carte,LIV1,
CMD18004,CL0561,P079,Feb 27 2023,2,3231.4,livré,tanger,Carte,LIV2,2023-03-02
CMD47645,CL0151,P082,Mar 25 2024,4,1774.65,OK,TNG,Carte,,
CMD19530,CL0744,P077,2024-03-31,4,1978.96,annulé,CASABLANCA,Carte,LIV3,
CMD05744,CL0902,P055,2024-01-03,5,1050.88,OK,Tnja,Carte,LIV9,
CMD15971,CL0333,P076,2024-05-04,3,3789.72,KO,CASABLANCA,Carte,LIV4,
CMD36302,CL0608,P094,2023-09-12,2,4316.43,DONE,RBA,Carte,LIV3,2023-09-16
CMD20329,CL0365,P098,Feb 15 2023,5,985.44,retourné,marrakech,Carte,LIV8,2023-02-16
CMD19595,CL0448,P060,02/07/2023,3,812.52,livré,RBA,Carte,,2023-07-06
CMD44261,CL0519,P008,2023-04-24,1,142.2,KO,TANGER,Carte,LIV5,
CMD04916,CL0092,P027,28/03/2023,4,1819.01,en_cours,Tnja,Carte,LIV3,
CMD06305,CL0048,P095,07/01/2024,3,4200.94,DONE,Tnja,Carte,LIV5,2024-01-09
CMD05514,CL0830,P001,Mar 20 2023,2,4800.44,annulé,kech,Carte,LIV10,
CMD18106,CL0588,P009,Mar 11 2023,1,2376.92,annulé,TANGER,Carte,LIV8,
CMD26661,CL0997,P012,12/04/2023,1,2534.09,livré,casa,Carte,LIV7,2023-04-17
CMD04806,CL0915,P090,2023-04-16,3,4514.92,livre,TNG,Carte,LIV5,
CMD10688,CL0222,P021,04/08/2023,1,4310.56,DONE,casa,Carte,LIV5,2023-08-07
CMD33076,CL0134,P028,Mar 16 2024,1,2135.45,en_cours,RBA,Carte,LIV9,
CMD43781,CL0161,P016,2024-01-15,4,2314.35,en_cours,RBA,Carte,,
CMD11017,CL0325,P041,2023-05-08,2,2007.8,en_cours,TNG,Carte,LIV1,
CMD34701,CL0572,P073,Dec 01 2023,2,2635.21,annulé,TANGER,Carte,,
CMD17755,CL0669,P076,18/02/2024,5,680.26,DONE,marrakech,Carte,LIV5,2024-02-20
CMD07462,CL0492,P098,09/04/2023,2,188.49,OK,marrakech,Carte,LIV5,
CMD17564,CL0710,P022,Jan 17 2023,1,0,livré,CASABLANCA,Carte,LIV2,2023-01-18
CMD19416,CL0225,P053,Oct 05 2023,1,1379.49,OK,tanger,Carte,LIV7,
CMD41855,CL0733,P048,Oct 06 2023,5,2539.41,livré,tanger,Carte,LIV7,2023-10-08
CMD21087,CL0209,P087,28/02/2023,4,2396.63,KO,CASABLANCA,Carte,LIV6,
CMD00334,CL0782,P066,Jul 14 2023,4,3950.54,retourné,kech,Carte,LIV10,2023-07-19
CMD46663,CL0549,P057,Oct 21 2023,4,4190.35,OK,Tnja,Carte,LIV9,
CMD13942,CL0202,P048,Oct 09 2023,4,1228.89,en_cours,RBA,Carte,LIV10,
CMD22387,CL0861,P050,Mar 01 2023,4,2316.37,livré,RBA,Carte,LIV7,2023-03-04
CMD46308,CL0308,P068,Jun 26 2023,2,4028.07,en_cours,TNG,Carte,LIV4,
CMD20929,CL0340,P059,May 20 2023,5,4290.9,livre,Agadir,Carte,LIV3,
CMD15231,CL0775,P085,Jul 11 2023,-1,167.69,OK,marrakech,Carte,LIV2,
CMD30359,CL0308,P083,28/10/2023,3,1800.88,livré,tanger,Carte,LIV10,2023-11-02
CMD41425,CL0836,P059,Jul 11 2023,1,0,annulé,casa,Carte,LIV1,
CMD16393,CL0598,P039,26/03/2023,5,3542.29,DONE,casa,Carte,LIV9,2023-03-27
CMD45283,CL0472,P020,Dec 17 2023,2,828.96,livré,tanger,Carte,,2023-12-20
CMD39703,CL0516,P050,06/04/2023,3,1122.72,KO,tanger,Carte,LIV8,
CMD19427,CL0569,P015,Jan 10 2024,2,1188.85,LIVRE,TANGER,Carte,LIV9,2024-01-11
CMD12918,CL0379,P071,2023-10-08,5,3242.71,LIVRE,marrakech,Carte,LIV8,2023-10-09
CMD34600,CL0878,P061,Jan 22 2024,1,3384.52,en_cours,TNG,Carte,LIV1,
CMD33208,CL0982,P014,17/07/2023,1,348.33,livré,RBA,Carte,LIV9,2023-07-21
CMD28087,CL0015,P038,12/06/2023,5,3772.63,livré,CASABLANCA,Carte,LIV3,2023-06-17
CMD21451,CL0417,P055,Jul 09 2023,1,3288.77,livré,kech,Carte,LIV6,2023-07-14
CMD09113,CL0912,P094,03/03/2023,2,352.45,livré,TNG,Carte,LIV3,2023-03-07
CMD01878,CL0985,P063,Aug 31 2023,-1,3183.76,LIVRE,marrakech,Carte,LIV9,2023-09-03
CMD26962,CL0900,P076,2024-02-03,3,2719.78,livre,Agadir,Carte,LIV4,
CMD35191,CL0282,P072,2023-12-10,2,4413.88,livré,tanger,Carte,LIV1,2023-12-14
CMD36042,CL0324,P094,Nov 25 2023,5,1203.78,LIVRE,casa,Carte,LIV2,2023-11-30
CMD45419,CL0098,P074,13/02/2024,3,3576.07,livré,Agadir,Carte,LIV8,2024-02-14
CMD28925,CL0791,P078,03/06/2023,2,3711.8,en_cours,tanger,Carte,LIV6,
CMD36652,CL0238,P079,Feb 19 2024,2,3250.43,livré,Tnja,Carte,LIV2,2024-02-22
CMD03199,CL0849,P051,23/12/2023,4,1100.88,KO,Tnja,Carte,LIV1,
CMD47869,CL0095,P048,18/02/2023,5,300.92,KO,marrakech,Carte,LIV6,
CMD09303,CL0158,P041,18/09/2023,2,4166.2,LIVRE,TNG,Carte,LIV8,2023-09-21
CMD27431,CL0146,P019,2023-11-11,1,1998.08,livré,CASABLANCA,Carte,LIV7,2023-11-16
CMD29721,CL0919,P087,21/12/2023,2,2655.24,livré,kech,Carte,LIV4,2023-12-22
CMD18406,CL0177,P015,2023-01-25,2,1772.97,livré,casa,Carte,LIV4,2023-01-27
CMD07667,CL0121,P070,01/04/2024,-1,4558.95,LIVRE,marrakech,Carte,LIV9,2024-04-05
CMD47402,CL0927,P087,05/10/2023,4,1152.07,livre,tanger,Carte,LIV4,
CMD46937,CL0435,P010,2023-08-23,2,2763.21,livre,TANGER,Carte,LIV10,
CMD12384,CL0861,P060,30/08/2023,1,1529.94,LIVRE,Tnja,Carte,,2023-09-04
CMD00416,CL0227,P027,2023-05-26,2,1260.62,KO,kech,Carte,,
CMD24226,CL0046,P048,2023-03-30,3,1013.62,livre,Agadir,Carte,LIV9,
CMD08307,CL0451,P055,2023-02-02,5,1066.22,livré,TANGER,Carte,LIV9,2023-02-03
CMD25796,CL0455,P028,06/09/2023,2,2859.43,livre,tanger,Carte,LIV10,
CMD33450,CL0988,P099,13/03/2023,3,1348.13,livré,tanger,Carte,LIV3,2023-03-18
CMD11302,CL0179,P099,Oct 24 2023,1,2380.43,OK,Agadir,Carte,LIV1,
CMD42592,CL0502,P042,2023-08-21,2,1412.71,livré,kech,Carte,,2023-08-23
CMD09524,CL0714,P040,Nov 24 2023,3,1484.75,LIVRE,Tnja,Carte,LIV10,2023-11-27
CMD30061,CL0271,P039,Jul 08 2023,1,1662.26,livré,marrakech,Carte,LIV9,2023-07-10
CMD16302,CL0028,P097,2023-04-03,3,4594.67,retourné,Agadir,Carte,LIV5,2023-04-05
CMD26925,CL0162,P066,Feb 15 2023,1,3643.6,DONE,CASABLANCA,Carte,LIV8,2023-02-20
CMD21443,CL0655,P032,05/11/2023,3,4659.96,DONE,Tnja,Carte,LIV8,2023-11-06
CMD43506,CL0340,P060,2023-01-14,4,3786.77,en_cours,TNG,Carte,LIV4,
CMD40102,CL0245,P090,Mar 21 2024,5,4458.95,OK,Tnja,Carte,LIV10,
CMD25652,CL0119,P088,02/01/2023,3,0,annulé,CASABLANCA,Carte,LIV2,
CMD46505,CL0870,P008,2023-08-06,3,560.18,livré,Agadir,Carte,LIV5,2023-08-11
CMD27131,CL0894,P043,11/12/2023,4,3781.73,livré,casa,Carte,LIV2,2023-12-16
CMD14063,CL0467,P047,2023-05-12,5,4016.86,LIVRE,tanger,Carte,LIV4,2023-05-17
CMD47523,CL0309,P073,Jun 28 2023,4,2559.09,annulé,kech,Carte,LIV1,
CMD41961,CL0953,P085,Jan 24 2024,2,4248.63,annulé,Tnja,Carte,LIV9,
CMD23747,CL0481,P079,20/02/2023,1,3506.56,DONE,marrakech,Carte,LIV2,2023-02-23
CMD04087,CL0107,P073,04/06/2023,3,465.72,livré,TANGER,Carte,LIV1,2023-06-07
CMD46520,CL0926,P089,Oct 15 2023,3,1975.24,OK,tanger,Carte,LIV4,
CMD21551,CL0451,P056,Mar 16 2024,5,3992.13,annulé,RBA,Carte,LIV5,
CMD42609,CL0468,P081,17/02/2024,4,2700.72,livré,tanger,Carte,LIV8,2024-02-22
CMD33507,CL0102,P081,Jun 15 2023,5,2664.58,LIVRE,RBA,Carte,LIV8,2023-06-18
CMD37522,CL0144,P046,24/10/2023,3,3402.0,KO,TANGER,Carte,LIV9,
CMD07231,CL0747,P030,16/05/2023,5,3903.96,LIVRE,TNG,Carte,LIV7,2023-05-18
CMD28955,CL0696,P065,Feb 24 2023,3,2505.18,retourné,RBA,Carte,LIV7,2023-02-27
CMD07567,CL0493,P095,15/02/2023,2,2963.69,annulé,kech,Carte,LIV9,
CMD10635,CL0543,P072,25/03/2024,1,2987.46,livré,Agadir,Carte,LIV5,2024-03-30
CMD28202,CL0088,P077,2023-06-29,2,4800.83,en_cours,kech,Carte,LIV10,
CMD37215,CL0829,P013,Jan 06 2024,3,1986.61,en_cours,RBA,Carte,LIV8,
CMD45313,CL0346,P074,2023-10-27,4,0,retourné,marrakech,Carte,LIV1,2023-10-29
CMD36757,CL0951,P061,2024-03-28,3,1883.46,annulé,TNG,Carte,LIV9,
CMD07290,CL0203,P062,Nov 09 2023,1,2344.98,livré,kech,Carte,LIV6,2023-11-10
CMD48018,CL0313,P034,2023-05-28,3,2712.8,en_cours,TNG,Carte,LIV3,
CMD47897,CL0563,P054,24/01/2023,4,1237.72,KO,RBA,Carte,LIV1,
CMD14233,CL0480,P015,19/05/2023,2,4075.43,retourné,TNG,Carte,LIV5,2023-05-23
CMD40824,CL0140,P078,31/01/2024,2,2808.1,retourné,TNG,Carte,LIV3,2024-02-04
CMD08281,CL0521,P086,28/07/2023,3,432.86,OK,TANGER,Carte,,
CMD25455,CL0764,P046,2023-09-07,1,4002.5,retourné,kech,Carte,LIV5,2023-09-10
CMD18849,CL0488,P050,2023-03-13,2,4436.46,OK,Agadir,Carte,LIV8,
CMD20014,CL0894,P064,2023-09-23,4,1238.42,annulé,Tnja,Carte,,
CMD43418,CL0698,P037,07/03/2024,3,4662.29,LIVRE,TANGER,Carte,LIV1,2024-03-09
CMD45324,CL0203,P090,2024-03-10,2,1242.49,livré,Tnja,Carte,LIV8,2024-03-12
CMD30230,CL0398,P037,2024-02-05,1,4402.19,KO,TNG,Carte,,
CMD00585,CL0516,P067,Mar 11 2024,5,2820.99,livré,casa,Carte,LIV10,2024-03-13
CMD04245,CL0123,P072,05/07/2023,1,1562.64,livré,TANGER,Carte,LIV4,2023-07-09
CMD30627,CL0807,P068,Feb 22 2023,2,0,retourné,TNG,Carte,,2023-02-24
CMD10771,CL0334,P060,Mar 31 2024,5,1284.45,KO,RBA,Carte,LIV2,
CMD43406,CL0913,P058,2023-01-14,3,2008.84,OK,casa,Carte,LIV6,
CMD24238,CL0936,P066,2023-01-27,4,3185.06,retourné,CASABLANCA,Carte,LIV3,2023-01-28
CMD24268,CL0942,P084,Feb 16 2024,3,2864.35,livre,TNG,Carte,,
CMD41503,CL0314,P060,22/05/2023,3,3653.19,livre,TNG,Carte,LIV10,
CMD44689,CL0637,P040,Jun 05 2023,2,1519.89,annulé,TNG,Carte,LIV5,
CMD15893,CL0919,P092,Jan 28 2023,2,2630.38,DONE,RBA,Carte,LIV4,2023-01-29
CMD36268,CL0823,P050,Apr 20 2024,3,3121.63,DONE,kech,Carte,LIV6,2024-04-24
CMD42556,CL0868,P084,01/12/2023,3,2196.69,retourné,kech,Carte,LIV9,2023-12-04
CMD09766,CL0216,P003,2023-03-08,3,422.76,LIVRE,TNG,Carte,LIV9,2023-03-13
CMD41803,CL0501,P075,21/02/2024,2,4145.07,livré,TNG,Carte,LIV7,2024-02-24
CMD04456,CL0737,P012,2023-07-03,1,3166.51,LIVRE,Agadir,Carte,LIV7,2023-07-06
CMD03455,CL0545,P032,2024-03-22,3,1943.51,annulé,TNG,Carte,LIV6,
CMD18124,CL0786,P028,Jun 01 2023,2,3176.15,KO,marrakech,Carte,LIV3,
CMD42160,CL0386,P097,01/09/2023,3,4922.62,KO,Tnja,Carte,LIV2,
CMD37975,CL0599,P003,11/09/2023,2,3192.82,annulé,TNG,Carte,LIV9,
CMD30572,CL0660,P099,Jun 22 2023,3,3923.89,DONE,marrakech,Carte,LIV3,2023-06-26
CMD34001,CL0235,P078,Jul 07 2023,4,1915.59,livré,Agadir,Carte,LIV1,2023-07-08
CMD41090,CL0822,P075,2024-02-15,3,2634.49,LIVRE,RBA,Carte,LIV5,2024-02-18
CMD48171,CL0202,P033,Apr 15 2024,2,745.58,livré,TANGER,Carte,LIV6,2024-04-16
CMD40614,CL0955,P091,23/07/2023,3,3712.21,livré,tanger,Carte,LIV7,2023-07-24
CMD14196,CL0294,P041,06/02/2023,4,1931.72,OK,marrakech,Carte,LIV6,
CMD15258,CL0155,P076,2023-09-20,3,4014.66,livré,CASABLANCA,Carte,LIV1,2023-09-24
CMD26562,CL0537,P082,2023-06-10,2,1668.68,livré,Agadir,Carte,LIV7,2023-06-15
CMD02738,CL0685,P042,2024-03-23,5,4992.59,KO,RBA,Carte,LIV7,
CMD29583,CL0653,P030,May 29 2023,5,623.8,livre,marrakech,Carte,LIV10,
CMD09451,CL0906,P053,14/04/2024,1,309.94,annulé,CASABLANCA,Carte,LIV4,
CMD01499,CL0343,P043,11/09/2023,5,4291.64,annulé,casa,Carte,LIV6,
CMD11031,CL0519,P012,Dec 16 2023,1,4322.27,KO,Agadir,Carte,LIV2,
CMD00819,CL0830,P033,Jan 26 2024,1,1725.38,retourné,RBA,Carte,LIV7,2024-01-30
CMD13869,CL0186,P087,19/06/2023,2,3575.22,OK,casa,Carte,LIV6,
CMD04695,CL0129,P031,2023-06-17,1,822.31,livré,TANGER,Carte,LIV7,2023-06-21
CMD35588,CL0404,P093,2023-06-15,5,4364.79,livre,tanger,Carte,LIV7,
CMD11173,CL0688,P028,Sep 06 2023,2,1484.21,KO,CASABLANCA,Carte,LIV6,
CMD11168,CL0743,P060,2023-06-09,5,0,LIVRE,TNG,Carte,LIV1,2023-06-13
CMD18735,CL0676,P082,18/02/2024,4,3627.74,livre,tanger,Carte,LIV5,
CMD05563,CL0733,P011,Nov 02 2023,5,3322.95,annulé,Agadir,Carte,LIV7,
CMD34711,CL0801,P018,01/04/2023,4,2097.79,livre,Tnja,Carte,LIV5,
CMD16706,CL0384,P097,2023-07-18,2,2421.48,KO,kech,Carte,LIV7,
CMD12080,CL0969,P030,Aug 27 2023,1,3636.17,retourné,marrakech,Carte,LIV6,2023-08-31
CMD00641,CL0495,P065,Feb 27 2024,5,1390.26,livré,kech,Carte,LIV6,2024-02-28
CMD08009,CL0391,P022,2023-03-14,5,356.98,LIVRE,marrakech,Carte,,2023-03-17
CMD45200,CL0017,P006,Jun 24 2023,5,1256.17,retourné,kech,Carte,,2023-06-27
CMD00681,CL0891,P048,2023-10-11,5,580.34,livré,TANGER,Carte,LIV2,2023-10-16
CMD28109,CL0121,P028,2023-03-01,3,3991.58,en_cours,tanger,Carte,LIV5,
CMD21162,CL0023,P021,2023-08-21,5,427.98,en_cours,Tnja,Carte,LIV5,
CMD22467,CL0724,P069,Jan 23 2023,3,3030.5,en_cours,Tnja,Carte,LIV5,
CMD17151,CL0642,P054,13/03/2024,1,3711.34,en_cours,TNG,Carte,LIV9,
CMD12513,CL0639,P003,2023-11-17,4,3042.76,DONE,RBA,Carte,,2023-11-22
CMD09837,CL0784,P062,09/09/2023,5,0,LIVRE,TANGER,Carte,LIV5,2023-09-12
CMD36151,CL0029,P052,2023-11-06,3,3790.77,livré,Agadir,Carte,LIV8,2023-11-11
CMD32689,CL0446,P039,2023-04-08,5,4092.8,livré,casa,Carte,LIV4,2023-04-10
CMD30286,CL0904,P068,2023-09-10,4,1135.4,annulé,tanger,Carte,LIV6,
CMD11967,CL0154,P089,15/03/2024,2,0,OK,TNG,Carte,LIV10,
CMD04287,CL0918,P066,2023-02-27,1,2751.67,livré,tanger,Carte,,2023-03-02
CMD02232,CL0436,P055,07/08/2023,1,4594.89,en_cours,TANGER,Carte,LIV9,
CMD35707,CL0843,P010,2024-01-30,4,83.89,livre,Tnja,Carte,LIV2,
CMD22993,CL0010,P048,08/02/2024,2,1506.44,LIVRE,Tnja,Carte,LIV9,2024-02-10
CMD48207,CL0776,P017,2024-02-03,4,1122.98,DONE,kech,Carte,LIV5,2024-02-07
CMD47716,CL0542,P003,16/07/2023,5,3930.13,livré,Tnja,Carte,LIV3,2023-07-17
CMD31970,CL0154,P005,Oct 11 2023,2,811.26,livre,Agadir,Carte,LIV5,
CMD29829,CL0269,P082,11/02/2024,4,2613.83,LIVRE,CASABLANCA,Carte,LIV8,2024-02-14
CMD41371,CL0162,P033,09/05/2024,3,1737.76,retourné,casa,Carte,LIV7,2024-05-11
CMD18809,CL0035,P067,Jan 29 2023,5,4880.49,retourné,tanger,Carte,LIV10,2023-01-30
CMD43913,CL0404,P051,27/11/2023,4,3824.04,en_cours,casa,Carte,LIV5,
CMD06319,CL0053,P047,2024-01-27,4,4451.14,DONE,casa,Carte,LIV6,2024-02-01
CMD20210,CL0493,P038,Nov 28 2023,4,2678.74,livré,CASABLANCA,Carte,LIV9,2023-11-29
CMD20631,CL0623,P017,Sep 29 2023,4,260.91,en_cours,TNG,Carte,LIV2,
CMD19142,CL0875,P003,Oct 27 2023,3,1283.13,retourné,Agadir,Carte,LIV9,2023-10-31
CMD13797,CL0643,P080,2023-09-15,1,2929.02,DONE,TANGER,Carte,LIV8,2023-09-17
CMD40822,CL0667,P033,Jul 13 2023,5,373.51,KO,TANGER,Carte,LIV4,
CMD28819,CL0073,P069,Apr 17 2024,5,4333.98,DONE,Agadir,Carte,LIV6,2024-04-18
CMD11500,CL0940,P042,2023-01-11,4,4962.29,livre,TNG,Carte,LIV10,
CMD04428,CL0784,P046,18/11/2023,5,3247.95,DONE,TNG,Carte,LIV5,2023-11-22
CMD00661,CL0235,P073,11/03/2024,2,1901.75,annulé,tanger,Carte,LIV5,
CMD39430,CL0927,P094,2023-06-23,2,0,en_cours,TANGER,Carte,LIV7,
CMD06072,CL0385,P014,Mar 05 2024,3,4395.97,DONE,CASABLANCA,Carte,LIV1,2024-03-09
CMD00637,CL0109,P081,2024-03-03,1,73.82,livre,TNG,Carte,LIV1,
CMD45572,CL0823,P002,2023-11-25,3,2010.94,en_cours,casa,Carte,LIV9,
CMD20743,CL0712,P020,02/06/2023,2,4469.24,LIVRE,Tnja,Carte,LIV4,2023-06-06
CMD20895,CL0694,P073,26/01/2023,4,4958.45,retourné,TNG,Carte,LIV1,2023-01-31
CMD19913,CL0529,P026,07/01/2023,4,1373.99,livré,CASABLANCA,Carte,LIV5,2023-01-08
CMD08362,CL0809,P089,08/05/2023,3,464.75,retourné,marrakech,Carte,LIV8,2023-05-13
CMD10814,CL0012,P017,Nov 22 2023,3,1357.04,livré,tanger,Carte,LIV3,2023-11-27
CMD47902,CL0819,P009,Jan 23 2024,2,1748.07,livré,Tnja,Carte,LIV7,2024-01-25
CMD09756,CL0809,P046,Oct 18 2023,2,3447.7,LIVRE,TANGER,Carte,LIV6,2023-10-20
CMD16425,CL0680,P055,2023-04-08,5,1776.3,OK,marrakech,Carte,LIV7,
CMD00165,CL0094,P075,Mar 10 2024,2,1689.94,retourné,TANGER,Carte,,2024-03-15
CMD45314,CL0219,P066,24/03/2023,4,1415.5,en_cours,Tnja,Carte,LIV3,
CMD47840,CL0083,P025,2024-03-03,3,989.16,en_cours,casa,Carte,,
CMD34576,CL0843,P007,02/03/2023,5,4985.22,KO,marrakech,Carte,LIV4,
CMD40240,CL0545,P073,May 09 2023,4,2431.81,livré,TNG,Carte,LIV3,2023-05-12
CMD44076,CL0482,P057,22/04/2023,1,440.06,DONE,Tnja,Carte,,2023-04-26
CMD23616,CL0923,P003,2023-02-16,2,3003.97,KO,TANGER,Carte,LIV3,
CMD29984,CL0012,P030,08/03/2024,4,220.94,livré,TNG,Carte,LIV1,2024-03-11
CMD22597,CL0393,P071,2023-06-11,3,849.51,LIVRE,RBA,Carte,LIV10,2023-06-15
CMD08841,CL0689,P060,Aug 20 2023,1,488.4,en_cours,kech,Carte,LIV5,
CMD24294,CL0491,P024,Sep 02 2023,4,2515.15,LIVRE,CASABLANCA,Carte,LIV7,2023-09-03
CMD00243,CL0701,P050,Feb 18 2023,5,1013.3,retourné,kech,Carte,LIV9,2023-02-19
CMD47053,CL0945,P050,2023-04-08,5,3640.96,livré,TANGER,Carte,LIV4,2023-04-13
CMD14401,CL0411,P009,27/05/2023,5,4443.46,LIVRE,TANGER,Carte,LIV3,2023-06-01
CMD47346,CL0497,P093,21/09/2023,5,294.04,OK,tanger,Carte,LIV5,
CMD40590,CL0198,P095,Sep 20 2023,5,4835.42,en_cours,marrakech,Carte,LIV10,
CMD06416,CL0909,P051,2023-03-12,5,1409.1,OK,casa,Carte,LIV10,
CMD30935,CL0699,P079,Apr 23 2024,5,4552.78,KO,tanger,Carte,LIV4,
CMD45753,CL0313,P082,2024-02-05,1,903.22,livré,RBA,Carte,LIV10,2024-02-09
CMD00414,CL0788,P003,2023-12-15,1,1867.82,LIVRE,marrakech,Carte,LIV5,2023-12-20
CMD33752,CL0275,P079,2024-03-16,3,2258.95,livré,marrakech,Carte,LIV5,2024-03-20
CMD02630,CL0786,P037,12/05/2023,1,4679.01,livré,CASABLANCA,Carte,LIV9,2023-05-15
CMD38648,CL0583,P076,Jan 27 2024,3,1137.91,en_cours,CASABLANCA,Carte,LIV10,
CMD44762,CL0144,P023,10/06/2023,2,3209.54,LIVRE,marrakech,Carte,LIV2,2023-06-11
CMD39139,CL0382,P062,17/08/2023,2,1905.24,annulé,kech,Carte,LIV10,
CMD00874,CL0197,P077,2024-03-16,5,4907.21,livré,casa,Carte,LIV10,2024-03-18
CMD20557,CL0336,P052,2023-10-11,4,2309.5,retourné,CASABLANCA,Carte,LIV2,2023-10-14
CMD03968,CL0983,P081,18/11/2023,1,3808.28,livré,Tnja,Carte,LIV4,2023-11-23
CMD00975,CL0799,P039,Jan 25 2023,2,1287.38,livré,casa,Carte,LIV10,2023-01-27
CMD01694,CL0761,P027,29/01/2024,5,2475.84,LIVRE,TANGER,Carte,LIV7,2024-02-03
CMD21160,CL0017,P071,Mar 13 2024,3,2942.26,annulé,casa,Carte,LIV5,
CMD37995,CL0493,P004,2023-03-21,5,132.45,KO,CASABLANCA,Carte,LIV3,
CMD41193,CL0407,P052,2023-05-09,1,1019.98,retourné,kech,Carte,LIV4,2023-05-11
CMD32625,CL0230,P026,2024-01-21,3,4229.95,KO,Tnja,Carte,LIV4,
CMD47018,CL0332,P023,06/10/2023,3,3269.31,livré,TANGER,Carte,LIV7,2023-10-10
CMD35872,CL0264,P042,2024-05-12,1,2421.11,livré,Tnja,Carte,LIV7,2024-05-14
CMD47453,CL0430,P043,Apr 11 2023,4,317.62,OK,Tnja,Carte,LIV8,
CMD36594,CL0220,P062,2023-12-02,2,2293.22,livré,Tnja,Carte,LIV9,2023-12-06
CMD38207,CL0723,P033,2023-03-05,4,1173.41,retourné,TNG,Carte,LIV3,2023-03-08
CMD22719,CL0085,P047,04/03/2023,4,488.14,retourné,kech,Carte,LIV6,2023-03-07
CMD20200,CL0449,P072,2023-08-08,2,3197.83,OK,Tnja,Carte,LIV9,
CMD25909,CL0926,P045,Jun 27 2023,4,3494.54,retourné,TNG,Carte,LIV1,2023-06-29
CMD14134,CL0987,P068,2024-04-13,1,4116.34,annulé,tanger,Carte,LIV6,
CMD21418,CL0343,P026,Aug 05 2023,5,3376.24,DONE,Tnja,Carte,LIV1,2023-08-09
CMD10194,CL0131,P044,19/01/2023,1,303.1,KO,CASABLANCA,Carte,LIV4,
CMD44589,CL0003,P085,16/05/2023,2,1197.36,livré,Tnja,Carte,LIV5,2023-05-17
CMD02039,CL0281,P082,Feb 28 2023,4,1572.49,DONE,Agadir,Carte,LIV4,2023-03-04
CMD04866,CL0003,P081,2023-11-05,3,765.03,en_cours,kech,Carte,LIV5,
CMD13136,CL0118,P002,02/01/2023,2,2826.54,livré,Agadir,Carte,LIV3,2023-01-07
CMD22687,CL0376,P034,2024-04-06,1,2274.14,DONE,Agadir,Carte,,2024-04-09
CMD45175,CL0348,P062,03/02/2024,4,2286.86,en_cours,CASABLANCA,Carte,LIV3,
CMD14439,CL0060,P026,03/10/2023,2,4562.39,KO,Agadir,Carte,LIV3,
CMD42477,CL0656,P055,2023-05-17,3,324.37,livré,tanger,Carte,LIV5,2023-05-21
CMD18623,CL0641,P054,15/10/2023,3,2467.48,livre,TNG,Carte,LIV8,
CMD34967,CL0574,P026,2024-02-20,4,2389.06,en_cours,TANGER,Carte,LIV1,
CMD22148,CL0530,P004,29/01/2023,5,3250.73,LIVRE,Tnja,Carte,LIV8,2023-01-31
CMD03514,CL0428,P088,26/04/2024,1,3219.32,livré,TNG,Carte,LIV8,2024-04-30
CMD14701,CL0866,P068,2024-04-17,5,2970.65,retourné,CASABLANCA,Carte,LIV6,2024-04-20
CMD22875,CL0098,P097,Mar 14 2023,5,313.86,en_cours,CASABLANCA,Carte,LIV5,
CMD32157,CL0053,P007,26/01/2023,4,4583.45,OK,casa,Carte,,
CMD21938,CL0351,P090,27/02/2024,3,3370.03,annulé,TNG,Carte,LIV10,
CMD21265,CL0943,P055,2023-04-10,3,605.75,livre,Agadir,Carte,LIV1,
CMD30458,CL0117,P070,Nov 14 2023,5,402.22,livre,tanger,Carte,LIV5,
CMD07958,CL0731,P029,25/01/2024,2,2732.12,livre,marrakech,Carte,LIV3,
CMD12678,CL0872,P083,Mar 09 2023,1,1777.51,en_cours,marrakech,Carte,LIV4,
CMD34449,CL0572,P037,Apr 27 2023,3,1796.53,OK,TANGER,Carte,LIV3,
CMD04091,CL0610,P055,2024-02-18,4,0,livré,casa,Carte,LIV6,2024-02-23
CMD42360,CL0648,P087,2023-01-09,4,115.38,livré,RBA,Carte,LIV4,2023-01-10
CMD12637,CL0960,P042,08/04/2023,3,3689.98,annulé,Agadir,Carte,LIV2,
CMD18799,CL0547,P066,23/04/2024,3,3144.57,LIVRE,tanger,Carte,LIV8,2024-04-27
CMD24334,CL0251,P065,Jan 30 2023,2,576.06,livré,casa,Carte,LIV6,2023-02-01
CMD25814,CL0007,P019,Mar 02 2024,3,0,OK,kech,Carte,LIV8,
CMD38063,CL0191,P056,Feb 07 2024,2,3099.75,en_cours,CASABLANCA,Carte,LIV9,
CMD39387,CL0758,P057,2023-12-20,4,494.09,livré,kech,Carte,LIV1,2023-12-24
CMD03717,CL0384,P094,13/02/2023,4,3636.23,livré,marrakech,Carte,LIV7,2023-02-18
CMD41301,CL0343,P055,2023-10-24,3,4595.02,en_cours,Tnja,Carte,LIV10,
CMD12845,CL0031,P015,Aug 18 2023,4,4773.31,DONE,Tnja,Carte,LIV10,2023-08-23
CMD33798,CL0646,P006,2023-08-20,1,987.31,en_cours,TNG,Carte,LIV9,
CMD08174,CL0644,P068,Jul 07 2023,2,1890.95,retourné,casa,Carte,LIV7,2023-07-11
CMD21376,CL0345,P025,2023-11-10,1,334.94,en_cours,RBA,Carte,LIV6,
CMD21744,CL0381,P060,Jul 05 2023,2,2055.05,livré,CASABLANCA,Carte,LIV5,2023-07-06
CMD03653,CL0020,P026,2024-05-05,5,4748.23,annulé,Tnja,Carte,LIV10,
CMD05546,CL0624,P027,13/10/2023,2,4800.65,DONE,tanger,Carte,LIV3,2023-10-15
CMD20677,CL0486,P088,2024-04-23,3,1631.79,livre,TNG,Carte,LIV10,
CMD03337,CL0890,P013,2023-01-09,3,2062.29,livre,CASABLANCA,Carte,LIV7,
CMD45277,CL0549,P065,2023-09-08,5,3387.26,livré,CASABLANCA,Carte,LIV10,2023-09-13
CMD37105,CL0318,P033,2023-09-04,4,494.05,LIVRE,tanger,Carte,LIV4,2023-09-09
CMD11047,CL0843,P091,Jun 30 2023,3,2174.09,en_cours,kech,Carte,,
CMD45972,CL0458,P079,Dec 20 2023,-1,138.94,livre,marrakech,Carte,LIV3,
CMD45507,CL0439,P002,Mar 22 2023,4,2757.56,KO,tanger,Carte,LIV7,
CMD14708,CL0993,P052,May 03 2024,4,989.58,DONE,RBA,Carte,LIV10,2024-05-04
CMD02058,CL0004,P049,Sep 08 2023,4,362.11,LIVRE,TNG,Carte,LIV1,2023-09-13
CMD10148,CL0840,P033,2023-05-17,2,3882.05,OK,tanger,Carte,LIV6,
CMD07451,CL0943,P016,May 06 2024,2,337.04,livre,marrakech,Carte,LIV6,
CMD22413,CL0498,P032,Jun 23 2023,2,159.52,retourné,marrakech,Carte,LIV1,2023-06-26
CMD41026,CL0321,P099,27/10/2023,1,1167.5,DONE,Tnja,Carte,LIV7,2023-10-29
CMD47024,CL0656,P071,10/01/2023,4,4207.29,en_cours,CASABLANCA,Carte,LIV1,
CMD28966,CL0630,P074,Apr 27 2023,1,2692.16,livré,casa,Carte,LIV2,2023-05-01
CMD30194,CL0259,P084,2024-01-04,2,4412.24,en_cours,TNG,Carte,LIV3,
CMD12414,CL0961,P095,13/08/2023,4,1693.84,KO,marrakech,Carte,LIV2,
CMD08943,CL0184,P013,2023-11-17,3,3544.76,en_cours,kech,Carte,LIV8,
CMD23375,CL0058,P061,Jan 29 2023,1,3061.57,LIVRE,tanger,Carte,LIV7,2023-02-01
CMD03857,CL0378,P066,16/07/2023,1,2984.38,livré,casa,Carte,LIV9,2023-07-17
CMD39423,CL0215,P096,Feb 08 2024,2,2124.3,en_cours,RBA,Carte,LIV1,
CMD39385,CL0026,P083,2023-01-26,4,2566.02,DONE,RBA,Carte,LIV6,2023-01-29
CMD24737,CL0984,P058,Apr 05 2024,4,1794.59,livre,Tnja,Carte,LIV1,
CMD31250,CL0207,P099,04/04/2024,1,4452.29,livré,Tnja,Carte,LIV6,2024-04-07
CMD12512,CL0443,P099,07/04/2023,4,1943.77,KO,kech,Carte,LIV7,
CMD10493,CL0593,P063,Jan 24 2024,1,1013.12,livré,kech,Carte,LIV2,2024-01-27
CMD48099,CL0145,P053,23/05/2023,2,3462.64,LIVRE,CASABLANCA,Carte,LIV9,2023-05-26
CMD38082,CL0010,P068,2023-05-03,1,1381.63,DONE,TNG,Carte,LIV4,2023-05-08
CMD27879,CL0683,P049,07/03/2024,3,3516.18,annulé,Tnja,Carte,LIV8,
CMD15968,CL0284,P097,Nov 11 2023,3,75.29,OK,casa,Carte,LIV3,
CMD43033,CL0624,P014,26/07/2023,4,1248.15,annulé,tanger,Carte,LIV4,
CMD33637,CL0891,P054,13/05/2024,2,516.21,LIVRE,casa,Carte,LIV9,2024-05-18
CMD47859,CL0487,P030,Dec 15 2023,1,1725.0,en_cours,Tnja,Carte,LIV2,
CMD27651,CL0325,P062,2023-07-02,1,3961.55,LIVRE,marrakech,Carte,LIV3,2023-07-05
CMD07272,CL0389,P055,2023-12-12,1,128.3,OK,TANGER,Carte,LIV4,
CMD32112,CL0633,P025,03/08/2023,4,1709.58,KO,Agadir,Carte,LIV6,
CMD33612,CL0583,P046,10/03/2024,2,128.87,LIVRE,Tnja,Carte,LIV8,2024-03-13
CMD45503,CL0764,P037,19/03/2024,4,4357.33,OK,marrakech,Carte,LIV6,
CMD10186,CL0471,P076,Nov 01 2023,1,3331.28,livre,kech,Carte,LIV1,
CMD48104,CL0139,P008,Mar 03 2023,3,2405.98,en_cours,CASABLANCA,Carte,LIV1,
CMD43739,CL0154,P096,2023-04-28,4,2627.51,KO,CASABLANCA,Carte,LIV4,
CMD34418,CL0317,P085,2024-03-27,1,4678.67,livré,CASABLANCA,Carte,LIV10,2024-04-01
CMD28611,CL0904,P041,2023-07-29,-1,3255.48,DONE,casa,Carte,LIV9,2023-08-02
CMD45542,CL0490,P061,02/02/2023,5,947.66,LIVRE,TANGER,Carte,LIV3,2023-02-05
CMD13659,CL0801,P018,2023-04-02,2,4289.93,retourné,kech,Carte,LIV2,2023-04-04
CMD33160,CL0260,P085,25/05/2023,4,457.1,en_cours,Agadir,Carte,LIV9,
CMD20035,CL0875,P097,Mar 16 2023,2,419.3,livré,Tnja,Carte,LIV5,2023-03-20
CMD33411,CL0448,P033,02/05/2024,2,4964.44,DONE,TNG,Carte,LIV7,2024-05-04
CMD19660,CL0434,P029,Apr 10 2023,1,4509.66,livré,TANGER,Carte,LIV3,2023-04-12
CMD41995,CL0987,P030,Jun 30 2023,4,832.85,en_cours,Agadir,Carte,LIV5,
CMD41587,CL0428,P004,Apr 07 2023,1,4120.4,retourné,marrakech,Carte,LIV6,2023-04-09
CMD18770,CL0582,P082,21/12/2023,3,488.82,livré,Agadir,Carte,LIV10,2023-12-24
CMD20053,CL0416,P056,29/10/2023,2,83.89,livre,kech,Carte,LIV5,
CMD14261,CL0708,P089,Feb 28 2024,5,3950.0,OK,Agadir,Carte,LIV9,
CMD16103,CL0744,P011,16/08/2023,2,3635.69,en_cours,kech,Carte,LIV5,
CMD18345,CL0941,P039,May 21 2023,4,4867.55,livré,Tnja,Carte,LIV10,2023-05-22
CMD38942,CL0146,P005,17/02/2023,2,224.27,OK,tanger,Carte,LIV7,
CMD27615,CL0704,P037,2023-09-23,3,3884.2,DONE,kech,Carte,,2023-09-28
CMD44772,CL0920,P092,Apr 07 2023,1,1861.29,en_cours,Tnja,Carte,LIV9,
CMD45722,CL0813,P071,2023-04-16,3,1832.17,en_cours,kech,Carte,,
CMD16411,CL0723,P043,2024-04-24,4,1265.36,retourné,TNG,Carte,LIV10,2024-04-28
CMD30969,CL0226,P049,2023-09-20,4,1211.01,livré,Agadir,Carte,LIV8,2023-09-24
CMD14873,CL0725,P020,13/05/2024,2,1898.55,annulé,CASABLANCA,Carte,LIV10,
CMD28857,CL0413,P068,2023-07-14,1,4540.73,KO,Agadir,Carte,LIV6,
CMD28888,CL0715,P042,Apr 16 2023,4,170.01,livré,TNG,Carte,LIV4,2023-04-18
CMD12352,CL0566,P063,18/05/2023,4,4311.36,retourné,kech,Carte,LIV9,2023-05-19
CMD26396,CL0337,P016,2024-04-04,4,1098.08,livré,tanger,Carte,LIV2,2024-04-06
CMD09275,CL0076,P005,22/01/2023,3,4755.85,annulé,tanger,Carte,,
CMD32280,CL0515,P061,Jan 28 2023,4,2377.01,OK,marrakech,Carte,LIV5,
CMD14864,CL0935,P045,Feb 03 2023,4,3563.1,KO,tanger,Carte,LIV10,
CMD24748,CL0286,P007,21/01/2024,5,666.09,livré,RBA,Carte,LIV7,2024-01-24
CMD06328,CL0992,P047,2023-05-01,3,3384.06,annulé,Tnja,Carte,LIV4,
CMD47952,CL0885,P075,2024-04-25,2,696.4,livré,kech,Carte,LIV1,2024-04-28
CMD27844,CL0939,P010,2023-09-25,5,2405.38,annulé,kech,Carte,LIV1,
CMD35804,CL0095,P092,2023-11-29,2,4702.97,livre,kech,Carte,LIV4,
CMD07286,CL0098,P005,2024-04-23,1,2929.05,DONE,TNG,Carte,LIV2,2024-04-28
CMD16111,CL0788,P037,2024-02-03,1,3924.46,livré,tanger,Carte,LIV5,2024-02-05
CMD16384,CL0934,P083,Jan 13 2023,5,3512.18,retourné,Tnja,Carte,LIV8,2023-01-17
CMD32099,CL0852,P026,Jul 04 2023,3,245.2,en_cours,casa,Carte,LIV6,
CMD41227,CL0242,P023,19/01/2023,3,1745.76,OK,casa,Carte,LIV7,
CMD00872,CL0355,P043,2023-04-19,3,4061.01,LIVRE,casa,Carte,LIV5,2023-04-22
CMD15315,CL0544,P057,Mar 13 2024,3,3791.03,OK,RBA,Carte,LIV4,
